8 buffers
57374 10511
92620 15463
61884 11076
29593 1885
73804 10955
83178 9901
95526 14972
60974 3184
12 downlinks
0 125 833 272
1 958 1666 234
2 1791 2499 252
3 2624 3332 242
4 3457 4165 247
5 4290 4998 323
6 5123 5831 281
7 5956 6664 310
8 6789 7497 324
9 7622 8330 304
10 8455 9163 257
11 9288 9996 278
72 events for 0
41 51
54 0
93 51
132 51
176 51
277 0
298 51
455 0
531 51
744 0
1057 51
1335 0
1757 51
2068 0
2098 51
2350 0
2602 51
2747 51
2935 0
3065 51
3355 51
3575 0
4139 51
4199 51
4430 51
4667 0
4751 51
4823 51
5121 0
5453 51
5471 51
5479 0
5571 51
5654 0
5925 51
5926 51
6182 0
6286 51
6314 0
6328 51
6343 0
6608 51
6693 0
6972 51
6993 51
7047 51
7072 51
7100 0
7110 51
7180 51
7183 51
7317 0
7391 51
7581 0
7644 51
7724 0
8008 51
8022 0
8102 51
8336 0
8516 51
8750 0
8885 51
8913 0
9033 51
9295 0
9300 51
9419 0
9496 51
9585 51
9766 0
10000 51
20 events for 1
31 69
53 61
611 61
954 0
1104 69
2004 0
2705 61
4120 69
4323 0
4380 61
4507 69
5094 0
5255 61
5955 0
6195 69
6314 0
6653 81
6943 0
7168 69
8221 0
15 events for 2
69 41
402 0
1672 41
2422 0
2590 41
4534 0
4806 41
5136 0
5556 41
6473 41
7147 0
8058 41
8241 0
9153 41
9569 0
17 events for 3
132 33
168 0
241 33
1810 33
1821 0
2483 15
3376 0
3490 33
4101 0
4977 33
4987 0
4993 15
5742 33
6810 0
8078 15
8112 0
9721 33
82 events for 4
37 53
160 53
234 0
295 53
297 0
340 53
371 53
625 53
644 53
792 0
875 53
1052 0
1226 53
1573 0
1757 53
1776 0
2112 53
2172 0
2210 53
2525 53
2590 53
2716 53
2766 0
2792 53
3025 0
3124 53
3185 0
3311 53
3389 0
3714 53
3812 0
3817 53
3950 0
4004 53
4091 0
4156 53
4227 0
4401 53
4543 53
4600 0
4607 53
4900 0
4906 53
5057 0
5215 53
5457 0
5624 53
5631 0
5645 53
5675 0
5892 53
5955 53
5967 0
5984 53
6029 0
6054 53
6366 53
6523 0
6556 53
6675 53
6902 0
7323 53
7525 0
7553 53
7713 0
7754 53
7792 0
8084 53
8184 0
8419 53
8580 0
8596 53
8705 53
8815 0
8867 53
9046 0
9048 53
9050 0
9309 53
9322 53
9355 0
9581 53
62 events for 5
285 34
547 34
875 0
913 56
942 34
1344 0
1396 34
1841 56
1893 0
1902 34
2089 0
2298 34
2317 0
2337 34
2343 0
2436 34
2481 0
2551 56
2872 0
3139 56
3285 34
3444 0
3482 34
3690 0
3692 56
3710 34
3789 56
3969 0
4007 56
4652 34
4915 0
5407 56
5422 34
5464 0
5749 56
5837 34
5940 0
5957 34
6315 0
6737 56
6901 0
7000 34
7264 0
7466 34
7670 0
7703 34
7744 34
7921 0
8169 56
8242 34
8581 0
8587 56
8591 0
8663 56
8712 0
9214 34
9462 0
9526 56
9621 0
9682 56
9853 34
9984 0
81 events for 6
308 75
424 0
633 81
771 0
1017 79
1045 0
1058 75
1322 0
1339 75
1363 0
1609 75
1803 87
1966 0
2021 85
2112 0
2177 79
2211 0
2258 83
2326 0
2531 83
2747 0
2867 81
2892 79
2988 0
3255 86
3285 0
3298 83
3338 79
3442 0
3655 75
3661 0
3746 79
4061 85
4169 80
4175 0
4503 75
4561 0
4691 83
4826 85
4893 0
5009 75
5166 80
5319 0
5385 75
5518 0
5590 75
5710 0
5941 75
5996 0
6024 81
6049 0
6059 75
6126 0
6584 75
6630 0
6640 80
6823 83
7082 0
7294 80
7335 0
7497 87
7536 0
7570 85
7621 0
7845 85
8224 0
8307 75
8327 0
8330 87
8346 0
8585 81
8644 0
8715 85
8967 0
9070 83
9075 0
9171 87
9251 0
9521 80
9544 0
9686 83
26 events for 7
77 93
178 0
1930 92
2220 0
2426 93
2459 93
2600 0
3233 42
3389 42
3534 0
3638 92
3643 0
3943 92
4850 0
5726 92
5764 42
6024 93
6160 0
6604 92
7543 0
8370 93
8529 93
8646 0
9271 93
9412 0
9697 93
