16 buffers
311790 44699
121566 7662
401211 24725
138804 815
322189 37925
160495 799
171012 24700
213697 3833
276229 7822
116951 8115
212798 34807
256319 6928
451855 49338
63931 9650
121021 11150
309597 60735
4 downlinks
0 375 2500 737
1 2875 5000 515
2 5375 7500 588
3 7875 10000 658
59 events for 0
367 97
517 94
782 0
822 88
858 0
917 94
1003 0
1183 89
1708 89
1743 94
1950 0
2125 88
2278 0
2616 94
2644 87
2710 87
2738 0
2827 88
2974 0
2985 97
3176 88
3224 0
3239 89
3268 87
3660 0
3720 97
3733 97
3791 97
3873 0
4084 88
4433 0
4533 94
4686 0
5285 89
5332 89
5405 0
5661 87
6140 0
6295 94
6428 97
6525 0
7029 88
7087 0
7295 97
7485 0
7556 88
7558 0
7713 97
8137 97
8207 89
8603 94
8635 0
8885 97
9046 0
9072 94
9153 0
9283 87
9648 0
9852 97
47 events for 1
163 40
1297 0
1559 55
1617 0
1852 55
1889 0
2214 40
2444 0
2452 33
2471 0
2837 58
2847 0
2905 33
2930 0
3365 46
3496 54
3545 0
3587 40
3684 40
3761 55
3886 0
4112 54
4311 0
4484 46
4650 0
4668 46
4926 58
5100 0
5786 46
5807 0
5908 45
6004 0
6307 46
6342 0
6425 55
6554 54
6674 0
8086 58
8449 0
8685 31
8692 0
8773 45
8873 0
9128 54
9352 45
9625 54
9794 0
89 events for 2
172 84
204 0
223 84
386 0
431 84
515 0
587 84
622 0
697 84
802 0
901 84
924 84
956 0
1019 84
1043 0
1211 84
1402 84
1440 0
1625 84
1712 0
1847 84
1937 0
1962 84
2325 84
2470 0
2660 84
2703 0
2738 84
2747 0
2923 84
2940 0
3141 84
3238 0
3286 84
3303 84
3462 84
3597 0
3616 84
3645 0
3688 84
3839 0
3873 84
3960 84
3992 0
4014 84
4047 84
4246 0
4268 84
4298 84
4714 0
4950 84
5122 0
5197 84
5462 84
5694 0
5741 84
5819 0
5921 84
5953 0
6199 84
6330 0
6360 84
6470 84
6738 84
7011 0
7021 84
7127 0
7187 84
7197 84
7464 0
7500 84
7581 84
7729 0
7992 84
8177 0
8216 84
8770 84
8787 0
8935 84
8980 84
9123 84
9260 84
9263 0
9360 84
9591 84
9685 0
9715 84
9769 0
9948 84
88 events for 3
118 45
139 0
182 42
292 0
761 42
886 0
895 42
911 0
1062 45
1070 0
1112 22
1146 22
1265 45
1363 0
1386 22
1525 0
1603 42
1698 0
1788 45
1841 0
1932 22
2053 0
2084 22
2111 0
2239 42
2691 0
2848 45
2924 0
3005 45
3018 0
3064 42
3097 0
3446 22
3603 45
4090 45
4109 22
4263 0
4303 45
4358 45
4452 0
4578 45
4619 0
4731 42
4988 42
5042 0
5058 45
5119 0
5179 22
5253 45
5371 45
5429 0
5444 42
5488 0
5859 22
5932 0
6062 42
6381 0
6408 45
6443 45
6554 42
6651 0
6927 45
7016 0
7017 45
7079 22
7219 0
7319 22
7550 0
7628 22
7920 0
8102 45
8272 0
8367 45
8468 0
8545 45
8620 22
8738 0
8758 45
8774 0
8789 22
8894 0
8966 45
9042 0
9459 42
9560 22
9776 42
9898 45
9914 45
46 events for 4
588 82
711 82
763 0
1212 82
1486 0
1570 82
1740 0
1764 82
1846 0
2059 82
2312 0
2796 82
2930 0
2992 82
3593 82
3699 82
4538 0
4650 82
4900 82
5022 0
5168 82
5325 0
5487 82
5549 0
6147 82
6153 0
6269 82
6650 82
6762 82
6848 82
6859 0
6910 82
7022 0
7077 82
7112 0
7283 82
7289 82
7538 0
7761 82
7858 82
7945 0
8581 82
8862 82
8946 0
9065 82
9398 0
96 events for 5
28 53
113 0
454 53
661 53
781 53
800 53
861 53
931 53
1022 0
1139 53
1187 0
1214 53
1217 0
1237 53
1285 0
1307 53
1331 0
1510 53
1570 0
1604 53
1615 53
1741 0
2021 53
2042 0
2125 53
2182 0
2456 53
2697 0
2738 53
2759 0
2775 53
2790 0
3108 53
3422 0
3483 53
3795 0
3853 53
3859 0
4229 53
4354 0
4631 53
4680 0
4871 53
4952 0
5071 53
5150 0
5187 53
5191 0
5253 53
5418 0
5482 53
5616 0
5652 53
5725 0
5840 53
5914 53
6012 53
6066 0
6099 53
6331 0
6494 53
6501 0
6672 53
6676 0
6745 53
6769 0
6796 53
6871 0
6900 53
6963 0
7086 53
7270 0
7407 53
7591 0
7677 53
7689 0
7887 53
7964 0
8109 53
8155 0
8232 53
8282 0
8303 53
8438 0
8527 53
8667 0
8722 53
8809 53
8867 0
9100 53
9409 0
9444 53
9678 0
9709 53
9834 53
9924 53
71 events for 6
89 87
105 0
532 45
801 0
859 40
1086 0
1432 75
1627 0
1717 77
1725 0
1753 86
1971 0
1981 77
2178 0
2407 45
2705 0
2786 55
2893 0
2922 87
3324 0
3406 65
3493 0
3516 45
3676 0
3702 86
3767 0
4036 40
4231 0
4793 77
4871 0
5347 87
5394 0
5703 40
5796 0
5997 86
6035 77
6076 0
6311 55
6334 0
6390 45
6452 0
6542 75
6609 0
6642 77
6885 0
7151 87
7293 0
7324 55
7329 65
7505 77
7509 0
7901 87
8071 45
8229 0
8436 55
8445 0
8507 40
8510 86
8771 0
9074 40
9155 40
9300 0
9390 75
9527 0
9665 45
9681 55
9706 0
9798 87
9819 0
9854 40
9969 0
22 events for 7
479 59
1179 0
1244 62
1322 0
2286 62
2631 0
2697 59
2820 62
3200 0
3321 56
3869 0
4084 68
4414 0
4856 49
5505 0
5858 62
6170 0
6331 62
6369 0
6768 52
7769 0
8851 45
52 events for 8
321 53
703 54
927 0
929 53
1491 0
1843 56
2408 0
2417 53
2460 53
2503 53
2580 0
2708 53
3262 0
3301 54
3468 56
3842 0
3961 56
4010 0
4340 53
5004 56
5012 0
5051 53
5326 0
5357 54
5794 54
5837 0
5856 54
5901 0
6014 53
6240 0
6260 56
6268 0
6459 56
6516 0
6690 56
6749 0
6777 54
7019 0
7085 54
7308 0
7897 56
7902 53
8054 0
8107 54
8172 0
8282 54
8622 54
9280 54
9290 0
9340 53
9342 0
9532 54
97 events for 9
18 35
78 0
96 35
217 0
313 35
512 35
621 0
672 32
995 35
1315 35
1333 0
1558 35
1677 35
1722 0
2189 32
2226 0
2244 35
2323 0
2345 35
2425 35
2515 0
2577 32
2662 35
2835 35
2951 35
3087 35
3104 0
3131 35
3225 35
3286 0
3375 35
3446 0
3483 32
3586 0
3664 35
3687 0
3836 35
3880 0
3998 32
4156 0
4202 35
4564 32
4585 0
4812 32
4819 32
4884 0
4972 32
5008 0
5012 35
5211 0
5488 32
5594 0
5636 35
5655 0
5755 35
6053 35
6084 0
6184 35
6311 35
6392 35
6395 32
6400 0
6497 35
6498 0
6671 32
6698 0
6704 35
6895 0
7010 35
7068 32
7125 0
7311 35
7555 0
7587 35
7676 0
7784 35
7802 0
7914 32
7982 0
7996 32
8031 35
8290 0
8443 32
8475 0
8625 32
8800 0
8806 32
8810 0
9086 32
9289 35
9323 0
9487 35
9554 32
9657 35
9676 32
9755 0
9949 35
64 events for 10
386 88
417 55
537 0
579 85
691 0
940 88
1105 0
1462 85
1519 0
1576 55
1649 0
2003 56
2112 0
2490 61
2620 0
2676 55
2836 0
2995 61
3240 0
3346 55
3374 0
3590 87
3644 0
3692 87
3868 0
4306 61
4480 0
4594 55
4723 85
4728 0
4751 53
4793 92
5304 0
5439 92
5449 0
5769 55
5870 0
6233 61
6265 0
6709 56
6758 87
6933 0
7062 61
7285 85
7340 0
7873 55
7976 0
8137 85
8203 55
8293 0
8381 55
8453 61
8493 88
8521 0
8532 61
9046 0
9063 56
9066 55
9161 0
9279 56
9442 0
9656 53
9703 0
9925 53
13 events for 11
1944 88
2164 0
2239 90
2504 0
3429 85
3456 88
3890 0
5714 88
5998 0
7308 88
9249 0
9814 88
9834 83
34 events for 12
376 86
555 0
654 87
728 0
903 69
1085 0
1265 87
1403 0
1797 69
1890 0
1917 69
2049 69
2101 87
2296 0
2680 86
2914 0
3000 87
3177 86
3590 0
3637 86
4467 69
5048 0
5405 87
5755 87
6259 0
6370 86
6950 86
7214 87
8124 86
8317 69
9117 86
9875 86
9889 87
9949 69
62 events for 13
57 16
390 18
996 0
1241 18
1308 0
1385 15
1448 0
1550 15
1645 18
1666 0
1734 16
2178 0
2244 21
2321 0
2674 21
2787 0
2797 18
2889 0
3123 18
3227 0
3376 18
3415 0
3588 16
3667 0
3946 21
3980 0
4203 16
4214 18
4339 18
4498 0
4594 16
4604 0
4711 15
4778 0
5223 16
5296 21
5545 0
5777 15
5817 0
5895 15
5909 0
6344 16
6481 0
6533 18
6538 0
6930 21
6951 0
7227 16
7321 15
7342 0
7353 21
7440 0
7717 21
7889 16
8090 0
8277 21
8573 0
8922 16
8992 0
9077 21
9090 0
9397 16
43 events for 14
200 43
262 40
273 0
467 43
594 0
728 47
812 0
1449 41
1716 0
2319 40
2441 0
2576 40
2689 0
3597 38
4195 0
4509 41
4589 0
4844 38
4881 41
5008 43
5395 43
6102 0
6157 43
6265 0
6380 43
6708 0
6834 41
6896 0
7670 40
7954 0
7973 43
8008 0
8148 40
8321 0
8409 47
8495 43
8504 40
8545 0
8780 43
8804 38
8922 0
9296 43
9740 0
59 events for 15
91 78
222 0
225 72
398 0
555 73
559 0
562 79
588 0
774 79
1382 0
1533 79
1803 73
1975 0
2509 79
2661 0
2692 79
3315 0
3478 73
4147 0
4202 73
4297 0
4625 72
4741 0
5000 73
5218 0
5971 72
6026 0
6054 73
6147 0
6154 79
6344 72
6387 78
6397 0
6454 79
6604 0
7006 72
7087 72
7238 0
7299 73
7304 72
7384 73
7507 0
7686 79
7734 0
8279 79
8289 0
8361 73
8689 0
8711 73
8780 72
8889 0
8962 79
8967 78
9025 0
9174 78
9365 73
9513 0
9566 72
9904 0
