8 buffers
233692 20799
262547 47707
168308 23046
328252 30287
137437 9678
236199 23125
195993 35638
74355 1104
4 downlinks
0 375 2500 254
1 2875 5000 261
2 5375 7500 288
3 7875 10000 272
69 events for 0
21 62
66 0
86 62
177 0
194 56
216 0
598 56
632 56
662 0
673 56
770 0
960 55
979 0
1252 50
1760 0
1863 55
1873 56
2010 62
2093 0
2563 62
2676 0
2841 50
3063 0
3228 50
3432 0
3638 62
3661 55
3715 0
3724 56
3781 0
4147 55
4162 0
4467 56
4579 56
5340 0
5499 62
5580 0
5618 55
5733 0
5741 56
5770 56
6315 0
6341 56
6394 0
6502 56
6511 56
6636 0
6694 50
6925 50
7126 0
7306 55
7455 0
7505 62
7648 0
7711 62
7766 0
7795 56
8086 0
8360 62
8512 55
8840 0
8944 62
9009 0
9172 55
9384 0
9429 56
9566 0
9960 62
9990 0
67 events for 1
175 76
390 77
605 0
636 76
742 0
818 77
891 0
1058 76
1116 0
1169 77
1441 0
1457 77
1536 76
1841 0
1954 75
1963 75
2239 0
2317 77
2421 0
2919 76
3273 77
3506 0
3663 76
3792 77
3873 0
4012 75
4042 77
4285 0
4296 77
4320 0
4538 76
4781 0
4791 77
4811 0
5255 76
5347 0
5350 75
5685 0
5694 75
5728 0
5766 76
5805 75
5812 0
5830 76
6043 0
6145 76
6244 0
6322 76
7068 0
7117 75
7141 0
7697 76
7932 0
7953 76
8003 0
8429 76
8678 0
8876 76
8912 0
8976 77
9154 77
9200 0
9246 76
9392 76
9536 75
9602 0
9865 75
10 events for 2
1180 47
2521 0
2654 47
2942 0
3274 48
4984 0
6440 47
7506 49
7720 0
9335 46
55 events for 3
118 86
236 87
377 0
510 87
991 0
1022 85
1237 0
1432 86
1508 0
1806 87
1942 0
2494 85
2516 0
2756 86
2947 0
3064 87
3130 0
3299 85
3423 87
3620 0
3794 85
4831 85
4874 0
5081 85
5140 0
5157 85
5283 0
5290 85
5389 0
5565 85
5810 0
6068 85
6168 87
6427 86
6532 0
6660 86
6715 0
7540 85
7654 85
7685 0
8448 85
8488 85
8531 0
8539 87
8896 86
9191 0
9238 87
9247 0
9316 87
9370 0
9400 85
9406 85
9589 0
9867 85
9946 85
52 events for 4
206 31
581 0
584 23
734 23
766 0
1026 23
1111 19
1379 0
1447 31
1697 0
1740 24
2380 0
2742 31
2765 0
2803 24
3046 0
3167 25
3367 0
3452 36
3791 0
3953 19
4021 0
4122 36
4826 0
4978 19
4988 0
5072 33
5173 0
5770 25
5880 0
6132 36
6192 0
6822 31
7089 0
7194 36
7502 0
7639 23
8139 0
8143 25
8470 19
8810 0
8864 36
8964 0
8991 36
9008 31
9134 36
9157 0
9396 23
9486 0
9574 31
9629 36
9678 0
95 events for 5
57 65
109 0
126 57
163 0
503 57
527 65
563 0
653 57
871 57
936 0
1099 65
1169 0
1193 65
1279 65
1441 0
1480 65
1535 0
1569 65
1582 0
1665 57
1736 0
2201 65
2359 0
2374 57
2475 57
2876 65
2894 0
3173 57
3181 0
3309 57
3442 57
3567 0
3703 57
3721 0
3736 57
3786 65
4068 65
4201 65
4256 0
4338 57
4620 0
4704 65
5016 0
5049 57
5158 65
5202 0
5233 57
5309 65
5317 57
5442 0
5691 65
5735 0
5789 65
5859 0
6149 57
6152 0
6334 65
6416 0
6539 57
6666 57
6747 0
6880 57
7131 65
7354 0
7481 57
7548 0
7876 65
7950 0
8017 65
8018 0
8098 57
8197 0
8398 65
8403 0
8409 65
8412 0
8534 65
8566 0
8576 57
8815 0
8860 57
8867 57
8891 65
9035 65
9154 0
9384 65
9399 0
9484 65
9511 65
9528 0
9541 57
9607 65
9687 0
9818 57
9959 0
86 events for 6
34 40
92 0
381 42
601 34
841 0
1027 40
1089 0
1268 36
1345 36
1569 0
1676 36
1880 0
1926 35
2140 0
2226 34
2246 0
2337 34
2354 34
2362 36
2506 0
2564 34
2591 42
2634 35
2932 0
3261 42
3555 40
3658 0
3990 35
4016 0
4027 40
4097 36
4332 0
4423 34
4499 0
4500 36
4680 0
4712 36
4981 36
5153 0
5307 40
5442 0
5503 42
5569 0
5670 42
5684 42
5784 35
5806 0
5824 36
5893 36
5900 0
5910 42
5915 0
5984 35
6056 0
6297 35
6421 42
6516 0
6640 35
6673 42
6947 0
7029 35
7096 0
7267 40
7352 0
7434 36
7464 0
7637 36
7974 0
8003 40
8018 0
8293 36
8295 0
8400 36
8497 0
8549 42
8840 36
8907 0
9002 42
9122 0
9236 35
9272 40
9274 36
9320 0
9388 34
9443 0
9598 34
54 events for 7
105 16
218 0
287 20
695 0
790 20
859 19
937 0
1240 21
1296 0
1344 39
1346 20
1519 0
2110 39
2242 0
2979 20
3156 0
3357 39
3400 0
3498 28
3741 0
3978 19
3984 20
4258 16
4309 39
4560 0
4565 24
4596 0
4872 28
4977 0
5159 39
5285 0
5662 19
5795 0
5891 21
6684 0
6824 24
6832 0
7088 19
7157 0
7691 19
8111 0
8138 19
8427 0
8601 19
8644 19
8737 0
8806 16
8902 21
8931 0
9124 21
9303 0
9461 24
9818 28
9876 0
