4 buffers
172917 29785
289069 11075
314953 60535
239208 13352
4 downlinks
0 375 2500 169
1 2875 5000 201
2 5375 7500 199
3 7875 10000 181
56 events for 0
54 55
127 0
211 61
276 60
476 0
1026 48
1305 0
1399 48
1678 0
1810 61
1994 0
2221 55
2586 55
2732 0
2785 57
2918 0
2957 57
3083 0
3113 60
3279 0
3384 52
3594 0
3922 60
3989 0
4040 61
4402 0
4553 61
4706 0
4896 52
5368 0
5433 61
5577 0
6050 55
6131 0
6723 61
6800 0
7444 48
7461 0
7571 55
7836 55
8121 55
8509 60
8526 0
8703 48
8780 0
8784 52
9031 0
9291 52
9417 0
9765 55
9830 0
9846 61
9882 0
9896 57
9911 0
9917 55
93 events for 1
9 73
288 0
369 48
407 50
484 62
535 0
624 39
843 39
941 0
1374 62
1506 50
1521 62
1786 48
1844 0
2154 52
2244 52
2246 0
2445 73
2584 0
2739 73
3167 0
3254 73
3342 0
3553 52
3612 0
3665 48
3690 0
3765 48
3767 0
3802 62
3964 0
4107 73
4132 0
4158 62
4253 39
4355 0
4449 62
4562 73
4646 62
4964 62
5136 0
5201 50
5311 39
5489 0
5504 52
5630 0
5691 50
5714 52
5749 39
5917 0
5954 48
6116 52
6144 0
6300 48
6413 0
6439 50
6678 50
6704 52
6832 0
6992 50
7042 0
7309 62
7317 0
7322 73
7535 50
7579 0
7617 73
7752 62
7756 62
8094 0
8127 39
8138 0
8178 39
8254 48
8262 52
8288 0
8429 73
8583 0
8638 52
8782 0
8857 39
9093 62
9341 0
9354 39
9442 0
9516 73
9693 0
9711 52
9781 0
9808 62
9880 0
9977 52
9994 0
79 events for 2
175 46
444 46
447 0
463 73
465 0
492 45
554 0
677 45
695 0
745 45
1095 0
1130 46
1284 0
1408 46
1691 73
1725 0
2166 46
2391 73
2461 0
2625 45
2692 0
2737 45
2799 73
2850 0
2970 46
3366 73
3895 0
3908 73
4032 0
4224 46
4271 73
4340 0
4434 73
4508 0
4613 73
4665 45
4732 73
4741 73
4783 45
4923 0
5265 73
5537 0
5564 45
5575 73
5857 73
5936 73
6047 0
6335 46
6554 0
6581 73
6584 0
6813 73
7000 46
7333 73
7427 73
7598 0
7606 45
7641 0
7710 46
7849 0
7939 45
7975 0
8063 46
8166 0
8348 45
8420 73
8506 0
8748 46
8750 0
8987 46
9392 45
9535 0
9618 73
9713 45
9720 0
9853 73
9899 0
9907 45
9951 0
32 events for 3
166 89
611 0
1170 79
1419 0
1942 78
2251 0
2810 89
2872 88
3220 0
3394 79
3575 0
3729 82
4480 0
4616 78
4810 0
5040 88
5077 0
5367 82
6117 79
6479 0
6907 89
7309 0
7557 88
8004 0
9127 79
9184 0
9303 89
9669 0
9717 89
9808 0
9873 89
9933 0
