4 buffers
69449 4910
111170 19999
81342 10055
74989 9074
12 downlinks
0 125 833 165
1 958 1666 183
2 1791 2499 177
3 2624 3332 156
4 3457 4165 150
5 4290 4998 199
6 5123 5831 156
7 5956 6664 183
8 6789 7497 188
9 7622 8330 184
10 8455 9163 192
11 9288 9996 161
57 events for 0
138 55
148 0
385 69
387 0
530 55
609 0
967 76
1256 0
1602 69
1708 0
1884 55
1899 69
2228 0
2567 69
2928 0
3064 76
3219 0
3232 55
3283 0
3461 69
3538 0
3631 55
3869 69
4079 55
4200 0
4251 76
4286 0
4386 69
4415 76
4637 0
4787 69
4939 0
5206 55
5367 0
5601 76
5823 0
6417 69
6512 0
7062 76
7174 69
7223 0
7426 69
7553 0
7750 69
8115 0
8640 55
8647 0
8722 76
8772 0
8773 76
8801 0
8912 55
9099 76
9236 55
9499 0
9510 55
9949 0
95 events for 1
49 87
254 88
305 0
623 84
649 0
660 84
1128 88
1270 0
1336 88
1388 87
1432 0
1449 87
1526 0
1555 87
1567 0
1639 84
1691 0
1781 88
1876 88
1982 87
2020 84
2044 0
2164 86
2272 0
2536 87
2557 0
2575 88
2581 88
2805 0
2931 88
2989 0
3049 88
3286 0
3311 84
3607 0
3696 84
3723 88
3775 0
3809 87
3905 0
3992 87
4099 0
4112 88
4163 0
4239 86
4328 0
4480 87
4483 84
4806 0
4862 87
4891 0
4897 87
4992 0
5028 84
5220 0
5252 87
5306 0
5428 87
5538 0
5555 87
5641 0
5693 88
5835 84
5867 87
5946 84
5973 0
6127 87
6136 84
6184 88
6212 0
6666 84
6672 0
7016 87
7247 0
7560 87
7871 0
7958 87
8105 87
8164 87
8309 0
8358 84
8399 0
8402 87
8611 0
8676 88
8729 88
8838 0
9154 84
9307 84
9312 0
9335 84
9582 0
9600 87
9631 0
9827 88
94 events for 2
218 56
289 0
370 56
435 0
492 56
543 56
573 0
847 56
978 0
996 56
1001 56
1212 0
1393 56
1429 0
1936 56
1994 56
2208 56
2428 56
2449 0
2458 56
2504 0
2809 56
2982 0
3040 56
3097 0
3237 56
3284 0
3307 56
3309 0
3345 56
3466 0
3802 56
3814 0
3827 56
3928 0
3994 56
4023 0
4051 56
4295 0
4310 56
4361 56
4578 0
4596 56
4728 0
4834 56
4841 0
4860 56
5500 0
5566 56
5614 0
5752 56
6229 0
6293 56
6300 56
6318 56
6378 56
6396 56
6497 0
6502 56
6739 56
6756 0
6920 56
6945 0
7072 56
7077 0
7087 56
7150 0
7176 56
7230 56
7249 0
7515 56
7538 0
7581 56
7691 0
8097 56
8210 0
8537 56
8554 0
8576 56
8800 56
8819 0
8950 56
8953 0
8979 56
9008 56
9087 0
9108 56
9164 0
9499 56
9635 56
9728 0
9837 56
9935 0
9942 56
73 events for 3
111 28
244 72
361 0
413 66
439 0
465 28
508 0
606 53
689 57
737 0
755 28
822 0
866 72
1245 53
1598 0
1767 57
1797 0
1962 72
2032 50
2045 53
2335 28
2638 57
2639 0
2652 66
2727 28
2791 0
2949 28
2956 0
3206 50
3460 0
3533 28
3625 0
3725 28
3842 0
3868 72
3891 53
4067 0
4188 66
4292 0
4898 72
5029 28
5185 0
5255 66
5450 0
5538 72
5762 53
5835 0
5876 66
6244 0
6330 57
6389 66
6437 0
6508 66
7078 57
7167 0
7431 50
7461 0
7776 66
7830 0
7928 50
7943 0
8099 53
8150 0
8700 50
8713 0
8719 66
8953 0
9286 28
9611 53
9689 0
9777 66
9851 0
9916 57
