8 buffers
68384 12563
116451 12388
102659 17799
71296 9892
90312 8303
94515 14427
63909 9555
155569 23563
8 downlinks
0 188 1250 299
1 1438 2500 229
2 2688 3750 316
3 3938 5000 271
4 5188 6250 248
5 6438 7500 295
6 7688 8750 291
7 8938 10000 267
62 events for 0
34 48
361 0
526 41
585 41
1207 0
1281 48
1296 0
1303 48
1328 0
1643 48
2015 0
2158 30
2236 0
2265 48
2331 0
2450 41
2684 0
2942 30
2997 0
3293 50
3634 41
3699 0
4024 48
4234 0
4283 30
4298 48
4383 0
4663 30
4705 0
4738 30
4949 0
5002 50
5003 0
5361 50
5616 0
5624 48
5807 0
6032 30
6243 0
6298 41
6578 0
6873 41
6903 30
6927 0
7205 41
7413 0
7438 41
7503 0
7617 50
7808 0
8033 30
8103 0
8189 50
8344 0
8746 48
8800 41
8964 0
9092 48
9205 0
9547 30
9794 30
9828 50
22 events for 1
721 75
1476 0
2185 75
3144 80
3222 0
3326 75
3490 0
3876 69
4136 0
4677 80
5015 0
6006 70
6638 0
7417 69
7684 69
8016 80
9084 70
9240 80
9481 0
9579 69
9809 0
9852 69
23 events for 2
675 27
1496 0
1739 72
2509 0
2633 72
3418 0
3611 27
5156 0
6184 47
6887 0
6963 72
7075 0
7266 27
7518 62
7771 0
7813 62
7882 0
8237 72
8432 0
8522 27
9132 0
9636 27
9883 27
47 events for 3
341 39
378 0
527 35
673 37
1182 0
1443 37
1622 35
2507 36
2538 0
2632 35
2901 0
2911 39
3043 36
3410 39
3512 0
3580 35
3756 0
3859 36
4027 0
4432 35
5131 35
5452 0
5495 35
5778 0
5997 35
6111 0
6292 35
6502 0
6563 37
6870 35
7194 0
7472 37
7496 0
7584 37
7605 0
7656 36
7963 0
8096 35
8155 0
8484 36
8494 0
8675 36
8870 39
8967 36
9809 0
9849 39
9888 39
74 events for 4
126 54
262 0
774 56
1210 0
1404 63
1431 0
1471 29
1689 0
1710 29
1739 56
1787 63
1899 43
2033 0
2223 54
2236 0
2359 54
2552 0
2569 63
2758 0
2794 43
3039 0
3080 56
3226 0
3320 43
3355 0
3367 63
3484 56
3488 0
3552 54
3810 0
3820 54
4052 0
4076 43
4154 0
4459 56
4498 43
4681 54
4704 0
4807 29
4922 63
5002 0
5213 54
5415 0
5417 29
5588 0
5822 56
5943 0
6012 54
6043 0
6125 56
6285 54
6410 56
6734 63
6772 0
6885 63
7098 0
7180 54
7211 0
7754 63
7848 0
7890 54
8246 0
8306 63
8517 43
8591 0
8653 56
8769 29
9033 0
9142 56
9274 0
9422 63
9461 0
9497 63
9934 0
48 events for 5
494 48
582 0
690 27
954 0
1406 49
1701 76
1937 0
2112 27
2168 0
2584 49
2740 0
2935 55
3171 0
3368 49
3400 0
3759 27
3792 49
4496 0
4499 55
4974 0
5188 55
5575 55
5820 0
5982 49
6119 0
6178 48
6190 0
6258 55
6265 0
6315 51
6508 27
6633 51
6636 0
6712 55
6792 0
7054 55
7223 0
7927 55
7992 0
8112 27
8305 0
8403 27
8505 76
8692 0
9053 55
9103 0
9143 27
9306 76
17 events for 6
53 48
918 0
1527 39
1536 0
2474 29
3847 0
3870 39
4201 0
4967 37
6234 25
6317 32
7233 0
7398 25
7534 0
8582 29
9171 0
9217 18
91 events for 7
147 58
179 0
373 61
551 0
663 58
800 0
909 61
1028 0
1137 58
1228 0
1315 58
1447 0
1492 58
1638 61
1793 0
1909 58
1961 58
2132 58
2267 0
2318 58
2427 58
2533 0
2606 58
2607 0
3375 58
3511 0
3552 58
3654 0
3787 61
3814 0
3823 58
4309 0
4315 58
4391 58
4443 0
4490 58
4745 0
4881 58
5128 0
5214 58
5313 0
5360 58
5574 0
5586 58
5810 0
5935 58
6071 58
6181 0
6325 58
6382 0
6543 58
6615 0
6681 58
6776 58
6885 61
6901 58
7071 0
7080 58
7085 58
7099 0
7165 58
7206 58
7261 0
7301 61
7362 0
7377 58
7384 0
7446 61
7575 0
7736 61
7856 58
7926 58
8148 0
8154 61
8236 61
8432 0
8494 58
8566 0
8713 61
8749 58
8857 58
8884 0
8983 61
9338 58
9475 61
9626 0
9647 61
9735 61
9762 0
9805 61
9982 0
