8 buffers
85441 5400
47756 9474
71876 398
95354 8501
104690 6854
28290 3567
26285 2747
49760 5357
16 downlinks
0 94 625 293
1 719 1250 314
2 1344 1875 369
3 1969 2500 374
4 2594 3125 268
5 3219 3750 305
6 3844 4375 268
7 4469 5000 364
8 5094 5625 272
9 5719 6250 317
10 6344 6875 357
11 6969 7500 330
12 7594 8125 279
13 8219 8750 284
14 8844 9375 319
15 9469 10000 277
54 events for 0
116 85
150 0
279 82
462 0
764 90
1040 0
1170 90
1195 0
1503 94
2156 0
2441 90
2626 0
2669 85
2881 0
3535 85
3543 0
3567 82
3613 0
3729 90
3948 0
4063 90
4230 90
4451 85
4507 90
4561 0
4573 94
4740 90
5175 0
5268 85
5582 85
5981 0
6113 79
6125 0
6525 94
7256 0
7314 90
7516 0
7634 90
7710 0
7821 90
8001 0
8082 90
8479 0
8814 79
8848 0
8878 90
9108 0
9184 85
9208 0
9453 85
9506 82
9690 90
9727 0
9870 90
14 events for 1
5 39
782 40
1141 0
1215 38
2372 38
3018 0
3390 39
3416 0
5151 38
7484 0
8555 38
9007 0
9010 39
9321 38
60 events for 2
135 67
327 67
369 0
678 67
1061 0
1116 67
1539 67
1695 0
1915 67
2618 0
2720 67
2926 67
3008 0
3142 67
3223 0
3454 67
3635 0
3648 67
3680 67
3681 0
3734 67
4163 0
4318 67
4380 67
4612 0
4676 67
4735 0
4870 67
4994 0
5918 67
6005 0
6232 67
6763 0
6784 67
6791 0
6798 67
7170 67
7419 67
7455 0
7469 67
7478 0
7582 67
7806 0
7881 67
8152 0
8442 67
8486 0
8526 67
8822 67
8941 0
9197 67
9209 67
9276 67
9320 67
9331 0
9392 67
9492 67
9780 0
9788 67
9975 0
62 events for 3
10 73
48 0
61 81
380 0
416 96
483 0
697 73
803 96
890 0
1011 73
1012 96
1372 96
1467 0
1561 73
1614 0
1730 81
1998 73
2010 0
2029 96
2266 0
2526 96
2860 0
3007 96
3040 0
3134 81
3205 0
3279 81
3332 81
3780 73
3943 0
4046 96
4191 81
4262 0
4334 81
4466 0
4644 73
4965 0
5206 73
5418 0
5836 81
5961 81
5978 0
6196 81
6231 0
6705 81
6920 0
6959 96
7079 0
7460 73
7509 96
7696 0
8218 73
8369 0
8574 96
8670 96
9118 0
9189 96
9250 96
9413 0
9477 81
9619 0
9723 96
94 events for 4
118 93
189 0
357 93
397 0
440 91
479 0
518 99
541 0
544 72
722 0
728 51
771 0
784 72
874 0
888 66
996 0
1138 51
1172 0
1180 72
1271 0
1396 93
1538 50
1714 0
1796 91
1920 0
1992 81
2710 91
2977 0
3032 72
3239 66
3362 87
3367 0
3368 74
3455 0
3816 99
3948 87
4281 0
4345 74
4383 0
4529 51
4551 0
4558 66
4668 0
4727 51
4805 50
4809 0
4852 72
4899 0
5367 66
5414 0
5422 81
5672 0
5866 51
5973 0
6062 91
6381 50
6611 0
6841 74
6863 0
6993 50
7237 0
7323 50
7424 0
7450 91
7501 0
7575 51
7654 0
7659 51
7677 0
7741 91
7859 0
7997 72
8092 0
8226 87
8609 0
8768 66
8837 0
8910 72
8927 0
9034 51
9037 0
9252 72
9327 0
9420 81
9515 0
9553 93
9578 0
9582 50
9631 0
9741 99
9781 0
9838 87
9889 0
9958 91
32 events for 5
283 34
671 0
738 28
1321 28
1649 28
1789 25
1948 34
2367 0
2431 25
2518 0
2556 25
2757 0
3167 28
3447 0
4286 25
4351 0
4396 28
4689 0
4825 25
5063 34
5696 0
6306 25
6881 28
6916 28
6998 0
7245 28
7496 0
7498 34
8091 0
8118 25
8877 25
9132 0
15 events for 6
112 17
317 0
1046 20
1486 0
2561 18
3808 0
4711 22
4966 0
6362 17
6511 22
7481 19
8534 22
8784 0
8907 20
9912 0
63 events for 7
511 40
534 0
763 60
837 42
868 40
871 39
896 0
956 51
1028 0
1070 56
1174 0
1401 51
1452 0
1455 41
1929 0
2058 39
2074 0
2113 42
2269 0
2314 41
2433 0
2465 40
2776 0
2913 39
3373 51
3839 0
4206 51
4299 0
4408 54
4574 54
4631 0
4657 41
4680 0
4800 39
5128 0
5358 39
5453 0
5715 42
5831 0
5933 51
6249 42
6286 0
6312 42
6353 0
6552 41
6596 0
6608 56
6639 0
6920 42
7249 56
7406 0
7481 60
7490 0
7800 39
7851 51
7858 0
8181 39
8270 0
8485 54
9033 39
9184 56
9292 0
9767 40
