4 buffers
72921 14350
65558 6540
63102 4395
61821 3262
16 downlinks
0 94 625 199
1 719 1250 220
2 1344 1875 201
3 1969 2500 197
4 2594 3125 181
5 3219 3750 155
6 3844 4375 214
7 4469 5000 164
8 5094 5625 183
9 5719 6250 161
10 6344 6875 149
11 6969 7500 184
12 7594 8125 157
13 8219 8750 150
14 8844 9375 184
15 9469 10000 155
32 events for 0
478 50
494 0
672 41
1058 0
1207 46
1950 0
2044 45
2045 0
2065 47
2213 0
2453 43
2558 0
3597 45
3762 0
3838 50
4271 0
4344 45
4589 0
4790 45
5799 0
6100 45
6213 0
6331 43
6373 50
6682 0
6750 50
7129 0
7357 50
7429 41
7777 50
8861 0
8889 47
83 events for 1
3 63
474 0
503 63
637 63
1047 0
1141 63
1233 63
1395 63
1465 63
2009 0
2325 63
2373 63
2377 0
2442 63
2462 0
2545 63
2743 0
2786 63
2864 0
2926 63
2942 0
3085 63
3470 0
3488 63
3497 0
3516 63
3553 0
3602 63
3783 63
4076 63
4133 0
4143 63
4221 0
4264 63
4282 63
4323 0
4473 63
4796 0
4854 63
4958 0
4986 63
5248 0
5401 63
5436 0
5451 63
5489 0
5595 63
5654 0
5887 63
6210 0
6264 63
6438 63
6466 0
6522 63
6556 0
6679 63
6766 0
6842 63
7054 0
7583 63
7935 63
8141 0
8207 63
8245 63
8263 0
8267 63
8532 63
8596 0
8654 63
8908 0
8982 63
9017 0
9094 63
9256 0
9305 63
9353 63
9384 63
9487 0
9517 63
9528 0
9711 63
9720 63
9907 0
70 events for 2
138 67
160 0
399 67
459 79
661 70
941 0
1019 71
1160 61
1418 84
1449 0
1627 84
1779 61
1920 0
2052 71
2389 0
2760 79
2774 0
2786 70
2847 71
3000 61
3128 0
3211 71
3412 0
3464 67
3510 0
4065 79
4110 70
4550 0
4551 67
4665 61
4811 0
4955 71
4974 0
5036 70
5077 0
5191 61
5204 0
5316 84
5413 0
5585 70
5606 0
5833 84
5836 0
5931 71
6347 0
6368 84
6675 67
7347 0
7570 61
7902 0
7950 79
8023 0
8184 79
8198 0
8254 79
8508 61
8794 0
8855 79
8964 0
8970 84
9433 79
9436 0
9448 70
9587 70
9699 0
9727 71
9729 67
9937 0
9938 84
9954 0
56 events for 3
113 56
269 0
323 56
703 0
1236 68
1374 0
1539 68
1631 0
1775 68
1787 0
1804 60
2404 0
3284 60
3506 56
3557 0
3678 68
3912 0
4296 56
4320 0
4353 77
4386 0
4436 67
4711 60
4766 0
5014 68
5134 0
5222 77
5392 0
5605 68
6251 0
6289 77
6313 0
6346 67
6374 60
6692 0
6873 56
6969 0
7019 60
7419 0
7604 77
7644 0
7861 68
7902 0
8025 77
8073 0
8308 67
8422 0
8515 56
8655 0
8681 67
8795 0
8801 67
9624 56
9758 56
9807 0
9972 60
