8 buffers
93169 6951
75169 6186
46806 681
43919 8269
33391 1087
17962 2974
27673 4925
93134 5461
16 downlinks
0 94 625 223
1 719 1250 254
2 1344 1875 234
3 1969 2500 226
4 2594 3125 320
5 3219 3750 254
6 3844 4375 318
7 4469 5000 262
8 5094 5625 295
9 5719 6250 232
10 6344 6875 284
11 6969 7500 265
12 7594 8125 244
13 8219 8750 246
14 8844 9375 268
15 9469 10000 293
82 events for 0
258 66
307 0
508 59
717 59
865 66
1033 59
1055 66
1266 0
1329 66
1355 0
1485 59
1821 0
1845 59
1859 59
1883 0
1897 59
1992 59
2128 0
2147 66
2275 59
2305 0
2358 66
2500 0
2564 59
2601 0
2630 66
2767 0
3074 66
3217 59
3219 66
3514 59
3679 0
3726 59
3737 0
3956 59
3967 59
4224 0
4260 59
4405 0
4524 66
4561 0
4583 66
4753 0
5017 66
5266 0
5359 59
5470 0
5698 59
6246 0
6331 59
6631 0
6993 59
7109 0
7209 66
7212 0
7238 66
7348 0
7354 59
7379 0
7711 66
7783 0
8030 59
8535 0
8634 59
8696 59
8719 59
8862 66
8896 59
9138 66
9169 0
9175 59
9287 59
9382 0
9441 59
9686 66
9707 0
9708 59
9802 66
9877 0
9883 59
9918 0
9919 66
57 events for 1
29 82
38 76
216 82
506 76
536 76
554 81
651 0
828 81
997 81
1059 76
1170 0
1292 76
1386 0
1446 82
1571 0
1791 81
1966 0
2113 82
2401 81
2859 0
2871 82
3488 0
3736 82
4228 0
4328 81
4462 76
4474 0
4726 81
4840 82
4985 0
5287 82
5436 82
5673 76
5793 0
6749 81
6828 0
6841 82
7214 0
7298 82
7567 0
7606 82
7772 0
7781 82
7849 0
7988 76
8197 0
8550 76
8661 76
8706 0
8746 82
8870 0
8897 82
8902 76
9071 82
9160 82
9497 76
9595 0
18 events for 2
238 62
551 0
689 62
801 62
834 62
974 0
1160 62
1242 62
1758 0
2675 62
3661 62
3666 0
3823 62
4106 62
4849 0
5146 62
5364 0
7755 62
67 events for 3
138 54
153 0
203 46
323 0
1019 46
1031 0
1111 46
1246 0
1567 54
1676 0
1923 46
1927 54
2225 0
2306 46
2340 46
2460 0
2514 46
2620 0
2818 46
2837 44
4058 0
4304 44
4324 0
4679 46
4702 0
4729 46
4761 46
4778 0
4800 44
4883 0
4904 46
5016 0
5119 46
5221 0
5255 44
5268 0
5371 44
5431 0
5439 46
5451 46
5670 44
5827 46
5895 0
5940 46
5941 0
6254 54
6300 46
6529 0
6738 54
6800 0
6988 46
7131 0
7339 44
7457 44
7744 0
7859 46
7921 0
8118 54
8340 0
8505 54
8603 0
8738 46
8822 0
8851 46
9051 0
9448 46
9484 0
45 events for 4
374 23
509 39
547 0
647 23
697 39
853 0
928 39
1179 0
1337 39
1671 39
1940 0
2098 23
2101 23
2390 39
2423 0
2527 23
2708 0
2811 39
2899 23
2916 0
3104 39
3624 0
3702 23
3785 39
4170 0
4211 23
5032 23
5129 0
5186 39
5541 0
5692 23
5932 0
6559 39
6655 0
7074 23
7225 0
7620 23
7735 39
8004 23
8790 39
8826 39
9063 0
9604 39
9714 0
9978 23
10 events for 5
560 13
1136 0
1314 15
1956 18
2704 0
3426 22
6506 13
6933 0
9277 18
9908 22
18 events for 6
1926 39
2013 0
2212 38
2223 0
2491 40
2735 0
2850 40
2963 40
4123 38
4969 38
5725 0
5816 38
6025 0
6135 38
6294 40
6445 0
9214 39
9513 0
15 events for 7
786 58
974 0
1677 78
2571 0
3072 44
3204 0
3276 69
3535 0
3622 44
4276 44
7880 54
8029 63
8874 0
9101 54
9660 0
