16 buffers
121727 1766
122881 23834
63345 1606
196446 15134
113416 21062
135432 9450
244124 4703
155128 21814
126469 19320
58773 2032
106814 17984
184535 6375
123409 14466
108352 773
82694 1721
30970 6132
8 downlinks
0 188 1250 662
1 1438 2500 694
2 2688 3750 619
3 3938 5000 593
4 5188 6250 613
5 6438 7500 725
6 7688 8750 539
7 8938 10000 751
50 events for 0
705 56
1001 56
1188 34
1331 0
1337 43
1359 60
1497 43
2364 49
2603 0
3173 34
3397 30
3670 0
3717 43
3882 0
3964 60
3996 0
4156 58
4182 34
4294 56
4302 0
4407 43
4664 60
4780 0
4799 60
4880 0
4950 49
5016 0
5103 34
5634 56
5907 0
6192 56
6476 0
6551 47
6734 0
6993 47
7305 0
7382 43
7407 0
7429 58
7459 0
7554 34
7912 0
8437 47
8490 0
9002 49
9188 60
9198 0
9352 43
9711 0
9760 47
56 events for 1
128 46
392 0
394 50
960 0
1528 55
1719 0
1826 50
1914 46
1991 0
2328 46
2451 55
2683 0
2902 46
3166 0
3237 55
3761 46
3878 0
3907 46
4073 0
4106 55
4131 55
4327 46
4498 0
4596 46
5306 0
5331 50
5344 50
5356 0
5579 50
5653 0
5664 46
5874 50
5905 50
5948 0
6067 50
6076 0
6121 55
6241 50
6309 0
6352 55
6388 0
6538 46
6857 0
6980 50
7303 0
7412 55
7665 0
8094 50
8181 0
8344 46
8561 55
8816 46
9157 0
9162 55
9563 0
9736 55
52 events for 2
272 31
518 31
547 0
564 31
686 47
687 31
754 0
1183 31
1505 31
1817 47
2084 0
2192 23
2458 0
2733 31
2971 0
3043 47
3045 31
3075 23
3125 0
3464 47
3611 0
3751 47
3896 0
3937 31
4259 0
4378 31
4573 23
4574 23
4657 0
5169 47
5258 0
5339 47
5517 0
5789 47
5810 47
6003 0
6296 31
6453 0
6715 31
7392 0
7634 31
7843 0
8066 23
8083 0
8424 31
8550 0
8618 47
8872 0
9235 47
9305 31
9331 0
9770 31
36 events for 3
672 79
1134 63
2158 0
2383 83
3159 0
3296 79
3414 0
3423 55
3482 0
3662 79
3938 0
4042 83
4166 0
4244 79
4789 58
5015 0
5055 49
5282 0
5487 63
5628 79
6183 0
6648 73
7002 0
7030 63
7069 79
7356 0
7738 49
7833 0
8211 58
8463 79
8618 55
8641 0
8781 73
9265 0
9361 49
9400 0
36 events for 4
15 58
482 54
576 54
694 0
796 58
1073 68
1500 0
2577 54
3245 0
3440 58
3509 58
3695 0
4045 54
4276 0
4956 58
5219 0
5264 58
5307 0
5338 46
5432 68
6047 0
6455 58
6487 0
6495 58
7076 0
7582 54
7859 0
8178 46
8317 0
8516 52
8812 90
8908 0
8911 68
8975 0
9217 52
9460 0
73 events for 5
500 92
520 0
566 92
625 0
919 73
970 0
1091 92
1203 0
1658 78
1935 0
2054 73
2087 0
2284 78
2298 0
2307 73
2316 0
2476 92
2529 0
2639 78
2905 0
3236 92
3550 0
3575 70
3623 78
3705 78
3875 0
4081 73
4130 78
4190 73
5027 0
5321 70
5324 0
5530 78
5592 92
5742 0
5886 70
5931 73
6119 78
6142 92
6300 0
6463 73
6721 0
6771 73
6819 0
7045 78
7054 0
7064 73
7149 78
7171 92
7392 0
7394 92
7868 0
7973 70
8240 0
8410 73
8620 0
8879 73
8919 0
9157 92
9167 0
9227 73
9384 0
9436 70
9456 0
9576 70
9578 0
9604 73
9634 0
9718 73
9746 78
9752 0
9859 78
9981 92
50 events for 6
455 75
459 76
697 0
712 87
795 0
982 76
1154 0
1641 80
1867 87
1877 0
2289 80
2306 0
2660 87
3086 87
3668 0
3708 76
4760 75
4929 0
4955 87
5140 0
5196 87
5232 76
5383 80
5820 0
5841 80
5869 0
5989 87
6352 0
6481 87
6535 0
6673 75
6867 0
7008 80
7490 0
7541 87
7594 80
7689 80
7759 0
7810 76
7956 0
8096 80
8193 0
8896 76
9022 75
9288 76
9366 0
9376 80
9592 0
9655 87
9906 0
67 events for 7
78 88
262 83
653 0
1387 88
1514 0
1824 94
1883 0
1939 83
2039 0
2071 88
2635 92
2872 88
2904 0
2915 83
2921 0
3057 88
3099 0
3380 88
3468 0
3713 99
3787 0
3914 92
3979 0
4005 88
4070 0
4195 88
4391 99
4467 0
4565 83
4621 0
4681 94
4903 83
5152 83
5162 94
5252 0
5336 88
5545 0
6083 99
6168 0
6178 92
6343 0
6499 99
6680 0
6990 94
7222 92
7232 99
7367 99
7461 88
7553 88
7684 0
7689 92
7905 0
7955 88
7976 83
8080 0
8102 92
8618 99
8998 99
9093 0
9223 88
9233 0
9431 83
9550 0
9555 83
9625 88
9685 0
9886 94
47 events for 8
173 47
291 0
292 63
500 0
671 43
673 47
1597 0
2207 67
3065 0
3158 47
3263 0
3422 63
3975 0
3979 47
4033 0
4297 47
4470 43
4472 0
4652 21
4807 0
4965 21
5084 0
5098 21
5119 21
5683 0
5705 21
5895 0
5920 63
6084 0
6364 21
6411 67
6427 0
6800 43
7164 0
7166 47
7247 0
7343 47
7375 0
7427 63
7646 67
7944 0
7953 67
8350 0
8846 67
8875 67
9532 0
9704 63
71 events for 9
19 28
26 51
381 51
382 0
468 28
660 0
763 38
917 0
1504 42
1608 34
1633 28
2044 51
2074 34
2085 0
2136 42
2291 0
2305 51
2440 0
2456 35
2566 38
2578 0
2866 42
2907 0
3232 35
3518 0
3576 43
3866 0
4016 51
4159 0
4203 35
4205 28
4393 0
4861 28
4964 0
5844 46
5966 0
6120 42
6278 0
6399 46
6459 35
6558 0
6792 51
6909 0
7208 34
7352 42
7484 0
7488 42
7591 0
7593 46
7632 0
7748 35
7856 0
8071 42
8182 0
8234 38
8416 0
8479 38
8555 0
8622 38
8747 0
8916 46
9077 0
9092 42
9116 0
9172 51
9410 28
9421 0
9438 38
9469 0
9631 51
9723 35
59 events for 10
57 53
82 0
212 53
397 0
515 61
718 0
813 68
872 53
908 40
942 95
976 98
1001 0
1881 53
1907 98
1986 42
1994 0
1997 68
2606 0
2971 98
3229 95
3457 0
3458 61
3670 0
3955 95
3962 0
4104 95
4106 0
4414 53
4572 68
5032 0
5322 40
5595 0
5691 40
5963 0
6137 61
6403 0
6626 40
6747 95
7103 0
7184 68
7194 0
7680 61
7748 0
7793 40
7961 95
8383 0
8392 53
8678 0
8689 95
8710 98
8775 0
8843 61
9096 0
9142 61
9359 0
9374 42
9533 0
9561 95
9855 0
14 events for 11
306 94
815 94
1446 94
2609 0
3646 91
4157 0
4623 91
4831 94
5485 0
5610 94
6454 0
6821 91
7562 0
8705 94
14 events for 12
496 53
512 0
1688 54
1953 0
2698 53
3068 53
3750 53
5359 0
6189 53
8211 53
8773 0
8910 53
9171 0
9739 53
67 events for 13
6 68
72 28
140 68
235 0
285 68
434 15
506 15
869 28
941 0
1052 92
1469 28
1635 0
1719 92
1822 0
1957 92
2034 15
2261 28
2872 0
2960 68
3019 0
3828 68
3837 28
3974 0
4313 68
4627 0
4688 92
4695 0
5241 68
5319 28
5754 0
5853 15
6164 28
6370 0
6499 15
6572 0
6576 15
6597 68
6619 0
6707 92
6729 0
6738 68
6763 68
6929 68
6950 0
7065 15
7249 0
7320 15
7472 0
7745 92
7751 15
7948 0
8109 68
8303 0
8328 15
8780 0
8992 15
9255 0
9260 28
9277 0
9372 92
9395 28
9422 0
9478 68
9529 0
9647 28
9745 0
9955 28
16 events for 14
534 27
1464 0
2677 27
3194 27
3588 27
3819 0
3972 27
4473 35
5490 0
5507 27
6084 0
7834 27
8152 0
8655 35
9720 0
9836 27
38 events for 15
106 19
130 0
239 21
252 0
493 17
551 21
745 21
877 19
1007 0
1176 21
1475 0
1489 21
1951 19
2015 19
2647 0
2935 21
2950 0
3068 17
3111 0
3219 21
3894 0
4436 21
5104 0
5112 19
5346 0
5774 17
5782 21
5885 0
7370 17
7837 0
8050 17
8322 0
8458 17
8474 19
8595 17
9291 0
9553 19
9928 0
