16 buffers
88251 2723
42908 3257
48102 4097
63873 4212
35747 377
85183 14862
107036 1703
52036 5448
45653 4726
78802 14929
30833 906
50883 6226
45553 3047
176410 33523
44271 7605
144456 6139
12 downlinks
0 125 833 631
1 958 1666 604
2 1791 2499 534
3 2624 3332 626
4 3457 4165 515
5 4290 4998 643
6 5123 5831 553
7 5956 6664 470
8 6789 7497 581
9 7622 8330 537
10 8455 9163 473
11 9288 9996 546
41 events for 0
107 64
518 0
843 38
977 0
978 43
1627 36
2073 0
2107 65
2126 0
2533 65
3323 0
3613 38
4137 0
4330 28
4465 0
4525 36
4855 40
4897 0
5011 36
5021 0
5097 40
5113 43
5373 65
5747 0
5980 65
6756 0
6973 28
7202 0
7364 66
7591 0
7963 40
8502 66
8716 0
9258 28
9295 40
9554 0
9609 28
9702 0
9813 43
9911 0
9946 66
26 events for 1
290 36
1051 36
2133 0
2588 36
3055 36
3173 0
3945 36
4139 0
5093 36
5335 36
5502 36
6383 0
7121 36
7355 0
7428 36
8130 0
8484 36
8498 36
8508 0
8701 36
9244 0
9299 36
9300 0
9366 36
9371 36
9916 36
34 events for 2
389 50
487 0
787 43
1095 45
1129 0
1376 45
1944 0
2523 62
2605 0
2629 39
3211 39
3418 50
3646 0
4560 48
4873 50
4977 0
5101 43
5165 50
5257 50
5713 0
6082 39
6131 0
6391 62
6635 0
6863 45
6864 0
7298 39
7716 0
7962 62
7970 0
7986 39
8070 39
9587 0
9780 50
24 events for 3
51 68
119 39
389 56
1112 0
1617 69
3170 0
3757 39
5263 0
5472 68
5511 0
5585 60
5704 0
5773 22
6561 0
6562 68
6720 0
6780 39
7034 0
7442 69
7792 0
8658 73
8782 0
9627 73
9686 34
69 events for 4
16 18
32 20
509 0
556 20
637 0
864 18
1183 0
1473 18
1792 0
1804 20
1866 0
1871 20
2061 0
2137 20
2231 20
2288 18
2399 0
2532 18
2670 0
2815 18
2887 0
2969 18
2984 18
3003 0
3055 18
3351 18
3806 0
3873 18
3908 0
4029 18
4094 0
4302 20
4358 20
4366 20
4599 0
4966 20
5049 0
5143 20
5175 18
5224 0
5512 18
5525 0
5553 18
5598 0
5884 18
5965 20
6167 18
6209 0
6365 18
6628 0
6715 18
7034 18
7075 0
7080 18
7530 18
7946 0
8071 18
8630 0
8686 18
8694 20
9020 20
9198 0
9220 18
9332 0
9587 20
9588 20
9753 0
9902 18
9938 18
47 events for 5
175 61
313 56
371 0
427 61
453 61
674 0
906 58
1315 0
1364 56
1766 56
1783 57
1838 0
2925 61
2951 61
3253 0
3987 57
4093 0
4111 56
4154 0
4210 54
4296 59
4597 58
4866 0
5106 57
5532 55
5869 0
6314 58
6788 0
6866 56
7427 0
7581 54
7614 0
7813 54
7988 0
8102 56
8327 61
8329 0
8434 58
8758 0
8807 58
9125 55
9376 0
9385 54
9653 0
9726 61
9856 0
9882 54
63 events for 6
39 68
496 55
648 0
669 47
746 66
759 0
795 47
895 49
1303 0
1900 70
1913 0
1924 66
1970 51
2167 0
2248 70
2489 0
2844 47
3053 0
3058 66
3507 0
3653 68
3857 0
3906 49
4201 49
4320 0
4444 47
4823 0
5288 70
5560 66
5651 55
5662 49
5706 0
5815 47
5881 0
5924 68
6148 0
6165 66
6205 0
6239 49
6500 0
6514 51
6589 0
6613 68
6702 0
6899 70
6945 47
6979 0
7042 47
7219 68
7290 0
7606 68
8135 0
8279 70
8397 47
8570 0
9005 70
9064 0
9149 47
9238 0
9328 66
9567 47
9758 0
9862 47
24 events for 7
130 42
337 0
391 35
919 0
1027 33
1234 33
1336 0
1422 42
1797 43
1855 0
2134 33
2238 22
4480 0
4902 35
5044 0
5697 22
6752 0
6957 38
7107 0
7204 42
8178 0
9451 43
9582 33
9916 38
25 events for 8
1049 50
1232 0
1312 50
1533 0
1702 60
1871 60
2044 0
2922 56
3949 0
5240 56
5440 62
5529 0
5907 62
5929 0
6098 56
6108 0
7289 56
7484 0
7668 62
7707 0
7762 56
8358 0
8882 56
8965 0
9997 50
43 events for 9
100 35
538 0
610 35
966 0
1504 35
1569 0
1576 69
1723 37
1777 0
1956 37
1984 0
2026 35
2122 37
2140 0
2281 35
2329 0
2777 69
3722 0
3897 69
4337 0
4542 69
5542 0
5771 69
5775 37
5814 0
5969 69
6069 0
6138 35
6141 0
6181 35
6792 0
7196 69
7329 37
7528 0
8062 69
8138 0
8144 37
8168 0
8579 69
8580 0
9012 35
9302 0
9554 37
24 events for 10
150 19
1299 23
2097 18
2218 14
2641 18
2664 0
2852 17
2909 0
2955 19
3420 23
3694 0
3802 23
4815 19
5172 0
5187 19
5761 0
6813 19
7229 18
7270 19
7865 0
8441 19
8474 15
9120 0
9197 18
89 events for 11
385 48
443 0
461 62
464 37
680 0
722 38
898 0
907 38
1064 0
1099 68
1120 0
1234 37
1244 37
1388 0
1414 67
1509 0
1605 37
1705 0
1720 68
1823 0
1945 38
1996 68
2046 0
2310 37
2350 0
2472 13
2594 0
2739 37
2741 0
2758 32
2812 32
2881 0
2912 67
3113 0
3353 67
3391 0
3671 32
3759 0
3838 32
3840 32
4087 38
4314 22
4478 0
4647 48
4653 0
4737 48
5100 0
5329 62
5567 0
5826 48
5950 0
5994 32
6072 0
6074 13
6361 13
6387 0
6542 32
6584 0
6631 38
6676 37
6736 0
6797 68
6811 0
6940 37
7217 0
7261 32
7262 38
7399 62
7432 0
7520 67
7708 0
7754 48
7765 0
7782 22
7843 37
8298 48
8490 0
8530 37
8568 48
8691 13
8721 0
8730 37
8755 0
8911 38
9034 48
9268 0
9686 13
9728 48
9998 0
93 events for 12
20 39
67 0
137 45
318 0
601 35
607 42
631 33
733 35
810 35
885 42
1036 0
1039 35
1184 0
1483 45
1695 0
1785 41
1913 0
2036 35
2152 0
2205 35
2210 0
2308 35
2330 33
2354 0
2484 45
2545 0
2567 42
2584 0
2604 45
2715 0
3232 42
3351 0
3589 33
3645 0
3750 42
3860 35
3931 0
4098 39
4255 39
4321 0
4330 41
4558 0
4689 39
4730 0
4849 35
4924 0
4955 33
5003 0
5024 41
5043 45
5053 0
5199 42
5227 0
5246 35
5512 0
5594 42
5685 0
5712 35
5881 45
5901 35
5945 0
6017 41
6057 0
6262 41
6320 0
6376 35
6424 0
6628 35
6900 0
6913 41
6942 35
6957 0
7323 41
7423 45
7437 0
7486 42
7659 42
7676 0
7851 45
7980 0
8141 42
8313 0
8400 33
8419 0
8473 39
8580 41
8608 0
9059 45
9311 0
9617 39
9836 41
9853 41
9928 0
14 events for 13
185 86
704 0
1596 85
1761 0
1787 86
1984 86
2850 86
3079 0
3210 87
3798 87
7474 0
8167 86
9314 85
9345 0
93 events for 14
40 33
104 0
140 33
573 0
621 38
681 0
746 33
762 33
897 0
912 35
920 0
929 37
1083 38
1286 0
1464 36
1539 37
1808 36
1858 0
1885 33
1929 0
1942 38
2226 0
2278 35
2836 0
2847 33
2912 0
2972 36
3514 33
3755 33
3758 36
4053 36
4092 33
4212 0
4347 36
4488 0
4508 36
4566 0
4613 33
4867 0
4912 33
4927 0
5009 33
5034 35
5116 0
5143 33
5260 0
5347 33
5407 0
5674 33
5720 0
5795 37
5804 0
5830 37
5911 0
6086 36
6135 0
6148 37
6183 0
6281 35
6324 38
6336 0
6348 38
6407 36
6432 0
6454 33
6594 0
6598 37
7038 0
7108 37
7114 36
7135 0
7185 33
7380 35
7665 33
7731 0
7817 33
7828 0
7836 37
8022 0
8104 36
8361 0
9244 33
9263 0
9290 33
9337 37
9382 0
9397 33
9404 0
9417 33
9520 36
9829 33
9833 0
9846 38
78 events for 15
31 72
185 69
237 0
281 69
391 69
510 0
642 61
752 0
789 72
807 88
916 0
1222 69
1233 72
1273 0
1324 69
1411 61
1498 0
1520 88
1537 0
2033 88
2344 0
2831 69
3018 0
3027 69
3029 0
3105 72
3379 0
3388 69
3390 88
3483 0
3607 61
3751 0
3886 69
4096 0
4129 88
4374 0
4517 61
4623 69
4660 0
4732 61
5430 0
5500 69
5838 61
5874 61
5955 72
6100 61
6335 0
6341 72
6424 0
6602 72
6699 0
6730 69
6746 0
6896 69
7158 69
7255 0
7313 88
7477 0
7537 88
7548 69
7574 69
7601 0
7782 72
7793 88
8253 72
8375 0
8576 69
8693 0
8731 88
8778 0
8816 69
9078 0
9275 69
9396 69
9607 72
9674 0
9733 72
9754 0
