4 buffers
44279 7603
77899 13236
45401 8254
57062 9592
16 downlinks
0 94 625 171
1 719 1250 177
2 1344 1875 201
3 1969 2500 148
4 2594 3125 143
5 3219 3750 193
6 3844 4375 193
7 4469 5000 187
8 5094 5625 189
9 5719 6250 194
10 6344 6875 149
11 6969 7500 139
12 7594 8125 143
13 8219 8750 165
14 8844 9375 154
15 9469 10000 174
77 events for 0
179 21
207 0
291 75
364 72
367 55
414 0
418 55
500 48
654 0
957 21
1135 0
1496 48
1579 0
1877 22
1902 72
2120 55
2226 72
2530 0
2588 16
2669 0
2853 86
3102 0
3470 72
3552 75
3722 72
3749 55
3921 0
4038 21
4133 0
4371 17
4620 0
4730 75
5106 75
5435 0
5523 72
5548 0
5674 55
5906 72
5919 0
5981 86
6044 0
6368 17
6500 16
6622 21
6707 0
6716 86
6768 72
6911 17
6922 17
6971 0
7005 22
7103 16
7144 0
7199 75
7243 0
7499 16
7529 0
7576 22
7739 0
7752 16
7770 21
7801 0
7952 72
8179 72
8367 48
8445 0
8692 72
8726 0
8788 72
8808 75
8859 0
8915 21
9127 0
9171 17
9330 0
9522 16
9541 0
68 events for 1
132 92
225 92
401 92
464 0
586 92
674 0
776 92
820 92
928 92
1247 92
1258 92
1443 0
1670 92
1765 0
1792 92
1841 0
1881 92
1903 0
2073 92
2087 92
2413 92
2613 0
2995 92
3000 92
3057 0
3365 92
3391 0
3664 92
4279 92
4421 92
4449 0
4665 92
4835 0
4914 92
4956 92
5158 0
5252 92
5383 0
5619 92
5725 92
6023 0
6149 92
6311 92
6434 0
6592 92
6626 0
6643 92
6812 0
7350 92
7388 0
7422 92
7730 0
7741 92
7872 0
7931 92
8413 0
8477 92
8491 0
8671 92
8749 0
8858 92
8895 92
8977 0
9133 92
9345 0
9594 92
9671 92
9800 0
30 events for 2
110 49
434 0
846 50
849 0
987 49
1008 0
1072 49
1304 0
1945 50
2774 0
3091 49
3389 0
3494 49
3611 50
3966 0
4146 49
4580 49
4672 0
5479 49
5485 49
5490 0
6053 50
6133 0
7258 49
7310 49
7441 0
7808 49
8282 0
9328 50
9998 49
13 events for 3
660 76
1420 63
2625 0
2902 70
3092 62
3276 0
3693 46
5515 0
6093 76
7472 0
8139 63
8874 0
9535 71
