16 buffers
136931 10262
337935 18298
90009 11765
166262 21642
144276 23215
287058 41641
180159 26091
223557 6890
364231 52817
189219 29007
446785 14148
193052 2229
331512 42583
227008 43748
252098 37298
355917 54022
4 downlinks
0 375 2500 691
1 2875 5000 473
2 5375 7500 489
3 7875 10000 524
45 events for 0
13 45
236 0
466 59
477 0
1156 53
1168 0
1273 45
1454 0
2010 53
2365 0
2374 56
2431 0
3069 59
3789 0
4644 56
4865 0
4915 50
5155 0
5216 53
5272 0
5290 45
5628 0
6000 53
6003 0
6130 55
6136 0
6226 59
6394 0
6609 56
6683 45
6771 0
7100 55
7172 53
7264 0
7266 56
7322 0
7402 59
7884 0
8243 45
8386 0
8890 45
9120 53
9524 0
9782 50
9918 0
30 events for 1
21 98
494 98
609 0
620 98
1011 0
1374 98
1795 0
2459 98
2670 0
2927 98
2957 0
3584 98
4191 0
4545 98
4630 0
4864 98
5192 0
5356 98
5658 0
5743 98
6780 0
6806 98
7095 98
7150 0
7751 98
7865 98
7999 0
9403 98
9483 0
9957 98
79 events for 2
75 33
184 0
212 28
256 0
318 37
533 0
621 25
881 0
1249 25
1383 28
1569 33
1618 33
1626 0
1923 25
1990 0
2035 25
2043 0
2389 25
2570 0
2578 37
2905 0
3001 37
3082 0
3501 25
3507 0
3525 38
3665 0
3708 36
3751 0
3765 28
3904 0
4036 33
4037 37
4114 0
4180 25
4421 0
4640 37
4650 38
4675 0
4789 38
4806 0
4820 38
4904 0
4938 28
5171 37
5589 0
5825 37
5997 0
6058 33
6209 36
6307 0
6474 36
6776 37
6797 0
7195 25
7248 0
7278 37
7347 0
7811 28
7854 0
8077 28
8094 0
8113 28
8147 0
8197 33
8395 0
8577 37
8646 0
8900 25
9006 0
9304 38
9355 0
9496 38
9619 0
9648 28
9854 0
9866 25
9908 0
9925 38
20 events for 3
1221 32
1315 56
1545 0
2186 29
2292 0
3253 56
4804 0
5176 32
5364 0
5832 61
6895 50
6904 0
7084 32
7588 0
7676 31
8088 26
8793 0
9496 31
9499 29
9905 0
95 events for 4
86 33
313 36
793 0
867 33
1361 0
1424 36
1511 0
1571 33
1788 0
1920 33
1935 0
2023 33
2077 0
2187 32
2227 33
2247 36
2254 0
2444 33
2505 0
2605 32
2619 0
2621 33
2750 32
2756 32
2804 0
3039 33
3063 36
3080 33
3155 33
3215 32
3248 36
3695 0
3857 36
3924 0
4132 33
4481 33
4547 0
4666 33
4691 0
4711 32
4744 0
4820 33
5061 0
5322 36
5361 0
5785 36
5910 0
5945 32
6104 0
6179 33
6228 0
6470 33
6540 0
6630 32
6732 36
6821 0
6969 36
6971 36
7030 0
7047 32
7062 0
7134 33
7284 0
7457 33
7561 0
7614 32
7760 0
7795 33
7861 32
7906 0
7910 32
8001 33
8014 0
8129 33
8190 0
8469 32
8587 36
8651 0
8789 36
8946 0
8982 33
9095 0
9098 32
9167 0
9229 32
9296 0
9338 32
9365 0
9432 32
9492 32
9534 0
9696 32
9732 0
9778 36
9981 0
65 events for 5
43 48
233 0
308 51
480 0
529 51
560 0
731 51
906 51
1076 0
1127 48
1181 0
1404 48
1409 48
1646 0
1703 48
1752 0
2038 51
2207 0
2225 48
2465 51
2487 51
2551 51
3105 0
3338 48
3461 51
3839 0
3904 51
4125 0
4240 51
4285 0
4304 51
4632 0
4738 48
4744 0
4997 48
5183 0
5209 48
5501 0
5597 48
5905 0
5907 51
5963 0
5997 51
6033 51
6468 0
6616 51
6698 0
7086 48
7263 0
7542 51
7610 0
7749 51
7915 0
7981 51
8066 0
8156 48
8330 0
8478 51
8557 51
8739 0
9074 51
9726 48
9776 0
9782 51
9983 0
51 events for 6
288 43
373 0
1088 43
1170 58
1498 0
1577 57
1874 0
1997 71
2246 69
2345 50
2501 57
2550 58
2666 0
2891 43
2968 0
3198 43
3880 69
3885 0
3962 17
4117 0
4430 57
4462 69
4554 0
4769 17
4976 0
5645 71
5661 58
5981 0
6152 69
6336 57
6346 0
6540 58
6599 0
7034 43
7247 0
7402 43
7418 0
7566 17
7591 0
7673 57
7990 0
8040 17
8155 43
8163 0
8436 58
8445 0
8780 57
8814 0
9525 17
9570 71
9778 0
46 events for 7
205 39
335 0
504 67
587 0
814 67
1190 0
1633 48
1646 0
1728 48
1822 0
1914 39
2819 48
2993 0
3029 39
3605 48
4026 0
4133 39
4298 39
4299 0
4417 64
4538 0
4955 67
5112 67
5128 0
5154 39
5311 48
5352 0
5703 39
5840 67
5988 0
6095 67
6183 0
6412 47
6698 0
6734 47
7304 0
7561 64
7796 0
8186 47
9091 67
9096 64
9188 0
9408 39
9568 67
9758 0
9977 47
97 events for 8
73 79
80 0
194 76
243 79
357 0
731 79
856 79
880 0
904 77
1020 0
1026 76
1202 79
1221 0
1382 76
1543 76
1592 76
1660 0
1720 76
1780 0
2026 77
2055 0
2335 79
2711 0
2791 77
2814 0
3002 79
3074 0
3133 76
3158 76
3248 0
3358 76
3566 79
3676 0
3730 79
3994 0
4237 79
4249 77
4294 0
4379 76
4461 79
4464 0
4752 77
4900 0
4916 76
4963 0
5129 76
5245 0
5360 79
5483 0
5529 77
5537 79
5818 76
6042 77
6061 0
6069 76
6379 0
6590 79
6789 0
7008 76
7036 79
7164 0
7236 79
7280 76
7350 0
7419 76
7499 0
7528 76
7745 0
7805 77
7824 0
7997 79
8000 0
8118 79
8159 0
8443 76
8624 0
8634 79
8638 0
8700 77
8782 0
8810 79
8835 0
8847 77
9205 0
9209 77
9215 76
9290 77
9349 79
9377 0
9413 77
9438 0
9676 77
9742 79
9775 79
9847 0
9947 77
9990 76
15 events for 9
47 63
75 0
503 66
720 0
1333 66
1411 63
2024 63
2039 0
2845 63
3436 0
4185 66
4334 66
5920 0
8618 66
9078 0
32 events for 10
315 84
436 0
441 94
829 0
1708 84
1756 0
1832 94
2356 63
2566 0
2624 94
2764 0
2767 68
2940 68
3615 85
3720 0
3905 84
4176 0
4683 85
4714 64
5492 63
5704 0
5848 64
5933 84
6204 0
6316 94
6639 0
7022 63
7643 0
7708 84
7820 85
8546 0
9156 63
94 events for 11
488 23
541 24
574 0
645 42
758 23
840 0
1378 45
1392 42
1431 22
1543 0
1729 23
1854 0
1885 22
2154 0
2188 45
2260 23
2304 0
2460 23
2531 51
2552 26
2641 0
2760 51
3024 0
3158 23
3316 0
3329 45
3478 24
3606 0
3616 45
3823 0
3829 26
3913 0
3928 26
4423 0
4457 45
4468 0
4682 51
4741 24
4742 0
4768 34
4786 0
4892 42
4901 22
4904 0
5032 45
5157 0
5296 51
5539 0
5573 42
5601 0
5685 26
5707 23
5852 0
5873 24
5989 0
6254 51
6365 0
6424 51
6430 0
6449 34
6507 42
6545 0
6566 45
6759 0
6825 51
6926 34
6985 0
7044 23
7099 0
7205 24
7219 0
7394 23
7507 0
7626 24
7700 22
7840 34
8002 51
8454 0
8455 23
8469 23
8577 0
8582 45
8586 0
8709 23
8889 0
8893 22
9105 0
9158 45
9231 0
9261 26
9316 0
9742 23
9785 0
9789 22
47 events for 12
189 12
630 73
734 0
1004 73
1015 0
1232 12
1250 0
1251 12
1286 0
1360 73
1390 0
1424 73
1587 0
1827 73
1842 73
1915 0
2154 73
2473 0
2771 73
2822 0
3261 65
3327 65
4116 0
4398 73
4728 0
4752 73
4833 0
4845 12
4915 65
5198 0
5577 73
5864 0
6361 73
6840 0
6953 73
7827 0
7911 73
8002 0
8278 12
9138 0
9252 65
9514 0
9529 73
9559 0
9562 65
9635 0
9795 73
69 events for 13
133 54
502 0
522 43
559 0
652 43
694 36
828 0
907 40
921 36
1066 54
1181 0
1195 40
1276 36
1532 0
1589 49
1674 40
1675 0
1760 36
1826 0
2188 36
2233 49
2247 49
2350 0
2503 36
2745 0
2856 43
2927 49
3216 43
3457 0
3458 54
3751 0
3887 36
4195 0
4284 49
4662 0
4736 49
4812 0
4907 54
5136 36
5682 0
5687 49
5781 0
5893 49
6042 43
6584 0
6598 49
6665 0
6764 40
6841 0
7058 49
7193 49
7214 0
7221 49
7603 0
7658 49
7930 43
8108 0
8157 49
8207 43
8387 36
8707 49
9141 0
9185 36
9360 0
9531 43
9626 43
9651 0
9730 40
9783 54
22 events for 14
253 72
337 75
1051 0
1239 72
1638 0
2118 81
2123 0
3990 68
4525 0
4551 68
4622 0
4892 74
6157 63
6461 0
6501 68
6768 74
6964 0
8272 63
8666 0
9135 81
9728 0
9742 63
77 events for 15
67 89
92 0
140 76
272 0
281 77
300 0
471 76
545 0
562 78
700 0
885 77
964 78
1472 0
1564 76
1596 0
2336 77
2508 74
2681 0
2723 78
2782 0
2841 89
2960 0
2988 74
3103 0
3150 89
3228 78
3357 0
3845 80
3961 0
4073 76
4309 89
4321 76
4408 0
4435 76
4438 0
4512 89
4523 0
4591 74
4617 0
4636 78
4674 80
4681 0
4790 74
4845 0
4932 78
4989 80
5519 0
5559 76
5641 78
5771 0
6395 80
6400 89
6604 0
6648 89
6651 0
6717 87
6793 0
7234 76
7449 78
7609 0
7672 77
7794 77
7809 0
8064 76
8277 87
8540 76
8547 76
8835 0
9032 80
9196 0
9318 87
9377 0
9407 89
9621 0
9703 76
9801 0
9853 74
