4 buffers
39298 3687
41867 2279
54874 6193
59088 2845
16 downlinks
0 94 625 125
1 719 1250 141
2 1344 1875 152
3 1969 2500 163
4 2594 3125 170
5 3219 3750 172
6 3844 4375 129
7 4469 5000 182
8 5094 5625 169
9 5719 6250 169
10 6344 6875 159
11 6969 7500 181
12 7594 8125 184
13 8219 8750 126
14 8844 9375 145
15 9469 10000 179
28 events for 0
1626 35
2269 0
2419 61
3524 0
3551 51
3788 48
4456 0
4740 60
5086 0
5432 35
5688 0
6299 52
6379 35
6425 0
6690 48
6696 0
6746 52
6877 35
7116 0
7248 52
7863 0
7869 51
8451 0
8549 52
8632 0
9384 51
9649 0
9806 48
59 events for 1
136 37
248 0
299 47
607 0
690 47
736 43
743 0
831 42
877 0
1267 42
1326 0
1354 37
1512 46
1519 0
1561 47
1576 0
1632 44
2026 44
2172 0
2429 43
2799 0
2913 42
3118 37
3142 0
3643 47
3697 42
3919 0
3990 37
4084 0
4192 37
4247 0
4373 37
4564 0
4998 37
5856 47
5905 0
5943 37
6107 0
6118 42
6274 0
6499 37
6509 0
6942 37
7183 0
7248 44
7259 0
7293 44
7321 0
7930 46
8437 0
8482 43
8873 0
8898 43
8973 47
9160 0
9164 37
9278 0
9463 42
9669 0
98 events for 2
130 80
175 0
193 80
208 0
219 42
226 0
339 81
515 0
575 81
616 0
938 42
972 42
1088 81
1227 0
1320 81
1511 0
1849 80
1881 80
2099 0
2107 80
2108 0
2181 42
2302 0
2625 80
2668 80
2692 80
2728 81
2913 0
2922 42
3034 0
3126 81
3153 81
3188 0
3299 80
3322 42
3379 81
3538 80
3567 81
3676 42
3684 80
3718 42
3733 0
3750 81
3751 0
3885 80
4038 0
4104 80
4139 0
4238 42
4242 0
4477 81
4578 80
4877 0
4890 81
4919 80
5397 0
5435 42
5469 0
5531 80
5540 80
5596 0
5781 42
5810 0
5819 42
5948 0
6003 81
6114 0
6121 80
6158 0
6196 80
6283 0
6338 81
6398 81
6522 0
6548 80
6650 0
6858 80
7048 0
7146 80
7221 0
7259 81
7470 81
7628 42
7637 0
7674 80
7932 81
8020 0
8142 81
8153 0
8233 81
8484 0
8507 42
8611 0
9088 80
9117 0
9138 42
9415 0
9940 80
51 events for 3
33 50
158 0
193 65
215 0
293 66
329 0
520 76
679 0
855 50
1459 58
1736 0
1876 66
2303 0
2518 77
2825 0
2955 50
3502 0
3641 76
3724 76
3734 0
3814 65
3914 0
4611 58
4714 60
5400 0
6005 76
6166 0
6198 66
6238 0
6279 66
6555 0
6584 77
7217 50
7282 76
7357 0
7635 77
7708 0
7963 67
8071 60
8095 0
8152 65
8313 0
8413 50
8537 0
8585 77
8872 0
8883 60
9054 0
9180 65
9233 0
9423 50
