4 buffers
29441 4719
89764 14016
35845 491
76737 12551
16 downlinks
0 94 625 131
1 719 1250 117
2 1344 1875 126
3 1969 2500 138
4 2594 3125 136
5 3219 3750 119
6 3844 4375 138
7 4469 5000 133
8 5094 5625 118
9 5719 6250 110
10 6344 6875 110
11 6969 7500 116
12 7594 8125 141
13 8219 8750 123
14 8844 9375 162
15 9469 10000 148
67 events for 0
215 41
407 22
415 0
448 20
605 22
752 0
762 41
906 0
929 41
1368 0
1698 20
1886 0
1990 20
2027 0
2119 20
2867 0
2902 22
3125 0
3203 20
3333 0
3457 29
3742 33
3792 0
3809 33
3934 41
4628 0
4797 41
4801 0
4814 20
4837 0
4864 22
4990 0
5010 22
5330 33
5774 0
5973 33
6150 0
6358 33
6390 29
6437 0
6453 33
6685 0
6772 29
6852 22
6938 33
7002 0
7259 22
7283 0
7317 22
7338 0
7606 20
7835 33
7859 0
8348 22
8581 0
8745 22
9209 0
9223 33
9246 20
9311 0
9532 22
9565 22
9628 0
9644 20
9661 29
9880 0
9928 29
69 events for 1
72 53
94 54
151 0
400 54
1117 0
1322 51
1469 0
1487 51
1614 0
1682 53
1929 0
1967 53
2138 54
2803 53
3002 0
3171 53
3366 0
3386 53
3416 0
3417 53
3806 0
3884 54
4010 0
4324 53
4927 54
4950 0
4955 53
4958 0
5022 51
5121 0
5262 53
5566 0
5780 51
5978 54
5993 0
6045 54
6220 0
6271 51
6374 51
6691 0
6774 53
6804 0
6996 54
7059 53
7116 51
7598 0
7645 53
7701 0
7806 54
7817 53
7879 51
7942 0
7949 53
8018 0
8045 53
8052 51
8060 51
8125 0
8258 54
8348 51
9007 0
9095 51
9270 0
9334 54
9385 54
9584 0
9762 54
9829 0
9887 54
68 events for 2
45 45
70 45
348 0
530 33
1488 0
2240 45
2256 34
2288 0
2289 34
2632 0
2669 34
2684 34
2843 0
2878 34
2888 0
3111 41
3131 0
3178 45
3497 0
3531 33
3737 0
3973 33
4101 0
4131 41
4179 0
4253 45
4405 0
4708 41
4761 0
4810 41
5164 33
5354 0
5633 33
5690 0
6219 33
6751 0
7064 33
7135 0
7161 34
7237 0
7258 33
7273 33
7830 0
7913 34
8037 0
8116 41
8614 0
8751 33
8807 33
8825 34
8877 0
8886 41
8916 0
9066 34
9125 34
9341 0
9458 41
9475 0
9517 33
9522 34
9588 41
9672 34
9722 45
9747 0
9759 33
9785 45
9962 0
9981 33
81 events for 3
85 58
106 76
277 0
460 35
501 0
538 47
575 0
614 82
710 35
716 0
730 76
736 0
802 76
1003 0
1156 34
1340 0
1474 34
2002 45
2063 0
2080 34
2310 0
2492 45
2602 0
2950 72
3002 0
3231 47
3716 0
3934 76
3947 0
4074 72
4197 0
4384 72
4593 72
4653 45
5076 0
5214 45
5602 72
5902 0
5972 45
5987 0
6038 58
6080 0
6195 34
6207 82
6220 58
6267 58
6277 0
6312 35
6322 0
6857 47
6927 34
7201 76
7228 82
7767 0
7830 58
7932 0
7961 82
7989 0
8045 82
8310 82
8466 0
8671 76
8745 0
8818 72
8866 72
8977 0
9022 82
9092 0
9101 34
9108 0
9177 45
9266 0
9281 58
9621 0
9657 35
9697 0
9801 76
9821 0
9825 58
9902 0
10000 45
