16 buffers
34538 3377
85766 466
30981 5064
22082 1261
32185 6187
65695 4348
101430 10542
69679 13894
97633 14878
57843 10536
67813 5280
80968 4167
74649 4462
51571 10272
48169 3539
85336 10135
16 downlinks
0 94 625 694
1 719 1250 544
2 1344 1875 721
3 1969 2500 583
4 2594 3125 681
5 3219 3750 529
6 3844 4375 529
7 4469 5000 566
8 5094 5625 571
9 5719 6250 529
10 6344 6875 742
11 6969 7500 574
12 7594 8125 547
13 8219 8750 608
14 8844 9375 558
15 9469 10000 559
61 events for 0
72 22
636 0
731 33
751 0
788 24
790 22
1006 16
1101 30
1341 0
1458 16
1601 0
1761 24
1916 33
2232 24
2317 22
2717 22
2910 0
2934 27
3000 0
3177 30
3411 0
3737 16
4011 0
4034 27
4129 0
5220 16
5429 31
5515 0
5546 22
5552 31
5654 0
5741 16
5978 0
6215 16
6282 22
6545 0
6669 33
6862 24
6954 16
6986 16
7004 0
7096 27
7208 22
7234 0
7567 22
7572 30
7745 24
7853 0
7895 30
8021 0
8292 31
8634 0
8764 31
8852 0
8932 24
9190 0
9504 33
9645 0
9855 30
9859 0
9978 27
89 events for 1
62 83
148 0
261 83
355 0
415 80
503 0
537 80
578 0
610 83
660 80
857 83
892 0
954 80
1313 81
1615 0
1741 83
1835 0
2079 83
2199 0
2516 81
2570 0
2613 83
2650 0
2670 83
2855 0
2865 80
3043 0
3046 80
3057 83
3233 80
3297 0
3477 81
3515 0
3749 83
3799 0
3902 80
4105 81
4218 0
4359 83
4463 80
4504 0
4762 81
4888 0
4979 81
5106 80
5261 80
5320 83
5413 83
5483 0
5617 83
5624 0
6011 80
6014 0
6082 83
6088 83
6094 81
6144 81
6238 0
6308 80
6383 83
6445 0
6537 81
6650 0
6876 81
6902 0
6943 80
7054 0
7106 83
7229 0
7261 80
7284 0
7747 80
7800 0
7823 80
7992 0
8183 81
8706 0
8707 83
8866 83
8907 81
9101 0
9220 80
9263 81
9267 80
9330 81
9391 83
9662 0
9733 80
9747 0
14 events for 2
2602 67
3815 0
5062 67
5257 67
5509 0
7028 61
7418 61
7822 0
8014 61
8035 0
8461 61
8861 0
9387 67
9632 0
15 events for 3
551 24
2526 0
3260 24
3827 0
3880 24
4288 0
4950 24
4957 0
5904 21
6105 21
6938 0
7615 12
8085 12
9076 13
9442 12
79 events for 4
206 32
283 49
525 0
1096 32
1188 50
1532 0
1566 32
1629 0
1906 50
1941 0
2002 33
2100 0
2120 50
2137 0
2339 32
2431 32
2434 0
2533 33
2694 49
2716 0
3057 15
3153 0
3260 33
3318 0
3376 33
3481 0
3531 33
3607 0
3641 50
3720 0
3857 49
3862 33
4060 0
4190 15
4326 50
4331 0
4537 33
4730 50
4923 15
4964 15
5049 0
5117 50
5341 0
5375 32
5742 50
5828 0
5912 32
6044 0
6047 32
6370 33
6476 0
6504 15
6517 15
6614 0
6720 15
7011 50
7061 15
7132 32
7283 0
7504 33
7562 0
7591 32
7814 0
7834 49
7838 0
7899 15
7920 0
7928 33
8020 0
8102 15
8105 0
8471 32
8656 0
8669 33
9051 0
9062 32
9078 0
9139 15
9634 15
42 events for 5
527 72
738 72
809 0
984 78
1431 0
1696 50
1709 0
2015 78
2235 0
2312 78
2500 0
2574 50
2890 0
3537 72
3684 0
3958 48
4154 0
4551 48
4883 0
4987 72
5190 50
5378 0
5627 48
6042 0
6597 78
6993 0
7016 72
7224 0
7659 50
7770 0
7791 78
7858 0
7859 78
7994 0
8273 48
8350 48
8370 78
8798 0
9018 48
9039 0
9216 72
9420 0
36 events for 6
150 53
636 55
685 0
994 58
1015 0
1174 58
2309 0
2437 89
2813 0
2837 89
2874 0
3339 58
3505 0
3880 58
3919 55
3949 55
4103 89
4176 0
4361 58
4528 0
4637 89
4885 0
5086 58
5488 89
5528 0
6030 89
6843 77
7827 0
8277 53
8967 0
9053 89
9450 77
9716 0
9811 89
9851 0
9980 53
77 events for 7
145 91
155 67
161 91
190 62
226 0
395 89
601 62
702 0
899 55
904 0
946 87
1039 99
1043 0
1385 55
1415 0
1446 91
1481 0
1597 99
1615 0
1672 87
1851 87
1913 0
1987 55
2492 0
2596 99
2674 62
3034 0
3199 67
3558 0
3755 67
3769 0
3774 87
3785 99
4017 0
4303 62
4588 67
4687 0
4724 99
4772 0
4806 99
4839 84
4922 94
4928 0
5207 87
5222 84
5288 55
5403 0
5442 99
5521 0
5917 99
5927 0
6166 89
6225 55
6242 67
6286 0
6340 91
6384 0
6628 94
7090 91
7866 0
7946 99
8123 0
8151 84
8394 0
8528 62
8643 0
8741 84
8817 0
8868 87
9219 0
9348 94
9355 0
9489 87
9665 0
9895 99
9896 89
9984 62
96 events for 8
14 70
135 0
277 70
447 0
465 72
756 92
814 54
855 0
867 54
1066 0
1305 92
1367 0
1371 54
1660 89
1665 0
1672 72
1673 0
1714 77
1749 0
1823 77
2018 0
2025 83
2161 0
2425 54
2571 92
2654 0
2881 70
2921 0
3186 54
3204 0
3355 70
3432 0
3462 77
3464 92
3474 0
3586 92
3648 72
3793 92
4042 0
4171 77
4180 0
4202 77
4335 0
4517 89
4526 54
4749 0
4961 92
5074 0
5281 72
5381 70
5439 83
5574 0
5586 92
5648 83
6116 0
6212 72
6266 0
6326 82
6434 0
6463 77
6852 0
6891 83
6920 0
7219 82
7402 54
7761 92
7816 89
7853 83
7985 0
8001 54
8038 0
8137 54
8138 77
8194 0
8327 70
8479 77
8510 82
8553 0
8604 70
8682 0
8695 92
8775 92
8845 0
8894 70
8922 0
9077 72
9164 0
9318 70
9510 82
9573 54
9615 82
9797 89
9815 0
9816 77
9818 0
9838 54
98 events for 9
12 59
97 59
213 63
461 0
786 63
937 0
1009 59
1258 0
1366 59
1439 0
1508 59
1683 0
1722 63
2063 0
2115 59
2222 63
2648 63
2786 63
2802 0
2807 59
2964 0
3097 63
3131 0
3177 59
3324 0
3402 59
3450 0
3550 59
3655 0
3663 63
3744 0
3758 59
3782 0
3857 63
3861 0
3915 59
3928 0
4267 59
4302 0
4318 59
4359 0
4363 63
4399 0
4802 59
5125 59
5242 0
5255 63
5339 0
5523 59
5536 0
5601 63
5604 63
5656 0
5802 59
6051 63
6057 0
6058 59
6190 0
6227 63
6419 0
6599 63
6641 0
6666 63
6731 63
6782 0
6908 63
6935 0
6958 63
6981 63
7126 59
7233 59
7312 0
7347 59
7348 0
7371 63
7563 0
7612 63
7642 59
7810 63
7903 59
8038 63
8149 0
8203 63
8230 0
8250 59
8396 63
8457 0
8467 59
8521 0
8862 59
8946 0
9010 59
9371 0
9408 59
9599 0
9779 59
9793 0
9823 59
89 events for 10
44 49
501 51
600 0
680 51
829 50
1343 50
1365 0
1397 49
1437 0
1488 49
1579 0
1638 49
1640 0
1678 50
1770 0
1872 51
1882 0
1922 49
2019 0
2039 51
2068 0
2088 49
2363 50
2619 0
2760 50
2779 0
3219 51
3346 0
3478 51
3716 49
3826 49
3890 0
3901 50
3946 0
4091 49
4112 50
4144 0
4277 49
4312 49
4531 50
4621 0
4711 49
4792 49
5071 50
5087 50
5133 51
5154 0
5367 50
5500 0
5530 49
5640 0
6024 51
6131 49
6276 0
6358 49
6387 0
6589 50
6611 49
6619 51
6721 0
7064 50
7119 0
7124 49
7126 0
7197 49
7362 0
7434 49
7713 49
7881 0
7942 49
8346 50
8481 50
8534 0
8746 49
8749 49
8830 49
8911 0
8984 51
9048 50
9221 0
9313 51
9343 0
9472 50
9473 0
9517 49
9628 0
9699 49
9732 0
9962 51
92 events for 11
32 59
140 0
219 59
265 0
298 76
301 0
401 67
461 0
495 76
504 0
619 72
744 0
779 78
925 0
972 67
1184 0
1382 59
1453 64
1564 63
1744 0
1751 72
1788 78
1880 78
1913 72
1969 0
1984 64
2013 0
2113 74
2247 0
2445 78
2520 0
2753 72
2794 0
2896 78
2898 0
3012 67
3030 0
3262 76
3282 0
3305 72
3356 0
3382 59
3603 0
3646 63
3892 0
4220 76
4265 0
4273 74
4399 0
4839 63
5085 0
5275 72
5276 0
5397 78
5580 0
5744 64
5823 0
5921 78
6037 0
6151 63
6241 0
6476 64
6894 0
6912 78
6980 0
7037 78
7165 0
7196 59
7528 0
7563 74
7599 0
7718 78
7769 0
8048 64
8104 63
8156 0
8171 59
8183 0
8499 78
8539 0
8616 76
8618 67
8637 78
8864 0
9039 59
9193 0
9217 67
9491 64
9722 0
9786 74
9820 63
9940 0
68 events for 12
95 62
327 60
1156 66
1302 0
1317 70
1488 0
1566 72
1598 0
1758 70
1927 0
2146 62
2184 0
2337 62
2598 0
2906 72
3079 58
3179 0
3255 74
3377 0
3404 58
4015 0
4124 62
4163 0
4553 62
4871 0
5031 74
5132 0
5357 60
5430 72
5627 0
5774 62
5869 0
5961 70
5967 58
6094 72
6155 58
6184 0
6201 66
6327 0
6454 62
6727 72
7324 0
7353 62
7396 0
7418 70
7471 0
7649 66
7795 0
7871 70
7957 74
8013 0
8127 74
8179 0
8191 70
8318 0
8433 60
8435 0
8450 58
8601 72
8777 0
8883 62
8976 0
9181 66
9476 72
9503 72
9677 62
9791 0
9948 58
97 events for 13
126 47
257 0
338 48
356 47
448 0
794 47
807 0
938 48
981 48
1195 48
1230 0
1353 48
1446 0
1597 48
1630 0
1676 47
1710 0
1729 48
1775 48
1825 0
1861 48
1943 0
2027 48
2414 0
2468 47
2544 0
2598 48
2790 0
3132 48
3252 0
3343 47
3356 0
3362 48
3415 0
3460 47
3470 0
3667 48
3679 48
3817 48
3864 0
3952 47
3987 0
4182 48
4472 0
4521 47
4540 0
4671 48
4731 0
4932 47
5227 0
5385 47
5642 0
5661 48
5698 0
5733 48
5771 0
5777 48
5846 0
5955 48
6092 0
6255 48
6486 0
6525 48
6723 0
6814 47
6819 48
6934 48
7183 48
7197 48
7540 48
7575 0
7708 48
7805 48
7820 0
7898 47
7960 0
7982 48
8228 0
8533 48
8637 0
8895 48
8932 0
9065 48
9206 48
9246 48
9362 48
9473 48
9499 0
9568 48
9661 0
9721 48
9736 0
9763 48
9809 0
9879 48
9951 0
9969 48
26 events for 14
752 35
1514 0
1880 41
1929 38
2614 0
2660 41
2787 41
2915 0
3743 41
4208 0
4453 41
4542 0
4999 39
5334 0
6725 39
7030 38
7065 35
7086 41
7192 0
7493 41
7622 0
7825 38
9004 0
9095 41
9558 41
9890 0
21 events for 15
738 88
1037 0
1271 98
1515 0
1547 98
2116 0
3090 95
4703 0
4913 98
5402 90
5579 0
5593 95
5837 0
6763 98
7660 0
7808 91
7823 99
8013 0
8120 98
8819 0
9801 96
