16 buffers
65308 9911
64397 10860
93017 9636
111321 22085
93478 15135
89820 8845
217779 36938
202183 32549
68753 3603
67465 3609
111082 654
83265 1298
81329 6579
246343 2119
58230 7403
83481 11117
8 downlinks
0 188 1250 437
1 1438 2500 598
2 2688 3750 576
3 3938 5000 541
4 5188 6250 542
5 6438 7500 590
6 7688 8750 513
7 8938 10000 556
97 events for 0
84 38
139 0
261 38
389 0
720 38
837 0
886 38
979 0
1073 38
1115 0
1151 38
1197 0
1272 38
1280 0
1427 38
1490 38
1712 0
1732 38
1849 0
1961 38
1965 0
1990 38
1995 38
2145 0
2390 38
2397 0
2449 38
2563 0
2673 38
2724 38
2936 0
3104 38
3154 0
3353 38
3645 38
3699 0
3734 38
3792 0
3819 38
4120 38
4337 0
4390 38
4473 0
4487 38
4496 0
4553 38
4586 0
4878 38
4968 38
5000 0
5305 38
5362 0
5499 38
5801 38
6131 0
6138 38
6146 0
6547 38
6577 0
6680 38
6725 0
6796 38
6813 0
6869 38
7032 0
7039 38
7064 0
7069 38
7147 0
7223 38
7359 0
7369 38
7389 38
7497 0
7570 38
7696 38
7705 0
7841 38
7846 38
8093 0
8100 38
8148 38
8198 0
8241 38
8382 0
8387 38
8473 0
9035 38
9136 0
9246 38
9251 0
9533 38
9597 0
9685 38
9905 0
9977 38
9997 0
98 events for 1
130 27
166 0
246 23
258 0
660 27
735 0
919 27
1215 0
1216 27
1419 0
1452 44
1484 0
1519 29
1643 0
1977 44
2040 0
2059 24
2120 22
2288 0
2382 27
2565 0
2593 27
2596 23
2966 0
3242 30
3279 44
3280 23
3458 0
4007 29
4167 24
4337 30
4411 0
4504 22
4517 0
4576 30
4648 0
4685 27
4697 0
4765 32
4846 0
4883 29
4982 0
4998 23
4999 0
5004 32
5252 0
5575 23
5585 0
5642 22
5716 0
5726 29
5777 0
5862 44
5890 0
5971 27
5988 0
6142 22
6169 0
6751 23
6789 23
7005 30
7062 0
7066 23
7109 0
7112 22
7231 27
7240 0
7357 29
7577 23
7582 0
7735 29
7808 0
7977 22
8006 23
8014 0
8046 22
8149 24
8184 0
8392 23
8410 0
8419 23
8642 0
8673 22
8954 30
9063 0
9070 23
9128 0
9130 32
9146 27
9439 0
9442 27
9483 0
9512 27
9735 0
9840 44
9849 0
9944 30
9989 0
13 events for 2
141 38
181 0
451 40
1398 0
1845 40
2936 0
3310 38
5747 0
5801 40
6457 0
7427 39
8146 0
8711 38
39 events for 3
372 45
1101 0
1124 53
1373 0
1706 54
1757 35
1828 0
1839 35
2174 45
2608 0
2642 54
2824 0
2949 56
3318 0
3442 54
3711 0
3793 48
4517 0
4587 41
4716 0
5135 45
5141 0
5664 48
6085 0
6272 53
6349 0
6536 48
7348 0
7496 35
7631 0
7851 45
8224 0
8437 48
8724 0
8956 48
9203 0
9323 48
9843 0
9890 53
85 events for 4
41 32
318 55
403 0
443 55
571 0
637 63
1066 38
1366 0
1590 32
1627 0
1756 55
1807 32
1985 25
2377 0
2436 38
2518 0
2556 25
2560 0
2618 25
2659 38
2693 0
2875 63
2960 0
2995 25
3046 0
3234 55
3240 0
3495 32
3498 0
3624 38
3652 0
3728 38
3817 0
3966 55
4058 25
4076 38
4352 0
4690 25
4763 0
4826 25
4834 0
4871 38
4991 0
5136 25
5212 0
5398 63
5476 0
5492 32
5494 63
5632 0
6122 25
6248 0
6259 55
6381 0
6577 25
6583 25
6591 0
6613 38
6631 0
6799 38
6825 0
6833 38
6991 0
7069 38
7124 0
7323 38
7480 0
7543 25
7608 0
7712 63
7786 0
7949 25
7983 32
8002 0
8026 25
8190 0
8584 38
8855 0
8934 63
8961 0
9345 63
9366 0
9395 55
9427 0
9602 38
66 events for 5
33 52
162 0
170 62
307 0
424 50
746 50
780 56
795 0
906 52
1009 0
1304 52
1321 0
1473 50
1630 0
1642 62
1768 0
1772 56
1872 0
1982 62
2111 0
2139 52
2142 50
2513 0
2684 50
2730 52
2828 0
3260 56
3343 0
3502 62
3566 0
3622 56
3652 0
3663 56
4138 0
4307 56
4461 0
4668 52
4702 0
4840 50
4874 0
4895 56
5315 0
5570 62
5841 50
6550 0
6738 62
6762 62
6855 50
6963 52
6990 0
7099 52
7105 0
7129 52
7200 0
7234 56
7266 50
7544 52
7798 0
7906 62
7962 62
8101 0
8668 56
8748 62
8860 0
9219 62
9274 62
28 events for 6
182 56
1189 0
1966 84
2440 56
2448 33
2452 0
2472 56
2502 0
2714 84
2787 0
3365 33
3805 0
3900 83
3950 0
4050 56
4355 56
4727 0
4959 84
5171 83
5296 0
5405 84
6194 33
7042 83
8573 0
8680 84
9167 0
9562 34
9989 0
17 events for 7
503 73
1166 0
1215 65
2451 73
2911 0
3688 65
3699 65
4091 0
4500 73
4703 73
5167 73
6058 0
6813 73
9039 0
9087 65
9200 0
9717 73
22 events for 8
707 44
1355 39
1523 47
1597 0
1834 44
3027 0
3065 44
3309 39
3323 0
3360 47
4476 0
4868 44
5018 0
7229 39
7494 0
7686 44
7961 44
8247 0
8589 39
8982 47
9411 0
9845 39
56 events for 9
40 36
178 36
696 24
792 35
1113 24
1118 22
1363 35
1489 0
1772 36
1857 0
2068 22
2169 0
2626 26
2772 0
2831 26
2987 0
2989 22
3148 0
3576 22
3645 0
3873 34
4046 0
4057 26
4124 0
4331 34
4444 0
4675 26
4740 0
4969 36
5133 0
5394 22
5558 0
5729 22
5786 24
5808 0
5992 35
6116 0
6491 22
6601 0
6635 22
6735 0
6849 24
7057 34
7096 26
7186 0
7543 36
7793 0
8013 26
8464 0
8586 22
8742 0
9230 36
9267 0
9601 35
9678 0
9705 36
99 events for 10
159 57
186 0
199 70
281 61
422 42
456 0
519 42
581 0
608 61
641 0
643 61
867 0
898 61
948 0
1101 42
1290 0
1385 61
1528 63
1609 0
1866 69
1882 0
2059 69
2071 0
2177 63
2204 70
2283 0
2288 61
2485 0
2555 42
2650 42
2676 69
2888 0
2896 69
3291 0
3481 42
3525 69
3600 0
3829 61
3833 69
3882 0
3925 57
4009 0
4148 70
4266 0
4316 57
4363 0
4496 61
4745 0
5053 70
5209 0
5348 61
5401 0
5413 70
5555 0
5576 42
5672 0
5776 57
5824 69
5964 69
6119 0
6131 42
6206 69
6226 0
6650 63
6652 0
6792 61
6952 0
7040 63
7049 0
7088 42
7162 0
7461 69
7512 0
7685 57
7809 0
7881 69
7981 0
8025 42
8028 0
8091 61
8222 0
8289 61
8336 42
8357 69
8501 0
8509 70
8662 0
8815 57
8826 0
8841 61
9049 0
9109 57
9136 0
9348 42
9590 0
9614 63
9624 0
9808 63
9915 0
40 events for 11
914 62
1097 0
1668 62
1685 0
1763 57
2118 62
2120 0
2184 58
2377 0
2674 57
2803 0
2866 57
3091 0
3285 58
3447 0
3524 55
3526 0
3703 61
3784 0
4309 55
4393 0
4820 57
5219 0
5326 61
5336 0
5479 62
5613 0
5973 62
7459 0
7480 55
7626 0
7987 66
8021 0
8102 58
8258 0
8341 61
8625 0
8639 61
8973 0
9191 57
97 events for 12
46 61
101 17
125 32
164 0
265 54
349 0
473 54
493 0
808 54
826 0
847 61
932 0
1181 78
1218 0
1335 78
1419 0
1475 50
1626 0
1683 71
1764 0
1797 50
1865 0
1994 54
2075 59
2147 0
2186 54
2212 59
2304 0
2311 17
2343 0
2445 78
2468 0
2516 54
2684 0
2917 71
2924 0
3056 50
3093 78
3153 0
3218 61
3265 17
3268 32
3370 50
3502 0
3519 61
3868 78
3947 0
4100 59
4202 0
4269 54
4409 0
4570 17
4828 78
5008 71
5121 0
5144 54
5186 0
5256 59
5294 61
5753 32
5796 59
5802 0
6108 54
6127 0
6246 50
6376 61
6412 0
6477 32
6572 0
6732 54
6743 0
6767 17
6950 0
7049 17
7092 0
7224 71
7280 0
7352 54
7355 0
7385 78
7393 0
7423 49
7620 17
7771 17
7862 0
8139 32
8233 0
8235 71
8330 0
8506 32
8540 0
8546 54
9092 0
9355 17
9551 0
9949 59
9966 0
38 events for 13
91 71
828 0
1129 72
1270 0
1415 76
1984 0
2115 71
2309 0
2416 76
2450 0
2593 76
2830 0
2927 71
2976 0
3047 72
3459 72
3739 0
3995 71
4205 71
4712 0
5059 72
5440 0
5757 76
5940 0
5951 86
5959 83
6533 0
6762 71
6986 72
7162 0
7188 71
7286 0
7527 83
7754 83
8597 71
8878 0
9264 83
9694 71
89 events for 14
39 28
80 0
244 29
272 0
350 25
412 26
559 27
717 0
878 29
912 0
976 25
1016 0
1063 25
1143 0
1240 28
1280 27
1354 0
1375 25
1714 0
1723 29
1746 25
1784 0
2140 27
2260 0
2328 26
2339 0
2368 25
2430 0
2580 27
2745 29
2750 0
2822 27
2860 0
2946 25
3174 0
3303 28
3500 0
3781 25
3800 25
3827 0
3976 27
4085 25
4128 0
4170 29
4184 25
4510 0
4604 29
4769 0
4907 29
5180 0
5345 25
5369 0
5406 28
5471 0
5545 27
5583 26
5618 27
5723 0
5866 25
6112 27
6143 25
6433 26
6584 29
6823 0
6980 25
7161 0
7270 25
7304 27
7502 0
7543 25
7934 0
8158 29
8207 0
8308 25
8348 0
8436 29
8542 0
8590 25
8751 25
9057 29
9063 25
9102 0
9177 25
9354 0
9491 27
9587 0
9620 27
9765 0
9963 25
87 events for 15
60 65
188 0
247 16
249 0
266 70
315 0
338 43
340 0
462 41
483 0
693 65
829 0
1121 43
1271 18
1441 43
1570 0
1677 16
1794 65
1811 43
1913 0
1921 18
1923 0
2065 16
2174 0
2264 19
2291 0
2614 65
2697 0
2844 41
2972 0
3053 18
3133 31
3451 0
3576 18
3675 0
3697 41
4080 0
4084 32
4113 0
4118 19
4419 0
4459 43
4666 70
4699 0
4894 65
4999 19
5013 31
5030 65
5191 26
5196 32
5217 0
5508 32
6079 0
6294 19
6817 0
6912 65
6939 0
7033 43
7290 70
7313 0
7404 32
7592 18
7633 0
7684 70
7795 0
7939 16
8212 0
8600 32
8639 0
8716 65
8722 0
8755 26
8766 0
8784 16
8793 0
8810 32
9083 0
9343 32
9351 0
9403 31
9404 0
9455 16
9535 26
9684 0
9805 32
9886 0
9921 16
