8 buffers
112640 18076
59920 8265
70752 7858
81191 14608
72373 1344
49633 3928
56200 8575
121144 20300
12 downlinks
0 125 833 279
1 958 1666 347
2 1791 2499 347
3 2624 3332 271
4 3457 4165 272
5 4290 4998 303
6 5123 5831 303
7 5956 6664 339
8 6789 7497 288
9 7622 8330 348
10 8455 9163 280
11 9288 9996 283
31 events for 0
268 77
1262 0
1423 75
1437 78
1878 0
2099 78
2105 75
2462 0
2530 78
2646 0
2650 78
2972 0
3013 78
3253 0
3480 78
4120 0
4240 75
4606 0
4824 77
5070 75
5136 0
5818 75
6324 0
7422 77
8107 0
8113 78
8497 0
8676 77
9231 0
9376 77
9758 0
92 events for 1
99 43
165 0
193 43
197 43
690 0
741 43
763 0
1023 43
1096 43
1128 0
1133 43
1143 0
1243 43
1436 0
1572 43
1633 0
1675 43
1736 0
1843 43
1852 0
1856 43
1923 43
2120 0
2260 43
2337 0
2386 43
2551 0
2586 43
2641 43
2746 0
2805 43
2939 0
3049 43
3122 0
3274 43
3286 0
3354 43
3672 0
3695 43
3700 0
3732 43
3785 0
3856 43
3977 43
4102 43
4108 0
4310 43
4382 0
4691 43
4946 0
5075 43
5255 0
5475 43
5511 43
5520 0
5565 43
5709 0
5737 43
5982 43
6045 0
6086 43
6484 0
6766 43
6896 0
6908 43
6921 0
6999 43
7113 0
7329 43
7499 0
7558 43
7653 0
7815 43
7824 0
7922 43
8164 0
8250 43
8287 43
8433 0
8450 43
8537 0
8551 43
8575 0
8593 43
8993 0
9130 43
9197 43
9721 0
9733 43
9886 0
9908 43
9953 0
54 events for 2
3 73
96 0
127 73
176 73
531 0
712 73
842 0
1082 73
1591 0
1665 73
1761 0
1791 73
1972 73
2077 0
2079 73
2236 73
2397 0
2514 73
2526 0
2569 73
2660 0
2925 73
3330 0
4314 73
4771 0
5361 73
5538 0
5578 73
5706 0
5856 73
6275 0
6424 73
6474 73
6780 0
7011 73
7091 0
7561 73
7621 0
7639 73
7670 0
7724 73
8129 0
8350 73
8440 0
8587 73
8588 0
8898 73
9019 0
9131 73
9226 0
9614 73
9654 0
9836 73
9966 73
27 events for 3
20 47
305 0
593 70
856 0
858 53
1381 70
2670 53
3813 90
3818 0
4294 53
4588 0
5257 57
5882 0
6304 53
6575 0
6797 86
6947 0
7155 51
7675 0
7736 48
7857 0
7952 51
8462 0
8607 37
8909 0
9660 86
9772 48
36 events for 4
920 63
1095 63
1147 0
1774 63
2678 63
2767 0
3090 60
3466 0
3991 60
4065 0
4104 60
4811 0
5111 63
5287 0
5604 63
5780 60
6253 63
6337 0
6340 60
6474 0
6660 60
6721 0
6870 63
6992 63
7209 0
7320 63
7477 63
7872 0
7957 60
8108 0
8544 63
8778 0
8913 60
9520 0
9710 63
9924 0
70 events for 5
239 57
471 0
875 57
890 0
1103 37
1151 0
1387 57
1673 37
1923 0
1949 37
1958 0
2024 37
2041 0
2084 57
2143 0
2302 57
2650 0
2699 57
2830 37
2909 0
2935 37
3289 0
3524 37
3536 0
3549 57
3580 0
3915 57
3982 0
4319 37
4556 37
4599 37
4635 0
5317 57
5341 0
5432 57
5455 37
5533 0
5590 57
5664 0
5666 57
5866 57
5908 0
5983 37
6034 0
6093 57
6142 0
6352 37
6658 37
6768 0
6772 37
6980 0
7044 57
7175 0
7182 57
7190 0
7194 37
7299 57
7390 0
7718 57
7916 57
8020 0
8153 37
8162 57
8430 37
8436 0
8896 57
8987 0
9207 57
9448 0
9947 37
64 events for 6
100 54
370 0
663 54
866 54
1143 54
1161 0
1169 54
1184 0
1313 54
1511 0
1521 54
1544 0
1665 13
1736 0
1849 54
1975 0
1998 54
2367 54
2503 0
2566 13
2638 0
2657 15
2823 0
2837 54
3078 0
3183 54
3354 0
3749 13
3988 0
4140 54
4381 0
4537 15
4538 54
4782 0
4981 13
5367 0
5405 13
5440 0
5448 13
5982 15
6743 0
6852 15
7025 0
7205 54
7240 13
7400 15
7763 54
7773 0
7944 15
7998 0
8406 54
8615 54
8640 0
8650 13
8787 0
8858 54
9090 0
9130 15
9306 0
9366 15
9440 0
9456 15
9655 0
9677 13
43 events for 7
123 88
966 88
993 17
1001 17
1138 0
1296 88
1384 0
1395 54
1406 54
1498 0
1549 54
2156 17
2405 0
2539 17
2840 0
3009 17
3032 0
3332 17
3578 0
4488 88
4582 0
4641 17
4950 0
5383 88
5690 0
5891 88
5972 0
5988 17
6179 0
6414 17
6450 54
6540 0
6832 54
7349 0
7355 17
7669 0
7706 88
8372 17
8589 0
8693 88
9675 17
9692 0
9829 17
