16 buffers
42064 6411
107670 8846
116713 13122
114844 8201
111134 2223
89713 12105
69738 9654
170412 21729
106834 20931
123592 9379
83241 4948
143393 12832
144362 15409
126610 5500
109076 18336
61568 6348
8 downlinks
0 188 1250 622
1 1438 2500 627
2 2688 3750 545
3 3938 5000 601
4 5188 6250 501
5 6438 7500 463
6 7688 8750 678
7 8938 10000 548
15 events for 0
1086 31
1317 0
1890 21
2212 25
2886 20
3383 0
4965 20
5850 0
6282 20
6546 0
7202 21
7661 0
8080 31
8206 0
8408 25
31 events for 1
13 71
116 0
1206 53
1398 75
1552 0
1770 91
2633 0
2847 65
2922 0
3316 91
3434 0
3546 53
4073 71
4156 52
4728 0
5280 75
5810 0
5991 52
6328 0
6349 67
6529 0
6958 75
7112 0
7440 67
7505 0
7718 65
8228 71
8555 0
8616 91
9118 75
9339 0
87 events for 2
498 48
694 45
760 43
764 43
959 48
1127 0
1151 45
1201 0
1340 43
1348 45
1379 0
1396 43
1427 0
1586 43
1624 0
1632 45
1652 0
1726 45
1919 0
2210 48
2260 0
2313 43
2419 46
2818 0
2995 46
3013 45
3044 48
3075 0
3286 46
3433 43
3610 0
3659 46
3781 0
4184 48
4207 0
4241 46
4392 0
4396 45
4421 0
4497 43
4563 0
4626 46
4681 0
4892 43
5018 0
5119 48
5167 0
5203 46
5354 0
5448 43
5484 0
5543 48
5582 0
5611 43
5886 0
5997 43
6358 0
6577 43
6637 0
6714 46
6837 48
6894 0
6998 48
7019 0
7033 43
7176 0
7234 43
7244 0
7440 43
7556 45
7634 0
7985 43
8254 48
8362 0
8499 48
8773 48
8861 0
8866 48
8881 0
8948 43
9000 0
9128 48
9135 45
9426 45
9746 0
9761 48
9898 43
33 events for 3
289 46
466 43
504 0
1028 45
1292 46
1348 0
1533 45
1803 43
1957 0
2023 47
2595 0
2846 47
3354 45
3709 0
4049 46
4825 0
5065 47
5256 0
5376 47
5608 0
5905 45
6961 47
7455 0
7596 46
7612 43
7613 47
7852 0
7899 46
8258 43
8847 0
9142 43
9870 0
9882 46
19 events for 4
34 49
481 49
1549 49
2162 0
3716 49
3831 0
4362 49
4408 0
4491 49
5290 0
5310 49
5863 49
6069 49
6510 49
7227 49
7420 0
7742 49
8673 49
8974 0
38 events for 5
173 49
290 0
421 29
738 0
852 29
1094 0
1134 49
1323 49
1727 49
3763 29
3920 49
3967 29
4137 0
4613 49
4682 49
4746 0
5415 49
5771 0
6135 29
6372 0
6489 49
6539 49
6718 0
7060 29
7199 0
7640 29
8245 49
8480 29
8558 0
8559 49
8741 29
8947 0
8981 29
9255 29
9466 49
9583 0
9715 49
9849 0
96 events for 6
301 34
499 0
512 20
520 0
562 26
582 0
738 26
913 0
973 34
1083 0
1125 15
1229 0
1462 23
1777 0
1821 20
1868 0
1992 22
2090 15
2188 0
2363 34
2419 26
2551 0
2561 26
2568 0
2632 20
2679 23
2904 0
3057 26
3082 0
3125 20
3256 0
3442 23
3453 23
3495 0
3562 23
3575 26
3938 0
3963 23
4072 0
4390 34
4413 15
4433 0
4692 15
5076 0
5093 20
5357 0
5776 26
5795 0
5829 23
5901 0
5947 23
5984 34
6069 0
6119 15
6434 23
6478 0
6503 26
6538 0
6566 20
6835 0
6901 26
7198 0
7217 26
7361 0
7362 22
7366 0
7373 26
7386 0
7427 23
7521 34
7630 0
7747 20
7828 15
7872 0
7941 26
8043 23
8114 0
8144 22
8182 0
8267 23
8636 0
8762 20
8830 26
8863 15
9058 23
9077 0
9153 22
9191 26
9272 15
9282 0
9305 23
9341 26
9404 34
9476 0
9565 23
9977 0
92 events for 7
221 38
363 0
430 85
435 64
516 38
637 0
962 85
1018 0
1140 71
1220 0
1291 82
1301 0
1454 82
1465 0
1471 38
1629 0
1700 82
1829 0
1834 71
1858 0
1861 85
1991 82
2089 38
2100 64
2212 0
2298 64
2307 0
2310 82
2328 0
2344 82
2518 0
2647 66
2740 0
2745 66
2866 0
2938 71
3044 0
3257 66
3335 82
3366 0
3469 85
3529 0
3628 38
3682 0
4160 82
4444 66
4453 0
4504 85
4601 0
4609 66
4753 66
4818 66
4984 0
5096 71
5117 0
5225 38
5254 0
5493 82
5777 0
5883 71
6146 0
6230 66
6817 85
6893 64
6949 0
7122 64
7260 0
7373 82
7443 85
7812 0
7914 38
8117 0
8130 82
8598 0
8628 82
8653 38
8724 0
8754 38
8962 0
9041 64
9271 0
9294 71
9345 0
9421 82
9489 0
9523 66
9542 0
9582 66
9646 0
9691 66
9795 38
9904 0
63 events for 8
245 83
396 0
554 84
758 0
851 83
1211 0
1515 84
1580 0
1962 83
2136 83
2294 0
2813 83
2850 81
2872 0
3021 81
3052 0
3234 84
3247 0
3248 81
3353 0
3653 83
3760 83
4071 0
4172 84
4241 0
4323 81
4447 0
4450 84
4466 0
4769 83
4778 0
4981 81
5336 0
5600 84
5648 0
5970 83
5994 0
6019 83
6046 0
6254 84
6517 83
6563 0
6574 83
6661 0
7251 83
7489 0
7632 84
7636 0
7776 83
7987 0
8365 83
8540 0
8597 83
8667 0
9125 83
9267 84
9301 83
9317 0
9346 83
9638 0
9693 84
9804 0
9990 84
45 events for 9
430 70
549 0
1082 67
1229 0
1445 70
1490 0
1623 67
1946 70
2098 0
2412 67
2691 0
2896 67
3002 0
3009 70
3171 0
3868 67
4297 0
4496 67
4635 67
5328 0
5396 67
5516 0
5638 67
5665 0
5848 70
6186 0
6452 67
6635 0
6691 70
6925 0
7873 67
7913 70
7934 0
8345 67
8353 0
8359 67
8568 70
8581 70
8692 0
8890 67
9348 0
9514 67
9596 0
9610 70
9882 0
29 events for 10
328 64
369 64
845 0
988 64
1373 0
1421 17
2055 0
2481 30
3288 64
3449 0
3469 64
3506 0
3541 30
4609 34
4944 0
5158 30
5423 34
5719 0
6144 64
6479 0
7913 64
8022 0
8154 64
8439 0
8646 64
9398 0
9547 11
9746 34
9844 0
60 events for 11
63 46
190 0
191 58
325 0
449 50
489 0
600 52
915 45
1050 0
1077 53
1369 0
1384 47
1609 0
2002 58
2148 53
2295 53
2383 0
2637 47
2946 0
3199 53
4003 0
4373 53
4576 0
4765 45
5114 50
5162 0
5288 58
5463 0
5488 53
5519 0
5591 46
5647 47
5766 58
5990 0
6004 46
6262 0
6616 46
6620 0
6627 50
6651 0
6779 46
6899 58
6969 58
7257 45
7327 46
7925 0
8252 45
8506 0
8666 46
8719 52
8774 0
9041 53
9186 0
9355 46
9394 0
9546 45
9716 0
9737 46
9819 0
9980 58
55 events for 12
313 85
601 0
663 71
667 0
829 85
1124 0
1224 85
1485 0
1511 71
1661 0
1838 85
1900 71
2582 85
2694 0
3461 71
3670 0
3741 79
3838 0
3999 85
4038 0
4251 85
4255 0
4418 79
4766 79
4918 79
5501 0
5680 79
6031 0
6127 71
6365 79
6558 0
6594 71
6602 0
6947 71
7101 71
7372 0
7509 85
8008 0
8213 79
8229 0
8233 71
8404 0
8635 85
8685 0
8923 79
8924 79
8940 79
9011 0
9126 79
9152 71
9201 79
9338 0
9514 71
9819 0
9982 85
89 events for 13
67 31
80 31
120 0
155 71
186 0
284 89
470 0
544 71
665 31
903 0
965 89
1053 0
1153 31
1203 0
1334 71
1688 0
1738 89
1754 31
2278 71
2470 0
2615 71
2898 0
3124 89
3203 31
3354 0
3373 31
3410 89
3413 0
3422 71
3632 0
3665 89
3743 0
3776 89
3803 0
3900 71
4122 0
4386 71
4693 0
4720 71
4735 0
4741 89
5084 0
5276 71
5307 0
5349 31
5376 31
5474 31
5666 0
6341 31
6411 0
6660 89
6825 0
6920 31
6977 89
7049 0
7066 31
7078 71
7131 71
7307 0
7474 71
7744 0
7839 71
7942 31
7948 0
7979 89
8218 0
8228 31
8231 71
8316 31
8326 0
8338 71
8351 0
8455 71
8472 0
8490 71
8696 0
8778 89
8870 0
8887 71
8940 31
9026 0
9101 31
9282 0
9517 89
9640 0
9726 31
9742 0
9770 71
9894 0
14 events for 14
701 68
1354 0
1933 57
2712 68
4607 0
4630 58
5064 0
5079 57
5124 0
6341 77
6660 0
7295 77
9052 58
9075 0
35 events for 15
233 21
790 0
938 21
1174 0
2143 21
2220 0
2507 31
2647 31
2863 0
3001 21
3091 0
3535 21
3732 0
4281 31
5480 0
5665 21
5754 0
5804 31
5954 0
6188 21
6290 0
6324 21
6360 0
6768 31
6836 0
7429 21
8185 0
8529 31
8534 21
9123 31
9232 0
9293 31
9761 0
9822 31
9854 31
