16 buffers
52377 1962
45153 5774
67790 9595
45091 799
66674 5861
114535 22611
45906 2664
69618 5032
21660 63
101894 7205
48064 4306
56042 10542
43945 3962
71908 13616
31900 6112
63299 9278
16 downlinks
0 94 625 655
1 719 1250 551
2 1344 1875 613
3 1969 2500 592
4 2594 3125 645
5 3219 3750 626
6 3844 4375 532
7 4469 5000 697
8 5094 5625 643
9 5719 6250 610
10 6344 6875 568
11 6969 7500 719
12 7594 8125 577
13 8219 8750 658
14 8844 9375 578
15 9469 10000 623
80 events for 0
236 57
238 45
306 0
448 32
533 53
662 0
827 57
894 0
905 41
1058 53
1071 45
1086 45
1103 0
1240 45
1404 45
1456 0
1482 57
1519 41
1785 42
1907 0
2072 57
2245 53
2392 0
2535 53
2764 0
2784 41
3056 0
3245 32
3523 0
3702 42
3781 0
3818 32
3929 41
4003 0
4374 41
4424 0
4446 41
4460 0
4817 57
5038 0
5117 53
5516 0
5574 41
5651 0
5820 53
5830 53
5925 0
5988 41
6097 0
6204 42
6300 41
6450 0
6615 42
6620 0
6745 41
6862 0
6903 53
7029 0
7131 57
7362 41
7484 41
7653 0
7674 57
7783 53
7832 0
7911 32
7978 0
8032 41
8036 45
8059 0
8287 45
8358 42
8541 0
8577 41
9071 0
9305 45
9409 0
9440 41
9447 0
9913 32
36 events for 1
865 58
1006 0
1071 63
1631 0
2074 63
2196 58
2764 0
2781 46
2993 0
3116 58
3465 0
4045 63
4062 0
4398 63
4417 0
4686 65
5201 46
5768 0
5878 63
6224 0
6259 58
6339 0
6611 63
6742 0
7254 65
7351 0
7674 65
7790 0
7833 49
8237 65
8577 0
9218 49
9329 0
9593 76
9684 50
9796 0
99 events for 2
101 63
603 63
622 63
759 0
783 63
818 0
1131 63
1189 0
1455 63
1610 0
1724 63
1756 0
1965 63
2078 63
2260 63
2429 0
2573 63
2600 0
2906 63
3045 0
3168 63
3508 0
3625 63
3663 0
3677 63
3682 63
3784 0
3822 63
3975 0
4090 63
4191 0
4252 63
4293 0
4425 63
4442 0
4478 63
4537 0
4555 63
4786 0
4892 63
4931 0
5037 63
5038 0
5239 63
5350 0
5366 63
5560 0
5575 63
5826 0
5829 63
6020 0
6048 63
6206 63
6319 0
6340 63
6400 0
6426 63
6514 0
6521 63
6648 0
6832 63
6895 0
6934 63
6957 63
6976 0
7008 63
7067 63
7073 0
7090 63
7119 0
7233 63
7323 0
7497 63
7723 0
7773 63
8103 0
8323 63
8432 0
8579 63
8608 0
8651 63
8716 0
8865 63
8871 0
8911 63
8941 0
9002 63
9407 63
9554 0
9601 63
9714 63
9746 63
9834 63
9866 63
9870 63
9889 63
9896 0
9928 63
9986 63
61 events for 3
155 43
353 0
405 62
512 43
1009 43
1555 0
1577 62
1889 0
2631 54
2648 0
2814 54
2828 54
2984 0
3082 62
3291 0
3443 62
3454 0
3475 62
3665 43
3733 0
3824 43
3975 0
4173 62
4379 62
4541 43
4596 0
5060 62
5507 62
5751 0
5780 43
5824 43
5949 0
5960 54
5975 0
6034 43
6063 0
6338 43
6450 54
6525 0
6630 43
6959 0
7022 62
7135 0
7685 54
7766 0
7851 43
8055 0
8056 43
8165 0
8287 62
8296 0
8608 43
8833 0
9105 43
9246 0
9276 43
9387 43
9461 62
9591 0
9699 43
9839 54
12 events for 4
642 70
1527 0
1941 70
2043 70
2373 0
2382 70
3246 70
3439 0
3707 47
7124 42
8200 0
8379 42
38 events for 5
299 97
665 0
691 90
738 0
1026 85
1061 0
1492 96
1500 0
1621 96
1677 0
1932 97
2001 0
2116 97
2382 0
2810 96
2967 0
3121 97
3190 0
3337 90
3910 0
4032 90
4578 97
4776 97
4991 0
5129 96
5590 97
6385 0
7156 97
7306 0
7316 86
7643 0
8121 97
8232 86
8588 0
8659 86
9093 0
9438 85
9478 0
38 events for 6
673 46
764 0
1479 46
1512 46
1630 46
1709 46
2029 0
2345 46
2397 46
2736 0
2913 46
3056 0
3090 46
3129 46
3323 0
3916 46
3974 0
4139 46
4687 46
4971 0
5154 46
5535 46
5888 46
6039 0
6367 46
6546 0
6868 46
7054 0
7090 46
7112 46
7797 0
8470 46
8518 0
8550 46
9121 0
9297 46
9409 0
9544 46
90 events for 7
26 97
124 0
303 77
470 0
972 47
1059 0
1338 84
1434 77
1462 0
2018 47
2027 69
2098 0
2243 97
2361 0
2393 97
2399 0
2423 97
2438 97
2444 69
2671 0
2763 38
2865 69
2883 0
3079 17
3110 0
3191 29
3231 0
3242 17
3270 0
3274 97
3283 0
3536 97
3636 0
3724 97
3756 29
3813 0
3992 47
4026 47
4082 77
4205 0
4418 29
4455 0
4616 77
4641 0
4803 84
5112 0
5182 29
5332 0
5351 97
5380 0
5723 77
6103 97
6164 0
6298 47
6454 0
6481 38
6595 0
6710 97
6975 69
7196 0
7268 84
7316 0
7322 97
7421 97
7583 17
7594 38
7688 0
7797 29
7842 97
7877 0
7885 97
7958 0
8026 29
8188 0
8388 38
8393 77
8402 0
8649 77
8977 0
8995 84
9115 0
9151 84
9265 38
9291 0
9384 17
9539 17
9595 0
9645 29
9883 69
9976 0
39 events for 8
412 19
562 19
579 0
637 19
639 19
730 0
961 19
1257 0
1521 19
1839 19
1966 0
2107 19
2977 0
3127 19
3694 0
3719 19
3723 0
4201 19
4215 0
4294 19
4356 19
4563 19
4627 19
4944 19
5053 19
5159 19
5206 0
6753 19
7818 0
7874 19
8036 19
8277 19
8435 0
8637 19
8735 0
9092 19
9504 0
9727 19
9937 19
79 events for 9
293 68
317 0
457 68
505 0
508 83
615 83
701 0
857 83
860 0
903 84
1015 68
1074 83
1079 84
1276 0
1361 84
1433 84
1480 0
1770 84
1900 0
2461 84
2512 0
2622 68
2664 0
2665 68
2912 0
2917 83
3061 0
3122 83
3144 0
3187 84
3423 0
3645 68
3686 0
3707 84
4152 0
4188 83
4322 84
4349 0
4612 68
4794 0
4924 84
4946 0
4957 84
4982 0
5035 83
5475 83
5498 83
5594 84
5638 0
5724 68
5816 0
5883 68
6133 0
6365 68
6525 0
6544 83
6571 0
6656 68
6877 68
6882 83
7555 0
7562 68
7693 84
8076 0
8353 83
8406 0
8427 84
8515 0
8638 84
8766 0
8820 68
8947 0
8953 84
8968 0
9135 84
9222 0
9587 84
9592 0
9928 84
25 events for 10
591 31
924 0
1085 40
1682 31
1994 0
2306 24
2351 0
2520 40
3217 24
3479 0
4036 31
4042 0
4639 24
4701 0
5313 40
5581 67
5688 67
5961 31
6655 27
7646 40
7937 0
8161 31
8636 0
8674 31
9063 0
13 events for 11
362 69
954 54
1543 0
1747 54
2472 0
2762 69
4015 0
5745 61
5887 62
7550 0
7717 61
8823 0
9628 69
13 events for 12
146 55
226 0
560 74
1648 0
1921 69
2054 69
3153 74
3524 0
5619 69
6207 0
6491 55
6639 0
8979 68
38 events for 13
89 65
165 0
173 65
620 0
880 56
1550 65
1645 60
1768 64
2533 0
3000 64
3324 60
3415 65
3554 66
3694 0
3909 64
3950 0
4040 64
4069 0
4696 66
5417 60
5533 0
5916 60
6436 65
6522 65
6935 0
6990 64
7301 0
7575 60
7986 0
7994 64
8724 0
8807 64
8933 0
9179 66
9282 0
9334 66
9477 66
9626 0
16 events for 14
773 28
890 0
1071 28
2958 0
3543 28
4477 28
4956 0
5694 22
5953 22
6034 0
6173 25
7196 0
8837 28
9089 28
9755 28
9835 28
69 events for 15
297 65
586 0
1182 65
1487 0
1691 65
1754 65
1833 0
1875 65
1899 0
2254 65
2395 0
3138 65
3267 0
3322 65
3502 0
3610 65
3612 65
3699 65
3876 65
3980 65
4133 0
4220 65
4262 0
4322 65
4524 0
4628 65
4737 0
4934 65
4947 65
5048 0
5141 65
5197 0
5270 65
5312 65
5429 0
5632 65
5681 65
5726 65
5736 65
5758 0
5762 65
5855 65
5942 65
5949 0
6509 65
6596 0
6624 65
6690 65
6764 0
6895 65
6985 0
7171 65
7319 0
7401 65
7876 65
8153 0
8161 65
8312 0
8636 65
8733 0
8782 65
8797 65
9090 0
9201 65
9269 0
9420 65
9762 65
9959 65
9994 65
