4 buffers
80151 5712
144940 12609
153395 28479
67850 6103
12 downlinks
0 125 833 215
1 958 1666 169
2 1791 2499 208
3 2624 3332 215
4 3457 4165 211
5 4290 4998 179
6 5123 5831 224
7 5956 6664 161
8 6789 7497 204
9 7622 8330 199
10 8455 9163 167
11 9288 9996 184
69 events for 0
139 74
254 82
410 0
666 59
711 59
751 0
1849 78
2353 0
2605 73
2932 0
3357 59
3671 73
3718 0
3797 85
3811 85
3861 0
3895 82
3973 0
4157 85
4257 0
4319 85
4482 85
4518 0
4892 78
5127 74
5141 0
5243 59
5259 0
5274 82
5356 0
5466 59
5606 78
5711 82
5902 59
5910 0
5916 82
5946 74
5956 78
6063 0
6308 85
6355 0
6360 73
6450 0
6544 78
6636 0
6655 74
6703 0
6758 74
7200 0
7282 73
7307 0
7522 74
7556 0
7679 82
7878 78
8119 78
8274 0
8349 78
8373 0
8500 73
8627 0
8901 59
9127 0
9426 85
9553 0
9596 59
9838 0
9889 59
9983 73
42 events for 1
0 75
253 0
270 77
506 0
509 75
585 82
806 0
1144 82
1174 84
1812 0
2645 84
2804 0
3104 84
3279 0
3536 75
3734 0
3800 75
4121 0
4169 75
4242 0
4408 84
4593 84
5206 0
5333 82
5609 75
5679 83
5705 0
6024 84
6070 75
6357 84
6366 84
6613 0
7229 83
7276 83
7509 0
7540 83
8308 0
8592 83
8640 84
9555 0
9631 84
10000 0
34 events for 2
76 80
158 0
349 80
604 75
678 0
839 80
889 0
1062 80
1710 0
1813 75
2565 0
2784 80
3928 75
4333 75
4351 75
4617 80
4875 0
4924 80
4937 0
5136 80
5726 0
6289 75
6304 75
6315 0
6788 80
6835 80
6889 75
7892 0
8058 75
8061 0
8365 80
8691 0
9804 80
9820 75
12 events for 3
564 35
1332 0
1435 33
4464 0
5211 35
6285 0
6405 35
7096 0
7281 30
7290 0
7811 29
8603 0
