16 buffers
10615 1681
17072 3167
84031 194
139567 6915
32599 262
56893 9945
63132 1759
55750 3778
45758 3041
64827 2171
90669 4568
43919 4101
59854 1699
29681 3107
30684 4060
125881 14240
16 downlinks
0 94 625 597
1 719 1250 622
2 1344 1875 599
3 1969 2500 601
4 2594 3125 519
5 3219 3750 542
6 3844 4375 614
7 4469 5000 630
8 5094 5625 558
9 5719 6250 539
10 6344 6875 540
11 6969 7500 682
12 7594 8125 580
13 8219 8750 575
14 8844 9375 556
15 9469 10000 543
37 events for 0
159 16
322 0
551 16
651 0
730 16
1259 0
1497 16
1623 0
2358 16
2437 0
2650 16
2755 0
2846 16
3206 0
3710 16
4040 0
4487 16
4718 0
5072 16
5991 0
6280 16
6390 0
6544 16
6831 0
7175 16
7294 0
7477 16
7907 0
8222 16
8305 0
8334 16
8516 0
8545 16
8963 0
9357 16
9495 0
9951 16
55 events for 1
4 24
99 22
200 0
203 20
296 0
791 21
848 20
886 0
976 21
1001 0
1023 21
1037 21
1261 19
1557 0
1602 21
1648 0
1759 22
2132 0
2524 24
2583 0
2935 22
3253 0
4109 24
4264 24
4673 0
4868 20
5129 0
5290 20
5468 0
5741 21
5902 0
5936 24
6164 0
6437 24
6655 0
6745 20
6854 19
7249 0
7470 20
7474 0
7534 20
7536 24
7600 23
7785 0
8120 22
8186 0
8579 24
8589 19
8669 0
9283 21
9287 0
9698 20
9728 0
9899 23
9960 0
37 events for 2
219 84
488 0
767 78
987 0
1298 93
1983 0
1996 84
2719 0
3212 89
3253 0
3626 79
3738 0
4103 89
4251 78
4442 0
4653 84
4703 0
4796 89
5214 78
5453 0
6146 93
6201 84
6443 0
6467 89
6509 79
6687 89
6895 0
7126 79
7327 79
7468 0
7608 78
8438 0
8614 78
9043 79
9359 93
9537 0
9608 84
61 events for 3
186 79
446 79
580 79
785 79
1325 0
1353 79
1379 79
1425 79
1544 0
1574 79
1647 79
2365 0
2449 79
2597 79
2604 79
2884 79
2888 0
2917 79
3354 0
3361 79
3537 0
3570 79
3604 0
3625 79
3950 0
4092 79
4281 0
4439 79
4480 0
4504 79
4527 79
4747 79
4840 79
4871 0
4929 79
5034 0
5050 79
5069 0
5211 79
5246 79
5629 79
5650 0
6106 79
6386 79
6520 0
6952 79
7081 0
7110 79
7227 79
7321 79
7512 0
7621 79
8275 0
8295 79
8676 0
8753 79
8894 0
8933 79
9366 0
9420 79
9983 0
42 events for 4
425 27
1353 27
1804 0
2088 27
2095 0
2258 27
2554 0
3044 27
3531 0
3624 27
3802 0
3941 27
3998 27
4188 0
4195 27
4497 27
4621 27
4798 0
4862 27
4876 0
5596 27
5651 27
5813 27
5837 27
6151 27
6225 27
6590 0
6651 27
6717 0
7163 27
7224 27
7675 27
8279 27
8336 0
8720 27
8824 0
8930 27
9104 27
9302 0
9370 27
9487 27
9650 27
68 events for 5
20 67
507 67
513 0
524 67
531 0
571 67
949 67
1011 0
1019 67
1034 0
1070 67
1259 0
1691 67
1883 67
1921 0
2093 67
2103 0
2369 67
2453 0
2645 67
2707 0
2944 67
2983 0
3048 67
3376 67
3494 0
3516 67
3648 0
3675 67
3863 67
3969 0
4019 67
4045 67
4071 0
4493 67
4911 67
5103 0
5255 67
5258 0
5290 67
5719 0
5732 67
5898 0
6128 67
6206 0
6783 67
6866 67
6872 0
7516 67
7618 0
7813 67
7840 0
7864 67
7868 0
7933 67
8044 67
8097 0
8157 67
8260 0
8470 67
8744 0
8749 67
8909 67
9162 0
9423 67
9530 0
9610 67
9639 67
80 events for 6
120 51
294 51
373 50
711 0
844 51
893 74
1039 74
1474 0
1614 51
1632 0
1652 61
1694 0
1696 61
1738 0
1834 67
1889 0
2052 73
2221 0
2266 73
2355 61
2531 74
2532 0
2687 61
2817 0
2868 50
3164 73
3184 51
3305 0
3337 58
3351 0
3408 67
3721 62
3754 0
3897 61
4044 0
4060 73
4156 0
4195 74
4317 62
4398 0
4799 61
4985 0
4994 73
5044 0
5099 67
5276 0
5278 74
5507 0
5662 62
5671 62
5795 67
5865 58
5883 0
6055 51
6056 0
6066 58
6332 0
6347 58
6518 0
6648 74
6824 0
7086 61
7231 0
7515 58
7617 0
7946 62
8329 0
8341 51
8490 0
8602 61
8872 0
8973 51
8995 0
9022 67
9045 0
9084 51
9362 50
9441 62
9475 0
9536 73
93 events for 7
218 62
267 0
503 62
512 0
701 66
753 0
981 62
1020 66
1212 0
1262 62
1446 0
1580 62
1627 62
1643 0
1680 66
1951 0
2021 62
2062 0
2156 66
2212 0
2437 66
2648 0
2650 62
2791 0
2820 66
2940 0
2956 66
3039 0
3118 62
3155 0
3173 62
3274 0
3478 66
3769 0
3849 62
3876 0
4111 62
4120 0
4248 66
4621 0
4733 66
4812 66
4872 0
4951 62
5045 66
5092 0
5233 66
5255 0
5284 66
5297 66
5511 0
5534 66
5636 0
5904 62
5938 62
5981 66
6017 0
6023 62
6279 0
6423 62
6529 0
6725 66
6799 0
6946 62
6999 0
7151 66
7244 62
7300 0
7329 66
7664 0
7787 62
7890 0
7956 66
8025 62
8090 0
8287 66
8337 0
8352 66
8411 66
8454 0
8516 62
8570 62
8602 0
8613 66
8778 0
8925 66
9015 0
9114 62
9266 62
9348 0
9601 66
9700 62
9858 0
72 events for 8
316 81
362 0
396 58
431 0
603 85
695 0
960 78
961 0
1035 51
1094 85
1096 0
1298 51
1440 81
1459 0
1598 78
1623 85
1652 0
1829 85
2060 51
2109 0
2320 78
2405 0
2428 85
2556 51
2666 0
2789 51
2874 0
3497 58
3535 0
3541 81
3582 0
3588 58
3772 0
3908 51
3972 0
4463 78
4505 0
4628 58
4822 0
5087 81
5159 0
5381 51
5589 0
5638 85
5716 0
6209 51
6216 0
6746 81
6763 0
7267 85
7273 0
7505 85
7901 81
8051 85
8386 58
8473 0
8517 78
8578 51
8627 81
8822 78
8848 0
9138 78
9159 0
9407 51
9466 0
9494 85
9546 0
9727 81
9733 0
9734 85
9807 51
9967 0
46 events for 9
448 71
885 67
934 0
994 71
1140 0
1507 67
1598 0
1699 74
1937 77
2529 0
2536 71
2876 0
3106 79
3325 0
3512 71
3722 71
3787 0
3984 79
4237 0
4944 67
5082 0
5648 71
5695 0
5845 71
5855 79
5918 0
5933 79
6201 0
6337 74
6349 0
6353 77
6920 77
7129 0
7809 71
8195 77
8241 0
8248 75
8276 71
8311 0
8457 75
8531 0
8542 77
8666 0
8917 71
9103 0
9819 71
38 events for 10
277 68
761 0
795 64
946 0
1155 45
1260 0
1361 32
1440 0
1553 76
2496 0
2560 49
2745 0
3109 68
3479 49
3595 76
3891 0
4110 76
4473 0
4854 45
4892 0
5347 70
5737 0
5925 32
6557 0
6747 45
7041 49
7290 64
7489 49
7779 45
7980 0
8205 64
8478 0
8845 45
9259 0
9362 64
9768 0
9963 64
9997 76
15 events for 11
166 61
301 0
738 61
1039 0
1550 18
2078 0
2446 64
3494 0
4448 16
5864 0
7048 28
8890 73
9036 0
9192 61
9745 0
64 events for 12
62 54
89 0
115 54
187 0
302 72
957 0
1308 57
1323 0
1410 39
1449 0
1455 54
1575 0
1671 39
1732 0
1902 54
2022 0
2189 49
2278 0
2593 72
3065 0
3334 72
3706 0
4026 72
4471 72
4523 0
4762 72
4822 72
4906 0
5127 39
5156 0
5169 54
5278 0
5314 39
5333 0
5358 39
5452 0
5669 49
5742 0
5947 49
6302 54
6841 0
6888 54
6914 72
6942 0
6955 39
7073 49
7098 0
7423 72
7716 72
7813 0
7914 54
7928 0
7978 39
8027 0
8264 39
8375 0
8592 39
8763 72
8910 0
8976 72
8978 0
9240 39
9471 0
9834 54
12 events for 13
746 38
923 0
1750 39
2988 0
3256 42
3689 0
4195 35
6029 0
6645 28
6926 0
7862 37
8492 28
45 events for 14
476 35
477 0
791 34
1177 0
1424 37
2083 0
2778 34
2911 34
3215 0
3809 31
4689 0
4740 30
5017 0
5163 31
5250 0
5945 31
5994 0
6154 31
6161 33
6166 0
6222 31
6282 0
6406 35
6437 0
6598 35
6743 34
6843 0
7033 32
7223 0
7322 30
7458 0
7461 31
8105 0
8116 34
8332 0
8812 34
8878 0
8890 31
8907 0
8989 37
9328 0
9798 31
9836 0
9850 35
9917 0
10 events for 15
730 83
4095 0
4954 96
5970 0
5979 58
6897 0
7646 96
7949 0
8884 87
9598 0
