8 buffers
66345 277
45590 9101
64046 12415
20477 881
57724 11256
115345 6898
76722 1844
95799 11356
16 downlinks
0 94 625 290
1 719 1250 369
2 1344 1875 343
3 1969 2500 340
4 2594 3125 299
5 3219 3750 331
6 3844 4375 374
7 4469 5000 296
8 5094 5625 347
9 5719 6250 257
10 6344 6875 317
11 6969 7500 347
12 7594 8125 281
13 8219 8750 253
14 8844 9375 338
15 9469 10000 267
95 events for 0
64 44
166 0
294 73
417 35
630 73
701 35
964 35
1119 35
1159 0
1177 73
1203 35
1249 0
1299 73
1328 0
1373 35
1667 35
1715 53
1788 0
2005 44
2055 0
2626 53
2674 35
2694 0
2799 73
2826 0
2849 44
3133 0
3347 53
3353 0
3368 35
3385 73
3557 0
3857 73
4061 0
4075 44
4125 73
4203 0
4224 53
4378 0
4511 44
4545 73
4615 44
4779 0
5015 53
5062 0
5109 44
5310 0
5360 53
5560 44
5810 0
5925 44
6213 0
6237 35
6265 0
6299 44
6645 44
6775 0
6962 44
6980 0
7165 73
7189 0
7216 44
7327 0
7388 53
7588 0
7854 53
7871 0
7900 73
7942 0
7957 53
7974 0
8017 73
8113 0
8196 35
8303 0
8370 73
8372 0
8520 44
8590 44
8625 0
8821 44
8928 0
8978 73
9072 0
9302 73
9313 53
9406 0
9427 35
9478 73
9531 0
9592 73
9854 44
9859 0
9937 44
9970 0
43 events for 1
200 45
349 0
610 49
1015 45
1291 0
1498 65
1808 43
1996 0
2209 40
2330 63
2958 0
4126 43
4178 0
4290 40
5448 0
5455 46
5501 55
5548 0
5730 40
6024 0
6504 43
6667 0
7120 49
7380 0
7659 43
7912 0
8012 43
8043 0
8056 40
8118 45
8697 49
8757 0
9175 63
9211 0
9308 65
9472 0
9556 43
9610 0
9614 46
9628 0
9675 56
9721 0
9876 45
49 events for 2
211 56
284 56
394 0
456 59
715 0
735 59
915 0
1041 32
1271 75
1534 0
1664 32
1705 0
1841 59
2169 56
2332 0
2433 42
2479 0
2509 75
2543 75
2961 0
3319 56
3628 56
3645 0
3905 56
4060 0
4501 59
4619 0
4716 75
5291 0
5340 56
5590 56
5692 0
5797 59
6398 0
7091 39
7227 0
7613 42
7818 0
7998 32
8233 0
8658 56
8705 42
8765 0
8778 32
8916 0
9375 42
9472 75
9547 0
9615 56
64 events for 3
341 17
403 19
507 0
551 17
561 19
882 0
899 17
1129 17
1326 0
1633 17
1750 0
1780 17
1952 0
1956 17
1975 0
2382 17
2442 17
2476 19
2507 0
2526 17
2817 17
2828 0
2935 19
3032 17
3062 0
3120 19
3221 0
3575 19
3704 19
3916 19
4004 0
4078 17
4084 0
4117 17
4191 19
4296 0
4304 17
4678 17
4743 0
4844 19
5003 17
5444 17
5469 19
5938 0
6055 19
6134 17
6264 0
6720 17
7021 0
7103 17
7116 0
7150 19
7375 0
7785 17
7827 0
8070 19
8489 19
8597 0
8626 19
9488 0
9507 17
9552 0
9853 17
9876 0
12 events for 4
326 70
728 0
4220 69
4991 0
5348 61
5608 0
5952 69
6401 81
7519 0
7526 71
8082 0
8190 71
63 events for 5
304 85
953 0
983 81
1150 81
1278 87
1455 0
1550 81
1694 0
2316 87
2467 0
2650 85
2912 0
2990 81
3080 0
3196 85
3355 0
3364 80
3466 0
3657 86
3732 0
3769 85
3779 81
3894 0
4205 80
4282 0
4446 80
4831 81
4888 0
4958 85
5266 0
5388 87
5616 81
5902 80
5903 0
6162 86
6236 85
6342 0
6352 80
6840 81
6949 87
7109 0
7201 81
7247 86
7324 85
7375 87
7424 0
7617 81
8000 0
8156 86
8579 0
8703 87
8761 0
8788 86
8792 0
9118 85
9349 0
9493 87
9495 0
9526 81
9653 0
9768 87
9928 0
9984 87
55 events for 6
84 29
201 59
831 0
1013 67
1079 0
1183 60
1305 0
1331 60
1584 43
1593 59
1883 0
1963 43
2120 0
2455 29
2462 43
3126 0
3464 67
3533 58
3627 0
3819 59
4079 67
4245 0
4294 37
4537 67
4784 0
4908 67
4972 0
5064 59
5083 0
5339 67
5772 0
6010 37
6244 0
6262 58
6462 0
6535 59
6554 60
6598 0
6646 58
6933 0
7023 29
7535 0
7619 29
7866 0
7888 59
8478 0
8487 43
9216 43
9285 0
9315 43
9344 0
9643 43
9890 0
9992 58
9997 0
98 events for 7
40 86
107 0
449 89
513 29
627 0
638 29
693 0
761 89
993 0
1043 65
1141 0
1191 33
1216 32
1278 0
1293 86
1487 0
1532 65
1660 0
1723 51
1802 0
1850 89
1899 0
2042 65
2090 0
2168 62
2181 29
2470 33
2541 0
2728 65
2909 0
3068 65
3157 86
3352 0
3374 89
3527 0
3551 89
3564 0
3859 89
3896 0
3929 62
4132 0
4145 65
4562 62
4577 0
4665 65
4943 33
5015 0
5071 89
5099 89
5146 32
5157 0
5210 32
5285 0
5434 62
5519 0
5617 65
5622 0
5754 83
5836 83
5854 0
6031 89
6082 0
6095 51
6196 0
6237 86
6293 0
6297 51
6557 83
6558 0
6690 62
6885 0
6903 33
6906 0
6932 86
7068 32
7218 83
7233 83
7242 0
7252 33
7332 0
7348 65
7588 0
7648 51
7773 62
7877 0
8174 51
8201 29
8325 33
8401 86
8525 0
8642 29
8685 86
8922 0
8960 86
9127 0
9458 83
9861 0
9979 51
