4 buffers
177549 32143
141317 17273
91009 12221
57686 5928
12 downlinks
0 125 833 228
1 958 1666 177
2 1791 2499 229
3 2624 3332 199
4 3457 4165 164
5 4290 4998 202
6 5123 5831 221
7 5956 6664 165
8 6789 7497 202
9 7622 8330 162
10 8455 9163 225
11 9288 9996 223
38 events for 0
60 88
172 0
1476 94
1552 0
1673 90
1957 87
2017 94
2138 0
2492 91
3834 0
4291 87
4480 91
4731 0
4763 94
4767 91
4778 0
4865 94
4881 90
5045 0
5177 91
5492 0
5767 90
6076 94
6960 0
7092 88
7374 91
7415 0
7546 94
7621 91
7893 0
7991 94
8256 90
8416 0
8453 94
8481 0
8515 90
9184 87
9661 0
51 events for 1
254 78
519 0
744 78
1158 78
1293 0
1591 78
1903 78
2351 0
2476 78
2513 0
3012 78
3079 0
3184 78
3675 0
3688 78
3853 78
4043 0
4158 78
4437 0
4478 78
4585 0
4873 78
5278 0
5782 78
5834 78
5861 0
5970 78
5987 0
6129 78
6173 0
6351 78
6575 78
6940 0
7241 78
7256 0
7332 78
7378 0
7585 78
8003 0
8059 78
8137 0
8140 78
8326 0
8387 78
8483 0
8515 78
9098 78
9165 78
9767 78
9824 78
9950 0
38 events for 2
257 72
372 0
389 62
458 0
556 62
898 0
1678 61
1720 0
2015 72
2017 61
2048 0
2182 62
2210 65
2302 0
2337 65
2400 0
2469 58
2986 57
3524 0
3686 61
4089 0
4459 61
4560 62
4652 0
4867 65
5037 0
5813 65
6029 57
6471 0
7055 61
7390 0
7584 61
8732 61
8760 65
8948 0
9084 58
9115 62
9374 61
96 events for 3
51 43
73 0
361 43
530 43
823 0
947 27
980 36
1039 0
1270 27
1272 0
1593 40
1722 0
1776 43
1933 0
1943 40
2028 0
2044 43
2147 0
2361 40
2442 0
2722 40
2781 29
2945 43
2962 0
2988 43
3059 0
3355 27
3424 0
3454 29
3560 43
3603 0
3922 43
3978 0
4034 40
4337 0
4639 43
4654 0
4950 43
5000 36
5166 0
5191 29
5357 0
5374 43
5405 0
5423 43
5484 0
5502 43
5759 0
5790 40
5813 0
5848 36
5921 0
6025 36
6178 0
6346 27
6455 0
6514 29
6661 40
6769 27
6864 0
7019 43
7079 0
7149 43
7238 0
7275 27
7349 0
7543 43
7548 43
7566 0
7629 43
7660 40
7717 0
7825 43
7840 0
7858 36
7959 27
8029 27
8038 0
8099 43
8155 0
8199 27
8237 36
8246 27
8294 0
8462 27
8592 0
8637 43
8868 0
9064 36
9134 0
9169 40
9429 0
9503 27
9552 27
9700 0
9928 43
