8 buffers
39369 2715
81671 3700
28680 4000
45682 9025
57131 8472
103472 18593
35454 6820
65710 5446
16 downlinks
0 94 625 338
1 719 1250 262
2 1344 1875 313
3 1969 2500 278
4 2594 3125 338
5 3219 3750 365
6 3844 4375 290
7 4469 5000 309
8 5094 5625 274
9 5719 6250 356
10 6344 6875 262
11 6969 7500 364
12 7594 8125 250
13 8219 8750 252
14 8844 9375 300
15 9469 10000 360
82 events for 0
159 24
350 0
476 35
940 36
998 0
1081 25
1134 0
1406 35
1506 0
1533 35
1552 0
1557 25
1637 0
1707 28
1781 21
1899 0
1982 24
2250 25
2346 0
2352 32
2483 22
2925 0
2969 24
3005 0
3147 32
3251 0
3325 36
3654 22
3858 0
3860 24
3934 35
3966 24
4025 0
4169 21
4216 0
4338 35
4526 0
4597 32
4732 0
4893 25
5027 0
5253 22
5279 0
5640 36
5646 35
5745 0
5926 17
6183 0
6308 28
6321 0
6328 17
6418 36
6499 0
6565 21
6741 25
6823 0
6825 32
6912 0
6983 22
7056 25
7241 0
7297 36
7327 0
7349 36
7389 36
7743 0
7774 25
8277 0
8535 24
8593 0
8622 25
8994 28
9004 0
9193 25
9207 0
9350 28
9535 0
9602 36
9632 0
9659 35
9716 0
9854 32
29 events for 1
277 85
437 0
523 79
2195 79
2650 0
2651 79
2820 0
3181 79
3379 0
3456 79
3839 0
4458 85
4594 85
4987 0
5367 85
5433 0
5768 79
5796 0
6132 79
6165 0
6205 79
7137 0
7385 79
7799 0
7874 79
7993 85
8346 0
8866 85
9342 0
53 events for 2
18 22
30 0
325 22
425 0
517 24
540 0
599 25
646 33
777 0
881 33
1320 33
1414 0
1708 33
2293 0
2414 33
2520 25
3054 0
3556 29
3701 0
3736 33
3754 0
3903 33
3921 0
4015 29
4051 0
4287 24
4295 0
4385 29
4416 0
4484 24
4714 33
4778 0
4868 29
4886 0
4920 24
5340 24
5354 0
5377 25
5403 0
6085 33
6701 0
6737 33
6975 0
7678 33
8224 0
8398 33
8556 0
8812 29
8848 0
9145 22
9225 24
9707 0
9932 24
99 events for 3
254 40
424 0
453 54
521 0
539 57
541 0
605 57
756 0
799 40
818 0
951 58
1017 47
1104 0
1117 47
1303 0
1527 54
1699 0
1758 54
1770 0
1789 58
1846 57
1902 0
2083 54
2168 47
2611 0
2955 54
2967 0
2969 54
2978 53
3036 0
3105 40
3180 0
3228 40
3265 0
3510 53
3549 0
3642 54
3650 0
3777 40
3838 0
3841 57
3884 0
4072 40
4160 0
4182 53
4278 0
4298 57
4324 40
4389 54
4392 54
4394 0
4422 40
4522 47
4660 0
4799 57
4891 0
4906 40
4998 47
5172 0
5194 53
5294 0
5460 54
5545 0
5546 54
5577 0
5598 47
5718 40
5738 0
5827 40
6069 58
6119 0
6142 47
6288 57
6396 0
6540 47
6589 0
6676 40
6984 0
7040 58
7129 0
7301 40
7502 0
7574 40
7659 0
7920 54
8058 0
8111 40
8149 0
8384 53
8405 0
8638 57
8735 0
8905 54
8942 54
8949 0
9081 54
9263 40
9677 0
9840 40
69 events for 4
141 65
168 0
179 65
285 80
572 0
623 80
637 0
648 80
876 0
1138 26
1204 26
1414 26
1520 65
1678 80
1860 65
1907 26
2172 80
2187 0
2233 65
2262 0
2415 65
2445 0
2966 26
3069 26
3275 0
3469 65
3825 0
4067 65
4085 0
4113 80
4185 26
4201 0
4384 65
4398 26
4984 26
5177 0
5317 26
5467 0
5588 65
5900 0
5944 26
6018 0
6099 26
6151 0
6183 80
6420 0
6688 26
6806 80
6810 0
6833 80
6982 0
7138 26
7203 0
7250 65
7934 0
8211 65
8311 0
8436 80
8438 0
8530 65
9037 0
9042 80
9054 0
9118 26
9185 0
9347 65
9551 0
9739 65
9786 0
26 events for 5
0 94
139 0
151 89
349 94
534 0
711 89
992 94
1364 89
1786 0
1789 93
2268 94
3177 0
3480 93
4097 0
4858 93
5159 0
5391 89
5634 0
6156 93
6368 0
6528 89
7981 0
8564 94
9303 0
9779 89
9975 94
98 events for 6
77 44
183 0
265 36
270 0
467 53
505 0
821 53
831 0
981 52
1004 0
1023 44
1086 0
1166 36
1357 0
1475 37
1657 52
1661 37
1726 0
1883 36
1940 0
2014 53
2211 0
2245 37
2378 0
2414 53
2489 0
2706 37
2763 0
2767 44
2867 44
2941 52
2954 35
2979 0
2997 52
3034 0
3038 52
3059 0
3095 53
3111 0
3181 37
3215 37
3254 0
3455 53
3757 0
3865 52
4028 0
4185 37
4354 0
4382 44
4387 0
4412 52
4471 0
4642 53
4682 0
4776 37
4961 0
5027 35
5086 0
5186 37
5237 0
5384 52
5396 0
5400 37
5432 0
5506 44
6076 0
6086 53
6237 44
6270 0
6291 52
6328 0
6346 44
6410 0
6412 53
6421 37
6477 36
6542 0
6700 53
6720 0
7314 35
7451 0
7453 52
7489 0
7731 37
8058 0
8131 53
8137 0
8143 36
8164 0
8781 37
9002 0
9209 36
9211 37
9351 37
9400 0
9505 53
9771 0
9986 37
87 events for 7
3 72
24 0
194 72
547 0
751 52
817 0
883 74
1013 0
1127 74
1236 0
1282 82
1327 68
1337 72
1675 65
1816 72
1979 0
1989 74
2206 0
2224 82
2427 0
2672 74
2699 0
2760 52
2821 56
3050 0
3250 68
3409 0
3440 68
3528 0
3558 56
3622 0
3686 52
3798 0
3879 72
4025 72
4169 0
4269 65
4431 0
4634 72
4721 72
4736 56
4750 0
4784 68
5299 0
5425 51
5522 0
5817 51
5908 0
5924 82
5990 74
6135 0
6158 82
6192 0
6722 51
6750 56
6833 0
6891 52
6893 0
6986 65
7322 56
7393 0
7414 68
7416 65
7507 0
7621 72
7639 0
7654 65
7736 0
7743 52
7777 0
7985 72
7997 0
8001 74
8084 0
8185 74
8352 51
8476 0
8712 65
8721 0
8773 72
8975 0
9465 72
9533 51
9839 0
9850 72
9887 74
9906 0
