16 buffers
35502 6397
40456 5205
45389 1989
135835 24007
90852 3860
26299 2568
106790 11947
34316 5257
32398 6195
32571 413
68508 8243
73271 20
54244 3571
19638 944
19952 1393
85662 6886
16 downlinks
0 94 625 535
1 719 1250 568
2 1344 1875 429
3 1969 2500 545
4 2594 3125 564
5 3219 3750 491
6 3844 4375 544
7 4469 5000 549
8 5094 5625 528
9 5719 6250 540
10 6344 6875 480
11 6969 7500 562
12 7594 8125 508
13 8219 8750 608
14 8844 9375 585
15 9469 10000 520
83 events for 0
20 25
401 0
444 29
492 0
684 23
729 0
921 24
1003 29
1109 0
1307 25
1423 0
1474 23
1578 0
1727 28
1845 0
1847 24
2009 25
2126 0
2290 23
2306 29
2335 0
2538 27
2660 25
2895 28
3287 0
3301 27
3683 0
3723 27
3782 27
4532 0
4593 23
4668 0
4720 29
4834 0
4983 23
5059 0
5060 25
5186 0
5237 24
5251 0
5270 29
5316 0
5526 23
5603 0
5824 27
6249 0
6370 24
6431 0
6462 28
6660 0
6675 25
6696 28
6865 0
6905 23
6949 0
7251 28
7339 0
7398 23
7518 27
7686 24
7808 0
7816 24
7843 0
7939 27
8093 0
8239 28
8437 28
8483 0
8809 25
8933 0
8976 29
9070 0
9203 24
9272 0
9311 29
9474 0
9527 29
9544 25
9579 0
9618 27
9806 0
9939 27
9985 27
58 events for 1
91 25
100 0
400 20
649 39
1033 0
1199 25
1315 0
1383 20
1691 0
1869 20
1921 0
1937 25
1959 0
1995 25
2088 0
2443 25
2481 0
2616 25
2659 25
3177 0
3273 25
3648 39
3701 39
3731 0
3916 39
4058 0
4228 33
4269 0
4299 25
4317 39
4394 25
4956 0
5145 39
5329 0
5471 39
5627 0
5673 33
5730 0
6104 25
6267 25
6487 0
6743 25
6769 0
6826 33
7411 25
7468 0
7578 33
7681 20
7806 25
7822 0
8119 39
8131 33
8326 0
8688 39
8928 25
8975 0
9040 39
9661 0
43 events for 2
569 77
686 77
1104 84
1157 0
1330 77
1571 0
1600 77
2017 0
2536 84
2603 0
2722 77
2753 0
2774 77
3181 77
3401 0
3875 77
3889 0
3971 84
4326 0
4733 84
4770 0
4798 84
4835 0
5843 84
5888 0
6335 84
6676 0
7314 77
7506 0
7611 77
7638 77
7652 0
8071 84
8103 77
8138 0
8538 84
8804 0
8864 77
8871 0
9403 84
9625 0
9639 77
9903 0
92 events for 3
136 95
253 0
330 95
489 0
491 91
823 0
900 95
916 0
994 91
1086 0
1137 91
1362 95
1372 91
1447 0
1523 93
1677 0
1844 95
1867 0
2063 93
2123 0
2143 93
2169 95
2185 0
2190 91
2484 0
2554 95
2723 0
2747 95
2749 0
2840 91
2915 0
2943 95
3077 0
3240 93
3290 0
3343 95
3421 0
3441 95
3685 95
3807 95
3886 0
3965 93
4076 0
4311 95
4363 0
4425 93
4789 0
4897 91
5011 93
5064 0
5157 91
5181 91
5289 0
5313 93
5663 0
5727 95
5968 0
6096 93
6971 0
6991 91
7064 91
7137 91
7270 93
7298 0
7727 93
7978 0
8002 95
8021 0
8124 93
8320 0
8332 93
8562 0
8646 91
8707 0
8731 93
8766 95
8881 0
8933 95
8941 0
9022 95
9045 95
9114 0
9434 95
9460 0
9519 93
9600 0
9651 91
9684 0
9818 95
9833 0
9868 95
9869 0
55 events for 4
4 52
23 0
203 67
447 0
499 52
788 0
862 52
1418 0
1428 66
1666 66
1720 0
1721 52
1803 0
2269 66
2601 0
3341 66
3501 0
3649 67
3667 66
3877 0
3934 52
4295 0
4374 67
4525 0
4528 67
4706 67
4729 0
4761 66
4955 0
5368 58
5619 0
5674 58
5857 0
5987 52
6328 67
6601 0
6765 58
7014 0
7168 66
7256 0
7533 66
7762 52
8082 0
8176 58
8236 0
8429 66
8727 0
8768 52
8858 0
9091 67
9174 0
9212 67
9544 0
9625 67
9994 0
63 events for 5
342 33
769 0
797 33
841 32
1024 0
1189 33
1700 33
1712 0
1974 33
1985 33
2006 0
2088 32
2390 0
2570 32
2577 32
2641 0
3008 32
3090 0
3133 33
3553 32
3557 33
3627 0
3661 32
3702 0
4159 32
4402 0
4866 33
4974 0
5016 32
5043 0
5208 33
5313 0
5720 32
5861 0
6001 33
6131 33
6233 0
6571 33
6720 0
7008 33
7014 0
7303 33
7522 0
7882 33
8112 0
8290 32
8365 0
8391 33
8511 0
8524 33
8611 0
8717 33
8752 0
8880 33
8906 32
9256 0
9544 33
9650 0
9682 32
9896 0
9901 32
9911 33
9997 32
74 events for 6
273 92
330 95
525 0
616 94
648 0
817 88
1257 0
1262 96
1355 0
1569 88
1639 0
1657 95
1688 95
1727 0
2065 92
2156 88
2222 95
2502 92
2718 96
2836 0
3057 95
3065 0
3117 92
3140 0
3233 88
3282 0
3507 92
3528 0
3891 95
4006 95
4183 0
4234 92
4254 0
4544 94
4748 0
4782 92
4857 96
4941 0
5052 94
5072 0
5424 95
6187 0
6269 92
6270 0
6492 92
6544 0
6676 92
6940 0
7130 92
7223 0
7438 92
8102 0
8484 95
8557 0
8616 95
8633 0
8683 88
8704 0
8791 92
8923 0
8958 88
8998 0
9030 95
9122 0
9164 92
9173 0
9182 94
9183 95
9234 0
9481 94
9509 0
9643 95
9875 95
9910 0
10 events for 7
1898 53
2717 0
3651 71
4875 0
4885 71
5186 53
5273 0
5527 53
5645 0
8993 53
99 events for 8
6 20
72 0
109 43
144 44
232 47
252 20
258 43
339 47
403 0
430 29
598 0
629 43
651 20
652 0
717 43
735 0
825 29
867 0
1374 29
1431 0
1658 29
1724 0
1818 44
1828 0
1873 47
1879 0
1966 47
2061 0
2103 29
2181 44
2192 37
2269 0
2360 47
2533 0
2600 44
2615 29
3015 0
3185 37
3218 43
3241 29
3261 0
3339 43
3645 44
3846 0
4228 37
4366 0
4704 44
4720 0
4874 20
4897 44
5105 0
5356 44
5389 0
5396 47
5513 0
5651 20
5690 0
5838 43
5993 0
6069 44
6070 0
6120 47
6156 0
6195 20
6204 0
6237 44
6589 0
7003 43
7011 0
7286 29
7380 0
7395 44
7409 20
7452 0
7579 37
7587 0
7647 29
7722 0
7809 20
7837 43
7899 0
7903 47
8023 0
8120 37
8278 0
8300 43
8517 0
8738 43
8811 47
8943 29
9310 0
9319 20
9523 43
9571 0
9595 37
9681 20
9785 44
9852 0
9977 44
29 events for 9
675 25
706 0
800 25
1056 0
1127 25
1741 25
1952 25
3689 0
4006 25
4395 25
4418 0
4907 25
5230 25
5557 0
5986 25
6023 0
6516 25
6706 25
6799 0
6839 25
7039 25
7286 25
7312 0
7396 25
7435 0
7951 25
8292 0
9452 25
9782 0
40 events for 10
276 56
663 0
1116 53
1532 56
1602 0
1744 53
2151 0
2192 53
2271 0
2652 45
2874 0
3053 53
3213 0
3262 45
3457 0
3945 45
4119 53
4662 56
5178 45
5599 0
5963 56
5972 0
6047 56
6306 56
6674 0
7131 53
7187 53
7509 0
7521 56
7683 45
7741 45
7752 0
8072 45
8277 0
8315 45
8405 0
8507 45
8885 0
9211 53
9246 53
46 events for 11
126 62
509 0
842 63
989 63
1214 0
2114 62
2573 0
2615 62
2860 0
2933 62
3139 0
3220 63
3767 62
3812 0
3866 62
3978 0
4149 63
4257 0
4337 63
4719 62
4845 0
4922 63
5140 0
5180 63
5999 0
6188 62
6289 62
6298 0
6442 63
6883 0
7063 63
7075 63
7149 0
7179 63
7218 0
7286 63
8135 0
8191 62
8229 63
8340 0
8736 63
9056 0
9401 63
9622 0
9872 62
9934 0
47 events for 12
452 60
597 0
643 56
961 0
1079 57
1368 56
1410 0
1417 57
1586 57
1589 0
1598 60
1647 0
2082 57
2118 0
2137 56
2411 0
2441 57
2729 0
2905 60
2925 0
2991 60
3018 0
3092 60
3323 0
3377 60
3924 0
4133 60
4167 0
4663 56
5399 60
5517 0
6374 57
6707 0
7080 57
7181 57
7219 57
7409 56
7595 0
8002 60
8376 56
8458 0
8507 60
8567 0
8841 60
8915 0
9407 57
9652 60
23 events for 13
743 16
769 0
936 20
1013 0
1298 13
1628 0
1711 21
2546 20
2847 13
3367 0
3980 21
4888 0
5452 21
5489 0
6457 13
6840 0
7063 20
7302 12
8062 20
8688 13
8742 16
9389 0
9782 21
61 events for 14
626 15
769 23
1116 0
1295 23
1307 0
1360 15
2131 0
2226 15
2237 0
2296 23
2378 0
2379 15
2625 15
2646 0
2792 15
3264 23
3338 0
3553 15
3598 23
3603 0
3669 15
3987 15
4098 0
4132 15
4492 0
4593 15
4732 0
4836 23
4931 0
4956 23
5053 23
5108 0
5109 15
5305 0
5374 23
5503 23
5581 23
5824 0
5927 23
6134 0
6182 15
6286 15
6342 23
6530 0
6619 23
6632 23
7187 0
7467 15
7556 15
8034 0
8157 15
8337 0
8471 23
8826 23
8905 23
9535 0
9639 15
9647 15
9834 0
9874 15
9963 0
36 events for 15
674 72
935 0
1241 84
1296 82
1402 0
1970 82
2031 0
2058 84
2292 0
2308 82
2524 0
2924 84
2938 69
2968 84
3919 0
4246 82
4522 0
4683 69
4900 0
5145 77
5291 0
5299 77
5480 77
5511 0
5828 72
5899 77
6088 0
6295 69
6504 82
6647 83
7011 84
7293 0
8271 72
8415 0
8838 84
9582 0
