8 buffers
90348 752
32086 3237
140199 21922
172637 14871
180322 20519
283785 46362
161502 8570
132782 8249
8 downlinks
0 188 1250 416
1 1438 2500 420
2 2688 3750 419
3 3938 5000 424
4 5188 6250 347
5 6438 7500 417
6 7688 8750 326
7 8938 10000 390
49 events for 0
5 77
133 0
322 19
699 0
758 69
1171 0
1251 77
1253 0
1500 78
1724 62
1749 0
2011 62
2029 43
2043 0
2170 56
2416 0
2427 69
2462 43
2890 0
3389 69
3598 62
3647 78
3717 78
4031 0
4481 69
4695 0
4707 43
4870 0
4963 56
5012 0
5871 19
5980 0
6167 77
6563 0
6921 62
7031 0
7343 69
7447 53
7986 0
8124 78
8360 0
8545 19
8563 16
8765 0
9207 77
9471 0
9536 77
9621 0
9750 78
12 events for 1
121 23
187 0
3780 23
4035 23
4267 0
5765 23
7472 0
7805 23
8697 23
8736 0
9232 23
9627 0
91 events for 2
36 92
160 0
205 92
331 92
390 0
585 40
833 0
957 40
1392 82
1678 0
1740 92
1777 40
2034 0
2134 40
2179 82
2337 40
2370 0
2380 40
2415 0
2485 92
2588 0
2775 40
2840 0
2856 92
2908 0
2962 82
2972 0
3020 40
3052 0
3370 40
3396 0
3441 40
3468 0
3881 92
3996 0
4068 82
4175 40
4178 82
4208 0
4256 92
4391 0
4602 40
4799 0
4955 92
5093 0
5235 92
5239 0
5263 40
5442 0
5518 40
5658 0
5667 40
5728 0
5731 82
5790 40
5809 0
5972 92
6009 0
6102 92
6404 0
6509 92
6672 92
6687 0
6894 92
7024 0
7042 40
7162 82
7330 0
7366 92
7634 0
7639 40
7829 0
8094 92
8148 0
8152 92
8258 0
8286 40
8501 0
8542 82
8771 40
8872 0
8929 40
9058 0
9083 40
9146 40
9178 0
9275 92
9802 0
9813 40
9956 0
9992 92
85 events for 3
7 69
57 0
382 64
406 0
443 47
753 64
777 0
843 64
1009 0
1017 83
1363 47
1853 64
2055 56
2257 0
2529 69
2546 0
2900 47
2953 0
2983 83
2994 0
3051 64
3278 0
3306 56
3322 0
3328 56
3379 56
3456 0
3485 69
3523 56
3875 0
3922 69
4001 0
4035 47
4132 0
4164 64
4549 47
4602 69
4895 64
5029 0
5086 47
5241 0
5340 83
5619 69
5654 0
5684 69
5725 83
5814 56
5817 0
5866 64
5878 0
6034 64
6054 56
6071 0
6206 64
6507 0
6527 69
6542 0
6652 47
6655 0
6790 69
6957 0
7181 47
7875 56
8245 0
8324 47
8359 0
8378 69
8800 56
8929 0
8975 83
9012 83
9162 56
9243 69
9258 0
9306 56
9364 64
9401 83
9659 0
9682 47
9719 69
9780 69
9803 47
9826 0
9841 64
9993 83
85 events for 4
230 68
353 0
592 70
684 0
852 68
929 0
988 66
1018 69
1037 70
1156 0
1308 68
1674 0
1699 68
1753 68
1766 68
2258 0
2331 69
2551 0
2577 68
2979 0
3059 66
3179 69
3201 65
3463 0
3556 70
3606 67
3614 0
3617 69
3640 0
3790 67
3833 0
4101 70
4186 0
4286 65
4534 67
4772 66
5089 0
5092 66
5229 0
5397 70
5427 0
5436 67
5623 0
5757 66
5831 0
5873 65
6010 0
6016 68
6022 0
6042 68
6082 0
6177 65
6233 0
6260 68
6325 0
6401 66
6429 0
6944 68
7081 70
7364 0
7573 70
7693 0
7833 70
7876 0
7955 68
8295 0
8405 65
8409 70
8414 0
8415 68
8529 0
8612 70
8691 0
8720 67
8776 0
8837 66
8901 0
8966 68
8967 0
9011 67
9201 0
9514 70
9611 68
9656 0
9671 69
30 events for 5
662 84
851 0
1187 87
1354 0
1777 84
2716 0
2939 85
3183 0
3195 90
3492 87
3677 0
3918 85
4263 0
4290 87
5244 90
5348 0
5484 87
5928 84
6082 0
6256 87
6555 85
7029 0
7217 83
7751 0
8085 94
8487 94
8620 0
8676 84
9659 0
9871 87
11 events for 6
796 71
2865 0
3178 71
3565 0
3741 71
4961 0
6929 77
7693 0
8644 71
9369 71
9829 0
19 events for 7
314 69
1367 0
1380 47
1924 0
2098 58
3240 47
4005 0
4087 47
4278 0
4359 47
4413 0
6182 69
7694 0
8129 41
8229 0
8608 48
8707 0
9776 41
9998 0
