16 buffers
171048 17693
151030 29034
203439 6185
88053 10391
70095 7822
236016 22134
198198 34600
205560 21704
270074 42783
357389 31274
143002 5562
222988 20833
229391 34662
131387 10460
450032 51670
490600 31345
4 downlinks
0 375 2500 615
1 2875 5000 512
2 5375 7500 556
3 7875 10000 571
86 events for 0
57 30
99 30
235 0
245 23
458 23
479 0
713 23
941 23
946 0
1007 23
1365 0
1688 23
1701 0
1889 30
1903 23
1968 30
2102 0
2290 30
2482 0
2645 30
2690 23
3166 0
3283 23
3445 0
3561 30
3689 0
3754 23
3866 0
3991 30
4085 30
4268 0
4344 23
4436 0
4474 30
4583 0
4718 23
4729 30
5647 30
5671 0
5733 23
5852 0
5871 23
5912 23
6164 23
6244 0
6291 30
6385 0
6431 23
6447 0
6499 23
6630 30
6640 23
6743 0
6811 30
7027 0
7189 30
7351 0
7386 23
7395 23
7539 30
7770 23
7813 23
8199 0
8386 30
8394 0
8528 23
8630 23
8698 23
8828 23
8872 0
8929 30
8950 30
9156 23
9187 0
9294 23
9423 30
9497 30
9512 0
9539 30
9648 0
9659 23
9662 0
9776 23
9821 0
9896 30
9930 30
22 events for 1
422 31
538 0
1488 62
1569 0
1931 31
2121 0
2169 31
2615 0
3876 62
4337 0
4837 62
5323 31
6486 31
6569 0
6603 31
9083 0
9095 31
9141 62
9290 62
9421 0
9552 62
9891 0
21 events for 2
471 31
795 0
876 41
1080 0
1746 40
1779 0
2206 26
3245 0
3839 31
4205 0
4258 31
4324 0
4685 36
4871 0
5508 36
5912 31
5928 0
6145 40
6317 40
9302 0
9756 31
21 events for 3
30 41
54 0
199 32
327 0
437 41
1257 0
3258 41
3747 0
4058 44
4307 44
4485 0
4536 44
4672 0
5727 29
6559 0
7229 41
7352 0
8362 41
8858 0
8958 41
9387 0
18 events for 4
298 17
1333 0
1415 22
2056 0
2251 22
2486 17
3636 0
3803 17
4478 0
5230 17
5437 0
5521 22
5937 17
7356 0
8476 17
8621 17
8895 0
9856 17
66 events for 5
27 76
109 0
148 47
249 0
315 51
663 0
847 73
945 0
1061 51
1270 73
1384 73
1416 0
1613 73
2005 73
2025 47
2148 0
2165 47
2403 73
2452 0
2594 76
2655 47
2781 0
2818 51
2916 0
2931 73
3047 0
3332 47
3880 76
3883 0
3982 76
4373 0
4699 76
4787 0
4797 47
4885 73
4999 0
5128 47
5218 76
5408 0
5425 47
5537 47
5654 0
6076 51
6300 47
6376 0
6811 76
7227 0
7378 76
7428 0
7666 51
7732 0
7784 47
7863 0
7893 47
8147 47
8164 0
8430 51
8432 0
9224 47
9310 0
9394 51
9404 0
9410 76
9456 0
9773 73
9988 0
41 events for 6
402 38
458 47
772 36
1022 0
1148 38
1228 0
1341 47
1351 63
1413 0
1801 63
2212 0
2930 38
2954 63
3086 0
3465 38
3488 0
3726 36
3923 0
4677 47
4843 0
5143 63
5912 63
5942 0
6580 63
6694 63
6854 38
6857 0
6873 36
6885 0
6888 36
7108 0
7318 63
7352 0
7601 47
7701 0
7943 63
8490 0
9058 63
9149 0
9593 63
9716 0
10 events for 7
339 48
1082 0
1115 48
3948 0
3971 48
5686 0
5874 48
6025 0
8600 48
9196 48
54 events for 8
45 46
96 46
431 54
916 0
1254 46
1319 0
1886 46
1916 49
2083 0
2160 49
2292 0
2334 46
2866 0
3101 49
3282 48
3335 0
3849 58
4210 0
4303 48
4360 52
4441 0
4784 46
4795 0
4837 43
5244 0
5416 52
5441 0
5520 46
5850 0
5851 46
5969 46
6213 0
6225 49
6364 0
6394 54
6527 0
6730 46
6838 52
7542 0
7628 46
7638 0
7675 49
7709 0
8093 58
8124 0
8271 46
8339 0
8481 49
8862 58
9122 0
9253 52
9309 46
9329 0
9547 46
91 events for 9
13 78
16 0
33 46
59 0
134 46
145 0
282 46
332 78
526 78
825 0
1031 46
1082 0
1169 78
1369 46
1381 0
1524 46
1584 0
1736 46
1775 0
1848 78
2077 78
2114 78
2119 78
2165 0
2213 46
2383 78
2618 78
2724 78
2769 46
2951 0
3179 78
3320 78
3331 78
3390 0
3439 78
3499 0
3523 78
4086 0
4469 78
4560 78
4841 0
4905 46
4916 0
4936 78
4991 0
4999 78
5036 0
5137 78
5270 78
5274 78
5287 0
5345 46
5375 0
5402 78
5510 0
5520 46
5521 0
5747 78
5798 0
6328 46
6362 78
6492 0
6511 78
6553 0
6557 46
7027 0
7067 78
7084 0
7203 78
7231 0
7262 78
7378 0
7473 78
7731 0
7778 46
7879 0
8093 78
8100 0
8385 46
8506 78
8714 0
8776 46
8916 0
8933 78
8953 0
8962 46
9256 0
9418 46
9525 0
9816 46
9921 0
10 events for 10
2088 79
2341 73
2684 0
4538 79
4943 0
5816 73
6499 0
7386 70
8290 0
9413 70
30 events for 11
250 67
314 0
489 63
688 0
874 67
888 0
1090 63
1181 0
2732 63
2793 63
3264 0
3753 67
3769 0
4068 67
4966 63
5192 0
5431 55
5720 0
5885 67
6312 0
6416 55
6614 0
6731 63
7101 0
8567 49
8600 55
8665 67
9289 0
9632 55
9945 0
57 events for 12
156 51
222 0
230 51
405 0
563 39
853 0
1402 39
1558 0
1753 51
2165 0
2356 51
2441 0
2657 51
2690 51
2738 0
3049 39
3051 0
3195 51
3614 51
3799 0
3838 51
3927 0
4309 39
4337 0
4700 39
4878 39
4894 39
4902 51
4956 0
5049 39
5387 0
5446 39
5628 0
5633 51
5775 51
5900 0
6013 39
6091 0
6532 51
6617 39
6753 0
7225 39
7303 39
7381 0
7544 51
7947 0
7953 51
8184 39
8215 39
8671 0
8770 51
9034 0
9091 51
9097 0
9212 39
9268 0
9462 51
41 events for 13
105 32
375 0
995 34
1216 0
1276 29
1665 0
2114 26
2144 0
2233 27
2595 0
2941 34
2959 23
3056 0
3091 29
3424 29
3676 20
3748 0
3761 18
3803 0
4378 18
4562 20
4664 0
4901 18
5108 0
5572 29
6314 23
6445 0
6742 23
7023 0
7340 29
7359 0
7906 18
8276 34
8346 0
8366 34
9067 0
9299 29
9589 34
9622 18
9723 0
9761 27
79 events for 14
6 94
61 85
93 94
896 94
935 85
1151 0
1393 85
1500 94
1706 0
1824 94
1919 0
2067 85
2311 0
2388 94
2442 0
2472 94
2508 94
2606 0
2766 85
2808 85
2887 0
2911 85
3104 0
3139 85
3381 0
3401 94
3426 0
3496 85
3595 0
3654 94
3713 94
3714 0
3749 85
3769 0
4055 85
4108 94
4350 0
4462 94
4510 0
4557 94
4620 0
4635 94
4704 85
4863 0
4976 94
5275 85
5435 0
5630 85
5852 0
5918 85
6042 94
6528 0
6530 94
6690 0
6820 94
6880 0
7242 94
7456 0
7553 94
7564 0
7774 94
7923 0
7978 94
8349 94
8368 0
8540 85
8591 0
8900 94
8912 0
8915 94
8926 0
9096 85
9123 0
9125 94
9155 0
9318 94
9552 0
9658 94
9748 94
95 events for 15
25 90
290 0
571 93
651 96
767 0
798 96
1006 96
1159 0
1263 89
1378 96
1393 0
1397 96
1538 0
1724 96
1755 0
1786 95
1838 0
1844 96
2019 0
2176 89
2251 0
2391 90
2861 96
2901 89
2957 0
3079 95
3096 0
3154 90
3238 0
3370 90
3476 0
3546 90
3567 0
3575 96
3628 89
3940 0
4237 96
4367 0
4468 90
4566 0
4688 96
4880 0
5099 89
5106 0
5181 95
5198 96
5237 0
5492 92
5508 89
5581 0
5584 95
5732 0
5735 96
5752 0
5880 90
5977 90
6121 0
6189 93
6234 0
6378 89
6659 0
6993 90
7007 0
7044 90
7074 0
7222 93
7323 89
7414 0
7438 89
7639 0
7982 92
8085 0
8096 90
8137 0
8207 95
8253 0
8565 96
8641 0
8668 95
8671 0
8701 92
8800 92
8950 90
9023 0
9225 96
9352 0
9357 96
9506 0
9513 90
9529 90
9737 0
9777 89
9946 95
9953 0
9972 95
