8 buffers
49219 9635
33867 3214
152290 24626
123778 18104
133384 406
105493 8377
76276 3869
74903 7361
8 downlinks
0 188 1250 310
1 1438 2500 217
2 2688 3750 317
3 3938 5000 312
4 5188 6250 279
5 6438 7500 272
6 7688 8750 251
7 8938 10000 216
44 events for 0
254 27
274 27
483 0
1083 27
1656 0
1777 27
2338 27
2540 0
2622 27
2951 0
2967 27
2984 0
3148 27
3208 0
3314 27
3381 27
3565 0
3832 27
4291 0
4452 27
4590 0
5165 27
5207 0
5275 27
5354 0
5622 27
5861 0
6094 27
6427 27
7169 0
7268 27
7557 27
7793 0
7968 27
8032 0
8811 27
8879 27
9148 0
9237 27
9347 0
9628 27
9717 27
9801 0
9884 27
49 events for 1
131 21
140 0
336 19
358 0
629 21
764 0
841 21
1357 18
1606 0
2752 21
2929 21
3012 0
3581 18
3622 0
3634 21
4118 20
4371 21
4465 0
4620 18
5121 0
5605 19
5852 18
5864 21
6265 19
6464 20
6466 0
6727 18
6769 0
7094 18
7119 0
7171 19
7413 0
7490 18
7800 21
7811 0
8041 18
8359 0
8414 18
8579 21
8583 19
8766 21
8930 0
8966 18
9035 0
9049 20
9097 0
9098 21
9252 0
9990 20
38 events for 2
81 58
114 0
314 58
1260 0
1321 58
1341 0
1393 58
1538 0
1605 58
2397 58
2626 0
2685 58
3189 0
3464 58
3537 0
3653 58
4346 0
4650 58
5015 58
5093 0
5276 58
5688 58
6004 0
6045 58
6206 0
6560 58
6755 0
6890 58
7002 0
7065 58
7117 0
7950 58
8958 58
8983 0
9091 58
9420 58
9521 0
9870 58
53 events for 3
149 59
316 68
358 47
380 0
657 59
1940 0
2288 68
2377 62
2431 0
2499 62
2625 0
3053 62
3293 59
3360 0
3814 47
3866 0
4156 59
4671 0
4754 59
4887 0
4989 59
5067 0
5204 59
5263 62
5534 0
5642 59
5791 68
6468 0
6474 68
6602 68
6701 0
6884 62
7320 0
7599 59
7788 0
7883 47
8013 0
8102 47
8136 47
8266 62
8294 0
8359 59
8371 0
8456 68
8581 0
8919 62
9035 0
9142 47
9146 0
9221 62
9326 0
9332 62
9886 0
66 events for 4
127 63
594 0
661 75
1322 0
1572 80
1632 0
1912 75
2000 72
2036 0
2095 62
2128 0
2310 62
2457 59
2500 0
2553 75
3213 75
3317 0
3539 62
3700 59
3769 0
3786 62
3870 0
4081 63
4196 63
4410 0
4482 75
4646 0
4737 63
4859 0
4927 59
5054 0
5208 59
5320 75
5333 0
5380 62
5432 62
5664 75
5858 0
5919 80
6090 0
6091 62
6128 0
6129 72
6177 75
6574 59
7062 0
7111 62
7301 75
7336 0
7613 75
7911 80
7932 0
8148 63
8293 0
8615 62
8672 62
8859 0
8928 62
8942 75
9062 0
9090 62
9134 0
9289 72
9389 75
9442 0
9612 62
28 events for 5
590 45
1075 34
1675 0
2355 49
2478 45
2479 0
3078 57
3247 57
3395 0
3680 49
3696 0
3699 34
4669 0
4690 45
4739 0
4843 45
4957 57
5636 34
6240 0
6603 34
6770 0
7107 34
7311 0
7345 57
7843 57
8579 0
8989 34
9288 45
54 events for 6
210 53
407 0
508 53
722 48
941 0
1470 55
1558 53
1848 48
2042 0
2056 53
2107 0
2267 55
2443 0
2847 55
2873 0
3141 58
3149 0
3344 58
3356 53
3765 48
3897 53
3965 0
4214 55
4324 0
4422 48
4459 0
4516 48
4555 0
4877 53
4885 0
5123 48
5601 0
6244 53
6297 58
6335 0
6488 58
6850 0
6877 48
7088 0
7124 55
7372 0
7567 48
8078 0
8079 55
8121 55
8365 0
9211 55
9487 0
9570 48
9641 0
9715 53
9755 0
9811 58
9979 0
80 events for 7
268 45
357 53
584 27
711 0
736 53
778 45
869 27
974 27
1028 0
1031 53
1184 0
1243 27
1266 27
1397 45
1690 0
1919 53
2286 0
2513 45
2531 0
2565 27
2667 0
2871 53
3045 0
3105 53
3310 53
3635 45
3829 0
3847 53
3852 0
4018 27
4577 0
4810 53
4814 0
4830 27
4831 27
4926 0
5250 53
5459 0
5630 53
5638 27
5911 0
5935 45
6092 0
6149 53
6174 0
6336 27
6422 53
6568 45
6612 0
6618 53
6643 0
7017 53
7049 0
7131 27
7368 27
7471 0
7571 53
7614 45
7656 45
7665 0
7680 53
7709 0
7740 27
7837 0
8461 27
8610 45
8629 0
8779 53
8895 27
8997 0
9002 27
9329 0
9379 27
9423 0
9515 45
9518 0
9828 27
9852 45
9856 0
9899 27
