8 buffers
86380 2290
99552 4509
127136 3992
118221 23146
97865 17669
148255 22976
55665 7739
82297 528
8 downlinks
0 188 1250 221
1 1438 2500 207
2 2688 3750 267
3 3938 5000 214
4 5188 6250 207
5 6438 7500 230
6 7688 8750 284
7 8938 10000 235
97 events for 0
153 33
237 0
242 36
594 0
596 35
645 36
715 0
762 35
828 0
883 36
934 0
1139 35
1282 0
1284 36
1294 0
1307 36
1351 0
1486 36
1512 36
1611 0
1682 35
1741 36
1991 0
2143 33
2257 0
2305 36
2363 0
2376 36
2418 36
2480 0
2482 36
2503 0
2617 35
2711 0
2734 36
2798 36
2851 0
3012 36
3029 0
3353 35
3397 0
3657 36
3797 0
3855 36
3944 36
3953 0
3996 36
4039 0
4053 36
4074 0
4122 36
4139 0
4141 33
4213 0
4402 36
4442 0
4674 36
4680 0
4805 36
4841 36
4912 0
4920 36
4947 0
4995 35
5150 36
5283 0
5714 36
5812 36
6095 0
6340 36
6488 0
6682 33
6989 36
7070 36
7238 35
7696 36
7774 36
7802 35
7882 0
8036 36
8107 0
8376 36
8445 36
8482 0
8767 36
8802 0
9051 35
9236 33
9370 0
9384 36
9414 0
9427 36
9519 0
9540 36
9578 36
9646 36
9960 0
58 events for 1
269 74
737 0
1084 69
1127 66
1253 0
1407 74
1412 0
1480 48
1483 29
1636 0
1767 69
1952 66
1960 0
1993 29
2022 0
2237 69
2508 29
3180 0
3247 48
3366 69
3451 0
3514 48
3555 0
3567 66
3637 0
3728 29
4019 0
4112 29
5051 0
5179 48
5280 69
5319 0
5965 29
5983 0
6166 29
6210 0
6238 69
6390 0
6460 29
6497 0
6525 74
6658 29
6660 0
6728 48
6732 0
7014 38
7026 0
7134 69
7429 29
7447 29
7449 38
7690 0
8074 48
8218 66
8293 38
8614 0
9596 69
9633 0
93 events for 2
31 52
125 0
170 52
220 0
305 52
341 0
379 52
390 0
482 52
546 0
562 52
727 0
763 54
806 0
1172 52
1283 0
1285 52
1478 0
1818 52
2093 52
2592 0
2630 52
2772 52
2784 52
2891 0
2922 54
3084 0
3146 54
3201 54
3249 0
3303 54
3481 0
3576 54
3700 0
3977 54
3995 52
4099 52
4322 0
4477 52
4566 0
4599 52
4707 0
4716 52
4889 0
4987 54
5047 52
5176 0
5244 54
5256 0
5541 54
5668 0
5674 52
5680 0
5693 54
5834 52
5844 52
5859 0
6092 54
6237 54
6238 54
6277 0
6366 52
6432 54
6439 0
6535 54
6544 54
6557 0
6773 54
7070 54
7116 54
7295 54
7299 0
7471 52
7782 0
7858 52
7986 0
8036 52
8121 0
8156 54
8306 54
8329 0
8351 52
8479 54
8654 0
8666 52
9036 54
9049 0
9373 52
9516 0
9640 54
9850 0
9992 52
10000 0
28 events for 3
34 50
115 0
149 33
365 0
1018 33
1693 0
1931 50
2100 50
2110 0
2322 50
3028 33
3218 50
3731 0
3846 33
3996 50
4072 50
4245 33
4450 50
5287 0
5385 50
5493 0
5945 50
6257 50
6262 33
7215 0
8630 33
9628 33
9844 33
89 events for 4
24 31
54 0
200 31
232 41
300 37
971 0
1005 31
1010 0
1171 36
1249 36
1299 0
1313 32
1373 0
1390 32
1416 0
1478 32
1594 32
1689 37
1835 41
2114 32
2191 0
2285 32
2328 0
2409 32
2435 0
2444 37
2507 0
2539 36
2650 31
2802 0
2906 32
3018 37
3213 36
3387 36
3530 32
3577 0
3608 32
3653 0
3712 37
3835 32
3939 0
4072 32
4078 0
4200 36
4221 0
4263 41
4454 32
4855 0
5013 32
5165 0
5166 37
5259 0
5448 32
5460 0
5656 31
5694 0
5771 32
5825 37
6006 0
6145 37
6310 0
6318 36
6383 0
6684 32
6881 0
6901 31
7644 0
7806 37
7930 0
7994 32
8044 0
8118 32
8129 0
8171 32
8345 0
8367 32
8490 0
8652 41
8725 37
8945 0
8993 36
9139 41
9208 0
9316 32
9360 0
9521 36
9814 32
9823 0
9855 31
62 events for 5
25 65
213 0
370 80
403 65
564 0
811 76
849 0
902 61
1032 0
1039 76
1656 77
1716 0
1717 79
1723 61
1875 0
2126 80
2232 0
2499 84
2595 0
2799 65
2903 0
3383 84
3385 0
3545 84
3617 84
3878 80
3889 0
4139 77
4294 0
4399 76
4563 0
4811 65
5287 84
5432 0
5496 79
5586 80
5590 77
5602 0
5767 77
5829 0
5916 65
5922 84
6103 0
6352 77
6404 0
6549 84
6566 0
6916 77
7003 65
7068 80
7111 77
7732 0
7826 72
8174 0
8389 77
8500 77
8515 0
8681 61
8763 0
9130 61
9608 0
9643 84
35 events for 6
13 61
322 0
457 53
540 0
1200 61
1328 0
2147 61
2157 51
2302 0
2975 72
3131 0
3670 61
3738 0
3837 72
4066 0
4156 53
4358 0
4629 53
4682 0
6410 53
6640 0
6649 72
6702 0
7563 61
7601 0
7889 61
8264 0
8506 72
8632 0
8694 61
8791 0
8944 51
9163 0
9172 53
9222 0
52 events for 7
38 39
464 0
618 29
621 0
624 28
750 0
932 48
1305 39
1418 0
1538 49
1550 48
2246 0
2312 17
2736 0
2832 48
3042 29
3070 17
3180 0
3404 48
3506 0
3619 28
3790 0
3925 28
4083 22
4106 0
4532 28
5062 48
5457 0
5613 51
5944 0
6137 48
6630 0
6827 15
6894 0
7033 51
7122 0
7314 51
7434 0
7544 48
7553 28
7629 51
7662 39
7827 0
7923 28
8372 51
8680 0
8814 29
8960 0
9179 17
9328 0
9333 29
9730 0
