4 buffers
39405 55
134080 19892
72501 12330
78121 9663
12 downlinks
0 125 833 156
1 958 1666 134
2 1791 2499 150
3 2624 3332 153
4 3457 4165 152
5 4290 4998 135
6 5123 5831 140
7 5956 6664 129
8 6789 7497 117
9 7622 8330 122
10 8455 9163 155
11 9288 9996 166
41 events for 0
103 25
310 27
387 0
863 35
947 0
1113 35
1423 41
2118 0
2138 35
2186 35
2190 27
2511 0
2532 27
3356 0
3500 28
3677 0
3872 41
3970 0
4095 28
4119 0
4312 35
4363 0
4374 30
4511 0
4774 25
5032 30
5044 0
5246 30
6147 28
6214 0
6284 35
7308 0
7830 35
8033 0
8099 41
8439 0
9025 41
9223 0
9229 35
9300 19
9342 0
23 events for 1
427 84
659 0
694 84
1255 0
1267 78
1859 0
2136 74
2525 74
2687 0
3299 74
4869 0
5087 84
6049 0
6570 84
6595 84
6750 0
7524 74
7648 0
7995 74
8211 0
8570 74
8989 84
9933 74
41 events for 2
32 40
65 39
325 0
354 34
963 40
1009 0
1172 40
1364 0
1378 41
1875 35
2054 0
2366 39
2492 40
3042 0
3900 34
4005 39
4160 34
4321 0
4397 34
4967 0
5052 35
5088 39
5204 0
5330 41
5765 0
6201 39
6946 40
7180 0
7453 34
8007 0
8136 39
8240 0
8655 34
8681 0
9120 34
9182 0
9347 35
9349 35
9578 0
9643 39
9939 0
92 events for 3
181 38
344 0
409 61
475 0
641 61
719 0
922 38
964 0
967 38
986 0
1048 61
1104 38
1188 38
1205 0
1386 61
1404 0
1465 38
1529 0
1597 38
1777 0
1950 38
1967 0
2016 38
2037 0
2130 61
2165 0
2340 61
2394 0
2572 38
2628 61
2710 38
2868 61
2899 61
2939 61
3104 38
3119 0
3131 38
3246 0
3504 38
3567 0
4028 38
4208 0
4289 61
4402 61
4465 0
4510 38
4563 0
4720 38
4762 38
4837 61
4912 38
4928 0
5053 61
5074 0
5319 38
5452 0
5532 61
5601 38
5641 0
5797 61
5838 61
6002 0
6056 38
6097 38
6142 0
6187 38
6188 38
6202 0
6367 61
6497 61
6823 0
7073 38
7085 0
7335 38
7417 0
7488 61
7729 0
7795 38
7822 61
8171 0
8302 61
8368 0
8491 38
8724 0
8873 61
8906 38
9029 0
9055 61
9376 38
9387 61
9805 61
9955 0
