4 buffers
104413 144
13203 1846
44021 7920
114432 20245
12 downlinks
0 125 833 110
1 958 1666 98
2 1791 2499 113
3 2624 3332 144
4 3457 4165 120
5 4290 4998 111
6 5123 5831 117
7 5956 6664 118
8 6789 7497 129
9 7622 8330 121
10 8455 9163 133
11 9288 9996 111
89 events for 0
117 74
180 0
291 48
484 0
503 74
690 74
979 91
1090 0
1350 48
1401 0
1551 71
1570 91
1668 0
1749 86
1948 0
2118 71
2211 0
2278 71
2313 74
2393 0
2478 86
2539 48
3271 0
3649 86
3736 0
3819 48
3944 0
3988 86
4010 0
4219 61
4516 0
4517 86
4543 89
4610 0
4659 61
4881 71
4906 55
4928 0
5015 71
5019 0
5077 61
5404 0
5565 89
5619 0
5621 55
5751 0
5776 48
5862 0
5984 61
6060 0
6125 61
6127 0
6158 48
6227 55
6325 91
6335 89
6459 0
6527 86
6665 55
6737 0
6783 71
6816 0
6934 55
7002 71
7024 91
7218 0
7237 89
7367 55
7425 0
7551 74
8006 0
8251 48
8351 0
8558 91
8820 0
8964 71
9030 0
9162 86
9200 0
9278 71
9312 0
9369 74
9626 61
9627 0
9656 71
9686 74
9868 0
9885 55
9891 0
29 events for 1
487 12
648 12
686 0
783 12
824 0
1032 12
1346 0
1613 12
1869 12
2324 0
2512 12
2927 0
3738 12
4025 0
4386 12
4679 0
4813 12
4869 0
5303 12
6141 0
6305 12
6451 0
7046 12
7135 0
7851 12
8426 12
8735 12
8843 0
9573 12
66 events for 2
207 28
267 0
338 28
441 0
453 28
672 0
700 28
733 0
910 28
919 0
1021 28
1307 0
1390 28
1544 28
1728 0
1732 28
1742 0
1873 28
2063 0
2411 28
2481 0
2570 28
2664 28
2668 28
3037 28
3245 0
3597 28
3641 0
3939 28
4000 28
4002 0
4097 28
4122 28
4148 0
4277 28
4390 0
4466 28
4467 28
4681 0
4753 28
4895 0
5008 28
5352 0
5617 28
5854 0
5968 28
6479 0
6518 28
6737 0
6836 28
6853 0
6882 28
7266 0
7288 28
7332 28
7782 0
8083 28
8131 0
8408 28
8796 28
8888 28
9128 0
9283 28
9733 0
9795 28
9944 28
45 events for 3
174 70
285 0
295 70
554 70
636 0
647 70
718 70
817 0
892 70
1069 0
1179 70
1391 0
2101 70
2226 0
2444 70
3020 70
3874 0
4607 70
4648 0
4658 70
4659 0
4735 70
4748 0
4931 70
5660 0
5692 70
6006 70
6146 0
6751 70
7134 0
7176 70
7425 0
7512 70
7551 0
7878 70
8105 0
8540 70
8608 0
8844 70
9162 0
9419 70
9622 0
9838 70
9865 0
9999 70
