8 buffers
81629 15610
111844 112
41494 297
134597 14204
74430 8470
67422 1375
93834 11846
168559 19456
12 downlinks
0 125 833 288
1 958 1666 283
2 1791 2499 413
3 2624 3332 341
4 3457 4165 331
5 4290 4998 278
6 5123 5831 394
7 5956 6664 316
8 6789 7497 300
9 7622 8330 403
10 8455 9163 284
11 9288 9996 313
89 events for 0
246 74
331 0
516 74
572 74
579 0
594 74
596 0
682 74
733 0
991 74
1052 0
1350 74
1358 0
1444 74
1486 0
1571 74
1585 0
1714 74
1746 74
1834 74
2084 74
2361 74
2372 0
2384 74
2491 74
2522 0
2639 74
2691 0
2855 74
2903 74
2942 0
2995 74
3022 0
3141 74
3174 74
3238 0
3285 74
3386 74
3415 0
3534 74
3794 0
3820 74
4042 0
4044 74
4222 0
4566 74
4840 0
4952 74
4977 0
5016 74
5028 0
5054 74
5174 0
5334 74
5353 0
5461 74
5597 74
5799 0
5850 74
6036 0
6115 74
6266 0
6359 74
6486 0
6631 74
6700 74
6854 74
6874 0
7105 74
7573 0
7849 74
7967 0
7986 74
7997 0
8076 74
8200 74
8263 0
8498 74
8573 74
8673 74
8684 0
9181 74
9190 0
9210 74
9479 0
9502 74
9561 74
9607 0
9940 74
27 events for 1
25 94
281 0
682 94
1100 94
1239 94
1328 0
2017 94
3012 0
3549 59
3623 0
3710 59
3724 0
3955 59
4287 59
4641 0
4738 94
4988 0
5011 94
5130 0
5600 94
5697 59
7945 0
7975 59
8182 94
9474 0
9543 59
9842 0
37 events for 2
33 20
36 20
178 0
392 25
481 20
517 25
853 0
1106 20
2058 17
2211 0
2412 18
2720 25
2733 0
3349 17
3485 0
3578 17
3664 0
3942 18
4804 0
4894 23
5287 0
5416 26
6603 18
6638 0
6802 25
7170 0
7388 20
7808 0
8364 20
8371 0
8455 20
8834 0
8888 26
9095 0
9248 20
9550 0
9644 18
41 events for 3
247 66
517 0
535 66
945 72
1066 0
1197 72
1718 0
1950 72
2223 72
2710 0
2793 66
3112 0
3565 66
3991 66
4099 0
4173 66
4709 72
4787 72
5001 0
5013 66
5150 0
5458 72
5466 66
5561 72
5811 66
5855 0
6208 72
6605 72
6646 0
6736 66
6931 0
7165 72
8016 0
8207 72
8222 72
8472 66
8525 0
9041 66
9178 0
9228 66
9703 66
44 events for 4
348 38
389 0
473 49
873 38
930 0
1012 59
1224 22
1599 0
2716 58
2852 22
3229 58
3550 0
3780 82
3818 0
4106 38
4124 78
4255 0
4508 49
4599 0
4631 49
4834 0
4902 58
4958 0
4998 59
5027 0
5215 70
5258 0
5514 59
5925 49
6108 0
6191 82
6506 58
6508 0
6568 22
6898 0
7070 58
7090 0
7376 22
8177 0
8692 82
9086 0
9270 49
9368 0
9604 78
28 events for 5
189 58
246 0
1074 58
1664 0
2421 58
2864 58
3428 58
3488 0
3699 58
3781 0
3867 58
4025 0
4264 58
4378 0
4415 58
5010 58
5438 0
5578 58
5664 0
7474 58
8225 0
8899 58
8940 58
9014 58
9171 0
9214 58
9383 0
9446 58
59 events for 6
5 22
55 0
167 65
197 0
226 22
328 55
493 0
579 65
793 0
1481 22
1530 0
1600 22
1670 0
1739 55
1777 65
1879 0
2230 65
2353 0
2481 22
2725 0
2984 55
3283 0
3346 22
3347 0
3576 22
3950 55
3962 0
4208 65
4235 0
4455 55
4568 0
4944 22
5044 65
5195 0
5417 65
5677 65
5825 65
5883 0
5912 55
6007 0
6378 65
6716 0
6719 65
7115 65
7397 0
7597 22
7600 0
7621 65
7627 0
7637 55
8187 0
8194 65
8244 0
8423 22
8452 0
8616 55
9164 0
9366 55
9870 22
78 events for 7
10 86
46 0
427 82
478 82
762 86
971 0
1054 82
1199 83
1223 0
1316 84
1342 81
1433 0
1815 82
1877 84
1883 86
1974 82
2127 0
2193 86
2262 84
2270 0
2285 82
2447 79
2695 82
2866 0
2878 79
2961 0
3119 84
3299 0
3323 83
3734 0
3743 81
3896 80
3936 0
3973 82
4209 86
4488 82
4588 82
4604 0
4629 79
4639 0
4858 82
4924 80
4951 83
4980 82
5367 0
5748 82
6015 0
6166 80
6171 81
6191 0
6233 79
6521 0
6576 86
6821 79
7035 0
7050 80
7340 0
7573 79
7627 0
7686 81
7719 79
7748 0
7852 81
7914 0
7940 86
8090 0
8112 80
8151 0
8260 81
8291 81
8384 0
8467 82
8811 0
8970 84
9167 0
9559 79
9699 82
9826 82
