16 buffers
38005 188
52170 6158
20682 3316
64413 7607
64719 9785
30260 5180
48425 8173
26778 1866
59805 5275
14402 1964
30431 4936
86979 2314
85600 16933
37927 1524
86146 12663
102178 5835
16 downlinks
0 94 625 576
1 719 1250 512
2 1344 1875 464
3 1969 2500 478
4 2594 3125 458
5 3219 3750 563
6 3844 4375 497
7 4469 5000 460
8 5094 5625 515
9 5719 6250 571
10 6344 6875 591
11 6969 7500 520
12 7594 8125 467
13 8219 8750 554
14 8844 9375 506
15 9469 10000 442
31 events for 0
313 36
618 0
1067 39
1257 39
1447 0
1531 39
1704 0
2269 39
2418 0
2646 36
3084 0
3230 37
3335 39
3836 0
3886 37
4235 0
5111 37
5864 37
6199 0
6252 39
7334 36
8189 0
8894 36
8957 36
8959 0
9076 37
9359 39
9387 36
9394 0
9471 39
9580 0
90 events for 1
261 42
392 59
421 0
781 42
801 0
961 42
993 0
1025 86
1163 0
1278 42
1336 0
1406 70
1467 0
1515 86
1638 0
1712 46
1746 0
1753 70
1958 0
2079 23
2173 0
2541 42
2579 0
2805 22
2921 0
3155 42
3205 0
3254 46
3392 0
3575 37
3613 0
3808 37
3865 0
3886 87
4018 0
4044 42
4102 70
4140 0
4190 35
4259 0
4318 22
4379 0
4643 86
4667 0
4699 87
4705 86
4781 23
4853 0
4865 86
4984 0
5273 87
5335 0
5365 46
5366 0
5715 70
5821 0
5844 70
5922 0
5948 86
6176 70
6310 35
6488 0
6558 87
6942 0
7130 59
7439 0
7585 42
7599 0
7968 37
8040 0
8163 86
8429 0
8483 23
8486 0
8532 23
8782 0
8861 46
8931 46
9050 0
9051 46
9223 0
9251 22
9512 70
9522 0
9549 22
9550 0
9576 37
9602 0
9669 37
9679 0
11 events for 2
633 20
1473 17
1814 0
1873 17
2164 17
3346 17
5796 16
6127 30
6465 0
8670 23
9599 0
52 events for 3
94 46
460 0
470 48
787 0
1080 36
1533 28
1707 0
1855 33
2340 0
2440 46
2708 0
2715 38
2751 0
2950 33
3139 0
3281 38
3373 0
3615 28
3822 0
4185 42
4830 38
4985 0
5043 46
5092 39
5463 0
5479 36
5529 38
5548 0
5572 36
5899 28
5978 0
6001 36
6929 48
7230 0
7892 38
7983 48
8005 36
8049 0
8057 38
8122 0
8279 42
8793 0
8818 36
9084 0
9271 42
9290 48
9392 0
9410 33
9466 0
9471 46
9489 0
9862 42
29 events for 4
1141 69
1276 0
1386 68
2497 0
3163 64
3261 0
3481 64
3979 0
4438 64
4819 0
5473 69
5583 0
5835 69
6096 0
6243 64
6573 69
6931 0
7001 68
7732 0
7910 64
7942 64
7967 0
8162 69
8240 0
8453 69
8899 0
9357 61
9538 0
9916 69
50 events for 5
436 41
526 44
791 42
1020 0
1224 41
1335 0
1376 44
1422 0
1464 44
1623 0
1902 41
2223 0
2691 41
3000 0
3161 42
3243 41
3433 0
4211 42
4440 42
4624 0
5141 41
5285 0
5962 42
5991 0
6087 44
6148 44
6297 42
6384 41
6588 0
6819 41
7317 0
7516 42
7695 0
7783 42
7823 0
7863 41
7873 42
8068 42
8294 0
8494 41
8755 44
8893 41
8991 0
9078 41
9237 0
9282 41
9505 0
9888 44
9960 0
9969 41
68 events for 6
75 35
137 0
269 46
357 44
405 44
431 0
552 35
622 44
690 0
917 44
1070 46
1151 0
1258 50
1644 0
1791 46
1849 44
2039 0
2213 35
2342 46
2395 50
2396 0
2553 45
2571 0
2612 50
2759 0
3237 45
3329 0
3344 45
3454 0
3538 50
3728 50
3812 0
4358 46
4447 0
4461 46
4548 0
4580 44
4587 50
4629 0
4743 50
4928 45
4967 46
5205 0
5404 44
5415 0
5490 45
5818 0
6220 46
6246 0
6373 45
6567 0
6635 50
6880 0
7222 46
7586 44
7589 0
7657 35
7678 0
8084 46
8260 0
8294 35
8427 0
8474 46
8489 0
8679 35
8910 0
9925 35
9995 0
17 events for 7
704 18
1344 0
2701 16
3241 0
3530 16
5863 18
6284 0
6369 15
6457 0
6909 15
7287 0
7361 16
8276 0
8386 16
9483 0
9586 17
9989 0
51 events for 8
325 63
335 0
920 63
1319 63
1325 0
1533 63
1577 0
1973 63
2315 63
2338 63
2691 0
2980 63
3110 63
3272 0
3564 63
3572 0
3637 63
3649 63
4012 0
4039 63
4436 63
4720 63
4933 0
5231 63
5295 0
5591 63
5734 63
5792 0
5901 63
6431 63
6481 0
6986 63
7073 0
7178 63
7227 0
7235 63
7631 63
7638 0
7781 63
8256 0
8348 63
8479 0
8513 63
8535 0
8614 63
8770 0
9077 63
9180 0
9479 63
9562 0
9866 63
93 events for 9
95 18
229 0
306 17
428 0
435 18
621 0
726 18
761 0
792 17
957 0
1039 18
1073 0
1273 17
1363 0
1447 17
1455 17
1590 0
1660 17
1833 18
2001 18
2028 0
2031 18
2048 17
2084 0
2213 18
2227 0
2301 18
2383 17
2415 0
2522 17
2566 0
2587 18
2589 18
2597 0
2736 17
2784 18
2943 0
3247 18
3269 0
3277 18
3289 0
3300 17
3532 18
3576 17
3588 0
3622 18
3657 17
3788 0
3801 17
3859 0
4007 17
4428 17
4474 0
4486 17
4613 17
4848 0
5441 18
5558 0
5648 18
5736 0
5787 18
5790 0
5817 17
5825 0
5884 17
6046 0
6057 17
6075 0
6228 18
6378 17
6688 0
6794 18
6860 0
6929 17
7116 0
7141 18
7156 0
7498 18
7581 0
7729 18
8102 0
8270 17
8326 0
8563 17
8710 18
8870 0
9046 18
9165 0
9436 17
9575 18
9589 0
9657 17
9792 17
12 events for 10
139 46
1104 46
2280 0
2333 45
2696 0
4247 45
4523 0
5809 46
6271 0
8586 46
9448 0
9867 46
42 events for 11
24 60
52 60
225 0
490 60
498 0
578 60
865 0
899 60
1757 0
2263 60
3006 0
3039 60
3581 0
3593 60
3925 0
3975 60
4660 0
4779 60
5010 0
5190 60
5292 0
5509 60
5541 0
5985 60
6340 0
6737 60
7330 0
7358 60
8519 0
8666 60
8932 0
9179 60
9260 60
9303 60
9362 60
9469 0
9703 60
9798 0
9802 60
9820 60
9910 0
9954 60
49 events for 12
92 82
169 0
189 64
208 0
352 53
710 58
907 0
955 58
969 0
1041 53
1239 0
1477 60
2407 0
2877 80
3138 60
3161 0
3184 53
3275 0
3651 80
3677 0
3971 83
4147 0
4334 64
4473 0
4481 53
4543 0
4623 80
4869 0
5142 53
5578 0
5928 61
5947 0
6241 60
6479 0
6599 82
6955 60
7198 0
7224 58
7302 83
7354 83
7574 0
7703 83
7952 0
8657 80
8968 0
9193 64
9214 83
9621 0
9991 83
35 events for 13
156 27
609 0
803 55
863 0
2051 55
2111 0
2257 33
2352 0
2360 55
2426 0
2710 33
2840 0
3046 29
3119 49
3166 33
3228 0
3413 48
3566 0
3587 55
3994 55
4025 0
4130 30
4179 0
4183 45
4238 45
4531 0
5005 55
5422 0
6796 27
7794 33
8662 55
8808 0
9592 45
9653 0
9924 30
60 events for 14
6 70
39 84
475 0
576 68
659 0
931 72
1237 68
1262 0
1317 72
1544 0
1662 72
1768 0
1862 79
2039 0
2045 68
2134 0
2217 83
2284 0
2516 83
2832 0
2941 72
3156 84
3756 0
4045 84
4560 0
4678 84
4964 0
5360 79
5491 0
5551 83
5581 0
5622 68
5969 68
6424 84
6529 0
6719 79
6784 68
6913 0
7331 68
7341 0
7385 84
7577 0
7592 68
7643 0
7709 72
7710 79
7911 0
7975 84
8109 0
8218 84
8370 83
8486 0
8588 68
8613 0
8695 79
8818 84
8911 0
9611 68
9889 84
9976 0
31 events for 15
263 61
430 0
499 60
1507 0
1626 60
2346 0
2467 59
2776 60
3014 0
3195 61
3444 0
3520 60
3914 0
3937 61
4212 60
4499 0
4769 61
5510 61
5552 0
5594 61
6924 59
7171 0
7182 59
7444 0
7510 59
7797 59
7909 0
7999 59
8275 0
9103 60
9806 0
