16 buffers
46804 3358
84113 9900
63669 5587
48777 4161
87065 5745
59037 3964
27567 386
43019 1894
154014 23994
75175 9072
92997 12763
58272 515
59480 11703
19244 524
137834 12800
64937 8695
12 downlinks
0 125 833 505
1 958 1666 442
2 1791 2499 447
3 2624 3332 541
4 3457 4165 439
5 4290 4998 425
6 5123 5831 443
7 5956 6664 405
8 6789 7497 583
9 7622 8330 430
10 8455 9163 412
11 9288 9996 564
52 events for 0
8 48
42 0
879 45
1045 48
1456 0
1972 41
2040 0
2062 49
2235 0
2298 42
2504 42
2558 41
3127 0
3253 49
3354 0
3435 49
3498 0
4027 41
4046 48
4051 0
4550 48
4737 41
4786 0
4868 49
4990 0
5052 45
5053 0
5517 42
5586 0
5666 42
6250 0
6403 48
6609 0
6620 48
6730 0
6860 41
7426 0
7645 49
7826 0
8420 49
8454 0
8742 41
9065 0
9089 42
9310 0
9370 45
9381 48
9522 0
9601 48
9756 41
9908 0
9949 45
94 events for 1
129 55
141 0
152 55
408 0
570 55
655 0
732 41
784 0
898 41
909 0
1072 41
1101 55
1157 0
1262 55
1317 0
1398 55
1702 0
2016 41
2360 0
2419 41
2528 0
2548 41
2583 55
2630 0
2692 41
2928 55
3102 0
3154 41
3189 0
3448 55
3522 0
3559 41
3687 0
3712 55
3917 0
4259 55
4274 41
4311 0
4488 55
4851 0
4916 41
5036 0
5044 41
5121 0
5211 55
5299 0
5335 41
5383 0
5489 41
5523 0
5599 55
5673 41
5705 0
5793 41
5814 41
5889 55
6134 55
6142 0
6579 41
6589 55
7131 55
7138 0
7190 55
7248 0
7367 41
7511 0
7555 55
7662 41
7714 0
7735 55
7818 0
7885 55
8006 55
8014 0
8028 41
8130 41
8187 0
8227 55
8294 55
8550 41
8677 0
9033 55
9048 41
9057 0
9240 41
9352 55
9370 0
9457 41
9525 0
9657 41
9690 0
9752 55
9788 0
9838 41
60 events for 2
84 37
385 0
512 37
726 33
816 0
1386 47
1472 0
1641 33
2186 33
2196 37
2580 0
2897 47
2925 33
2931 0
3007 37
3245 0
3331 37
3482 0
3503 37
3638 0
3653 37
3938 0
3944 47
4108 47
4250 0
4539 33
4716 0
4778 33
4876 33
4877 37
4924 33
4962 0
5252 33
5320 33
5333 0
5444 47
5540 0
5902 37
5911 47
5920 0
6094 33
6348 0
6495 37
6790 47
6931 0
7027 47
7478 0
7655 47
7804 0
7896 47
7973 0
8024 47
8197 47
8270 0
8634 37
9009 33
9272 37
9334 0
9398 33
9869 0
45 events for 3
160 56
376 0
676 51
730 50
1353 0
1771 51
1833 0
1853 56
1895 0
2440 50
2541 0
2639 56
2648 0
2775 51
2840 0
2984 50
3360 0
3496 50
3613 0
4169 51
4199 0
4336 56
4414 0
5196 51
5434 50
5459 0
5486 50
5553 0
5908 51
6012 0
6645 56
6673 0
6849 56
7008 0
7679 50
7887 56
7906 0
7995 56
8006 51
8060 50
8225 0
8360 50
8675 0
9431 51
9550 0
89 events for 4
152 57
154 40
471 0
497 62
556 0
612 62
696 0
873 57
972 0
983 59
1041 62
1057 59
1078 0
1349 33
1389 0
1424 57
1432 49
1541 40
1790 0
2023 38
2126 0
2246 40
2349 0
2541 57
2561 0
2595 49
2661 0
2773 49
2806 0
2810 49
2902 0
2945 57
2997 0
3001 40
3253 0
3302 40
3373 38
3426 57
3432 33
3515 40
3567 49
3807 0
3846 38
3857 0
4048 59
4067 40
4130 59
4142 0
4205 57
4337 0
4642 49
4686 0
4787 57
4800 0
5023 62
5131 49
5282 0
5302 59
5339 0
5602 62
5603 62
5694 49
6020 0
6026 57
6248 0
6300 57
6317 0
6943 57
6967 0
7062 57
7124 0
7246 62
7345 0
7384 38
7561 0
7598 33
7881 0
8094 57
8166 0
8355 62
8453 0
8536 62
8965 0
9086 57
9348 0
9438 57
9801 62
9830 0
9871 38
72 events for 5
191 49
277 0
358 21
582 35
604 0
615 21
856 0
984 49
1228 0
1251 21
1255 0
1370 49
1435 0
1623 21
1841 0
1846 39
1946 39
2080 21
2237 0
2248 35
2262 0
2401 35
2537 49
2542 0
2922 39
3059 49
3079 0
3309 21
3753 0
3937 35
4026 0
4048 39
4139 39
4277 39
4514 21
4519 35
4539 0
4775 49
5088 49
5199 0
5293 39
5311 0
5336 49
5612 39
5642 0
5904 21
6023 0
6269 39
6339 0
6354 21
6415 0
6452 49
6813 39
7070 0
7134 35
7847 0
8008 49
8010 49
8196 0
8206 35
8398 0
8475 49
8539 0
8978 49
9084 0
9089 39
9090 0
9144 39
9350 21
9456 0
9666 35
9956 39
41 events for 6
139 24
315 24
316 0
704 19
1161 0
1419 24
1633 0
2305 24
2446 19
2533 0
3011 19
3163 0
4427 19
4486 0
4548 24
4593 0
4684 19
4944 19
4980 0
4988 24
5177 0
5183 19
5228 24
5432 24
5831 24
6123 0
6158 19
6312 24
6321 0
6378 24
6389 0
6606 19
6687 0
6786 19
6808 24
7217 0
8678 19
8810 0
8829 19
9046 0
9703 24
50 events for 7
51 40
229 42
643 0
656 40
852 55
903 0
1007 55
1139 0
1244 55
1360 39
1584 0
1597 50
1856 0
1883 43
2100 0
2654 43
2935 0
3160 43
3303 0
4411 39
4471 50
4537 0
4941 39
4949 0
4956 50
5041 0
5595 39
5839 40
6095 42
6272 50
6374 43
6732 0
6875 50
6918 39
7352 40
7460 0
7737 43
7901 0
8497 43
8535 0
8560 40
8744 0
8851 43
8894 0
9014 43
9120 0
9197 55
9373 55
9672 0
9761 40
37 events for 8
38 86
654 0
816 76
1175 0
1460 86
1702 0
2109 86
2577 0
2581 76
2586 76
2673 0
3109 86
3241 86
3599 0
3606 76
3610 0
4025 86
4907 76
5184 0
5366 76
5451 0
5670 76
5912 0
5958 86
6261 86
6271 86
6739 86
6757 0
7313 76
7432 76
7686 0
8490 86
9199 76
9215 76
9456 0
9808 86
9828 76
59 events for 9
367 80
588 0
819 85
918 49
969 49
1131 0
1261 49
1319 0
2414 49
2692 0
2775 85
2943 0
3410 73
3598 0
3718 62
3723 80
3748 0
3804 85
3830 0
3949 85
3979 49
4007 0
4160 85
4161 0
4459 85
4695 80
4747 0
5046 80
5385 73
5571 62
6021 0
6236 80
6252 0
6259 80
6491 0
6673 49
6689 0
6920 73
7196 0
7390 80
7447 0
7673 85
7750 85
7755 0
8353 80
8463 85
8499 0
8504 62
8680 0
8789 80
8809 80
9209 0
9344 49
9499 0
9537 80
9619 0
9827 62
9840 80
9893 49
97 events for 10
64 72
80 71
161 72
377 0
440 72
475 0
620 71
636 0
684 72
768 0
1162 72
1363 0
1464 71
1520 0
1769 72
1787 0
1916 72
1925 0
1961 71
2073 0
2333 72
2345 0
2393 71
2415 0
2547 71
2587 72
2717 0
2845 72
2846 0
3039 72
3111 0
3132 71
3229 0
3348 72
3431 72
3488 0
3581 72
3668 0
3684 72
3856 0
3946 72
4259 0
4294 71
4296 0
4419 72
4461 0
4546 71
4739 0
4765 72
4807 71
4821 71
5056 71
5057 0
5394 71
5438 0
5453 72
5546 0
5626 72
5942 0
6013 72
6180 0
6200 72
6508 71
6556 0
6565 72
6678 71
6768 0
6777 72
7065 72
7130 0
7191 72
7361 0
7502 71
7658 71
7663 0
7760 72
7855 0
8060 72
8090 72
8363 0
8400 72
8447 0
8489 72
8709 72
8832 72
8887 0
9043 72
9223 0
9311 72
9444 0
9572 72
9776 0
9822 71
9835 72
9874 0
9906 72
9962 72
26 events for 11
1519 37
1525 0
2008 35
2528 0
2811 45
3106 51
3873 49
3976 0
4376 37
4816 0
4972 35
5488 0
5668 37
5671 0
5868 47
6358 0
6391 51
6597 0
6697 47
7259 0
7574 49
8659 0
9400 45
9510 0
9677 49
9800 49
19 events for 12
727 32
1062 0
1335 32
1456 0
2340 36
2866 31
4186 0
4361 40
5407 0
6046 36
6201 32
6795 27
7365 0
7585 32
8699 0
8733 32
8893 0
9329 30
9749 0
45 events for 13
12 12
73 12
235 12
380 0
640 12
769 12
880 0
1049 12
1129 0
1609 12
2049 0
2146 12
2347 0
2365 12
2611 0
2713 12
2981 12
3210 0
3400 12
3500 12
3545 0
3851 12
3857 0
4335 12
4468 0
4579 12
4640 0
4743 12
5055 0
5382 12
5985 0
6069 12
6395 12
6502 0
7081 12
7618 0
7903 12
8334 0
8406 12
8556 0
9167 12
9335 12
9358 12
9699 0
9800 12
37 events for 14
135 70
443 0
461 70
649 0
950 63
1328 0
1459 63
1552 62
1911 0
1948 63
2546 0
2563 68
2836 0
3003 63
3262 0
3266 63
3934 0
3960 63
4125 0
4249 78
4389 62
4995 0
5404 57
6000 70
6989 57
7328 0
7756 79
8059 62
8093 0
8351 70
8853 0
9504 70
9695 0
9767 63
9908 62
9983 0
9994 62
47 events for 15
61 53
239 0
476 67
593 0
842 73
857 0
1121 53
1241 0
1668 66
2113 73
2207 53
2259 0
2351 53
2665 0
2840 53
2984 41
3279 0
3382 53
3429 59
3512 0
4060 59
4311 0
4662 67
4675 0
5206 59
5214 66
5248 0
5307 41
5357 38
5565 0
5723 66
5883 53
5919 47
5927 0
5951 41
6436 53
6437 59
6466 0
6867 67
7388 67
7403 0
7518 66
7822 0
9026 41
9305 0
9517 53
9564 0
