4 buffers
18763 2182
87873 16125
46947 1452
53398 5291
12 downlinks
0 125 833 94
1 958 1666 96
2 1791 2499 91
3 2624 3332 113
4 3457 4165 114
5 4290 4998 126
6 5123 5831 94
7 5956 6664 128
8 6789 7497 117
9 7622 8330 126
10 8455 9163 120
11 9288 9996 111
48 events for 0
461 20
580 0
1513 31
1635 0
1832 23
2117 0
2635 31
2706 0
2789 22
2825 0
2996 22
2999 0
3249 21
3336 0
3470 22
3597 0
4360 22
4644 0
4675 32
4803 0
5069 21
5153 0
5505 23
5534 20
5535 0
5730 23
5773 0
5976 23
6124 0
6434 22
6556 0
6925 23
6956 0
7276 22
7297 0
7408 22
7441 31
7558 0
7850 22
7915 0
7952 23
8131 23
8731 21
9337 0
9594 21
9820 31
9846 22
9903 0
50 events for 1
63 79
171 0
258 58
379 0
776 74
906 0
1131 88
1230 0
1300 42
1393 0
1532 42
1572 0
1611 58
1786 79
2483 0
2696 51
3087 0
3110 51
3221 47
3305 0
3349 74
3361 0
3403 58
3893 0
4150 74
4418 0
4614 47
4631 0
4687 88
4715 58
4905 79
5111 0
5301 58
5302 0
5607 47
5865 58
6115 0
6124 51
6338 0
6696 47
6872 0
6873 54
7815 0
8136 79
8254 0
8769 42
8803 0
8951 42
9663 0
9749 51
96 events for 2
281 32
302 0
474 32
618 0
745 39
887 0
992 44
1106 0
1159 43
1246 43
1248 0
1573 39
1689 39
1853 0
1986 32
2096 39
2358 32
2420 0
2579 43
2688 0
2891 44
2955 0
3022 43
3052 39
3137 0
3176 44
3296 0
3309 44
3492 0
3615 43
3633 44
3653 0
3722 39
3770 0
3923 39
4143 0
4315 44
4353 44
4374 44
4523 44
4696 0
5063 39
5121 0
5163 43
5194 0
5343 44
5396 0
5487 39
5519 0
5556 39
5645 0
5662 43
5730 0
5831 39
5886 0
6288 44
6401 0
6416 32
6421 0
6432 39
6563 0
6578 44
6749 43
6817 0
7059 44
7163 0
7169 44
7221 32
7375 0
7402 44
7417 0
7683 44
7745 0
8122 44
8137 0
8196 43
8313 43
8400 0
8401 39
8649 32
8657 0
8753 39
8973 0
8986 39
9008 0
9206 32
9209 43
9348 0
9427 39
9489 0
9742 39
9777 0
9836 44
9902 44
9943 0
9981 32
35 events for 3
63 53
592 0
686 53
1065 44
1070 0
1845 38
2016 0
2029 44
2175 44
2409 0
2730 44
3096 0
3127 44
3536 0
4148 53
4446 0
4868 53
5560 0
5924 38
6297 38
6556 0
6679 38
6716 0
7114 53
7308 0
7377 53
7483 0
7786 53
8014 0
8799 53
8976 44
9207 0
9218 53
9946 0
9978 38
