16 buffers
117788 6928
271399 50361
346533 65772
387810 64102
492498 27728
454668 37181
223784 19271
186595 29553
402436 56987
106859 19049
411555 56361
261395 17319
34497 6472
365946 48933
216478 2895
322935 7812
4 downlinks
0 375 2500 718
1 2875 5000 686
2 5375 7500 645
3 7875 10000 651
10 events for 0
1809 75
2125 80
2280 0
2646 80
3304 0
6457 75
6487 0
6894 80
7249 0
9664 80
91 events for 1
113 72
261 71
262 0
483 79
559 0
706 71
1064 71
1385 0
1583 78
1657 0
1723 71
1826 0
1902 80
2114 77
2144 0
2236 71
2499 0
2649 71
2692 0
2946 76
3000 0
3228 77
3230 71
3464 0
3515 72
3544 0
3639 80
3699 78
3796 79
3945 0
4092 72
4180 0
4244 77
4351 0
4401 71
4645 0
4750 72
5005 0
5129 72
5277 0
5421 71
5496 0
5629 76
5669 79
5795 0
5981 71
6203 76
6215 0
6227 76
6230 0
6249 79
6377 0
6604 78
6726 78
6758 0
6765 80
6884 80
7169 0
7242 79
7479 0
7589 80
7651 0
7981 77
7999 0
8288 71
8332 0
8334 77
8409 0
8491 76
8649 0
8727 72
8743 0
8748 79
8827 0
8850 71
8987 76
9000 0
9126 78
9157 0
9199 76
9243 72
9401 0
9431 77
9492 71
9502 76
9653 78
9810 0
9843 79
9854 77
9946 76
9961 80
70 events for 2
403 64
623 0
879 64
1412 0
1647 65
1708 0
2087 64
2236 64
2324 0
2473 64
2842 0
2919 65
3127 0
3139 65
3264 0
3335 65
3440 0
3503 64
3526 0
3554 65
3562 0
3662 65
3989 0
4037 65
4063 0
4107 64
4217 64
4341 65
4366 0
4453 65
4561 0
4593 63
4686 0
4792 64
4981 64
5042 65
5138 0
5369 64
5528 64
5636 64
5848 0
5990 65
6297 0
6332 65
6345 0
6429 65
6562 0
6686 65
6783 0
7080 64
7121 0
7132 63
7421 0
7436 65
7450 0
7768 65
7954 0
8069 65
8099 65
8378 0
8539 65
8576 0
8720 65
8744 65
8772 0
9006 64
9640 65
9746 0
9772 63
9834 0
57 events for 3
165 69
320 77
353 0
433 68
535 0
538 69
621 0
770 87
815 0
837 69
1037 0
1360 69
1592 0
1633 87
1982 0
2610 69
2721 0
2733 87
3048 69
3056 0
3176 72
3250 0
3267 68
3295 74
3624 0
3714 70
3856 0
3994 74
4079 0
4864 83
5104 0
5234 68
5434 72
5521 0
5870 69
6233 0
6339 69
6699 0
6778 74
6783 0
6929 74
7098 77
7377 83
7512 0
7735 87
8356 0
8400 72
8429 0
8816 72
9044 0
9130 83
9363 0
9399 72
9499 0
9600 70
9658 77
9831 0
49 events for 4
216 85
308 0
513 84
573 0
611 84
1070 0
1077 84
1354 84
1395 84
1589 0
1613 84
1662 85
1790 0
1810 84
1903 0
1965 85
2181 0
2623 84
2762 85
2857 0
2867 85
3083 0
3284 84
3321 84
3537 0
3589 84
3666 0
3764 84
4589 85
4691 84
4957 0
5084 85
5961 0
6920 85
7043 0
7343 84
7468 0
7999 84
8249 84
8395 0
8426 84
8509 0
8667 85
9137 84
9325 0
9353 85
9378 84
9648 84
9664 84
77 events for 5
13 91
219 0
297 91
312 0
411 92
456 91
465 0
539 92
665 0
1043 92
1074 0
1117 95
1506 0
1723 92
1738 92
1869 0
1884 92
2165 0
2195 94
2203 0
2368 92
2526 0
2575 95
2939 0
3052 91
3138 95
3270 92
3306 0
3610 94
3744 0
3863 95
4007 0
4109 92
4122 0
4200 91
4481 0
4656 92
4702 0
4817 91
5239 0
5331 91
5699 0
5843 92
5952 0
6194 92
6206 0
6306 92
6353 0
6432 91
6994 92
7006 0
7074 95
7350 92
7373 0
7590 92
7668 91
7770 0
7823 92
8074 91
8235 0
8276 92
8385 0
8431 92
8565 0
8609 91
8805 91
8895 0
8956 92
8992 92
9082 0
9708 91
9757 0
9868 91
9931 0
9975 95
9976 0
9985 92
39 events for 6
12 23
246 0
383 55
1572 41
1877 0
1979 23
2805 23
3088 55
3227 0
3715 41
4077 55
4207 0
4376 24
4466 0
4907 63
5571 90
5697 0
6184 90
6245 0
6316 63
6592 0
6875 24
7231 0
7475 24
7480 0
7539 24
7653 0
7842 24
8023 41
8401 0
8462 90
8661 90
8758 0
8877 76
9114 55
9182 0
9516 23
9680 0
9918 63
66 events for 7
198 20
359 54
497 0
518 20
588 16
770 16
1247 0
1293 52
1471 0
1592 54
1984 0
2270 16
2677 0
2773 71
2778 0
2863 67
2873 0
3002 71
3118 0
3330 71
3439 30
3509 0
3781 30
3993 20
4340 52
4401 0
4416 16
4565 0
4607 52
4630 51
4772 71
5412 0
5569 20
5590 0
5660 30
5712 54
5821 52
5849 0
5871 71
5997 0
6002 54
6014 0
6137 54
6197 52
6212 16
6400 0
6532 67
6629 20
6765 0
6807 16
6937 0
7833 54
7855 0
7934 51
8009 0
8125 20
8157 0
8286 54
8444 52
8517 71
8651 52
8862 0
8965 52
9497 0
9822 51
9968 0
20 events for 8
320 88
502 0
961 88
1208 0
1737 88
2821 0
2922 88
2992 88
3193 0
4130 88
5270 0
5576 88
6589 0
7037 88
7340 0
7490 88
8172 0
8675 88
8834 88
9899 0
72 events for 9
217 50
375 0
541 17
681 39
1060 0
1267 17
1354 0
1390 39
1489 0
1493 39
1527 39
1559 0
1811 39
2394 50
2521 0
2532 39
2761 0
2866 50
3030 0
3055 17
3085 0
3102 50
3364 50
3495 0
3538 39
3654 0
3829 50
3888 17
4051 0
4106 39
4151 0
4207 17
4302 0
4420 50
4612 50
4769 0
5447 17
5508 39
5630 0
5896 50
5909 0
6179 17
6341 50
6558 0
6712 50
6716 0
6907 39
6923 39
7020 0
7050 50
7069 0
7230 50
7232 17
7285 0
7614 17
7964 0
8114 17
8241 0
8287 50
8326 0
8357 17
8380 0
8690 39
8803 0
8827 17
8910 0
9087 39
9323 0
9364 50
9376 39
9599 50
9743 0
65 events for 10
187 80
348 0
442 80
465 0
802 80
975 0
1497 80
2252 0
2260 80
2294 0
2314 83
2347 0
2500 80
2519 0
2582 83
2852 0
2902 80
3099 0
3172 80
3442 0
3623 83
3629 0
3708 80
3821 0
3910 80
4390 83
4410 0
4725 80
4941 0
5030 83
5057 80
5479 80
5691 83
5837 0
5862 80
6154 0
6318 80
6396 0
6399 83
6410 80
6708 0
6858 83
6915 80
6930 83
6975 0
7102 83
7171 0
7263 80
7312 80
7430 0
7640 83
7817 0
8048 80
8176 0
8375 83
8504 0
8549 80
8708 0
8777 83
8857 0
9016 80
9220 0
9357 83
9427 0
9706 83
83 events for 11
71 49
88 49
121 0
137 87
180 0
415 49
582 0
597 49
789 0
874 87
1023 87
1038 0
1280 86
1367 86
1406 0
1719 49
1726 0
1797 49
1810 0
1839 86
1957 49
2101 87
2189 0
2403 44
2410 0
2727 87
2754 87
2885 0
2948 44
3208 49
3319 0
3342 87
3361 0
3406 86
3568 0
3771 87
3851 0
4164 44
4293 86
4344 49
4415 86
4585 0
4680 86
4695 0
4806 87
5249 87
5253 86
5262 0
5291 49
5396 0
5561 44
5657 0
5697 86
5849 0
5888 49
5971 0
6036 49
6346 44
6410 49
6485 0
6552 87
6638 44
6741 0
6780 49
7085 44
7133 0
7138 44
7184 0
7394 87
7489 0
7660 86
7713 87
7901 86
8205 44
8235 0
8379 87
8469 86
8625 86
9156 49
9368 0
9537 49
9660 87
9749 0
34 events for 12
463 12
749 0
1152 17
1314 12
1444 0
1583 12
1646 0
1771 12
1888 22
2281 0
3168 16
3538 0
4008 21
4478 0
4614 23
5018 0
6479 15
6592 0
6991 16
7021 0
7092 12
7106 0
7227 16
7254 0
8026 21
8156 0
8230 12
8345 0
8670 12
9388 0
9408 15
9525 0
9758 12
9928 0
96 events for 13
51 45
124 0
254 24
263 0
348 25
484 0
602 85
650 0
731 80
768 0
805 67
928 0
1164 45
1284 0
1310 85
1591 0
1592 85
1688 0
1764 85
1831 0
1848 24
1874 0
2180 24
2257 0
2291 45
2300 0
2473 45
2488 45
2680 67
2826 80
2896 0
2899 24
2901 0
2926 45
2964 0
2999 45
3169 0
3265 25
3746 0
3834 85
4126 0
4299 25
4368 0
4507 80
4562 0
4574 67
4877 0
4918 25
4965 80
5035 0
5054 85
5088 67
5120 0
5349 67
6096 0
6153 85
6405 0
6424 80
6434 0
6475 67
6733 0
6747 67
6879 0
7011 85
7078 0
7150 45
7239 0
7373 45
7579 0
7638 80
8008 0
8010 45
8035 25
8118 0
8175 24
8342 0
8447 24
8567 0
8692 25
8752 25
8802 0
8939 85
9021 0
9063 25
9103 0
9142 80
9258 0
9331 85
9355 24
9369 0
9377 85
9727 67
9776 25
9897 24
9903 0
9913 25
35 events for 14
143 42
813 0
871 42
1003 0
1147 43
1180 42
1278 0
1445 26
1479 17
1612 42
2839 0
3291 43
3355 55
3910 0
4054 20
4259 0
4802 17
4921 0
5287 17
5317 0
5322 49
5428 0
5620 50
5632 0
5949 26
7155 0
7380 49
7687 0
7796 42
8782 55
8909 17
9390 0
9512 17
9713 0
9815 55
79 events for 15
62 48
107 0
124 48
199 0
484 48
523 0
590 48
772 0
915 48
939 0
1559 48
1595 0
1596 48
1598 48
2140 0
2306 48
2375 48
2398 48
2786 0
2797 48
3055 0
3065 48
3192 48
3444 0
3455 48
3519 0
3672 48
3821 48
3945 0
4010 48
4109 48
4231 0
4254 48
4292 0
4299 48
4441 48
4505 48
4571 0
4885 48
4895 48
5192 0
5213 48
5366 48
5499 0
5702 48
5786 0
5902 48
6175 0
6189 48
6304 0
6410 48
6439 0
6493 48
7027 48
7152 48
7195 48
7830 48
7899 48
7989 0
8027 48
8131 48
8513 0
8622 48
8738 0
8852 48
8878 0
8905 48
9001 48
9014 48
9090 0
9109 48
9192 0
9252 48
9402 48
9587 0
9644 48
9869 48
9919 0
9930 48
