4 buffers
136365 2777
91584 8766
124259 20586
217819 31159
8 downlinks
0 188 1250 202
1 1438 2500 181
2 2688 3750 208
3 3938 5000 196
4 5188 6250 164
5 6438 7500 190
6 7688 8750 177
7 8938 10000 188
25 events for 0
100 80
305 46
524 0
623 80
1189 0
1190 57
1273 0
1740 80
1873 0
2616 80
3757 0
3882 57
4150 0
4232 31
4531 0
5171 80
6550 0
7065 80
7084 57
8612 0
8846 46
9319 0
9634 80
9643 0
9971 31
23 events for 1
318 58
777 0
1118 60
1542 0
1866 54
2084 0
3194 60
3496 0
3947 60
4220 0
4864 54
5004 0
6540 60
7074 0
7226 57
7712 0
7974 58
8117 0
8219 58
8434 0
9484 60
9646 57
9652 54
37 events for 2
247 66
468 0
528 44
535 58
943 0
1129 71
1466 0
1638 70
2032 0
2759 66
2763 0
3071 66
3102 58
3429 0
3630 70
4304 70
4411 0
4418 66
4489 58
4679 0
4862 47
4999 0
5002 47
5852 0
6528 72
6722 0
7275 70
8167 58
8207 66
8597 0
9214 58
9251 0
9302 66
9331 0
9789 72
9899 66
9929 47
20 events for 3
82 77
627 0
1058 77
2055 70
2618 0
3169 77
3517 0
3977 77
4127 77
4592 0
4781 77
5368 0
5667 70
5942 70
5956 0
6455 70
7355 0
8096 77
9249 70
9463 77
