4 buffers
148256 22864
72084 5550
82650 1269
128534 3372
8 downlinks
0 188 1250 119
1 1438 2500 101
2 2688 3750 137
3 3938 5000 151
4 5188 6250 104
5 6438 7500 105
6 7688 8750 143
7 8938 10000 145
51 events for 0
54 65
58 0
188 65
669 35
960 0
1177 65
1531 0
2208 65
2211 0
2598 75
2707 75
2771 0
2914 75
3044 0
3198 35
3219 0
3476 75
3688 0
3810 75
4004 65
4402 0
4695 65
4798 0
4802 65
4869 0
4925 75
5934 0
5990 75
6453 65
6468 75
6522 0
6608 65
6769 75
6999 0
7106 35
7379 0
7663 35
7675 0
7679 75
7763 0
7877 35
8011 65
8081 0
8181 65
8393 0
8656 65
9282 75
9289 35
9452 0
9627 35
9708 0
15 events for 1
472 28
2073 0
2342 43
3773 0
3965 27
4217 0
4786 27
5180 0
5286 27
6111 36
6222 27
6347 43
7003 0
9484 27
9821 0
53 events for 2
13 32
102 0
151 25
333 0
638 32
758 0
817 25
842 0
873 42
938 0
972 25
985 0
1139 25
1334 0
1617 32
1848 0
1943 25
2044 0
2223 37
2291 42
2446 0
2663 25
2976 42
2988 0
3749 34
3910 0
4021 37
4035 0
4199 25
4295 0
4309 37
4357 0
4754 27
5059 42
5364 0
5396 42
5472 0
5549 32
6069 0
6568 42
6792 0
7332 37
7395 0
7406 34
8560 0
8611 27
8780 0
8907 37
9355 0
9423 37
9616 0
9656 32
9912 27
55 events for 3
205 73
207 58
395 0
865 58
900 73
960 74
1165 0
1332 58
1406 71
1517 0
1635 58
1943 61
2076 0
2412 61
2446 0
2483 62
2515 0
2540 74
2966 0
3087 61
3177 0
3454 73
3488 0
3811 71
3896 0
4865 74
4917 62
5023 0
5218 71
5506 0
5550 73
5655 0
5935 73
5991 0
6249 73
6347 0
6446 73
6464 71
6825 0
6867 58
7056 0
7435 74
7524 0
7802 71
7828 0
7979 61
8025 61
8152 0
8373 62
8762 0
8875 58
9148 0
9267 62
9514 74
9806 0
