8 buffers
116134 10851
180475 14820
76631 11054
73150 3514
111539 3999
77051 1790
63184 5658
100560 4619
12 downlinks
0 125 833 430
1 958 1666 332
2 1791 2499 334
3 2624 3332 396
4 3457 4165 401
5 4290 4998 358
6 5123 5831 399
7 5956 6664 359
8 6789 7497 321
9 7622 8330 372
10 8455 9163 348
11 9288 9996 346
71 events for 0
12 84
350 0
495 84
539 84
611 84
658 84
762 0
965 84
1133 0
1302 84
1441 0
1560 86
1670 0
1817 84
1870 0
1973 86
2216 0
2357 84
2429 0
2578 84
2579 0
2592 84
2933 0
2955 84
3109 0
3212 86
3784 0
4094 84
4174 86
4181 0
4317 84
4366 86
4367 0
4487 86
4496 0
4551 84
5110 0
5253 84
5430 0
5606 86
5757 0
5871 84
5946 0
5969 84
6345 86
6442 0
6777 84
6817 0
7335 86
7873 0
7877 84
8411 0
8550 84
8612 84
8915 0
8965 84
8998 0
9073 84
9208 84
9287 0
9293 86
9355 84
9361 86
9364 0
9399 84
9478 86
9721 0
9742 86
9865 86
9943 86
9946 0
26 events for 1
98 95
262 0
281 95
468 0
869 95
1050 0
1059 95
1336 0
1523 95
3399 0
3980 95
4544 0
5696 95
5924 0
6022 95
6093 95
6300 0
6315 95
6577 0
6926 95
7080 95
7218 0
7328 95
8506 95
8515 95
9259 0
38 events for 2
807 75
1322 0
1502 59
1575 0
1681 72
1725 0
1747 76
1909 0
2182 75
2188 66
2262 0
2584 72
3179 0
3197 66
3325 0
3882 75
3884 0
3931 75
4429 0
4973 72
5034 0
5048 59
5417 0
5458 72
6218 0
6803 75
6815 0
7006 76
7426 0
7694 59
7706 75
7940 66
8561 0
8803 57
8884 0
9007 59
9296 0
9596 57
12 events for 3
2056 68
2374 0
3399 56
3435 0
3642 54
4897 0
5344 54
6923 0
7085 56
7564 0
7930 66
9146 0
25 events for 4
662 86
809 0
1123 97
2182 0
2373 79
2653 0
3289 87
3640 0
4309 86
4919 0
5538 87
5780 0
5984 76
6034 0
6131 95
6270 0
6309 86
7190 0
7737 87
7874 0
8198 76
8429 95
8458 0
8547 97
9291 0
45 events for 5
392 59
421 0
447 68
562 0
597 59
631 66
686 0
1476 66
1513 0
1556 53
1811 0
2450 48
2625 0
2828 44
2914 0
3108 61
3386 0
3722 48
3792 66
3888 0
4304 66
5068 59
5855 0
5885 66
6088 48
6395 66
6438 0
6533 59
6540 0
6595 53
6654 0
6660 66
6909 0
7064 66
7182 0
7439 66
7852 0
7904 66
7905 0
8333 50
8566 0
8645 50
8717 59
9757 44
10000 0
42 events for 6
163 45
285 0
846 51
862 0
949 51
983 0
1098 51
1537 0
1811 51
2369 0
2631 45
2666 0
2670 45
2870 0
3223 51
3612 45
3697 0
3878 51
4059 51
4068 51
4760 0
4820 45
5017 45
5116 0
5511 51
5582 0
5615 51
5674 0
5982 45
6403 0
6734 51
6771 0
7221 45
7329 45
7454 0
7574 45
8193 0
8329 45
8648 45
8784 0
8866 51
9516 0
71 events for 7
47 61
268 0
347 68
686 61
905 71
1170 0
1680 61
2005 0
2039 61
2250 0
2287 71
2316 68
2386 0
2427 61
2657 0
2738 70
2769 0
2795 82
2797 71
2833 82
3041 0
3551 61
3559 0
3690 82
3704 0
4103 62
4140 0
4173 70
4501 0
4516 71
4571 0
4598 71
5107 0
5371 62
5403 0
5542 62
5690 0
5748 70
6001 0
6007 62
6336 0
6527 71
6533 62
6640 71
6695 82
6717 0
6808 61
6831 68
6836 0
6980 71
7145 0
7330 62
7382 0
7480 61
7943 0
8016 70
8167 0
8173 71
8221 71
8288 0
8373 62
8379 0
8455 62
8637 0
8796 70
9168 68
9245 0
9357 68
9485 0
9487 70
9911 0
