4 buffers
124069 24
95876 18527
113033 18155
143432 14368
8 downlinks
0 188 1250 138
1 1438 2500 174
2 2688 3750 154
3 3938 5000 169
4 5188 6250 179
5 6438 7500 182
6 7688 8750 171
7 8938 10000 132
11 events for 0
198 38
548 60
849 0
1148 60
2940 0
3635 44
4184 60
4773 0
6170 33
8414 33
8745 0
54 events for 1
156 32
221 0
252 35
316 0
367 31
408 0
456 31
574 0
957 36
959 35
1066 0
1274 35
1290 0
1514 32
2050 40
2182 31
2534 31
2714 0
3409 32
3720 32
3817 0
3976 35
4783 0
5019 36
5599 36
5604 0
5837 31
6264 0
6281 37
6405 32
6526 0
6590 32
6606 0
6620 31
6653 0
6695 36
6724 0
6837 31
6938 0
6961 40
7072 0
7185 40
7188 0
7189 31
7586 0
7624 40
7675 0
7815 36
8999 0
9341 40
9370 35
9375 31
9454 0
9601 35
37 events for 2
129 58
150 0
368 59
719 58
822 0
1059 58
1130 0
1182 58
1195 59
1336 0
1590 59
2177 59
2434 0
2773 59
2990 0
3837 59
3844 0
4268 58
4483 58
4717 0
4737 59
5064 0
5122 58
5171 0
5324 58
5523 58
6043 0
6682 59
7163 59
7737 59
8376 0
8384 58
9072 58
9090 58
9426 0
9501 58
9545 59
68 events for 3
89 82
170 0
515 78
854 0
918 82
1106 0
1160 82
1174 0
1240 81
1284 0
1287 82
1476 82
1486 0
1564 82
1647 0
2223 82
2295 0
2458 82
2675 0
2692 78
2714 0
3059 82
3115 82
3539 78
3849 77
4004 0
4137 77
4240 0
4339 77
4668 0
4936 81
5056 0
5271 82
5341 0
5408 80
5592 0
5660 72
5661 0
6103 81
6830 0
7011 78
7077 0
7323 81
7369 82
7516 0
7565 72
8000 0
8042 72
8135 0
8198 72
8344 0
8412 77
8463 0
8638 71
8722 0
8752 71
8835 80
8838 0
9051 82
9187 0
9209 72
9329 77
9547 0
9704 77
9721 72
9900 0
9967 82
9991 0
