8 buffers
67100 11713
79413 4538
108737 13192
64017 28
84260 13611
54331 10430
154558 6997
30425 2924
12 downlinks
0 125 833 261
1 958 1666 353
2 1791 2499 345
3 2624 3332 280
4 3457 4165 357
5 4290 4998 367
6 5123 5831 375
7 5956 6664 337
8 6789 7497 321
9 7622 8330 280
10 8455 9163 290
11 9288 9996 347
51 events for 0
318 44
593 0
609 44
623 0
802 25
875 0
909 44
1014 0
1236 25
1448 44
1681 0
1824 44
1853 0
1873 25
1996 0
2178 44
2189 0
2266 44
2384 0
2478 44
3449 0
3460 25
3476 25
3992 0
4022 25
4096 0
4105 25
4173 44
4797 44
4851 0
4909 44
5316 0
5347 25
5584 0
5662 25
5716 25
6177 0
6460 44
6473 0
6608 25
6972 0
7099 44
7598 0
7684 44
7909 44
7938 0
7991 25
8173 0
8223 44
8303 0
9438 44
24 events for 1
752 38
2457 0
2575 38
2987 0
3084 75
3960 0
4139 63
4330 75
4646 73
4694 73
4708 0
5498 73
5994 0
6584 52
6657 0
6945 73
7414 52
7489 73
7897 73
7968 0
8263 38
8487 28
8535 0
9851 78
13 events for 2
846 85
1580 0
4296 85
4410 0
4474 85
5158 85
5637 0
5805 85
5873 85
7189 0
7454 85
7619 0
9105 85
29 events for 3
223 81
1421 0
1522 63
1859 0
2347 32
2555 0
2573 32
2586 81
2736 0
2839 24
2981 0
3250 73
3523 0
3553 81
3716 0
4703 81
5358 0
6009 21
6039 0
7362 73
7994 0
8223 52
8273 0
8536 81
8561 0
9292 24
9356 32
9592 0
9977 63
12 events for 4
138 88
254 0
1143 25
2149 24
3263 80
5090 66
5564 66
5742 75
5963 0
7292 56
7768 75
9058 91
40 events for 5
260 42
604 0
817 42
1134 0
1210 42
1252 0
1308 42
1361 42
2079 0
2466 42
2493 42
2541 0
2772 42
2785 0
2913 42
3078 0
3090 42
3585 42
4150 0
4341 42
4535 42
5208 42
5333 42
5601 0
5661 42
5690 0
5777 42
6344 0
6505 42
6682 0
7017 42
7112 42
7985 0
8203 42
8243 0
8553 42
8718 0
8815 42
8994 0
9025 42
41 events for 6
326 82
655 0
1078 94
1183 82
1277 0
1756 82
1776 0
1860 91
1920 0
2265 83
2282 0
2556 83
2576 79
2750 0
2813 95
2823 0
3404 94
4094 82
4477 79
4607 0
4840 95
4938 83
5067 0
5147 95
5358 0
5551 83
5558 91
5803 0
5833 94
6353 0
6505 95
6508 91
6819 0
6884 83
8044 0
8110 95
8319 0
8552 82
8763 0
9253 83
9725 95
50 events for 7
524 17
550 0
559 26
1277 0
1587 26
1812 0
2117 26
2352 0
2418 26
2482 31
2800 0
2854 26
3091 0
3194 29
3350 0
3375 26
3503 0
3529 18
3995 0
4084 26
4256 31
4310 0
4560 26
4996 0
5034 17
5495 29
5511 0
5625 26
5908 0
6074 26
6155 0
6333 26
6404 0
6719 17
7087 0
7681 29
7684 0
8316 17
8459 0
8561 26
8719 0
8799 31
8808 26
8834 0
8878 26
9008 29
9517 0
9756 17
9786 26
9834 0
