8 buffers
109048 16973
64172 2051
45028 2442
64249 8895
77858 6786
65307 9793
72521 2494
41654 5062
12 downlinks
0 125 833 286
1 958 1666 329
2 1791 2499 302
3 2624 3332 234
4 3457 4165 327
5 4290 4998 313
6 5123 5831 311
7 5956 6664 293
8 6789 7497 326
9 7622 8330 306
10 8455 9163 319
11 9288 9996 332
22 events for 0
8 60
29 59
32 59
289 0
346 60
1041 0
1190 64
2203 0
2620 58
2708 0
3393 59
5042 0
5827 62
6400 58
7236 60
7706 58
7820 0
8874 62
9163 0
9394 60
9476 60
9766 60
48 events for 1
178 40
384 0
484 83
681 0
936 83
1229 0
1492 40
1496 0
1742 40
2025 0
2237 83
2642 0
3147 83
3237 0
3462 83
3468 0
3576 40
3629 0
3664 83
4289 0
4350 83
4406 40
4592 0
4733 83
4992 0
5008 40
5170 0
5354 83
5402 0
5590 40
6345 0
6598 40
6671 0
6855 83
6945 40
8287 0
8405 83
8459 0
8495 83
8645 40
8806 0
8912 40
8955 0
9467 40
9586 83
9605 40
9609 0
9910 40
76 events for 2
346 40
646 0
807 40
872 43
929 0
1213 37
1314 44
1406 0
1487 40
1707 44
1803 43
1858 0
2043 42
2193 0
2311 43
2344 0
2390 37
2408 0
2818 37
3083 0
3203 42
3268 44
3455 43
3513 0
3583 44
3608 44
3627 0
3964 42
4277 0
4422 43
4947 0
5234 44
5376 0
5418 40
5552 0
5666 37
5798 0
5832 43
5976 0
6085 44
6155 43
6158 0
6234 37
6427 43
6461 37
6473 0
6493 40
6720 0
6956 40
6967 0
7074 40
7226 0
7568 44
7604 0
7711 43
7763 0
7776 44
7861 0
7980 44
7986 43
8092 0
8147 43
8284 0
8482 43
8642 0
8717 40
8785 40
9104 0
9209 44
9267 44
9270 44
9273 0
9790 43
9907 0
9966 42
9990 0
43 events for 3
496 58
599 0
686 62
930 0
1270 62
1799 0
1836 62
1888 0
1947 65
2389 0
2677 65
2724 65
2744 0
3449 58
3539 0
4393 62
4901 65
5500 65
5518 58
5841 58
6448 0
6528 65
6605 0
7081 62
7138 0
7334 65
7335 62
7398 65
7428 0
7909 58
7960 0
7981 62
7994 0
8253 62
8256 0
8375 62
8593 0
8994 58
9021 0
9067 62
9266 62
9757 0
9881 62
63 events for 4
194 66
198 0
428 74
652 0
1208 75
1450 0
1476 68
1512 0
1564 66
1590 68
1687 66
1755 0
1899 66
1960 68
2036 0
2094 77
2443 0
2469 77
2685 0
2783 75
3159 0
3360 77
3477 66
3562 0
3822 68
3865 0
3954 74
4000 68
4091 77
4124 66
4247 0
4344 68
4346 0
4591 77
4599 0
4710 77
4790 0
5190 77
5317 0
5389 74
5481 0
5558 74
5572 77
6067 0
6357 66
6750 66
6768 0
7065 66
7390 0
7396 75
7551 0
7782 66
7904 0
7961 77
8054 0
8165 77
8357 0
8993 77
9089 75
9271 0
9551 66
9862 0
9898 77
98 events for 5
61 34
136 44
150 45
174 0
179 49
361 0
386 45
583 40
1122 45
1376 44
1435 0
1443 46
1464 0
1661 40
1709 0
1816 49
1842 49
1861 0
1903 49
1961 0
2029 40
2090 0
2135 34
2286 0
2503 49
2526 44
2695 0
2818 49
3182 0
3199 47
3296 0
3388 40
3390 0
3428 47
3552 0
3660 49
3736 0
3848 49
3888 0
3955 45
4021 45
4028 44
4092 0
4166 49
4335 0
4445 45
4538 0
4716 34
4878 0
4889 49
4911 0
4933 45
5039 0
5064 49
5220 0
5225 45
5227 0
5270 40
5321 0
5600 40
5674 0
5849 40
5891 0
6040 44
6105 0
6196 46
6339 0
6398 47
6402 40
6493 49
6532 0
6810 40
7042 0
7095 49
7138 0
7290 45
7299 0
7392 44
7895 0
7995 40
8018 49
8061 0
8380 45
8455 46
8478 34
8558 47
8595 45
8816 0
8858 45
9207 0
9290 49
9339 0
9463 46
9493 0
9507 45
9524 49
9528 0
9922 44
33 events for 6
11 51
77 0
320 52
597 0
831 52
906 0
1034 51
1376 0
1906 52
2627 0
2699 52
2704 0
2830 52
3092 52
3353 0
3360 51
3385 51
3847 51
3938 0
4003 51
4169 0
5191 52
5221 0
5748 51
6048 0
6258 51
6463 0
6624 51
7178 0
7437 52
7582 51
7917 0
8163 52
91 events for 7
782 44
867 0
964 44
976 44
1239 0
1440 44
1445 0
1481 44
1580 0
1605 44
2077 0
2189 44
2366 44
2515 0
2534 44
2579 0
2601 44
2616 0
2885 44
2923 0
2962 44
3068 0
3286 44
3526 0
3548 44
3841 0
3935 44
4048 0
4225 44
4322 44
4659 0
4767 44
4860 0
5350 44
5378 0
5395 44
5576 44
5593 0
5647 44
5690 44
5692 0
5745 44
5851 0
5877 44
6033 0
6150 44
6163 0
6182 44
6185 0
6210 44
6217 0
6318 44
6329 0
6333 44
6552 0
6729 44
6838 0
6969 44
7069 0
7095 44
7113 0
7233 44
7286 0
7316 44
7470 44
7498 44
7617 0
7891 44
7971 0
8197 44
8227 0
8351 44
8445 44
8531 0
8617 44
8622 44
8653 0
8696 44
8866 0
9043 44
9054 0
9093 44
9131 0
9133 44
9152 0
9198 44
9421 0
9767 44
9904 0
9953 44
9963 0
