8 buffers
31805 1342
65189 3605
87121 11331
36994 5506
97400 8712
33559 3347
42903 4597
80640 8451
16 downlinks
0 94 625 334
1 719 1250 312
2 1344 1875 252
3 1969 2500 252
4 2594 3125 306
5 3219 3750 305
6 3844 4375 267
7 4469 5000 235
8 5094 5625 309
9 5719 6250 300
10 6344 6875 260
11 6969 7500 243
12 7594 8125 277
13 8219 8750 242
14 8844 9375 277
15 9469 10000 312
91 events for 0
105 43
119 41
221 0
470 43
476 53
517 0
812 43
814 0
1199 28
1386 0
1548 53
1742 0
1852 41
1914 0
2378 43
2681 0
2868 41
2925 0
3178 43
3199 28
3204 0
3213 28
3335 0
3340 64
3382 0
3559 64
3704 0
3766 53
3787 0
3846 43
3919 42
4125 0
4136 28
4243 0
4251 64
4273 0
4296 42
4307 42
4316 0
4431 28
4542 0
4554 42
4765 0
4821 49
4839 49
5064 0
5168 64
5197 0
5278 53
5526 28
6066 0
6124 49
6272 0
6329 42
6356 0
6492 28
6608 0
6698 28
7017 0
7130 41
7139 0
7141 42
7405 0
7475 28
7495 0
7521 53
7572 0
7667 41
7737 0
8074 41
8075 0
8157 49
8170 0
8234 28
8363 0
8467 41
8608 0
8667 43
8668 0
8823 28
8850 0
8934 64
9129 64
9220 43
9273 0
9300 42
9356 0
9447 28
9505 0
9566 53
9581 0
40 events for 1
667 66
692 0
750 68
985 0
1045 68
1107 0
1340 62
1387 0
1680 66
1811 68
2178 0
2694 47
2822 79
3182 0
3285 36
3552 0
3746 66
3821 0
4489 47
4629 0
4689 68
4959 0
4992 68
5491 0
5683 68
6189 0
6431 79
6440 0
6548 66
6665 36
6699 79
6707 0
6772 58
6974 0
7739 79
9165 68
9319 47
9350 0
9664 36
9691 68
63 events for 2
275 75
415 75
424 75
639 0
724 75
768 0
927 75
1082 0
1163 75
1294 0
1424 75
1539 0
1737 75
2051 75
2187 0
2373 75
2749 0
3240 75
3314 75
3339 0
3468 75
3603 75
3856 0
3943 75
4135 75
4145 0
4224 75
4314 0
4423 75
4485 75
4638 0
4882 75
4955 0
5002 75
5496 0
5508 75
5570 0
5595 75
5923 0
6039 75
6094 0
6339 75
6343 0
6464 75
6613 0
6715 75
6942 75
7032 75
7038 0
7041 75
7059 0
7403 75
7717 0
7903 75
8556 75
8744 75
8837 0
8948 75
9030 0
9160 75
9215 0
9988 75
9999 0
17 events for 3
578 41
778 41
1165 0
1628 38
2432 0
3697 40
4850 41
4924 0
5148 40
6116 0
6738 41
7013 0
8205 41
8222 0
8656 40
8757 41
8926 0
85 events for 4
143 67
154 0
191 73
253 73
257 0
523 73
528 0
551 54
702 67
714 73
852 0
876 67
1001 0
1154 73
1207 0
1210 67
1236 0
1353 67
1520 0
1605 73
1655 0
1679 67
1758 0
1805 73
1824 0
1847 67
1913 0
2010 73
2143 0
2248 67
2394 0
2524 67
2717 54
2783 0
3003 67
3175 0
3257 73
3306 0
3352 54
3796 0
4016 73
4050 54
4161 54
4396 0
4411 73
4467 0
4544 67
5018 0
5115 67
5233 0
5496 73
5502 0
5522 73
5784 0
5931 67
6074 73
6204 0
6229 54
6302 73
6328 0
6691 73
6698 0
6719 54
6917 0
6950 54
6959 0
7095 67
7275 54
7661 67
7850 0
8109 73
8158 54
8185 0
8268 73
8948 0
9147 73
9222 67
9255 0
9268 73
9360 0
9365 54
9385 0
9394 54
9907 67
9928 0
95 events for 5
47 32
378 32
510 0
542 26
595 26
715 0
997 32
1024 0
1094 26
1117 0
1133 32
1260 0
1406 26
1499 32
1613 0
1617 26
1647 0
2064 26
2220 0
2312 32
2368 32
2388 32
2419 0
2521 32
2633 0
2685 26
2835 0
2993 26
3040 26
3138 0
3293 26
3321 26
3435 0
3501 26
3532 0
3553 26
3926 0
4114 32
4141 26
4183 0
4231 32
4260 32
4309 26
4351 0
4391 26
4491 32
4544 26
4640 32
4727 32
4810 0
4855 32
4920 26
4950 0
4989 26
5078 26
5149 0
5178 32
5224 0
5276 26
5321 26
5368 26
5512 0
6016 26
6036 32
6086 0
6170 26
6177 0
6410 26
6499 32
6582 26
6768 0
6916 26
6931 32
7016 0
7124 32
7188 0
7194 26
7731 0
8090 26
8306 0
8330 26
8611 0
8679 32
8787 0
8835 26
8861 26
9008 32
9010 32
9085 32
9179 0
9200 26
9257 0
9512 32
9748 26
9850 26
14 events for 6
1071 60
1345 52
2366 0
3697 60
3958 0
4267 62
4522 55
5902 55
6013 55
6474 0
7796 52
7876 0
8489 60
8886 0
86 events for 7
16 98
198 0
244 98
291 0
476 99
531 0
551 98
578 0
680 94
749 0
857 99
881 0
916 99
958 0
1222 94
1363 97
1426 0
1521 94
1536 0
1594 94
1604 0
1670 99
1779 0
1926 99
2043 98
2152 0
2259 98
2307 94
2556 0
2575 94
2931 94
2941 0
3217 94
3242 99
3321 0
3381 98
3465 0
3526 98
3726 0
3971 98
4212 98
4224 0
4304 98
4329 0
4339 98
4467 0
4671 97
4693 99
4754 0
5049 94
5063 0
5223 94
5509 0
5514 99
6172 0
6233 98
6264 0
6288 98
6410 0
6542 99
6575 0
6590 94
6593 94
6808 98
6899 0
7274 98
7335 94
7481 0
7608 99
7732 0
8123 94
8248 98
8451 98
8619 0
8800 97
8827 0
8940 94
9005 0
9031 99
9062 0
9122 98
9415 0
9547 97
9600 0
9821 98
9984 0
