8 buffers
308950 45549
241372 18512
230299 29904
177727 16510
175468 2850
443512 22931
157464 5198
206675 17089
4 downlinks
0 375 2500 323
1 2875 5000 366
2 5375 7500 363
3 7875 10000 322
76 events for 0
24 97
45 0
52 86
64 0
244 97
292 0
295 97
466 0
509 90
717 0
960 86
1339 0
1343 97
1371 0
1372 97
1498 90
1820 0
1922 90
1927 0
2061 97
2282 0
2580 90
2661 0
2874 90
2898 86
3032 0
3498 97
3618 0
3870 97
3894 86
4338 0
4374 97
4574 90
4624 0
4898 90
5037 0
5146 90
5250 0
5270 90
5432 97
5439 90
5697 0
5837 86
5973 0
5982 86
6006 0
6028 86
6116 0
6268 86
6304 0
6428 90
6539 0
6553 86
6647 0
6812 97
6863 0
7372 97
7433 0
7537 90
7766 90
7812 86
7912 86
7947 86
7955 86
8611 0
8763 97
8792 0
8947 97
8985 97
9165 86
9233 97
9380 0
9585 86
9639 0
9640 90
9904 0
24 events for 1
1029 52
1559 52
1969 0
2187 52
2376 0
2507 52
2766 0
2857 52
3602 52
3686 0
4137 52
5074 0
5185 52
5335 52
5451 52
5560 0
5736 52
6424 52
6990 0
7342 52
8538 0
9321 52
9614 0
9802 52
24 events for 2
189 41
795 0
1135 54
1341 0
1793 55
2382 41
3457 0
3829 55
3891 55
4400 0
4521 55
4954 41
5141 0
5514 53
5789 0
6001 50
6780 0
7199 55
8089 41
8587 0
9114 55
9433 53
9734 0
9762 53
65 events for 3
93 23
342 0
380 27
658 0
753 53
874 0
1078 50
1185 0
1483 27
1655 27
1811 0
1864 19
2236 0
2564 53
2567 0
2595 23
2692 0
2741 23
2814 0
2829 27
2985 0
2995 50
3074 0
3234 23
3262 55
3409 55
3495 0
3496 23
3522 0
3611 53
4167 0
4180 19
4411 0
4924 21
4930 27
5059 0
5386 20
5496 27
5543 0
6136 53
6209 0
6379 27
6524 55
6793 23
6818 0
6912 50
7053 0
7063 53
7280 19
7308 0
7757 55
7758 0
7978 53
8099 0
8349 27
8366 0
8406 53
8409 0
8453 21
8639 23
8758 0
9029 53
9099 50
9165 0
9674 50
56 events for 4
521 44
646 43
785 0
1011 42
1028 0
1171 42
2069 0
2173 43
2235 41
2333 0
2407 41
2500 0
2608 44
3198 41
3797 0
4001 43
4246 43
4439 0
4466 41
4496 0
4626 44
4854 0
4936 43
5171 0
5191 43
5434 0
5468 42
5684 0
5716 46
5784 0
6004 41
6349 0
6371 44
6474 0
6520 39
6629 0
6970 42
6985 41
7317 0
7391 41
7431 43
7481 43
7791 39
8108 0
8246 44
8441 0
8444 43
8465 0
8529 44
8554 0
8980 43
9142 0
9327 42
9330 0
9485 39
9824 0
23 events for 5
303 80
309 0
346 80
1077 0
1139 80
2574 0
2709 80
2744 80
2755 0
3248 80
3557 80
3885 0
3950 80
4552 0
4791 80
5472 0
6216 80
7887 0
8371 80
8384 80
8597 0
9664 80
9934 0
47 events for 6
26 48
164 0
284 48
299 0
402 48
544 0
580 65
867 0
962 65
1424 0
1426 68
1628 0
2323 48
2382 48
2507 0
2767 68
2974 0
3008 68
3244 0
3375 75
4220 0
4441 75
4458 0
4816 38
5094 0
5179 75
5322 0
5411 68
5614 0
6214 38
6685 0
7266 38
7296 0
8210 48
8488 0
8512 38
8662 0
8808 65
8870 0
8912 75
8945 48
9109 0
9242 48
9341 48
9391 0
9428 65
9649 0
65 events for 7
33 51
491 46
697 0
816 44
839 0
1351 50
1367 0
1783 49
1810 0
1968 51
2003 44
2365 0
2401 46
2652 44
2779 0
2881 46
2934 0
3388 52
3428 46
3491 0
4355 50
4420 0
4682 49
4721 0
4722 49
5009 44
5096 52
5138 0
5229 51
5230 0
5537 50
5709 50
5809 0
5820 49
5880 50
6018 49
6060 0
6098 46
6176 0
6182 46
6316 0
6341 49
6361 0
6386 52
6658 0
7071 50
7114 0
7489 49
7561 0
7587 49
7857 0
7929 50
8227 0
8494 52
8577 0
8625 52
8689 0
8707 52
8718 52
9063 0
9308 52
9696 46
9707 0
9824 52
9930 49
