8 buffers
154403 30701
139981 16909
66616 1561
214398 4677
190208 11032
91246 2814
129311 4364
203238 32143
8 downlinks
0 188 1250 413
1 1438 2500 314
2 2688 3750 311
3 3938 5000 361
4 5188 6250 398
5 6438 7500 290
6 7688 8750 392
7 8938 10000 344
84 events for 0
9 63
187 66
507 66
599 59
734 59
756 63
769 71
1125 0
1162 59
1165 59
1208 0
1253 63
1260 71
1305 66
1454 0
1498 59
1639 71
1806 0
1866 59
2010 0
2282 59
2517 63
2636 0
2919 66
3018 59
3225 0
3375 59
3408 0
3493 71
3881 0
3950 59
4074 0
4143 59
4205 0
4309 71
4400 59
4849 0
4917 66
4956 63
4995 71
5154 63
5220 0
5243 59
5257 66
5276 0
5305 66
5315 0
5828 66
5834 0
5858 63
6332 0
6353 66
6382 0
6464 66
6466 0
6586 66
6847 0
6928 59
7010 0
7114 71
7205 59
7254 71
7467 0
7507 66
7787 0
7818 71
7850 0
7893 71
7926 0
7998 66
8242 0
8314 59
8335 0
8393 59
8683 71
8729 0
8814 66
8941 0
9134 59
9286 0
9340 59
9465 0
9570 59
9994 0
60 events for 1
55 72
109 0
155 72
167 0
696 73
709 0
937 72
983 0
1498 73
1786 0
1837 73
1850 0
1911 72
2139 0
2296 72
2390 0
2732 73
2801 0
2998 73
3480 0
3715 72
3755 74
3799 73
3860 73
3993 0
4103 72
4406 0
4552 73
4783 73
5237 0
5372 74
5376 74
5737 0
5889 73
5906 72
6192 74
6275 73
6385 0
6817 72
7021 0
7029 72
7277 0
7357 72
7497 74
7727 0
7945 73
8023 72
8189 72
8362 0
8462 72
8493 0
8666 72
8849 0
8921 73
8950 0
9386 72
9747 0
9748 73
9885 0
9939 72
21 events for 2
496 32
504 32
748 32
899 0
1163 32
1253 0
1889 32
2531 0
3510 32
3753 32
3808 32
5769 0
5913 32
6755 0
7696 32
7962 0
8219 32
8784 0
8956 32
9802 32
9887 32
51 events for 3
80 55
250 0
428 55
523 83
947 0
1108 91
1192 0
1282 83
1342 0
1838 89
1867 0
1886 69
1980 0
2417 55
2962 0
3024 83
3102 0
3353 69
3543 0
3716 89
4100 89
4126 0
4225 91
5139 0
5641 55
5809 83
6078 0
6092 83
6127 69
6652 0
6790 89
6909 0
7356 69
7582 0
7588 55
7695 0
7758 83
7968 0
8060 55
8127 0
8173 83
9060 0
9156 89
9204 0
9225 91
9424 0
9502 75
9657 0
9670 75
9678 0
9725 55
20 events for 4
259 83
333 60
536 0
925 60
1742 83
2029 0
2336 60
3800 0
4223 68
5682 0
6003 83
6221 0
6308 60
6855 0
7338 68
7816 0
8535 68
9019 0
9531 60
9822 0
67 events for 5
204 55
478 55
612 0
793 55
1259 0
1707 55
1817 0
1957 55
1962 0
1966 55
2011 0
2234 55
2247 0
2329 55
2398 55
2446 0
2455 55
2689 0
2871 55
2991 0
3020 55
3084 0
3283 55
3357 55
3382 0
3454 55
3704 0
3708 55
3807 55
3832 0
4010 55
4503 0
4690 55
4768 0
4859 55
4937 0
5025 55
5030 55
5063 55
5167 0
5329 55
5509 0
5654 55
5661 0
5664 55
5712 0
6379 55
6440 0
6540 55
6936 0
7201 55
7205 0
7305 55
7766 55
7777 0
7842 55
7884 0
8100 55
8204 0
8453 55
8598 55
8725 0
8733 55
9025 0
9253 55
9311 0
9890 55
99 events for 6
85 65
181 0
206 65
296 70
323 52
413 50
588 70
600 50
610 0
656 70
740 70
859 54
906 0
953 65
1017 0
1024 50
1053 0
1056 52
1084 0
1177 65
1441 52
1467 65
1574 0
1630 70
1695 0
1752 70
1808 0
1833 50
1891 0
2020 65
2028 0
2185 65
2223 70
2519 0
2840 70
2965 0
3037 52
3049 0
3059 65
3149 0
3321 52
3571 52
3608 0
3817 70
3977 0
4326 70
4715 65
4719 0
4723 54
4816 0
4840 70
4905 50
4924 0
4985 65
5141 0
5298 50
5369 0
5477 70
5544 0
5586 52
5592 0
5605 70
5626 0
5637 50
5688 0
5719 50
5920 0
5992 50
6005 54
6053 0
6093 65
6157 0
6242 54
6362 52
6543 0
6993 65
7115 54
7165 0
7192 65
7655 0
7704 50
7832 0
7854 50
8043 54
8161 54
8205 52
8302 0
8317 52
8416 0
8666 54
8706 52
8748 0
8792 54
8957 0
9110 50
9377 0
9442 54
9504 0
9885 54
98 events for 7
8 84
89 0
272 84
321 84
480 0
640 84
713 0
856 84
951 0
982 84
1082 0
1134 84
1250 0
1337 84
1516 0
1525 84
1561 84
1601 0
1608 84
1746 0
1795 84
1827 84
1858 0
1995 84
2044 0
2144 84
2229 0
2590 84
2610 0
2802 84
3054 0
3181 84
3194 84
3203 84
3274 84
3384 84
3406 84
3441 0
3467 84
3538 0
3834 84
4067 0
4089 84
4155 0
4217 84
4335 0
4346 84
4402 0
4809 84
4863 84
4914 0
4948 84
4955 84
5190 84
5247 0
5288 84
5342 84
5659 0
5729 84
5809 84
5872 0
5895 84
5920 0
6004 84
6072 0
6091 84
6108 84
6123 0
6155 84
6291 0
6787 84
6901 0
6971 84
7033 0
7306 84
7433 0
7563 84
7654 84
7878 84
7976 0
8049 84
8187 0
8358 84
8653 0
8661 84
8689 0
8717 84
8861 0
8950 84
8965 0
9128 84
9256 84
9257 0
9370 84
9388 84
9404 0
9617 84
9814 84
