8 buffers
200164 4336
236374 34180
136291 24680
201377 28279
334043 15341
290320 337
289547 35292
126808 22263
4 downlinks
0 375 2500 271
1 2875 5000 245
2 5375 7500 341
3 7875 10000 315
88 events for 0
29 45
205 0
217 45
236 0
246 45
268 0
274 45
296 45
952 0
1012 45
1298 45
1341 45
1518 0
1648 45
1754 45
1770 0
1807 45
1830 0
1834 45
2050 45
2098 45
2117 0
2200 45
2252 0
2621 45
2677 0
2744 45
2921 45
2977 45
3028 0
3151 45
3155 0
3237 45
3400 45
3485 45
3528 0
3574 45
3592 45
3614 0
3633 45
3964 0
3966 45
3977 0
4571 45
4637 0
4718 45
4941 0
4977 45
5003 0
5357 45
5621 0
5623 45
5779 0
5792 45
5868 0
5972 45
6436 45
6468 0
6470 45
6628 0
6674 45
6695 0
6722 45
6743 0
6769 45
6969 0
7025 45
7088 45
7410 0
7472 45
7701 45
7731 45
7759 45
7804 0
7825 45
7858 0
8015 45
8303 0
8397 45
8502 0
8709 45
8778 0
8788 45
8914 45
9138 45
9166 45
9401 45
9840 0
78 events for 1
151 29
504 0
538 78
776 0
804 29
830 0
922 29
945 0
1361 29
1469 29
1529 0
1576 29
1774 0
2317 78
2349 0
2353 29
2356 0
2358 29
2428 29
2475 78
2710 0
2737 29
2745 0
2877 29
3049 29
3594 0
3608 78
3613 0
3896 29
3967 0
3977 29
4025 0
4033 78
4222 0
4447 29
4715 0
4751 29
4818 0
4836 29
4868 0
4890 78
5501 0
5677 29
5960 29
6182 0
6382 78
6495 0
6500 78
6542 78
6574 0
6593 29
6905 0
7065 29
7128 0
7185 78
7266 0
7350 29
7363 0
7369 29
7556 0
7694 29
7772 0
7805 78
7830 0
7894 78
8022 0
8189 78
8402 0
8446 78
9023 78
9281 0
9332 29
9606 78
9705 0
9720 29
9791 29
9879 78
9950 29
100 events for 2
13 38
83 0
98 47
272 0
371 42
470 42
483 41
486 0
522 41
649 0
717 40
832 0
1015 42
1076 0
1095 54
1176 54
1216 0
1272 54
1350 54
1491 0
1611 41
2120 38
2284 0
2294 54
2329 0
2458 38
2544 0
2550 40
2621 0
3219 48
3329 0
3414 48
3748 48
3758 42
3773 48
3863 0
3890 54
3992 0
4041 41
4252 48
4356 0
4651 40
4935 0
5049 41
5057 0
5338 38
5505 0
5654 54
5696 48
5969 41
6014 0
6076 48
6078 0
6181 42
6224 47
6407 38
6532 40
6627 0
6754 38
6776 0
6994 40
7088 40
7155 54
7158 40
7168 0
7280 41
7388 0
7456 47
7489 0
7519 48
7556 0
7740 54
7873 47
7954 0
8002 41
8044 40
8258 0
8385 41
8390 0
8393 54
8420 0
8424 40
8554 38
8632 0
8733 54
8787 0
8861 38
9022 0
9139 41
9160 0
9161 48
9179 40
9228 0
9291 41
9341 0
9404 42
9530 0
9754 48
9876 0
9918 40
39 events for 3
62 60
184 0
272 57
332 0
525 58
975 0
1039 57
1485 0
1550 66
1720 0
1881 60
1949 66
2408 66
2515 0
3235 57
3369 66
3451 0
3613 60
4044 0
4230 57
4250 0
4455 57
5552 58
6040 0
6502 60
6593 0
6988 57
7033 0
7042 66
7647 58
7788 0
7892 58
8193 57
8389 0
8722 57
9254 60
9260 0
9596 58
9741 0
92 events for 4
8 70
39 0
54 70
230 0
336 70
353 0
397 70
462 0
611 70
742 0
862 70
979 0
1021 70
1098 0
1109 70
1334 0
1464 70
1613 70
1656 0
1699 70
1756 0
1762 70
1891 0
2117 70
2244 0
2277 70
2317 70
2458 0
2495 70
2501 0
2601 70
2657 70
2690 0
2875 70
3217 0
3232 70
3279 70
3481 0
3537 70
3617 70
3760 0
3987 70
4248 0
4346 70
4382 0
4481 70
4545 0
4661 70
4691 0
4858 70
4873 0
5086 70
5090 0
5116 70
5139 0
5396 70
5580 0
5626 70
5643 0
5882 70
5945 70
6015 70
6054 70
6125 0
6256 70
6280 0
6335 70
6342 0
6422 70
6627 70
6652 0
7279 70
7454 0
7465 70
7710 0
7802 70
7863 70
7963 70
7976 0
8199 70
8566 0
8658 70
8755 70
8968 70
8974 70
8997 70
9078 0
9115 70
9260 0
9495 70
9519 0
9970 70
65 events for 5
16 65
111 0
243 65
290 0
488 67
692 0
712 65
872 0
882 65
1439 0
1616 67
1635 67
1828 0
1937 67
2012 0
2021 67
2418 67
2506 0
2779 67
2993 0
3009 65
3022 0
3406 65
3717 0
4067 65
4202 67
4375 0
4387 67
4458 0
4507 65
4616 67
5032 65
5270 67
5431 67
5483 0
5486 65
5500 0
5506 65
5577 0
5763 67
5780 0
5783 65
5874 67
5919 0
5980 65
6040 0
6162 67
6404 0
6413 65
6802 0
6861 67
7122 65
7420 0
7830 67
7897 0
7937 67
8456 0
8521 67
8752 0
8901 67
9228 0
9348 65
9808 0
9896 65
9936 0
89 events for 6
85 48
149 0
315 54
371 0
403 54
634 48
711 0
723 57
773 0
776 57
878 53
1097 54
1139 54
1168 0
1248 57
1299 0
1424 57
1455 0
1517 48
2006 0
2244 54
2403 53
2689 54
2777 0
2779 48
2783 54
2791 0
2925 48
3149 0
3243 48
3264 54
3439 0
3505 57
3513 0
3564 57
3715 0
4044 53
4236 0
4245 54
4457 57
5061 0
5170 54
5240 0
5246 54
5284 0
5355 54
5661 53
5675 0
5745 54
5984 0
6215 54
6226 0
6229 53
6246 0
6359 54
6877 0
7015 54
7024 0
7059 48
7125 0
7132 54
7192 0
7217 57
7255 53
7463 0
7805 57
8054 0
8129 54
8167 0
8256 48
8310 57
8509 54
8669 0
8679 48
8788 0
8814 57
8837 57
8944 0
8992 54
9039 0
9147 54
9287 53
9308 53
9424 0
9577 53
9801 0
9822 57
9854 0
9968 54
27 events for 7
355 25
622 0
690 25
829 0
849 23
1160 0
1564 25
2329 0
2759 25
2794 0
3198 25
3558 0
4599 25
4938 23
5230 0
5318 25
6308 0
6480 25
6943 0
7272 23
7894 25
7928 0
8223 25
9440 25
9498 0
9640 25
9744 0
