4 buffers
110422 17760
31191 778
87551 16453
44379 3607
16 downlinks
0 94 625 192
1 719 1250 179
2 1344 1875 164
3 1969 2500 179
4 2594 3125 160
5 3219 3750 209
6 3844 4375 227
7 4469 5000 163
8 5094 5625 215
9 5719 6250 204
10 6344 6875 160
11 6969 7500 174
12 7594 8125 203
13 8219 8750 186
14 8844 9375 233
15 9469 10000 191
79 events for 0
18 86
34 84
150 84
246 0
355 85
368 0
475 82
701 0
782 86
1371 86
1452 0
1575 82
1595 0
1650 88
1852 0
2021 89
2058 0
2138 86
2397 88
2477 0
2528 89
2577 87
2606 0
2694 86
2719 0
2901 88
3067 0
3224 88
3239 0
3359 88
3376 0
3393 87
3401 0
3428 82
3676 87
3734 0
3791 88
3837 0
3883 82
4301 0
4331 84
4496 88
4888 0
4928 87
5219 0
5426 87
5570 0
5661 82
5822 0
5831 85
5896 88
6142 88
6183 0
6426 84
6495 0
6498 86
6519 0
6616 84
6708 0
6789 85
6843 0
6866 89
7159 0
7199 86
7207 0
7320 86
7397 0
7502 86
7660 0
7769 82
8100 88
8408 82
9004 0
9038 82
9304 0
9312 86
9488 0
9551 82
9882 86
12 events for 1
820 28
961 0
1907 28
2093 0
2186 28
2594 28
3408 38
4266 0
4450 28
4561 0
6046 28
6695 38
35 events for 2
37 77
103 0
107 75
131 0
263 78
480 0
688 78
822 78
1933 77
2152 0
2171 77
2459 0
2830 78
3110 77
3318 77
5081 0
5120 77
5332 78
5369 0
5604 77
6622 0
6625 78
6781 0
6856 78
7048 0
7222 77
7410 77
7883 0
7957 78
8404 78
8505 0
8802 77
8992 0
9427 75
9592 78
16 events for 3
426 99
1794 78
1997 0
4045 72
4446 0
4994 66
5114 0
5168 72
5253 0
6382 98
6700 0
8270 72
8296 0
9746 83
9853 0
9978 78
