8 buffers
251725 33609
228682 2308
66138 1099
94924 117
282163 53941
146601 24052
274858 18243
345636 34285
4 downlinks
0 375 2500 263
1 2875 5000 249
2 5375 7500 240
3 7875 10000 266
85 events for 0
79 66
105 66
143 66
236 0
321 52
331 0
337 52
459 0
594 52
833 66
1068 0
1079 52
1115 0
1150 52
1162 0
1222 52
1238 66
1396 0
1397 52
1434 0
1519 52
1604 66
1975 52
2038 0
2111 66
2434 0
2608 66
2677 66
2691 0
2781 66
3066 0
3140 52
3143 0
3182 66
3207 0
3266 66
3349 0
3435 52
3593 0
3610 52
3847 66
4026 0
4262 52
4456 0
4489 52
4506 0
4887 66
5365 0
5659 52
5683 0
6020 66
6035 0
6267 66
6321 52
6358 0
6501 66
6528 0
6801 66
6859 52
6900 0
6948 52
7111 0
7418 52
7420 52
7697 0
7746 66
7792 0
7836 52
8133 0
8289 52
8382 0
8661 52
8764 0
8854 52
9155 66
9250 66
9325 0
9412 52
9548 52
9677 0
9766 52
9823 0
9826 66
9841 0
9952 66
63 events for 1
51 41
432 41
546 38
761 38
764 0
818 64
1061 0
1472 64
1557 0
1711 64
1723 0
2063 41
2092 38
2156 38
2416 64
2523 0
2835 64
2985 41
3083 0
3216 64
3219 41
3664 0
3739 38
3777 41
3905 0
4094 41
4183 41
4402 0
4980 38
5010 64
5085 38
5452 0
5543 41
5772 0
5835 41
6005 0
6069 64
6148 38
6169 64
6427 41
6457 0
6474 41
6851 0
7125 41
7155 0
7503 41
7586 38
7640 0
7686 64
7765 0
7871 38
8058 0
8134 41
8469 0
8563 64
8605 38
8761 0
9034 64
9036 41
9296 64
9318 0
9566 64
9970 0
62 events for 2
468 18
534 0
609 19
801 0
1299 18
1388 19
1467 18
1471 0
1631 18
1814 0
1917 18
1960 18
2119 19
2482 19
2920 18
3753 0
3854 19
4003 0
4026 19
4039 0
4459 18
4485 19
4606 0
4687 19
4758 0
4988 19
4997 18
5083 0
5086 19
5212 0
5248 19
5480 0
5616 19
5732 18
5746 18
6040 0
6060 18
6227 0
6275 18
6460 0
6572 19
6643 0
6829 19
6965 19
7057 0
7172 18
7210 0
7234 19
7310 0
7441 18
7628 0
8108 19
8292 0
8519 18
8635 0
8667 18
8737 0
8974 19
9143 0
9632 18
9633 0
9680 18
34 events for 3
299 31
535 45
554 0
860 45
1368 0
2192 31
2316 0
2494 45
2695 0
3034 41
3442 41
3449 45
3515 0
3768 41
4006 0
4017 41
4065 0
4152 45
4298 0
5727 41
6175 45
6970 0
7172 31
7546 0
7678 31
7891 0
8010 31
8024 0
8058 45
8263 0
8633 41
8682 0
9097 41
9277 0
93 events for 4
350 82
495 0
716 97
789 0
861 97
892 90
983 0
1055 97
1142 0
1224 57
1243 0
1261 54
1337 0
1522 97
1651 27
1673 82
1979 0
1999 90
2060 0
2064 57
2212 57
2293 0
2295 64
2478 0
2834 82
3165 0
3416 54
3721 0
3749 99
3993 99
4015 0
4245 99
4444 0
4461 90
4535 82
4588 64
4689 0
4691 57
4911 0
5047 57
5055 0
5173 27
5233 0
5435 99
5458 0
5476 90
5569 90
5706 0
5734 54
5743 0
5823 99
5901 0
5913 27
5957 0
6010 27
6082 0
6380 27
6591 82
6612 0
6678 90
6709 99
6710 90
6785 0
7063 27
7187 0
7383 64
7622 0
7698 57
7765 0
7860 57
7878 0
7903 54
7929 64
7934 0
7956 64
8004 0
8040 97
8161 0
8202 54
8238 0
8250 54
8353 0
8377 27
8429 54
8589 90
8926 0
8940 90
9032 27
9380 57
9557 0
9594 97
9627 99
9984 64
14 events for 5
1106 57
1291 0
2397 60
3329 0
5188 62
5420 62
5548 0
5643 63
6270 0
7052 60
7679 58
8795 0
8936 59
9475 0
68 events for 6
223 78
248 0
314 67
422 0
459 67
497 0
502 67
709 0
797 78
1064 78
1102 0
1138 78
1220 67
1388 67
1829 0
1890 67
2091 67
2224 0
2771 67
2843 0
3011 78
3322 0
3350 67
3412 67
3937 0
4002 67
4007 0
4015 78
4165 0
4616 78
4900 0
5159 78
5219 0
5339 67
5508 78
5581 67
5616 0
5631 78
5670 0
6118 78
6150 0
6206 78
6226 0
6379 78
6577 67
6614 0
6979 67
7019 0
7256 78
7555 67
7620 0
7675 67
8004 0
8011 67
8121 0
8193 67
8343 0
8743 67
8883 0
8931 67
9026 0
9085 78
9504 0
9547 78
9727 0
9750 67
9923 0
9939 67
86 events for 7
14 81
71 0
72 81
206 0
396 81
457 75
948 81
988 0
1202 81
1228 0
1229 75
1248 0
1294 75
1773 0
1878 75
1879 0
1918 75
1919 0
1982 81
1996 0
2037 81
2446 0
2622 75
2834 0
2951 75
3097 0
3099 81
3167 0
3330 75
3643 0
3679 75
3689 0
3751 81
3772 0
3779 81
3854 0
3931 81
4051 75
4095 0
4427 81
4643 75
4773 0
4943 81
4981 0
5216 75
5600 0
5606 81
5639 0
5646 81
5671 81
5760 0
5888 81
5931 75
5952 81
6044 75
6074 0
6315 81
6473 0
6563 75
6599 0
7072 81
7223 0
7251 75
7276 0
7333 75
7372 81
7459 75
7659 0
7785 75
7820 0
7940 81
7974 75
8205 0
8266 75
8703 81
8840 81
9027 0
9085 81
9447 0
9597 75
9605 0
9637 75
9642 0
9749 81
9810 0
9871 75
