16 buffers
430289 73678
240643 44589
303075 4401
175940 28630
334358 38483
165391 20439
273055 33932
361878 52857
207126 3102
72771 13267
181320 35119
268375 46335
225016 8932
326619 53546
253274 1637
484839 5024
4 downlinks
0 375 2500 653
1 2875 5000 626
2 5375 7500 607
3 7875 10000 811
71 events for 0
44 78
226 0
253 65
458 0
462 78
719 0
1156 78
1295 0
1613 65
1809 0
2089 65
2190 0
2231 78
2249 0
2261 78
2471 0
2521 78
2672 0
2831 78
2871 0
2913 78
3118 0
3131 78
3236 0
3312 78
3402 0
3403 65
3537 0
3738 65
3940 65
4267 0
4382 78
4507 0
4614 78
4650 65
4972 0
4989 65
5104 0
5313 78
5325 0
5444 78
5479 78
5800 65
5864 0
5881 78
5885 65
6168 0
6218 65
6412 0
6703 65
6968 65
7120 0
7126 78
7318 78
7399 0
7572 65
7725 0
7751 78
7989 0
8100 65
8170 0
8192 78
8376 0
8638 65
8701 65
8808 78
9277 0
9619 65
9682 65
9932 0
9962 65
40 events for 1
527 50
560 0
1085 57
1124 79
1597 68
2021 68
2301 0
2341 58
3387 0
3573 68
3867 0
3888 58
3989 0
4421 58
4618 0
4883 57
5098 39
5980 58
6357 63
6564 0
6582 70
6788 0
6843 68
6857 0
6898 50
6929 0
7069 79
7443 0
7681 79
7853 0
7865 70
8113 0
8397 76
8604 0
8862 57
8967 0
8987 63
8993 0
9044 68
9501 63
87 events for 2
223 57
277 57
447 0
481 57
731 57
760 57
841 0
950 57
1000 0
1014 57
1323 57
1329 57
1369 0
1392 57
1412 57
1637 57
1725 57
1851 0
1873 57
2128 0
2203 57
2394 0
2529 57
2591 0
2664 57
2750 0
2772 57
2777 0
3028 57
3281 0
3309 57
3391 0
3518 57
3597 0
3673 57
3832 0
4109 57
4140 57
4248 57
4378 57
4533 0
4678 57
4687 0
4764 57
4835 57
4930 0
5308 57
5442 0
5484 57
5706 0
5958 57
6076 0
6219 57
6305 0
6365 57
6394 57
6407 0
6559 57
6633 0
6886 57
6968 57
7257 0
7290 57
7319 0
7500 57
7613 57
7698 0
7914 57
8042 0
8050 57
8093 57
8133 57
8750 0
8773 57
8938 0
8969 57
9212 57
9257 57
9331 0
9445 57
9639 0
9650 57
9775 0
9831 57
9853 0
9905 57
9961 0
61 events for 3
47 42
114 54
364 0
450 42
554 0
837 54
983 0
992 54
1049 54
1084 0
1353 42
1362 0
1440 54
1656 0
1794 42
1932 42
1942 0
2581 42
2749 0
2925 42
3126 0
3264 54
3315 0
3371 42
3504 54
3507 0
3631 54
4029 0
4096 54
4220 0
4273 42
4281 0
4870 42
5065 0
5325 54
5462 0
5685 54
5689 0
5842 54
5879 54
6143 0
6591 42
7044 0
7367 42
7522 0
7536 54
7550 0
7569 42
8050 0
8121 54
8139 42
8638 0
8891 54
8970 0
9110 54
9378 54
9591 0
9664 42
9691 0
9946 42
9964 0
60 events for 4
177 75
185 0
389 75
400 0
889 75
1010 0
1081 75
1214 75
1270 0
1515 75
1626 0
1693 75
1967 0
2015 75
2027 75
2080 75
2226 75
2279 0
2306 75
2482 0
2528 75
2892 0
3004 75
3300 75
3660 0
4178 75
4248 0
4311 75
4518 0
4574 75
4627 75
4954 75
5087 0
5099 75
5125 0
6566 75
6769 75
7039 75
7321 75
7396 75
7682 0
7955 75
8032 75
8043 0
8167 75
8217 0
8310 75
8454 0
8797 75
8934 75
8950 75
8964 0
8971 75
8974 75
9253 75
9351 75
9480 75
9818 0
9904 75
9982 75
94 events for 5
11 32
410 0
426 53
556 0
601 32
935 41
1383 32
1389 53
1472 0
1539 46
1548 0
1567 43
1633 0
1721 41
1983 0
2087 32
2176 0
2481 43
2612 0
2651 41
2655 41
2687 46
2971 43
3219 0
3348 43
3391 0
3549 46
3655 0
3824 46
3933 43
3943 0
4009 41
4117 0
4266 32
4288 0
4309 53
4446 0
4479 41
4670 0
4825 46
5491 0
5673 46
5682 0
5745 53
5757 0
5784 41
5812 0
5899 41
6023 0
6094 53
6199 0
6268 41
6286 43
6443 0
6528 41
6575 0
6578 53
6603 0
6622 43
6681 41
6946 0
6999 43
7004 0
7005 46
7179 0
7224 53
7362 0
7426 43
7435 0
7611 46
7690 0
7726 53
7934 43
8004 0
8043 32
8258 0
8433 53
8441 53
8470 0
8499 53
8973 0
8980 32
9050 41
9109 0
9140 46
9161 0
9168 43
9279 0
9460 53
9504 0
9516 46
9596 0
9630 32
9660 43
36 events for 6
140 28
206 0
356 63
510 28
1741 0
2020 28
2275 0
2469 32
2587 0
2639 41
2713 0
2731 41
2996 54
3004 0
3083 54
3519 0
3549 79
3689 0
3983 54
4073 32
4212 28
4280 41
4339 0
5360 79
5543 32
5762 54
6411 0
6622 28
7237 41
7393 28
7985 0
8122 28
8162 79
9234 41
9604 0
9960 28
26 events for 7
93 61
312 61
485 0
647 63
2088 0
2105 60
2561 0
3636 63
3960 63
4767 0
5264 60
5307 0
5594 63
5944 0
6164 61
6223 0
6241 61
6628 0
7053 63
7374 0
7732 63
7814 0
7975 61
9413 60
9525 0
9620 61
77 events for 8
0 62
64 0
119 48
187 0
290 62
386 0
768 54
871 56
1013 0
1148 62
1271 0
1495 54
1709 0
2286 48
2377 0
2429 69
2490 54
2795 0
2828 69
2978 0
3099 56
3185 0
3243 56
3400 56
3409 0
3456 56
3458 0
3463 48
3478 0
3616 56
3796 39
3817 0
3853 69
3878 0
3940 69
4139 62
4423 56
4667 39
4814 54
4892 0
5075 62
5259 39
5389 0
5456 56
5612 0
6182 69
6236 0
6284 56
6363 0
6625 62
6650 0
6703 54
6989 0
7071 62
7095 56
7115 0
7258 48
7276 0
7562 56
7668 0
7680 48
7734 54
7890 0
7933 48
8017 0
8059 48
8374 0
8512 48
8785 69
8798 0
8846 48
9052 48
9112 0
9235 56
9328 0
9334 39
9610 0
97 events for 9
15 22
535 0
629 19
829 0
924 22
1121 27
1351 0
1537 14
1594 19
1602 11
1698 0
1734 27
1769 0
1940 22
1955 0
2061 27
2196 0
2199 22
2208 0
2638 22
2933 0
2992 27
3038 0
3047 11
3054 0
3065 18
3212 0
3279 18
3343 14
3555 19
3606 0
3650 14
3739 14
3824 0
3937 18
3977 0
4044 22
4346 0
4548 14
4566 0
4584 11
4594 0
4744 14
4852 0
4941 27
4999 22
5117 0
5135 11
5223 27
5228 0
5287 19
5295 0
5353 19
5387 22
5404 0
5412 27
5508 11
5592 0
5628 14
5666 27
5684 0
5701 22
5713 0
5878 27
6377 0
6604 11
6642 0
6722 14
6741 0
7116 14
7128 0
7378 11
7380 0
7543 11
7611 0
7769 11
7970 11
8005 0
8106 27
8357 0
8362 19
8371 0
8378 22
8394 0
8536 27
8606 0
8701 22
8779 0
9038 27
9071 0
9109 27
9297 0
9306 18
9353 0
9506 14
9567 14
9632 0
88 events for 10
36 65
189 0
468 59
550 0
740 59
800 0
849 56
1219 56
1422 59
1455 51
1683 0
1841 56
1846 0
2004 65
2339 65
2352 0
2522 64
2862 0
3126 59
3129 0
3170 51
3252 59
3322 0
3380 56
3442 0
3453 65
3549 0
3769 65
3848 0
3973 56
4086 65
4150 0
4255 51
4280 0
4414 56
4600 0
4787 59
5003 0
5093 59
5276 64
5307 64
5341 0
5648 65
5759 0
5802 51
5868 0
6011 56
6065 51
6240 59
6267 0
6472 51
6643 0
6736 59
6800 0
6902 59
6906 0
6950 59
6954 59
6984 51
7027 59
7150 0
7218 59
7350 59
7378 0
7389 59
7399 0
7596 59
7851 59
7856 0
7991 59
7996 59
8001 0
8096 51
8272 0
8362 64
8615 0
8708 56
8880 0
8896 65
8904 65
8956 0
8981 59
9023 0
9631 64
9790 0
9833 56
9891 0
9923 56
15 events for 11
887 75
1296 0
2007 75
2344 0
2611 75
3040 0
5133 81
5689 0
6351 62
6795 0
7128 56
7795 80
9326 80
9610 0
9941 53
71 events for 12
98 63
185 0
387 65
462 65
549 0
584 63
734 0
770 67
872 0
1178 85
1233 0
1519 67
1580 0
2439 63
2445 0
2487 65
2530 0
2744 63
2882 0
2893 63
2918 0
3000 85
3047 0
3065 85
3408 0
3463 63
3609 0
3695 59
3786 0
3815 85
4098 67
4145 59
4203 0
4217 65
4298 0
4385 85
4586 67
4736 0
4952 65
5273 0
5291 85
5455 0
5781 85
6239 0
6301 85
6403 63
6432 0
6630 67
6929 0
7217 74
7326 0
7438 59
7532 0
7676 65
7790 0
7928 74
8009 0
8062 85
8155 0
8174 85
8414 0
8648 59
8655 0
8835 85
9020 67
9276 0
9410 65
9724 0
9753 59
9853 59
9898 0
13 events for 13
440 63
975 57
1218 61
3171 54
3382 0
3735 76
4310 0
4789 54
5684 0
6493 59
7249 54
8826 0
8977 76
17 events for 14
211 60
757 0
874 61
1473 0
1764 75
2850 0
2890 75
3032 0
3216 85
4286 61
7132 0
8508 59
8912 0
9378 61
9523 0
9711 61
9885 0
87 events for 15
47 72
122 0
249 88
285 88
436 0
779 88
1061 72
1143 0
1182 72
1237 88
1290 0
1445 88
1532 0
1541 72
1614 0
1849 88
1980 0
2047 88
2552 0
2598 88
2613 72
2676 0
2701 88
2991 88
3079 0
3136 72
3263 72
3368 0
3437 72
3457 72
3599 0
3741 88
3803 88
3847 0
3900 88
3917 0
3923 72
3959 72
3973 0
4168 88
4183 0
4249 88
4411 0
4923 72
5336 72
5582 0
5661 72
5812 0
5926 72
5945 0
6013 72
6018 88
6207 0
6239 72
6259 0
6264 72
6274 88
6392 72
6520 72
6695 0
6714 72
6784 0
6904 72
6962 0
7009 88
7099 0
7226 88
7469 0
7637 72
7693 0
7911 88
7921 0
7946 72
8091 0
8174 88
8685 88
8979 0
8980 88
9012 0
9099 88
9150 72
9453 0
9500 88
9590 0
9602 88
9675 88
9808 88
