4 buffers
118438 10429
78428 1051
75165 10403
200990 10676
8 downlinks
0 188 1250 128
1 1438 2500 177
2 2688 3750 163
3 3938 5000 145
4 5188 6250 160
5 6438 7500 144
6 7688 8750 172
7 8938 10000 147
10 events for 0
1369 36
5939 0
6229 35
7117 0
7205 65
7540 0
7852 51
8146 60
8354 0
9083 65
95 events for 1
13 33
188 33
207 0
565 40
610 0
658 43
1059 40
1188 0
1673 40
1682 0
1799 40
1973 0
2025 40
2070 43
2110 0
2189 43
2312 0
2411 43
2620 0
2667 43
2877 33
2919 0
3010 43
3016 0
3069 44
3095 0
3252 33
3255 0
3293 43
3339 0
3352 43
3438 0
3681 43
3929 0
4358 43
4411 33
4416 43
4438 0
4475 44
4627 33
4663 40
4718 0
4759 40
4874 0
4925 43
4934 0
5205 33
5475 0
5495 43
5565 44
5673 0
5755 33
5769 43
5924 0
6069 43
6102 0
6233 43
6263 0
6273 43
6561 44
6623 43
6709 0
6873 40
7027 0
7066 40
7144 44
7242 0
7387 44
7389 0
7422 43
7454 33
7461 0
7709 43
7862 43
7993 0
8014 40
8026 43
8032 0
8064 43
8088 0
8351 33
8391 0
8447 44
8523 40
8783 0
8785 43
8892 0
8987 40
9097 0
9198 43
9415 0
9659 43
9679 0
9925 40
9948 0
86 events for 2
101 25
130 23
318 0
331 23
338 28
354 0
422 28
439 0
515 23
527 0
597 29
678 29
790 0
957 22
1052 0
1245 22
1350 0
1354 29
1501 0
1510 22
1535 0
1574 25
2201 0
2255 29
2615 23
2644 0
2770 29
2826 0
2833 28
2922 0
2999 23
3221 22
3310 0
3499 22
3543 0
3581 22
3663 0
3767 29
3768 29
3860 0
3941 29
4345 29
4629 22
4671 0
4702 22
4806 0
4836 29
4859 22
4889 0
4944 28
5385 0
5389 22
5772 0
5776 25
5780 28
5797 0
5810 28
5854 0
6106 22
6229 0
6407 22
6432 0
6484 22
6565 25
6865 0
6996 28
7119 0
7315 29
7339 23
8201 0
8211 23
8233 0
8237 28
8626 29
8816 0
8928 29
8972 29
9051 0
9058 25
9097 29
9145 0
9522 29
9601 0
9930 22
9935 0
9987 29
93 events for 3
77 94
232 0
322 83
814 0
1087 88
1265 88
1318 0
1537 83
1667 0
1691 98
1707 86
1710 0
1753 88
1894 0
1955 86
2225 0
2235 92
2296 83
2311 88
2376 92
2407 0
2427 88
2511 0
2686 94
2694 0
2894 92
2907 97
3022 86
3058 86
3059 0
3253 83
3303 0
3554 83
3635 0
3696 97
3762 88
4132 0
4265 94
4338 81
4377 0
4397 98
4460 97
4526 83
4554 0
4559 92
4568 0
4595 92
4819 0
4933 98
5375 0
5416 83
5475 92
5621 0
5692 92
6304 0
6329 83
6408 94
6546 0
6893 97
6939 94
7011 0
7073 98
7162 0
7171 81
7340 0
7438 86
7462 83
7531 0
7533 92
7552 86
7833 0
7894 83
7989 0
7992 97
8038 0
8141 81
8282 0
8540 88
8555 0
8595 86
8834 0
8913 83
9257 0
9440 98
9464 98
9532 98
9625 0
9660 92
9693 92
9792 0
9857 92
9970 0
9993 92
