16 buffers
96614 13895
67051 3158
177462 28566
109622 10695
113361 16456
50146 4006
156323 19894
218911 25544
174306 13849
189134 19131
155069 8862
151598 8334
222230 24640
118921 21258
72828 11035
162220 5200
8 downlinks
0 188 1250 621
1 1438 2500 711
2 2688 3750 537
3 3938 5000 670
4 5188 6250 609
5 6438 7500 590
6 7688 8750 678
7 8938 10000 618
44 events for 0
388 37
611 58
791 0
980 85
1324 0
1391 37
1652 37
1740 0
1891 85
2207 58
2365 0
2628 39
3160 0
3223 37
3285 0
3362 37
4145 0
4271 37
4413 0
4556 37
4784 0
4824 37
5015 37
5127 37
5245 0
5386 37
5630 0
5744 37
6387 37
6399 41
6450 0
6954 41
7306 0
7385 37
7695 37
7758 0
8074 37
8491 0
8961 85
9045 82
9137 58
9230 37
9238 0
9763 37
13 events for 1
1163 41
1230 0
1425 39
1587 0
1768 41
3208 41
4541 0
5290 43
5535 0
8288 39
9228 0
9332 43
9989 0
89 events for 2
56 68
95 0
106 68
204 0
519 24
721 68
850 40
931 0
1009 81
1078 0
1198 24
1237 0
1288 63
1420 0
1531 81
1950 63
2087 40
2149 0
2286 40
2296 0
2514 40
2776 0
2783 81
2875 63
3127 0
3167 63
3328 0
3636 63
3688 0
3694 84
4005 0
4045 24
4049 68
4102 0
4188 84
4211 0
4239 24
4242 0
4252 63
4253 24
4280 0
4536 63
4543 0
4579 68
4700 68
4913 0
4997 84
5028 68
5094 0
5247 84
5509 0
5590 81
5645 0
5737 63
5838 0
5870 40
6051 0
6144 84
6258 0
6287 63
6391 24
6482 0
6536 24
6843 0
6912 68
6925 40
7043 24
7060 0
7160 24
7187 68
7373 0
7708 81
7709 81
8253 63
8264 0
8344 40
8418 0
8605 81
8658 0
9029 68
9288 0
9338 81
9452 0
9514 68
9579 0
9744 24
9867 0
9968 24
9980 0
48 events for 3
64 62
383 0
403 19
527 0
562 46
575 0
582 31
625 62
768 0
1010 31
1016 0
1521 31
1730 33
1975 0
2015 56
2250 0
2724 38
3413 56
3595 0
3631 62
3642 0
4260 33
4798 0
5058 62
5072 19
5079 38
5599 0
5785 38
5865 0
5975 19
6040 0
6080 46
6269 0
6315 62
6600 0
6967 56
7084 0
7265 33
7342 62
7599 38
7846 0
7894 56
8348 0
8475 46
8668 0
8763 46
9520 0
9951 46
46 events for 4
135 38
824 0
1097 47
1254 0
1412 48
1461 0
2070 38
2208 0
2584 47
2710 0
2743 38
2791 0
2840 38
2849 0
2982 48
3301 0
3698 47
4137 0
4166 38
4287 38
4604 0
4741 47
4745 0
4958 38
5451 0
5463 38
5620 0
5710 38
5843 0
6904 38
6995 47
7393 0
7519 47
7905 0
8343 38
8371 48
8837 48
8881 0
8892 38
8894 0
8899 38
8917 0
9073 47
9356 0
9404 38
9991 38
49 events for 5
197 21
380 0
557 15
750 0
913 16
934 20
1299 20
1369 0
1531 20
1591 0
1952 15
2310 20
2344 0
3057 15
3213 0
3516 15
3589 20
3692 0
3747 20
3985 16
4296 15
4391 0
4395 15
4971 0
5168 15
5625 0
5896 21
5973 0
6085 20
6512 0
6691 15
7186 21
7337 15
7352 0
7406 20
7511 0
7670 20
8007 15
8309 20
8404 0
8424 16
8566 0
8903 15
8946 0
8976 20
9079 0
9157 20
9192 15
9802 0
81 events for 6
220 68
412 62
468 0
823 77
950 0
972 77
1073 77
1173 0
1321 49
1461 75
1563 0
1931 49
1966 0
2085 62
2446 0
2751 57
2958 0
2985 49
3062 0
3080 68
3109 0
3154 68
3393 62
3593 62
3605 0
3642 49
3720 0
3728 75
3831 0
4020 75
4280 0
4416 68
4531 0
4756 77
4765 0
4814 49
4828 75
4842 68
5067 0
5195 77
5342 0
5650 57
6015 0
6095 77
6296 0
6304 62
6313 0
6427 62
6594 0
6821 77
6852 0
7070 68
7163 68
7491 75
7592 0
7611 57
7631 0
7654 62
7677 0
7832 62
7918 0
8010 62
8044 0
8085 49
8144 0
8162 57
8350 0
8495 77
8557 49
8606 62
8675 68
8686 0
8765 75
8890 0
9265 49
9317 0
9375 57
9555 0
9568 57
9860 0
9963 49
64 events for 7
218 95
272 0
304 95
534 0
537 73
564 0
628 95
716 95
819 0
825 95
1058 0
1270 95
1484 0
1740 95
1797 73
1911 0
2229 73
2344 0
2386 95
2419 0
2677 73
2680 0
2802 95
2966 0
3132 73
3179 95
3302 73
3334 0
3668 95
3754 95
4120 0
4264 95
4368 0
4414 95
4864 73
4869 0
4912 73
4959 0
5244 73
5738 95
5948 0
6000 73
6127 95
6235 0
6317 95
6392 95
6485 0
6611 95
6678 0
6999 95
7189 0
7781 95
7787 73
8034 0
8841 73
8997 0
9094 95
9361 95
9437 0
9471 95
9556 0
9650 95
9806 73
9951 0
30 events for 8
242 36
334 0
610 36
713 0
895 77
1445 0
1943 47
2524 77
3028 56
3246 0
3293 47
3384 0
3539 56
3889 0
4698 36
4724 36
4901 0
5104 36
6054 0
6075 56
6348 0
6733 56
6929 77
7492 0
7737 77
8221 56
8656 0
9425 47
9449 0
9480 93
63 events for 9
47 79
339 0
485 79
691 77
1243 0
1436 77
1516 0
1669 79
1679 0
1830 77
1996 0
2118 77
2185 0
2338 79
2344 0
2823 77
3111 0
3335 79
3449 0
3523 77
3600 0
3941 77
4081 0
4376 77
4386 0
4407 79
4536 0
4562 79
4990 79
5057 0
5128 77
5135 0
5230 77
5239 77
5415 0
5531 79
5584 0
5965 79
6118 0
6124 79
6202 77
6493 0
6535 77
6801 0
6931 79
6966 79
7137 0
7233 77
7246 0
7311 79
7335 79
7444 0
7449 79
7463 0
8192 77
8333 79
8971 0
9134 79
9291 79
9584 0
9621 77
9687 0
9845 79
24 events for 10
1151 95
1476 0
1562 94
1745 0
1771 96
2468 0
2747 94
3738 0
4208 95
4307 0
5781 94
5956 94
6004 95
7097 0
7477 96
7511 0
7632 96
8047 0
8590 95
8786 0
9297 94
9394 0
9427 96
9607 0
89 events for 11
51 60
134 0
143 60
291 0
523 60
557 0
714 60
721 0
813 60
817 0
930 60
1301 0
1319 60
1492 0
1740 60
1861 0
1864 60
2102 60
2208 0
2287 60
2441 0
2549 60
2755 0
2766 60
2803 0
2914 60
3062 0
3187 60
3231 60
3267 0
3342 60
3652 0
3663 60
3733 60
3737 0
3819 60
3935 0
4039 60
4113 0
4272 60
4624 0
4632 60
4751 0
4851 60
4956 0
5023 60
5044 0
5203 60
5401 0
5410 60
5441 60
5533 0
5713 60
5735 0
5804 60
5834 0
5982 60
5988 60
5998 0
6371 60
6469 0
6484 60
6734 0
6743 60
7002 0
7126 60
7262 60
7268 0
7513 60
7539 0
7584 60
7665 60
7706 0
7746 60
7812 0
7928 60
7945 0
8465 60
8469 0
8505 60
8788 0
9042 60
9076 60
9347 0
9380 60
9422 0
9650 60
9708 0
9888 60
95 events for 12
212 83
321 0
353 90
379 0
531 83
532 0
621 95
741 0
1026 83
1033 89
1125 0
1172 89
1254 83
1422 90
1559 0
1748 83
1989 0
2098 83
2103 83
2279 0
2389 83
2501 0
2812 83
2928 83
2988 0
3064 90
3068 0
3129 95
3278 0
3482 89
3610 83
3645 95
3647 0
3726 83
3740 0
3763 90
4240 0
4305 83
4346 0
4387 83
4555 0
4610 90
4749 0
4799 90
4845 0
4857 95
4924 0
5077 83
5316 0
5371 95
5597 0
5633 83
5654 0
5852 95
5862 83
5904 0
5959 89
6208 0
6398 83
6424 0
6455 83
6523 0
6602 83
6789 0
6793 90
6820 0
6827 83
6829 83
6848 0
6907 83
6943 0
7352 89
7527 0
7591 95
7615 0
7758 95
7830 0
7874 95
8065 0
8374 95
8549 89
8583 83
8736 0
8770 83
8867 0
8868 95
8912 0
8942 90
9063 0
9236 83
9423 0
9494 83
9504 0
9737 95
9904 0
79 events for 13
31 45
182 0
254 59
423 0
457 79
869 0
1052 42
1317 0
1335 30
1464 0
1557 42
1589 79
1659 39
1680 30
1682 49
1688 0
1777 59
1809 79
1869 0
1983 39
1994 0
2071 59
2252 0
2269 64
2278 49
2428 0
2701 30
2710 0
2766 49
2851 0
2857 59
3115 0
3159 64
3275 59
3307 0
3387 59
3485 0
3516 68
3604 0
3718 42
3808 0
4291 30
4704 0
4860 64
5056 0
5113 64
5138 0
5250 30
5425 0
5456 59
5552 0
5584 59
5826 0
5846 42
5954 0
6214 30
6241 0
6287 59
6770 0
6979 45
7021 0
7947 42
8132 0
8140 59
8208 45
8236 0
8260 79
8270 49
8305 0
8514 64
8771 0
8792 42
8996 0
9230 59
9324 49
9542 0
9591 79
9865 49
9945 0
52 events for 14
38 46
321 0
335 19
537 0
671 46
913 0
1040 30
1121 0
1211 48
1512 0
1579 48
2190 0
2522 43
2563 30
2850 0
2897 48
2921 0
3518 46
3545 0
3574 48
4057 0
4190 48
4496 0
5073 48
5168 0
5644 48
5686 0
5773 48
6003 30
6165 0
6378 43
6408 0
6696 19
6744 0
6817 48
6945 0
7305 43
7363 0
7449 48
7623 0
7707 46
7805 0
7846 43
8896 19
8943 0
9024 30
9063 0
9074 43
9307 0
9341 30
9557 0
9996 30
84 events for 15
57 43
70 0
87 69
109 0
157 72
199 43
518 0
728 69
742 0
769 59
798 0
818 43
824 0
1149 59
1229 0
1359 43
1491 0
1557 43
1766 0
1942 72
1982 0
2080 43
2184 0
2291 72
2335 61
2354 0
2359 72
2420 0
2668 43
2713 0
2722 61
2737 72
2746 0
2996 43
3073 43
3159 0
3222 72
3396 0
3401 59
3430 61
3463 72
3607 69
3649 0
3672 59
3706 0
3739 69
4041 0
4069 69
4111 0
4237 72
4588 72
4715 0
4993 69
5004 0
5044 43
5128 0
5562 72
5956 0
6013 59
6101 0
6225 43
6337 0
6364 61
6459 0
6528 61
6653 0
6792 61
6805 0
6883 43
7404 0
7663 61
7753 0
7773 61
7976 0
8107 61
8291 0
8302 72
8850 0
8888 61
9004 0
9098 59
9334 0
9491 43
9976 0
