8 buffers
47977 2628
78829 3126
64201 2429
108114 3641
90357 6591
63977 4694
60432 10953
55861 6366
12 downlinks
0 125 833 238
1 958 1666 242
2 1791 2499 298
3 2624 3332 284
4 3457 4165 266
5 4290 4998 295
6 5123 5831 300
7 5956 6664 226
8 6789 7497 290
9 7622 8330 284
10 8455 9163 299
11 9288 9996 241
100 events for 0
13 53
171 0
252 57
397 0
438 35
543 0
587 53
605 35
633 0
641 57
675 0
732 53
811 35
866 57
892 53
900 0
938 59
1192 0
1457 35
1498 53
1677 0
1680 57
1736 0
1971 59
1987 0
2390 59
2418 0
2445 35
2450 35
2581 57
2612 0
2636 57
2795 35
2850 59
2893 53
2937 35
3043 0
3063 57
3133 0
3665 35
3671 0
3713 35
3853 35
4044 0
4355 35
4370 0
4431 57
4637 0
4661 57
4731 0
5065 57
5093 0
5132 35
5167 0
5411 59
5638 0
5808 35
5891 0
5930 35
6197 0
6409 57
6531 0
6582 57
6867 0
7091 59
7171 0
7223 53
7258 0
7378 59
7394 0
7508 35
7618 35
7634 0
7675 35
7734 0
7776 53
7814 0
7830 35
7913 57
8009 0
8177 59
8379 0
8410 35
8519 0
8525 35
8554 0
8727 57
8749 0
8808 35
8989 0
9003 35
9385 0
9423 57
9547 57
9566 0
9620 59
9651 0
9701 35
9789 0
9996 57
74 events for 1
187 64
222 64
311 0
365 54
608 0
691 54
998 0
1063 64
1109 0
1271 64
1331 0
1874 64
1887 64
2230 54
2472 0
2699 64
2728 0
2733 64
2735 0
2873 54
2888 0
3043 64
3079 0
3087 64
3264 54
3366 0
3739 64
3887 0
4193 54
4269 0
4274 54
4345 0
4435 54
4464 54
4695 0
4721 54
4873 0
4922 64
5046 0
5128 54
5483 54
5511 64
5528 0
5653 54
5889 64
6305 0
6541 54
6543 0
6579 54
6668 0
6669 54
6732 64
6764 0
6801 54
6883 0
6958 54
7114 0
7222 54
7370 54
7508 0
7633 54
7668 0
7913 54
8136 64
8210 0
8463 64
8751 54
8883 0
9186 64
9278 0
9553 54
9628 0
9884 54
9988 0
12 events for 2
375 36
3049 0
3665 36
4181 48
4185 0
5300 36
5545 50
6559 0
7215 47
7604 47
7941 0
9202 33
75 events for 3
4 79
47 0
229 77
425 0
428 79
483 0
595 79
1050 77
1061 0
1098 79
1115 0
1288 79
1339 0
1354 79
1417 0
1474 79
1495 0
1571 79
1751 0
1894 84
1990 77
2111 79
2390 0
2519 79
2575 0
2620 84
2702 0
2802 77
3387 79
3513 0
3979 84
4014 0
4097 85
4132 77
4194 79
4725 0
4751 77
5029 0
5294 79
5302 77
5323 79
5757 0
5791 79
5929 0
5940 77
5987 0
6009 85
6060 84
6162 0
6190 77
6274 0
6437 79
6613 79
6802 0
6970 79
7152 0
7349 85
7441 0
7629 79
7661 0
8176 77
8276 0
8312 84
8445 0
8592 84
9095 84
9099 0
9149 84
9201 84
9259 79
9268 0
9354 79
9468 0
9588 85
9817 0
71 events for 4
12 55
22 0
332 42
1414 0
1431 42
1842 0
1932 55
2074 0
2177 55
2217 0
2429 22
2470 82
2625 0
2660 22
2696 0
2860 22
3036 0
3093 82
3123 0
3183 22
3522 0
3536 55
3825 22
4044 0
4059 82
4129 0
4132 82
4258 0
4496 42
4666 55
4909 55
4930 0
4998 42
5029 0
5031 82
5388 42
5409 0
5901 82
6137 0
6398 22
6487 0
6505 22
6741 22
6770 0
6925 82
6987 0
7293 42
7435 0
7517 42
7565 42
7635 0
7657 82
7689 0
7767 82
7904 0
7963 42
7965 22
8009 0
8252 22
8375 0
8682 42
8881 0
8942 55
9066 82
9074 82
9079 0
9253 82
9857 0
9904 82
9946 22
9972 22
54 events for 5
145 27
149 27
151 0
179 39
384 0
400 27
512 27
661 0
868 27
1659 0
1916 28
2085 0
2256 36
2617 0
2662 40
2747 0
2786 37
3402 0
3583 27
3806 0
3930 28
3980 0
4143 36
4243 37
4257 27
4443 0
4645 39
4749 0
4794 27
4831 27
5042 0
5126 27
5282 0
5340 39
5982 27
6060 0
6272 28
6308 0
6374 27
6440 0
6969 37
7205 0
7381 27
7508 0
7612 27
7803 27
7847 0
7984 28
8312 37
8941 0
9342 37
9653 0
9742 37
9777 0
74 events for 6
388 49
635 49
707 0
744 49
745 0
766 49
779 0
850 50
956 0
1090 50
1115 0
1310 50
1470 0
1484 47
1731 49
1821 0
1940 47
2107 49
2344 0
2469 49
2730 0
2859 50
3013 0
3134 49
3192 47
3534 0
3609 49
3644 50
3650 0
3705 50
3957 0
4053 50
4370 49
4444 50
4532 0
4553 49
4730 0
5166 50
5199 50
5464 0
5511 50
5690 0
5734 50
5803 50
5976 50
5985 0
6045 49
6175 0
6184 47
6498 0
6549 50
6642 0
6690 49
6840 0
7576 49
7588 0
7710 50
7742 0
7827 49
7962 50
8044 0
8276 49
8400 0
8482 49
8503 0
8785 50
8797 47
8959 0
9235 50
9320 0
9529 50
9565 0
9927 47
9999 0
12 events for 7
643 29
880 0
1691 20
3699 43
3752 0
5058 48
5193 29
5947 0
7401 38
7973 0
8102 48
9941 48
