16 buffers
192569 28321
189716 30350
177905 5589
112474 2989
66015 10016
204375 20202
72712 4338
180202 23138
136289 17848
104509 9009
70965 12702
47710 6107
139254 24970
113000 4648
93219 13138
97383 894
8 downlinks
0 188 1250 686
1 1438 2500 555
2 2688 3750 731
3 3938 5000 638
4 5188 6250 683
5 6438 7500 581
6 7688 8750 680
7 8938 10000 586
94 events for 0
103 97
215 0
248 89
255 0
259 97
341 89
523 89
568 0
665 89
674 0
862 89
1032 0
1040 97
1045 0
1114 89
1233 97
1239 0
1249 97
1374 97
1400 0
1413 97
1646 0
1731 89
1875 97
2164 0
2213 89
2302 0
2322 97
2541 0
2571 89
2574 0
2642 89
2685 97
2844 0
2873 89
2947 0
3196 97
3209 97
3368 89
3704 0
3734 97
3804 0
3946 89
4076 0
4140 89
4317 97
4551 0
4563 97
4735 0
4935 97
5229 89
5313 0
5732 97
5752 0
5889 97
5894 89
5984 0
6147 97
6230 0
6268 97
6341 0
6473 89
6519 97
6689 0
6774 97
6854 0
6858 89
6949 0
7016 89
7085 0
7306 97
7358 97
7375 89
7469 97
7537 0
7586 89
7666 0
7724 89
7733 0
7774 97
7913 97
8090 0
8293 89
8517 0
8660 97
8786 0
9215 89
9263 0
9269 97
9291 89
9313 89
9394 0
9530 89
9714 97
76 events for 1
716 91
1061 0
1068 84
1196 87
1215 0
1658 87
1746 0
1818 84
1887 87
1919 87
1999 84
2045 88
2215 0
2232 85
2673 90
2887 0
2910 90
3018 90
3193 0
3220 84
3229 0
3244 91
3542 0
3546 85
3711 0
3757 84
3858 0
3990 91
3993 84
4214 91
4430 0
4435 84
4436 84
4781 91
4819 0
4982 88
5062 0
5132 87
5231 0
5335 85
5496 0
5616 85
5877 0
5971 84
6026 0
6184 90
6225 0
6236 88
6527 0
6596 87
6857 84
6873 0
7299 88
7469 0
7568 88
7690 0
7773 91
7806 0
7953 84
7978 0
8070 85
8111 0
8302 88
8408 91
8534 0
8726 87
8738 0
8788 84
8960 0
9113 85
9214 84
9477 0
9598 84
9787 0
9977 87
9982 84
76 events for 2
140 80
189 0
323 69
692 0
715 80
849 69
886 0
1077 60
1229 0
1258 83
1355 83
1439 80
1504 0
1939 83
2044 0
2057 83
2202 69
2338 60
2586 0
2718 81
2732 60
2803 0
3066 83
3117 0
3120 63
3233 83
3276 0
3340 83
3503 0
3583 69
3722 0
3959 60
3999 0
4115 60
4278 0
4341 83
4342 63
4380 0
4500 69
4567 83
4623 0
4727 83
4860 0
5156 83
5272 80
5544 0
5628 83
5794 0
6275 69
6478 0
6558 69
6656 83
6661 83
6855 0
6965 81
7084 0
7090 63
7179 83
7187 0
7559 63
7706 0
7777 81
7860 0
8022 83
8167 83
8175 83
8522 0
8631 81
8662 0
8780 83
8895 0
9035 80
9300 0
9315 83
9554 81
9671 69
86 events for 3
437 41
484 0
508 47
632 0
679 47
684 0
706 36
814 44
857 0
990 41
1274 0
1340 47
1440 44
1443 44
1559 47
1631 40
1769 0
2172 44
2214 0
2275 36
2533 0
2607 41
2727 47
2764 0
2821 44
2937 0
2942 36
3195 0
3340 47
3351 41
3375 0
3440 40
3441 47
3613 0
3675 40
3728 47
3763 0
3914 36
3926 0
3970 40
4002 0
4128 44
4243 0
4592 47
4681 0
4774 36
4873 0
4994 36
5030 44
5243 0
5244 47
5587 0
5642 36
5680 47
5715 0
5857 41
5925 40
6037 0
6062 44
6250 0
6251 40
6669 47
6742 0
6947 44
7033 0
7540 40
7558 0
7612 44
7784 0
7880 47
7886 0
7939 36
8063 41
8230 0
8282 47
8457 0
8626 41
8740 0
8923 44
9316 41
9387 44
9565 0
9650 44
9708 0
9896 41
9910 47
25 events for 4
670 23
911 23
924 0
2030 31
2264 0
2284 31
2443 0
2613 31
2733 0
3416 23
3651 75
3791 31
3860 19
5495 0
5872 39
6084 0
6454 31
6793 0
6879 23
7116 0
7128 31
7537 0
8777 19
9578 0
9646 75
59 events for 5
18 64
486 0
537 67
566 0
652 61
1272 67
1376 62
1678 69
1681 66
1708 0
1908 62
1960 69
1998 0
2160 66
2919 0
2985 62
3105 69
3132 62
3140 67
3173 67
3223 66
3347 0
3906 66
4008 0
4103 62
4138 69
4257 0
4302 66
4344 0
4752 61
4804 67
4957 69
5316 67
5367 0
5505 69
5700 0
5707 69
5722 62
5895 0
6058 61
6433 0
6625 69
6686 0
6692 69
7204 0
7325 62
7476 0
7579 64
7769 64
7830 67
8046 0
8262 61
8321 0
8393 69
8438 0
8669 61
8888 62
9801 0
9971 69
21 events for 6
936 57
1481 0
1675 66
1729 0
1976 79
2606 0
3384 73
3596 0
4196 79
4881 0
6514 66
6597 0
6942 58
6957 0
7620 66
7700 57
8242 57
8512 0
9051 79
9239 0
9590 57
42 events for 7
190 70
350 0
407 83
708 84
740 0
966 70
1123 0
1456 83
1647 0
1892 70
1953 72
2867 0
2947 84
3358 0
3375 83
3418 0
3425 83
3592 70
3634 72
3779 70
4064 0
4525 70
4744 0
4897 70
4993 70
5011 0
5439 84
5680 0
6025 84
6156 0
6996 84
7029 0
7271 70
7324 72
7577 0
7925 72
8054 0
8482 70
9902 0
9909 70
9967 0
9985 84
27 events for 8
350 64
764 74
875 67
1096 0
1537 76
1550 0
2181 74
2393 0
3789 74
3866 76
4159 0
4504 64
5071 0
5237 64
5263 76
6844 64
6910 0
7067 77
7524 75
8155 0
8206 70
8581 0
8803 67
9291 76
9323 77
9967 0
9987 64
80 events for 9
23 67
61 71
122 0
172 90
235 0
363 80
437 0
574 71
588 83
662 0
853 71
883 0
907 79
944 0
1159 77
1274 0
1322 83
1441 0
1569 77
1626 0
1800 79
1810 0
1911 67
1973 0
2302 79
2338 0
2426 77
2512 0
2515 83
2574 87
2775 0
3381 67
3433 0
3538 77
3810 83
3986 0
4077 79
4092 80
4095 0
4198 80
4301 0
4434 71
4473 0
4868 77
5020 79
5048 71
5394 0
5473 67
5525 83
5765 90
5945 0
5998 83
6060 87
6197 0
6203 71
6289 0
6547 87
6830 71
7168 80
7274 0
7583 79
7624 0
7652 79
7879 0
7922 80
8014 0
8033 87
8052 67
8163 0
8275 80
8334 0
8376 66
8437 67
8462 0
9323 77
9446 0
9534 83
9566 0
9579 83
9864 0
99 events for 10
61 39
147 0
550 37
584 0
596 45
597 0
610 45
664 37
751 0
778 37
785 45
831 0
928 45
1261 45
1301 0
1373 39
1439 0
1471 39
1647 0
1961 47
1999 0
2621 37
2696 0
3034 45
3084 0
3143 37
3205 0
3278 39
3283 47
3302 47
3327 37
3329 0
3842 37
3923 45
3948 37
4077 0
4143 37
4153 37
4257 37
4401 0
4542 47
4707 0
4800 45
4935 39
5046 0
5061 45
5172 0
5263 37
5315 0
5564 37
5633 37
5700 0
5758 47
5860 0
5863 47
6031 0
6134 45
6158 0
6234 37
6274 0
6291 47
6316 39
6511 39
6571 37
6586 45
6599 39
6620 0
6752 37
6789 0
6793 45
7091 0
7426 45
7439 0
7454 47
7702 47
7713 0
7728 39
7822 47
7826 0
8025 47
8028 0
8030 39
8198 47
8287 47
8412 0
8513 39
8516 39
8625 0
8872 37
8924 37
9237 0
9373 37
9392 0
9683 45
9727 0
9780 45
9831 37
9936 47
9967 0
22 events for 11
31 25
432 0
1383 15
1421 0
1574 20
1663 17
1738 0
2968 25
3660 0
3949 15
3982 20
4045 20
4406 0
4715 17
5200 17
6481 0
6706 20
6959 0
7648 25
9340 20
9477 0
9984 25
40 events for 12
284 54
326 0
541 54
632 0
687 54
1430 39
1435 39
1619 0
1918 54
2445 0
2506 54
3056 0
3223 54
3630 0
3838 39
4392 0
4771 39
4778 0
4872 39
5071 39
5110 0
5192 39
5999 0
6171 39
6176 39
6316 54
6501 0
6542 39
7077 39
7172 0
7193 39
7361 54
7485 54
7749 39
8381 0
8395 39
8818 54
9052 0
9148 54
9960 0
49 events for 13
23 40
703 0
931 39
982 40
1170 0
1276 40
1755 0
1842 40
1856 0
2318 40
2592 0
2994 40
3123 40
3128 0
3469 40
3588 40
4466 0
4476 39
4874 0
4884 40
5046 0
5425 40
5663 40
5676 40
5731 0
5958 40
6090 0
6311 40
6338 0
6353 40
6724 39
6867 39
6933 0
7440 40
7485 40
7621 0
7659 40
8219 0
8284 40
8335 0
8523 40
8524 0
8637 39
8681 0
8700 40
8948 0
9076 39
9461 39
9496 39
70 events for 14
290 68
925 34
957 0
1029 41
1078 0
1451 34
1649 0
1656 41
1853 0
1992 48
2181 0
2228 52
2459 68
2524 0
2722 72
2738 41
2769 0
2791 72
2858 29
2913 0
3088 48
3397 0
3442 72
3616 72
3819 72
3844 41
4063 0
4362 72
4373 0
4388 48
4550 0
4798 67
4828 0
4833 41
5339 0
5496 29
5629 0
5648 67
5707 0
5787 52
5814 0
5844 67
5916 0
6100 68
6171 0
6350 34
6367 72
6554 0
6626 52
6747 0
7040 41
7104 0
7261 67
7333 52
7433 0
7529 72
7684 29
7717 0
8158 41
8276 41
8416 29
8681 0
8784 72
8859 0
8902 48
9132 0
9186 34
9657 0
9791 67
9878 0
93 events for 15
84 46
136 0
272 46
277 0
375 46
730 0
840 46
878 0
1009 46
1172 46
1226 46
1262 46
1273 0
1457 46
1534 46
1563 46
1922 46
1962 0
2047 46
2059 46
2125 46
2517 0
2674 46
2823 0
2831 46
2893 46
3022 0
3030 46
3056 46
3276 46
3426 0
3432 46
3599 0
3651 46
3671 0
3775 46
3807 0
3944 46
4043 0
4044 46
4058 0
4298 46
4301 0
4562 46
4781 46
4856 0
5106 46
5166 0
5314 46
5612 0
5872 46
5958 0
5985 46
6265 0
6266 46
6333 0
6360 46
6407 46
6410 46
6416 46
6526 0
6953 46
7024 46
7057 46
7131 46
7373 0
7395 46
7705 0
7779 46
8026 0
8057 46
8217 0
8355 46
8415 46
8419 0
8516 46
8679 0
8687 46
8821 0
8857 46
8859 0
8869 46
8959 0
9002 46
9083 0
9189 46
9342 46
9418 0
9514 46
9668 0
9696 46
9819 0
9990 46
