4 buffers
41234 1464
59431 2014
122455 22866
75016 9689
8 downlinks
0 188 1250 122
1 1438 2500 116
2 2688 3750 115
3 3938 5000 122
4 5188 6250 117
5 6438 7500 96
6 7688 8750 97
7 8938 10000 120
68 events for 0
171 21
180 0
458 21
476 0
597 21
762 21
812 0
1270 21
1330 21
1418 0
1518 21
1750 0
1820 21
2245 21
2533 21
2682 0
2766 21
2828 21
3089 0
3258 21
3265 0
3344 21
3508 0
3687 21
4014 0
4028 21
4227 0
4319 21
4436 0
5024 21
5026 0
5048 21
5105 0
5217 21
5272 0
5685 21
5726 21
5893 0
5977 21
6117 0
6134 21
6163 0
6418 21
6551 0
6655 21
6915 0
7047 21
7086 21
7171 0
7258 21
7293 0
7344 21
7406 0
7476 21
7583 0
7658 21
7808 0
7894 21
8057 0
8361 21
8588 21
8843 0
8889 21
9145 21
9267 0
9383 21
9797 21
9838 21
46 events for 1
544 30
657 38
805 0
834 31
1034 0
1040 31
1250 30
1619 0
2093 38
2192 0
2242 30
2611 0
2702 38
2734 0
3436 36
4084 0
4159 38
4363 0
4622 38
4895 0
5019 36
5100 38
5389 38
5521 0
5620 36
5687 0
6725 31
6900 30
7096 0
7112 30
7273 0
7382 36
7851 0
8032 31
8207 31
8271 0
8587 36
8639 30
8884 0
9015 36
9106 0
9208 31
9581 0
9605 36
9826 0
9887 31
68 events for 2
179 67
210 0
522 67
523 0
547 67
624 0
778 62
1194 0
1350 60
1445 60
1541 0
1631 67
2036 0
2129 67
2494 0
2818 67
2831 60
2875 0
2979 62
3001 0
3252 67
3554 0
3671 62
3869 0
3958 62
4048 0
4279 60
4571 0
4578 60
4842 0
4856 60
5377 0
5562 62
6013 0
6204 62
6309 67
6533 0
6568 67
6648 0
6807 62
6830 0
6869 67
6968 0
6989 67
7197 60
7307 60
7672 62
7685 0
7691 62
7789 0
7879 67
7917 0
7938 62
7974 0
8020 60
8086 0
8406 60
8562 0
9162 67
9256 0
9311 60
9400 0
9418 60
9455 0
9477 60
9531 62
9894 0
9928 67
51 events for 3
4 41
544 42
691 0
748 25
1067 0
1116 54
1256 0
1716 25
1938 0
2098 54
2175 41
2536 25
2772 0
2800 54
2896 0
3051 54
3805 0
4038 25
4457 0
4535 54
4980 0
5016 54
5176 0
5466 54
5628 0
5643 25
5734 0
5793 25
6234 0
6679 42
6807 0
7005 25
7245 0
7464 41
7607 0
7988 42
8032 25
8245 0
8300 42
8302 42
8612 41
8643 0
8731 42
8756 0
8969 42
9228 42
9303 41
9343 25
9408 0
9901 42
10000 0
