4 buffers
38596 1974
106233 8812
52040 6934
38417 2704
16 downlinks
0 94 625 125
1 719 1250 129
2 1344 1875 104
3 1969 2500 115
4 2594 3125 119
5 3219 3750 134
6 3844 4375 100
7 4469 5000 114
8 5094 5625 139
9 5719 6250 142
10 6344 6875 144
11 6969 7500 112
12 7594 8125 135
13 8219 8750 123
14 8844 9375 114
15 9469 10000 109
28 events for 0
138 19
592 18
597 0
803 26
1521 0
1604 34
1845 0
1885 23
2610 0
2743 46
2765 0
3419 26
3617 0
3833 14
4099 34
4108 0
4432 18
5005 34
5231 38
5674 38
7210 0
8452 26
8478 14
8517 0
9182 34
9289 0
9320 38
9897 0
35 events for 1
54 80
641 53
1311 56
1624 0
2381 80
2576 0
2731 54
2746 54
2795 0
3043 80
4067 0
4629 56
4783 0
5156 56
5338 0
5439 79
5591 80
5990 0
6118 53
6159 0
6296 54
6418 54
6660 79
6990 0
7040 53
7283 0
8077 80
8498 0
8524 71
8786 80
8814 0
8821 88
9247 56
9503 79
9884 0
54 events for 2
555 36
594 0
883 44
1413 38
1567 0
1585 38
1730 0
1785 31
2243 37
2396 0
2517 31
2596 48
2870 0
3017 44
3132 0
3623 31
3832 0
4052 36
4115 0
4130 36
4215 0
4409 38
4471 0
4490 44
4512 0
4749 36
4907 36
4968 0
5129 36
5137 0
5160 43
5481 0
5731 38
5739 0
5749 38
5803 0
6145 36
6530 0
6587 43
7004 0
7123 36
7203 0
7272 44
7298 0
7581 43
7590 0
7597 48
8012 0
8172 36
8274 31
8919 44
9705 0
9871 36
9872 0
47 events for 3
229 29
1041 29
2009 0
2019 29
2172 29
2485 29
2606 0
2713 29
2883 0
2961 29
3211 0
3674 29
3676 29
3744 0
4206 29
4428 0
4809 29
4920 0
4931 29
5023 0
5135 29
5248 0
5361 29
5424 0
5517 29
5746 0
5865 29
6044 0
6130 29
6191 0
6708 29
6716 0
6863 29
7069 0
7177 29
7438 0
7749 29
8349 0
8478 29
8718 0
8881 29
9095 29
9178 0
9603 29
9663 29
9890 0
9929 29
