16 buffers
93790 18110
31552 4235
79612 6488
217517 24374
62326 7822
171520 9307
81538 4365
144957 9957
255693 41543
81024 679
114690 16072
77776 6046
248838 7871
178244 15929
149123 26202
134927 21596
8 downlinks
0 188 1250 625
1 1438 2500 612
2 2688 3750 676
3 3938 5000 542
4 5188 6250 539
5 6438 7500 637
6 7688 8750 574
7 8938 10000 523
49 events for 0
459 69
497 0
575 77
841 0
1557 69
1561 69
1563 0
1851 69
1970 0
2038 70
2081 78
2679 0
2871 77
3096 69
3226 0
3451 60
3467 0
3816 78
4008 0
4211 60
4288 78
4474 0
4487 60
4767 0
4869 70
4990 69
5338 0
5928 70
6052 0
6365 60
6429 0
6686 69
6788 0
6959 60
7268 0
7671 60
7772 0
7932 70
8165 0
8187 70
8545 0
8911 69
9033 78
9245 78
9353 0
9374 78
9392 0
9491 60
9920 0
24 events for 1
359 26
644 0
723 26
751 0
2272 26
2312 0
2952 25
3063 0
4058 26
4093 25
4101 0
4290 26
4633 0
5598 27
5732 0
7235 26
7246 26
7659 27
8184 0
9110 26
9213 0
9337 25
9930 26
9952 0
97 events for 2
102 38
167 0
212 38
241 0
366 38
388 0
414 38
446 0
470 38
515 0
748 38
1249 0
1452 38
1479 38
1861 0
1956 38
2126 38
2392 38
2467 0
2506 38
2657 0
2705 38
2929 0
2966 38
2982 0
3134 38
3149 38
3371 38
3409 0
3443 38
3460 0
3488 38
3527 0
3560 38
3592 0
3788 38
4003 0
4016 38
4319 0
4576 38
4599 0
4747 38
4819 0
4936 38
4950 38
5012 38
5020 0
5340 38
5391 0
5525 38
5713 0
5812 38
5848 0
6002 38
6028 38
6049 0
6102 38
6158 0
6445 38
6751 0
6789 38
6804 0
6891 38
6978 0
7063 38
7076 0
7164 38
7201 0
7274 38
7282 0
7287 38
7493 0
7603 38
7604 38
7652 0
7787 38
7797 38
7902 38
7997 0
8161 38
8187 0
8279 38
8325 38
8337 0
8646 38
8882 0
9025 38
9079 38
9189 0
9283 38
9343 0
9347 38
9421 0
9508 38
9567 0
9583 38
9913 0
17 events for 3
768 80
1366 70
1950 0
2357 82
2441 76
3502 70
3587 81
3810 0
4577 70
5252 0
5277 70
6915 0
7029 80
7774 72
7884 0
9181 79
9783 0
55 events for 4
63 27
234 32
485 0
724 30
728 28
934 28
1079 33
1086 32
1122 0
1142 27
1561 0
1758 32
1839 0
1939 27
1952 0
2109 30
2394 0
2408 30
2412 0
2414 27
2561 33
2894 33
2967 0
3149 33
3470 27
3843 33
3895 0
4300 30
4536 30
4698 0
4837 27
4949 0
5016 27
5068 0
5626 33
6198 0
6545 33
6624 0
6706 33
6936 0
6957 33
6999 28
7144 33
7195 0
7537 32
7734 0
7807 28
7847 0
8194 33
8925 0
9052 33
9255 28
9497 0
9802 33
9860 28
41 events for 5
563 84
609 0
891 46
1220 74
1329 0
1343 93
1746 74
1800 0
1840 93
2091 0
2132 84
2962 0
3129 84
3424 46
4229 0
4939 93
4965 0
5093 93
5277 0
5406 65
5483 0
5602 93
5693 0
5793 65
5822 0
5824 74
6332 84
6531 0
6540 84
6765 0
7108 65
7290 93
7878 0
8177 46
8419 0
8787 74
8866 0
9266 65
9759 0
9860 93
9913 0
71 events for 6
8 38
158 0
256 50
366 0
403 63
458 0
537 59
584 0
712 50
726 57
740 0
1627 38
1701 0
1917 48
2042 0
2258 57
2425 0
2516 63
2680 0
2717 50
2741 50
2788 59
3232 0
3377 48
3480 63
3525 48
3877 0
4175 59
4274 0
4293 38
4303 0
4458 38
4745 0
5269 38
5369 0
5470 59
5584 0
5603 38
5846 0
5886 57
6018 0
6313 59
6379 57
6686 0
6694 59
6906 59
6915 48
6970 59
6997 0
7145 59
7365 0
7373 63
7564 0
7649 63
7697 38
7729 0
7754 63
7758 0
7797 57
8039 50
8709 0
8848 38
8866 0
8899 48
9074 0
9115 57
9388 57
9576 0
9697 50
9786 48
9845 0
53 events for 7
481 86
651 0
818 86
845 0
1091 85
1229 0
1293 86
1336 0
1635 85
1643 0
1675 85
1706 85
2053 0
2447 86
2512 85
2526 0
2747 85
2958 0
4007 85
4040 0
4366 86
5055 0
5127 86
5319 0
5707 85
5911 0
6126 85
6160 0
6171 85
6346 0
6372 86
6477 0
6744 86
6912 0
7042 85
7144 0
7194 85
7302 0
7437 86
7442 0
7467 85
7589 0
7977 85
8398 0
8590 85
8728 0
8941 85
9162 0
9168 86
9247 0
9427 85
9450 0
9883 86
11 events for 8
699 83
1594 0
2737 83
2927 0
3240 83
4290 0
4416 83
4569 0
5232 83
7723 83
9265 83
42 events for 9
200 32
482 0
644 33
1399 0
1537 37
1696 0
2308 41
2512 41
2551 0
2776 37
2777 0
3247 37
3263 0
3434 41
3642 0
3922 32
4057 37
4098 0
4656 32
4685 0
4910 41
4982 0
5041 37
5217 33
5363 37
5409 32
5666 37
5751 41
6056 0
6225 32
6425 0
6605 37
6704 0
6870 33
7282 37
7310 0
8346 37
8509 0
8628 33
9328 0
9563 37
9840 0
50 events for 10
270 47
468 0
699 50
924 0
1089 51
1283 44
1445 0
1506 57
1558 0
1586 44
1647 0
2046 53
2636 0
2912 57
2938 56
3024 47
3211 0
3242 44
3383 0
3934 51
4816 0
5090 56
5362 50
5678 0
5891 48
6131 0
6329 57
6335 0
6339 53
6874 0
6966 47
7237 0
7250 57
7385 0
7392 44
7710 0
7725 48
7747 0
7867 50
8015 48
8027 0
8311 51
8339 0
8601 48
9161 0
9195 47
9514 44
9789 0
9831 56
9931 0
13 events for 11
19 40
52 0
83 40
586 0
1019 68
1650 0
1709 40
1924 0
6398 45
7219 0
7437 40
7967 0
8978 68
87 events for 12
63 73
278 0
409 73
539 0
616 73
713 0
816 73
938 0
1093 73
1189 0
1192 73
1327 0
1483 73
1575 73
1588 0
1623 73
1743 73
1751 0
1805 73
1810 0
1856 73
2069 73
2351 0
2389 73
2763 0
2769 73
2794 73
2833 73
2880 73
2902 0
3104 73
3244 73
3567 0
3698 73
3973 0
3985 73
4133 73
4164 0
4180 73
4480 0
4582 73
4709 0
4864 73
5026 0
5104 73
5117 0
5210 73
5274 73
5442 0
5525 73
5672 0
5802 73
6139 0
6215 73
6237 0
6256 73
6511 73
6652 73
6724 73
6752 0
6781 73
6861 73
6888 73
6906 0
6924 73
7650 0
7651 73
7886 0
8049 73
8224 73
8386 0
8425 73
8534 0
8548 73
8566 73
8665 0
8723 73
8864 73
8948 0
9029 73
9501 0
9524 73
9541 0
9577 73
9733 0
9752 73
9800 0
49 events for 13
45 59
149 59
185 0
345 59
379 0
425 59
569 0
587 54
590 59
1074 0
1113 54
1238 0
1522 59
2010 0
2273 54
2641 54
3367 59
3498 0
3551 59
3794 0
3861 59
3876 0
3912 54
4043 0
4293 54
4329 59
4484 59
4724 0
4842 59
4997 0
5202 59
5210 0
5312 54
5545 0
5848 54
5988 59
6059 0
6465 59
8016 0
8324 59
8382 0
8609 59
8626 0
8635 59
8931 0
8968 59
9086 0
9180 54
9798 0
56 events for 14
259 67
306 0
803 70
834 0
956 70
1065 0
1266 67
1470 0
1607 67
1629 70
1665 0
1679 70
1866 0
1948 67
1952 0
2153 67
2788 0
4058 67
4157 0
4395 70
4417 0
4522 67
4896 0
5171 67
5347 0
5512 67
5932 67
6159 0
6258 67
6316 0
6642 67
6677 0
6678 70
7017 0
7057 67
7212 67
7236 0
7568 67
7653 0
8165 67
8191 0
8251 67
8527 0
8677 70
8678 0
8875 67
8905 67
9021 0
9031 67
9044 0
9192 70
9564 67
9677 70
9812 0
9829 67
9920 70
17 events for 15
411 59
1623 0
2283 59
4140 0
4895 24
5127 37
5767 0
6863 52
7260 75
8052 0
8232 37
8319 0
8728 24
9225 59
9268 75
9502 0
9542 37
