8 buffers
43145 780
105337 14112
64130 1074
53754 5937
118070 2346
70445 2878
106072 8160
57781 11284
12 downlinks
0 125 833 396
1 958 1666 289
2 1791 2499 401
3 2624 3332 375
4 3457 4165 301
5 4290 4998 371
6 5123 5831 300
7 5956 6664 338
8 6789 7497 373
9 7622 8330 390
10 8455 9163 288
11 9288 9996 368
28 events for 0
124 36
491 0
719 36
1547 0
1879 36
2264 0
3337 36
4020 0
4599 36
4876 0
5208 36
5352 36
5365 36
6100 0
6491 36
6537 0
6749 36
6802 0
7174 36
7211 0
7245 36
7650 0
7681 36
7982 0
8048 36
8884 0
9500 36
9503 0
23 events for 1
173 89
338 89
370 0
539 88
711 0
1001 84
1223 0
2122 90
2189 89
2909 84
3395 0
5046 84
5504 0
6338 88
6618 0
6698 89
6717 0
7255 90
8243 84
8258 89
8491 83
8725 0
9504 84
37 events for 2
455 61
895 0
986 69
1594 0
1857 69
2232 0
2372 61
2422 0
2493 61
2658 0
2725 61
2735 0
3095 61
3315 61
3680 0
3739 61
3780 69
3839 0
4549 69
4628 0
4689 61
5667 0
5748 69
5882 0
7075 61
7502 0
7531 61
7623 0
7972 69
8050 0
8105 69
8643 0
8756 69
8788 0
8965 61
9067 0
9492 69
27 events for 3
457 27
602 0
1360 58
2287 66
2559 0
3029 42
3056 29
3273 58
3602 0
4144 41
4343 0
4407 41
4665 0
4783 29
5146 0
5156 41
5606 0
6115 42
6982 0
7569 58
7743 0
7814 26
7818 64
8524 0
8985 42
9226 64
9653 0
38 events for 4
53 58
187 0
216 79
1391 0
1754 86
2072 73
2500 0
2582 86
2626 0
2869 86
3097 0
3414 79
3784 75
3816 0
3902 86
3916 0
4463 86
4852 79
5105 57
6202 75
6440 0
6713 75
7142 0
7180 79
7366 0
7383 75
7418 0
7484 75
7882 0
8123 73
8143 0
8441 75
8526 0
8584 79
9179 58
9271 0
9491 73
9794 57
44 events for 5
172 54
179 0
782 46
910 0
1029 45
1519 49
2262 0
2484 45
2716 0
2784 45
3486 0
4130 55
4524 0
4560 45
4681 0
4862 55
5305 0
5573 45
5579 46
5627 55
5653 0
5733 54
5794 0
6268 43
6478 0
6764 54
6954 0
7030 54
7059 0
7079 45
7216 0
7472 45
7627 0
7767 45
7805 0
7875 46
7957 0
8172 55
8257 0
8355 47
8373 43
9068 0
9351 54
9737 0
21 events for 6
915 81
1057 81
1449 0
1519 56
1550 0
1722 81
3863 0
3874 81
4308 0
4565 56
4660 56
6098 0
6136 56
6186 0
6317 81
8620 0
8637 81
8706 81
8822 0
8883 56
9651 0
34 events for 7
460 46
714 42
1066 0
1382 42
1680 42
1882 0
2103 42
2640 0
2932 46
3024 0
3386 46
3542 0
3646 46
4031 0
4278 46
4317 0
4481 46
4798 0
5014 42
5125 0
5134 46
5640 0
5943 46
6762 0
6837 42
6869 42
6893 0
6903 42
6945 46
7464 0
7939 46
8655 46
8675 0
9520 42
