4 buffers
20860 1795
138378 15409
149127 7090
114897 17076
8 downlinks
0 188 1250 173
1 1438 2500 125
2 2688 3750 137
3 3938 5000 156
4 5188 6250 167
5 6438 7500 177
6 7688 8750 145
7 8938 10000 146
12 events for 0
622 14
689 0
2943 15
3154 0
3803 16
4245 16
4454 0
5843 16
6482 16
6954 16
7315 0
8311 14
35 events for 1
137 74
1042 0
1372 80
1401 80
2531 0
2591 74
2685 78
2778 0
2914 80
3175 0
3228 75
3612 0
3664 74
3703 0
3779 78
4059 0
4427 75
4634 76
4733 0
5001 75
5016 0
5198 79
5250 79
6119 0
6364 74
6379 0
6662 75
6753 0
8015 75
8143 0
8221 74
8434 0
8631 78
8822 74
9708 0
63 events for 2
61 84
263 0
317 86
389 85
505 0
583 86
584 84
600 0
604 84
724 0
801 85
916 0
979 85
1045 0
1263 86
1598 0
2033 85
2200 0
2261 85
2310 0
2641 84
2745 0
2791 86
2827 0
3244 85
3286 0
3549 86
3739 0
3935 85
3941 84
4159 0
4865 84
4911 86
5587 0
5638 85
5650 0
5658 84
5797 0
6264 85
6334 0
6408 85
6695 0
6702 85
6959 85
7105 0
7239 84
7367 0
7444 85
7474 0
7862 86
7873 0
7880 85
7958 84
8029 0
8208 84
8279 0
8290 85
8519 85
8584 85
8902 0
8906 85
8979 0
9588 85
41 events for 3
283 72
972 0
1024 69
1226 0
1288 72
1542 0
1575 59
1589 72
1883 0
2027 46
2279 59
2730 46
2735 72
2995 0
3082 69
3238 0
3437 72
3759 0
3930 59
3954 0
3983 72
4303 0
4309 72
4428 46
4458 0
4747 46
4904 0
5027 72
5175 59
5395 0
7781 46
8235 0
8472 72
8671 0
8729 69
8777 0
9369 59
9584 72
9717 0
9884 72
9980 0
