16 buffers
46871 8459
48650 1309
84117 16656
127141 15829
147791 10829
102247 5137
164501 29470
82387 3155
225953 1265
166440 28660
127779 25204
50317 5382
131848 12731
66429 7346
86285 17120
89656 81
8 downlinks
0 188 1250 470
1 1438 2500 479
2 2688 3750 449
3 3938 5000 451
4 5188 6250 595
5 6438 7500 522
6 7688 8750 572
7 8938 10000 469
25 events for 0
1794 22
1899 0
2261 59
2755 0
3016 22
3389 0
3993 59
4115 59
4169 0
4281 59
4360 0
4769 65
4959 0
5958 35
6079 59
6929 0
7011 22
7155 35
7494 0
7570 22
8305 0
8823 22
9134 65
9261 0
9846 22
24 events for 1
675 26
1277 21
1286 0
1421 21
1483 0
1545 26
1910 0
2257 26
2691 26
3097 26
3124 0
3220 26
3412 0
4042 26
4215 0
5107 26
5677 0
6669 26
6951 26
7478 0
8012 26
8141 0
8254 26
8378 0
36 events for 2
321 36
772 0
797 74
849 74
890 0
1566 50
1681 0
1837 36
1942 0
2448 36
2659 0
2849 36
3096 36
3346 0
3868 50
4154 36
4356 0
4811 36
4998 77
5038 0
5117 50
5233 0
5324 36
5651 0
5867 56
6257 0
6262 56
6535 0
6580 36
7063 50
7189 36
7340 50
7655 50
8737 0
9373 36
9862 0
25 events for 3
546 59
609 0
894 59
989 0
1266 59
1366 0
1470 62
1495 0
1760 59
2332 58
2430 58
2583 0
3233 62
4943 0
6131 58
6435 58
6731 0
7156 65
7547 0
7588 58
8121 0
8391 65
8733 0
9159 59
9251 0
69 events for 4
19 54
370 0
381 34
472 0
764 34
1061 54
1389 0
1479 54
1513 0
1658 54
1912 54
1970 0
2153 55
2177 54
2257 0
2362 54
2391 0
2540 34
2594 54
2629 0
2633 55
2970 54
2972 55
3245 0
3338 54
3769 0
3838 54
4007 0
4125 54
4350 0
4577 34
4969 0
4999 55
5042 0
5127 34
5175 34
5273 0
5286 55
5341 0
5438 55
5515 0
5546 55
5800 0
5865 34
5894 34
6237 54
6810 0
6975 55
6995 0
7404 34
7533 0
7545 55
7681 0
7853 55
8032 0
8068 55
8076 0
8285 54
8425 55
8631 0
8651 54
8759 0
9032 34
9074 55
9284 0
9329 55
9388 55
9458 34
9971 0
91 events for 5
195 45
196 40
268 40
377 0
389 40
550 0
710 40
855 0
1077 40
1225 0
1368 40
1543 0
1827 40
2076 0
2373 43
2639 45
2694 0
2705 43
2717 0
2718 40
2804 0
2871 40
2907 0
2925 45
2986 0
3086 40
3295 45
3397 45
3429 45
3590 45
3629 0
3656 40
3787 40
3862 0
3914 40
4053 0
4156 40
4270 0
4280 43
4371 0
4443 40
4493 0
4500 43
4690 0
4717 40
4841 0
4980 40
5173 0
5282 40
5346 0
5353 45
5454 0
5610 40
5781 40
6002 0
6307 40
6432 0
6479 40
6484 0
6678 40
6701 0
6733 40
6894 0
6940 43
7052 40
7076 0
7127 45
7149 40
7162 40
7561 45
7567 43
7764 43
7777 0
7780 40
7900 0
7915 43
7953 0
8046 40
8334 0
8494 40
8743 0
8846 40
8867 0
9096 45
9099 45
9284 40
9361 0
9366 40
9377 45
9605 0
9771 40
92 events for 6
110 57
336 0
404 57
405 0
422 50
520 0
541 26
739 0
755 26
873 77
957 0
998 62
1094 26
1125 0
1276 50
1320 0
1432 57
1517 0
1573 50
1765 0
1874 82
1984 50
2045 50
2052 0
2171 57
2357 0
2380 46
2504 0
2543 46
2589 0
2876 46
3104 57
3106 0
3415 77
3428 0
3501 53
3595 50
3759 0
3776 46
3964 0
3997 53
4246 0
4332 77
4636 0
5003 82
5055 0
5107 53
5156 46
5170 0
5296 77
5484 26
5521 46
5764 0
5788 50
5791 0
5842 82
6201 0
6325 62
6383 46
6390 0
6443 50
6491 77
6634 0
6689 46
6969 0
7066 50
7146 53
7294 26
7524 0
7570 50
7630 0
7925 46
7938 0
7945 62
7961 26
8166 0
8210 82
8295 0
8311 46
8327 0
8584 57
8621 0
8671 53
8841 26
8941 0
8953 50
9160 0
9217 82
9283 0
9595 57
9723 77
9889 57
54 events for 7
30 44
32 0
306 44
455 42
477 54
1257 44
1435 0
1581 28
2282 0
2478 28
2851 0
3466 44
3506 0
3731 28
4116 0
4121 54
4486 54
4771 42
5098 0
5102 39
5277 0
5333 44
5359 0
5360 54
5452 0
5935 44
6007 54
6023 28
6126 0
6228 44
6285 0
6335 28
6346 0
6477 54
6664 0
6923 39
7351 0
7606 39
7696 42
7703 0
7736 54
8098 0
8192 39
8312 0
8317 42
8421 0
8422 39
8637 0
8672 52
9019 0
9026 54
9032 54
9400 0
9577 28
83 events for 8
44 88
223 0
278 88
336 0
731 91
881 0
1002 91
1282 0
1337 91
1365 88
1708 0
1807 88
1811 88
1893 0
1970 91
1972 0
1979 88
1982 0
2002 88
2086 0
2114 91
2257 91
2362 0
2543 88
2574 0
2950 88
3047 0
3292 91
3962 88
4292 88
4297 0
4540 88
4572 0
4575 88
4711 0
4942 91
4956 0
4973 91
5101 91
5141 91
5163 0
5179 91
5262 0
5334 91
5349 88
5407 0
5521 88
5541 0
5663 88
5714 0
5891 91
6543 0
6770 88
6831 91
6865 0
7062 91
7157 88
7172 88
7239 88
7460 0
7479 88
7492 0
7515 88
7729 0
7870 91
7977 0
8030 88
8119 0
8460 91
8466 88
8494 91
8671 0
8758 88
8776 88
8811 0
8855 91
8953 0
9011 88
9292 88
9438 0
9479 88
9803 0
9840 88
26 events for 9
192 29
297 0
575 76
791 33
906 0
1147 41
1331 33
1398 60
1516 41
1842 59
2057 33
2130 63
2853 0
3068 51
3589 37
4353 76
5211 63
5808 0
6399 84
7491 0
7840 60
8257 0
8572 37
8658 51
9461 0
9470 63
52 events for 10
27 74
70 50
148 0
370 50
688 0
766 74
791 0
1239 74
1324 0
1481 75
1749 75
1924 75
1984 74
2063 0
2372 75
2529 75
2886 0
3315 29
3456 0
3679 55
3695 75
3942 0
4006 56
4088 0
4455 29
4709 0
4869 75
4955 0
5509 56
5861 55
5896 0
5942 29
6078 0
6187 74
6464 0
7084 75
7219 55
7512 0
7527 50
7566 0
7652 50
7911 0
7987 75
8288 0
8781 56
9281 0
9361 74
9427 0
9750 56
9800 0
9908 56
9919 74
16 events for 11
275 28
763 31
1486 0
1735 21
2008 0
3582 16
3665 0
3807 17
5248 0
5812 21
6360 18
7191 0
7702 21
8636 0
9690 16
9788 0
72 events for 12
20 51
173 0
345 52
501 0
616 52
631 51
698 0
871 51
896 0
958 52
1033 0
1156 50
1201 0
1459 52
1556 51
1622 0
1633 50
1854 0
2059 50
2319 0
2559 51
2766 0
2994 51
3248 0
3373 51
3959 0
4179 51
4239 0
4400 52
4420 0
4626 52
4704 0
5009 52
5085 0
5373 52
5574 50
5589 52
5698 50
5805 51
5975 0
5984 51
6096 50
6160 0
6238 50
6391 0
6396 50
6415 0
6477 51
6526 0
6595 52
6638 0
6818 51
6831 0
6890 51
6952 0
7066 52
7831 50
8010 0
8218 51
8390 0
8567 51
8712 51
8738 0
8961 51
8971 0
9047 50
9343 0
9436 51
9456 0
9591 50
9714 50
9867 50
57 events for 13
268 35
481 21
578 0
598 35
707 42
1020 0
1158 21
1694 0
1980 35
2082 42
2103 0
2111 21
2151 42
2372 0
2702 42
2867 0
3029 35
3108 0
3333 35
3424 0
3431 42
3585 0
3702 42
3852 0
3896 35
4527 0
4593 21
5203 0
5229 21
5399 0
5435 42
6749 0
6904 42
6943 42
6998 0
7300 42
7932 0
8001 35
8040 0
8198 42
8246 0
8355 21
8356 35
8463 0
8481 42
8795 0
8856 21
9100 0
9135 35
9143 0
9345 21
9439 21
9769 0
9774 21
9802 0
9914 21
9932 35
84 events for 14
42 37
192 0
246 48
248 37
371 0
380 48
436 0
546 37
617 37
733 0
983 37
1074 0
1088 37
1270 0
1317 48
1346 48
1439 48
1462 48
1558 0
1827 48
1872 0
1915 37
1932 0
2036 48
2114 37
2148 0
2368 37
2448 37
2591 0
2612 48
2793 0
2990 48
3005 0
3128 37
3207 0
3320 37
3497 0
3618 48
3707 0
3829 48
3947 0
4382 48
4425 48
4528 0
4640 48
4643 0
4654 37
4780 0
4875 37
4946 0
5409 48
5529 0
5703 48
5836 0
6165 48
6178 0
6313 37
6326 37
6579 0
6624 37
6799 0
6872 48
7091 0
7155 37
7333 0
7607 48
7702 48
8218 48
8238 0
8434 37
8639 0
8714 37
8752 0
8786 48
8862 0
8866 48
8883 0
8916 37
9030 0
9149 37
9249 0
9481 37
9537 48
9578 37
18 events for 15
619 51
624 0
1764 61
2491 51
2690 0
4202 61
4244 0
5020 51
5222 0
6103 75
6154 76
6174 76
6219 54
6302 0
6846 79
7557 51
9136 76
9341 51
