8 buffers
82394 11127
257009 2227
94237 10262
166982 13552
57986 8840
61762 7746
155283 6697
153073 27209
8 downlinks
0 188 1250 351
1 1438 2500 267
2 2688 3750 284
3 3938 5000 266
4 5188 6250 282
5 6438 7500 260
6 7688 8750 260
7 8938 10000 276
87 events for 0
23 55
82 0
162 21
189 25
332 0
495 22
523 55
664 0
692 25
715 0
798 35
877 30
960 25
1123 22
1438 0
1812 55
1837 0
2086 30
2092 0
2104 25
2628 0
2636 22
2670 0
2738 25
2830 35
2889 25
2943 35
2965 0
3003 30
3387 0
3554 30
3575 21
3698 0
3727 22
3755 0
3785 55
3875 55
3918 0
4241 30
4429 0
4475 21
4584 35
4871 35
5136 55
5392 35
5654 55
5770 0
5772 21
5809 30
5900 0
5987 21
6030 0
6092 55
6116 0
6211 22
6302 0
6554 25
6572 55
6597 0
6660 22
6806 0
6968 22
7041 0
7125 21
7340 0
7501 35
7615 0
7814 21
7932 25
8075 0
8164 55
8231 30
8446 30
8575 35
8632 0
8633 35
8715 0
8921 22
9139 22
9381 0
9435 25
9438 22
9649 55
9879 0
9961 30
9972 22
9982 0
96 events for 1
117 91
152 0
245 91
335 0
406 91
447 91
523 0
682 91
864 0
911 91
978 89
1065 0
1272 91
1402 91
1527 0
1778 89
1900 0
1919 91
1966 89
2032 0
2051 91
2310 0
2318 89
2545 89
2617 89
2646 89
2772 91
3252 0
3333 89
3343 0
3453 91
3489 0
3591 89
3698 91
3878 0
3941 91
3951 0
4038 89
4047 0
4226 91
4288 0
4552 91
4670 0
4676 89
4736 0
4982 91
5208 0
5304 91
5384 0
5472 89
5796 89
5839 0
6054 89
6145 0
6194 89
6209 89
6410 0
6533 91
6650 0
6675 89
6773 91
6878 0
6929 91
6954 0
7064 91
7091 0
7141 89
7278 0
7316 91
7318 89
7427 0
7496 89
7548 0
7585 91
7654 0
7673 89
7803 0
7805 89
7822 91
7875 89
8051 0
8054 91
8168 0
8185 91
8344 0
8690 89
8861 0
8874 91
9183 0
9354 89
9416 0
9481 89
9602 0
9835 89
9910 0
9980 89
47 events for 2
762 13
777 56
941 13
1374 0
2249 62
2473 0
2798 24
2889 13
3036 0
3074 13
3509 0
3577 51
4587 0
4591 27
4746 0
4859 24
4886 0
4957 62
5670 71
5697 0
5879 71
5965 0
5987 27
6024 13
6362 0
6383 27
6414 71
6474 0
6501 51
6537 62
6842 0
6847 27
6997 0
7237 56
7260 0
7416 51
7565 0
7648 13
8095 0
8163 13
8291 56
8458 0
8521 51
8734 0
9357 62
9574 0
9967 56
79 events for 3
145 68
195 68
476 0
675 68
771 68
779 0
809 68
929 68
974 0
1068 68
1112 68
1117 0
1421 68
1763 68
1769 0
1808 68
1821 68
1974 0
2027 68
2039 0
2149 68
2155 0
2160 68
2204 0
2515 68
2759 68
2794 0
2952 68
3045 68
3165 0
3293 68
3295 0
3365 68
3449 68
3635 0
3854 68
3964 68
3989 0
4011 68
4398 0
4496 68
4541 68
4560 0
4954 68
5386 0
5528 68
5673 0
5789 68
6035 0
6066 68
6334 68
6348 0
6351 68
6786 68
7031 68
7084 0
7198 68
7232 0
7237 68
7248 0
7557 68
7636 0
7668 68
7901 68
7932 0
7978 68
8144 68
8220 0
8328 68
8502 0
8625 68
8631 0
9022 68
9062 0
9171 68
9456 68
9561 0
9789 68
9968 68
62 events for 4
213 26
222 0
288 21
475 0
705 21
1057 26
1153 26
1371 0
1496 16
1523 26
1559 0
1736 21
2189 0
2258 16
2681 0
2707 16
2741 0
2882 26
3640 26
3819 16
3878 16
3984 0
4660 26
4840 0
4867 21
5071 0
5267 26
5434 0
5441 16
5635 0
5776 21
6026 0
6040 26
6100 21
6391 0
6410 26
6481 0
6571 21
6687 16
7101 0
7168 26
7172 0
7338 16
7623 21
7849 0
7931 21
7944 0
7998 21
8156 16
8313 0
8317 26
8358 0
8522 21
8928 21
8967 0
9271 21
9273 21
9669 0
9745 26
9749 26
9834 16
9884 0
28 events for 5
102 34
639 0
755 34
874 0
981 34
1278 0
1955 23
1961 0
2045 61
2058 34
3175 0
3188 34
3639 0
3992 34
4434 0
5375 34
5758 0
6268 34
6670 0
6817 61
7416 23
7792 34
7869 0
8238 34
8386 0
8598 34
8609 0
9144 34
65 events for 6
17 47
224 0
299 47
344 0
402 67
563 0
848 51
939 45
1089 0
1562 62
1731 0
1877 45
1986 0
2023 37
2157 0
2169 51
2298 0
2337 69
2505 0
2514 69
2605 0
2617 45
3339 0
3508 45
4411 0
4471 62
4508 0
4575 45
4608 0
4787 35
4896 0
4960 62
4985 35
5015 47
5145 0
5146 67
5438 45
5442 0
5449 35
5546 51
5638 0
5808 47
5845 56
6021 0
6070 67
6190 0
6273 51
6726 0
6926 47
7781 0
7811 62
7950 0
8007 62
8226 0
8287 51
8945 51
9063 0
9172 51
9352 45
9524 51
9669 0
9734 35
9743 0
9880 37
9985 0
32 events for 7
87 89
384 0
628 83
1382 0
1449 70
1499 0
1917 76
2112 66
2325 0
3276 73
3342 0
3589 73
4000 0
4876 82
4910 0
5246 76
5307 73
5325 0
5463 72
5692 0
5934 66
6030 76
6098 0
6456 89
7140 0
7516 82
8471 66
9033 0
9048 89
9600 0
9636 89
9830 0
