8 buffers
75504 5224
27103 753
72294 7513
42505 2859
73151 1315
88215 102
130915 10492
73023 10263
12 downlinks
0 125 833 302
1 958 1666 301
2 1791 2499 264
3 2624 3332 291
4 3457 4165 286
5 4290 4998 261
6 5123 5831 281
7 5956 6664 256
8 6789 7497 308
9 7622 8330 325
10 8455 9163 266
11 9288 9996 298
95 events for 0
54 78
145 0
435 77
481 0
531 78
565 0
665 77
773 74
777 0
1002 77
1067 0
1154 77
1205 0
1259 74
1310 77
1431 0
1459 74
1493 77
1945 77
1985 0
2091 77
2295 78
2357 0
2365 74
2587 0
2903 74
2924 0
2937 78
2974 0
3257 74
3480 0
3575 74
3671 0
3699 74
3764 0
3780 77
3783 0
3796 77
3900 0
3915 78
3963 0
4151 78
4188 0
4337 74
4356 0
4549 77
4632 0
4639 77
4764 78
4838 0
4847 77
4862 74
4999 77
5250 74
5252 0
5279 78
5327 74
5357 0
5499 77
5555 0
5570 77
5718 74
5751 78
5800 0
5859 77
5888 0
6056 74
6284 74
6296 74
6324 74
6427 0
6749 74
7198 0
7294 74
7463 0
7532 74
7615 0
7934 77
8056 0
8337 77
8390 74
8425 0
8688 74
8990 78
9079 0
9326 74
9430 77
9549 0
9591 74
9625 77
9661 74
9771 0
9872 78
9944 74
9963 74
17 events for 1
1613 14
2370 13
2460 0
2626 14
2743 0
2975 13
3211 14
3320 0
3422 13
4052 0
4414 14
5325 13
6208 0
6458 14
8494 0
9403 13
9546 14
81 events for 2
62 62
204 0
205 69
454 0
462 62
623 0
645 46
846 0
876 52
981 0
1000 62
1366 59
1467 68
1823 52
1885 0
1888 46
1905 0
2117 59
2268 0
2382 62
2391 46
2613 62
2642 0
2746 46
2840 0
3258 69
3854 0
3911 46
4097 0
4227 59
4434 0
4505 59
4535 0
4592 62
4625 0
4925 59
5411 0
5519 46
5682 0
5933 52
6093 0
6321 68
6351 0
6630 46
6681 0
6704 69
6730 0
6785 62
6912 62
6954 0
7003 46
7071 46
7097 0
7115 62
7267 46
7322 62
7422 0
7687 62
7777 62
7835 52
7975 0
8065 62
8105 0
8130 46
8249 69
8424 0
8479 59
8545 0
8622 52
8635 0
8666 62
8734 0
8850 68
8897 69
8924 46
8968 69
9028 0
9154 59
9216 0
9352 52
9836 0
50 events for 3
607 36
696 0
900 35
943 0
963 32
1142 0
1621 32
1735 0
1770 35
2017 44
2100 0
2242 44
2339 0
2365 44
2708 0
2795 36
2827 0
2919 36
3044 0
3228 44
3734 0
3739 32
3791 0
4443 44
4813 0
5290 36
5601 0
5640 44
6587 36
6689 0
6736 32
6885 0
6998 36
7049 0
7456 32
7472 0
7752 32
8024 0
8219 36
8436 0
8698 44
8759 0
8801 32
8928 44
9102 0
9180 36
9484 36
9589 32
9715 0
9826 36
40 events for 4
135 37
274 0
308 40
464 0
1214 37
1597 0
1698 37
2436 0
2666 37
2740 0
3212 40
3290 0
3510 37
4346 0
4395 40
4697 0
4989 40
5314 37
5471 0
5508 37
5762 0
6019 40
6160 0
6201 40
6233 0
6409 37
6487 0
6605 37
6725 0
6861 40
7782 0
8099 37
8301 37
8389 0
8695 40
8930 40
9376 0
9493 37
9736 0
9788 40
46 events for 5
43 64
137 0
299 61
303 63
369 0
429 64
470 57
1310 63
2089 0
2335 63
2361 0
2477 63
2570 0
2677 61
2770 0
3065 64
3279 57
3399 63
3889 61
4353 0
4635 64
4832 0
4888 61
5238 57
5661 57
5729 64
5917 57
5921 61
5950 0
6066 61
6211 57
6429 57
6458 61
6610 57
6984 0
7102 63
8125 0
8249 63
8607 57
8793 0
8819 61
8893 57
9114 0
9281 64
9574 0
9772 63
57 events for 6
339 98
398 98
415 98
530 0
538 98
601 0
800 88
922 0
1150 98
1154 0
1474 88
1560 0
1567 88
1609 0
1639 88
1698 0
1700 98
1971 0
2038 98
2396 0
2507 88
2571 88
2581 0
3181 88
3258 0
3680 88
3753 98
3843 0
4406 88
4581 0
4646 88
4816 88
5136 0
5179 98
5325 0
5677 98
5683 0
5809 88
6099 98
6438 0
6810 88
7111 0
7889 88
7910 98
7964 0
8054 98
8090 0
8140 98
8162 0
8237 88
8639 0
8919 88
9125 0
9348 88
9620 0
9753 98
9937 0
36 events for 7
538 73
585 0
1152 76
1411 76
1889 0
1931 75
1932 78
2126 78
2278 0
2296 78
2373 0
2891 78
2895 0
2908 75
2987 0
3591 76
4860 0
5404 73
5764 76
5850 0
6150 78
6465 0
6762 78
6964 0
7154 72
7542 76
7673 78
7729 75
7760 0
8729 72
8922 0
9013 72
9341 0
9528 76
9580 0
9934 76
