8 buffers
96336 14622
70485 3928
63109 945
49590 6715
120051 7741
68009 7673
43280 362
39332 622
16 downlinks
0 94 625 413
1 719 1250 417
2 1344 1875 420
3 1969 2500 390
4 2594 3125 407
5 3219 3750 312
6 3844 4375 417
7 4469 5000 352
8 5094 5625 408
9 5719 6250 329
10 6344 6875 398
11 6969 7500 303
12 7594 8125 301
13 8219 8750 370
14 8844 9375 347
15 9469 10000 294
63 events for 0
4 84
193 84
309 0
380 84
1006 84
1012 0
1183 84
1210 84
1871 0
1925 84
2116 0
2154 84
2189 84
2191 0
2220 84
2235 84
2488 0
2498 84
2536 0
2669 84
2696 0
2943 84
3141 84
3290 0
3353 84
3370 0
3471 84
3954 0
4134 84
4270 0
4368 84
4510 84
4572 0
4670 84
4687 84
5085 0
5475 84
5939 84
6187 0
6500 84
6661 84
6754 84
6811 0
6903 84
7097 84
7175 0
7387 84
7444 0
7469 84
7834 0
7858 84
7957 0
8379 84
8416 0
8563 84
8638 84
8640 84
8931 0
9100 84
9394 0
9493 84
9836 0
9959 84
84 events for 1
15 73
161 0
232 75
934 0
1110 74
1143 0
1420 75
1555 0
1707 70
1729 0
1789 70
1971 0
1993 72
2081 0
2089 70
2115 0
2120 70
2400 73
2448 0
2480 75
2513 0
2524 73
2544 75
2639 0
2980 73
3011 0
3213 75
3337 0
3360 73
3465 0
3777 72
3834 72
3954 74
3992 0
4004 73
4019 70
4150 0
4420 73
4515 0
4577 74
4699 73
4793 0
5014 74
5135 73
5435 72
5451 75
5651 0
5663 72
5773 0
5790 75
5822 0
5940 74
6204 75
6221 0
6331 75
6547 0
6595 72
6602 0
6715 75
6937 0
6989 70
7241 70
7346 75
7389 0
7527 75
7581 0
7700 74
7737 0
7801 75
7817 0
7934 70
8315 0
8345 73
8668 0
8769 73
9365 70
9374 0
9636 74
9687 0
9705 70
9764 0
9780 72
9929 0
9957 75
44 events for 2
416 52
672 52
755 0
795 59
1025 0
1158 52
1160 0
1244 48
1537 0
2147 48
2221 0
2782 52
2793 0
2985 53
3467 0
3633 59
3710 0
3776 52
3963 52
4043 0
4176 53
4290 52
4313 0
4390 59
4689 0
4708 53
5361 59
5867 0
5901 63
5949 0
7028 52
7233 0
7282 63
7389 0
7567 52
7869 63
8324 0
8543 53
8968 48
9223 63
9300 0
9404 63
9422 0
9847 63
78 events for 3
104 65
133 0
134 33
231 0
325 33
623 21
664 0
811 21
835 0
899 21
1067 0
1237 65
1363 24
1371 0
1510 48
1748 0
1759 21
1776 0
1834 21
1884 0
2104 24
2392 0
2422 43
2697 65
2767 0
3185 21
3394 0
3532 21
3591 48
3781 0
3839 33
3903 0
3961 43
3997 24
4017 33
4129 0
4317 21
4418 0
4710 33
4913 0
4976 65
5055 0
5100 33
5688 24
6017 0
6135 24
6310 0
6332 48
6530 0
6541 21
6605 0
6632 65
6793 0
6795 43
7006 0
7032 24
7462 0
7612 43
7835 65
7924 43
7987 0
8055 24
8080 0
8081 43
8211 0
8255 43
8320 0
8377 65
8518 0
8710 33
8926 0
9103 43
9344 0
9464 48
9661 0
9775 33
9918 0
9979 65
93 events for 4
155 95
305 0
563 95
638 0
713 96
807 0
884 95
922 0
939 96
974 0
1411 96
1506 96
1536 0
1604 95
1855 0
1907 96
2153 96
2182 0
2320 96
2374 0
2383 96
2458 0
2474 95
2660 0
2719 95
2801 96
2865 0
3007 96
3259 0
3406 95
3476 0
3569 96
3623 0
3729 96
3874 95
4020 96
4102 0
4107 95
4350 0
4550 96
4555 0
4623 96
4737 95
4820 95
5369 0
5458 95
5472 0
5653 96
5759 0
6023 96
6047 96
6148 0
6282 96
6310 0
6363 96
6431 0
6562 96
6580 0
6600 95
6601 0
6865 96
6924 0
6942 96
7092 0
7186 96
7310 0
7525 95
7585 0
7688 95
7699 0
7865 96
7988 0
8000 96
8503 0
8558 95
8654 95
8831 0
8869 95
8880 96
8886 0
8919 96
8954 95
9063 0
9113 96
9141 0
9278 96
9404 0
9569 96
9637 0
9708 96
9724 96
9926 0
9983 96
91 events for 5
49 51
246 0
262 51
268 0
322 52
424 0
597 52
604 61
769 0
803 77
812 0
813 81
951 0
1103 52
1235 81
1270 0
1353 77
1556 0
1607 51
1632 0
1674 77
1777 0
1847 81
1862 0
2278 61
2353 0
2649 52
2666 0
2970 61
2976 0
3069 61
3135 0
3229 81
3291 0
3494 61
3606 0
3930 77
4164 0
4183 52
4187 0
4256 81
4565 0
4578 51
4620 0
4621 77
4830 0
4917 81
5078 0
5171 77
5444 0
5517 77
5675 52
6017 51
6074 0
6232 77
6255 0
6414 61
6706 0
6771 61
6819 0
6977 51
7109 0
7180 52
7235 0
7244 51
7323 0
7338 77
7668 0
7958 52
8016 52
8156 0
8233 77
8237 52
8541 0
8581 51
8586 0
8624 51
8718 0
8993 51
9015 0
9055 52
9137 0
9177 81
9292 0
9494 51
9520 0
9560 51
9706 51
9734 0
9918 81
9943 77
59 events for 6
10 55
19 0
147 55
221 55
314 0
689 55
847 0
1269 55
1604 0
1875 65
1893 0
2072 65
2684 55
2875 0
3012 65
3074 0
3277 65
3312 0
3390 55
3465 55
3590 0
3974 65
4042 0
4158 65
4412 0
4561 65
4737 0
4846 65
4858 0
4911 55
4931 0
5036 65
5083 0
5145 65
5394 0
5560 55
5682 55
5726 0
6065 65
6362 0
6442 65
6965 0
7059 65
7062 55
7180 0
7245 65
7437 0
7549 55
7622 65
7691 0
7906 55
7978 55
8052 0
8197 55
8815 0
9023 55
9242 0
9293 65
9322 0
16 events for 7
412 65
1053 65
1312 0
1941 65
3414 0
4079 65
4520 0
5865 68
6056 0
6108 65
6564 0
6989 62
7582 0
7611 68
7673 0
9735 62
