16 buffers
168434 20680
189796 34695
274287 46915
408544 73675
160812 14943
126149 19155
180090 21296
236608 37282
457644 86253
151445 23518
202834 4841
145312 9286
310443 38597
258269 33275
225395 35642
132620 7814
4 downlinks
0 375 2500 663
1 2875 5000 473
2 5375 7500 563
3 7875 10000 532
86 events for 0
334 42
574 0
660 22
663 23
788 0
809 42
862 0
983 43
1001 0
1114 48
1188 0
1237 42
1394 0
1650 23
1882 48
1901 0
2048 48
2059 0
2090 13
2113 0
2212 48
2215 0
2424 48
2593 43
2796 0
2836 24
2934 0
2957 22
3038 24
3188 0
3190 13
3224 0
3430 42
3493 0
3507 13
3529 0
3547 13
3578 0
3719 23
3907 43
4466 0
4718 48
4725 0
4768 13
4801 43
4898 42
5158 0
5252 42
5293 43
5459 0
5537 13
5601 42
5609 0
5791 48
6126 0
6253 42
6350 0
6365 43
6552 0
6639 24
6736 0
7051 13
7142 0
7145 13
7163 22
7208 0
7212 13
7241 0
7268 42
7348 22
7510 24
7530 0
7738 24
7754 0
7768 23
7985 0
8254 42
8801 22
8848 0
8899 43
9028 0
9337 48
9463 0
9672 24
9768 23
9958 0
28 events for 1
335 43
554 43
559 0
825 43
1524 0
1937 43
2016 0
2307 43
3903 0
4120 42
4949 0
5591 43
5959 43
6079 0
6210 43
6345 0
7055 42
7247 0
7319 43
7741 0
7894 42
8418 0
8652 42
8858 0
8960 42
9054 0
9617 43
9952 0
55 events for 2
86 60
188 92
740 0
1087 93
1410 0
2153 93
2189 79
2284 0
2462 79
2671 63
2755 0
3063 79
3300 0
3353 60
3703 92
3740 0
3937 92
4037 92
4260 0
4352 79
4519 93
4942 0
5373 63
5763 0
5785 60
6281 0
6331 93
6451 92
6694 0
6754 93
6831 88
6845 0
7045 79
7162 0
7463 88
7768 0
7771 88
7776 0
7947 92
7960 0
8035 60
8104 63
8340 92
8608 0
8880 88
9035 0
9102 60
9104 0
9212 92
9235 0
9299 93
9464 0
9489 88
9512 92
9986 0
70 events for 3
5 71
357 0
412 71
792 0
816 68
818 0
869 71
903 71
1088 0
1610 68
1823 0
1925 68
1956 0
2128 68
2215 0
2356 68
2669 71
2735 71
2796 71
2859 0
3193 68
3260 0
3318 71
3498 0
3555 68
3772 0
3850 68
3961 0
4354 71
4475 0
4511 71
4534 0
4608 68
4622 68
4771 0
4839 71
4873 71
4876 71
5064 0
5172 68
5269 68
5342 0
5380 68
5684 0
5747 71
5808 0
5845 71
6004 0
6109 68
6310 68
6815 0
7178 71
7179 71
7698 0
7730 68
7800 68
7829 0
7891 68
7916 0
7986 71
8124 0
8166 68
8205 0
8336 71
8501 0
8593 68
9556 68
9621 0
9706 71
9900 0
20 events for 4
1722 60
1932 0
2130 55
2493 0
2715 57
3001 0
3502 55
3683 0
4237 55
4627 0
6426 57
6471 0
6839 55
7486 0
7897 57
8063 0
8251 57
8560 57
8675 60
9673 0
34 events for 5
146 25
286 28
743 0
1009 25
1167 0
1177 27
1334 27
1655 0
2506 27
3200 0
3641 25
3946 28
3961 0
4021 25
4143 0
4201 25
4218 25
5056 0
5478 25
5703 0
5710 25
5783 0
5948 27
6475 0
6585 25
7111 0
7411 25
7771 0
7860 27
9141 27
9392 0
9404 27
9428 0
9997 27
99 events for 6
3 52
136 40
175 0
514 40
543 52
567 52
770 0
843 52
878 0
1079 52
1081 0
1087 52
1149 0
1464 52
1803 52
2058 0
2094 40
2114 0
2235 52
2335 0
2413 52
2549 0
2621 52
3081 0
3125 52
3175 0
3186 52
3293 0
3337 40
3475 40
3501 52
3637 0
3859 52
4058 52
4147 0
4177 52
4328 52
4504 0
4531 40
4582 40
4611 0
4614 40
4622 0
4669 40
4857 52
5002 0
5141 52
5143 0
5503 40
5505 52
5525 0
5532 52
5597 52
5920 40
5986 0
6159 52
6238 52
6247 52
6401 0
6616 40
6668 0
6743 40
6745 52
6797 0
6897 52
6967 0
7031 52
7081 52
7295 0
7393 52
7494 0
7557 40
7598 40
7888 0
8095 40
8110 40
8238 0
8316 40
8402 0
8415 40
8436 52
8450 0
8489 40
8516 52
8566 52
8590 40
8608 52
8742 52
8835 0
8837 52
9074 0
9191 40
9221 52
9392 0
9731 52
9746 40
9778 0
9792 40
9997 0
73 events for 7
50 61
174 0
440 61
491 0
954 61
961 59
1026 0
1200 59
1602 0
1644 59
1765 61
1784 0
1819 61
1837 0
1841 59
1990 0
2024 56
2299 0
2304 61
2338 0
2451 61
2456 0
2480 61
2739 0
2836 61
3105 61
3135 0
3205 59
3521 0
3618 59
3926 0
4068 61
4102 59
4131 56
4326 61
4377 0
4470 59
4714 0
4736 56
4835 0
4841 59
5115 0
5169 59
5177 0
5200 59
5262 0
5659 61
5774 0
5843 59
5908 59
6118 0
6641 56
6772 0
6867 56
6916 0
6940 61
7284 0
7342 61
7575 0
7811 59
7967 0
8021 61
8157 61
8230 0
8349 56
8660 61
8886 0
9115 61
9306 0
9346 61
9625 0
9909 56
9973 0
14 events for 8
43 64
95 64
163 64
1366 0
1496 64
2306 64
2561 0
4032 64
5196 64
7098 64
8086 64
8310 0
8602 64
8755 64
38 events for 9
22 57
221 46
547 61
703 0
938 61
1108 0
1272 16
1325 0
1613 16
2170 0
2796 46
3193 46
3475 0
4181 46
4390 57
4568 0
4617 46
4897 0
4940 57
5728 0
5830 16
6437 57
6504 0
6751 46
6770 0
6771 16
7229 0
7231 46
7241 0
7264 46
7792 0
8074 46
8111 0
8337 46
8746 0
9035 57
9084 0
9752 16
27 events for 10
764 46
1392 0
1423 58
1555 0
1619 58
1841 0
2112 58
3163 0
3438 44
3476 44
3882 0
4375 46
4508 58
5407 0
5495 33
6104 0
6353 46
6478 0
6953 44
7049 0
7094 33
7141 0
7345 33
7679 33
8748 0
9514 46
9866 0
30 events for 11
723 44
1249 0
1838 18
2326 0
2572 18
3954 0
4124 57
4525 57
4610 44
4900 57
5334 0
5947 57
6250 0
6295 18
6368 0
6494 44
6622 0
6748 18
7019 0
7280 57
7489 0
7813 18
7837 0
8023 57
8088 0
8136 57
8199 18
8515 0
9084 57
9527 0
16 events for 12
475 68
569 0
1104 71
2749 74
3371 63
3971 65
4168 0
4736 68
4803 0
5225 65
6242 0
7244 61
7314 65
7532 0
8222 74
9189 0
43 events for 13
104 52
143 0
227 53
305 44
893 0
916 53
1249 0
1587 52
1687 0
1837 44
2252 52
2306 0
2421 44
2807 0
3055 47
3741 0
3801 44
3847 0
4065 52
4207 0
4863 44
4891 53
5352 0
5458 47
5611 0
5724 47
6231 0
6661 47
7027 44
7038 0
7299 52
7764 0
8013 44
8163 0
8235 47
8436 0
8640 47
8928 53
9412 44
9497 0
9535 52
9679 0
9793 52
29 events for 14
330 54
687 0
1060 54
1244 0
1435 54
1443 54
1825 54
2005 0
2187 57
2242 0
2740 55
3144 0
3244 59
3606 0
4491 55
4494 0
5095 55
5184 0
5785 54
6355 47
6547 0
6816 54
6898 0
7288 47
8566 0
8705 59
8866 0
9380 54
9731 0
93 events for 15
330 45
399 0
505 37
616 0
638 56
711 45
766 31
868 0
902 37
1231 31
1286 0
1380 56
1562 37
1586 0
1600 42
1626 0
1712 45
1758 0
1984 56
2082 0
2277 45
2436 0
2657 37
2683 0
2756 37
2792 0
3153 37
3167 0
3463 42
3501 0
3628 45
3746 0
3765 31
3997 42
4008 0
4174 56
4364 45
4384 0
4441 37
4691 0
4795 45
5240 0
5290 56
5474 45
5521 0
5689 56
5696 37
5904 0
6083 37
6114 0
6284 31
6384 0
6386 45
6506 0
6526 42
6539 0
6553 56
6639 0
6697 56
6733 31
6797 0
7095 31
7168 0
7325 37
7370 0
7723 42
7783 31
7844 45
7881 0
8005 45
8120 0
8124 31
8181 0
8236 42
8301 0
8363 37
8364 0
8429 45
8545 0
8834 42
8896 0
8966 37
9109 0
9141 45
9224 0
9515 37
9561 56
9673 0
9717 56
9799 0
9821 37
9834 31
9985 0
