16 buffers
201324 25176
355017 18617
171807 22775
380396 45100
231572 29934
98884 475
211796 18131
395397 34946
306208 39785
248367 31791
113790 14984
126496 1325
167055 3588
403804 58211
391425 23627
111726 767
4 downlinks
0 375 2500 682
1 2875 5000 635
2 5375 7500 667
3 7875 10000 685
76 events for 0
50 43
126 0
194 43
229 0
336 44
634 43
723 0
790 43
903 43
955 43
1054 44
1135 0
1185 43
1348 0
1605 48
1978 0
1991 45
2130 0
2350 43
2357 0
2371 43
2479 43
2730 0
2769 48
2857 0
3011 43
3018 45
3153 0
3223 44
3398 0
3432 44
3478 43
3535 43
3643 0
3658 43
3754 0
3767 48
3932 0
4157 43
4165 0
4469 45
4555 0
5059 43
5213 0
5342 45
5370 0
5613 43
5853 45
5996 0
6056 48
6060 0
6307 44
6345 0
6402 45
6517 0
6542 43
6548 0
6717 48
6952 48
7082 0
7252 48
7714 0
7992 45
8172 0
8498 45
8955 0
9066 48
9246 0
9333 44
9418 0
9477 43
9613 45
9791 48
9876 0
9987 48
9988 43
60 events for 1
335 82
445 82
617 0
937 82
989 0
1440 82
1534 0
1762 82
1883 0
1950 82
2062 82
2293 0
2687 82
2705 82
2792 0
3258 82
3372 0
3445 82
3728 82
3732 0
3816 82
4178 0
4332 82
4411 0
4496 82
4501 0
4559 82
4648 0
4653 82
4674 82
4824 82
4847 82
5023 0
5535 82
5659 0
5789 82
6229 82
6503 0
6562 82
6762 0
6789 82
6861 0
7021 82
7083 0
7099 82
7191 0
7282 82
7478 0
8135 82
8406 0
8614 82
8649 0
8886 82
8897 0
9363 82
9461 82
9524 0
9564 82
9601 0
9603 82
76 events for 2
30 50
83 51
243 0
266 51
357 51
687 0
755 50
766 49
786 0
1316 53
1383 52
1761 0
1800 49
1869 0
1879 52
2009 0
2373 50
2488 52
2659 0
2663 51
2911 53
3023 0
3046 53
3587 0
3661 51
3745 0
3762 53
4084 0
4251 53
4306 50
4465 50
4497 0
4822 52
4876 49
4899 0
4976 50
5007 53
5012 0
5745 51
5816 0
5842 52
5871 0
5914 51
6025 0
6035 49
6081 50
6138 0
6256 52
6339 0
6537 49
6609 0
6634 52
6786 0
6924 52
6998 0
7267 52
7288 0
7320 51
7374 49
7401 53
7510 0
8002 51
8005 51
8137 51
8754 51
8756 0
8773 53
8778 0
8961 49
9036 0
9043 49
9113 0
9490 53
9621 0
9938 51
9978 0
34 events for 3
44 90
220 0
324 90
632 0
651 90
1530 0
1661 90
1777 0
1835 90
1840 90
1848 0
2015 90
2494 0
2708 90
2869 0
2982 88
3339 0
3589 88
4062 90
5028 0
5777 88
5991 90
6171 90
6213 0
6405 91
6711 0
6857 88
7536 0
7663 91
7883 0
8360 90
9362 88
9635 0
9943 90
61 events for 4
76 44
124 41
282 0
303 41
335 0
432 36
899 39
1215 0
1371 43
1484 0
1508 44
2057 36
2064 0
2126 41
2371 0
2405 41
2573 39
2964 41
2987 0
2996 41
3251 0
3342 44
3366 0
3434 44
3528 0
3796 41
3865 43
3922 0
3995 36
4922 0
5000 43
5587 41
5639 0
5660 41
5792 41
6255 0
6315 39
6652 0
6722 36
6751 0
6778 36
7187 0
7240 41
7263 41
7343 0
7463 44
7694 0
7711 39
7789 39
8025 36
8527 0
8586 36
8601 0
8979 41
9206 0
9252 36
9342 0
9465 36
9538 0
9812 41
9974 44
91 events for 5
74 31
300 0
318 31
867 0
1001 31
1074 0
1208 31
1408 0
1418 31
1518 0
1527 31
1661 0
1681 31
1820 0
1884 31
1938 31
1955 0
2033 31
2079 31
2368 0
2731 31
3022 0
3031 31
3039 0
3297 31
3330 0
3378 31
3554 31
3607 0
3876 31
3952 0
3996 31
4131 0
4167 31
4188 31
4254 0
4300 31
4307 0
4375 31
4580 0
4651 31
4725 0
4965 31
4966 31
5269 0
5460 31
5631 31
5688 0
5913 31
6018 0
6070 31
6103 31
6160 0
6292 31
6300 0
6339 31
6392 31
6463 31
6527 0
6832 31
6853 0
6937 31
7054 31
7216 31
7324 0
7418 31
7702 0
7782 31
7793 0
7878 31
7986 0
7993 31
8067 0
8085 31
8154 0
8319 31
8351 31
8385 0
8837 31
8855 0
8860 31
8906 0
8989 31
9180 31
9234 0
9248 31
9306 0
9364 31
9657 0
9687 31
9714 0
38 events for 6
399 70
475 0
892 60
939 0
958 24
1092 0
1169 83
1389 60
1582 0
2426 60
2817 0
3026 82
3849 76
4241 0
4507 18
4652 24
5073 0
5081 76
5239 0
5322 83
5358 0
5522 82
5675 0
5683 83
5792 60
6309 0
6369 60
6544 0
7021 18
7346 53
7413 24
7976 0
8632 76
8671 0
8962 18
9063 0
9388 53
9436 0
32 events for 7
185 75
552 0
729 85
1691 71
1926 0
1927 86
2407 0
2467 71
2688 67
2820 0
2850 78
2908 0
3093 71
3147 75
3520 0
3925 75
4172 78
4293 0
4605 71
4658 0
5536 67
5600 0
5669 67
6275 0
7443 67
7486 0
7513 67
8380 67
8775 0
9147 85
9296 0
9925 67
96 events for 8
31 63
153 48
310 71
311 63
369 42
544 0
703 71
939 0
967 71
1300 0
1396 63
1926 0
2135 63
2287 0
2319 63
2331 0
2533 71
2588 0
2650 92
2705 0
2743 63
2771 0
2827 71
2909 0
2927 48
3125 0
3187 92
3305 42
3334 71
3366 0
3551 71
3570 0
3638 71
3675 0
3786 71
3962 0
4265 71
4333 0
4449 92
4485 0
4555 92
4790 0
4846 71
4851 0
5068 71
5233 0
5274 71
5283 63
5296 48
5462 0
5555 48
5579 0
5585 63
5916 0
5958 42
6000 0
6047 92
6070 0
6136 92
6142 71
6265 0
6449 48
6653 63
6677 71
6776 0
6889 71
6927 92
7058 63
7119 0
7460 92
7604 92
7612 48
7628 0
7932 63
8028 0
8046 42
8090 63
8123 0
8173 63
8175 0
8314 42
8645 0
8749 71
8790 63
9037 48
9127 0
9134 92
9289 0
9329 71
9397 0
9422 63
9493 71
9613 0
9754 71
9759 0
9960 63
38 events for 9
455 71
585 0
776 71
864 0
1039 71
1047 0
1240 71
1396 0
1405 71
1668 0
2055 71
2350 0
3029 71
3129 0
4236 71
4421 0
4502 71
4552 71
4556 0
4821 71
5165 0
6188 71
7192 71
7279 0
7493 71
7603 0
8128 71
8249 71
8672 0
8722 71
8823 0
8897 71
8960 0
9332 71
9366 0
9462 71
9545 0
9729 71
45 events for 10
34 24
53 0
342 24
577 21
639 0
936 28
1066 24
1463 28
1483 33
1561 0
1575 24
1641 28
2239 0
2284 28
2480 21
2488 0
2774 21
2847 22
2943 24
3219 21
3228 0
3386 22
3701 0
3766 24
3952 0
4148 28
4694 0
5095 22
6298 24
6703 0
6775 21
6918 28
7033 0
7409 22
7447 24
7506 0
7821 34
8441 0
8444 24
8887 0
8894 24
9204 0
9371 24
9798 0
9958 33
45 events for 11
14 31
269 0
623 37
952 32
966 0
1084 37
1211 0
1690 32
1742 0
1957 37
2319 0
2350 32
2364 31
3023 0
3198 44
3309 0
3501 31
4078 0
4087 32
4163 48
4169 0
4466 44
5221 0
5557 44
6043 37
6052 0
6147 31
6288 0
6317 48
6398 0
6526 44
6824 0
6864 32
6944 44
7047 0
7159 44
7711 0
7778 37
8304 0
8431 48
8467 0
9094 44
9597 0
9608 32
9690 0
17 events for 12
1260 76
1689 68
2873 68
2946 0
3848 34
4698 0
5063 58
5245 68
6051 0
6324 34
7016 0
7550 76
7566 0
7987 34
8402 0
8532 76
8748 0
98 events for 13
34 51
127 0
135 51
164 0
172 57
216 0
247 55
254 0
352 57
413 51
558 51
606 51
793 51
840 0
986 69
1080 0
1212 51
1225 0
1245 51
1373 0
1487 57
1618 55
1653 67
1762 0
1931 51
2321 0
2405 69
2514 0
2635 55
2711 0
2827 67
2860 73
2985 0
3063 69
3138 0
3237 55
3246 0
3318 67
3599 0
3654 51
3672 0
3677 51
3742 0
3848 57
3876 73
4564 51
4631 55
4791 0
4938 73
5155 55
5260 69
5536 51
5620 69
5723 55
5766 0
5877 57
5897 55
6237 0
6329 51
6486 51
6633 0
6786 55
6891 0
6915 51
7106 51
7245 0
7262 67
7289 51
7302 73
7483 0
7496 67
7497 0
7501 51
7560 0
7570 55
7575 67
7717 55
7754 0
7755 69
8139 0
8146 55
8302 0
8422 69
8549 0
8642 57
8734 0
8768 67
8886 73
8910 0
9183 67
9200 0
9457 51
9563 0
9603 51
9668 51
9847 0
9895 51
9943 0
28 events for 14
163 85
426 0
1306 64
1390 0
1510 85
2812 0
2867 78
3032 0
3367 71
3645 0
4203 78
4455 0
4606 58
5428 0
5722 69
6237 85
6535 0
6720 69
6848 0
7456 84
7549 0
8024 78
8218 85
9152 0
9282 78
9589 69
9950 0
9999 58
94 events for 15
26 20
253 0
485 20
619 0
665 20
701 20
920 20
1223 0
1351 20
1369 0
1445 20
1490 20
1500 20
1570 20
1608 0
1690 20
1698 0
1712 20
1929 0
2001 20
2012 0
2033 20
2062 20
2340 0
2367 20
2580 0
2620 20
2747 0
2865 20
2959 20
3128 0
3139 20
3359 0
3479 20
3677 20
3686 20
3760 0
3843 20
4055 0
4088 20
4157 20
4545 0
4622 20
4782 0
4941 20
4947 0
4987 20
4994 0
5024 20
5033 0
5213 20
5587 0
5619 20
5623 20
5819 0
6025 20
6028 0
6066 20
6301 0
6403 20
6531 20
6621 0
6713 20
6838 0
6980 20
7073 0
7074 20
7102 20
7124 20
7139 20
7299 0
7662 20
8008 0
8023 20
8074 0
8194 20
8243 0
8290 20
8345 0
8885 20
8925 0
8955 20
8984 0
8994 20
9081 20
9155 0
9176 20
9353 0
9508 20
9670 20
9698 0
9768 20
9780 0
9836 20
