8 buffers
77957 3497
81087 7407
70367 5988
119033 11887
118694 22135
63918 10083
27889 3882
61384 2092
12 downlinks
0 125 833 293
1 958 1666 254
2 1791 2499 257
3 2624 3332 256
4 3457 4165 248
5 4290 4998 336
6 5123 5831 321
7 5956 6664 287
8 6789 7497 323
9 7622 8330 261
10 8455 9163 257
11 9288 9996 248
89 events for 0
9 52
31 0
52 55
123 0
181 52
265 0
345 55
392 62
419 55
665 52
716 62
840 0
891 55
947 0
1043 62
1187 0
1227 55
1261 52
1444 0
1525 62
1573 0
1764 55
1804 0
1954 55
1988 55
2008 0
2012 55
2099 0
2343 52
2362 52
2388 55
2443 0
2480 55
2621 52
3064 0
3074 62
3260 0
3371 55
3376 0
3532 52
3678 0
3758 52
3782 55
3866 0
3928 55
3961 0
4107 62
4204 0
4343 62
4792 0
4842 52
4932 0
5225 55
5265 55
5442 0
5554 55
6010 0
6204 62
6238 0
6360 52
6388 0
6630 55
6726 0
6926 55
7245 52
7353 52
7690 62
7765 0
7833 52
8122 55
8156 0
8286 62
8385 0
8527 52
8844 62
8941 0
8980 55
9105 62
9158 0
9285 52
9335 52
9468 0
9498 52
9616 0
9739 55
9834 55
9860 0
9943 55
9983 0
42 events for 1
221 49
678 0
915 45
1075 48
1217 45
1594 0
1614 45
1791 0
1834 49
1866 48
2343 0
2474 49
2523 45
2692 0
3505 49
3643 0
3739 48
3972 0
4184 49
4317 0
4454 45
5232 45
6276 48
6376 0
6410 49
6881 0
6917 48
7389 0
7472 49
7645 49
7739 0
8383 49
8590 48
8670 0
8757 48
9062 0
9180 45
9462 0
9695 49
9770 0
9849 47
9881 47
73 events for 2
32 67
37 59
139 0
343 43
530 0
950 56
983 0
1167 59
1178 43
1310 56
1410 0
1693 43
2308 59
2334 43
2524 59
2526 0
2544 59
2578 0
3150 59
3259 0
3545 56
3604 0
3626 56
3630 0
3970 56
4263 0
4411 67
4544 0
4605 67
4638 43
4851 0
5015 56
5443 0
5590 43
5611 0
5784 56
5934 0
6061 67
6111 0
6132 67
6327 0
6347 67
6649 0
6865 67
6930 56
6950 0
7026 56
7135 0
7217 43
7369 43
7405 0
7525 56
7626 0
7911 56
8039 67
8088 0
8208 43
8240 0
8315 67
8320 0
8369 43
8418 0
8490 67
8804 43
8973 0
9151 43
9162 0
9182 43
9218 0
9275 56
9306 67
9747 0
9813 43
23 events for 3
125 66
765 0
1025 64
1080 0
1643 66
1731 0
2664 72
4299 0
4311 72
4521 84
4528 0
4840 50
4886 0
5339 76
5797 84
5910 0
5982 84
6439 0
7365 64
7739 0
8543 66
8956 0
9282 84
46 events for 4
298 87
792 89
850 0
910 87
970 87
1242 0
1255 87
1515 0
1603 84
1621 86
2041 0
2694 89
2800 87
2882 87
2884 0
3198 87
3421 0
3523 84
3845 0
4641 87
4698 0
4751 89
5007 0
5158 84
5196 86
5204 0
5351 87
5759 0
5780 87
6310 0
6364 86
6610 86
6633 0
6729 84
6738 84
6901 0
7175 89
7389 0
7508 86
7526 0
8330 86
8679 0
9103 86
9704 0
9725 87
9796 0
96 events for 5
71 37
116 0
121 65
214 65
238 0
245 46
298 37
447 0
469 65
482 0
500 63
533 0
661 58
697 0
797 46
1044 65
1201 41
1205 0
1236 41
1426 0
1453 58
1657 0
1822 63
2027 0
2091 41
2173 0
2188 63
2433 0
2591 65
2627 65
2967 0
3109 37
3132 46
3156 0
3317 58
3339 0
3442 65
3473 46
3527 65
3737 0
3827 58
3887 58
3888 0
3934 41
3935 41
4367 0
4400 41
4559 0
4574 46
4821 0
4852 37
4920 0
5043 65
5050 37
5175 0
5251 41
5364 0
5449 46
5471 46
5735 37
5837 0
5899 63
5971 0
6215 46
6462 65
6516 58
6556 0
6632 65
6739 0
7034 58
7053 0
7165 63
7362 0
7403 41
7553 0
7568 46
7748 0
7816 63
8051 0
8052 63
8415 0
8480 41
8482 37
8490 0
8520 46
8535 0
8552 58
8561 0
8602 46
8964 0
9027 41
9226 0
9305 46
9452 58
9516 0
9844 46
49 events for 6
44 32
96 0
188 25
451 0
558 30
871 0
886 27
1541 32
1562 0
1626 32
1749 0
1842 25
2082 0
2122 25
2167 0
2779 25
2963 24
3121 0
3585 24
3653 25
3726 0
3882 25
4125 0
4564 25
4962 0
5350 27
6166 27
6213 0
6253 30
6301 32
6444 27
6554 0
6622 32
6721 30
6751 27
6895 32
6954 0
7125 27
7257 0
7791 32
7961 0
8789 32
9014 0
9264 27
9316 0
9347 32
9493 25
9683 0
9967 30
36 events for 7
661 64
1083 0
1680 63
1957 63
2145 63
2695 0
3302 63
3475 0
3894 64
3992 64
3996 0
4023 64
4186 0
4404 63
4590 0
4643 63
4692 63
5167 0
5534 63
5910 63
5997 0
6277 63
6293 0
6427 63
6997 0
7201 63
7722 0
8025 64
8078 0
8102 63
8304 0
8455 63
8851 0
8997 64
9556 0
9988 64
