4 buffers
47999 8341
61175 4589
58810 6044
129585 7924
12 downlinks
0 125 833 135
1 958 1666 140
2 1791 2499 174
3 2624 3332 165
4 3457 4165 148
5 4290 4998 164
6 5123 5831 167
7 5956 6664 164
8 6789 7497 159
9 7622 8330 182
10 8455 9163 150
11 9288 9996 140
32 events for 0
378 50
1182 0
1235 54
1359 50
2123 0
2338 52
2585 43
2904 0
3199 50
3222 0
3984 54
4438 38
4478 0
6295 50
6413 0
6603 50
6791 0
6820 44
7121 44
7718 0
7775 50
7893 52
8577 0
8732 38
8785 0
8949 43
9175 50
9466 0
9636 50
9664 0
9814 43
9924 0
29 events for 1
599 76
1091 0
1622 77
1706 0
1823 76
2327 0
3640 77
3824 75
4210 81
4438 0
4997 78
5055 0
5213 74
5785 0
5908 81
6228 0
6490 75
6648 0
6976 81
6992 0
7265 81
7373 0
7956 78
7980 0
8604 74
8961 0
9208 78
9225 74
9957 76
92 events for 2
3 35
18 0
29 35
262 0
272 35
373 0
392 35
419 35
451 0
572 36
678 0
1157 35
1516 0
1639 35
1651 0
1765 36
1817 0
1838 36
1941 35
2212 0
2215 36
2324 0
2344 35
2378 0
2398 35
2552 0
2631 36
2751 0
2902 36
3244 0
3250 35
3662 0
3669 35
3795 0
3965 36
4151 0
4156 36
4175 0
4249 36
4294 0
4631 35
4710 0
4713 35
4850 0
5073 35
5207 0
5247 35
5327 0
5475 35
5563 0
5594 35
5610 36
5628 35
5633 0
5887 36
6156 36
6304 0
6360 36
6599 0
6662 36
6795 35
6969 0
6989 35
7343 0
7552 35
7605 0
7675 36
8020 0
8030 35
8236 0
8398 36
8407 0
8613 36
8679 35
8815 0
8819 36
8902 36
8999 0
9032 35
9062 35
9152 35
9337 0
9341 35
9394 36
9570 0
9584 35
9686 0
9688 35
9775 0
9837 36
9861 0
9868 35
59 events for 3
623 92
694 0
764 92
781 0
881 92
941 92
1159 0
1448 92
1536 0
2137 92
2273 0
2289 92
2577 0
2676 92
2685 0
3052 92
3174 0
3496 92
3583 92
3976 0
4055 92
4171 0
4368 92
4424 92
4561 0
4573 92
5115 0
5271 92
5338 0
5503 92
5616 0
5765 92
5783 0
5787 92
5990 92
6559 0
6648 92
7085 0
7129 92
7259 0
7276 92
7444 0
7659 92
7804 0
7826 92
8032 0
8106 92
8370 0
8514 92
8618 92
8757 0
8803 92
8858 0
8983 92
9338 0
9358 92
9854 0
9955 92
9993 92
