4 buffers
41261 7513
38368 3989
34978 2374
58281 10707
16 downlinks
0 94 625 122
1 719 1250 139
2 1344 1875 116
3 1969 2500 115
4 2594 3125 132
5 3219 3750 121
6 3844 4375 114
7 4469 5000 153
8 5094 5625 141
9 5719 6250 142
10 6344 6875 143
11 6969 7500 123
12 7594 8125 140
13 8219 8750 117
14 8844 9375 150
15 9469 10000 151
69 events for 0
188 52
218 65
222 0
248 57
268 64
388 0
568 54
636 57
732 0
870 53
997 47
1008 52
1206 0
1207 65
1351 52
1385 0
1423 54
1437 0
1442 54
1566 0
1956 54
2357 57
2436 0
2567 48
2693 65
3298 53
3494 0
4050 64
4137 47
4296 0
4378 48
4574 0
4651 64
4905 0
4981 46
5241 0
5577 58
5808 53
5868 0
5928 53
6112 0
6116 46
6122 54
6227 0
6597 64
6655 0
6771 57
6812 64
6869 0
7079 57
7406 0
7579 46
7662 53
7716 52
7736 0
8086 46
8116 52
8231 53
8248 0
8717 65
8730 0
8829 47
9089 0
9188 54
9550 0
9766 58
9800 0
9940 58
9999 0
57 events for 1
8 28
665 0
829 28
894 49
1362 0
1510 49
1523 28
1539 0
1809 49
1875 28
1880 0
2033 49
2110 49
2254 0
2288 28
2413 28
2463 0
2502 49
2602 0
3302 28
3393 0
3714 28
3788 0
3930 49
4190 0
4227 49
4560 28
4583 0
4643 28
4779 28
4788 0
4899 49
4922 0
5254 49
5449 0
5621 49
5649 0
6095 49
7023 0
7265 28
7648 0
7895 49
8074 0
8181 28
8405 0
8656 28
8782 0
9049 28
9233 49
9339 0
9533 28
9736 0
9742 28
9763 0
9790 49
9883 0
9914 49
12 events for 2
35 24
332 0
544 26
1078 0
2367 32
3653 0
3668 29
5595 0
5723 29
5854 31
9527 0
9994 26
23 events for 3
17 42
602 42
1594 0
1620 42
2655 0
2656 42
3030 0
3136 42
3377 0
3518 42
4428 0
4763 42
5451 0
6226 42
6749 42
6985 0
7145 42
7272 0
7358 42
7405 42
9029 42
9409 0
9640 42
