8 buffers
227526 32252
258853 43003
408434 4053
228271 28046
304404 51757
142568 22434
445271 55269
284817 42072
4 downlinks
0 375 2500 358
1 2875 5000 344
2 5375 7500 291
3 7875 10000 335
78 events for 0
77 22
160 22
173 22
218 0
444 55
951 0
966 47
1058 0
1269 47
1398 0
1576 47
1689 0
1887 22
1926 47
1943 0
1960 53
2177 0
2286 47
2423 0
2458 47
2549 0
2838 55
2886 0
2951 22
3031 55
3211 0
3219 25
3548 0
3716 53
3734 49
3867 0
3921 49
4154 0
4245 49
4509 0
4697 65
4809 0
4970 25
5001 47
5371 0
5432 22
5480 25
5566 55
5656 55
6272 47
6518 0
6551 65
6821 0
6926 65
7117 0
7221 55
7422 47
7586 0
7849 47
7970 0
8010 53
8022 0
8111 55
8235 55
8242 0
8312 53
8331 0
8370 49
8382 0
8411 55
8491 55
8584 0
8718 22
8734 0
8912 49
8951 0
9278 49
9309 0
9605 53
9645 0
9667 47
9842 47
9933 0
85 events for 1
43 89
77 68
362 0
456 54
736 0
759 84
781 0
981 54
1037 0
1159 76
1257 0
1262 64
1453 0
1596 89
1767 84
1874 0
2164 25
2170 69
2230 0
2270 25
2351 0
2425 54
2550 76
2845 0
2925 25
3092 0
3105 89
3483 0
3487 69
3566 0
3775 89
3832 0
4113 69
4397 0
4485 69
4587 0
4641 84
4648 0
4649 89
4731 0
4784 54
4848 84
5081 0
5288 25
5510 0
5517 68
5556 0
5720 68
5768 0
5957 68
6122 0
6175 69
6245 25
6387 25
6478 76
6491 0
6684 69
6790 0
6797 54
6970 0
7100 64
7149 0
7248 68
7413 0
7419 54
7568 0
7925 64
8094 0
8182 69
8325 0
8361 76
8444 0
8451 64
8704 68
9010 0
9106 69
9168 69
9205 68
9374 0
9481 76
9558 0
9623 54
9660 0
9684 54
9748 0
63 events for 2
111 92
197 0
223 93
416 0
1019 92
1090 0
1406 92
1757 92
1903 93
2125 0
2140 92
2223 92
2301 0
2362 93
2479 0
2533 92
2606 0
2716 92
2826 0
2875 92
2933 0
3179 93
3419 0
4246 92
4480 92
4494 0
4806 92
5000 0
5165 93
5181 0
5265 93
5353 0
5399 93
5503 0
5608 93
6183 93
6249 0
6293 93
6574 0
6636 92
6655 0
6665 93
6754 92
6767 0
6859 93
6993 0
7163 92
7235 0
8037 93
8054 0
8141 92
8234 92
8251 0
8594 92
8861 0
8881 93
9236 92
9278 0
9297 92
9459 0
9522 92
9589 0
9745 93
47 events for 3
583 53
1581 0
1653 49
1661 0
1689 53
1972 0
2255 49
2293 53
2473 0
2561 40
2636 42
2714 40
2777 0
3117 54
3146 53
3445 0
3550 40
3695 0
4376 49
4387 0
4879 53
5056 0
5221 40
5547 0
5573 40
5704 0
6017 40
6103 0
6273 49
6419 0
6829 49
6860 0
6926 53
7026 0
7044 54
7320 0
7560 49
7873 0
7926 53
7952 0
7976 53
8358 0
8642 40
8735 53
9490 0
9661 54
9878 49
59 events for 4
231 79
381 79
449 0
506 75
694 0
820 77
912 0
1004 77
1130 0
1369 75
1400 0
1450 79
1524 0
1620 77
1694 0
1911 79
2154 75
2426 0
2718 78
2775 0
2869 77
3228 0
3883 79
4190 0
4293 75
4367 79
4575 0
4910 76
4982 0
5111 79
5617 0
5867 75
5914 77
6000 0
6002 79
6210 77
6498 0
6708 76
6831 0
6951 76
6987 0
6997 79
7285 0
7434 75
7722 75
7727 76
7908 0
8167 77
8545 0
8549 77
8831 79
9060 0
9075 75
9103 0
9169 77
9422 75
9442 0
9816 76
9938 0
13 events for 5
1235 44
1374 46
1589 0
3312 44
3601 0
4833 53
5681 0
6304 59
6409 44
7575 0
7705 49
8642 0
8752 49
31 events for 6
448 98
1244 80
1425 0
2035 94
2683 0
2779 99
2802 0
3445 98
3477 0
3561 99
3686 0
4027 85
4307 94
4356 0
4484 99
4614 0
4694 99
5139 0
5196 83
5231 80
6564 0
6694 99
6737 0
7491 80
7674 0
8259 98
8454 0
8632 96
9282 0
9709 96
9832 0
79 events for 7
189 69
200 81
303 0
356 81
401 0
569 82
597 82
654 79
991 72
1207 72
1209 82
1295 0
1540 65
1551 0
1785 81
1877 69
1980 69
2011 0
2218 79
2221 0
2299 72
2398 0
2478 65
2500 82
2515 0
2777 65
2858 0
3089 65
3101 0
3512 81
3675 65
3882 81
3946 0
4086 79
4185 0
4187 79
4255 65
4451 0
4565 79
4727 0
4802 65
4806 0
4809 69
4948 0
5239 79
5250 81
5255 82
5532 0
5546 82
5694 81
5701 0
6188 65
6500 0
6601 69
6763 82
6764 0
7345 82
7436 0
7459 69
7806 0
7924 69
7947 69
7989 0
8039 79
8077 0
8087 82
8197 0
8443 81
8908 0
8979 79
9050 0
9333 72
9369 0
9475 82
9500 65
9654 0
9743 69
9764 0
9812 79
