8 buffers
192338 36937
151960 25516
268431 3478
233362 35351
112012 7877
158725 13136
219225 29761
433099 65551
4 downlinks
0 375 2500 244
1 2875 5000 317
2 5375 7500 280
3 7875 10000 318
76 events for 0
1 44
4 0
13 40
229 40
242 0
323 50
403 0
636 44
661 0
748 44
752 0
792 48
1050 0
1109 48
1145 48
1219 0
1231 44
1253 0
1406 44
1735 0
1886 44
2225 0
2251 44
2342 50
2470 0
2686 50
2852 0
3187 48
3226 0
3292 44
3349 0
3536 50
3679 0
3696 44
3745 40
3975 0
4242 40
4445 0
4482 48
4530 0
4534 40
4945 0
5313 44
5320 0
5470 50
5497 44
5511 50
5612 0
5682 48
5696 0
5742 50
5777 0
5779 50
5895 44
6267 48
6340 40
6684 44
6718 40
6981 0
7212 50
7502 0
7595 40
7724 0
7872 48
7877 0
7958 50
8425 0
8471 40
8557 48
9044 40
9076 0
9161 50
9274 0
9395 50
9814 0
9965 44
80 events for 1
1 39
220 0
383 39
433 0
497 39
571 0
592 39
610 0
1218 39
1269 39
1294 39
1347 39
1393 39
1744 39
2116 39
2303 0
2343 39
2363 39
2457 0
2459 39
2498 39
2646 0
2847 39
2852 0
2898 39
2976 0
3072 39
3110 39
3138 0
3674 39
4006 39
4105 0
4260 39
4393 39
4594 0
4975 39
5032 0
5091 39
5474 0
5666 39
5679 39
5698 0
5749 39
5779 0
5781 39
5947 39
5977 0
6027 39
6197 0
6215 39
6385 0
7057 39
7068 0
7092 39
7170 0
7206 39
7312 39
7557 0
7594 39
7835 0
8029 39
8057 0
8242 39
8256 39
8297 39
8393 0
8546 39
8639 0
8854 39
8946 0
9015 39
9071 39
9149 0
9205 39
9357 0
9422 39
9473 0
9633 39
9740 39
9835 39
63 events for 2
284 75
486 0
497 64
637 0
708 56
855 76
1023 0
1149 34
1201 33
1310 0
1552 51
1637 0
1677 64
1707 33
1771 56
1819 0
2018 75
2057 0
2109 51
2326 0
2438 84
2470 0
2478 84
2734 0
2875 75
3154 34
3254 0
3330 64
3335 0
3349 34
3831 0
4125 76
4217 0
4277 76
4435 0
4482 51
4641 64
4656 0
5025 33
5146 34
5305 33
5767 0
5787 56
6142 0
6267 49
6386 0
6700 75
6769 33
6795 0
6916 84
7374 0
7778 75
7990 0
8035 33
8106 84
8327 0
8424 34
8520 75
8580 49
9018 0
9131 75
9486 0
9632 76
63 events for 3
521 33
637 0
884 31
893 0
965 50
1032 0
1037 48
1052 0
1150 33
1162 65
1263 0
1352 63
1728 0
1751 63
1932 33
2467 0
2479 48
2639 0
2707 65
2748 0
3015 26
3030 0
3062 50
3347 0
3352 65
3395 0
3653 50
3838 0
4045 50
4243 26
4488 0
4662 48
4901 0
4910 35
5229 35
5305 0
5323 31
5331 0
5642 26
5777 31
5864 0
5867 63
5998 0
6067 33
6192 0
6228 48
6474 0
6505 63
6599 35
6827 0
6863 50
7255 0
7403 31
8312 0
8340 33
8744 63
8749 0
8793 50
8990 0
9152 48
9169 0
9178 33
9261 50
86 events for 4
36 26
41 26
73 0
369 32
548 0
553 26
576 0
881 26
897 0
951 20
978 0
1121 26
1366 0
1624 20
1625 0
1819 26
1950 0
2114 32
2275 20
2286 0
2301 32
2369 0
2448 26
2553 0
2779 20
2813 0
3020 20
3086 0
3188 32
3232 32
3263 32
3356 26
3452 0
3523 26
3789 0
3818 26
3955 0
4434 20
4461 0
4511 20
4557 0
4716 20
5040 0
5088 20
5136 0
5758 26
5798 26
5944 0
5962 20
6162 0
6295 32
6325 0
6390 26
6432 0
6515 20
6617 0
6807 20
6833 20
6930 32
6936 0
7057 32
7310 32
7327 0
7372 26
7730 0
7818 20
7922 0
7978 20
8060 0
8092 32
8307 0
8374 20
8411 0
8558 26
8559 0
8599 20
8747 0
8975 32
9018 0
9022 20
9034 20
9148 20
9397 0
9408 32
9572 20
9986 0
67 events for 5
617 44
713 0
753 44
986 0
1011 44
1020 0
1098 45
1211 44
1367 0
1550 44
1682 0
1864 44
1895 44
1940 0
2053 44
2144 0
2163 44
2277 0
2385 44
2539 0
2889 44
3255 45
3274 44
3296 0
3335 44
3389 0
3391 44
3901 44
4047 0
4071 44
4153 0
4189 44
4274 44
4568 0
4602 44
4653 0
4734 44
4884 0
5101 44
5348 45
5464 0
5725 45
5794 44
6145 0
6362 44
6450 44
6487 0
6883 44
6944 0
7651 45
7839 0
7936 44
8034 0
8101 44
8236 0
8248 45
8363 0
8387 44
8531 0
8577 45
8729 0
8872 44
9138 45
9380 44
9448 0
9603 44
9775 0
18 events for 6
310 36
580 36
735 36
1206 36
1236 0
1639 36
1687 0
1981 36
2313 0
2789 36
3981 0
4608 36
4733 0
5061 36
5147 0
5949 36
6474 0
6959 36
65 events for 7
106 79
298 0
501 68
509 68
528 73
557 0
620 68
765 0
838 75
847 75
1578 0
1763 75
1866 0
1911 68
2282 0
2318 68
2502 0
2648 73
2890 0
2930 79
3277 75
3736 79
3795 0
3818 60
3951 0
4139 60
4180 0
4199 75
4222 60
4353 73
4451 0
4543 68
4617 68
4745 0
5106 75
5324 0
5450 60
5472 0
5476 68
5531 60
5598 0
5604 68
5805 0
5852 79
5918 60
6826 68
6890 75
7160 0
7237 75
7283 0
7698 68
7795 73
7798 0
7816 75
7958 0
8185 68
8466 0
8484 60
8968 0
9112 60
9215 0
9335 60
9352 73
9744 75
9875 0
