4 buffers
237710 36094
288475 13084
209138 30322
362997 22170
4 downlinks
0 375 2500 201
1 2875 5000 139
2 5375 7500 175
3 7875 10000 139
80 events for 0
126 75
147 0
348 47
498 0
602 30
847 47
1141 0
1223 47
1257 0
1291 75
1317 0
1382 30
1642 0
2009 75
2152 0
2305 30
2521 0
2536 30
2614 0
2723 47
2823 47
2870 0
2940 75
3064 0
3259 47
3459 75
3526 0
3726 47
3730 0
4051 47
4106 0
4137 30
4147 0
4373 30
4429 0
4553 47
4602 0
4898 75
5178 0
5349 47
5365 30
5437 0
5488 47
5536 0
5573 30
5642 47
5672 75
5821 0
5998 47
6010 0
6268 30
6358 0
6517 47
6734 0
6812 47
6945 30
6965 0
6979 47
7047 0
7061 30
7167 0
7300 30
7418 75
7553 47
7750 0
7784 75
7885 0
7927 75
8034 0
8077 30
8615 0
8645 47
8702 75
8835 75
9104 0
9143 30
9188 0
9503 75
9781 47
9907 0
44 events for 1
279 74
404 0
585 69
694 0
756 74
1215 0
1619 69
1731 0
2236 69
2498 0
2504 74
2755 0
2962 74
3027 0
3444 74
3661 74
4430 0
4851 69
5317 0
5680 69
5963 0
6049 69
6060 0
6226 74
6266 0
6275 69
6499 0
6528 74
6669 0
7142 69
7164 0
7236 74
7395 74
7635 0
7818 74
7853 0
8131 74
8256 69
8573 0
8890 74
9388 0
9487 69
9511 69
9525 0
73 events for 2
216 54
330 55
552 0
568 58
579 58
746 58
843 0
898 54
1041 0
1090 54
1444 0
1447 58
1555 56
1689 0
1778 54
1836 0
2092 58
2213 54
2667 0
2806 55
2850 0
2892 58
2979 0
3191 57
3228 53
3680 53
3815 0
3867 57
3990 56
4047 0
4276 54
4292 0
4302 53
4569 0
4676 58
4793 53
4906 0
4947 58
5139 55
5213 55
5331 0
5371 54
5642 0
5742 53
6225 0
6333 54
6498 58
6522 56
6564 0
6751 54
6925 0
7110 54
7226 58
7319 0
7731 53
7758 57
7792 0
7822 53
8166 56
8199 0
8218 57
8289 0
8653 53
8805 55
8852 55
8866 0
8898 53
9168 0
9291 54
9510 0
9642 57
9889 0
9919 58
76 events for 3
57 61
367 82
453 0
489 52
518 0
527 52
539 82
801 84
878 83
879 0
959 54
1227 54
1634 0
1839 84
1916 0
1945 54
1987 54
2234 0
2305 81
2504 59
2701 0
2809 59
2817 0
2962 84
3229 0
3243 60
3401 59
3405 52
3417 0
3555 61
3788 0
3895 52
4179 60
4230 0
4244 34
4354 0
4395 61
4583 82
4653 0
4664 83
4979 52
5019 0
5080 59
5183 0
5211 83
5593 34
5617 52
5677 0
5743 84
5780 0
6009 83
6072 0
6113 52
6160 0
6453 83
7067 0
7154 83
7425 59
7777 0
7788 52
7789 0
8129 54
8133 0
8280 81
8330 0
8428 61
8454 82
8571 0
8646 61
8860 61
8884 0
9493 81
9539 84
9610 0
9960 82
9966 0
