4 buffers
57179 2822
62834 4676
59401 1039
122646 1113
12 downlinks
0 125 833 141
1 958 1666 145
2 1791 2499 131
3 2624 3332 133
4 3457 4165 166
5 4290 4998 156
6 5123 5831 157
7 5956 6664 168
8 6789 7497 157
9 7622 8330 159
10 8455 9163 160
11 9288 9996 170
52 events for 0
217 51
280 0
406 36
439 0
500 36
591 0
656 51
709 0
1157 37
1476 42
1560 0
1654 37
1817 51
1863 0
1940 52
2111 0
2135 51
2278 36
2290 0
2417 52
2504 0
2694 36
3208 36
3612 0
4329 52
4398 0
4789 45
4902 0
4903 37
5027 0
5509 51
5664 0
6141 52
6172 0
6265 37
6487 0
6605 45
7073 36
7115 0
7170 52
7300 0
7309 51
7682 0
8093 51
8282 51
8852 36
8888 0
9112 42
9286 0
9314 43
9674 45
9810 43
19 events for 1
318 40
823 0
1039 36
1456 38
3190 0
4877 40
5902 0
6691 40
6909 0
6938 38
7343 35
7666 38
8375 0
8766 34
8895 38
9418 0
9460 36
9748 0
9849 40
47 events for 2
288 41
405 0
504 45
603 0
739 45
799 30
1304 30
1326 0
1706 30
2162 0
2197 58
2252 0
2275 45
2320 0
2661 50
2737 45
2759 0
2809 30
3087 0
3207 58
3366 0
3498 45
3595 45
4438 0
4758 50
4787 0
4916 30
5581 45
5588 0
5667 58
5988 0
6413 58
6556 0
6918 30
7332 0
7336 30
7648 30
7773 41
7802 0
8005 30
8342 0
8953 30
8976 0
9464 50
9521 58
9693 0
9951 50
86 events for 3
369 93
460 0
503 84
592 0
657 93
677 0
744 93
792 0
883 93
974 0
980 84
1077 0
1108 93
1128 79
1162 0
1256 93
1381 0
1383 93
1500 84
1534 84
1621 0
1780 79
2069 0
2378 84
2534 93
2570 0
2604 79
2752 0
2854 84
3209 84
3269 84
3533 79
3789 0
3836 79
3850 0
4009 93
4077 93
4155 79
4341 0
4434 79
4453 93
4543 0
4897 84
5165 79
5191 0
5211 93
5313 93
5685 0
5709 79
5711 0
6209 79
6430 0
6448 84
6558 84
6590 79
6700 0
6715 93
6795 0
6911 93
6928 0
6939 84
6948 0
6998 84
7143 0
7157 84
7378 0
7391 93
7460 0
7537 93
7556 0
7671 84
7694 0
7708 79
8137 0
8143 79
8303 93
8328 0
8478 84
8627 84
8695 0
8731 79
8873 0
9046 93
9338 79
9453 0
9539 84
