4 buffers
50271 1301
78343 11292
26197 3575
59520 9395
16 downlinks
0 94 625 141
1 719 1250 143
2 1344 1875 114
3 1969 2500 148
4 2594 3125 113
5 3219 3750 135
6 3844 4375 136
7 4469 5000 140
8 5094 5625 132
9 5719 6250 126
10 6344 6875 134
11 6969 7500 111
12 7594 8125 123
13 8219 8750 111
14 8844 9375 132
15 9469 10000 135
27 events for 0
0 42
282 0
850 45
941 0
2058 50
2583 45
3064 0
3648 52
4083 45
4502 52
5235 50
5406 0
6269 45
6289 0
6494 45
6805 0
6844 51
7266 0
7328 52
7412 0
7738 42
8275 45
8972 0
9131 52
9160 0
9258 51
9304 0
57 events for 1
259 49
375 55
606 0
642 49
1042 0
1162 55
1273 49
1292 0
1568 49
1951 0
2114 55
2357 0
2423 55
2623 0
2742 48
3271 0
3560 48
3572 55
3617 0
3765 49
3814 0
3821 48
3864 0
4150 55
4329 0
4454 55
4560 0
4700 55
5035 49
5219 55
5304 0
5318 48
5425 0
5471 55
5496 0
5592 55
5956 0
5989 49
6253 0
6437 55
6456 0
6696 55
6811 0
6850 49
7118 48
7137 0
7148 55
7218 49
7669 49
7890 48
8524 49
8617 48
8896 48
8949 0
9342 55
9480 0
9672 55
95 events for 2
173 28
301 0
302 27
331 0
349 28
365 28
466 0
637 26
691 0
703 28
1144 0
1227 28
1842 0
1885 28
1923 0
1947 28
1971 0
2249 28
2257 26
2357 28
2454 0
2897 26
3023 27
3172 0
3207 28
3214 0
3257 28
3287 0
3361 28
3411 0
3713 27
3723 0
3852 27
3956 28
4245 0
4270 28
4460 0
4534 28
4564 27
4714 28
4749 0
4806 26
5129 0
5206 26
5380 27
5390 0
5498 28
5533 0
5562 28
5617 0
5715 28
5717 0
5752 26
5755 0
5832 26
5923 28
5949 27
6312 0
6395 26
6437 0
6463 28
6509 0
6525 27
6673 0
6897 28
7456 28
7491 0
7611 26
7821 0
7880 28
7987 28
8017 0
8113 28
8153 28
8406 0
8469 28
8522 0
8566 28
8624 0
8662 28
8715 0
8729 26
8948 0
9021 28
9371 0
9456 28
9467 0
9551 28
9593 26
9630 0
9681 28
9740 0
9765 28
9773 27
9834 0
38 events for 3
277 87
560 0
781 87
810 0
890 64
960 87
1163 0
1859 94
2163 0
2561 87
2801 0
2972 87
3024 0
3058 64
3279 0
3379 64
3808 0
4164 64
4610 0
4660 94
4766 0
4867 94
4994 0
5012 94
5140 0
6399 64
7091 0
7300 94
7351 0
7570 94
7615 64
8145 0
8394 87
8622 87
8914 0
9548 64
9626 0
9715 64
