8 buffers
98051 16203
42109 3445
54625 1214
71779 3655
24970 3984
56497 184
103990 19338
47256 2675
16 downlinks
0 94 625 258
1 719 1250 292
2 1344 1875 295
3 1969 2500 246
4 2594 3125 270
5 3219 3750 353
6 3844 4375 307
7 4469 5000 322
8 5094 5625 276
9 5719 6250 252
10 6344 6875 296
11 6969 7500 322
12 7594 8125 346
13 8219 8750 244
14 8844 9375 350
15 9469 10000 362
96 events for 0
37 80
49 0
73 63
289 0
325 80
359 0
423 64
534 0
550 47
579 0
646 80
713 62
880 56
883 63
943 0
1000 63
1057 62
1084 63
1125 63
1130 0
1359 62
1404 71
1614 0
1684 64
1746 72
2072 0
2204 71
2274 0
2317 63
2381 0
2382 47
2394 0
2641 62
2808 0
2883 56
2945 80
3110 0
3155 72
3193 63
3242 65
3258 47
3286 0
3395 65
3423 71
3508 80
3690 0
3807 56
3890 0
3917 56
3983 0
4107 63
4300 0
4464 64
4491 0
4499 65
4650 0
4683 64
4685 63
4772 0
4920 63
4964 0
5112 63
5226 64
5704 0
5733 63
5810 0
5985 47
6056 0
6126 80
6362 64
7279 0
7387 63
7613 0
7638 47
7671 63
7745 0
7985 63
7988 63
8003 63
8086 47
8130 0
8362 63
8561 63
8652 0
8719 56
8952 0
8960 63
9049 47
9195 0
9233 63
9234 71
9235 0
9364 63
9424 0
9716 64
9986 0
56 events for 1
492 44
779 0
964 23
1132 0
1171 55
1249 0
1425 57
1503 0
1739 61
1764 34
1887 0
2050 24
2065 0
2314 57
2418 0
2549 61
2639 0
2680 23
2727 0
2783 24
2789 55
2831 36
2955 0
2998 61
4007 0
4415 44
4463 0
4533 57
4593 0
4724 55
5084 24
5089 34
5234 0
5506 55
5573 0
5821 36
5851 0
5864 55
5973 0
6004 44
6307 0
6522 34
6566 0
6632 61
6805 36
7294 0
7500 55
7544 0
7575 36
7954 0
8087 51
8316 36
8840 0
8948 61
9560 0
9766 51
81 events for 2
41 60
220 0
297 88
298 0
581 75
617 73
618 0
660 50
758 0
883 75
928 0
1198 60
1243 0
1457 84
1633 0
1786 85
1874 0
1946 85
1980 50
2025 0
2114 57
2382 0
2803 50
2941 57
3222 0
3255 57
3306 50
3510 0
3561 85
3573 0
3601 85
3619 88
3741 0
3821 85
3849 0
3901 84
3904 0
4037 60
4054 0
4264 75
4471 0
4712 60
4738 60
4857 0
4912 75
5020 0
5051 88
5073 75
5153 50
5176 84
5230 0
5313 73
5405 75
5417 0
5434 84
5543 0
5599 75
5764 75
6013 0
6020 85
6060 0
6219 50
6868 0
6991 57
7177 85
7518 84
7666 0
7973 85
8150 0
8426 75
8510 0
8551 60
8637 0
8835 85
8852 0
8978 84
9209 0
9342 57
9403 0
9665 85
9979 0
59 events for 3
48 72
194 0
375 72
397 0
557 45
836 0
943 80
1039 0
1259 72
1334 0
1467 44
1736 0
1794 44
1808 45
1891 30
2005 72
2439 0
2515 59
2668 0
2677 45
2786 80
3042 0
3082 45
3281 72
3331 0
3933 59
4210 0
4267 52
4390 32
4478 0
4595 30
4820 0
4895 45
4953 0
5619 45
5724 0
6039 32
6101 0
6112 72
6184 32
6235 0
6474 30
6590 0
6803 80
7291 0
7519 45
7565 0
7669 52
7674 0
7814 44
7822 59
8017 61
8287 80
8740 0
9249 52
9259 0
9390 80
9613 0
9717 61
14 events for 4
957 41
1001 0
4717 41
4816 0
4966 55
6084 0
6670 41
6749 0
7075 47
7177 0
7591 55
7844 0
8898 41
9418 0
39 events for 5
401 57
1143 0
1373 57
1541 0
1811 59
1859 0
2319 57
2585 0
2797 54
2858 0
2930 57
3401 60
3659 0
3679 59
4152 0
4446 59
4683 57
4770 56
5638 0
5878 57
6055 59
6062 0
6435 53
6705 0
6733 59
7224 0
7368 57
7812 53
7886 56
8111 0
8443 57
8658 0
8792 56
9130 0
9594 53
9682 59
9756 56
9761 0
9921 59
84 events for 6
149 78
246 79
254 79
259 79
281 0
388 78
839 0
875 79
912 0
966 79
972 0
1173 79
1260 78
1327 0
1511 79
1645 78
1673 0
1688 79
1707 0
1730 79
1786 0
1906 78
1960 78
2220 0
2254 78
2265 0
2305 78
2431 79
2500 0
2698 79
2754 0
2808 79
2838 0
2907 78
3030 0
3057 78
3094 0
3135 79
3209 78
3359 0
3376 79
3541 78
3713 0
3772 79
3864 0
4091 79
4121 0
4301 79
4320 0
4435 79
4455 79
4565 0
4632 78
4751 79
4813 0
4954 78
5116 0
5268 78
5295 0
5626 78
6425 78
6729 0
6900 79
7138 0
7263 78
7413 0
7574 79
7617 78
7704 0
7771 78
7784 0
8089 78
8139 0
8339 79
8851 78
9022 0
9057 78
9195 0
9248 78
9390 0
9482 79
9654 0
9709 78
9978 78
37 events for 7
267 32
329 51
497 0
536 37
799 37
818 0
1183 39
1228 0
1493 37
1559 0
1604 37
1630 37
1979 37
2736 37
3160 0
3696 37
3993 0
4307 32
4535 37
4560 0
4563 39
4570 0
5044 51
5056 51
5259 0
6432 51
6684 50
7425 0
7505 50
7589 0
7869 37
8172 0
8442 50
8609 0
9256 51
9408 37
9781 0
