16 buffers
100193 135
92025 5864
101179 815
96946 10946
27732 327
47448 7609
47349 1955
69471 10048
61829 9406
73021 12007
59283 10417
80364 7282
70823 2735
86019 12577
56671 7060
64293 3742
12 downlinks
0 125 833 552
1 958 1666 453
2 1791 2499 507
3 2624 3332 569
4 3457 4165 441
5 4290 4998 641
6 5123 5831 565
7 5956 6664 593
8 6789 7497 472
9 7622 8330 518
10 8455 9163 536
11 9288 9996 586
39 events for 0
224 80
326 0
504 59
803 0
866 59
1146 0
1239 80
1268 59
1433 0
1444 59
1806 0
1944 59
2091 0
2468 59
2680 0
3127 59
3215 0
3604 80
3670 80
3677 0
4088 80
4452 59
4787 59
4912 0
5346 80
5714 0
5856 80
6107 0
6372 80
6625 59
6939 0
7118 59
7510 0
7739 80
8366 80
8610 0
9343 80
9476 0
9689 80
72 events for 1
135 60
261 0
309 61
321 0
351 76
363 0
382 53
476 0
613 74
712 0
717 61
813 0
885 74
914 0
1011 80
1141 61
1173 0
1341 60
1484 0
1677 74
1816 0
1863 61
2250 0
2991 74
3029 61
3099 0
3327 60
3376 0
3418 76
3453 53
3869 80
3980 0
4003 74
4372 61
4439 0
4606 80
4843 0
4880 74
5101 0
5344 60
5568 0
5598 61
5752 0
5854 74
6025 60
6027 0
6380 60
6562 76
6713 0
6843 53
7068 0
7100 60
7113 0
7140 80
7218 0
7406 80
7482 0
7737 80
7860 0
8058 53
8647 53
8745 0
8760 76
8896 80
8903 0
9344 61
9456 74
9799 0
9870 76
9881 0
9886 53
9980 76
82 events for 2
152 79
311 0
482 79
498 89
545 0
948 79
1101 89
1330 0
1480 89
1522 89
1723 0
1860 79
1999 79
2170 0
2197 79
2278 0
2281 89
2314 89
2398 0
2485 89
2813 0
2915 89
2929 0
3061 79
3167 0
3174 89
3199 0
3226 89
3235 79
3312 0
3654 89
3926 0
3949 89
3968 0
4073 89
4240 0
4475 89
4568 0
4693 89
4708 0
4713 79
4736 0
4771 79
4790 79
4894 0
5114 79
5209 79
6244 0
6394 79
6519 79
6566 0
6573 89
6584 0
6677 89
6701 0
6799 79
7008 0
7264 89
7534 0
7726 89
7890 89
7908 0
7997 79
8011 89
8043 0
8048 79
8058 0
8191 79
8195 0
8302 89
8315 79
8551 0
8580 79
8598 0
8698 79
8801 0
8901 79
9051 79
9053 0
9216 89
9362 0
9370 79
62 events for 3
32 54
50 0
135 54
200 0
334 49
595 49
894 52
910 0
1108 49
1165 0
1191 48
1370 47
1773 54
1805 0
1914 52
2116 0
2179 48
2300 52
3003 0
3050 49
3268 0
3322 47
3328 52
3438 0
3465 47
3660 49
3868 0
3890 49
3949 48
3995 0
4120 49
4211 0
4214 47
4232 0
4272 52
4413 0
4901 54
4925 52
4949 0
5096 48
5151 0
5164 52
5625 48
5777 0
6211 52
6438 0
6452 49
6842 0
6866 48
7240 0
7451 52
7508 0
7762 48
8038 0
8628 49
8683 0
8985 47
9043 49
9330 0
9521 49
9655 0
9688 47
17 events for 4
568 13
1247 0
1642 36
2064 0
3665 39
3949 0
4049 41
4546 39
5028 0
5690 35
6652 0
8511 41
8579 0
9134 13
9401 0
9804 14
9981 0
49 events for 5
180 51
689 0
852 33
863 51
927 33
951 0
1079 33
1096 0
1859 33
1876 0
1887 51
1940 33
1982 0
2192 33
2563 33
3665 0
3794 33
4054 33
4248 0
4351 51
4864 0
4879 33
5150 0
5191 51
5259 0
5420 51
5472 33
5553 0
6731 51
6829 0
6988 51
7017 0
7052 51
7190 33
7199 0
7317 33
7439 33
7442 33
7512 0
7590 33
7672 0
8429 51
8476 0
8672 33
8773 0
9199 33
9622 51
9641 51
9733 0
56 events for 6
0 45
103 0
229 21
485 0
548 45
666 0
1050 53
1910 0
1965 21
2100 0
2118 45
2345 21
2528 50
2633 0
2755 45
3185 0
3271 21
3396 53
3495 0
3611 21
3837 0
4121 53
4370 0
4751 53
4773 0
4853 50
5005 50
5238 53
5366 0
5396 45
5576 0
5736 45
5809 0
6452 50
6638 0
6679 53
6996 0
7474 53
7587 0
7900 45
7943 0
7948 53
7997 50
8277 0
8411 50
8637 0
8690 50
8796 50
8968 53
9049 0
9263 45
9453 0
9610 53
9651 0
9743 21
9781 0
28 events for 7
301 43
954 43
1302 49
2082 0
2453 43
2698 0
4147 50
4172 45
4312 0
4442 43
4772 0
5260 43
5546 45
5652 0
6019 43
6391 0
6554 45
7103 0
7290 45
7504 0
7824 43
8226 0
8370 50
8485 0
8510 43
9256 43
9599 50
9665 43
43 events for 8
600 51
1027 0
1038 21
1087 26
1428 21
2055 0
2059 53
2068 75
2148 0
2198 75
2419 0
2653 26
2808 0
3335 63
3707 0
3861 53
4056 0
4228 55
4386 0
4510 75
5239 63
5323 0
5325 34
5470 0
5658 36
5672 0
5721 63
6085 0
6185 75
6323 0
6345 55
7171 0
7177 34
7467 0
8250 34
8422 0
8955 26
9135 0
9202 75
9457 75
9650 0
9738 51
9870 0
72 events for 9
9 45
123 0
332 45
341 0
791 45
909 45
1310 0
1547 45
1598 0
1721 45
1747 45
1902 0
1931 45
1953 0
2327 45
2356 45
2435 0
2816 45
2961 0
3010 45
3065 0
3105 45
3145 45
3172 0
3188 45
3458 0
3665 45
4048 0
4074 45
4323 0
4353 45
4371 0
4536 45
4948 0
5140 45
5262 45
5293 0
5374 45
5651 0
5888 45
5986 0
6074 45
6233 0
6299 45
6301 0
6411 45
6689 45
6812 0
6952 45
6991 0
7015 45
7171 0
7289 45
7660 45
7688 0
8043 45
8275 0
8576 45
8756 45
8910 45
9176 0
9283 45
9404 0
9473 45
9515 45
9606 0
9618 45
9761 0
9791 45
9846 0
9913 45
9987 0
32 events for 10
538 39
583 37
594 0
820 39
1555 37
2121 0
2258 41
2624 45
3039 0
3221 42
3239 0
3420 49
3893 45
4120 0
4811 37
5145 0
5273 55
5296 0
6690 39
6800 0
6834 45
6868 0
6965 42
7473 41
7922 0
8115 36
8383 0
8424 49
8453 0
8874 42
9559 0
9869 45
63 events for 11
306 53
340 53
377 53
627 0
690 53
1025 53
1075 53
1234 0
1716 53
1764 0
1783 53
1848 0
1850 53
2135 53
3124 53
3329 53
3399 0
3457 53
3781 0
3816 53
4181 0
4279 53
4543 0
4576 53
4671 0
4675 53
5033 0
5243 53
5305 0
5344 53
5385 0
5390 53
5480 53
5577 0
5601 53
5604 0
6041 53
6095 53
6120 0
6285 53
6296 0
6546 53
6810 53
6987 53
7354 0
7401 53
7528 53
7614 0
7701 53
8316 53
8374 0
8402 53
8634 0
8703 53
9180 0
9194 53
9224 0
9312 53
9419 53
9498 53
9947 0
9958 53
9973 53
20 events for 12
1059 74
1817 0
2414 59
2570 0
2967 59
3675 0
3761 44
4414 0
5386 74
5666 59
6025 0
6663 74
7171 0
7468 46
7913 0
8103 74
9017 0
9418 59
9792 0
9980 46
92 events for 13
10 27
136 0
289 29
496 0
518 29
562 0
578 36
601 0
711 54
975 0
1024 44
1532 0
1561 54
1776 0
1933 44
2128 29
2229 0
2858 54
2936 0
2948 44
3273 44
3510 0
3557 36
3636 0
3783 54
3792 0
3801 54
3867 0
3934 44
4321 0
4355 29
4517 37
4567 0
4626 44
4732 37
4882 0
4904 44
4981 0
5009 54
5053 54
5411 0
5458 37
5581 0
5593 27
5654 0
5699 36
5879 36
5920 27
5970 0
6278 27
6364 44
6381 0
6402 48
6454 36
6663 0
6743 36
6820 0
6858 27
6963 0
7008 44
7070 0
7207 48
7311 48
7345 54
7455 0
7495 37
7605 44
7649 0
7751 36
7792 27
7827 0
7930 29
8027 44
8048 44
8058 0
8503 29
8650 0
8873 37
8884 0
8903 37
9102 37
9280 0
9304 48
9383 0
9432 48
9510 27
9512 27
9514 0
9590 44
9598 0
9684 44
9934 0
67 events for 14
34 46
64 0
107 45
326 0
431 45
451 0
498 45
628 0
701 44
817 0
975 46
1180 0
1259 44
1308 44
1314 0
1345 44
1607 0
1693 44
1774 0
2059 44
2063 0
2066 45
2366 0
2953 44
2979 0
3210 45
3211 0
3400 44
3448 0
3754 45
4145 0
4660 46
4722 0
4814 45
4885 0
4947 46
5177 0
5199 45
5240 0
5507 45
5718 46
6139 44
6251 46
6272 0
6339 44
6549 0
6575 45
6623 0
6789 45
7024 0
7059 45
7206 46
7258 0
7266 44
7272 0
7524 44
7633 0
7736 46
8088 46
8551 0
8555 46
8604 0
9293 44
9348 45
9431 0
9650 44
9855 0
71 events for 15
7 61
23 0
131 39
158 55
637 39
680 0
942 65
954 53
1036 55
1092 55
1211 0
1356 40
1467 0
1595 40
1675 0
1885 55
2015 0
2108 40
2201 0
2391 50
2442 53
2454 0
2457 40
2581 55
2786 61
2995 0
3053 50
3064 0
3128 50
3243 0
3366 50
3388 40
3443 0
3630 39
3770 0
4025 50
4259 0
4471 53
4480 0
4990 53
5222 0
5440 55
5530 0
5545 61
5719 55
5827 0
6023 50
6396 40
6532 50
6534 0
6547 55
6608 0
6671 53
6767 0
7491 55
7838 50
7853 0
8085 61
8217 0
8239 50
8477 0
8735 65
8814 0
8942 65
8965 0
9007 61
9014 0
9083 53
9238 39
9243 0
9571 39
