16 buffers
86107 4861
126738 52
103959 6791
93397 12279
30713 5619
110473 8478
147387 19858
73409 1665
93820 18253
67852 10734
67382 4984
72222 6753
116146 20315
148306 10016
53557 6418
38519 1443
12 downlinks
0 125 833 793
1 958 1666 702
2 1791 2499 560
3 2624 3332 583
4 3457 4165 611
5 4290 4998 673
6 5123 5831 728
7 5956 6664 627
8 6789 7497 564
9 7622 8330 579
10 8455 9163 795
11 9288 9996 835
85 events for 0
29 60
309 0
408 82
438 0
480 82
722 0
912 60
1001 75
1123 0
1128 75
1323 0
1503 63
1784 60
1871 75
1875 90
1887 60
2480 0
2939 70
2993 0
3081 75
3116 0
3228 70
3232 60
3256 0
3355 70
3467 0
3499 63
3507 0
3613 60
3626 60
3696 75
3703 0
3750 75
3792 0
3987 82
4003 0
4209 75
4248 0
4433 82
4447 63
4747 60
5000 0
5139 60
5182 75
5191 82
5429 70
5536 0
5572 75
5679 60
5839 0
5880 60
5890 0
5909 60
6166 0
6219 70
6488 63
6540 0
6698 60
6826 0
6988 60
7097 0
7212 75
7228 0
7336 75
7401 0
7484 60
7497 75
7543 70
7575 0
7772 75
7953 0
7994 60
8236 0
8561 82
8579 0
8620 90
8913 63
9382 63
9508 0
9537 60
9613 75
9694 0
9782 75
9802 0
9844 75
34 events for 1
33 82
353 0
383 82
549 0
728 78
1192 78
1524 78
1784 0
1998 78
2230 0
2308 78
2346 0
2499 78
2521 0
2622 78
2878 0
2916 78
3653 0
4001 82
5899 0
6034 82
6244 78
6768 0
6930 82
7202 0
7599 78
7748 0
7988 78
8894 0
9564 78
9633 0
9667 82
9897 78
9939 0
96 events for 2
82 61
95 0
215 61
269 61
321 0
374 61
411 61
504 0
526 61
556 0
559 61
730 0
838 61
902 0
1057 61
1074 61
1185 0
1274 61
1316 0
1494 61
1610 0
1730 61
1776 0
2039 61
2045 0
2115 61
2286 0
2667 61
2808 0
2825 61
2862 0
2954 61
3008 0
3072 61
3234 0
3412 61
3538 0
3680 61
3739 0
3809 61
3882 61
3946 0
4005 61
4138 61
4647 0
4705 61
4740 0
4763 61
4912 0
5091 61
5146 61
5173 0
5235 61
5255 0
5605 61
5928 61
5949 0
6122 61
6124 0
6127 61
6254 0
6354 61
6632 61
6698 0
6816 61
7365 0
7396 61
7427 61
7720 0
7749 61
7835 0
7971 61
7978 0
8027 61
8028 0
8032 61
8133 0
8356 61
8399 0
8438 61
8454 0
8581 61
8600 61
8652 0
8714 61
8797 0
8898 61
9156 0
9177 61
9189 0
9306 61
9420 61
9470 0
9671 61
9963 61
9984 0
82 events for 3
93 53
224 0
385 51
404 0
580 57
644 0
696 53
816 0
841 51
913 0
992 51
1212 0
1222 57
1282 57
1283 0
1385 51
1675 0
1789 53
1888 0
2047 53
2139 0
2398 53
2487 0
2491 57
2853 0
2960 57
3035 0
3037 53
3250 51
3327 51
3417 53
3565 53
3590 0
3769 57
3877 0
3896 53
3947 0
3976 53
4012 53
4158 0
4892 51
4900 0
4909 51
5096 0
5133 51
5144 0
5274 57
5353 0
5407 57
5445 0
5474 51
5506 53
5515 0
5527 57
5534 51
5805 51
5824 51
5882 0
5937 53
6550 0
6772 57
6855 57
6932 0
7122 51
7248 0
7539 57
7611 0
7902 53
8235 57
8280 0
8421 57
8458 57
8568 0
8888 53
8960 0
9199 53
9255 53
9278 0
9386 53
9746 0
9813 51
9894 0
85 events for 4
233 30
341 0
345 30
364 0
374 30
413 0
457 30
482 30
491 0
606 30
689 0
744 30
792 0
890 30
1156 0
1167 30
1304 0
1318 30
1395 0
1570 30
1644 0
1649 30
1736 0
1852 30
2011 0
2269 30
2440 0
2606 30
2758 0
2807 30
2961 30
3143 0
3423 30
3465 0
3498 30
3514 0
3658 30
3749 0
3890 30
3918 0
3955 30
4528 0
5130 30
5176 0
5247 30
5289 0
5463 30
5488 0
5553 30
5641 0
5765 30
5968 0
6047 30
6057 0
6361 30
6582 30
6742 0
6943 30
6960 0
6967 30
7126 0
7173 30
7245 0
7556 30
7675 0
7754 30
7887 0
7889 30
7947 0
7949 30
7951 0
7985 30
8178 30
8240 0
8315 30
8431 30
8544 30
8561 0
8651 30
8802 0
8834 30
8896 0
8970 30
9473 30
9856 0
17 events for 5
453 35
1038 0
1415 29
1438 0
1476 86
2374 0
2643 86
4933 41
5047 0
5780 35
6004 0
6080 86
7018 29
7415 0
7774 41
8499 86
9068 40
47 events for 6
185 79
350 0
435 84
928 0
931 80
1289 0
1368 79
1370 0
1519 79
1646 0
1779 84
2347 0
2384 80
2417 77
2469 0
2500 79
2910 85
2927 84
3248 82
3286 0
3647 79
4060 0
4073 79
4209 0
4248 79
4847 79
4928 84
5108 85
5175 0
5428 84
5465 79
5469 79
5891 0
6246 82
6434 84
6468 0
6627 80
6828 80
7194 0
7264 79
7841 0
8009 84
8270 0
8429 79
8709 84
8808 0
9432 82
87 events for 7
216 53
374 0
486 53
497 53
541 0
665 46
716 0
726 46
1044 0
1118 46
1222 46
1363 0
1514 46
1602 46
1764 53
1951 0
2156 53
2370 53
2464 0
2626 53
2656 0
2805 53
2865 0
2996 53
3207 0
3444 46
3592 0
3615 53
3657 53
3738 53
3753 53
3896 0
3950 53
4036 0
4054 46
4279 0
4305 46
4346 0
4406 46
4452 53
4494 0
4524 53
4679 46
4710 46
4712 0
4850 53
5009 53
5030 46
5117 0
5387 53
5402 53
5624 0
5665 46
5861 0
5930 53
5955 46
6132 0
6340 53
6374 46
7003 46
7030 0
7031 53
7178 0
7319 53
7576 0
7690 46
7692 0
7783 46
7803 0
7851 46
7878 0
7948 53
7957 0
8002 46
8650 0
8748 53
9047 53
9327 53
9367 0
9455 46
9471 46
9547 0
9553 53
9558 0
9739 46
9853 53
9977 0
67 events for 8
117 75
221 0
233 88
300 75
401 0
479 88
644 0
654 75
708 0
712 88
1293 0
1333 88
1369 0
1693 75
1800 0
1880 75
1979 88
2092 75
2192 0
2406 88
2425 88
2551 75
2712 0
2715 88
2994 0
3102 88
3166 75
3399 0
3484 88
3516 0
3557 88
3720 0
3903 88
3994 88
4032 0
4622 88
4720 0
4743 88
4936 0
5018 88
5088 0
5123 88
5131 0
5202 88
5251 88
5543 0
6071 75
6815 0
6974 75
7018 88
7172 0
7310 75
7424 75
7538 0
7569 75
8151 0
8338 88
8428 0
8652 88
8866 0
9090 88
9095 0
9104 75
9198 0
9232 75
9342 0
9379 75
63 events for 9
126 43
145 0
669 32
741 0
870 43
1446 0
1490 32
1576 48
1718 0
1729 38
2132 38
2216 38
2818 33
2841 0
3285 33
3481 0
3578 33
3658 0
3693 48
3740 32
3869 38
4035 0
4092 38
4228 0
4230 33
4355 0
4447 32
4467 38
4643 0
5126 33
5229 0
5293 32
5397 0
5478 32
5678 0
6067 32
6409 0
6471 38
6482 43
6700 0
6872 43
6992 0
7193 32
7198 0
7342 50
7555 0
7582 43
7660 43
7770 0
7831 32
7891 0
8240 38
8386 0
8416 48
8563 0
8621 43
8767 0
8868 48
8875 0
9148 32
9621 38
9640 0
9806 38
61 events for 10
120 61
301 0
513 73
755 40
782 40
1290 0
1897 61
2315 61
2464 0
2748 61
2986 0
3044 40
3135 0
3248 73
3505 47
3897 0
3921 59
3952 0
4036 47
4336 0
4377 61
4479 47
4494 0
4511 73
4582 73
4636 0
4740 40
4832 0
5414 61
5489 0
5795 59
5922 0
5943 47
6092 0
6211 73
6303 0
6513 47
6568 47
6720 0
7143 47
7379 0
7408 40
7438 0
7469 47
7480 47
7740 0
7805 61
8439 0
8608 40
8619 47
8693 59
8717 40
8729 0
8854 59
8891 61
8967 61
8988 0
9152 40
9533 61
9650 0
9739 47
76 events for 11
56 75
229 0
619 69
624 63
706 0
748 60
1050 0
1090 76
1170 74
1197 50
1348 0
1374 79
1685 0
1835 69
1865 0
2015 74
2016 0
2097 79
2295 69
2370 0
2485 60
2528 0
2583 63
2793 60
2920 69
3041 63
3286 0
3368 50
3485 0
3598 50
3683 0
3846 75
3847 79
3903 64
4360 0
4395 50
4437 0
4576 79
4748 0
4915 79
5143 0
5240 64
5288 63
5442 0
5573 79
5658 69
5663 74
5896 0
6299 69
6449 0
6594 74
6612 0
6789 60
6858 0
6878 76
7097 76
7133 0
7261 75
7474 0
7826 60
7989 0
8036 50
8074 64
8095 0
8409 76
8584 0
8606 64
8761 75
8782 0
8979 50
9087 0
9247 79
9521 75
9631 0
9740 63
9791 0
99 events for 12
202 78
468 79
560 0
571 79
612 70
644 0
846 79
903 61
936 0
1050 70
1177 61
1202 70
1237 0
1354 79
1355 0
1371 79
1795 70
1945 78
2006 0
2158 61
2362 0
2471 81
2481 0
2516 79
2596 0
2666 79
2798 0
2827 81
2841 0
2881 61
2916 0
2976 79
2990 0
3075 70
3233 0
3251 78
3285 0
3377 79
3396 0
3452 61
3474 0
3516 78
3521 81
3662 0
3679 61
3693 70
3869 81
3886 70
3986 0
4557 81
4701 0
4830 78
4880 61
4886 0
4953 79
4966 0
5036 79
5069 0
5222 70
5393 0
5729 79
5859 0
5880 79
6097 0
6233 81
6428 0
6492 78
6561 79
6611 0
6730 79
7089 0
7252 79
7339 0
7377 70
7415 0
7443 79
7719 0
7733 61
7772 78
7797 0
7803 79
7862 0
7988 70
8075 79
8142 61
8334 79
8381 0
8951 81
9109 0
9117 81
9172 70
9380 0
9485 79
9494 70
9659 61
9796 0
9840 78
9891 0
9926 78
68 events for 13
102 84
169 84
198 0
204 83
230 87
299 0
437 83
549 0
788 82
830 83
864 0
1106 92
1240 0
1496 87
1654 87
1692 0
1981 92
2002 82
2169 84
2526 82
2642 0
2707 87
2841 83
2906 0
3033 92
3247 0
3265 87
3411 0
3529 92
3774 0
3961 87
3968 84
4456 0
4626 87
4679 82
4689 0
4761 84
4952 92
5002 0
5003 84
5071 84
5111 0
5567 83
5924 84
6018 0
6357 82
6399 0
6443 82
6446 0
6552 84
6702 0
6848 92
7221 84
7398 82
7549 0
7709 84
7862 0
7955 84
8564 87
8639 0
8821 83
8904 82
9039 0
9158 82
9162 0
9240 82
9408 0
9674 87
61 events for 14
26 41
420 0
782 41
867 0
934 41
1016 41
1460 32
1476 0
1676 32
1704 0
1718 32
1976 0
1993 41
2009 41
2321 0
2364 32
2412 0
2414 41
2716 0
3193 32
3277 32
3284 0
3318 32
3729 0
4138 32
4144 0
4228 11
4444 0
4519 32
4596 11
4674 0
4800 11
4838 0
5229 32
5302 0
5410 32
5454 41
5567 0
5658 32
5775 0
5878 41
5996 0
6091 32
6409 0
6487 32
6498 11
6501 0
6572 11
6856 0
7479 41
7651 0
7663 41
8015 11
8095 0
8216 32
8252 0
8493 11
8499 0
9095 32
9331 0
9521 32
81 events for 15
32 23
428 23
443 49
561 0
608 67
659 0
931 50
933 0
969 30
1029 0
1306 49
1333 0
1448 25
1502 0
1747 24
1992 0
2059 35
2093 25
2099 0
2175 30
2340 0
2392 49
2494 0
2562 67
2571 0
2683 30
2780 0
2990 49
3037 0
3286 67
3311 0
3434 67
3574 24
3760 0
3964 30
4153 0
4203 23
4291 24
4362 0
4626 67
4710 0
4727 49
4731 0
4770 67
4967 0
4969 24
5012 0
5468 67
5510 24
6067 0
6188 24
6247 0
6639 67
6663 0
6744 50
6780 35
7265 0
7353 23
7411 67
7468 30
7502 0
7784 23
8080 0
8087 35
8101 0
8124 23
8153 0
8580 67
8585 0
8644 67
8677 23
8747 0
8789 35
8878 0
8912 23
9098 0
9199 49
9394 0
9473 30
9582 0
9925 23
