8 buffers
150168 8150
70614 10226
471964 79573
278841 51734
305092 53944
194238 1283
101671 6722
340062 67641
4 downlinks
0 375 2500 306
1 2875 5000 314
2 5375 7500 250
3 7875 10000 262
87 events for 0
42 63
56 0
210 59
244 0
521 63
523 0
588 59
1047 0
1270 63
1324 59
1406 0
1460 63
1482 0
1596 56
1872 0
1873 63
1985 0
2087 42
2200 0
2482 42
2538 59
2810 0
2925 63
2946 0
3117 63
3233 0
3270 56
3297 0
3301 41
3365 63
3804 0
3927 59
3937 0
3945 42
4025 0
4137 63
4238 0
4297 41
4430 63
4493 0
4583 42
4698 0
4718 41
4740 59
4842 0
4921 59
5018 0
5065 59
5157 42
5288 59
5307 0
5550 63
5553 63
5662 0
6276 56
6292 0
6365 42
6857 0
6911 63
6935 0
6964 41
7170 0
7172 63
7217 63
7372 0
7402 56
7551 0
7632 59
7699 0
8184 59
8258 0
8346 42
8350 0
8658 56
8796 0
8873 63
9114 0
9207 41
9221 56
9316 0
9322 42
9554 0
9574 56
9581 0
9941 42
9960 0
9979 59
82 events for 1
5 14
325 0
342 14
625 0
910 14
921 14
1157 14
1197 0
1256 14
1477 14
1536 14
1698 14
1867 0
2006 14
2069 0
2101 14
2181 0
2398 14
2407 0
2492 14
3128 14
3290 0
3455 14
3467 14
3804 14
3901 0
4016 14
4049 0
4093 14
4157 0
4220 14
4271 0
4418 14
4596 0
4616 14
4666 0
4755 14
5060 14
5156 14
5182 0
5202 14
5311 14
5369 0
5381 14
5383 14
5489 0
5498 14
5508 14
5790 0
5994 14
6014 0
6022 14
6032 0
6043 14
6233 0
6277 14
6320 0
6821 14
6919 0
6950 14
6964 0
7660 14
7725 14
7839 0
8162 14
8196 14
8336 14
8389 0
8580 14
8836 0
8864 14
8922 0
9023 14
9468 0
9480 14
9530 0
9623 14
9629 0
9692 14
9745 0
9883 14
9948 14
19 events for 2
156 83
360 83
1348 83
2997 0
3912 83
4273 0
4664 83
5924 0
6218 83
6714 0
6894 83
7080 0
7470 83
7817 0
8334 83
8396 0
8719 83
9113 83
9641 0
56 events for 3
105 77
233 0
343 77
524 0
855 77
883 0
890 77
1014 77
1031 0
1044 77
1068 0
1435 77
1579 0
1752 77
1813 0
2552 77
2622 77
2730 0
2772 77
3106 77
3110 0
3199 77
3278 77
3374 77
3414 0
3521 77
3592 77
4333 0
4334 77
4613 0
4722 77
5403 77
5801 77
6055 77
6200 77
6211 0
6380 77
6383 0
6718 77
6802 0
6826 77
6989 0
7070 77
7145 77
7160 0
7257 77
7683 77
8254 0
8398 77
8414 0
8516 77
8615 77
9037 77
9608 0
9784 77
9998 77
61 events for 4
166 51
273 0
333 36
414 0
654 43
1204 51
1354 0
1443 43
1499 0
1520 36
2466 0
2527 51
2558 0
2590 51
2731 0
2732 50
2837 0
2942 43
3032 51
3118 50
3129 0
3171 36
3452 0
3469 42
4020 0
4275 43
4995 0
5044 50
5156 42
5184 42
5189 0
5400 50
6243 0
6329 36
6576 0
6612 43
6941 0
6963 51
7060 0
7078 43
7079 0
7124 43
7129 0
7287 36
7338 0
7392 51
7644 36
7862 43
7925 36
7969 0
8014 36
8078 0
8104 51
8727 51
8807 0
8908 43
8958 0
9097 43
9541 0
9805 42
9884 0
85 events for 5
0 79
159 0
340 79
349 0
720 31
748 0
813 37
1027 0
1060 37
1118 0
1289 31
1299 0
1344 49
1412 79
1622 37
1692 31
1809 37
1931 0
2059 49
2323 0
2431 37
2712 0
2765 49
2864 0
2919 79
2979 0
3069 49
3122 37
3241 49
3341 31
3383 0
3418 31
3512 0
3662 31
3767 0
3779 31
3832 49
3842 0
4050 31
4055 0
4223 49
4502 37
4879 0
5038 79
5232 49
5372 31
5538 0
5574 31
5735 49
5792 0
5989 37
6055 0
6071 37
6170 79
6196 0
6406 37
6520 37
6546 0
6566 79
6700 49
6772 0
6795 49
7036 79
7300 0
7304 31
7350 0
7358 31
7462 0
7712 37
7841 79
8412 0
8686 49
8767 0
8888 31
8936 0
9038 49
9126 0
9190 49
9318 0
9386 49
9419 31
9530 31
9573 0
9767 49
9787 37
18 events for 6
1340 19
1808 0
2029 19
2637 0
2915 19
3885 0
4669 19
4692 0
4722 19
6097 0
6185 19
6296 19
7206 0
7302 19
7785 0
8536 19
8924 0
9765 19
95 events for 7
39 90
198 0
203 90
295 0
878 82
1018 0
1068 90
1282 0
1439 90
1692 0
1728 90
1839 82
1893 0
2059 90
2114 82
2216 0
2603 82
2706 0
2725 82
2931 0
3021 82
3219 90
3221 82
3239 0
3338 90
3420 0
3432 82
3477 0
3578 90
3584 0
3587 90
3677 0
3787 82
3872 0
3876 90
3892 90
4015 82
4119 90
4129 0
4403 82
4501 0
4528 90
4613 0
4670 82
4714 0
4954 82
5056 0
5180 90
5193 0
5415 90
5500 0
5613 82
5648 0
5714 82
5764 0
5897 82
5986 0
6165 82
6179 82
6205 0
6246 90
6543 90
6566 0
6606 90
6658 82
6670 0
6767 82
6876 0
6923 82
6994 0
7083 90
7204 0
7207 82
7324 0
7464 82
7544 0
7605 90
7662 0
7815 90
8525 0
8588 90
8709 90
8711 0
8823 90
8920 0
8979 90
9050 90
9103 0
9260 90
9299 90
9391 82
9466 0
9709 82
9785 82
9863 0
