16 buffers
2800000000.0 0.0
3200000000.0 63250400.0
960000000.0 0.0
800000000.0 74293200.0
50328700.0 677304.0
160000000.0 25135100.0
320000000.0 0.0
640000000.0 0.0
320000000.0 10497500.0
1600000000.0 119069000.0
7516190000.0 769003000.0
800000000.0 88863100.0
4000000000.0 0.0
880000000.0 17498300.0
595557000.0 2770020.0
888000000.0 145504.0
90 downlinks
0 13800 34188 38088.423200
1 41076 44895 38088.423200
2 57454 83971 45706.107900
3 90748 110071 91412.215800
4 117410 123017 28566.322400
5 127394 165076 38088.423200
6 169453 206717 45706.107900
7 213714 217682 38088.423200
8 248543 254850 38088.423200
9 274938 285281 38088.423200
10 289698 292981 91412.215800
11 301338 316481 38088.423200
12 332838 344086 91412.215800
13 348493 379245 91412.215800
14 386356 397922 38088.423200
15 415033 430491 45706.107900
16 439928 450291 91412.215800
17 462428 472791 28566.322400
18 477188 479910 91412.215800
19 484830 493530 45706.107900
20 498870 508590 45706.107900
21 514710 551773 45706.107900
22 558999 568530 38088.423200
23 574922 583830 45706.107900
24 618600 638038 38088.423200
25 645321 649645 38088.423200
26 682617 689708 45706.107900
27 721020 733808 91412.215800
28 738111 748208 38088.423200
29 752584 768963 91412.215800
30 773659 803053 45706.107900
31 807406 823813 38088.423200
32 829484 834801 91412.215800
33 877800 896833 38088.423200
34 904294 908824 38088.423200
35 919901 938118 45706.107900
36 946295 983100 91412.215800
37 990618 1002624 38088.423200
38 1006895 1023924 45706.107900
39 1034888 1038379 91412.215800
40 1065990 1084229 38088.423200
41 1088550 1113998 91412.215800
42 1118933 1155632 45706.107900
43 1163271 1168005 38088.423200
44 1189584 1200035 45706.107900
45 1205252 1209300 91412.215800
46 1223400 1241899 38088.423200
47 1249598 1254398 38088.423200
48 1277794 1286516 45706.107900
49 1324873 1331446 45706.107900
50 1335927 1372776 38088.423200
51 1377894 1406992 45706.107900
52 1411267 1433752 38088.423200
53 1464216 1468500 91412.215800
54 1482600 1493097 38088.423200
55 1497362 1506750 38088.423200
56 1511670 1525257 91412.215800
57 1550539 1553490 91412.215800
58 1558410 1570350 38088.423200
59 1578690 1586966 38088.423200
60 1594914 1604932 38088.423200
61 1609856 1633863 57132.634900
62 1669850 1694469 38088.423200
63 1698710 1717817 57132.634900
64 1723186 1727700 57132.634900
65 1741800 1759501 38088.423200
66 1767576 1772758 38088.423200
67 1828200 1831880 57132.634900
68 1842039 1871072 57132.634900
69 1928433 1938986 45706.107900
70 1943193 1976599 57132.634900
71 1982161 2018306 57132.634900
72 2026575 2031939 45706.107900
73 2041227 2070697 57132.634900
74 2093400 2104574 45706.107900
75 2108722 2119297 45706.107900
76 2133330 2147550 57132.634900
77 2152470 2157403 57132.634900
78 2161576 2165743 45706.107900
79 2169916 2182903 45706.107900
80 2187016 2195470 45706.107900
81 2199584 2209603 45706.107900
82 2213716 2243809 57132.634900
83 2273211 2281480 45706.107900
84 2285581 2295709 45706.107900
85 2299810 2319109 57132.634900
86 2327473 2363381 57132.634900
87 2367470 2382115 45706.107900
88 2386204 2405515 45706.107900
89 2413803 2449651 45706.107900
2 events for 0
1 2650.000000
2462400 0.000000
1080 events for 1
18647 215177.000000
18707 0.000000
18877 215177.000000
18937 0.000000
19417 215177.000000
19477 0.000000
19647 215177.000000
19707 0.000000
37054 215177.000000
37114 0.000000
37314 215177.000000
37374 0.000000
37894 215177.000000
37954 0.000000
38154 215177.000000
38214 0.000000
55461 215177.000000
55521 0.000000
55721 215177.000000
55781 0.000000
56301 215177.000000
56361 0.000000
56561 215177.000000
56621 0.000000
73869 215177.000000
73929 0.000000
74129 215177.000000
74189 0.000000
74709 215177.000000
74769 0.000000
74969 215177.000000
75029 0.000000
92276 215177.000000
92336 0.000000
92536 215177.000000
92596 0.000000
93116 215177.000000
93176 0.000000
93376 215177.000000
93436 0.000000
110683 215177.000000
110743 0.000000
110943 215177.000000
111003 0.000000
111523 215177.000000
111583 0.000000
111783 215177.000000
111843 0.000000
129090 215177.000000
129150 0.000000
129350 215177.000000
129410 0.000000
129930 215177.000000
129990 0.000000
130190 215177.000000
130250 0.000000
147497 215177.000000
147557 0.000000
147757 215177.000000
147817 0.000000
148337 215177.000000
148397 0.000000
148597 215177.000000
148657 0.000000
165904 215177.000000
165964 0.000000
166164 215177.000000
166224 0.000000
166744 215177.000000
166804 0.000000
167004 215177.000000
167064 0.000000
184311 215177.000000
184371 0.000000
184571 215177.000000
184631 0.000000
185151 215177.000000
185211 0.000000
185411 215177.000000
185471 0.000000
202719 215177.000000
202779 0.000000
202979 215177.000000
203039 0.000000
203559 215177.000000
203619 0.000000
203819 215177.000000
203879 0.000000
221126 215177.000000
221186 0.000000
221386 215177.000000
221446 0.000000
221966 215177.000000
222026 0.000000
222226 215177.000000
222286 0.000000
239533 215177.000000
239593 0.000000
239793 215177.000000
239853 0.000000
240373 215177.000000
240433 0.000000
240633 215177.000000
240693 0.000000
257940 215177.000000
258000 0.000000
258200 215177.000000
258260 0.000000
258780 215177.000000
258840 0.000000
259040 215177.000000
259100 0.000000
277551 215177.000000
277611 0.000000
277811 215177.000000
277871 0.000000
278391 215177.000000
278451 0.000000
278651 215177.000000
278711 0.000000
295661 215177.000000
295721 0.000000
295921 215177.000000
295981 0.000000
296501 215177.000000
296561 0.000000
296761 215177.000000
296821 0.000000
313772 215177.000000
313832 0.000000
314032 215177.000000
314092 0.000000
314612 215177.000000
314672 0.000000
314872 215177.000000
314932 0.000000
331882 215177.000000
331942 0.000000
332142 215177.000000
332202 0.000000
332722 215177.000000
332782 0.000000
332982 215177.000000
333042 0.000000
349993 215177.000000
350053 0.000000
350253 215177.000000
350313 0.000000
350833 215177.000000
350893 0.000000
351093 215177.000000
351153 0.000000
368103 215177.000000
368163 0.000000
368363 215177.000000
368423 0.000000
368943 215177.000000
369003 0.000000
369203 215177.000000
369263 0.000000
386214 215177.000000
386274 0.000000
386444 215177.000000
386504 0.000000
386984 215177.000000
387044 0.000000
387214 215177.000000
387274 0.000000
404324 215177.000000
404384 0.000000
404584 215177.000000
404644 0.000000
405164 215177.000000
405224 0.000000
405424 215177.000000
405484 0.000000
422435 215177.000000
422495 0.000000
422695 215177.000000
422755 0.000000
423275 215177.000000
423335 0.000000
423535 215177.000000
423595 0.000000
440545 215177.000000
440605 0.000000
440805 215177.000000
440865 0.000000
441385 215177.000000
441445 0.000000
441645 215177.000000
441705 0.000000
458656 215177.000000
458716 0.000000
458916 215177.000000
458976 0.000000
459496 215177.000000
459556 0.000000
459756 215177.000000
459816 0.000000
476766 215177.000000
476826 0.000000
477026 215177.000000
477086 0.000000
477606 215177.000000
477666 0.000000
477866 215177.000000
477926 0.000000
494877 215177.000000
494937 0.000000
495137 215177.000000
495197 0.000000
495717 215177.000000
495777 0.000000
495977 215177.000000
496037 0.000000
512987 215177.000000
513047 0.000000
513247 215177.000000
513307 0.000000
513827 215177.000000
513887 0.000000
514087 215177.000000
514147 0.000000
531098 215177.000000
531158 0.000000
531358 215177.000000
531418 0.000000
531938 215177.000000
531998 0.000000
532198 215177.000000
532258 0.000000
549208 215177.000000
549268 0.000000
549468 215177.000000
549528 0.000000
550048 215177.000000
550108 0.000000
550308 215177.000000
550368 0.000000
567319 215177.000000
567379 0.000000
567579 215177.000000
567639 0.000000
568159 215177.000000
568219 0.000000
568419 215177.000000
568479 0.000000
585429 215177.000000
585489 0.000000
585689 215177.000000
585749 0.000000
586269 215177.000000
586329 0.000000
586529 215177.000000
586589 0.000000
603540 215177.000000
603600 0.000000
603800 215177.000000
603860 0.000000
604380 215177.000000
604440 0.000000
604640 215177.000000
604700 0.000000
623447 215177.000000
623507 0.000000
623677 215177.000000
623737 0.000000
624217 215177.000000
624277 0.000000
624447 215177.000000
624507 0.000000
641854 215177.000000
641914 0.000000
642114 215177.000000
642174 0.000000
642694 215177.000000
642754 0.000000
642954 215177.000000
643014 0.000000
660261 215177.000000
660321 0.000000
660521 215177.000000
660581 0.000000
661101 215177.000000
661161 0.000000
661361 215177.000000
661421 0.000000
678669 215177.000000
678729 0.000000
678929 215177.000000
678989 0.000000
679509 215177.000000
679569 0.000000
679769 215177.000000
679829 0.000000
697076 215177.000000
697136 0.000000
697336 215177.000000
697396 0.000000
697916 215177.000000
697976 0.000000
698176 215177.000000
698236 0.000000
715483 215177.000000
715543 0.000000
715743 215177.000000
715803 0.000000
716323 215177.000000
716383 0.000000
716583 215177.000000
716643 0.000000
733890 215177.000000
733950 0.000000
734150 215177.000000
734210 0.000000
734730 215177.000000
734790 0.000000
734990 215177.000000
735050 0.000000
752297 215177.000000
752357 0.000000
752557 215177.000000
752617 0.000000
753137 215177.000000
753197 0.000000
753397 215177.000000
753457 0.000000
770704 215177.000000
770764 0.000000
770964 215177.000000
771024 0.000000
771544 215177.000000
771604 0.000000
771804 215177.000000
771864 0.000000
789111 215177.000000
789171 0.000000
789371 215177.000000
789431 0.000000
789951 215177.000000
790011 0.000000
790211 215177.000000
790271 0.000000
807519 215177.000000
807579 0.000000
807779 215177.000000
807839 0.000000
808359 215177.000000
808419 0.000000
808619 215177.000000
808679 0.000000
825926 215177.000000
825986 0.000000
826186 215177.000000
826246 0.000000
826766 215177.000000
826826 0.000000
827026 215177.000000
827086 0.000000
844333 215177.000000
844393 0.000000
844593 215177.000000
844653 0.000000
845173 215177.000000
845233 0.000000
845433 215177.000000
845493 0.000000
862740 215177.000000
862800 0.000000
863000 215177.000000
863060 0.000000
863580 215177.000000
863640 0.000000
863840 215177.000000
863900 0.000000
882351 215177.000000
882411 0.000000
882611 215177.000000
882671 0.000000
883191 215177.000000
883251 0.000000
883451 215177.000000
883511 0.000000
900461 215177.000000
900521 0.000000
900721 215177.000000
900781 0.000000
901301 215177.000000
901361 0.000000
901561 215177.000000
901621 0.000000
918572 215177.000000
918632 0.000000
918832 215177.000000
918892 0.000000
919412 215177.000000
919472 0.000000
919672 215177.000000
919732 0.000000
936682 215177.000000
936742 0.000000
936942 215177.000000
937002 0.000000
937522 215177.000000
937582 0.000000
937782 215177.000000
937842 0.000000
954793 215177.000000
954853 0.000000
955053 215177.000000
955113 0.000000
955633 215177.000000
955693 0.000000
955893 215177.000000
955953 0.000000
972903 215177.000000
972963 0.000000
973163 215177.000000
973223 0.000000
973743 215177.000000
973803 0.000000
974003 215177.000000
974063 0.000000
991014 215177.000000
991074 0.000000
991244 215177.000000
991304 0.000000
991784 215177.000000
991844 0.000000
992014 215177.000000
992074 0.000000
1009124 215177.000000
1009184 0.000000
1009384 215177.000000
1009444 0.000000
1009964 215177.000000
1010024 0.000000
1010224 215177.000000
1010284 0.000000
1027235 215177.000000
1027295 0.000000
1027495 215177.000000
1027555 0.000000
1028075 215177.000000
1028135 0.000000
1028335 215177.000000
1028395 0.000000
1045345 215177.000000
1045405 0.000000
1045605 215177.000000
1045665 0.000000
1046185 215177.000000
1046245 0.000000
1046445 215177.000000
1046505 0.000000
1063456 215177.000000
1063516 0.000000
1063716 215177.000000
1063776 0.000000
1064296 215177.000000
1064356 0.000000
1064556 215177.000000
1064616 0.000000
1081566 215177.000000
1081626 0.000000
1081826 215177.000000
1081886 0.000000
1082406 215177.000000
1082466 0.000000
1082666 215177.000000
1082726 0.000000
1099677 215177.000000
1099737 0.000000
1099937 215177.000000
1099997 0.000000
1100517 215177.000000
1100577 0.000000
1100777 215177.000000
1100837 0.000000
1117787 215177.000000
1117847 0.000000
1118047 215177.000000
1118107 0.000000
1118627 215177.000000
1118687 0.000000
1118887 215177.000000
1118947 0.000000
1135898 215177.000000
1135958 0.000000
1136158 215177.000000
1136218 0.000000
1136738 215177.000000
1136798 0.000000
1136998 215177.000000
1137058 0.000000
1154008 215177.000000
1154068 0.000000
1154268 215177.000000
1154328 0.000000
1154848 215177.000000
1154908 0.000000
1155108 215177.000000
1155168 0.000000
1172119 215177.000000
1172179 0.000000
1172379 215177.000000
1172439 0.000000
1172959 215177.000000
1173019 0.000000
1173219 215177.000000
1173279 0.000000
1190229 215177.000000
1190289 0.000000
1190489 215177.000000
1190549 0.000000
1191069 215177.000000
1191129 0.000000
1191329 215177.000000
1191389 0.000000
1208340 215177.000000
1208400 0.000000
1208600 215177.000000
1208660 0.000000
1209180 215177.000000
1209240 0.000000
1209440 215177.000000
1209500 0.000000
1228247 215177.000000
1228307 0.000000
1228477 215177.000000
1228537 0.000000
1229017 215177.000000
1229077 0.000000
1229247 215177.000000
1229307 0.000000
1246654 215177.000000
1246714 0.000000
1246914 215177.000000
1246974 0.000000
1247494 215177.000000
1247554 0.000000
1247754 215177.000000
1247814 0.000000
1265061 215177.000000
1265121 0.000000
1265321 215177.000000
1265381 0.000000
1265901 215177.000000
1265961 0.000000
1266161 215177.000000
1266221 0.000000
1283469 215177.000000
1283529 0.000000
1283729 215177.000000
1283789 0.000000
1284309 215177.000000
1284369 0.000000
1284569 215177.000000
1284629 0.000000
1301876 215177.000000
1301936 0.000000
1302136 215177.000000
1302196 0.000000
1302716 215177.000000
1302776 0.000000
1302976 215177.000000
1303036 0.000000
1320283 215177.000000
1320343 0.000000
1320543 215177.000000
1320603 0.000000
1321123 215177.000000
1321183 0.000000
1321383 215177.000000
1321443 0.000000
1338690 215177.000000
1338750 0.000000
1338950 215177.000000
1339010 0.000000
1339530 215177.000000
1339590 0.000000
1339790 215177.000000
1339850 0.000000
1357097 215177.000000
1357157 0.000000
1357357 215177.000000
1357417 0.000000
1357937 215177.000000
1357997 0.000000
1358197 215177.000000
1358257 0.000000
1375504 215177.000000
1375564 0.000000
1375764 215177.000000
1375824 0.000000
1376344 215177.000000
1376404 0.000000
1376604 215177.000000
1376664 0.000000
1393911 215177.000000
1393971 0.000000
1394171 215177.000000
1394231 0.000000
1394751 215177.000000
1394811 0.000000
1395011 215177.000000
1395071 0.000000
1412319 215177.000000
1412379 0.000000
1412579 215177.000000
1412639 0.000000
1413159 215177.000000
1413219 0.000000
1413419 215177.000000
1413479 0.000000
1430726 215177.000000
1430786 0.000000
1430986 215177.000000
1431046 0.000000
1431566 215177.000000
1431626 0.000000
1431826 215177.000000
1431886 0.000000
1449133 215177.000000
1449193 0.000000
1449393 215177.000000
1449453 0.000000
1449973 215177.000000
1450033 0.000000
1450233 215177.000000
1450293 0.000000
1467540 215177.000000
1467600 0.000000
1467800 215177.000000
1467860 0.000000
1468380 215177.000000
1468440 0.000000
1468640 215177.000000
1468700 0.000000
1487151 215177.000000
1487211 0.000000
1487411 215177.000000
1487471 0.000000
1487991 215177.000000
1488051 0.000000
1488251 215177.000000
1488311 0.000000
1505261 215177.000000
1505321 0.000000
1505521 215177.000000
1505581 0.000000
1506101 215177.000000
1506161 0.000000
1506361 215177.000000
1506421 0.000000
1523372 215177.000000
1523432 0.000000
1523632 215177.000000
1523692 0.000000
1524212 215177.000000
1524272 0.000000
1524472 215177.000000
1524532 0.000000
1541482 215177.000000
1541542 0.000000
1541742 215177.000000
1541802 0.000000
1542322 215177.000000
1542382 0.000000
1542582 215177.000000
1542642 0.000000
1559593 215177.000000
1559653 0.000000
1559853 215177.000000
1559913 0.000000
1560433 215177.000000
1560493 0.000000
1560693 215177.000000
1560753 0.000000
1577703 215177.000000
1577763 0.000000
1577963 215177.000000
1578023 0.000000
1578543 215177.000000
1578603 0.000000
1578803 215177.000000
1578863 0.000000
1595814 215177.000000
1595874 0.000000
1596044 215177.000000
1596104 0.000000
1596584 215177.000000
1596644 0.000000
1596814 215177.000000
1596874 0.000000
1613924 215177.000000
1613984 0.000000
1614184 215177.000000
1614244 0.000000
1614764 215177.000000
1614824 0.000000
1615024 215177.000000
1615084 0.000000
1632035 215177.000000
1632095 0.000000
1632295 215177.000000
1632355 0.000000
1632875 215177.000000
1632935 0.000000
1633135 215177.000000
1633195 0.000000
1650145 215177.000000
1650205 0.000000
1650405 215177.000000
1650465 0.000000
1650985 215177.000000
1651045 0.000000
1651245 215177.000000
1651305 0.000000
1668256 215177.000000
1668316 0.000000
1668516 215177.000000
1668576 0.000000
1669096 215177.000000
1669156 0.000000
1669356 215177.000000
1669416 0.000000
1686366 215177.000000
1686426 0.000000
1686626 215177.000000
1686686 0.000000
1687206 215177.000000
1687266 0.000000
1687466 215177.000000
1687526 0.000000
1704477 215177.000000
1704537 0.000000
1704737 215177.000000
1704797 0.000000
1705317 215177.000000
1705377 0.000000
1705577 215177.000000
1705637 0.000000
1722587 215177.000000
1722647 0.000000
1722847 215177.000000
1722907 0.000000
1723427 215177.000000
1723487 0.000000
1723687 215177.000000
1723747 0.000000
1739640 215177.000000
1739700 0.000000
1739900 215177.000000
1739960 0.000000
1740480 215177.000000
1740540 0.000000
1740740 215177.000000
1740800 0.000000
1758808 215177.000000
1758868 0.000000
1759068 215177.000000
1759128 0.000000
1759648 215177.000000
1759708 0.000000
1759908 215177.000000
1759968 0.000000
1776919 215177.000000
1776979 0.000000
1777179 215177.000000
1777239 0.000000
1777759 215177.000000
1777819 0.000000
1778019 215177.000000
1778079 0.000000
1795029 215177.000000
1795089 0.000000
1795289 215177.000000
1795349 0.000000
1795869 215177.000000
1795929 0.000000
1796129 215177.000000
1796189 0.000000
1813140 215177.000000
1813200 0.000000
1813400 215177.000000
1813460 0.000000
1813980 215177.000000
1814040 0.000000
1814240 215177.000000
1814300 0.000000
1833047 215177.000000
1833107 0.000000
1833277 215177.000000
1833337 0.000000
1833817 215177.000000
1833877 0.000000
1834047 215177.000000
1834107 0.000000
1851454 215177.000000
1851514 0.000000
1851714 215177.000000
1851774 0.000000
1852294 215177.000000
1852354 0.000000
1852554 215177.000000
1852614 0.000000
1869861 215177.000000
1869921 0.000000
1870121 215177.000000
1870181 0.000000
1870701 215177.000000
1870761 0.000000
1870961 215177.000000
1871021 0.000000
1888269 215177.000000
1888329 0.000000
1888529 215177.000000
1888589 0.000000
1889109 215177.000000
1889169 0.000000
1889369 215177.000000
1889429 0.000000
1906676 215177.000000
1906736 0.000000
1906936 215177.000000
1906996 0.000000
1907516 215177.000000
1907576 0.000000
1907776 215177.000000
1907836 0.000000
1925083 215177.000000
1925143 0.000000
1925343 215177.000000
1925403 0.000000
1925923 215177.000000
1925983 0.000000
1926183 215177.000000
1926243 0.000000
1943490 215177.000000
1943550 0.000000
1943750 215177.000000
1943810 0.000000
1944330 215177.000000
1944390 0.000000
1944590 215177.000000
1944650 0.000000
1961897 215177.000000
1961957 0.000000
1962157 215177.000000
1962217 0.000000
1962737 215177.000000
1962797 0.000000
1962997 215177.000000
1963057 0.000000
1980304 215177.000000
1980364 0.000000
1980564 215177.000000
1980624 0.000000
1981144 215177.000000
1981204 0.000000
1981404 215177.000000
1981464 0.000000
1998711 215177.000000
1998771 0.000000
1998971 215177.000000
1999031 0.000000
1999551 215177.000000
1999611 0.000000
1999811 215177.000000
1999871 0.000000
2017119 215177.000000
2017179 0.000000
2017379 215177.000000
2017439 0.000000
2017959 215177.000000
2018019 0.000000
2018219 215177.000000
2018279 0.000000
2035526 215177.000000
2035586 0.000000
2035786 215177.000000
2035846 0.000000
2036366 215177.000000
2036426 0.000000
2036626 215177.000000
2036686 0.000000
2053933 215177.000000
2053993 0.000000
2054193 215177.000000
2054253 0.000000
2054773 215177.000000
2054833 0.000000
2055033 215177.000000
2055093 0.000000
2072340 215177.000000
2072400 0.000000
2072600 215177.000000
2072660 0.000000
2073180 215177.000000
2073240 0.000000
2073440 215177.000000
2073500 0.000000
2091240 215177.000000
2091300 0.000000
2091500 215177.000000
2091560 0.000000
2092080 215177.000000
2092140 0.000000
2092340 215177.000000
2092400 0.000000
2109049 215177.000000
2109109 0.000000
2109309 215177.000000
2109369 0.000000
2109889 215177.000000
2109949 0.000000
2110149 215177.000000
2110209 0.000000
2126654 215177.000000
2126714 0.000000
2126914 215177.000000
2126974 0.000000
2127494 215177.000000
2127554 0.000000
2127754 215177.000000
2127814 0.000000
2144258 215177.000000
2144318 0.000000
2144518 215177.000000
2144578 0.000000
2145098 215177.000000
2145158 0.000000
2145358 215177.000000
2145418 0.000000
2161863 215177.000000
2161923 0.000000
2162123 215177.000000
2162183 0.000000
2162703 215177.000000
2162763 0.000000
2162963 215177.000000
2163023 0.000000
2179467 215177.000000
2179527 0.000000
2179727 215177.000000
2179787 0.000000
2180307 215177.000000
2180367 0.000000
2180567 215177.000000
2180627 0.000000
2197072 215177.000000
2197132 0.000000
2197332 215177.000000
2197392 0.000000
2197912 215177.000000
2197972 0.000000
2198172 215177.000000
2198232 0.000000
2214676 215177.000000
2214736 0.000000
2214936 215177.000000
2214996 0.000000
2215516 215177.000000
2215576 0.000000
2215776 215177.000000
2215836 0.000000
2232281 215177.000000
2232341 0.000000
2232541 215177.000000
2232601 0.000000
2233121 215177.000000
2233181 0.000000
2233381 215177.000000
2233441 0.000000
2249885 215177.000000
2249945 0.000000
2250145 215177.000000
2250205 0.000000
2250725 215177.000000
2250785 0.000000
2250985 215177.000000
2251045 0.000000
2267490 215177.000000
2267550 0.000000
2267720 215177.000000
2267780 0.000000
2268260 215177.000000
2268320 0.000000
2268490 215177.000000
2268550 0.000000
2285095 215177.000000
2285155 0.000000
2285355 215177.000000
2285415 0.000000
2285935 215177.000000
2285995 0.000000
2286195 215177.000000
2286255 0.000000
2302699 215177.000000
2302759 0.000000
2302959 215177.000000
2303019 0.000000
2303539 215177.000000
2303599 0.000000
2303799 215177.000000
2303859 0.000000
2320304 215177.000000
2320364 0.000000
2320564 215177.000000
2320624 0.000000
2321144 215177.000000
2321204 0.000000
2321404 215177.000000
2321464 0.000000
2337908 215177.000000
2337968 0.000000
2338168 215177.000000
2338228 0.000000
2338748 215177.000000
2338808 0.000000
2339008 215177.000000
2339068 0.000000
2355513 215177.000000
2355573 0.000000
2355773 215177.000000
2355833 0.000000
2356353 215177.000000
2356413 0.000000
2356613 215177.000000
2356673 0.000000
2373117 215177.000000
2373177 0.000000
2373377 215177.000000
2373437 0.000000
2373957 215177.000000
2374017 0.000000
2374217 215177.000000
2374277 0.000000
2390722 215177.000000
2390782 0.000000
2390982 215177.000000
2391042 0.000000
2391562 215177.000000
2391622 0.000000
2391822 215177.000000
2391882 0.000000
2408326 215177.000000
2408386 0.000000
2408586 215177.000000
2408646 0.000000
2409166 215177.000000
2409226 0.000000
2409426 215177.000000
2409486 0.000000
2425931 215177.000000
2425991 0.000000
2426191 215177.000000
2426251 0.000000
2426771 215177.000000
2426831 0.000000
2427031 215177.000000
2427091 0.000000
2443535 215177.000000
2443595 0.000000
2443765 215177.000000
2443825 0.000000
2444305 215177.000000
2444365 0.000000
2444535 215177.000000
2444595 0.000000
2461140 215177.000000
2461200 0.000000
2461400 215177.000000
2461460 0.000000
2461980 215177.000000
2462040 0.000000
2462240 215177.000000
2462300 0.000000
72 events for 2
20217 4214960.000000
20221 0.000000
20647 4214960.000000
20651 0.000000
21387 4214960.000000
21391 0.000000
21817 4214960.000000
21821 0.000000
387784 4214960.000000
387788 0.000000
388214 4214960.000000
388218 0.000000
388954 4214960.000000
388958 0.000000
389384 4214960.000000
389388 0.000000
625017 4214960.000000
625021 0.000000
625447 4214960.000000
625451 0.000000
626187 4214960.000000
626191 0.000000
626617 4214960.000000
626621 0.000000
992584 4214960.000000
992588 0.000000
993014 4214960.000000
993018 0.000000
993754 4214960.000000
993758 0.000000
994184 4214960.000000
994188 0.000000
1229817 4214960.000000
1229821 0.000000
1230247 4214960.000000
1230251 0.000000
1230987 4214960.000000
1230991 0.000000
1231417 4214960.000000
1231421 0.000000
1597384 4214960.000000
1597388 0.000000
1597814 4214960.000000
1597818 0.000000
1598554 4214960.000000
1598558 0.000000
1598984 4214960.000000
1598988 0.000000
1834617 4214960.000000
1834621 0.000000
1835047 4214960.000000
1835051 0.000000
1835787 4214960.000000
1835791 0.000000
1836217 4214960.000000
1836221 0.000000
2269060 4214960.000000
2269064 0.000000
2269490 4214960.000000
2269494 0.000000
2270230 4214960.000000
2270234 0.000000
2270660 4214960.000000
2270664 0.000000
2445105 4214960.000000
2445109 0.000000
2445535 4214960.000000
2445539 0.000000
2446275 4214960.000000
2446279 0.000000
2446705 4214960.000000
2446709 0.000000
264 events for 3
23702 26897.000000
24182 0.000000
34502 26897.000000
34982 0.000000
131701 26897.000000
132181 0.000000
142502 26897.000000
142982 0.000000
164102 26897.000000
164582 0.000000
181136 26897.000000
181616 0.000000
190501 26897.000000
190981 0.000000
201580 26897.000000
202060 0.000000
219301 26897.000000
219781 0.000000
275701 26897.000000
276181 0.000000
287702 26897.000000
288182 0.000000
310550 26897.000000
311030 0.000000
352502 26897.000000
352982 0.000000
374102 26897.000000
374582 0.000000
454802 26897.000000
455282 0.000000
474902 26897.000000
475382 0.000000
664502 26897.000000
664982 0.000000
686102 26897.000000
686582 0.000000
798302 26897.000000
798782 0.000000
819302 26897.000000
819782 0.000000
924902 26897.000000
925382 0.000000
942902 26897.000000
943382 0.000000
1038002 26897.000000
1038482 0.000000
1065962 26897.000000
1066442 0.000000
1087328 26897.000000
1087808 0.000000
1152843 26897.000000
1153323 0.000000
1267224 26897.000000
1267704 0.000000
1269901 26897.000000
1270381 0.000000
1275301 26897.000000
1275781 0.000000
1278901 26897.000000
1279381 0.000000
1289232 26897.000000
1289712 0.000000
1293365 26897.000000
1293845 0.000000
1296965 26897.000000
1297445 0.000000
1300201 26897.000000
1300681 0.000000
1345503 26897.000000
1345983 0.000000
1350301 26897.000000
1350781 0.000000
1355461 26897.000000
1355941 0.000000
1363501 26897.000000
1363981 0.000000
1368183 26897.000000
1368663 0.000000
1372839 26897.000000
1373319 0.000000
1378471 26897.000000
1378951 0.000000
1383900 26897.000000
1384380 0.000000
1386901 26897.000000
1387381 0.000000
1436489 26897.000000
1436969 0.000000
1442101 26897.000000
1442581 0.000000
1447994 26897.000000
1448474 0.000000
1452901 26897.000000
1453381 0.000000
1458849 26897.000000
1459329 0.000000
1466401 26897.000000
1466881 0.000000
1496701 26897.000000
1497181 0.000000
1503902 26897.000000
1504382 0.000000
1512301 26897.000000
1512781 0.000000
1517101 26897.000000
1517581 0.000000
1526102 26897.000000
1526582 0.000000
1537021 26897.000000
1537501 0.000000
1551901 26897.000000
1552381 0.000000
1556700 26897.000000
1557180 0.000000
1561754 26897.000000
1562234 0.000000
1591623 26897.000000
1592103 0.000000
1594501 26897.000000
1594981 0.000000
1600514 26897.000000
1600994 0.000000
1605914 26897.000000
1606394 0.000000
1611316 26897.000000
1611796 0.000000
1622110 26897.000000
1622590 0.000000
1630896 26897.000000
1631376 0.000000
1638648 26897.000000
1639128 0.000000
1644903 26897.000000
1645383 0.000000
1649008 26897.000000
1649488 0.000000
1837378 26897.000000
1837858 0.000000
1839935 26897.000000
1840415 0.000000
1843535 26897.000000
1844015 0.000000
1847135 26897.000000
1847615 0.000000
1850317 26897.000000
1850797 0.000000
1908837 26897.000000
1909317 0.000000
1912437 26897.000000
1912917 0.000000
1916026 26897.000000
1916506 0.000000
1919637 26897.000000
1920117 0.000000
1922744 26897.000000
1923224 0.000000
1930844 26897.000000
1931324 0.000000
1934457 26897.000000
1934937 0.000000
1936203 26897.000000
1936683 0.000000
1942351 26897.000000
1942831 0.000000
2004472 26897.000000
2004952 0.000000
2008501 26897.000000
2008981 0.000000
2010903 26897.000000
2011383 0.000000
2015980 26897.000000
2016460 0.000000
2019301 26897.000000
2019781 0.000000
2022901 26897.000000
2023381 0.000000
2026501 26897.000000
2026981 0.000000
2030701 26897.000000
2031181 0.000000
2034389 26897.000000
2034869 0.000000
2093431 26897.000000
2093911 0.000000
2100331 26897.000000
2100811 0.000000
2105757 26897.000000
2106237 0.000000
2117821 26897.000000
2118301 0.000000
2128817 26897.000000
2129297 0.000000
2133331 26897.000000
2133811 0.000000
2136931 26897.000000
2137411 0.000000
2142759 26897.000000
2143239 0.000000
2153101 26897.000000
2153581 0.000000
2160364 26897.000000
2160844 0.000000
2164203 26897.000000
2164683 0.000000
2171153 26897.000000
2171633 0.000000
2174728 26897.000000
2175208 0.000000
2185503 26897.000000
2185983 0.000000
2193901 26897.000000
2194381 0.000000
2199233 26897.000000
2199713 0.000000
2206385 26897.000000
2206865 0.000000
2213537 26897.000000
2214017 0.000000
2255646 26897.000000
2256126 0.000000
2261000 26897.000000
2261480 0.000000
2266252 26897.000000
2266732 0.000000
2271832 26897.000000
2272312 0.000000
2275381 26897.000000
2275861 0.000000
2279032 26897.000000
2279512 0.000000
2283958 26897.000000
2284438 0.000000
2340241 26897.000000
2340721 0.000000
2344201 26897.000000
2344681 0.000000
2349574 26897.000000
2350054 0.000000
2361121 26897.000000
2361601 0.000000
2366626 26897.000000
2367106 0.000000
2371772 26897.000000
2372252 0.000000
2377501 26897.000000
2377981 0.000000
2380741 26897.000000
2381221 0.000000
2431693 26897.000000
2432173 0.000000
2434861 26897.000000
2435341 0.000000
2438461 26897.000000
2438941 0.000000
2442061 26897.000000
2442541 0.000000
2448661 26897.000000
2449141 0.000000
2451920 26897.000000
2452400 0.000000
2455501 26897.000000
2455981 0.000000
2459701 26897.000000
2460181 0.000000
2 events for 4
1 18.000000
2462400 0.000000
193 events for 5
13200 1087.000000
15910 0.000000
22430 906.000000
36334 0.000000
42514 215.000000
53934 0.000000
93836 906.000000
109963 0.000000
116143 906.000000
128550 0.000000
130650 906.000000
146471 0.000000
152957 906.000000
164819 0.000000
166727 906.000000
177540 0.000000
178500 906.000000
183588 0.000000
189771 906.000000
201998 0.000000
204279 906.000000
220406 0.000000
226586 906.000000
238265 0.000000
240822 906.000000
256675 0.000000
272700 906.000000
276420 0.000000
279111 906.000000
294941 0.000000
301121 906.000000
307920 0.000000
308400 906.000000
312720 0.000000
314833 906.000000
321258 0.000000
322260 906.000000
330914 0.000000
337342 906.000000
349082 0.000000
351900 1714.000000
367200 0.000000
373743 1714.000000
385443 0.000000
390046 1714.000000
393540 0.000000
393705 906.000000
403560 0.000000
409784 906.000000
421711 0.000000
423998 906.000000
437520 0.000000
438000 1714.000000
439036 0.000000
446005 1714.000000
447385 0.000000
448500 1714.000000
449499 0.000000
450300 1714.000000
450780 0.000000
451170 1714.000000
451770 0.000000
453140 1714.000000
455667 0.000000
459700 906.000000
460440 1714.000000
475620 0.000000
569039 906.000000
569959 593.000000
583880 0.000000
590949 593.000000
601990 0.000000
661120 906.000000
677820 0.000000
684129 906.000000
696356 0.000000
720943 906.000000
721693 0.000000
794571 906.000000
804891 0.000000
808339 906.000000
824799 0.000000
847047 1500.000000
852862 0.000000
854510 1500.000000
860155 0.000000
919392 906.000000
935962 0.000000
942142 906.000000
954073 0.000000
1021140 906.000000
1026404 0.000000
1028055 906.000000
1043015 0.000000
1050805 906.000000
1062796 0.000000
1065360 906.000000
1080720 0.000000
1087026 906.000000
1098720 0.000000
1100560 906.000000
1117067 0.000000
1123247 906.000000
1134960 0.000000
1137600 906.000000
1153260 0.000000
1159468 906.000000
1171704 0.000000
1265881 906.000000
1281120 0.000000
1288929 906.000000
1301156 0.000000
1305600 215.000000
1317020 0.000000
1344900 906.000000
1356120 0.000000
1362557 906.000000
1374480 0.000000
1377300 906.000000
1387920 0.000000
1436186 906.000000
1448413 0.000000
1449953 906.000000
1466820 0.000000
1496100 906.000000
1504671 0.000000
1511321 906.000000
1517400 0.000000
1524460 906.000000
1529404 0.000000
1532450 906.000000
1540620 0.000000
1546942 906.000000
1558633 0.000000
1561153 906.000000
1573683 0.000000
1583163 906.000000
1595094 0.000000
1598782 906.000000
1613204 0.000000
1619384 906.000000
1631315 0.000000
1633595 906.000000
1649425 0.000000
1671660 906.000000
1672400 1500.000000
1678405 0.000000
1692013 1500.000000
1698018 0.000000
1778279 906.000000
1779189 593.000000
1793834 0.000000
1800549 593.000000
1811594 0.000000
1836035 906.000000
1850734 0.000000
1908236 906.000000
1924363 0.000000
1930543 906.000000
1943675 0.000000
2004171 906.000000
2016399 0.000000
2017939 906.000000
2034806 0.000000
2093100 906.000000
2108328 0.000000
2115450 906.000000
2125934 0.000000
2127474 906.000000
2143178 0.000000
2149718 906.000000
2160783 0.000000
2163423 906.000000
2178747 0.000000
2184927 906.000000
2196352 0.000000
2197892 906.000000
2213956 0.000000
2255345 906.000000
2266770 0.000000
2270491 906.000000
2284375 0.000000
2339468 906.000000
2354792 0.000000
2360973 906.000000
2372397 0.000000
2373937 906.000000
2381220 0.000000
2431391 1714.000000
2442480 0.000000
2446577 906.000000
2447317 1714.000000
2460420 0.000000
0 events for 6
86 events for 7
11700 1979.000000
12900 0.000000
14700 1979.000000
18300 1365.000000
19020 1979.000000
33420 1365.000000
33600 1979.000000
62400 1365.000000
63120 1979.000000
77520 1365.000000
77700 1979.000000
111300 1365.000000
112020 1979.000000
126420 1365.000000
126600 1979.000000
145800 0.000000
187671 4096.000000
195871 0.000000
480126 665.000000
509286 0.000000
645214 665.000000
674734 0.000000
718843 4096.000000
727043 0.000000
792471 4096.000000
800671 0.000000
875400 4096.000000
883600 0.000000
976263 4096.000000
984463 0.000000
1048705 4096.000000
1056905 0.000000
1157368 4096.000000
1165568 0.000000
1493580 3754.000000
1494300 0.000000
1496100 3754.000000
1499700 0.000000
1506900 3754.000000
1507620 0.000000
1509420 3754.000000
1513020 0.000000
1528620 3754.000000
1529340 0.000000
1531140 3754.000000
1534740 0.000000
1543140 3754.000000
1543860 0.000000
1545660 3754.000000
1549260 0.000000
1606980 3754.000000
1607700 0.000000
1609500 3754.000000
1613100 0.000000
1652700 3754.000000
1653420 0.000000
1655220 3754.000000
1658820 0.000000
1699500 3754.000000
1700220 0.000000
1702020 3754.000000
1705620 0.000000
1910100 3754.000000
1910820 0.000000
1912620 3754.000000
1916220 0.000000
2075701 3754.000000
2076421 0.000000
2078221 3754.000000
2081821 0.000000
2254200 1979.000000
2255400 0.000000
2257200 1979.000000
2260800 1365.000000
2261520 1979.000000
2275920 1365.000000
2276100 1979.000000
2304900 1365.000000
2305620 1979.000000
2320020 1365.000000
2320200 1979.000000
2353800 1365.000000
2354520 1979.000000
2368920 1365.000000
2369100 1979.000000
2388300 0.000000
59 events for 8
14280 20.000000
14460 0.000000
16620 20.000000
16800 0.000000
16860 126.000000
42780 0.000000
43440 20.000000
43620 0.000000
45780 20.000000
45960 0.000000
46020 218.000000
61080 0.000000
61740 20.000000
61920 0.000000
64080 20.000000
64260 0.000000
64320 32.000000
201840 28.000000
202140 0.000000
202800 20.000000
202980 0.000000
205140 20.000000
205320 0.000000
205380 201.000000
232320 28.000000
232620 0.000000
232680 20.000000
232860 203.000000
258900 0.000000
271260 20.000000
271440 0.000000
273600 20.000000
273780 0.000000
273840 36.000000
292920 0.000000
293580 20.000000
293760 0.000000
295920 20.000000
296100 0.000000
296160 36.000000
315240 0.000000
315900 20.000000
316080 0.000000
318240 20.000000
318420 0.000000
318480 36.000000
347700 0.000000
543660 20.000000
543840 0.000000
546000 20.000000
546180 0.000000
546240 12.000000
604500 0.000000
604800 330.000000
1209000 0.000000
1209600 330.000000
1813800 0.000000
1814400 330.000000
2461800 0.000000
10 events for 9
1 2414.000000
604800 1772.000000
624807 2414.000000
626647 1772.000000
719143 2414.000000
782201 1772.000000
956353 2414.000000
1020884 1772.000000
1209600 2414.000000
2462400 0.000000
73 events for 10
43202 51185344.000000
43207 0.000000
108002 36088368.000000
108007 0.000000
151202 46317017.000000
151207 0.000000
216002 62132584.000000
216007 0.000000
302402 55765577.000000
302407 0.000000
367202 60879901.000000
367207 0.000000
453602 79077832.000000
453607 0.000000
475202 48576383.000000
475207 0.000000
540002 294648376.000000
540007 0.000000
561602 296678458.000000
561607 0.000000
583202 98892820.000000
583207 0.000000
712862 164236787.000000
712867 0.000000
799262 62903535.000000
799267 0.000000
820862 107834631.000000
820867 0.000000
1080062 75634496.000000
1080067 0.000000
1101662 54224800.000000
1101667 0.000000
1123262 63262266.000000
1123267 0.000000
1144862 64391949.000000
1144867 0.000000
1204504 30501450.000000
1204509 0.000000
1296062 48936228.000000
1296067 0.000000
1490462 299009561.000000
1490467 0.000000
1490572 4498234.000000
1490574 3748528.000000
1490577 0.000000
1490597 4815876.000000
1490611 0.000000
1512062 74179864.000000
1512067 0.000000
1533662 283378476.000000
1533667 0.000000
1599662 384982799.000000
1599667 0.000000
1684862 110156519.000000
1684867 0.000000
1728062 113081558.000000
1728067 0.000000
1812904 8913914.000000
1812909 0.000000
1987262 107875632.000000
1987267 0.000000
2311262 36649792.000000
2311267 0.000000
2332862 37228299.000000
2332867 0.000000
2354462 14665383.000000
2354467 0.000000
2397662 28259540.000000
2397667 0.000000
2419262 41059194.000000
2419267 0.000000
2424607 12375268.000000
2424612 0.000000
15 events for 11
1 1944.000000
616200 1300.000000
863999 0.000000
875400 1300.000000
1209599 0.000000
1221000 1300.000000
1468799 0.000000
1480200 1300.000000
1727999 0.000000
1739400 1300.000000
1814399 0.000000
1825800 1300.000000
2073599 0.000000
2091000 1300.000000
2462399 0.000000
323 events for 12
27249 58982.000000
30000 7514.000000
33514 0.000000
40663 58982.000000
40753 66496.000000
42094 7514.000000
42403 66496.000000
43834 7514.000000
44083 66496.000000
45514 7514.000000
45763 66496.000000
47194 7514.000000
47443 66496.000000
48874 7514.000000
48884 0.000000
93785 58982.000000
93875 66496.000000
95216 7514.000000
95645 66496.000000
97076 7514.000000
97445 66496.000000
98876 7514.000000
99245 66496.000000
100676 7514.000000
101045 66496.000000
102476 7514.000000
102845 66496.000000
104276 7514.000000
104645 66496.000000
106076 7514.000000
106445 66496.000000
107876 7514.000000
108245 66496.000000
109676 7514.000000
110106 0.000000
114292 58982.000000
114382 66496.000000
115723 7514.000000
116152 66496.000000
117583 7514.000000
117952 66496.000000
119383 7514.000000
119752 66496.000000
121183 7514.000000
121552 66496.000000
122983 7514.000000
123352 66496.000000
124783 7514.000000
125152 66496.000000
126583 7514.000000
126952 66496.000000
128383 7514.000000
128513 0.000000
130599 58982.000000
130689 66496.000000
132150 7514.000000
132219 66496.000000
133770 7514.000000
133839 66496.000000
135270 7514.000000
135275 0.000000
178539 7514.000000
183720 0.000000
189510 7514.000000
202131 0.000000
204318 7514.000000
220539 0.000000
299289 58982.000000
299379 66496.000000
300720 7514.000000
301149 66496.000000
302580 7514.000000
302940 0.000000
303249 58982.000000
303339 66496.000000
304680 7514.000000
304929 66496.000000
306360 7514.000000
306669 66496.000000
308100 7514.000000
308105 0.000000
394449 58982.000000
394539 66496.000000
395880 7514.000000
395949 66496.000000
397380 7514.000000
397449 66496.000000
398880 7514.000000
398949 66496.000000
400380 7514.000000
400449 66496.000000
401880 7514.000000
401949 66496.000000
403380 7514.000000
403740 0.000000
407934 58982.000000
408024 66496.000000
409365 7514.000000
409794 66496.000000
411225 7514.000000
411594 66496.000000
413025 7514.000000
413394 58982.000000
414825 7514.000000
415194 66496.000000
416625 7514.000000
416994 58982.000000
418425 7514.000000
418794 66496.000000
420225 7514.000000
420414 66496.000000
421845 7514.000000
421850 0.000000
423947 58982.000000
424037 66496.000000
425378 7514.000000
425627 66496.000000
427058 7514.000000
427307 66496.000000
428738 7514.000000
428987 66496.000000
430418 7514.000000
430667 66496.000000
432098 7514.000000
432347 66496.000000
433778 7514.000000
434027 66496.000000
435458 7514.000000
435707 66496.000000
437138 7514.000000
437683 0.000000
627399 7514.000000
638365 0.000000
645609 58982.000000
645699 66496.000000
646420 7514.000000
646509 66496.000000
647320 7514.000000
647649 66496.000000
648460 7514.000000
648549 66496.000000
649360 7514.000000
649689 66496.000000
650500 7514.000000
650589 66496.000000
651400 7514.000000
651909 66496.000000
652720 7514.000000
652809 66496.000000
653620 7514.000000
653949 66496.000000
654760 7514.000000
654849 66496.000000
655660 7514.000000
655989 66496.000000
656800 7514.000000
656889 66496.000000
657700 7514.000000
657705 0.000000
661809 58982.000000
661899 65726.000000
667020 6744.000000
672669 65726.000000
677880 6744.000000
678000 0.000000
682278 58982.000000
682368 65726.000000
687489 6744.000000
689538 65726.000000
694749 6744.000000
694920 0.000000
696900 169032.000000
698220 45609.000000
698885 0.000000
883860 58982.000000
883950 66496.000000
885291 7514.000000
887520 66496.000000
888951 7514.000000
891120 66496.000000
892551 7514.000000
894720 66496.000000
896151 7514.000000
896520 66496.000000
897951 7514.000000
898311 0.000000
904070 58982.000000
904160 66496.000000
905501 7514.000000
905930 66496.000000
907361 7514.000000
907730 66496.000000
909161 7514.000000
909530 66496.000000
910961 7514.000000
911321 0.000000
912849 58982.000000
912939 65726.000000
915480 6744.000000
915549 65726.000000
918000 6744.000000
918005 0.000000
920081 58982.000000
920171 62354.000000
922712 3372.000000
923741 62354.000000
926372 3372.000000
927341 62354.000000
929972 3372.000000
930941 62354.000000
933572 3372.000000
936092 0.000000
940291 58982.000000
940381 62354.000000
942922 3372.000000
943951 62354.000000
946582 3372.000000
947551 62354.000000
950182 3372.000000
951151 62354.000000
953782 3372.000000
954202 0.000000
1021133 58982.000000
1021223 66496.000000
1022564 7514.000000
1022949 0.000000
1022993 58982.000000
1024424 7514.000000
1024793 66496.000000
1026224 7514.000000
1026584 0.000000
1028744 58982.000000
1028834 66496.000000
1030175 7514.000000
1032404 66496.000000
1033835 7514.000000
1034204 66496.000000
1035635 7514.000000
1036004 66496.000000
1037435 7514.000000
1037804 66496.000000
1039235 7514.000000
1041404 66496.000000
1042835 7514.000000
1043195 0.000000
1048954 58982.000000
1049044 66496.000000
1050385 7514.000000
1052614 66496.000000
1054045 7514.000000
1054414 66496.000000
1055845 7514.000000
1056214 66496.000000
1057645 7514.000000
1059814 66496.000000
1061245 7514.000000
1061605 0.000000
1231928 58982.000000
1232018 65726.000000
1233359 6744.000000
1235588 65726.000000
1237019 6744.000000
1237388 65726.000000
1238819 6744.000000
1240988 65726.000000
1242419 6744.000000
1244588 65726.000000
1246019 6744.000000
1246114 0.000000
1250263 58982.000000
1250353 65726.000000
1251634 6744.000000
1251823 65726.000000
1253194 6744.000000
1253383 65726.000000
1254754 6744.000000
1254943 65726.000000
1256314 6744.000000
1256503 65726.000000
1257874 6744.000000
1258200 0.000000
1287078 58982.000000
1287167 248143.000000
1287369 58982.000000
1287528 65726.000000
1288449 6744.000000
1291818 65726.000000
1293189 6744.000000
1296498 65726.000000
1297869 6744.000000
1300929 0.000000
1496049 235930.000000
1496139 7514.000000
1503180 6744.000000
1504721 0.000000
1508870 235930.000000
1508960 242674.000000
1516001 6744.000000
1517542 0.000000
1561192 7514.000000
1561449 243444.000000
1565100 7514.000000
1577163 0.000000
2431040 58982.000000
2431130 65726.000000
2432411 6744.000000
2432900 65726.000000
2434211 6744.000000
2434700 65726.000000
2436011 6744.000000
2438300 65726.000000
2439611 6744.000000
2442995 0.000000
2447266 58982.000000
2447356 65726.000000
2448637 6744.000000
2449126 65726.000000
2450437 6744.000000
2450926 65726.000000
2452237 6744.000000
2454526 65726.000000
2455837 6744.000000
2460600 0.000000
206 events for 13
1 240.000000
2112 444.000000
3093 382.000000
3393 444.000000
12922 548.000000
34523 444.000000
41722 548.000000
72323 444.000000
79522 548.000000
88544 798.000000
108323 695.000000
115522 1722.000000
135355 3004.000000
146123 1977.000000
151522 3004.000000
174944 2754.000000
182123 1727.000000
189322 2754.000000
219923 1727.000000
224973 1664.000000
225273 3917.000000
225322 4944.000000
258623 3917.000000
261273 1727.000000
275722 2754.000000
294623 1727.000000
300922 2754.000000
308155 1471.000000
329723 444.000000
336922 548.000000
367523 444.000000
372922 1471.000000
383373 1409.000000
383673 3662.000000
394555 4944.000000
401723 3917.000000
408922 4944.000000
434073 2754.000000
437723 1727.000000
444922 2754.000000
473723 1727.000000
480922 2754.000000
509723 1727.000000
516922 2754.000000
522093 2691.000000
522393 2754.000000
524155 1471.000000
531322 548.000000
547523 444.000000
554722 548.000000
583523 444.000000
588922 548.000000
604223 444.000000
617722 548.000000
639323 444.000000
646522 548.000000
677123 444.000000
682522 1471.000000
693312 1267.000000
693333 1205.000000
693633 3458.000000
696955 4740.000000
714923 3713.000000
720322 3817.000000
750923 3713.000000
752733 1523.000000
759922 1626.000000
779712 1830.000000
788723 1727.000000
794122 1830.000000
801344 2081.000000
804955 798.000000
822923 695.000000
826555 1977.000000
830122 3004.000000
848122 2081.000000
848155 798.000000
863423 695.000000
866133 632.000000
866144 382.000000
866433 444.000000
878722 548.000000
898523 444.000000
905722 548.000000
934523 444.000000
941722 548.000000
970523 444.000000
977722 548.000000
1006523 444.000000
1013722 548.000000
1038933 485.000000
1039233 548.000000
1044323 444.000000
1049722 548.000000
1078523 444.000000
1087522 548.000000
1116323 444.000000
1123522 548.000000
1152323 444.000000
1157722 548.000000
1188323 444.000000
1193755 1727.000000
1195522 2754.000000
1208123 1727.000000
1211733 1664.000000
1212033 1727.000000
1215355 444.000000
1222522 1471.000000
1244123 444.000000
1251322 1471.000000
1281923 444.000000
1287322 1471.000000
1317923 444.000000
1325122 1471.000000
1355723 444.000000
1361122 1471.000000
1393523 444.000000
1398922 1471.000000
1427723 444.000000
1434922 548.000000
1468223 444.000000
1470573 382.000000
1470873 2635.000000
1470944 2885.000000
1474555 4168.000000
1481722 5195.000000
1503323 4168.000000
1510522 5195.000000
1539323 4168.000000
1546522 5195.000000
1557344 4944.000000
1577123 3917.000000
1582522 4944.000000
1613123 3917.000000
1618522 4944.000000
1622193 2754.000000
1649123 1727.000000
1654522 2754.000000
1665344 3004.000000
1685123 1977.000000
1690522 3004.000000
1726523 1977.000000
1730073 1915.000000
1730144 1664.000000
1730373 3917.000000
1736073 1727.000000
1740922 2754.000000
1755355 1471.000000
1758023 444.000000
1762522 1471.000000
1794023 444.000000
1798522 1471.000000
1813823 444.000000
1827322 548.000000
1850723 444.000000
1856122 1471.000000
1886723 444.000000
1892122 1471.000000
1906593 1409.000000
1906833 1471.000000
1922723 444.000000
1929922 1471.000000
1960523 444.000000
1965922 1471.000000
1998323 444.000000
2003722 1471.000000
2034323 444.000000
2039722 1471.000000
2073023 444.000000
2075712 240.000000
2076693 178.000000
2076993 240.000000
2079355 1523.000000
2093722 2550.000000
2100955 1267.000000
2108123 240.000000
2113522 1267.000000
2118912 1471.000000
2142323 444.000000
2149522 1471.000000
2178323 444.000000
2183722 1471.000000
2212523 444.000000
2219722 1471.000000
2248523 444.000000
2249493 382.000000
2249793 444.000000
2252155 1727.000000
2255722 2754.000000
2284523 1727.000000
2289922 2754.000000
2318723 1727.000000
2325922 2754.000000
2334912 2550.000000
2354723 1523.000000
2360122 1626.000000
2388923 1523.000000
2394322 1626.000000
2421312 1830.000000
2422293 1768.000000
2422593 1830.000000
2424923 1727.000000
2424955 444.000000
2430322 548.000000
2461523 444.000000
2462400 0.000000
2 events for 14
1 74.000000
2462400 0.000000
0 events for 15
