16 buffers
2800000000.0 127688000.0
3200000000.0 187875000.0
960000000.0 0.0
800000000.0 134119000.0
50328700.0 1007350.0
160000000.0 25421500.0
320000000.0 0.0
640000000.0 180972000.0
320000000.0 5496230.0
1600000000.0 101488000.0
7516190000.0 644465000.0
800000000.0 0.0
4000000000.0 1019990000.0
880000000.0 28058200.0
595557000.0 4141339.9999999995
888000000.0 0.0
94 downlinks
0 13800 38075 14283.158700
1 43568 47362 14283.158700
2 73479 87144 45706.107900
3 122233 125241 45706.107900
4 129872 143484 14283.158700
5 148175 171748 14283.158700
6 176431 210594 45706.107900
7 216176 222681 14283.158700
8 247171 258452 14283.158700
9 273000 290492 14283.158700
10 299490 315450 45706.107900
11 331167 346056 45706.107900
12 350723 376296 45706.107900
13 380963 404556 14283.158700
14 417863 432460 45706.107900
15 442759 461560 45706.107900
16 467141 477160 45706.107900
17 481759 490060 14283.158700
18 494659 512688 45706.107900
19 532200 550904 14283.158700
20 555555 577064 14283.158700
21 624600 641892 14283.158700
22 647706 652473 14283.158700
23 665651 676068 14283.158700
24 697147 698670 45706.107900
25 725822 729439 45706.107900
26 734014 764212 14283.158700
27 768847 778376 14283.158700
28 783003 814412 45706.107900
29 820322 824266 14283.158700
30 883800 892980 45706.107900
31 897539 900420 45706.107900
32 905039 918780 14283.158700
33 933526 944239 45706.107900
34 948798 952985 14283.158700
35 957834 979085 14283.158700
36 983634 986933 45706.107900
37 992940 1004807 14283.158700
38 1016934 1036689 14283.158700
39 1042130 1065489 45706.107900
40 1079250 1116865 45706.107900
41 1121406 1159454 14283.158700
42 1165559 1178593 14283.158700
43 1183126 1196293 14283.158700
44 1207711 1209300 45706.107900
45 1229400 1245716 14283.158700
46 1251870 1277298 14283.158700
47 1281821 1295602 14283.158700
48 1300117 1305204 45706.107900
49 1320535 1333666 14283.158700
50 1338181 1367842 14283.158700
51 1386812 1398507 14283.158700
52 1403072 1411347 45706.107900
53 1415912 1433007 14283.158700
54 1466628 1468500 45706.107900
55 1488600 1504501 14283.158700
56 1508996 1522890 14283.158700
57 1533207 1537770 91412.215800
58 1542750 1554816 91412.215800
59 1559363 1583856 91412.215800
60 1588403 1597116 28566.322400
61 1614503 1637016 91412.215800
62 1641503 1669121 91412.215800
63 1674325 1678954 91412.215800
64 1683431 1721072 38088.423200
65 1725549 1763285 45706.107900
66 1769745 1772958 28566.322400
67 1786993 1799070 45706.107900
68 1803990 1806226 91412.215800
69 1846988 1872231 91412.215800
70 1876688 1883213 91412.215800
71 1898165 1915895 45706.107900
72 1933010 1937926 28566.322400
73 1942375 1954975 38088.423200
74 1959484 1982935 45706.107900
75 1987439 2022072 91412.215800
76 2030879 2044740 38088.423200
77 2062979 2073300 91412.215800
78 2088834 2101085 91412.215800
79 2105574 2131145 38088.423200
80 2157094 2163490 91412.215800
81 2167969 2186650 38088.423200
82 2191129 2194598 91412.215800
83 2199017 2202850 38088.423200
84 2207269 2217550 38088.423200
85 2243405 2247013 91412.215800
86 2259164 2272755 38088.423200
87 2277925 2283231 28566.322400
88 2287640 2318295 38088.423200
89 2322764 2331560 45706.107900
90 2336019 2340800 91412.215800
91 2345259 2359160 38088.423200
92 2363619 2367125 91412.215800
93 2385992 2390509 38088.423200
2 events for 0
1 2650.000000
2419200 0.000000
1024 events for 1
18813 12910592.000000
18814 0.000000
19043 12910592.000000
19044 0.000000
19583 12910592.000000
19584 0.000000
19813 12910592.000000
19814 0.000000
37328 12910592.000000
37329 0.000000
37588 12910592.000000
37589 0.000000
38168 12910592.000000
38169 0.000000
38428 12910592.000000
38429 0.000000
55842 12910592.000000
55843 0.000000
56102 12910592.000000
56103 0.000000
56682 12910592.000000
56683 0.000000
56942 12910592.000000
56943 0.000000
74356 12910592.000000
74357 0.000000
74616 12910592.000000
74617 0.000000
75196 12910592.000000
75197 0.000000
75456 12910592.000000
75457 0.000000
92870 12910592.000000
92871 0.000000
93130 12910592.000000
93131 0.000000
93710 12910592.000000
93711 0.000000
93970 12910592.000000
93971 0.000000
111385 12910592.000000
111386 0.000000
111645 12910592.000000
111646 0.000000
112225 12910592.000000
112226 0.000000
112485 12910592.000000
112486 0.000000
129899 12910592.000000
129900 0.000000
130159 12910592.000000
130160 0.000000
130739 12910592.000000
130740 0.000000
130999 12910592.000000
131000 0.000000
148413 12910592.000000
148414 0.000000
148673 12910592.000000
148674 0.000000
149253 12910592.000000
149254 0.000000
149513 12910592.000000
149514 0.000000
166928 12910592.000000
166929 0.000000
167188 12910592.000000
167189 0.000000
167768 12910592.000000
167769 0.000000
168028 12910592.000000
168029 0.000000
185442 12910592.000000
185443 0.000000
185702 12910592.000000
185703 0.000000
186282 12910592.000000
186283 0.000000
186542 12910592.000000
186543 0.000000
203956 12910592.000000
203957 0.000000
204216 12910592.000000
204217 0.000000
204796 12910592.000000
204797 0.000000
205056 12910592.000000
205057 0.000000
222470 12910592.000000
222471 0.000000
222730 12910592.000000
222731 0.000000
223310 12910592.000000
223311 0.000000
223570 12910592.000000
223571 0.000000
240385 12910592.000000
240386 0.000000
240645 12910592.000000
240646 0.000000
241225 12910592.000000
241226 0.000000
241485 12910592.000000
241486 0.000000
257999 12910592.000000
258000 0.000000
258259 12910592.000000
258260 0.000000
258839 12910592.000000
258840 0.000000
259099 12910592.000000
259100 0.000000
277688 12910592.000000
277689 0.000000
277948 12910592.000000
277949 0.000000
278528 12910592.000000
278529 0.000000
278788 12910592.000000
278789 0.000000
298249 12910592.000000
298250 0.000000
298509 12910592.000000
298510 0.000000
299089 12910592.000000
299090 0.000000
299349 12910592.000000
299350 0.000000
312649 12910592.000000
312650 0.000000
312909 12910592.000000
312910 0.000000
313489 12910592.000000
313490 0.000000
313749 12910592.000000
313750 0.000000
332257 12910592.000000
332258 0.000000
332517 12910592.000000
332518 0.000000
333097 12910592.000000
333098 0.000000
333357 12910592.000000
333358 0.000000
350446 12910592.000000
350447 0.000000
350706 12910592.000000
350707 0.000000
351286 12910592.000000
351287 0.000000
351546 12910592.000000
351547 0.000000
368636 12910592.000000
368637 0.000000
368896 12910592.000000
368897 0.000000
369476 12910592.000000
369477 0.000000
369736 12910592.000000
369737 0.000000
386825 12910592.000000
386826 0.000000
387055 12910592.000000
387056 0.000000
387595 12910592.000000
387596 0.000000
387825 12910592.000000
387826 0.000000
405015 12910592.000000
405016 0.000000
405275 12910592.000000
405276 0.000000
405855 12910592.000000
405856 0.000000
406115 12910592.000000
406116 0.000000
423204 12910592.000000
423205 0.000000
423464 12910592.000000
423465 0.000000
424044 12910592.000000
424045 0.000000
424304 12910592.000000
424305 0.000000
441394 12910592.000000
441395 0.000000
441654 12910592.000000
441655 0.000000
442234 12910592.000000
442235 0.000000
442494 12910592.000000
442495 0.000000
459583 12910592.000000
459584 0.000000
459843 12910592.000000
459844 0.000000
460423 12910592.000000
460424 0.000000
460683 12910592.000000
460684 0.000000
477773 12910592.000000
477774 0.000000
478033 12910592.000000
478034 0.000000
478613 12910592.000000
478614 0.000000
478873 12910592.000000
478874 0.000000
495962 12910592.000000
495963 0.000000
496222 12910592.000000
496223 0.000000
496802 12910592.000000
496803 0.000000
497062 12910592.000000
497063 0.000000
514152 12910592.000000
514153 0.000000
514412 12910592.000000
514413 0.000000
514992 12910592.000000
514993 0.000000
515252 12910592.000000
515253 0.000000
532341 12910592.000000
532342 0.000000
532601 12910592.000000
532602 0.000000
533181 12910592.000000
533182 0.000000
533441 12910592.000000
533442 0.000000
550531 12910592.000000
550532 0.000000
550791 12910592.000000
550792 0.000000
551371 12910592.000000
551372 0.000000
551631 12910592.000000
551632 0.000000
568720 12910592.000000
568721 0.000000
568980 12910592.000000
568981 0.000000
569560 12910592.000000
569561 0.000000
569820 12910592.000000
569821 0.000000
586310 12910592.000000
586311 0.000000
586570 12910592.000000
586571 0.000000
587150 12910592.000000
587151 0.000000
587410 12910592.000000
587411 0.000000
603599 12910592.000000
603600 0.000000
603859 12910592.000000
603860 0.000000
604439 12910592.000000
604440 0.000000
604699 12910592.000000
604700 0.000000
622499 12910592.000000
622500 0.000000
622729 12910592.000000
622730 0.000000
623269 12910592.000000
623270 0.000000
623499 12910592.000000
623500 0.000000
642128 12910592.000000
642129 0.000000
642388 12910592.000000
642389 0.000000
642968 12910592.000000
642969 0.000000
643228 12910592.000000
643229 0.000000
660642 12910592.000000
660643 0.000000
660902 12910592.000000
660903 0.000000
661482 12910592.000000
661483 0.000000
661742 12910592.000000
661743 0.000000
679156 12910592.000000
679157 0.000000
679416 12910592.000000
679417 0.000000
679996 12910592.000000
679997 0.000000
680256 12910592.000000
680257 0.000000
697670 12910592.000000
697671 0.000000
697930 12910592.000000
697931 0.000000
698510 12910592.000000
698511 0.000000
698770 12910592.000000
698771 0.000000
716185 12910592.000000
716186 0.000000
716445 12910592.000000
716446 0.000000
717025 12910592.000000
717026 0.000000
717285 12910592.000000
717286 0.000000
734699 12910592.000000
734700 0.000000
734959 12910592.000000
734960 0.000000
735539 12910592.000000
735540 0.000000
735799 12910592.000000
735800 0.000000
753213 12910592.000000
753214 0.000000
753473 12910592.000000
753474 0.000000
754053 12910592.000000
754054 0.000000
754313 12910592.000000
754314 0.000000
771728 12910592.000000
771729 0.000000
771988 12910592.000000
771989 0.000000
772568 12910592.000000
772569 0.000000
772828 12910592.000000
772829 0.000000
790242 12910592.000000
790243 0.000000
790502 12910592.000000
790503 0.000000
791082 12910592.000000
791083 0.000000
791342 12910592.000000
791343 0.000000
808756 12910592.000000
808757 0.000000
809016 12910592.000000
809017 0.000000
809596 12910592.000000
809597 0.000000
809856 12910592.000000
809857 0.000000
827270 12910592.000000
827271 0.000000
827530 12910592.000000
827531 0.000000
828110 12910592.000000
828111 0.000000
828370 12910592.000000
828371 0.000000
845185 12910592.000000
845186 0.000000
845445 12910592.000000
845446 0.000000
846025 12910592.000000
846026 0.000000
846285 12910592.000000
846286 0.000000
862799 12910592.000000
862800 0.000000
863059 12910592.000000
863060 0.000000
863639 12910592.000000
863640 0.000000
863899 12910592.000000
863900 0.000000
881699 12910592.000000
881700 0.000000
881959 12910592.000000
881960 0.000000
882539 12910592.000000
882540 0.000000
882799 12910592.000000
882800 0.000000
900678 12910592.000000
900679 0.000000
900938 12910592.000000
900939 0.000000
901518 12910592.000000
901519 0.000000
901778 12910592.000000
901779 0.000000
918867 12910592.000000
918868 0.000000
919127 12910592.000000
919128 0.000000
919707 12910592.000000
919708 0.000000
919967 12910592.000000
919968 0.000000
937057 12910592.000000
937058 0.000000
937317 12910592.000000
937318 0.000000
937897 12910592.000000
937898 0.000000
938157 12910592.000000
938158 0.000000
955246 12910592.000000
955247 0.000000
955506 12910592.000000
955507 0.000000
956086 12910592.000000
956087 0.000000
956346 12910592.000000
956347 0.000000
973436 12910592.000000
973437 0.000000
973696 12910592.000000
973697 0.000000
974276 12910592.000000
974277 0.000000
974536 12910592.000000
974537 0.000000
991625 12910592.000000
991626 0.000000
991855 12910592.000000
991856 0.000000
992395 12910592.000000
992396 0.000000
992625 12910592.000000
992626 0.000000
1078799 12910592.000000
1078800 0.000000
1079059 12910592.000000
1079060 0.000000
1079639 12910592.000000
1079640 0.000000
1079899 12910592.000000
1079900 0.000000
1100762 12910592.000000
1100763 0.000000
1101022 12910592.000000
1101023 0.000000
1101602 12910592.000000
1101603 0.000000
1101862 12910592.000000
1101863 0.000000
1118952 12910592.000000
1118953 0.000000
1119212 12910592.000000
1119213 0.000000
1119792 12910592.000000
1119793 0.000000
1120052 12910592.000000
1120053 0.000000
1137141 12910592.000000
1137142 0.000000
1137401 12910592.000000
1137402 0.000000
1137981 12910592.000000
1137982 0.000000
1138241 12910592.000000
1138242 0.000000
1155331 12910592.000000
1155332 0.000000
1155591 12910592.000000
1155592 0.000000
1156171 12910592.000000
1156172 0.000000
1156431 12910592.000000
1156432 0.000000
1173520 12910592.000000
1173521 0.000000
1173780 12910592.000000
1173781 0.000000
1174360 12910592.000000
1174361 0.000000
1174620 12910592.000000
1174621 0.000000
1191110 12910592.000000
1191111 0.000000
1191370 12910592.000000
1191371 0.000000
1191950 12910592.000000
1191951 0.000000
1192210 12910592.000000
1192211 0.000000
1208399 12910592.000000
1208400 0.000000
1208659 12910592.000000
1208660 0.000000
1209239 12910592.000000
1209240 0.000000
1209499 12910592.000000
1209500 0.000000
1227299 12910592.000000
1227300 0.000000
1227529 12910592.000000
1227530 0.000000
1228069 12910592.000000
1228070 0.000000
1228299 12910592.000000
1228300 0.000000
1246928 12910592.000000
1246929 0.000000
1247188 12910592.000000
1247189 0.000000
1247768 12910592.000000
1247769 0.000000
1248028 12910592.000000
1248029 0.000000
1265442 12910592.000000
1265443 0.000000
1265702 12910592.000000
1265703 0.000000
1266282 12910592.000000
1266283 0.000000
1266542 12910592.000000
1266543 0.000000
1283956 12910592.000000
1283957 0.000000
1284216 12910592.000000
1284217 0.000000
1284796 12910592.000000
1284797 0.000000
1285056 12910592.000000
1285057 0.000000
1302470 12910592.000000
1302471 0.000000
1302730 12910592.000000
1302731 0.000000
1303310 12910592.000000
1303311 0.000000
1303570 12910592.000000
1303571 0.000000
1320985 12910592.000000
1320986 0.000000
1321245 12910592.000000
1321246 0.000000
1321825 12910592.000000
1321826 0.000000
1322085 12910592.000000
1322086 0.000000
1339499 12910592.000000
1339500 0.000000
1339759 12910592.000000
1339760 0.000000
1340339 12910592.000000
1340340 0.000000
1340599 12910592.000000
1340600 0.000000
1358013 12910592.000000
1358014 0.000000
1358273 12910592.000000
1358274 0.000000
1358853 12910592.000000
1358854 0.000000
1359113 12910592.000000
1359114 0.000000
1376528 12910592.000000
1376529 0.000000
1376788 12910592.000000
1376789 0.000000
1377368 12910592.000000
1377369 0.000000
1377628 12910592.000000
1377629 0.000000
1395042 12910592.000000
1395043 0.000000
1395302 12910592.000000
1395303 0.000000
1395882 12910592.000000
1395883 0.000000
1396142 12910592.000000
1396143 0.000000
1413556 12910592.000000
1413557 0.000000
1413816 12910592.000000
1413817 0.000000
1414396 12910592.000000
1414397 0.000000
1414656 12910592.000000
1414657 0.000000
1432070 12910592.000000
1432071 0.000000
1432330 12910592.000000
1432331 0.000000
1432910 12910592.000000
1432911 0.000000
1433170 12910592.000000
1433171 0.000000
1449985 12910592.000000
1449986 0.000000
1450245 12910592.000000
1450246 0.000000
1450825 12910592.000000
1450826 0.000000
1451085 12910592.000000
1451086 0.000000
1467599 12910592.000000
1467600 0.000000
1467859 12910592.000000
1467860 0.000000
1468439 12910592.000000
1468440 0.000000
1468699 12910592.000000
1468700 0.000000
1486499 12910592.000000
1486500 0.000000
1486759 12910592.000000
1486760 0.000000
1487339 12910592.000000
1487340 0.000000
1487599 12910592.000000
1487600 0.000000
1505478 12910592.000000
1505479 0.000000
1505738 12910592.000000
1505739 0.000000
1506318 12910592.000000
1506319 0.000000
1506578 12910592.000000
1506579 0.000000
1523667 12910592.000000
1523668 0.000000
1523927 12910592.000000
1523928 0.000000
1524507 12910592.000000
1524508 0.000000
1524767 12910592.000000
1524768 0.000000
1541857 12910592.000000
1541858 0.000000
1542117 12910592.000000
1542118 0.000000
1542697 12910592.000000
1542698 0.000000
1542957 12910592.000000
1542958 0.000000
1560046 12910592.000000
1560047 0.000000
1560306 12910592.000000
1560307 0.000000
1560886 12910592.000000
1560887 0.000000
1561146 12910592.000000
1561147 0.000000
1578236 12910592.000000
1578237 0.000000
1578496 12910592.000000
1578497 0.000000
1579076 12910592.000000
1579077 0.000000
1579336 12910592.000000
1579337 0.000000
1596425 12910592.000000
1596426 0.000000
1596655 12910592.000000
1596656 0.000000
1597195 12910592.000000
1597196 0.000000
1597425 12910592.000000
1597426 0.000000
1614615 12910592.000000
1614616 0.000000
1614875 12910592.000000
1614876 0.000000
1615455 12910592.000000
1615456 0.000000
1615715 12910592.000000
1615716 0.000000
1632804 12910592.000000
1632805 0.000000
1633064 12910592.000000
1633065 0.000000
1633644 12910592.000000
1633645 0.000000
1633904 12910592.000000
1633905 0.000000
1650994 12910592.000000
1650995 0.000000
1651254 12910592.000000
1651255 0.000000
1651834 12910592.000000
1651835 0.000000
1652094 12910592.000000
1652095 0.000000
1669183 12910592.000000
1669184 0.000000
1669443 12910592.000000
1669444 0.000000
1670023 12910592.000000
1670024 0.000000
1670283 12910592.000000
1670284 0.000000
1687373 12910592.000000
1687374 0.000000
1687633 12910592.000000
1687634 0.000000
1688213 12910592.000000
1688214 0.000000
1688473 12910592.000000
1688474 0.000000
1705562 12910592.000000
1705563 0.000000
1705822 12910592.000000
1705823 0.000000
1706402 12910592.000000
1706403 0.000000
1706662 12910592.000000
1706663 0.000000
1723752 12910592.000000
1723753 0.000000
1724012 12910592.000000
1724013 0.000000
1724592 12910592.000000
1724593 0.000000
1724852 12910592.000000
1724853 0.000000
1741941 12910592.000000
1741942 0.000000
1742201 12910592.000000
1742202 0.000000
1742781 12910592.000000
1742782 0.000000
1743041 12910592.000000
1743042 0.000000
1760131 12910592.000000
1760132 0.000000
1760391 12910592.000000
1760392 0.000000
1760971 12910592.000000
1760972 0.000000
1761231 12910592.000000
1761232 0.000000
1778320 12910592.000000
1778321 0.000000
1778580 12910592.000000
1778581 0.000000
1779160 12910592.000000
1779161 0.000000
1779420 12910592.000000
1779421 0.000000
1795910 12910592.000000
1795911 0.000000
1796170 12910592.000000
1796171 0.000000
1796750 12910592.000000
1796751 0.000000
1797010 12910592.000000
1797011 0.000000
1813199 12910592.000000
1813200 0.000000
1813459 12910592.000000
1813460 0.000000
1814039 12910592.000000
1814040 0.000000
1814299 12910592.000000
1814300 0.000000
1833213 12910592.000000
1833214 0.000000
1833443 12910592.000000
1833444 0.000000
1833983 12910592.000000
1833984 0.000000
1834213 12910592.000000
1834214 0.000000
1851728 12910592.000000
1851729 0.000000
1851988 12910592.000000
1851989 0.000000
1852568 12910592.000000
1852569 0.000000
1852828 12910592.000000
1852829 0.000000
1870242 12910592.000000
1870243 0.000000
1870502 12910592.000000
1870503 0.000000
1871082 12910592.000000
1871083 0.000000
1871342 12910592.000000
1871343 0.000000
1888756 12910592.000000
1888757 0.000000
1889016 12910592.000000
1889017 0.000000
1889596 12910592.000000
1889597 0.000000
1889856 12910592.000000
1889857 0.000000
1907270 12910592.000000
1907271 0.000000
1907530 12910592.000000
1907531 0.000000
1908110 12910592.000000
1908111 0.000000
1908370 12910592.000000
1908371 0.000000
1925785 12910592.000000
1925786 0.000000
1926045 12910592.000000
1926046 0.000000
1926625 12910592.000000
1926626 0.000000
1926885 12910592.000000
1926886 0.000000
1944299 12910592.000000
1944300 0.000000
1944559 12910592.000000
1944560 0.000000
1945139 12910592.000000
1945140 0.000000
1945399 12910592.000000
1945400 0.000000
1962813 12910592.000000
1962814 0.000000
1963073 12910592.000000
1963074 0.000000
1963653 12910592.000000
1963654 0.000000
1963913 12910592.000000
1963914 0.000000
1981328 12910592.000000
1981329 0.000000
1981588 12910592.000000
1981589 0.000000
1982168 12910592.000000
1982169 0.000000
1982428 12910592.000000
1982429 0.000000
1999842 12910592.000000
1999843 0.000000
2000102 12910592.000000
2000103 0.000000
2000682 12910592.000000
2000683 0.000000
2000942 12910592.000000
2000943 0.000000
2018356 12910592.000000
2018357 0.000000
2018616 12910592.000000
2018617 0.000000
2019196 12910592.000000
2019197 0.000000
2019456 12910592.000000
2019457 0.000000
2036870 12910592.000000
2036871 0.000000
2037130 12910592.000000
2037131 0.000000
2037710 12910592.000000
2037711 0.000000
2037970 12910592.000000
2037971 0.000000
2054785 12910592.000000
2054786 0.000000
2055045 12910592.000000
2055046 0.000000
2055625 12910592.000000
2055626 0.000000
2055885 12910592.000000
2055886 0.000000
2072399 12910592.000000
2072400 0.000000
2072659 12910592.000000
2072660 0.000000
2073239 12910592.000000
2073240 0.000000
2073499 12910592.000000
2073500 0.000000
2092088 12910592.000000
2092089 0.000000
2092348 12910592.000000
2092349 0.000000
2092928 12910592.000000
2092929 0.000000
2093188 12910592.000000
2093189 0.000000
2110278 12910592.000000
2110279 0.000000
2110538 12910592.000000
2110539 0.000000
2111118 12910592.000000
2111119 0.000000
2111378 12910592.000000
2111379 0.000000
2128467 12910592.000000
2128468 0.000000
2128727 12910592.000000
2128728 0.000000
2129307 12910592.000000
2129308 0.000000
2129567 12910592.000000
2129568 0.000000
2146657 12910592.000000
2146658 0.000000
2146917 12910592.000000
2146918 0.000000
2147497 12910592.000000
2147498 0.000000
2147757 12910592.000000
2147758 0.000000
2164846 12910592.000000
2164847 0.000000
2165106 12910592.000000
2165107 0.000000
2165686 12910592.000000
2165687 0.000000
2165946 12910592.000000
2165947 0.000000
2183036 12910592.000000
2183037 0.000000
2183296 12910592.000000
2183297 0.000000
2183876 12910592.000000
2183877 0.000000
2184136 12910592.000000
2184137 0.000000
2201225 12910592.000000
2201226 0.000000
2201455 12910592.000000
2201456 0.000000
2201995 12910592.000000
2201996 0.000000
2202225 12910592.000000
2202226 0.000000
2219415 12910592.000000
2219416 0.000000
2219675 12910592.000000
2219676 0.000000
2220255 12910592.000000
2220256 0.000000
2220515 12910592.000000
2220516 0.000000
2237604 12910592.000000
2237605 0.000000
2237864 12910592.000000
2237865 0.000000
2238444 12910592.000000
2238445 0.000000
2238704 12910592.000000
2238705 0.000000
2255794 12910592.000000
2255795 0.000000
2256054 12910592.000000
2256055 0.000000
2256634 12910592.000000
2256635 0.000000
2256894 12910592.000000
2256895 0.000000
2273983 12910592.000000
2273984 0.000000
2274243 12910592.000000
2274244 0.000000
2274823 12910592.000000
2274824 0.000000
2275083 12910592.000000
2275084 0.000000
2292173 12910592.000000
2292174 0.000000
2292433 12910592.000000
2292434 0.000000
2293013 12910592.000000
2293014 0.000000
2293273 12910592.000000
2293274 0.000000
2310362 12910592.000000
2310363 0.000000
2310622 12910592.000000
2310623 0.000000
2311202 12910592.000000
2311203 0.000000
2311462 12910592.000000
2311463 0.000000
2328552 12910592.000000
2328553 0.000000
2328812 12910592.000000
2328813 0.000000
2329392 12910592.000000
2329393 0.000000
2329652 12910592.000000
2329653 0.000000
2346741 12910592.000000
2346742 0.000000
2347001 12910592.000000
2347002 0.000000
2347581 12910592.000000
2347582 0.000000
2347841 12910592.000000
2347842 0.000000
2364931 12910592.000000
2364932 0.000000
2365191 12910592.000000
2365192 0.000000
2365771 12910592.000000
2365772 0.000000
2366031 12910592.000000
2366032 0.000000
2383120 12910592.000000
2383121 0.000000
2383380 12910592.000000
2383381 0.000000
2383960 12910592.000000
2383961 0.000000
2384220 12910592.000000
2384221 0.000000
2400710 12910592.000000
2400711 0.000000
2400970 12910592.000000
2400971 0.000000
2401550 12910592.000000
2401551 0.000000
2401810 12910592.000000
2401811 0.000000
2417999 12910592.000000
2418000 0.000000
2418259 12910592.000000
2418260 0.000000
2418839 12910592.000000
2418840 0.000000
2419099 12910592.000000
2419100 0.000000
20 events for 2
20324 4214960.000000
20328 0.000000
20754 4214960.000000
20758 0.000000
21494 4214960.000000
21498 0.000000
21924 4214960.000000
21928 0.000000
388336 4214960.000000
388340 0.000000
388766 4214960.000000
388770 0.000000
389506 4214960.000000
389510 0.000000
389936 4214960.000000
389940 0.000000
993662 67463256.000000
993667 0.000000
1598462 47210957.000000
1598467 0.000000
514 events for 3
23035 12910592.000000
23036 0.000000
26038 12910592.000000
26039 0.000000
29582 12910592.000000
29583 0.000000
33129 12910592.000000
33130 0.000000
36129 12910592.000000
36130 0.000000
43029 12910592.000000
43030 0.000000
46029 12910592.000000
46030 0.000000
48839 12910592.000000
48840 0.000000
51643 12910592.000000
51644 0.000000
54643 12910592.000000
54644 0.000000
132243 12910592.000000
132244 0.000000
137100 12910592.000000
137101 0.000000
141900 12910592.000000
141901 0.000000
146820 12910592.000000
146821 0.000000
154143 12910592.000000
154144 0.000000
157680 12910592.000000
157681 0.000000
161220 12910592.000000
161221 0.000000
165600 12910592.000000
165601 0.000000
169080 12910592.000000
169081 0.000000
173100 12910592.000000
173101 0.000000
175563 12910592.000000
175564 0.000000
274444 12910592.000000
274445 0.000000
280380 12910592.000000
280381 0.000000
288420 12910592.000000
288421 0.000000
296463 12910592.000000
296464 0.000000
319622 12910592.000000
319623 0.000000
324929 12910592.000000
324930 0.000000
330458 12910592.000000
330459 0.000000
337800 12910592.000000
337801 0.000000
342300 12910592.000000
342301 0.000000
347100 12910592.000000
347101 0.000000
352547 12910592.000000
352548 0.000000
359992 12910592.000000
359993 0.000000
367320 12910592.000000
367321 0.000000
374337 12910592.000000
374338 0.000000
379981 12910592.000000
379982 0.000000
385626 12910592.000000
385627 0.000000
391372 12910592.000000
391373 0.000000
397592 12910592.000000
397593 0.000000
403816 12910592.000000
403817 0.000000
413111 12910592.000000
413112 0.000000
574421 12910592.000000
574422 0.000000
577421 12910592.000000
577422 0.000000
579769 12910592.000000
579770 0.000000
582111 12910592.000000
582112 0.000000
585111 12910592.000000
585112 0.000000
588411 12910592.000000
588412 0.000000
591411 12910592.000000
591412 0.000000
595405 12910592.000000
595406 0.000000
599400 12910592.000000
599401 0.000000
602403 12910592.000000
602404 0.000000
626735 12910592.000000
626736 0.000000
633600 12910592.000000
633601 0.000000
640760 12910592.000000
640761 0.000000
650100 12910592.000000
650101 0.000000
659443 12910592.000000
659444 0.000000
662746 12910592.000000
662747 0.000000
670243 12910592.000000
670244 0.000000
677743 12910592.000000
677744 0.000000
685623 12910592.000000
685624 0.000000
692699 12910592.000000
692700 0.000000
700445 12910592.000000
700446 0.000000
707435 12910592.000000
707436 0.000000
714180 12910592.000000
714181 0.000000
722100 12910592.000000
722101 0.000000
732900 12910592.000000
732901 0.000000
737103 12910592.000000
737104 0.000000
750900 12910592.000000
750901 0.000000
760010 12910592.000000
760011 0.000000
766564 12910592.000000
766565 0.000000
776464 12910592.000000
776465 0.000000
783300 12910592.000000
783301 0.000000
786900 12910592.000000
786901 0.000000
795943 12910592.000000
795944 0.000000
800100 12910592.000000
800101 0.000000
804183 12910592.000000
804184 0.000000
812100 12910592.000000
812101 0.000000
815580 12910592.000000
815581 0.000000
820500 12910592.000000
820501 0.000000
825602 12910592.000000
825603 0.000000
842460 12910592.000000
842461 0.000000
886800 12910592.000000
886801 0.000000
891900 12910592.000000
891901 0.000000
899100 12910592.000000
899101 0.000000
906901 12910592.000000
906902 0.000000
917220 12910592.000000
917221 0.000000
920940 12910592.000000
920941 0.000000
927449 12910592.000000
927450 0.000000
935620 12910592.000000
935621 0.000000
945300 12910592.000000
945301 0.000000
951840 12910592.000000
951841 0.000000
957900 12910592.000000
957901 0.000000
964778 12910592.000000
964779 0.000000
971100 12910592.000000
971101 0.000000
979437 12910592.000000
979438 0.000000
984862 12910592.000000
984863 0.000000
996480 12910592.000000
996481 0.000000
1002862 12910592.000000
1002863 0.000000
1009500 12910592.000000
1009501 0.000000
1025250 12910592.000000
1025251 0.000000
1031100 12910592.000000
1031101 0.000000
1046100 12910592.000000
1046101 0.000000
1058700 12910592.000000
1058701 0.000000
1074000 12910592.000000
1074001 0.000000
1084800 12910592.000000
1084801 0.000000
1092122 12910592.000000
1092123 0.000000
1099442 12910592.000000
1099443 0.000000
1102978 12910592.000000
1102979 0.000000
1110326 12910592.000000
1110327 0.000000
1117672 12910592.000000
1117673 0.000000
1124699 12910592.000000
1124700 0.000000
1130701 12910592.000000
1130702 0.000000
1135500 12910592.000000
1135501 0.000000
1146900 12910592.000000
1146901 0.000000
1152901 12910592.000000
1152902 0.000000
1160940 12910592.000000
1160941 0.000000
1171800 12910592.000000
1171801 0.000000
1184566 12910592.000000
1184567 0.000000
1195855 12910592.000000
1195856 0.000000
1202100 12910592.000000
1202101 0.000000
1207200 12910592.000000
1207201 0.000000
1234500 12910592.000000
1234501 0.000000
1242300 12910592.000000
1242301 0.000000
1253102 12910592.000000
1253103 0.000000
1259100 12910592.000000
1259101 0.000000
1264243 12910592.000000
1264244 0.000000
1267543 12910592.000000
1267544 0.000000
1275152 12910592.000000
1275153 0.000000
1282757 12910592.000000
1282758 0.000000
1290300 12910592.000000
1290301 0.000000
1294500 12910592.000000
1294501 0.000000
1298701 12910592.000000
1298702 0.000000
1301100 12910592.000000
1301101 0.000000
1306073 12910592.000000
1306074 0.000000
1310100 12910592.000000
1310101 0.000000
1314300 12910592.000000
1314301 0.000000
1318286 12910592.000000
1318287 0.000000
1326688 12910592.000000
1326689 0.000000
1332493 12910592.000000
1332494 0.000000
1338300 12910592.000000
1338301 0.000000
1342800 12910592.000000
1342801 0.000000
1387080 12910592.000000
1387081 0.000000
1390020 12910592.000000
1390021 0.000000
1393800 12910592.000000
1393801 0.000000
1400745 12910592.000000
1400746 0.000000
1404303 12910592.000000
1404304 0.000000
1407864 12910592.000000
1407865 0.000000
1415700 12910592.000000
1415701 0.000000
1420502 12910592.000000
1420503 0.000000
1425300 12910592.000000
1425301 0.000000
1430100 12910592.000000
1430101 0.000000
1488600 12910592.000000
1488601 0.000000
1494302 12910592.000000
1494303 0.000000
1499700 12910592.000000
1499701 0.000000
1503900 12910592.000000
1503901 0.000000
1511179 12910592.000000
1511180 0.000000
1515681 12910592.000000
1515682 0.000000
1519320 12910592.000000
1519321 0.000000
1547700 12910592.000000
1547701 0.000000
1552128 12910592.000000
1552129 0.000000
1556699 12910592.000000
1556700 0.000000
1562282 12910592.000000
1562283 0.000000
1569480 12910592.000000
1569481 0.000000
1576680 12910592.000000
1576681 0.000000
1584962 12910592.000000
1584963 0.000000
1594620 12910592.000000
1594621 0.000000
1604100 12910592.000000
1604101 0.000000
1611300 12910592.000000
1611301 0.000000
1623900 12910592.000000
1623901 0.000000
1629300 12910592.000000
1629301 0.000000
1637700 12910592.000000
1637701 0.000000
1645500 12910592.000000
1645501 0.000000
1649100 12910592.000000
1649101 0.000000
1659900 12910592.000000
1659901 0.000000
1665300 12910592.000000
1665301 0.000000
1676100 12910592.000000
1676101 0.000000
1683300 12910592.000000
1683301 0.000000
1692482 12910592.000000
1692483 0.000000
1701240 12910592.000000
1701241 0.000000
1713212 12910592.000000
1713213 0.000000
1719600 12910592.000000
1719601 0.000000
1731900 12910592.000000
1731901 0.000000
1737300 12910592.000000
1737301 0.000000
1747644 12910592.000000
1747645 0.000000
1753287 12910592.000000
1753288 0.000000
1758932 12910592.000000
1758933 0.000000
1762500 12910592.000000
1762501 0.000000
1769678 12910592.000000
1769679 0.000000
1777121 12910592.000000
1777122 0.000000
1787100 12910592.000000
1787101 0.000000
1792500 12910592.000000
1792501 0.000000
1829400 12910592.000000
1829401 0.000000
1872300 12910592.000000
1872301 0.000000
1879845 12910592.000000
1879846 0.000000
1887343 12910592.000000
1887344 0.000000
1897500 12910592.000000
1897501 0.000000
1902301 12910592.000000
1902302 0.000000
1909371 12910592.000000
1909372 0.000000
1916978 12910592.000000
1916979 0.000000
1924502 12910592.000000
1924503 0.000000
1933500 12910592.000000
1933501 0.000000
1941900 12910592.000000
1941901 0.000000
1947902 12910592.000000
1947903 0.000000
1956900 12910592.000000
1956901 0.000000
1968300 12910592.000000
1968301 0.000000
1976100 12910592.000000
1976101 0.000000
1986000 12910592.000000
1986001 0.000000
1995180 12910592.000000
1995181 0.000000
2008440 12910592.000000
2008441 0.000000
2016300 12910592.000000
2016301 0.000000
2021702 12910592.000000
2021703 0.000000
2028900 12910592.000000
2028901 0.000000
2044862 12910592.000000
2044863 0.000000
2050800 12910592.000000
2050801 0.000000
2058180 12910592.000000
2058181 0.000000
2063880 12910592.000000
2063881 0.000000
2070720 12910592.000000
2070721 0.000000
2089140 12910592.000000
2089141 0.000000
2094189 12910592.000000
2094190 0.000000
2099100 12910592.000000
2099101 0.000000
2104622 12910592.000000
2104623 0.000000
2117100 12910592.000000
2117101 0.000000
2125502 12910592.000000
2125503 0.000000
2136900 12910592.000000
2136901 0.000000
2144100 12910592.000000
2144101 0.000000
2154900 12910592.000000
2154901 0.000000
2161200 12910592.000000
2161201 0.000000
2166947 12910592.000000
2166948 0.000000
2174392 12910592.000000
2174393 0.000000
2181300 12910592.000000
2181301 0.000000
2190901 12910592.000000
2190902 0.000000
2198100 12910592.000000
2198101 0.000000
2212501 12910592.000000
2212502 0.000000
2226900 12910592.000000
2226901 0.000000
2234100 12910592.000000
2234101 0.000000
2241300 12910592.000000
2241301 0.000000
2247900 12910592.000000
2247901 0.000000
2253900 12910592.000000
2253901 0.000000
2261495 12910592.000000
2261496 0.000000
2267139 12910592.000000
2267140 0.000000
2279101 12910592.000000
2279102 0.000000
2288100 12910592.000000
2288101 0.000000
2298901 12910592.000000
2298902 0.000000
2306100 12910592.000000
2306101 0.000000
2318700 12910592.000000
2318701 0.000000
2324100 12910592.000000
2324101 0.000000
2332500 12910592.000000
2332501 0.000000
2336402 12910592.000000
2336403 0.000000
2340000 12910592.000000
2340001 0.000000
2355060 12910592.000000
2355061 0.000000
2358782 12910592.000000
2358783 0.000000
2371260 12910592.000000
2371261 0.000000
2374860 12910592.000000
2374861 0.000000
2390700 12910592.000000
2390701 0.000000
2397900 12910592.000000
2397901 0.000000
2406900 12910592.000000
2406901 0.000000
2414100 12910592.000000
2414101 0.000000
2 events for 4
1 18.000000
2419200 0.000000
251 events for 5
21695 906.000000
36549 0.000000
42729 906.000000
55063 0.000000
65743 1500.000000
71855 0.000000
79817 1500.000000
85929 0.000000
130660 906.000000
147634 0.000000
153814 906.000000
166089 0.000000
168429 906.000000
176306 0.000000
218400 906.000000
219166 0.000000
272700 1714.000000
276309 0.000000
279780 1714.000000
297074 0.000000
303650 1714.000000
312150 0.000000
318060 906.000000
318800 1714.000000
330878 0.000000
337658 1714.000000
349667 0.000000
351947 1714.000000
367857 0.000000
374037 1714.000000
386046 0.000000
390029 906.000000
390769 1714.000000
404236 0.000000
410416 1714.000000
415920 0.000000
446795 215.000000
458215 0.000000
564000 906.000000
564740 0.000000
574121 906.000000
585531 0.000000
587811 906.000000
602820 0.000000
626127 906.000000
641349 0.000000
648486 906.000000
659863 0.000000
661403 906.000000
678163 0.000000
685157 906.000000
696677 0.000000
699845 906.000000
714845 0.000000
721586 906.000000
733920 0.000000
735460 906.000000
752434 0.000000
758614 906.000000
761520 0.000000
762000 906.000000
770949 0.000000
773229 906.000000
789163 0.000000
795643 906.000000
804720 0.000000
804900 1087.000000
807610 0.000000
810557 906.000000
826491 0.000000
832645 593.000000
838312 0.000000
840331 906.000000
843291 0.000000
847766 593.000000
861327 0.000000
883500 906.000000
890220 0.000000
891300 906.000000
899882 0.000000
906079 906.000000
918060 0.000000
919656 906.000000
934320 0.000000
934800 906.000000
936260 0.000000
942458 906.000000
954402 0.000000
956811 906.000000
972563 0.000000
978837 1714.000000
990705 0.000000
994885 906.000000
995625 1714.000000
1031520 0.000000
1044300 1714.000000
1074720 0.000000
1084200 1714.000000
1099862 0.000000
1101638 906.000000
1102378 1714.000000
1118092 0.000000
1120830 1714.000000
1136306 0.000000
1142542 1714.000000
1150320 0.000000
1150800 906.000000
1154540 0.000000
1156109 906.000000
1172741 0.000000
1178921 906.000000
1190331 0.000000
1192611 906.000000
1198920 0.000000
1199700 906.000000
1207620 0.000000
1231031 906.000000
1246144 0.000000
1252329 906.000000
1264663 0.000000
1266203 906.000000
1283177 0.000000
1289357 906.000000
1301691 0.000000
1305471 906.000000
1318706 0.000000
1326386 906.000000
1338720 0.000000
1340260 906.000000
1344420 0.000000
1386386 906.000000
1394263 0.000000
1400443 906.000000
1408284 0.000000
1414360 906.000000
1430520 0.000000
1437471 1600.000000
1447612 0.000000
1452710 1500.000000
1458968 0.000000
1460030 1500.000000
1462372 0.000000
1488300 906.000000
1504699 0.000000
1510879 906.000000
1516099 0.000000
1516579 906.000000
1519320 0.000000
1526678 906.000000
1527435 1500.000000
1532710 0.000000
1534035 1500.000000
1539320 0.000000
1547258 906.000000
1559267 0.000000
1561547 906.000000
1577457 0.000000
1583637 906.000000
1595646 0.000000
1599406 906.000000
1613716 0.000000
1620016 906.000000
1632023 0.000000
1634305 906.000000
1647120 0.000000
1647600 906.000000
1650215 0.000000
1656395 906.000000
1668404 0.000000
1670684 906.000000
1686594 0.000000
1688134 906.000000
1704722 0.000000
1710963 906.000000
1722913 0.000000
1725253 906.000000
1741162 0.000000
1747342 906.000000
1759352 0.000000
1760892 906.000000
1777541 0.000000
1783721 906.000000
1795131 0.000000
1799807 1500.000000
1803822 0.000000
1805507 1500.000000
1809532 0.000000
1827900 906.000000
1831020 0.000000
1838100 215.000000
1849620 0.000000
1872043 906.000000
1887763 0.000000
1894157 906.000000
1906491 0.000000
1908771 906.000000
1925006 0.000000
1931186 906.000000
1943520 0.000000
1945060 906.000000
1962034 0.000000
1968214 906.000000
1980549 0.000000
1982829 906.000000
1999063 0.000000
2005243 906.000000
2017577 0.000000
2019117 906.000000
2036091 0.000000
2042271 906.000000
2054006 0.000000
2056286 906.000000
2071620 0.000000
2087100 906.000000
2091300 0.000000
2093589 906.000000
2109499 0.000000
2115679 906.000000
2127688 0.000000
2129228 906.000000
2145878 0.000000
2152058 906.000000
2164067 0.000000
2166347 906.000000
2182257 0.000000
2188437 906.000000
2200446 0.000000
2204229 906.000000
2218494 0.000000
2224816 906.000000
2236801 0.000000
2239127 906.000000
2255015 0.000000
2261195 906.000000
2273204 0.000000
2275484 906.000000
2291394 0.000000
2292934 906.000000
2309583 0.000000
2315763 906.000000
2327773 0.000000
2330053 906.000000
2343720 0.000000
2352142 906.000000
2362462 0.000000
2365992 906.000000
2382152 0.000000
2388521 906.000000
2399931 0.000000
2402211 906.000000
2417220 0.000000
0 events for 6
111 events for 7
2100 1979.000000
3300 0.000000
5100 1979.000000
18300 0.000000
187669 8.000000
187670 0.000000
188743 1365.000000
188923 0.000000
190723 1365.000000
191263 1979.000000
205663 1365.000000
205843 1979.000000
220243 1365.000000
220963 1979.000000
235363 1365.000000
235543 1979.000000
249943 1365.000000
250663 1979.000000
265063 1365.000000
265243 1979.000000
279643 0.000000
318043 3754.000000
318763 0.000000
320563 3754.000000
324163 0.000000
357600 3754.000000
358320 0.000000
360120 3754.000000
363720 0.000000
392700 3754.000000
393420 0.000000
395220 3754.000000
398820 0.000000
434100 3754.000000
434820 0.000000
436620 3754.000000
440220 0.000000
477300 3754.000000
478020 0.000000
479820 3754.000000
483420 0.000000
669900 3754.000000
670620 0.000000
672420 3754.000000
676020 0.000000
698700 3754.000000
699420 0.000000
701220 3754.000000
704820 0.000000
741000 3754.000000
741720 0.000000
743520 3754.000000
747120 0.000000
815700 3754.000000
816420 0.000000
818220 3754.000000
821820 0.000000
902100 1365.000000
902280 0.000000
904080 1365.000000
904620 1979.000000
919020 1365.000000
919200 1979.000000
933600 1365.000000
934320 1979.000000
948720 1365.000000
948900 1979.000000
963300 1365.000000
964020 1979.000000
978420 1365.000000
978600 1979.000000
993000 0.000000
1038900 665.000000
1071300 0.000000
1400940 3276.000000
1415940 0.000000
1430400 3754.000000
1431120 0.000000
1432920 3754.000000
1436520 0.000000
1448400 3754.000000
1449120 0.000000
1450920 3754.000000
1454520 0.000000
1518600 3754.000000
1519320 0.000000
1521120 3754.000000
1524720 0.000000
1540200 1365.000000
1540380 0.000000
1542180 1365.000000
1542720 2935.000000
1557120 1365.000000
1557300 2935.000000
1571700 1365.000000
1572420 2935.000000
1586820 1365.000000
1587000 2935.000000
1601400 1365.000000
1602120 2935.000000
1616520 1365.000000
1616700 2935.000000
1631100 0.000000
1988083 3276.000000
2003083 0.000000
2113579 665.000000
2113580 0.000000
2186337 665.000000
2186338 0.000000
2260235 3276.000000
2275235 0.000000
18 events for 8
349440 20.000000
349620 0.000000
351780 20.000000
351960 0.000000
352020 28.000000
518160 0.000000
530460 20.000000
530640 0.000000
532800 20.000000
532980 0.000000
533040 126.000000
604560 0.000000
604800 305.000000
1209000 0.000000
1209600 305.000000
1813800 0.000000
1814400 330.000000
2418600 0.000000
78 events for 9
1 487.000000
20114 2414.000000
21954 487.000000
94371 2414.000000
110571 487.000000
114986 2414.000000
147814 487.000000
152014 2414.000000
184843 487.000000
388126 2414.000000
389966 487.000000
416400 2414.000000
440794 487.000000
444995 2414.000000
477173 487.000000
481374 2414.000000
484974 487.000000
502974 2414.000000
506574 487.000000
516253 2414.000000
518400 487.000000
529800 2414.000000
568121 487.000000
623800 2414.000000
641529 487.000000
645729 2414.000000
653700 487.000000
699240 2414.000000
715025 487.000000
904279 2414.000000
911700 487.000000
940703 2414.000000
972743 487.000000
992926 2414.000000
994766 487.000000
1150800 2414.000000
1172921 487.000000
1177124 2414.000000
1199100 487.000000
1228600 2414.000000
1246324 487.000000
1250531 2414.000000
1258200 487.000000
1344900 2414.000000
1357354 487.000000
1361614 2414.000000
1394443 487.000000
1561547 2414.000000
1577637 487.000000
1581837 2414.000000
1613896 487.000000
1618276 2414.000000
1647300 487.000000
1688874 2414.000000
1704902 487.000000
1709163 2414.000000
1733700 1285.000000
1834514 2414.000000
1836354 1285.000000
1841407 2414.000000
1851129 1285.000000
1855329 2414.000000
1863129 1285.000000
1971300 2414.000000
1999243 1285.000000
2003443 2414.000000
2014500 1285.000000
2040471 2414.000000
2071800 1285.000000
2085000 2414.000000
2095389 1285.000000
2202526 2414.000000
2204366 1285.000000
2208900 2414.000000
2218674 1285.000000
2223037 2414.000000
2252100 2057.000000
2419200 0.000000
42 events for 10
86402 83191028.000000
86407 0.000000
280802 38234987.000000
280807 0.000000
302402 107957608.000000
302407 0.000000
324002 350862225.000000
324007 0.000000
324008 4498234.000000
324013 0.000000
345602 38234987.000000
345607 0.000000
669662 42873674.000000
669667 0.000000
691262 60808152.000000
691267 0.000000
777662 123650191.000000
777667 0.000000
799262 112353360.000000
799267 0.000000
820862 191051956.000000
820867 0.000000
842462 148359728.000000
842467 0.000000
1503302 92231261.000000
1503307 0.000000
1533662 67412016.000000
1533667 0.000000
1842349 67429102.000000
1842354 0.000000
2187949 42866846.000000
2187954 0.000000
2209549 36098616.000000
2209554 0.000000
2339149 15230225.000000
2339154 0.000000
2360749 42774218.000000
2360754 0.000000
2382349 51729687.000000
2382354 0.000000
2402255 67442760.000000
2402260 0.000000
28 events for 11
11880 600.000000
12060 1300.000000
258680 700.000000
258725 0.000000
270900 600.000000
271080 1300.000000
517820 700.000000
517865 0.000000
529980 600.000000
530160 1300.000000
604220 700.000000
604265 0.000000
622380 600.000000
622560 1300.000000
862640 700.000000
862685 0.000000
881580 600.000000
881700 1300.000000
1209200 700.000000
1209245 0.000000
1227000 1300.000000
1468799 0.000000
1486200 1300.000000
1814399 0.000000
1825800 1950.000000
2073599 0.000000
2085000 1950.000000
2419199 0.000000
162 events for 12
318749 235930.000000
318839 242674.000000
320600 6744.000000
320789 242674.000000
322640 6744.000000
322829 242674.000000
324680 6744.000000
324929 242674.000000
326780 6744.000000
327800 0.000000
335807 235930.000000
335897 242674.000000
336513 6744.000000
336518 0.000000
351300 169032.000000
353100 45609.000000
354905 0.000000
888669 117965.000000
888759 125479.000000
890040 7514.000000
890400 0.000000
1026339 3372.000000
1031520 0.000000
1051539 3372.000000
1059900 0.000000
1068939 3372.000000
1074300 0.000000
1096539 3372.000000
1099500 0.000000
1102417 3372.000000
1118218 0.000000
1258449 117965.000000
1258539 121337.000000
1260060 3372.000000
1260309 121337.000000
1261860 3372.000000
1262100 0.000000
1266892 117965.000000
1266982 121337.000000
1268323 3372.000000
1274152 121337.000000
1275523 3372.000000
1277743 0.000000
1287506 117965.000000
1287596 121337.000000
1289117 3372.000000
1292966 121337.000000
1294517 3372.000000
1294757 0.000000
1494339 3372.000000
1495209 121337.000000
1497960 3372.000000
1498809 121337.000000
1501500 3372.000000
1502400 0.000000
1509028 117965.000000
1509118 121337.000000
1510579 3372.000000
1510888 121337.000000
1512439 3372.000000
1516279 0.000000
1863489 19661.000000
1863579 25951.000000
1865340 6290.000000
1866129 25951.000000
1867980 6290.000000
1868520 0.000000
1871829 19661.000000
1871919 25951.000000
1873680 6290.000000
1874469 25951.000000
1876320 6290.000000
1877289 25951.000000
1879140 6290.000000
1879869 25951.000000
1881720 6290.000000
1882689 25951.000000
1884540 6290.000000
1885269 25951.000000
1887120 6290.000000
1887660 0.000000
1892409 19661.000000
1892499 25951.000000
1894260 6290.000000
1894389 25951.000000
1896240 6290.000000
1896609 25951.000000
1898460 6290.000000
1898589 25951.000000
1900440 6290.000000
1900809 25951.000000
1902660 6290.000000
1902789 25951.000000
1904635 6290.000000
1904640 0.000000
1908720 117965.000000
1908810 124709.000000
1910271 6744.000000
1924971 0.000000
1929335 117965.000000
1929425 124709.000000
1930886 6744.000000
1943666 0.000000
1945749 117965.000000
1945839 124709.000000
1947300 6744.000000
1960080 0.000000
2095749 19661.000000
2095839 25951.000000
2097600 6290.000000
2097729 25951.000000
2099580 6290.000000
2099949 25951.000000
2101800 6290.000000
2101929 25951.000000
2103780 6290.000000
2104149 25951.000000
2106000 6290.000000
2106129 25951.000000
2107975 6290.000000
2107980 0.000000
2113929 19661.000000
2114019 25951.000000
2114880 6290.000000
2115009 25951.000000
2115960 6290.000000
2116329 25951.000000
2117280 6290.000000
2117529 25951.000000
2118480 6290.000000
2118729 25951.000000
2119680 6290.000000
2119809 25951.000000
2120760 6290.000000
2120765 0.000000
2122449 117965.000000
2122539 124709.000000
2124060 6744.000000
2126065 0.000000
2126109 117965.000000
2127720 6744.000000
2127780 0.000000
2129917 117965.000000
2130007 124709.000000
2131528 6744.000000
2135333 0.000000
2135377 117965.000000
2136988 6744.000000
2142448 0.000000
2150207 117965.000000
2150297 124709.000000
2151818 6744.000000
2153823 0.000000
2153867 117965.000000
2155478 6744.000000
2160638 0.000000
2166386 6290.000000
2177147 0.000000
2186676 6290.000000
2197437 0.000000
2205008 6290.000000
2208569 0.000000
179 events for 13
1 240.000000
3033 178.000000
3333 240.000000
16522 344.000000
36323 240.000000
45322 344.000000
72323 240.000000
81322 344.000000
110123 240.000000
117322 344.000000
146123 240.000000
153322 344.000000
175833 281.000000
176133 344.000000
182123 240.000000
189322 344.000000
219923 240.000000
228922 344.000000
257723 240.000000
272122 344.000000
275793 281.000000
276093 344.000000
329723 240.000000
340522 344.000000
365723 240.000000
372922 344.000000
391833 281.000000
392133 344.000000
403523 240.000000
408922 344.000000
441323 240.000000
448522 344.000000
475523 240.000000
484522 344.000000
515123 240.000000
521433 178.000000
521733 240.000000
531322 344.000000
567323 240.000000
574522 344.000000
603323 240.000000
606912 444.000000
624922 548.000000
639323 444.000000
646522 548.000000
653722 1471.000000
675355 2754.000000
677123 1727.000000
682522 1830.000000
687612 1626.000000
694173 1564.000000
694473 3817.000000
696955 2534.000000
714923 2431.000000
722122 2534.000000
750923 2431.000000
758122 2534.000000
759273 344.000000
779712 548.000000
786923 444.000000
794122 548.000000
826523 444.000000
833722 548.000000
862523 444.000000
866112 240.000000
868413 178.000000
868713 240.000000
884122 344.000000
898523 240.000000
905722 344.000000
912922 1267.000000
934523 240.000000
945322 344.000000
972323 240.000000
977722 344.000000
977744 594.000000
977755 1877.000000
999312 2081.000000
999322 3004.000000
1020912 2800.000000
1020922 1877.000000
1020955 594.000000
1033523 491.000000
1038944 240.000000
1039893 178.000000
1040193 240.000000
1042522 344.000000
1076723 240.000000
1085722 344.000000
1134323 240.000000
1141522 344.000000
1156822 1267.000000
1171223 240.000000
1179322 1267.000000
1208123 240.000000
1211733 2431.000000
1229722 2534.000000
1245923 2431.000000
1251322 2534.000000
1280155 3817.000000
1281923 3713.000000
1287322 3817.000000
1294533 1626.000000
1319723 1523.000000
1323355 240.000000
1326922 1267.000000
1348522 344.000000
1355723 240.000000
1362922 344.000000
1366512 548.000000
1384512 344.000000
1391723 240.000000
1398922 344.000000
1429523 240.000000
1438522 344.000000
1467323 240.000000
1488922 344.000000
1539323 240.000000
1546522 344.000000
1575323 240.000000
1582522 344.000000
1611323 240.000000
1620322 344.000000
1649123 240.000000
1654522 344.000000
1679722 1267.000000
1686912 1471.000000
1701323 444.000000
1712122 548.000000
1719322 1471.000000
1730133 1409.000000
1730433 1471.000000
1733733 3662.000000
1733755 4944.000000
1740923 3917.000000
1748122 4944.000000
1776923 3917.000000
1776933 1727.000000
1784122 2754.000000
1798555 1471.000000
1814123 444.000000
1816533 2635.000000
1827322 3662.000000
1848923 2635.000000
1856122 3662.000000
1863312 3458.000000
1884923 2431.000000
1893922 2534.000000
1924523 2431.000000
1931722 2534.000000
1960523 2431.000000
1967722 3458.000000
1989312 3662.000000
1996523 2635.000000
2003722 3662.000000
2034323 2635.000000
2043322 3662.000000
2073323 2635.000000
2075712 2431.000000
2086522 2534.000000
2109923 2431.000000
2115322 2534.000000
2144123 2431.000000
2151322 2534.000000
2180123 2431.000000
2187322 2534.000000
2217923 2431.000000
2225122 2534.000000
2226933 344.000000
2255723 240.000000
2262922 344.000000
2306123 240.000000
2316922 344.000000
2343923 240.000000
2352922 344.000000
2379923 240.000000
2388922 344.000000
2418923 240.000000
2419200 0.000000
2 events for 14
1 74.000000
2419200 0.000000
106 events for 15
40185 1000.000000
41185 0.000000
85893 1000.000000
86893 0.000000
131792 1000.000000
132792 0.000000
177915 1000.000000
178915 0.000000
224363 1000.000000
225363 0.000000
271170 1000.000000
272170 0.000000
335978 1000.000000
336978 0.000000
381597 1000.000000
382597 0.000000
426472 1000.000000
427472 0.000000
466844 1000.000000
466908 0.000000
479455 1000.000000
480455 0.000000
516062 1000.000000
517062 0.000000
560463 1000.000000
561463 0.000000
604795 1000.000000
605795 0.000000
666648 1000.000000
667648 0.000000
728658 1000.000000
729658 0.000000
780326 1000.000000
781326 0.000000
824158 1000.000000
825158 0.000000
867707 1000.000000
868707 0.000000
911050 1000.000000
912050 0.000000
954160 1000.000000
955160 0.000000
996920 1000.000000
997920 0.000000
1039469 1000.000000
1040469 0.000000
1082081 1000.000000
1083081 0.000000
1125013 1000.000000
1126013 0.000000
1168383 1000.000000
1169383 0.000000
1212030 1000.000000
1213030 0.000000
1255706 1000.000000
1256706 0.000000
1299437 1000.000000
1300437 0.000000
1343165 1000.000000
1344165 0.000000
1387317 1000.000000
1388317 0.000000
1426356 1000.000000
1427356 0.000000
1479850 1000.000000
1480850 0.000000
1520222 1000.000000
1521222 0.000000
1566423 1000.000000
1567423 0.000000
1614214 1000.000000
1615214 0.000000
1663722 1000.000000
1664722 0.000000
1712053 1000.000000
1713053 0.000000
1758740 1000.000000
1759740 0.000000
1804903 1000.000000
1805903 0.000000
1849901 1000.000000
1850901 0.000000
1894606 1000.000000
1895606 0.000000
1939523 1000.000000
1940523 0.000000
1984707 1000.000000
1985707 0.000000
2030461 1000.000000
2031461 0.000000
2075796 1000.000000
2076796 0.000000
2119908 1000.000000
2120908 0.000000
2163767 1000.000000
2164767 0.000000
2207345 1000.000000
2208345 0.000000
2250581 1000.000000
2251581 0.000000
2293504 1000.000000
2294504 0.000000
2336332 1000.000000
2337332 0.000000
2379629 1000.000000
2380629 0.000000
