4 buffers
229551 17651
308397 49125
279559 8490
94167 3124
4 downlinks
0 375 2500 166
1 2875 5000 125
2 5375 7500 136
3 7875 10000 143
34 events for 0
426 41
504 41
512 51
709 0
1171 51
1390 0
1587 51
2252 41
2545 41
2770 0
3074 51
3376 41
4216 0
4288 51
4434 51
4717 0
4800 41
5128 0
5442 51
6141 0
6315 41
6559 0
6893 51
6930 41
7059 0
7609 41
7738 41
7792 51
7993 0
8012 51
8252 0
8728 51
9777 0
9880 51
35 events for 1
338 50
385 51
501 0
797 51
981 51
1373 0
1498 37
2027 0
2066 47
2087 0
2469 37
2676 37
2698 0
2749 51
2829 46
3324 0
3617 52
3864 0
3970 46
3993 0
4351 50
6565 47
6961 0
6981 47
7397 0
7524 51
7687 47
7721 0
7819 46
8169 0
8558 46
9282 0
9453 37
9729 37
9953 52
93 events for 2
121 60
166 0
235 57
384 0
438 64
514 56
532 60
565 0
881 69
935 0
976 64
1163 0
1306 60
1327 0
1365 60
1400 0
1409 69
1479 60
1656 0
1800 66
1931 69
2021 0
2222 69
2375 57
2514 0
2534 69
2557 0
2571 69
2578 0
2626 69
2741 0
2806 60
2875 69
2891 0
3004 57
3007 0
3034 69
3235 0
3240 69
3385 0
3479 75
3543 0
3644 57
3710 69
4155 0
4230 66
4290 0
4353 60
4619 0
4719 56
4724 0
4733 57
5022 0
5063 66
5312 0
5634 56
5869 0
5874 60
5994 57
6027 0
6064 75
6257 0
6367 69
6449 0
6551 75
6652 69
6674 0
6740 60
6935 0
7221 69
7252 57
7295 69
7382 0
7631 69
7684 0
7776 69
7853 60
7963 0
8002 57
8045 57
8390 60
8426 69
8446 0
8541 60
8711 0
8755 57
8843 0
9352 57
9547 0
9650 64
9737 60
9928 75
9962 0
68 events for 3
63 28
103 0
444 28
602 0
648 28
727 0
745 28
869 0
907 33
1132 0
1183 33
1271 0
1398 28
1471 0
1553 28
1635 0
1840 33
1970 0
2257 28
2277 0
2511 33
2626 0
2695 28
3011 0
3186 28
3309 33
3395 0
3484 33
3916 0
3922 28
3969 33
4268 33
4273 0
4546 28
4763 0
5212 28
5270 0
5469 33
5542 0
5586 28
5836 0
5861 33
6090 0
6197 28
6234 0
6357 28
6441 28
6739 0
6771 33
6928 28
6980 0
7148 33
7453 0
7694 28
7802 0
7912 28
8041 0
8088 28
8326 33
8456 0
8523 33
8551 0
8855 33
9014 0
9262 33
9356 28
9498 28
9875 0
