4 buffers
263310 28068
80773 15149
175721 28136
297092 43356
4 downlinks
0 375 2500 161
1 2875 5000 172
2 5375 7500 164
3 7875 10000 141
46 events for 0
244 49
264 0
647 75
808 0
1002 49
1873 0
1948 73
2194 0
2197 73
2501 73
2558 0
2594 46
2734 0
2811 49
2922 0
3192 73
3482 0
3588 49
3668 0
3933 73
4374 0
4615 73
4693 66
4874 0
5205 75
5279 0
5578 46
5579 73
6395 0
6696 75
6758 0
6806 49
6891 75
7107 0
7120 46
7150 46
7335 73
7680 0
8216 46
8658 73
8790 66
8818 0
8847 46
9286 0
9508 46
9691 0
50 events for 1
904 27
1281 0
1319 23
1901 0
1909 23
2004 23
2287 0
2331 29
2357 27
2423 0
2638 21
2706 27
3001 0
3160 27
3305 23
3514 27
3830 0
3902 21
3962 0
4441 23
4479 0
4518 23
4626 0
4668 27
4844 0
4921 27
5167 0
5254 23
5384 27
5407 0
5862 28
6704 27
6870 0
6892 27
7023 0
7422 27
7585 0
7731 27
7782 0
7828 21
7838 0
8130 27
8171 21
8172 0
8873 27
9037 21
9062 29
9064 0
9112 29
9228 0
68 events for 2
50 45
52 0
74 45
135 0
152 51
512 45
569 0
790 45
917 0
1074 45
1125 51
1256 0
1394 51
1442 45
1450 45
1466 45
1586 0
1605 51
1638 0
1726 45
1811 0
1900 45
1994 0
2021 51
2034 0
2121 45
2162 0
2354 45
2412 51
2481 0
2657 51
2750 45
2981 0
3034 51
3218 0
3507 51
3590 0
3859 51
4245 0
4489 51
4634 0
4821 45
5002 0
5021 45
5114 45
5233 0
5364 45
5379 0
5446 45
5473 51
5474 0
5768 51
6130 0
6144 51
6410 0
6486 51
6607 45
7075 0
7347 45
7579 0
7669 51
8266 45
8296 0
8899 51
9474 0
9765 51
9829 51
9951 45
84 events for 3
165 67
187 0
201 67
291 0
415 68
440 0
450 71
471 66
659 66
1057 0
1085 67
1142 0
1237 71
1403 0
1461 68
1709 0
1811 66
2136 71
2204 71
2216 0
2243 71
2264 0
2266 67
2317 0
2340 66
2922 66
3205 71
3244 0
3272 68
3780 66
3879 0
4011 71
4092 0
4380 66
4396 66
4478 66
4699 71
4703 66
4785 71
5083 0
5108 66
5191 0
5349 66
5410 0
5563 67
5727 66
5789 71
5810 0
5932 66
5943 0
6030 71
6035 71
6272 71
6498 0
6663 68
6960 68
7358 0
7468 66
7502 0
7560 68
7835 0
7907 68
7955 0
7957 66
7980 0
8113 66
8287 67
8641 66
8841 66
8928 0
8977 66
9176 0
9229 66
9268 0
9319 71
9333 0
9464 66
9696 0
9740 66
9833 0
9893 66
9900 0
9987 66
9994 66
