4 buffers
194233 27607
362130 51515
159249 12558
318606 44237
4 downlinks
0 375 2500 146
1 2875 5000 149
2 5375 7500 132
3 7875 10000 191
81 events for 0
341 55
384 0
502 55
513 0
628 50
635 0
665 50
1303 0
1319 55
1381 0
1456 50
1639 50
1717 50
1818 0
1844 55
1863 0
2070 50
2102 0
2134 55
2248 55
2250 50
2274 0
2360 55
2539 0
3086 50
3260 50
3291 0
3298 50
3573 0
3609 55
3647 50
3695 0
3840 50
4222 0
4312 55
4468 55
4512 0
4514 55
4794 0
4915 50
5102 55
5208 50
5418 55
5812 0
5971 55
6096 55
6130 0
6208 55
6263 0
6378 50
6383 50
6419 0
6607 50
6666 0
6739 55
6771 0
6871 55
6925 0
7086 50
7174 0
7203 55
7216 50
7315 0
7317 55
7392 0
7680 55
7884 55
7910 55
7957 55
7959 0
8249 55
8322 50
8351 0
8433 55
8730 0
8775 55
9108 0
9168 55
9419 0
9440 55
9949 0
45 events for 1
33 70
109 25
471 93
498 0
558 78
1303 0
1579 92
1746 0
2204 78
2394 0
2478 79
2593 11
2975 0
3332 70
3443 0
3584 79
4182 0
4276 79
4474 93
4642 0
4807 11
4822 0
4834 70
5679 0
5728 70
5833 11
6000 0
6385 70
6421 0
6674 93
6899 0
6909 25
6951 0
6983 70
7012 0
7382 79
7436 0
7575 92
8390 0
9229 70
9293 0
9372 94
9380 0
9831 70
9896 0
89 events for 2
181 68
227 18
513 0
543 63
609 0
708 18
991 0
1236 63
1245 0
1346 68
1585 0
1769 34
1803 0
1816 21
1891 0
1949 63
1960 0
2506 34
2638 66
2992 0
3300 18
3408 21
3517 0
3596 34
3632 0
3761 21
3838 0
4103 66
4110 0
4193 34
4422 63
4482 0
4823 21
4975 0
4980 66
5001 0
5019 63
5082 0
5104 18
5141 0
5304 34
5443 66
5514 0
5633 66
5780 0
5957 34
5996 0
6000 34
6080 21
6090 0
6208 18
6280 0
6394 46
6447 0
6540 63
6791 66
6963 21
6983 66
7065 0
7071 21
7084 0
7191 66
7231 0
7233 18
7258 0
7401 63
7543 66
7545 0
7567 66
7593 0
7597 63
7724 0
7753 18
7806 21
7912 46
7935 68
8095 0
8222 21
8291 0
8356 18
8686 0
8762 34
8960 34
8982 0
9149 68
9162 0
9574 68
9623 68
9925 21
96 events for 3
99 67
128 0
170 65
273 0
403 64
547 70
562 0
563 65
649 0
793 67
810 0
924 65
964 67
1055 0
1103 65
1298 0
1332 65
1370 0
1427 65
1661 0
1732 61
1988 0
2126 70
2166 0
2216 65
2265 0
2276 65
2366 64
2467 70
2470 0
2590 61
2798 0
2975 70
3259 0
3334 70
3354 0
3435 61
3753 0
3824 70
3846 0
3926 64
3971 0
3983 64
4000 0
4050 70
4401 0
4489 65
4563 65
4727 0
4901 70
4985 67
5063 0
5113 65
5277 0
5287 67
5486 64
5524 0
5641 67
5950 61
6133 70
6343 0
6408 65
6464 0
6540 65
6826 0
6830 65
6881 0
7203 66
7474 65
7548 61
7640 0
7725 67
7828 0
7983 65
8108 67
8300 0
8392 67
8451 0
8562 66
8573 0
8715 67
8761 0
8780 65
8842 0
8954 66
9044 65
9046 0
9087 61
9495 0
9524 61
9628 0
9647 66
9711 0
9770 70
9833 0
9850 65
