16 buffers
145337 24769
274126 52648
254630 20666
249708 32036
300292 37989
186382 26787
210318 12796
82000 7379
132401 11151
270774 14694
137357 16432
190131 23188
293609 50288
324027 14395
266441 44620
132550 22398
40 downlinks
0 375 2500 474
1 2875 5000 626
2 5375 7500 612
3 7875 10000 522
4 10375 12500 640
5 12875 15000 527
6 15375 17500 483
7 17875 20000 591
8 20375 22500 534
9 22875 25000 653
10 25375 27500 607
11 27875 30000 497
12 30375 32500 629
13 32875 35000 564
14 35375 37500 588
15 37875 40000 537
16 40375 42500 516
17 42875 45000 514
18 45375 47500 645
19 47875 50000 525
20 50375 52500 599
21 52875 55000 627
22 55375 57500 503
23 57875 60000 641
24 60375 62500 451
25 62875 65000 496
26 65375 67500 604
27 67875 70000 460
28 70375 72500 493
29 72875 75000 486
30 75375 77500 469
31 77875 80000 465
32 80375 82500 632
33 82875 85000 593
34 85375 87500 654
35 87875 90000 657
36 90375 92500 568
37 92875 95000 615
38 95375 97500 530
39 97875 100000 519
368 events for 0
470 26
805 35
1426 0
2019 26
2663 0
2906 24
3064 0
3083 26
3205 35
3479 26
4124 29
4150 35
4567 0
5570 24
5610 0
6187 29
6606 0
7203 24
7490 24
8001 26
8714 0
8994 29
9194 0
9262 29
9670 24
9826 0
10146 35
11274 0
11498 24
11656 24
11668 35
11818 0
12147 29
12189 0
12507 29
12878 0
13274 24
13622 0
13720 35
13981 29
14150 35
14291 0
14339 24
14624 0
15082 26
15167 0
15498 29
15740 24
16066 0
16268 35
16289 35
16535 0
17056 24
17106 0
17202 35
17658 0
18158 26
18202 35
18468 24
18671 35
18982 26
19776 29
20903 26
21065 24
21308 0
21957 24
22039 0
22067 24
22258 0
22286 24
22327 0
22634 26
22904 0
23133 24
23477 24
23688 0
24055 29
24126 0
24410 35
24636 0
25363 35
25544 0
25556 24
25562 0
25677 29
26586 35
26861 0
27398 26
27500 0
27535 24
27680 0
27694 29
28391 0
28449 35
29073 29
29389 29
29478 0
30438 35
30545 0
31093 24
31217 24
31419 24
31930 0
32366 26
32467 29
32483 0
32489 24
32886 0
33186 29
33304 0
33361 24
33424 0
33855 24
34025 0
34245 29
34352 0
34599 24
34792 0
34994 26
35012 29
35121 35
35424 0
36298 29
36422 0
36482 29
36492 29
36706 0
36828 29
36855 0
36903 24
36977 0
36985 29
37066 0
37124 24
37231 24
37485 35
37497 0
37821 35
37980 0
38343 29
38510 26
38607 35
38788 0
39068 26
39197 0
39447 35
39801 0
39934 24
40421 0
41340 35
41534 0
41580 26
41759 29
41857 0
42099 26
42294 0
42563 26
42873 0
42903 26
43141 0
43405 26
43416 0
43489 26
43584 35
43705 24
44411 0
45775 26
46259 35
46380 26
46866 29
47225 0
47359 24
47637 0
47818 26
48144 0
48336 35
48448 0
48756 26
49004 0
49550 29
49726 0
50135 29
50325 0
51103 26
51521 0
51821 35
51829 0
52329 35
52342 0
53037 35
53376 0
53591 35
53891 0
54560 29
54948 29
55122 0
55389 24
55456 26
56422 0
56782 24
57051 0
57512 24
57550 24
57587 0
57680 29
57683 0
57931 29
58096 0
58392 26
58443 0
58572 24
58950 0
58984 26
59084 35
59659 26
60160 24
60208 0
60237 29
60586 0
60664 26
60750 24
60773 0
60964 35
61186 24
61318 0
61374 24
61444 0
61548 24
61963 0
62467 35
62559 26
62655 0
62881 29
63327 0
63955 26
65038 0
65400 35
65729 0
66252 26
66401 0
66423 26
66532 29
67313 0
67376 29
68255 0
68836 24
68846 0
69672 35
69865 0
69922 24
70084 0
70483 26
70580 0
70876 35
70979 24
71187 0
71217 24
71371 0
71401 26
71961 35
72339 35
72691 0
72871 26
73108 24
73273 0
73399 29
73848 0
74261 26
74328 0
74498 24
74758 0
75457 29
75626 35
75966 0
76004 35
76133 29
76483 0
76490 29
76505 35
76533 26
76992 0
77091 35
77228 0
77842 29
77993 0
78629 35
78662 0
78729 29
78852 0
79046 24
79047 0
79298 35
79489 0
79534 29
79843 0
80120 24
80123 0
80210 24
80422 0
80570 26
80675 0
80707 24
81445 0
81461 35
81894 35
81983 24
81991 35
82805 0
83038 35
83197 0
83466 26
83736 0
83869 29
84414 0
84477 35
84708 29
84951 0
85010 29
85185 26
85293 0
85577 35
85726 0
86145 29
86160 0
86333 24
86644 35
86709 0
86976 24
87211 0
87220 29
87294 26
87426 0
87725 29
87774 0
88409 26
88422 35
88504 0
88865 26
89599 35
89967 0
90304 29
90441 0
90913 35
91282 0
91629 24
92300 24
92442 35
93812 24
93823 0
93824 29
94479 0
94514 35
95118 24
95510 0
95582 24
95662 0
96346 26
96915 0
97173 29
97223 0
97289 35
97479 0
97568 24
97768 0
98391 26
98434 0
98458 24
99449 0
959 events for 1
28 60
79 0
282 60
297 22
433 0
455 22
632 0
688 22
719 0
768 60
819 0
1026 22
1096 22
1379 48
1419 0
1688 56
1819 0
1948 48
1973 0
1982 60
2024 0
2175 22
2227 0
2317 22
2331 0
2473 22
2839 0
2842 48
2846 0
2870 22
2930 0
3003 48
3178 0
3231 48
3299 0
3424 48
3508 0
3571 60
3620 0
3805 56
4177 0
4226 56
4235 0
4348 60
4531 0
4585 56
4655 48
4792 0
4810 22
4915 48
5162 0
5537 60
5688 56
5816 56
5869 0
5931 60
5988 0
5996 60
6089 0
6189 48
6214 0
6241 60
6259 0
6474 22
6688 56
6704 60
6717 0
6765 48
6983 22
7254 22
7316 0
7353 48
7872 22
8005 0
8334 22
8362 48
8684 60
8705 0
8787 60
8825 0
8911 48
8992 0
9062 60
9222 0
9456 48
9485 0
9527 56
9541 0
9559 56
9601 0
9724 22
9861 22
9894 0
9926 60
10113 22
10164 0
10206 56
10270 0
10346 56
10474 0
10569 56
10576 56
10633 0
10718 56
10721 56
10743 60
10865 22
11144 56
11337 22
11406 0
11443 22
11603 0
11787 60
12108 0
12167 56
12285 0
12306 22
12521 0
12868 48
13330 60
13404 0
13550 48
13563 0
13620 60
13674 0
13800 48
13909 56
13919 56
14000 0
14124 60
14265 0
14372 48
14402 22
14491 0
14522 60
14762 0
14796 22
14847 0
15334 60
15610 0
15646 48
15689 0
15705 48
15866 22
16015 0
16263 22
16526 0
16636 60
16653 0
16740 48
16837 22
16975 0
17014 56
17022 0
17050 48
17181 0
17338 48
17391 0
17402 48
17450 0
17484 22
17509 60
17838 0
17884 48
17921 48
18423 0
18618 22
18676 22
18715 0
18753 56
18821 0
18842 48
18875 56
19081 0
19336 48
19409 0
19586 48
19758 0
19958 56
20241 0
20246 56
20284 0
20364 48
20430 48
20445 0
20474 56
20549 0
20697 22
20762 60
20763 0
20838 60
21007 0
21027 22
21083 0
21154 22
21172 0
21204 22
21327 0
21376 22
21480 0
21509 48
21616 0
21706 56
21949 0
21992 48
22064 22
22140 0
22288 56
22324 0
22457 48
22628 0
22648 56
22908 60
23178 60
23200 56
23304 0
23319 22
23363 0
23392 56
23423 0
23567 56
23572 0
23582 56
23649 0
24155 22
24159 0
24195 22
24292 48
24295 22
24316 22
24474 0
24501 22
24534 0
24567 60
24732 0
24750 48
24812 0
25028 56
25033 0
25063 48
25115 0
25385 56
25414 0
25540 60
25638 0
25787 60
25964 0
25966 60
25993 0
25994 60
26024 0
26368 48
26381 0
26423 56
26427 0
26501 48
26766 48
26846 60
27068 0
27230 56
27378 48
27424 0
27581 48
27598 0
27773 48
27959 0
28069 56
28124 0
28174 48
28197 60
28317 0
28444 60
28735 0
28851 56
28882 60
28890 0
28914 48
28937 0
29051 60
29067 60
29097 56
29109 0
29113 56
29178 0
29200 60
29226 0
29239 48
29261 60
29299 0
29511 60
29621 0
29644 56
29666 0
29689 56
29898 0
29910 56
30001 0
30016 48
30176 60
30421 48
30506 60
30551 60
30577 56
30596 0
30673 22
30752 56
30874 0
31034 48
31050 60
31252 0
31344 48
31534 0
31710 22
31736 0
31862 56
31916 0
31985 60
32060 22
32295 0
32308 22
32470 0
32503 56
32582 0
32674 60
32922 48
33103 0
33333 60
33579 56
33610 0
33758 56
33803 60
33859 0
33874 60
33946 0
34061 48
34110 0
34122 48
34212 0
34293 22
34313 0
34413 56
34456 0
34496 22
34547 0
34633 56
34775 48
34837 0
34990 22
35176 0
35286 22
35368 56
35498 0
35981 60
36114 0
36260 56
36281 0
36469 56
36549 0
36583 22
36809 0
36972 56
37439 0
37446 60
37593 0
37690 56
37743 48
37808 0
37947 48
38121 0
38145 60
38168 0
38325 56
38332 56
38406 22
38632 0
38666 56
38667 0
38835 60
38883 48
39214 22
39352 56
39469 0
39500 22
39540 22
39592 0
39803 22
39828 56
39867 0
39883 22
39916 0
39927 56
40129 0
40137 48
40194 0
40358 22
40616 0
40648 48
40779 0
40833 48
40863 48
41011 0
41339 56
41494 22
41529 22
41539 0
41591 60
41715 0
41725 60
41806 0
41893 22
41937 56
42009 0
42020 22
42156 0
42244 60
42265 0
42401 48
42551 0
42640 60
42709 56
42732 22
42791 56
42863 0
42995 60
43202 0
43273 56
43288 0
43389 48
43568 0
43668 60
43781 0
44091 60
44105 0
44163 56
44224 22
44249 0
44330 56
44394 0
44409 56
44622 0
44740 22
44897 22
44996 0
45031 56
45100 60
45439 0
45446 22
45524 56
45662 0
45687 56
45911 0
46014 56
46034 56
46071 56
46076 0
46278 56
46342 0
46361 48
46380 0
46450 60
46934 0
47001 56
47102 0
47165 56
47167 0
47241 48
47250 0
47344 22
47410 48
47419 22
47509 0
47524 48
47639 0
47691 56
47753 0
47776 56
47791 60
47872 56
47992 60
48028 0
48200 56
48421 0
48527 56
49110 56
49202 22
49236 56
49290 0
49348 60
49437 0
49470 48
49516 0
49743 48
49823 0
49906 48
50202 48
50307 0
50436 22
50683 0
50696 48
50730 22
50895 0
51073 22
51269 0
51445 48
51482 60
51961 60
52125 0
52442 22
52452 0
52509 48
52617 0
52668 48
52689 0
52718 60
52808 0
52869 22
52930 0
52956 60
52995 48
53119 56
53161 0
53169 60
53259 0
53285 56
53346 0
53358 56
53395 0
53481 60
53621 0
53626 56
53627 22
53685 0
53740 48
53777 0
53789 22
53796 56
53887 0
53942 60
54098 0
54575 22
54629 60
54656 0
54691 48
54705 0
54833 22
54862 0
55110 22
55137 22
55246 56
55266 56
55270 56
55280 0
55289 48
55568 60
55690 0
55708 22
55828 0
55911 56
55928 0
55993 48
55997 0
56079 60
56175 22
56184 22
56204 0
56225 60
56302 60
56498 0
56569 60
56911 0
57034 22
57192 0
57232 48
57320 56
57380 0
57395 22
57439 0
57490 60
57575 0
57588 48
57640 0
57651 22
57682 0
57729 22
57966 0
57996 22
58015 0
58079 48
58136 56
58166 0
58221 60
58280 60
58379 60
58448 56
58620 60
58698 0
58784 22
59055 0
59120 60
59330 0
59377 60
59568 0
59569 48
59831 22
59890 0
59937 60
60016 22
60129 56
60326 0
60419 60
60583 22
60937 0
61013 60
61086 0
61093 56
61226 0
61515 56
61818 22
61968 0
62013 60
62017 60
62409 0
62541 48
62550 0
62561 60
62694 0
62726 56
62759 0
62814 22
63003 0
63201 56
63209 0
63215 22
63253 0
63316 22
63462 60
63508 48
63517 0
63733 56
63991 48
64146 0
64408 22
64499 0
64521 56
64642 0
64645 56
64759 0
64812 56
64841 60
64910 0
64923 56
65085 56
65111 56
65253 0
65430 60
65472 0
65768 22
65940 0
66001 60
66086 0
66200 22
66218 60
66250 0
66256 56
66543 0
66762 22
66816 0
66937 60
67054 48
67441 22
67629 60
67645 0
67767 48
67868 0
67877 48
68022 0
68097 56
68193 0
68467 60
68636 48
68639 0
68692 60
68830 0
68861 48
68932 0
68944 60
68966 0
69028 48
69040 0
69167 22
69264 0
69313 60
69329 0
69350 48
69408 0
69438 22
69461 0
69521 48
69635 60
69720 0
69953 48
69977 0
70230 48
70239 48
70290 0
70410 48
70778 60
71055 0
71573 56
71580 0
71610 22
71800 0
71863 56
72077 0
72080 22
72161 0
72181 56
72504 0
72517 60
72604 60
72640 60
72661 0
72767 60
72808 60
73042 0
73062 60
73114 22
73382 48
73686 0
73726 60
73765 0
73822 56
73845 0
74163 60
74186 56
74439 56
74501 0
74528 48
74543 0
74676 56
74844 0
74927 22
74965 60
74991 0
75085 56
75188 0
75219 60
75504 0
75531 48
75534 0
75564 48
75573 0
75643 48
75647 22
75880 48
75978 0
76096 48
76131 22
76147 56
76168 0
76386 48
76455 0
76475 48
76677 0
76863 60
76874 22
77049 0
77187 22
77469 0
77575 48
77585 0
77649 48
77841 60
77895 60
77926 22
78020 0
78069 48
78121 0
78139 48
78249 48
78392 0
78441 48
78469 0
78650 48
78661 22
78710 0
79407 56
79659 22
79788 0
80173 60
80316 22
80403 0
80422 56
80661 0
80677 60
80907 60
81148 0
81269 60
81697 22
81737 0
81750 56
82023 0
82373 22
82398 22
82407 0
82451 22
82475 0
82480 22
82516 0
82543 56
82630 22
82787 56
82879 0
83034 48
83067 22
83084 56
83182 0
83201 60
83353 0
83364 56
83610 60
83617 0
83885 48
83893 0
83967 48
84152 22
84189 0
84210 22
84311 0
84403 22
84431 0
84527 60
84537 0
84539 48
84586 0
84704 60
84768 0
84793 60
84998 0
85094 56
85110 48
85200 0
85323 60
85345 0
85443 22
85510 0
85541 22
85730 60
85752 56
86056 0
86131 60
86286 0
86699 22
86877 0
86894 48
87002 48
87222 0
87775 48
88084 56
88114 0
88168 48
88383 0
88470 22
88521 0
88621 60
88646 0
88715 48
88828 0
88851 22
88853 0
88908 56
88924 0
89198 22
90152 0
90341 56
90351 56
90449 0
90670 56
90839 0
91037 60
91074 0
91206 56
91279 22
91296 0
91453 56
91575 22
91577 0
91593 48
91667 0
91862 60
91916 56
92209 56
92270 0
92456 22
92485 60
92741 0
92757 48
92954 56
93028 0
93282 22
93294 0
93343 48
93356 0
93364 48
93423 0
93517 56
93740 0
93811 60
93850 0
93900 48
93988 48
94143 60
94187 0
94346 48
94460 0
94519 22
94588 0
94606 60
94985 60
95331 0
95410 56
95455 0
95900 56
96054 0
96140 56
96242 0
96274 60
96664 0
96822 48
96973 0
96998 56
97039 22
97475 0
97667 56
97787 0
97843 56
97883 0
98108 48
98297 0
98330 48
98366 60
98390 0
98472 22
98621 0
98734 48
98775 0
98910 48
99032 48
99082 56
99118 22
99294 0
99515 60
99689 0
99728 48
99794 0
99858 60
99907 0
99984 48
99993 0
514 events for 2
130 82
294 0
387 62
827 0
830 72
870 82
884 0
895 82
1152 0
1498 62
1619 67
1669 0
2126 72
2350 0
2387 82
2490 0
2526 74
2887 72
2910 82
3219 62
3349 0
3460 82
3470 0
3895 74
3975 82
4142 0
4247 82
4313 0
4469 72
4488 0
4529 72
4747 0
4996 67
5286 74
5408 0
5470 72
5649 0
5723 82
6221 62
6239 0
6260 74
6265 0
6321 82
6505 62
6617 0
6622 74
6860 0
6885 72
6988 0
7029 62
7601 0
8121 72
8632 0
8766 62
8969 0
9136 72
9530 62
10026 0
10507 62
10616 0
10667 67
10765 74
10991 82
11445 0
11859 72
11897 0
11955 82
12077 0
12254 82
12286 67
12415 0
12910 82
12934 0
12936 67
12982 0
13010 67
13106 82
13135 0
13358 72
13667 72
13798 72
13890 0
14235 67
14320 0
14794 67
14839 0
14950 82
15259 0
15839 72
16675 67
16692 0
16943 72
16946 0
17529 72
17818 74
17862 0
17900 74
17946 0
17970 62
18107 82
18169 0
18244 62
18308 0
18383 82
18535 0
18661 67
18711 0
18900 72
18914 0
19070 74
19071 62
19366 62
19795 0
19839 72
20111 0
20194 74
20563 0
21323 62
21368 62
21525 0
21781 72
21935 0
22080 62
22344 0
22876 74
22880 67
23109 62
23300 62
23438 0
23627 82
23633 72
24031 0
24058 82
24133 0
24455 82
24548 67
24557 0
24760 74
25140 0
25340 62
25522 72
25908 0
25919 82
26128 0
26810 82
27273 0
27278 72
27388 74
27521 0
27783 82
27941 0
28022 74
28154 0
28269 62
28396 0
28604 72
28664 0
28766 62
28771 62
28841 0
28929 82
29027 0
29081 62
29334 0
29355 74
29791 72
29884 0
30329 72
30704 0
30722 62
30785 82
30811 0
31070 67
31104 0
31350 82
31374 0
31865 72
32150 0
32232 67
32305 0
32585 82
32625 0
32688 82
32804 0
32971 67
33102 67
33134 72
33153 0
33435 72
33703 0
33996 62
34022 74
34741 0
34947 82
35418 82
35875 72
36014 72
36205 0
36355 72
37119 0
37436 82
37484 0
37486 72
37566 0
38062 72
38851 0
38861 67
39120 72
39458 0
39649 74
39746 0
40145 62
40268 0
40475 72
40576 74
40662 0
40743 82
40761 74
40781 74
40891 0
41172 62
41593 62
41605 0
41971 82
42048 74
42723 62
43028 67
43121 0
43271 67
43473 0
43474 72
43492 0
43776 82
43779 0
43904 62
44028 72
44142 0
44359 62
44448 0
44737 62
44903 0
45080 72
45239 62
45260 72
45559 0
45597 62
46237 0
46328 74
46623 72
46650 0
46770 74
46832 0
46857 82
46919 0
47001 67
47018 0
47227 67
47279 0
47733 74
48467 72
48979 0
49280 82
49503 0
49647 72
49858 0
50265 67
50314 0
50341 74
50647 0
50907 82
50939 0
51083 82
51618 0
51695 82
51922 0
52124 82
52290 0
52307 62
52325 67
52595 72
52632 0
52791 82
52805 0
52934 72
53310 72
53311 0
53362 72
53561 74
53595 0
53805 67
53825 62
53835 72
53944 72
54084 0
54195 82
54866 0
55130 72
55153 0
55510 67
55571 0
55635 82
55756 74
55941 0
55998 72
56104 0
56164 67
56263 0
56583 67
56712 0
56871 72
57036 72
57764 82
57855 0
57956 82
59001 0
59219 62
59536 0
59732 67
59804 0
59940 72
60117 72
60193 0
60752 82
61266 0
61287 62
61323 0
61345 72
61389 74
61991 72
62149 0
62227 72
62423 0
62445 67
62496 0
62898 82
63209 0
63246 82
63264 0
63321 72
63495 0
63810 82
63824 0
63921 62
63958 82
64509 0
64961 74
65242 0
65356 62
65433 0
65497 74
66167 0
66279 82
66387 67
66674 0
66762 72
66840 72
66879 82
66968 0
67039 72
67178 0
67374 74
67714 0
67734 72
67915 74
68109 0
68202 72
68207 0
69485 82
69826 0
69904 82
70115 0
70178 62
70511 0
70707 74
70885 0
71002 72
71250 0
71373 67
71773 0
71881 82
71953 67
72250 0
72348 74
72402 0
72474 72
72528 62
72790 72
72917 0
73057 72
73975 0
74121 62
74503 62
74741 67
75636 0
75672 67
75897 0
76178 62
76418 67
76535 0
76741 72
76781 0
76942 74
77035 0
77201 72
77251 0
77533 74
78059 0
78308 72
78843 0
79049 72
79251 67
79317 0
79946 74
80356 0
81206 82
81232 0
81657 72
82293 0
82397 72
82503 0
82505 72
82647 62
82704 82
82786 0
83194 72
83975 0
84426 67
84641 0
84666 67
84701 0
84740 72
84774 0
84846 72
85312 0
85508 62
85541 0
85851 72
85904 0
85963 74
86023 0
86489 72
86858 74
86908 0
87302 74
87493 0
87853 82
87945 0
87985 72
88087 72
88119 0
88230 72
88268 0
88615 72
88640 0
88784 62
89005 0
89263 74
89446 0
89828 62
89967 0
90339 74
90602 0
90616 62
90682 0
91150 62
91179 72
91372 0
91429 62
91500 0
91573 74
91616 0
91764 72
92093 72
92204 72
92592 0
92704 72
92925 0
93056 82
93074 72
93156 0
93431 74
93463 0
93517 67
93524 0
93642 67
93647 72
93694 0
93856 82
93858 0
93871 74
94002 0
94018 82
94121 0
94800 67
95203 0
95560 74
95581 0
95586 62
95845 67
96277 0
96465 74
96715 0
96895 72
96995 82
97067 74
97224 72
98246 0
98796 62
98918 0
98958 82
99151 0
99552 62
99955 0
99996 72
430 events for 3
42 50
836 0
853 63
1062 0
1650 62
2578 63
2920 0
3118 54
3154 0
3290 50
3328 0
3418 62
3444 0
3573 49
3593 0
3908 50
4044 0
4374 49
4600 49
4837 0
5677 62
5724 49
5854 0
5976 36
6062 54
6272 0
6919 50
6977 0
7099 36
7403 0
7650 36
7781 54
7787 0
7851 49
8377 0
8493 50
8741 50
8780 0
9021 36
9325 0
9396 50
9503 62
9923 0
10083 62
10181 49
10708 63
10790 0
11001 36
11139 49
11650 0
11952 49
11953 0
11999 63
12143 0
12356 36
12476 0
12517 50
12524 0
12730 50
12813 0
12822 36
13652 0
13843 49
14273 0
14314 63
15093 0
15554 54
15848 0
16363 49
16420 36
17653 0
17820 54
17903 0
17938 50
18089 0
18122 63
18495 0
18864 63
18921 36
19196 0
19332 49
20115 36
20250 0
20258 54
20501 0
20588 50
20944 0
21006 63
21191 0
21214 50
21219 0
21222 63
21362 0
21944 62
22108 62
22257 50
22457 0
22483 62
22818 0
23052 63
23061 0
23297 49
23340 0
23702 62
23750 0
23864 54
24128 0
24448 54
24692 49
25006 0
25130 54
25583 0
25627 63
25650 0
25722 49
25787 0
26157 62
26305 0
26860 62
27027 0
27061 50
27085 50
27370 49
27730 0
27813 54
27814 0
28369 63
28497 49
28638 0
28725 50
28854 0
28877 54
28952 0
29341 50
29760 0
29950 49
30054 0
30506 62
30599 0
31079 63
31265 50
31277 0
31468 50
31795 54
32171 50
32367 0
32566 49
32776 0
32858 54
33019 0
33242 54
33906 0
33998 50
34171 54
34407 0
34944 50
35098 63
35107 0
35360 50
35484 0
35529 54
35868 0
35943 62
35988 0
36763 50
36924 0
37041 62
37644 0
37825 36
38053 62
38343 50
38766 0
39148 49
39314 0
39620 63
39857 0
40208 54
40343 0
40534 62
40870 0
41058 62
41791 50
42231 0
42373 36
42466 0
42473 62
42558 0
42628 49
42635 0
43049 36
43673 63
43677 0
43755 63
44435 50
44614 62
44717 36
44900 0
44961 54
45040 54
45249 0
45464 62
45481 0
45642 49
46147 0
46188 63
46840 0
47058 49
47700 0
47764 50
47972 0
48377 36
48833 0
48993 54
49232 0
49665 62
50919 54
51061 0
51075 54
51837 62
51942 0
52110 62
52276 54
52628 0
52684 50
52700 0
53487 54
53578 0
53730 36
54005 0
54185 49
54527 0
54691 49
54917 0
54932 54
55110 0
55239 50
55293 0
55402 36
55414 62
55424 0
55637 63
55846 0
55945 62
56524 36
56539 0
56699 63
56707 0
57075 63
58283 0
58299 49
58533 62
58638 49
58922 0
59291 49
59352 0
59523 49
59646 0
60040 63
60564 54
61333 36
61425 0
61621 49
61759 62
62541 0
62660 49
62862 0
62863 54
63266 54
63697 0
63825 50
64534 62
64932 36
65113 50
65141 0
65639 62
67200 0
67212 63
67477 0
67837 50
67852 62
67917 62
68022 0
68130 63
68388 0
68406 62
68525 0
68747 62
68958 0
69218 54
69224 54
69385 0
69388 62
69503 0
70344 50
70806 0
70877 49
70900 0
71076 49
71275 54
71344 0
71440 50
71695 0
71967 50
72217 0
72286 54
72308 0
72385 49
72470 0
72496 63
72883 0
73161 36
73670 0
74061 49
74305 0
74319 50
74405 62
74431 0
75160 63
75192 49
75250 0
75271 49
75455 0
75485 50
75660 36
75940 49
76040 49
76123 0
76335 62
76351 0
76499 62
76577 0
76922 62
77468 0
77694 62
77932 0
78526 63
78681 0
78739 54
78745 0
79119 62
79633 0
80138 54
80246 0
80351 63
80546 63
80580 0
80914 49
80918 0
81042 63
81285 0
81458 49
81675 0
81710 50
81793 0
81919 50
82145 54
82232 0
82242 50
82551 0
82675 54
82717 0
82880 63
82911 0
83039 62
83307 0
83775 54
83897 54
84539 0
84655 63
84669 0
85065 62
85439 0
85556 54
85910 49
86960 0
87166 63
87428 0
87620 62
87631 36
87873 0
87888 63
87931 0
88124 62
88497 0
88785 54
88801 36
88873 54
89034 0
89045 62
89354 0
89542 36
89582 0
89720 50
89819 0
89859 54
90088 0
90324 49
90338 0
90686 49
90759 62
90989 36
91211 0
91214 54
91666 36
92099 0
92117 36
92302 54
93167 0
93815 63
94089 49
94273 50
94417 0
94725 62
94837 0
95225 49
95689 0
96887 63
97081 0
97956 49
98044 0
98268 62
98316 0
98425 49
98599 0
98610 63
98677 0
99058 49
99115 0
99576 50
99932 0
632 events for 4
94 47
434 47
645 0
684 53
1007 0
1090 39
1169 47
1188 0
1231 49
1413 0
1418 49
1743 0
1752 39
1841 0
1880 39
1997 0
2096 39
2098 0
2361 53
2705 0
2742 49
2755 0
2799 48
2936 0
3251 47
3370 0
3601 49
3626 0
4258 39
4500 47
4557 47
4575 39
4682 0
4749 48
4781 47
5175 39
5744 0
5907 49
6035 0
6258 48
7116 48
7198 0
7368 48
7384 48
7702 53
7797 48
8133 0
8205 39
8378 48
8393 39
8553 0
9137 39
9868 39
10109 39
10235 0
10569 39
10673 0
10715 47
11189 0
11994 48
12126 53
12404 0
12552 53
12946 0
12981 53
13141 48
13465 0
13583 49
13817 53
14095 47
14174 53
14194 49
14323 0
14340 39
14587 0
14600 53
14730 0
14735 49
14770 39
14893 39
15283 47
15397 0
15401 53
15426 0
15693 48
15990 0
16005 53
16155 48
16639 53
16972 0
17050 49
17094 0
17190 53
17289 0
17633 53
17761 0
17775 49
17883 0
17905 53
18040 0
18255 49
18614 0
18800 47
18842 0
18858 47
18890 0
18908 53
18963 47
18969 0
19221 39
19277 0
19346 49
19466 47
19672 47
19929 0
19943 53
19961 0
20036 39
20171 47
20374 0
20537 48
20797 47
20859 0
21231 49
21503 39
21514 48
21786 0
21939 47
22957 0
22958 47
22978 53
23198 47
23222 53
23433 0
23533 53
23691 0
23788 49
23978 0
24451 49
24589 48
24779 39
24882 48
25003 49
25594 0
25940 48
25987 0
26164 53
26236 53
26262 0
26665 53
26683 0
26703 53
26708 0
26748 48
26857 0
26904 49
27297 0
27367 47
27471 0
27676 53
28192 0
28224 39
28388 0
28429 49
28434 0
28538 48
28912 0
29112 48
30135 0
30223 39
30300 0
30732 53
31035 0
31298 53
31567 0
31895 48
31906 0
31989 47
32122 0
32347 47
32745 39
32877 47
32948 0
33210 39
33219 0
33638 39
34097 0
34193 49
34283 47
34314 0
34616 49
34646 0
34786 48
34821 0
34890 49
34902 0
35180 39
35325 0
35459 53
35492 0
35766 39
36101 48
36345 0
36518 53
36648 0
36774 48
36971 0
37073 39
37211 0
37297 47
37405 0
37605 39
37640 49
37681 0
37686 48
37788 0
38021 48
38387 0
38420 48
38557 53
38616 47
38824 0
39023 49
39310 0
39328 53
39637 39
39800 48
39878 0
39886 47
40061 49
40258 0
40292 48
40400 0
40404 48
40536 47
40688 48
40739 49
40779 0
40891 47
41379 0
41473 49
41498 0
41524 39
41847 48
41876 39
41973 0
42031 47
42192 0
42584 49
42588 53
42631 0
42829 49
42956 0
42976 39
43022 0
43078 47
43206 0
43291 49
43429 47
43547 0
43677 49
43784 48
43822 0
43841 47
43899 0
43935 48
44387 39
45040 0
45328 39
45638 0
45686 49
45841 0
46146 49
46184 0
46290 53
46327 0
46465 47
46767 49
46784 0
47009 39
47103 0
47211 53
47385 0
47552 47
47641 0
47643 48
47963 0
48010 47
48260 0
48664 53
48702 0
49264 49
49278 39
49384 0
49648 48
49771 0
49787 39
49938 0
50001 53
50079 0
50088 53
50247 0
50290 47
50297 0
50709 48
50961 0
51107 39
51584 0
51681 47
51837 0
51840 39
51886 0
52030 49
52113 0
52117 47
52161 0
52291 53
52293 0
52723 48
52753 48
52951 49
53130 0
53160 49
53164 0
53183 53
53478 53
53576 0
53651 47
53702 0
53783 49
54167 53
54378 0
54794 48
54834 53
54909 0
55219 39
55288 53
55480 0
55788 53
56120 0
56140 48
56321 53
56395 0
56536 39
56608 53
56819 53
56940 48
56947 0
57248 53
57322 47
57323 39
57446 0
57623 49
57928 48
58000 0
58360 48
58373 39
58991 0
59018 53
59782 0
59849 49
60040 0
60252 39
60396 47
60480 49
60628 0
60668 48
60879 0
61109 49
61112 0
61134 48
61161 0
61222 48
61430 49
61481 0
61703 48
61997 48
62059 49
62340 0
62432 39
62714 0
63039 53
63404 0
63490 53
63591 0
63657 53
63677 0
63680 47
63833 0
64509 39
64552 48
64718 0
64834 53
64933 0
65117 53
65289 39
66042 0
66080 49
66243 0
66354 47
67020 48
67205 0
67269 47
67760 0
67901 49
68145 48
68187 0
68275 47
68599 0
68603 48
68689 0
68756 53
68758 53
68810 0
68828 48
68881 49
69973 49
69977 0
70044 39
70059 0
70218 39
70633 0
70748 53
70773 0
70847 48
70910 0
70961 39
71017 0
71092 53
71133 0
71202 39
71359 53
71396 49
71870 0
72197 48
72349 0
72382 48
72662 0
72664 39
72689 48
72733 0
72775 47
72882 0
72999 53
73052 39
73185 0
73271 39
73824 47
73856 39
73865 0
73938 39
74317 0
74318 53
74373 47
74651 0
74748 48
75013 0
75023 48
75226 53
75292 39
75439 0
75645 53
75687 48
75757 0
76581 49
76794 0
77420 47
77621 0
77657 48
77907 0
77914 53
77948 0
78189 39
78230 0
78288 47
78411 0
78636 47
78696 48
78818 47
78892 0
79072 49
79104 0
79184 49
79292 0
79447 53
79503 49
79784 0
79839 47
80194 0
80505 47
80735 0
80773 48
81048 0
81063 49
81181 47
81346 0
81365 47
81478 0
81512 53
81860 0
81932 53
82169 0
82208 53
82366 0
82418 48
82619 0
82629 47
82695 0
82818 47
83271 49
83406 0
83522 48
83563 0
83598 39
83997 0
84032 39
84207 0
84298 47
84308 53
84384 0
84439 47
84614 53
84936 0
85254 39
85633 0
86128 49
86182 39
86366 0
86378 39
86427 48
86472 0
86635 49
86697 53
86906 0
86910 53
87128 0
87302 39
87715 0
87748 49
87928 49
88128 0
88190 47
88361 0
88564 49
88597 0
88696 53
88854 0
88971 47
89126 0
89188 39
89582 0
89583 49
89597 53
89624 53
90441 53
90511 0
90520 47
90544 0
90553 39
90629 47
90692 0
90707 39
90722 0
90749 53
90924 48
91343 0
91382 39
91505 0
91665 39
91819 0
91892 53
91907 0
91920 39
92233 48
92311 47
92639 0
92696 53
92726 39
92758 0
92992 48
93032 0
93072 39
93242 0
93262 48
93439 39
93577 48
93633 48
93919 0
93953 39
93971 0
94117 48
94480 53
94516 0
94746 48
94817 0
94985 47
95143 0
95288 39
95465 0
95585 47
95634 53
95699 53
96303 0
96320 48
96379 0
96632 39
96692 48
96868 53
97388 0
97403 48
97616 0
97680 53
97752 47
97919 0
98167 39
98339 48
98423 0
98450 49
98604 0
98637 49
98738 0
98856 48
99014 0
99092 47
99177 0
99243 49
99470 0
99555 53
99713 49
99791 39
99888 0
99935 39
556 events for 5
81 46
285 45
420 45
616 0
790 58
1092 0
1122 45
1307 46
1492 45
1553 0
1609 50
1802 0
2276 45
2292 58
2329 46
2370 50
2586 0
2613 58
2747 0
2868 46
2890 0
3333 46
3379 46
3446 0
4210 50
4330 0
4650 46
4802 0
5040 46
5138 46
5462 0
5809 45
6013 58
6041 0
6090 58
6091 0
6245 50
6278 0
6461 46
6517 0
6680 50
6723 0
6749 58
6901 0
7212 58
7275 0
7355 50
7571 0
7643 46
7655 45
8154 0
8615 46
9128 45
9539 0
9754 58
10576 0
10673 45
10924 0
11303 46
11410 50
11430 46
12015 0
12016 45
12800 46
13083 0
13145 45
13289 0
13951 45
13976 0
14003 58
14093 0
14314 58
14324 0
14424 45
14928 0
14979 45
15301 0
15474 45
15542 0
16023 58
16079 0
16189 50
16366 0
16475 50
16482 0
16491 58
16536 0
16957 50
17316 0
17502 45
17647 0
17929 46
18012 0
18281 45
18344 50
18918 45
18934 0
18954 46
19388 0
19536 50
19770 0
19792 45
20032 0
20365 50
20444 0
20516 50
20778 0
21013 50
21090 46
21099 0
21283 46
21290 0
21772 58
22346 0
22494 58
22673 0
22913 45
23071 0
23639 45
23647 0
23743 45
24097 50
24288 50
24417 0
24427 45
24529 0
24604 58
24841 46
25085 0
25464 46
25561 0
25685 50
25760 0
25803 58
25814 46
25854 0
26020 45
26123 50
26580 0
26593 46
26809 0
26836 50
26886 0
27141 45
27376 46
27412 0
27490 45
27502 46
27561 0
27567 58
27635 58
27744 0
28128 58
28333 0
28397 46
28450 0
28646 45
29097 0
29125 46
29310 0
30001 45
30109 0
30145 58
30160 0
30237 50
30241 0
30319 50
30368 0
30492 50
30705 0
30891 50
30913 0
31431 50
31888 45
32288 0
32411 46
32472 58
32938 58
33098 0
34311 46
34341 50
34342 0
34564 46
35030 45
35224 45
35269 46
35457 45
35572 0
35907 46
35937 0
36003 58
36208 0
36239 50
36476 0
36539 58
36629 0
36641 50
37122 0
37186 50
37333 0
37453 46
37581 0
37640 46
37824 0
38615 46
38696 46
39124 0
39149 50
39346 0
39400 58
39532 0
39952 58
40109 0
40491 45
40872 0
41166 50
41809 0
42009 45
42039 50
42227 0
42376 45
42522 0
42888 50
42963 0
43124 50
43126 0
43218 50
43763 0
43854 50
44018 0
44794 58
45110 46
45298 58
45604 45
45605 45
45708 0
46048 46
46328 0
46390 58
46418 0
46524 45
46597 46
46689 0
46815 50
46821 0
46848 45
46874 0
47119 46
47538 0
47590 45
47799 46
47977 58
48116 46
48124 0
48249 50
48372 0
48651 46
49116 46
49583 0
49617 46
49728 0
49953 45
50373 0
50641 58
50709 0
50746 50
50793 0
50943 50
51104 0
51190 45
51211 50
51310 50
51467 46
51677 0
51804 46
51972 0
52050 58
52097 58
52523 0
52809 58
52869 0
53157 46
53342 45
53380 46
53523 0
53974 45
54079 0
54100 46
54214 0
54505 58
54894 0
55151 58
55329 0
55382 50
55409 0
55867 58
55952 0
55961 58
56004 0
56195 45
56554 0
56646 58
56818 45
57012 0
57119 58
57151 0
57375 46
57495 50
57499 0
57572 58
57597 0
58051 50
58187 58
58300 0
58529 45
59831 0
60039 46
60293 0
60304 50
60579 58
60580 0
60694 46
60751 0
61208 50
61381 0
61889 50
62059 0
62098 46
62154 58
62395 58
62803 0
63086 46
63421 0
63473 50
63500 0
63555 45
63704 58
63970 46
63974 0
64155 58
64499 0
64887 46
65141 0
65193 58
65494 0
65631 46
65832 0
66337 46
66556 0
66570 50
66808 58
66879 0
66924 46
66997 45
67487 0
67565 45
68138 0
68477 50
68710 0
69035 45
69169 0
69295 58
69369 0
69543 46
69565 45
69582 0
69708 50
69778 58
69890 0
70132 45
70181 0
70281 46
70687 0
70995 46
71043 0
71160 45
71729 0
71817 45
71862 0
71937 46
72103 0
72228 46
72306 0
72409 45
72703 0
72707 46
72753 0
72918 50
72922 45
73177 0
73250 50
73391 0
73402 58
73586 50
73764 0
73972 45
74274 0
74317 46
74353 0
74514 50
74824 58
74903 0
74966 45
75164 0
75196 45
75265 0
75270 46
75653 0
75815 46
75871 0
76231 45
76292 45
76388 0
76394 50
76581 0
76647 50
76707 0
76732 46
77330 0
77463 46
77676 0
77698 46
77714 0
77732 45
77887 0
77986 45
78069 50
78226 58
78272 50
78299 50
78655 0
78730 45
78911 0
79346 58
79460 50
79703 50
79737 45
80083 45
80274 0
80310 46
80415 45
80850 0
80863 45
81042 0
81182 45
81343 0
81608 58
81693 45
81795 0
81883 50
82086 46
82141 0
82401 50
82505 0
82725 50
82783 45
83063 0
83306 46
83339 0
83435 46
83695 0
83706 46
83732 0
84073 50
84298 46
84365 0
84412 45
84470 0
84510 46
84526 0
84585 45
84610 0
84722 50
84742 50
84781 46
84991 0
85086 45
85092 0
85314 50
85341 0
85374 46
85421 50
85583 45
85721 0
86437 46
86637 45
86648 0
86756 45
86764 0
86798 50
87037 46
87217 0
87322 58
87612 0
88461 46
88514 50
88933 46
89448 0
89575 45
90016 0
90333 58
90555 0
90801 50
91211 0
92167 50
92330 0
92341 50
92449 0
92586 58
92879 45
92918 45
92986 0
93024 45
93056 46
93159 0
93211 46
93325 0
93393 50
93404 0
93419 45
93667 0
93695 58
93874 0
93913 58
93930 0
94002 50
94144 45
94418 0
94535 45
94541 46
94675 45
95457 50
95567 0
96048 58
96190 58
96282 0
96384 46
96419 0
96491 46
97011 0
97163 46
97177 0
97205 45
97212 0
97337 46
97681 0
97784 50
97888 0
97929 58
97990 0
98069 50
98285 0
98457 50
98623 50
99052 0
99745 46
195 events for 6
27 46
1117 0
1253 53
1335 0
1999 46
2048 0
2509 41
3551 52
6487 0
7520 45
7823 45
8499 0
8980 50
9002 45
9357 0
9535 53
10734 0
10918 63
11027 46
11618 71
11825 0
11836 52
11994 0
12937 46
13416 0
14051 52
14705 0
14930 50
16000 46
16152 45
16706 0
16874 71
16937 0
17563 46
17942 0
18363 50
18374 52
18941 63
19673 0
20534 45
21418 0
22043 50
22780 71
22868 0
23471 45
23930 0
23957 63
24162 53
24754 0
24871 45
24976 0
25703 41
26184 45
28572 0
28764 46
28902 0
30648 45
31124 0
31215 63
31333 46
31443 0
31908 45
32183 0
33565 45
33727 45
34562 0
34615 71
35235 0
35344 52
35708 0
35872 50
36079 53
36347 53
36413 0
36851 52
37704 0
38077 45
39248 53
39321 46
39724 0
40683 53
40692 0
41241 41
41503 0
41597 41
42333 0
42341 71
43523 0
44840 52
45094 71
45171 0
45631 41
45881 46
47070 41
47252 50
48892 0
49934 53
50309 0
51024 53
51996 0
52638 41
54442 71
55879 0
56112 63
56565 0
56892 46
57421 0
57894 50
58149 0
58358 46
58587 0
59691 46
60582 0
60793 50
60818 0
63157 41
63272 0
63374 52
63463 45
63763 0
64031 41
64500 0
64575 71
64663 0
64842 41
65037 0
65871 50
66492 0
66691 53
66992 63
67764 45
67924 0
67939 71
69374 0
69705 52
71525 0
71760 50
71765 0
71990 52
72376 0
72448 50
72471 52
72889 53
72984 0
73071 50
73253 0
75251 63
75819 0
76352 45
77396 0
77927 63
77985 0
78358 50
78998 0
80059 53
80562 0
80740 71
80746 41
81347 53
81574 0
83059 50
83258 0
83529 52
83590 46
83866 0
83920 52
84187 0
84553 53
84748 50
85194 0
86181 53
86182 0
86285 50
87278 0
88482 71
89373 0
89559 53
89716 53
90003 0
91635 63
91930 0
92319 52
92395 45
92909 46
92943 0
93568 53
93930 0
94527 63
95017 0
95853 71
97249 0
98422 46
99073 0
99281 71
99451 63
536 events for 7
104 26
497 0
521 25
699 26
1015 0
1134 25
1225 0
1272 26
1448 0
1617 25
1629 0
1822 26
1912 0
2023 25
2051 26
2153 26
2211 0
2382 26
2567 0
2665 26
2687 0
2784 26
3313 25
3448 26
3470 0
3502 25
3546 0
3663 26
3826 0
3914 25
4088 26
4269 26
4515 0
4523 25
4563 25
4745 25
4815 25
5406 0
5556 25
5575 0
5587 25
5787 25
5903 0
5956 25
5983 25
6084 0
6228 25
6357 0
7203 26
7237 26
7317 0
7687 26
7972 0
8283 26
8374 0
8445 25
8673 0
8789 25
8928 0
8938 26
9219 0
9845 25
9879 26
10012 0
10150 26
10167 0
11054 26
11142 25
11441 0
11524 26
11889 0
12137 26
12281 0
12332 26
12575 0
12955 26
13086 0
13895 25
14101 25
14254 0
14365 25
14409 0
14423 25
14806 26
14822 0
14886 26
15197 0
15442 25
15694 0
15711 25
16086 0
16585 26
16814 25
17462 0
17629 26
17633 25
17870 0
17990 25
18391 0
18601 26
18808 0
19243 26
19380 0
19702 26
19738 0
19808 26
19819 0
19850 25
19929 25
20149 26
20274 26
20394 0
20642 26
20949 0
21029 26
21943 26
22828 0
22881 26
22911 0
23336 26
23497 25
23536 0
24018 26
24023 0
24520 26
24649 0
24814 26
24956 26
25094 0
25327 25
25623 26
25707 25
25712 0
25743 25
25945 0
25972 25
26011 0
26155 25
26343 0
26346 26
26447 0
26463 25
26573 0
26866 26
27176 25
27429 0
27635 26
27647 0
27885 25
28015 0
28142 26
29221 0
29382 25
29734 0
29751 26
30040 0
30107 25
30181 0
30431 25
30474 26
30624 0
30642 25
30866 0
31119 26
31265 0
31348 26
31390 0
31450 26
31559 0
31889 25
32158 26
32818 0
33070 26
33072 25
33233 26
33880 0
34164 26
34358 0
34522 25
34730 25
34820 0
34969 26
34981 0
35124 25
35201 26
35256 0
35293 25
35603 26
35800 0
35921 25
35945 0
36393 26
36691 0
37194 26
37291 0
37799 25
37909 0
38000 26
38073 26
38096 0
38416 25
38518 26
38663 0
38799 25
38857 26
39112 0
39293 26
39420 0
39696 25
39719 0
39835 26
39888 0
40128 25
40791 0
41030 25
41034 25
41056 0
41192 26
41576 0
41592 26
41604 0
42014 26
42118 26
42400 0
42619 25
42783 0
42915 26
42919 26
42938 0
43232 26
43376 25
43435 0
43495 25
43832 0
44096 25
44332 26
44514 0
44558 26
44626 0
44662 25
44664 0
44938 25
45066 0
45369 26
45666 25
45826 25
46083 0
46084 25
46331 0
46623 25
46851 25
46941 0
46948 25
46969 0
47494 25
47558 26
47566 26
47599 0
47632 26
47637 25
47729 26
47917 25
47983 0
48373 26
48756 0
48771 26
48775 0
48903 25
48951 26
49051 0
49230 26
49317 0
49882 25
50188 0
50291 25
50306 0
50904 26
50985 0
51309 26
51418 0
52341 25
52691 0
52839 26
53116 0
53174 25
53184 25
53363 0
53385 25
53511 0
53918 26
53968 25
54213 0
54302 26
54797 25
55065 25
55391 0
56044 25
56225 0
56242 26
56530 0
56758 25
56857 0
57032 26
57218 0
57684 25
57757 0
57894 25
57937 0
58646 25
58657 0
58660 25
58738 0
58836 25
59124 0
59374 25
59506 0
59648 26
59767 26
59829 25
60411 0
61092 26
61164 0
61181 26
61183 0
61199 25
61307 0
61741 25
61761 26
61982 0
62312 26
62407 0
62427 25
62508 0
62618 26
62864 0
63001 25
63147 25
63460 0
63491 26
63495 0
63919 26
64183 25
64415 0
64808 26
64833 0
65069 25
65182 26
65412 25
65812 0
65833 26
65838 0
65991 26
65994 0
67191 25
67683 0
67798 26
67860 0
67913 26
67952 0
67981 26
68407 0
68546 25
68579 0
68617 26
68666 0
68670 25
68852 0
68939 26
69057 0
69657 25
70053 0
70504 26
70563 0
70705 26
70713 25
70728 0
71142 26
71608 0
71761 26
72511 0
72559 25
72672 0
73178 25
73388 26
73441 0
73447 25
73880 0
74071 25
74262 0
74420 26
74473 0
74479 25
74530 26
74753 0
74917 25
75066 0
75222 26
75234 0
75322 26
75368 26
75433 0
75574 26
75745 0
76041 25
76199 0
76242 25
76317 0
76639 26
76662 25
76679 26
77256 0
77612 26
77808 25
78069 0
78244 26
79098 26
79147 25
79157 0
79473 25
79658 0
80126 25
80515 0
80694 25
81014 0
81091 25
81271 26
81327 0
81556 25
81829 26
81971 0
82686 26
83300 26
83506 0
83705 25
83772 0
83798 25
83943 25
84401 0
84463 26
84537 0
85147 25
85403 0
85495 26
85536 26
85670 0
85782 25
85919 0
86154 25
86268 0
86442 25
86526 0
86710 26
86837 0
86920 26
86935 0
86944 26
87057 0
87287 25
88275 0
88394 26
88543 25
88559 0
88646 26
88750 0
89144 25
89193 26
89728 0
89745 26
89821 0
89898 26
90049 0
90368 26
90400 0
90417 25
90513 26
90608 26
90634 0
90645 25
90764 0
90884 26
90894 0
91013 26
91078 26
91151 26
91606 0
91840 25
92209 26
92246 0
92313 25
92611 0
92778 25
92837 26
92987 25
93005 0
93159 26
93776 0
93874 25
94214 0
94409 25
94435 26
94807 0
95239 26
95480 0
95735 26
95785 0
96265 25
96294 0
96465 26
96512 26
96697 0
96835 25
96996 0
97212 25
97317 0
98168 25
98279 0
98293 26
98345 0
98364 25
98534 0
98553 25
98652 0
98673 26
98828 0
98829 26
99151 0
99161 25
99214 0
99282 26
99314 0
99566 25
99620 0
99632 25
99803 0
99980 25
99984 0
360 events for 8
152 31
160 0
230 21
295 0
362 32
458 0
564 21
571 0
592 21
753 0
1087 25
1512 34
1756 0
2105 31
2140 0
2368 34
2775 25
3642 0
3811 32
4102 0
4197 25
4210 0
4298 31
4481 0
5425 31
5601 0
5967 21
5989 0
6220 31
6767 0
6936 31
6943 34
7013 31
7113 0
8243 21
9119 0
9269 31
10299 34
11234 31
11298 31
11339 31
11367 0
11990 31
12487 0
12823 34
13533 0
14032 21
14163 31
14603 0
15238 31
15373 31
15385 0
15412 31
15598 0
15660 21
16151 0
16188 34
16352 21
16488 0
16784 31
16995 0
17140 31
17289 0
17705 34
17997 0
18902 31
19171 0
19417 31
20198 0
20376 31
20710 0
21070 31
21449 0
21985 31
22308 0
22738 34
22851 21
23095 25
23243 32
23309 0
23381 25
23512 34
25527 0
25768 31
26677 0
26789 21
26813 0
27105 32
27309 0
27332 34
27368 0
27395 31
27890 0
27965 31
28146 0
28475 31
28568 0
28621 31
28731 34
28899 0
28953 31
29084 0
29710 31
30331 0
31103 31
31515 0
31900 34
32256 0
32527 31
32678 0
32740 31
33002 0
33175 32
33307 0
34027 25
34175 0
34718 21
35071 31
35132 34
35742 0
35767 34
35992 0
36256 25
36723 31
37071 0
37240 31
37331 0
37699 31
37727 31
37884 0
38054 25
39686 0
39902 31
40401 0
40456 31
40937 0
41289 34
41317 34
41653 25
41898 0
41987 34
42264 31
42394 0
42611 25
42709 25
42713 0
42803 32
43332 0
43702 34
43723 32
44207 0
44286 34
44434 32
44558 0
44780 32
45265 0
45606 31
47401 0
47435 31
47792 0
48033 34
48172 0
48485 31
48598 0
49333 31
49615 0
49692 32
49941 31
50056 0
50233 21
50432 21
50667 25
50712 25
50874 21
51180 0
51492 34
51682 0
51821 31
51918 0
52427 34
52748 0
52832 31
53193 0
53431 31
53525 0
54136 25
54234 0
54368 31
54754 31
55063 0
55316 31
55336 0
56062 32
56208 0
56492 31
56551 34
56861 21
56928 0
56945 31
57116 0
57193 31
57218 31
57320 31
57437 25
57458 0
57734 25
57970 0
58106 32
58227 0
58547 25
59467 0
59614 34
60267 0
61018 31
61248 0
61545 31
61764 31
61905 34
61937 0
61975 25
62246 0
62581 21
62600 31
63479 0
63513 25
63620 0
63623 21
63693 0
63726 32
63825 0
64153 31
64173 0
64283 32
64441 0
65296 34
65529 31
66119 0
66714 21
67052 0
67316 32
67379 0
68023 31
68576 0
68899 34
69624 0
69792 34
69837 0
70036 25
70535 25
70882 31
71334 21
71979 31
72377 31
72440 0
72673 31
72941 31
73293 0
73381 21
73893 0
74720 31
74941 32
75230 21
75364 0
75539 21
75558 21
75565 32
75919 0
76135 31
76456 31
77096 0
77114 34
77390 0
77426 31
77570 0
78312 31
78870 21
79152 0
79376 32
79523 0
79798 31
79939 0
80125 31
80576 0
80617 34
80752 25
81484 21
82045 21
82151 34
82201 0
82237 31
82558 0
82692 32
82712 0
83068 31
83621 21
83922 31
83934 32
84540 31
85046 0
85996 31
86112 31
86214 21
86458 0
87163 31
87356 0
87870 34
88577 0
88862 31
88919 0
88992 21
89258 31
89491 0
89849 32
89933 31
90018 32
90180 0
90200 31
90271 0
90412 31
90626 0
91372 31
91783 0
91850 25
91949 0
91951 21
91961 25
92268 0
92312 31
92533 31
92834 21
92999 31
93045 0
93187 31
93529 0
93598 31
93791 0
93819 21
93898 0
94298 31
95552 32
96023 0
96235 31
96576 0
96667 31
96813 25
96830 31
96897 0
97001 31
97027 0
97175 21
97976 0
98027 21
98242 31
98378 0
98397 31
98607 0
98658 31
99376 0
99402 32
99543 0
101 events for 9
341 54
4992 0
5032 52
5796 0
5888 54
5953 0
6823 54
7524 0
9210 54
10426 0
11076 53
11456 0
13134 52
13244 52
13309 0
14420 54
14563 0
14925 54
18056 54
19175 0
19534 53
21035 0
21797 54
21863 0
23360 54
27260 54
29142 0
31117 54
31606 0
32081 52
35102 52
35146 54
35221 54
35386 0
36362 52
36700 0
37206 53
40930 54
40960 54
41397 0
42561 53
42723 52
46363 0
46479 52
46583 0
46620 54
49582 52
50678 0
51721 54
51811 0
52471 54
52693 53
53156 0
53656 52
53848 54
54055 0
55765 54
55796 0
57194 54
58540 0
58817 54
59121 0
59315 52
59473 52
59904 52
62586 0
63464 54
64601 0
65968 54
66351 0
66804 53
68465 54
68923 0
72842 54
72902 0
73532 54
73892 53
76797 0
77642 54
78214 53
78517 0
79442 54
81555 0
83884 52
84697 0
84810 54
86204 0
86348 54
86942 0
87314 52
87837 0
87876 54
87977 0
88889 52
90087 0
91745 53
92556 0
92565 54
96252 0
96946 54
99525 52
878 events for 10
83 26
385 56
414 0
455 26
634 0
710 56
768 0
819 36
930 0
1069 56
1157 56
1379 56
1513 56
1601 0
1641 36
1659 26
1751 0
2080 36
2593 0
2708 56
2900 36
2932 36
2967 26
3003 0
3041 56
3305 36
3606 0
3738 26
3848 0
4216 36
4252 0
4395 36
4534 0
4802 36
4836 0
4862 36
4928 26
4977 0
5205 56
5275 0
5293 36
5493 0
5556 26
6097 0
6186 26
6281 0
6358 56
6447 0
6518 56
6846 0
6853 36
6903 0
6943 56
7133 0
7140 36
7153 26
7192 26
7232 0
7277 26
7504 26
7712 36
7940 0
8089 56
8129 0
8368 56
8436 0
8474 36
8591 26
8633 0
8654 56
8701 0
9203 56
9264 0
9266 26
9397 26
9524 0
9547 56
9928 0
10024 26
10092 26
10124 56
10134 0
10142 26
10258 0
10374 26
10489 56
10530 0
10639 36
10685 0
10704 56
10783 0
10830 56
10969 0
11009 36
11107 0
11139 56
11440 0
11786 36
11834 0
11975 26
12065 56
12217 26
12421 0
12473 26
12523 0
12618 26
12779 0
12805 26
12932 26
13111 0
13366 26
13424 56
13901 0
14004 36
14016 0
14116 26
14158 0
14185 26
14214 0
14346 36
14453 0
14654 26
14765 0
14836 36
14843 0
14857 56
14884 26
15157 0
15286 26
15512 26
15545 0
15820 26
15838 0
15973 36
16142 36
16163 0
16281 26
16331 0
16508 36
16594 0
16764 36
16820 0
16924 26
16976 0
17032 56
17074 0
17086 36
17271 36
17533 0
17606 56
17658 0
17880 56
17953 36
18024 0
18141 36
18148 0
18197 56
18339 26
18421 26
18514 0
18584 26
18604 0
18631 26
18679 0
19119 36
19351 0
19448 56
19449 0
19556 56
19615 0
19657 26
19716 0
19825 56
20049 56
20066 0
20125 36
20254 0
20474 26
20503 0
21080 26
21307 0
21417 26
21616 56
21923 0
21944 36
22040 0
22152 56
22190 0
22207 36
22417 26
22478 56
22532 56
22667 36
22703 0
22900 36
23027 26
23048 56
23183 56
23202 0
23322 36
23406 0
23493 36
23574 0
23919 26
23991 56
24117 0
24282 36
24396 0
24681 56
25000 0
25064 56
25085 0
25130 36
25144 0
25254 36
25334 0
25607 26
25802 36
25856 0
25930 26
25941 0
26265 36
26268 0
26302 56
26330 0
26352 36
26610 0
26709 56
26793 26
26858 36
27090 0
27118 26
27152 36
27239 26
27555 56
27708 0
27750 36
27929 0
28026 26
28041 26
28219 0
28235 56
28287 0
28423 36
28601 0
28868 56
28956 0
29157 56
29176 0
29208 36
29306 56
29420 26
29464 0
29508 56
29797 26
29908 0
29938 26
29959 0
29965 36
30132 36
30223 26
30430 0
30435 36
30442 0
30528 36
30545 0
30899 26
30988 56
31122 0
31188 26
31209 26
31434 0
31457 36
31480 0
31597 36
31710 26
32110 0
32229 26
32336 36
32391 0
32540 36
32546 0
32632 26
32656 26
32724 0
32731 26
32832 0
32860 36
32891 0
32956 36
32962 0
33108 26
33769 0
33871 26
34055 0
34100 36
34387 36
34581 0
34644 36
34657 56
34693 0
34740 56
34856 56
34922 0
35178 26
35364 26
35610 56
35616 26
35823 26
36018 0
36158 36
36243 0
36431 26
36481 0
36650 26
36871 0
37146 36
37147 0
37400 36
37622 0
37668 36
37870 0
37889 26
37937 0
38027 36
38142 0
38369 26
38471 0
38476 26
38524 0
38545 26
38581 0
38727 56
38824 0
38831 56
38833 0
39013 56
39129 56
39149 0
39191 26
39304 0
39375 36
39579 0
39606 36
39629 0
39678 26
40356 0
40408 56
40458 0
40480 36
40583 0
40606 56
40905 0
41016 56
41291 0
41610 36
41750 36
42198 0
42281 36
42322 36
42512 36
42916 26
43205 56
43411 0
43445 26
43486 26
43578 0
43715 56
43852 0
43994 26
44014 0
44045 56
44094 26
44115 0
44192 36
44212 26
44412 0
44458 56
44495 56
44670 0
44781 56
44782 56
44845 36
45033 0
45097 56
45165 0
45299 56
45392 0
45456 56
45606 56
45763 0
46414 56
46657 0
46678 36
46707 0
46811 26
46869 0
46926 56
47009 0
47108 36
47170 56
47221 26
47376 0
47405 36
47428 56
47454 0
47489 56
47660 36
47682 0
47768 26
48021 26
48161 0
48380 36
48473 56
48715 0
48756 36
48759 26
48824 0
49066 26
49093 26
49376 0
49822 26
49912 0
49966 56
49993 0
50322 36
50344 0
50426 26
50458 0
50612 36
50614 0
50786 56
50834 0
51182 56
51250 0
51460 26
51475 56
51589 0
51947 36
52082 56
52128 0
52243 36
52478 0
52678 36
53027 26
53376 0
53426 36
53450 0
53511 26
53561 36
53597 0
54021 26
54131 0
54342 56
54390 0
54459 36
54629 0
54653 26
54769 0
54934 36
54945 0
54984 36
55133 0
55282 36
55357 0
55534 56
55626 56
55808 56
55962 56
55963 0
56044 36
56142 26
56166 0
56193 26
56273 36
56303 26
56510 0
56548 56
56730 56
56848 0
57302 26
57555 26
57575 0
57579 26
57649 0
57677 56
57847 36
57860 0
58124 36
58309 0
58840 36
58908 26
58928 56
59232 0
59309 36
59323 0
59392 26
59433 0
59615 26
59631 0
59765 36
59774 36
60005 26
60206 0
60383 36
60525 26
60538 26
60760 0
60945 56
60976 0
61016 36
61248 36
61380 0
61482 26
61503 56
61527 0
61536 36
61579 0
61711 36
61784 36
61966 0
62031 26
62315 0
62562 36
62569 0
62620 56
62636 26
62739 0
62779 36
62908 0
63111 36
63190 0
63225 36
63261 0
63513 36
63643 56
63691 26
63781 0
64012 26
64176 36
64182 0
64204 26
64239 0
64282 36
64501 0
64574 56
64634 56
64643 0
64715 56
64793 0
64810 56
64908 0
64996 26
65005 0
65187 26
65299 0
65487 36
65513 0
65589 56
65699 0
65782 56
65869 0
66062 56
66121 36
66237 0
66250 36
66534 0
66662 26
66682 0
66687 36
66777 0
67106 26
67444 0
67451 56
67520 0
67546 36
67634 0
67767 56
67810 0
67915 56
67920 0
68078 26
68100 36
68106 0
68184 26
68350 0
68416 36
68574 0
68609 26
68657 56
68787 0
68854 26
68893 0
68924 36
68984 56
69158 36
69375 0
69496 56
69574 26
69578 0
69652 36
69788 26
70071 0
70088 56
70126 0
70129 56
70170 0
70187 26
70217 26
70339 0
70346 36
70348 0
70384 56
70503 0
70506 26
70610 0
70811 26
70903 0
70919 36
70963 0
71225 36
71418 0
71450 56
71522 0
71604 56
71661 0
71842 56
72071 0
72166 26
72218 26
72247 0
72303 56
72379 0
72582 26
72603 0
72739 56
72818 26
72896 0
72959 56
73027 56
73066 26
73147 0
73226 36
73311 0
73472 56
73651 0
73811 26
74053 26
74088 0
74112 56
74346 0
74440 36
74504 0
74589 56
74708 0
74778 56
74992 56
75213 36
75288 0
75289 26
75380 0
75572 36
75852 0
75870 56
75872 0
75908 56
76033 0
76071 36
76135 56
76175 0
76341 36
76532 56
76821 0
76864 56
76918 0
76921 26
76989 0
77086 36
77147 0
77184 56
77600 0
77897 26
77963 0
78334 36
78350 56
78448 0
78567 26
78627 0
78792 26
78818 36
78836 0
78848 26
78879 0
78994 56
79190 0
79213 26
79391 36
80042 36
80246 36
80353 0
80405 56
80566 0
80573 56
80579 0
80631 26
80649 0
80669 26
80674 0
80849 26
81085 0
81179 56
81277 0
81306 26
81589 0
81739 36
81781 56
82174 26
82249 56
82385 26
82538 26
82549 0
82687 56
82813 0
82871 56
83032 0
83060 56
83148 0
83175 56
83190 56
83365 0
83395 56
83507 0
83744 56
83755 0
83941 26
84136 0
84518 26
84526 0
84607 36
84627 0
84636 56
84729 0
84988 36
85144 0
85387 26
85412 36
85435 0
85568 26
85662 0
85724 56
85755 0
86126 36
86202 0
86275 56
86281 0
86593 36
86747 0
86821 56
86831 0
87042 56
87226 56
87247 56
87258 0
87336 26
87416 0
87584 36
87729 0
88043 56
88630 0
88938 56
89029 0
89434 26
89569 0
89782 56
89825 0
90013 56
90639 0
90935 56
91279 0
91282 26
91540 36
91620 0
91699 26
91750 0
91832 56
91838 0
91858 36
91893 0
91994 26
92073 0
92161 36
92164 0
92184 56
92240 0
92582 26
92776 0
92789 26
92791 0
93011 26
93126 0
93130 56
93240 0
93256 26
93267 0
93354 56
93412 36
93491 0
93541 56
93566 0
93780 36
93785 0
93814 26
93869 26
93945 0
93956 36
94030 56
94124 0
94191 56
94287 26
94371 0
94394 36
94410 0
94465 56
94663 26
94920 36
94971 0
94992 56
95292 36
95325 0
95398 26
95459 0
95475 56
95739 26
95811 36
95854 0
96153 36
96395 36
96552 0
96569 36
96665 0
96694 36
96711 0
96714 36
96736 0
96915 56
96923 0
97043 26
97093 0
97262 56
97385 0
97542 36
97775 0
97807 26
97820 0
97863 26
97872 0
97899 36
97922 0
98071 26
98089 0
98182 56
98298 36
98327 0
98443 36
98536 0
98543 56
98608 0
98666 36
98768 0
98826 26
99074 0
99330 56
99335 0
99450 56
99508 56
99587 0
99611 26
99793 0
893 events for 11
160 38
817 0
896 39
930 0
1047 35
1244 33
1345 0
1406 38
1460 34
1592 0
1673 38
1769 0
1771 39
1884 0
2048 39
2135 39
2138 0
2169 39
2557 0
2706 35
2916 0
2950 38
2953 0
3059 34
3083 0
3101 38
3145 38
3383 0
3651 38
3743 39
3744 34
3765 35
3773 0
4018 38
4073 0
4216 38
4264 0
4362 38
4392 0
4506 38
4597 0
4618 38
4788 0
5086 33
5089 0
5425 35
5465 33
5489 0
5618 39
5670 0
5888 35
5928 0
5986 38
5988 0
6235 33
6286 33
6861 0
6879 39
6936 0
6996 33
7117 34
7161 34
7234 0
7489 34
7687 0
7692 34
7760 35
8032 0
8137 39
8216 0
8486 35
8675 33
8717 35
8745 0
8913 38
8929 0
8963 33
9299 39
9366 34
9547 0
9638 38
9706 35
9762 0
9954 33
10006 0
10415 38
10670 0
11047 33
11054 0
11063 39
11075 39
11174 33
11203 0
11243 38
11270 0
11325 35
11569 34
11625 0
11661 34
11739 39
11753 38
11862 0
12523 35
12671 0
12888 38
13031 0
13589 39
13779 0
14183 33
14250 38
14272 39
14418 39
14441 0
14588 34
15250 0
15256 38
15282 39
15497 0
15507 38
15633 0
15661 34
15994 0
16015 38
16302 0
16558 38
16579 38
16749 0
16910 33
16948 0
17036 38
17104 0
17186 39
17324 39
17751 0
17777 33
18022 0
18037 33
18070 0
18071 39
18087 35
18125 0
18154 39
18237 0
18319 38
18343 38
18439 38
18471 0
18529 39
18565 0
18667 35
18863 0
18998 34
19023 0
19245 33
19253 38
19255 39
19354 0
19457 39
19529 0
19652 33
20010 0
20060 38
20068 33
20081 39
20096 0
20321 38
20356 0
20374 34
20378 0
20559 39
20771 35
20981 38
21284 0
21310 39
21370 0
21521 38
21652 0
21925 33
21984 0
22053 39
22059 0
22392 38
22445 0
22458 34
22461 0
22700 38
22793 0
22895 38
22964 38
23093 0
23144 35
23427 0
23549 39
23680 0
23900 33
23948 0
24029 38
24088 0
24150 39
24210 34
24476 0
24557 39
24687 0
24713 39
24822 0
24938 38
25163 0
25188 39
25219 0
25275 33
25337 0
25463 38
25558 0
25630 35
25770 0
25812 34
25827 39
25879 0
25905 34
26033 0
26037 35
26122 0
26140 38
26193 33
26213 0
26341 35
26636 0
26661 35
26707 0
26712 35
26717 0
26719 39
26723 39
26752 0
26803 38
26898 0
26991 39
27256 33
27265 0
27407 39
27601 0
27603 34
27877 0
28036 39
28229 34
28630 0
28738 38
28814 0
29025 39
29231 0
29409 39
29504 0
30137 38
30146 0
30175 38
30262 33
30321 39
30688 0
30810 39
30855 0
31678 38
31804 0
31827 33
31922 0
32051 33
32286 0
32418 38
32614 0
32773 33
32891 0
32952 39
33121 0
33136 33
33414 0
33715 34
33959 38
34246 34
34391 39
34411 33
34425 0
34552 34
34567 0
34690 38
34755 0
34933 33
35076 0
35102 39
35112 0
35124 39
35333 0
35463 33
35638 38
35968 0
36054 39
36085 38
36338 0
36508 34
36527 0
36760 39
36796 0
36926 38
37071 0
37133 38
37207 34
37499 0
37570 38
37610 38
37629 0
37639 35
37643 0
37782 38
37838 0
37890 33
38044 0
38050 39
38141 38
38452 33
38557 0
38636 35
38641 0
38699 39
38744 0
38868 34
38898 38
38934 0
39012 38
39055 39
39115 0
39170 39
39290 38
39331 0
39402 39
39434 0
39530 39
39572 33
39602 0
39641 35
39900 0
40514 33
40650 34
40689 0
40695 35
40802 39
40849 39
41195 39
41370 38
41537 39
41589 34
41714 0
41892 39
41964 0
42059 38
42068 0
42127 38
42176 0
42266 39
42465 0
42604 34
42833 38
42852 38
42963 0
43018 35
43090 0
43138 38
43298 38
43349 0
43401 38
43503 0
43526 38
43634 0
43803 39
43946 0
43948 34
44026 0
44296 38
44393 35
44433 39
44568 38
44711 38
44824 0
44855 34
44892 0
44967 33
45339 0
45355 35
45380 38
45388 0
45482 39
45716 0
45806 39
46204 0
46346 35
46534 0
46795 33
46825 39
46828 0
46850 35
46938 34
46939 38
47286 0
47374 38
47411 0
47469 35
47527 0
47697 33
47793 0
47879 35
47921 38
47934 33
48007 0
48018 34
48243 0
48427 33
48497 0
48678 39
49060 0
49092 38
49153 0
49161 39
49735 0
49759 39
49866 0
49916 39
49958 0
49962 35
50141 0
50264 38
50301 0
50401 34
50593 39
50680 0
50819 35
51092 38
51411 0
51430 35
51542 0
51690 33
51715 38
51837 0
51977 33
51979 39
52055 0
52095 35
52110 0
52425 34
52621 0
52624 39
52753 0
52858 33
53113 0
53199 38
53273 33
53381 0
53633 38
53639 0
53754 33
53759 0
53906 34
53989 0
54034 38
54164 0
54263 39
54608 0
54763 35
54876 0
54979 38
55161 0
55223 38
55224 0
55306 39
55429 35
55682 0
55923 39
56009 0
56111 39
56123 0
56171 33
56197 0
56232 35
56305 0
56380 39
56385 34
56592 0
56814 38
57036 0
57190 38
57247 0
57291 35
57430 35
57545 0
57621 33
57641 0
57700 35
57766 0
57872 39
57957 0
58093 35
58158 38
58164 39
58440 0
58474 38
58487 34
58703 0
58797 34
58917 34
59028 0
59090 33
59315 0
59348 38
59424 0
59511 38
59519 0
59565 35
59663 39
59699 0
59717 38
59724 0
59810 35
59912 0
59947 39
60083 39
60145 0
60338 34
60469 38
60549 0
60612 33
60686 0
60885 35
61030 0
61107 38
61210 38
61406 34
61489 0
61583 39
61749 38
62150 0
62222 38
62331 0
62505 39
62528 0
62567 34
62605 38
62699 0
62760 35
62910 0
63012 35
63272 0
63303 38
63330 39
63338 39
63502 0
63530 34
63589 0
63617 39
63704 35
63894 38
64086 0
64111 35
64172 0
64223 39
64503 35
64518 35
64622 0
64777 38
64935 0
65059 34
65265 0
65461 35
65564 39
65779 39
65877 0
66179 39
66209 0
66520 38
66719 33
66871 0
67005 39
67069 0
67261 38
67345 0
67683 38
67690 0
67734 35
67916 0
68018 35
68023 35
68028 38
68029 33
68062 0
68151 34
68232 0
68258 38
68274 34
68578 35
68712 0
68762 33
68793 39
68856 0
68918 39
68959 0
69106 38
69118 0
69138 39
69321 0
69398 33
69527 34
69673 0
69688 34
69734 0
69771 39
69878 0
69892 39
69971 0
70037 35
70115 38
70178 0
70272 34
70384 39
70407 0
70493 34
70532 39
70536 0
70610 39
70656 0
70769 35
70942 0
70955 34
71332 0
71386 39
71389 0
71437 38
71479 0
71536 34
71617 0
71661 34
71789 38
71945 38
72124 0
72179 38
72298 0
72367 33
72382 35
72484 33
72502 39
72542 39
72608 38
72736 0
73024 33
73158 35
73244 0
73385 38
73537 39
73559 38
73646 0
73765 38
73792 35
73810 0
73824 34
73857 0
74008 34
74018 38
74061 0
74086 39
74091 0
74151 39
74277 34
74350 0
74554 35
74570 0
74630 39
74712 0
74739 33
74853 0
74881 38
74883 39
75042 39
75056 0
75293 35
75422 0
75677 38
75815 38
75869 33
75907 39
76033 38
76035 0
76223 39
76548 0
76664 35
76795 0
76867 35
77020 0
77180 33
77244 0
77338 33
77622 0
77679 39
77689 0
77778 38
77857 0
77861 39
77930 0
78008 34
78009 0
78015 33
78194 0
78234 35
78436 0
78567 39
78763 0
78823 38
78986 0
79413 38
79626 38
79766 34
79834 0
79892 39
79949 0
79980 38
80240 33
80368 0
80380 34
80570 0
80725 34
80731 0
80745 35
80889 0
80895 39
81050 0
81130 34
81201 0
81297 34
81302 0
81336 34
81371 0
81615 34
81941 39
81963 0
81976 33
81982 0
82098 39
82193 0
82225 34
82708 0
82741 33
82751 0
82815 39
82891 0
83094 35
83184 39
83229 0
83266 39
83270 0
83391 38
83911 0
84093 34
84114 0
84195 33
84196 0
84277 34
84299 0
84435 34
84589 0
84754 38
84801 39
84818 0
84903 38
85027 33
85232 39
85300 0
85380 34
85428 0
85849 39
86027 0
86393 38
86401 0
86434 39
86530 0
86547 38
86552 38
86632 34
86957 0
86961 35
87258 0
87394 38
87777 33
87895 38
88328 38
88369 0
88658 35
88833 0
88836 33
88953 0
89019 34
89080 0
89283 39
89359 38
89401 0
89427 38
89466 0
89598 38
89636 0
89704 34
89735 0
89764 38
89833 0
89873 33
89969 0
90232 38
90245 0
90456 38
90507 0
90590 39
90598 0
90877 35
91220 0
91273 38
91289 0
91381 38
91388 0
91592 34
91647 38
91734 0
91750 38
91780 38
91978 0
91993 35
92219 39
92236 0
92395 39
92449 0
92470 38
92477 39
92927 0
92970 35
93145 0
93387 39
93464 35
93481 35
93486 0
93589 35
93626 35
93636 35
93700 0
93876 38
93897 39
93964 39
93991 0
93995 38
94074 35
94329 0
94535 39
94613 38
94713 0
94793 35
94952 0
95039 39
95172 0
95259 39
95417 38
95465 0
95495 35
95502 0
96021 33
96080 0
96733 33
96950 34
96984 0
97005 39
97161 39
97192 39
97197 35
97361 0
97418 38
97462 0
97652 33
97676 34
97737 39
97885 0
97899 38
97981 0
98017 39
98147 38
98205 34
98344 38
98679 0
98687 34
98904 34
99562 0
99725 39
99864 0
99890 34
99922 35
99970 0
757 events for 12
153 66
223 0
241 88
243 0
337 66
352 75
582 0
583 75
660 75
888 0
909 69
986 66
1032 0
1233 77
1320 88
1498 72
1696 97
1743 69
1759 0
1994 75
2074 0
2144 77
2207 0
2393 72
2595 66
2814 97
2867 0
2868 72
2963 0
3070 97
3086 0
3089 77
3159 0
3729 66
3844 72
4628 0
4742 77
4744 0
4771 69
5013 75
5059 0
5068 75
5098 72
5171 97
5340 0
5605 88
5736 0
5937 75
5979 0
6074 72
6135 0
6388 66
6457 0
6680 75
6755 97
6889 0
6995 75
7115 0
7171 75
7232 66
7260 75
7340 0
7342 77
7517 69
7624 0
7877 69
7969 0
8173 72
8274 0
8557 77
8590 75
8610 0
9013 69
9132 0
9291 69
9308 66
9336 97
9356 0
9400 88
9712 0
9764 69
9976 0
10385 72
10426 97
10455 0
10911 77
10921 0
10926 66
11028 0
11079 69
11134 66
11677 0
11699 75
11931 0
12092 97
12170 0
12370 75
13088 0
13382 88
13420 0
13598 66
13612 88
13779 0
13897 69
13900 0
13939 66
13947 0
13953 88
14258 72
14439 0
14477 75
14498 0
14504 97
14612 0
14616 77
14655 88
14773 0
14804 66
15081 72
15274 0
15360 97
15392 0
15516 75
15606 75
15614 0
15663 97
16363 0
16454 77
16468 0
16650 77
16740 72
16818 0
17159 75
17223 88
17338 0
17452 66
17526 0
17827 72
17892 72
17961 0
18329 66
18437 72
18662 77
18696 88
19032 0
19038 77
19066 97
19074 0
19305 75
19689 0
19873 75
20022 0
20103 69
20296 97
20343 88
20539 0
20843 72
20965 0
20974 69
21086 72
21186 0
21307 75
21320 0
21514 72
21654 0
21736 77
21746 0
21769 72
21772 0
21847 66
21939 0
21972 66
21978 0
21995 75
22054 0
22303 66
22540 0
22626 75
22671 72
22679 72
22730 69
22749 66
22983 0
23025 97
23218 72
23239 0
23290 88
23404 77
23473 77
23620 0
23666 66
23870 0
23897 72
24039 0
24046 69
24101 0
24329 75
24439 0
24445 66
24965 0
25004 88
25010 0
25103 69
25110 0
25141 75
25343 72
25447 66
25470 0
25510 88
25603 0
25740 66
26091 0
26177 88
26373 0
26381 97
26458 0
26564 69
26630 0
26690 88
26745 72
27933 77
28397 75
28599 0
28732 66
28737 0
28816 75
28876 0
29262 88
29311 0
29320 77
29365 75
29502 0
29806 75
29969 0
29988 75
30302 0
30504 77
30741 0
30778 77
30940 0
31358 66
31402 75
31415 0
31543 97
31560 75
31718 0
31976 66
32081 0
32154 69
32203 0
32345 77
32407 0
33103 66
33265 0
33457 97
33691 0
33977 69
34006 0
34106 69
34285 0
34420 77
34428 88
34467 97
34676 0
34812 72
34859 0
34923 97
35041 75
35117 0
35207 66
35249 69
35606 0
35760 72
35872 66
35891 88
35902 88
35995 0
36207 66
36271 0
36414 72
36430 0
36598 66
36908 0
36919 66
37037 0
37122 77
37272 0
37365 69
37422 0
37545 75
37963 0
38217 88
38292 0
38309 72
38345 72
38495 0
38629 88
38912 0
38914 72
39063 0
39102 88
39183 75
39296 0
39493 88
39583 0
40013 69
40112 0
40163 75
40340 0
40614 75
40937 0
41250 75
41255 0
41456 88
41658 0
41717 97
41743 0
41831 66
41849 0
41856 75
42137 75
42161 0
42289 72
42351 0
42589 72
42670 0
42815 75
42887 77
42964 66
43035 0
43181 72
43284 0
43614 75
43635 97
44246 0
44612 75
44766 0
44811 66
44823 0
45086 66
45119 66
45140 0
45395 75
45528 0
45641 72
45764 0
45822 88
45917 0
46034 97
46314 77
46465 0
46479 97
46595 77
46738 97
46961 77
46978 0
47111 66
47307 77
47469 0
47690 75
47725 0
47813 66
48029 0
48035 69
48268 88
48362 0
48578 75
48715 0
48723 97
48885 0
49005 72
49014 75
49091 77
49191 75
49210 0
49314 97
49524 0
49566 72
49727 69
49753 0
49964 77
50011 72
50019 0
50108 66
50645 0
50649 75
50834 0
50928 69
51000 88
51306 0
51409 77
51536 66
51616 0
51685 88
51779 75
51887 0
52108 72
52197 0
52415 75
52468 0
52681 88
52746 0
52861 69
52889 0
52905 66
52971 0
53048 66
53074 75
53162 0
53372 77
53464 0
53877 97
53989 88
54047 0
54159 72
54177 0
54187 72
54338 72
54365 75
54650 0
54679 77
54757 0
55455 77
55472 0
55507 88
55528 97
55571 0
55792 77
56011 97
56633 0
56674 88
56710 75
56760 0
56828 97
56971 0
57094 75
57103 0
57277 66
57407 0
57580 75
57789 0
57812 69
58018 0
58080 72
58663 0
58693 88
58779 77
59189 0
59536 72
59644 0
59725 66
59813 0
59903 69
59920 0
60012 75
60361 0
60496 66
60664 0
60700 72
60842 0
60950 72
61409 69
61593 0
61688 72
61720 0
61735 97
61945 0
62117 75
62352 69
62487 0
62574 97
62713 0
62825 66
63241 0
63284 75
63351 77
63477 72
63638 0
63694 97
64124 0
64136 97
64171 0
64172 88
64208 0
64630 88
64676 0
65067 97
65175 0
65232 66
65625 66
65870 69
65912 0
66019 88
66025 0
66176 77
66307 0
66506 77
66548 0
66593 69
66701 0
66818 66
66947 0
67291 69
67360 97
67577 0
67662 88
67837 77
67929 66
68280 0
68444 88
68628 0
68742 97
68773 0
68960 88
68993 97
69041 0
69049 88
69373 0
69491 66
69616 0
69622 72
69703 0
69830 88
69865 0
70117 88
70127 97
70340 0
70558 69
70617 88
70639 0
70834 97
70860 88
71040 0
71177 72
71574 88
71864 0
72225 97
72361 0
72383 69
72510 0
72568 77
72570 0
73047 97
73248 77
73328 0
73336 72
73448 0
73475 97
73552 0
73663 66
73854 0
73930 88
73971 0
74094 88
74244 0
74281 66
74673 0
74760 75
74838 72
74868 0
74894 69
74971 0
74990 77
75055 0
75075 77
75106 0
75267 75
75515 88
75806 0
75835 69
75900 0
76067 66
76112 72
76202 66
76413 0
76667 72
76950 88
77002 97
77517 0
77553 75
77823 0
77838 72
77864 0
77868 88
78012 0
78088 66
78184 0
78399 69
78587 0
78606 72
78675 0
78757 97
78859 0
79313 77
79569 75
79633 0
79701 75
79917 0
80116 77
80249 72
80297 72
80321 0
80419 75
80619 0
80631 69
80678 0
81015 75
81036 0
81183 88
81350 0
81782 69
81940 0
81944 88
81953 69
82134 0
82202 75
82350 0
82376 97
82520 0
82527 88
82612 0
82661 69
82955 0
83008 75
83016 0
83070 72
83106 0
83136 69
83271 69
83394 0
83822 75
83898 0
83960 69
84189 97
84333 75
84808 72
84863 75
84878 0
84896 75
85010 0
85081 66
85187 0
85462 69
85725 72
85869 69
85934 66
86177 0
86266 72
86430 0
86520 75
86584 75
86599 0
86861 75
86975 0
87236 69
87396 0
87529 88
87530 0
87562 69
87565 0
87647 66
88144 0
88175 69
88321 0
88364 75
88386 0
88746 88
88780 0
88900 77
89237 72
89405 69
89886 0
90073 66
90128 72
90207 0
90356 69
90429 75
91123 77
91173 0
91192 72
91460 0
91503 75
91605 0
91652 66
91771 0
91806 77
92023 69
92150 0
92229 97
92378 0
92687 88
92718 0
92793 77
93062 0
93081 75
93255 0
93295 75
93311 0
93320 69
93351 0
93411 88
93538 69
93708 0
93780 72
93836 0
93852 75
93910 0
93984 97
94108 0
94285 72
94428 97
94586 97
94596 0
94602 88
94642 0
94661 88
94796 0
94839 88
94926 0
94960 66
95436 75
95452 72
95699 72
95729 0
95794 66
96290 88
96733 0
96734 69
96960 75
97046 0
97237 88
97387 97
97597 0
97741 75
97909 0
97922 66
98093 0
98265 66
98335 0
98463 88
98501 88
98526 77
98533 0
98582 77
98659 0
98909 88
99034 0
99105 75
99171 77
99313 0
99435 66
99490 72
99587 75
99678 72
99726 0
99758 77
99835 0
479 events for 13
99 90
124 0
138 85
150 92
478 0
555 85
574 92
622 0
759 90
820 0
910 85
1357 96
1750 0
1985 90
2070 0
2151 90
2477 0
2568 92
2609 92
2623 85
2755 0
3328 92
3374 90
3416 0
3442 91
4820 0
4900 90
4920 90
5006 0
5042 90
5181 0
5537 92
5635 0
5783 92
5815 90
6442 90
6793 0
6821 90
6861 0
6884 92
7355 0
7621 92
8078 0
8521 91
8917 0
8966 92
9005 0
9031 96
9097 0
9452 90
9507 0
9663 92
9673 0
9796 90
9802 0
10269 90
10314 91
10489 0
10528 90
10951 0
11136 91
11189 0
11414 92
11513 0
11553 91
11732 0
11810 92
11861 0
12318 91
12630 0
12760 98
13255 0
13332 85
13576 0
13835 98
14852 92
15079 0
15236 85
15278 90
15528 0
15581 90
15628 0
15758 90
15928 0
16348 98
16644 0
16797 92
17333 0
17460 92
17637 0
18475 90
18937 0
18981 98
19179 0
19572 96
19706 0
19711 90
19870 0
20050 96
20074 85
20268 91
20282 0
20509 96
20581 0
20848 92
21225 85
21736 0
21755 90
21909 85
21960 0
22116 90
22436 0
22526 90
22545 85
22697 0
22871 90
23073 0
23298 90
23544 0
23620 98
23912 92
24041 0
24639 92
24693 0
24987 90
25099 0
25107 85
25801 0
26178 92
26367 0
26627 90
26896 0
27068 92
27334 0
27335 85
27657 90
27960 0
28028 96
28388 0
28468 91
28761 0
28876 85
29088 0
29179 90
29509 0
29916 90
30197 0
30440 98
30466 0
30868 85
31185 0
31274 90
31378 0
31517 85
31539 0
31731 90
32144 90
32369 0
32493 90
32516 0
32576 96
33013 0
33212 90
33496 0
33512 90
33540 92
33626 0
33715 91
33750 0
34827 91
35104 0
35298 90
35574 0
35966 92
36008 0
36361 85
36794 0
36958 92
37010 0
37351 98
38077 98
38102 0
38186 92
38193 0
38457 92
39000 0
39032 96
39879 90
40018 0
40025 98
40488 0
40634 90
41033 0
41151 91
41244 92
41428 85
41839 0
41883 91
42378 0
42662 92
43081 92
43221 0
43262 85
43524 0
43641 90
44325 0
44503 91
44516 96
44586 0
45473 90
45632 0
45736 91
46168 0
46304 92
46623 0
46843 91
46902 0
46983 90
47185 0
47213 98
47258 0
47405 90
47600 0
47984 98
47987 0
47991 92
48408 0
48574 90
48707 92
48712 0
48975 92
49188 0
49496 90
49729 90
49835 0
50274 92
50665 0
50675 90
50726 0
50741 90
50910 0
51119 92
51198 98
51284 0
51394 98
51395 0
51417 90
51702 0
52781 90
53213 0
53621 91
53698 0
54023 98
54047 92
54151 0
55065 91
55215 0
55391 96
55463 0
55501 85
56186 90
56417 96
56476 0
56500 92
56582 0
57070 96
57148 0
57228 90
57247 0
57494 85
57625 0
57642 92
57719 0
57730 90
58002 91
58119 0
58600 96
58625 0
58654 98
58985 0
59214 90
59447 85
59449 90
59492 90
59739 0
59754 92
59896 85
60064 0
60089 96
60248 0
60296 85
60536 0
60587 92
60744 0
60863 90
61157 0
61751 90
62061 0
62333 92
62375 0
62540 98
62727 0
62894 98
62961 90
63008 0
63496 96
63559 0
64033 85
64176 92
64471 0
64759 85
65002 0
65063 96
65103 92
65225 0
65346 90
65362 0
66244 98
66295 0
66301 85
66347 0
66456 85
66859 96
67165 98
67415 0
67552 90
67611 0
67630 90
67855 91
68297 0
68304 96
68693 0
69211 96
69270 90
69456 90
69644 0
69698 92
69937 0
70015 91
70102 0
70210 92
70441 0
70883 90
71305 0
71418 98
71689 0
71969 85
72574 0
72725 96
72785 0
73111 92
73144 0
73652 98
73762 90
73897 90
74238 92
74573 92
74628 0
74769 92
74857 0
74876 92
74879 96
74917 0
75146 92
75679 0
75906 90
75909 0
76473 90
76732 0
76744 90
77087 0
77230 92
77303 0
77465 85
77878 0
78129 92
78548 0
78625 92
78733 90
78887 85
79318 92
79333 0
79544 96
79739 96
80077 0
80244 92
80250 0
80643 96
81070 0
81399 92
81755 0
82113 96
82149 0
82258 98
82414 91
82693 0
82702 98
82775 0
82849 92
83189 0
83352 96
83451 0
83550 85
84774 90
84967 0
84976 90
85070 98
85502 0
85574 85
85598 92
85772 0
86638 85
86675 92
86822 0
86841 90
86886 85
87313 0
87469 90
87726 92
87803 90
88076 0
88421 91
88766 0
88870 92
88882 0
88909 85
89043 0
89058 92
89263 0
89317 92
89620 0
90388 85
90920 0
91439 90
91484 0
91623 98
91781 91
91847 92
91878 0
92420 91
93219 0
93371 96
93439 0
93503 92
93557 0
93764 90
93818 98
94010 90
94200 90
94610 0
94692 92
94798 0
94927 91
95201 0
95258 98
95460 92
95724 0
95811 92
95867 90
95903 0
96372 90
96609 91
96678 90
96772 0
97059 92
97157 0
97324 91
97365 92
97685 0
97814 90
98265 0
98407 91
98497 0
98866 90
99563 0
99666 90
99675 0
99891 90
99902 0
395 events for 14
57 31
257 32
839 0
1077 64
1405 0
2494 56
2575 0
3357 63
3716 0
3890 32
4014 0
4411 56
4532 0
4779 32
5091 0
5142 31
5316 0
5543 61
5826 31
6536 0
7496 32
7789 0
8518 61
8924 0
9511 31
9576 56
9672 32
9675 0
9721 56
10740 0
10935 61
11880 31
11898 67
11975 0
12109 66
12512 66
12755 0
13121 32
13245 0
13358 67
13388 0
13524 31
14010 0
14241 31
14296 0
14632 64
15097 0
15176 56
15291 0
15336 31
15353 0
15358 61
15569 0
15696 31
15985 0
16246 56
16591 61
16756 0
16831 31
16848 0
16906 63
17253 0
17322 66
17504 0
17582 61
17765 0
17769 31
17927 0
17957 66
18481 0
18916 56
18958 0
19005 31
19370 0
19606 31
19734 66
19922 0
19944 64
19951 0
21378 31
21426 32
21584 0
21637 56
21984 0
22107 67
22186 0
22549 67
23195 0
23827 31
23978 0
24197 56
24485 64
24516 31
24740 32
24979 0
25747 67
26251 64
26414 0
26611 32
26691 0
26696 67
26945 0
26990 64
27200 31
27258 0
28036 31
29162 0
29533 31
29846 0
29866 32
30165 61
30333 32
30851 0
30942 66
31606 0
31746 31
31888 0
31894 31
31912 0
32082 67
32514 0
32604 32
32724 0
33019 66
33826 31
33868 0
33966 56
34082 56
34385 63
34851 0
34976 31
35205 0
35743 66
35849 61
35858 0
35964 56
35995 66
36027 67
36058 0
36420 61
36580 63
36742 0
36784 64
36931 0
37374 64
37670 0
38232 31
38521 0
38962 64
39713 0
39803 56
40026 66
40154 0
40253 31
40274 32
40526 0
41012 31
41292 0
41306 31
41507 0
41786 56
41957 0
41996 32
42167 63
42255 0
42261 56
42692 0
42766 61
42778 0
42897 67
43047 56
43319 31
43838 0
44005 31
44141 0
44523 32
44665 64
44707 56
45064 61
46552 63
46724 31
46757 0
46906 61
46978 0
47250 61
47251 0
47425 66
47833 0
48582 64
48619 0
48695 61
48925 56
49056 0
49201 32
49299 0
49530 32
49606 0
50084 63
50323 0
50598 64
51565 56
51616 0
51689 66
52190 0
52861 61
53325 0
53455 63
53489 0
53525 64
54141 0
54261 63
54516 0
55053 64
55083 0
55303 31
56015 0
56183 64
56380 66
56554 0
56807 61
56974 0
56993 31
57554 0
57634 31
57850 56
58166 67
58284 0
58422 32
58466 0
58565 67
58910 31
58923 0
59043 31
59149 64
59159 0
59406 31
59669 0
59701 32
59748 0
59751 66
60091 0
60153 31
60290 66
60471 0
60733 56
60965 0
61036 64
61550 66
61586 0
62036 32
62287 0
62290 61
62328 0
62466 32
62514 0
62719 32
62923 0
63286 63
63492 0
64204 63
64215 67
64328 0
64761 66
64768 0
65432 67
65739 0
65925 56
66061 0
66680 56
67019 0
67082 64
67088 63
67195 0
67586 63
68193 0
68431 31
68822 0
69892 67
70340 0
70368 67
70536 66
71635 64
71729 61
72015 0
73235 67
73289 0
73329 61
73348 0
73426 32
74911 0
75423 56
75801 0
75933 61
76771 0
77432 66
77471 0
77784 31
77911 0
78037 67
78240 61
78766 0
79544 64
79659 31
79989 0
80254 31
80286 61
80526 0
80539 67
81069 0
81413 31
81850 67
82685 0
82807 32
82885 0
82895 32
83562 0
83729 31
83967 0
83971 32
84018 0
84197 61
84380 0
84553 63
85476 0
85694 32
85730 0
85890 56
85914 31
85939 0
86025 63
86133 61
86229 32
86510 0
87192 56
87376 0
87698 67
87723 0
87994 64
88064 0
88085 67
88361 0
88570 64
88754 0
88818 31
88956 0
89190 56
89303 0
89512 31
89835 64
89874 67
89939 31
90247 67
90599 0
90822 61
91094 0
91164 56
91461 0
91529 63
91743 56
92262 0
92936 32
93161 61
93240 0
93654 64
93759 66
93901 0
93962 32
94016 66
94141 63
94235 0
94291 61
94437 0
94586 64
94760 32
95135 0
95161 63
95718 64
95766 32
95777 0
95907 31
95998 66
96033 0
96108 31
96270 67
96838 64
96903 67
97046 0
97188 66
97798 56
98186 0
98626 67
98723 66
99234 0
99509 63
99591 0
140 events for 15
99 18
752 0
1635 36
1846 0
3962 36
4171 18
4252 0
5149 43
5245 18
5664 0
5905 36
6505 0
7486 43
7677 43
10676 0
15261 43
15620 38
16637 0
17328 36
18546 36
18674 0
18773 23
18839 0
19840 30
20022 0
20248 42
20756 0
20937 18
21105 0
22636 23
23531 0
25447 18
26494 0
27796 42
30741 0
30943 18
31474 0
31783 30
31980 43
32068 36
33716 36
34110 0
34631 36
35341 46
35821 0
36247 38
37230 0
37547 42
37648 0
38161 42
39351 46
39709 0
40534 46
41046 36
41318 0
41625 36
42963 0
43225 30
45135 46
46350 43
46733 38
47079 0
47210 46
48383 0
50353 18
50960 0
51579 18
52029 0
54587 36
54699 0
55023 38
55356 42
55635 36
55889 42
56096 0
56171 23
56473 36
56621 36
56638 0
56697 23
56764 43
58086 30
59147 0
59180 36
60185 0
60305 38
61883 0
63208 36
64797 23
65205 0
65224 46
66301 30
67128 0
67626 42
68534 0
68604 38
69177 23
69641 0
70386 42
70499 0
70807 23
71641 36
72199 0
73159 43
73328 30
73414 43
76229 0
78510 36
79566 0
80917 30
81005 43
81671 0
81918 42
83006 23
83615 0
84329 36
85825 0
86255 23
86351 0
86472 23
86834 0
87354 23
87492 0
88058 42
88164 38
90197 36
90935 42
91959 0
92245 23
93051 0
94624 42
96045 0
96297 43
97251 46
97441 0
98257 23
98688 38
98790 46
99190 0
99518 46
