8 buffers
138962 1817
111054 16069
154771 19691
134475 3251
132452 12968
63114 9911
226028 42088
142536 15451
80 downlinks
0 188 1250 292
1 1438 2500 320
2 2688 3750 378
3 3938 5000 335
4 5188 6250 352
5 6438 7500 346
6 7688 8750 335
7 8938 10000 346
8 10188 11250 277
9 11438 12500 332
10 12688 13750 358
11 13938 15000 288
12 15188 16250 287
13 16438 17500 385
14 17688 18750 358
15 18938 20000 337
16 20188 21250 284
17 21438 22500 317
18 22688 23750 394
19 23938 25000 332
20 25188 26250 379
21 26438 27500 313
22 27688 28750 345
23 28938 30000 287
24 30188 31250 347
25 31438 32500 312
26 32688 33750 302
27 33938 35000 350
28 35188 36250 278
29 36438 37500 359
30 37688 38750 291
31 38938 40000 354
32 40188 41250 272
33 41438 42500 369
34 42688 43750 318
35 43938 45000 287
36 45188 46250 265
37 46438 47500 335
38 47688 48750 384
39 48938 50000 311
40 50188 51250 374
41 51438 52500 280
42 52688 53750 296
43 53938 55000 315
44 55188 56250 267
45 56438 57500 365
46 57688 58750 285
47 58938 60000 303
48 60188 61250 343
49 61438 62500 346
50 62688 63750 317
51 63938 65000 328
52 65188 66250 356
53 66438 67500 380
54 67688 68750 303
55 68938 70000 308
56 70188 71250 300
57 71438 72500 266
58 72688 73750 317
59 73938 75000 369
60 75188 76250 341
61 76438 77500 298
62 77688 78750 380
63 78938 80000 334
64 80188 81250 369
65 81438 82500 359
66 82688 83750 311
67 83938 85000 293
68 85188 86250 279
69 86438 87500 323
70 87688 88750 286
71 88938 90000 311
72 90188 91250 273
73 91438 92500 373
74 92688 93750 277
75 93938 95000 334
76 95188 96250 389
77 96438 97500 393
78 97688 98750 281
79 98938 100000 343
463 events for 0
162 96
279 86
598 0
1154 93
1337 0
1436 93
1540 0
1541 93
1635 0
1719 86
1958 0
1990 98
2791 0
2919 86
3055 0
3058 99
3160 93
3523 0
3614 85
3645 0
3660 89
3846 0
5015 91
5025 0
5086 96
5370 99
5862 85
6105 0
6187 82
6338 0
6629 86
6636 0
7108 93
7457 0
7903 99
7906 91
8234 89
8354 0
8478 89
8531 0
8793 85
8855 0
8856 89
8873 0
9210 91
9457 96
9859 98
10199 96
10366 0
10512 93
10821 91
10876 93
11483 0
11488 85
11529 0
11656 91
11740 98
11813 85
12372 93
12480 0
12678 91
12933 0
13078 89
13146 0
13382 93
13524 89
13529 0
13699 98
13989 0
14358 91
14831 0
14932 99
15297 0
15443 96
15732 0
15943 86
15954 0
16255 82
16283 0
16687 85
17122 0
17142 98
17372 0
17392 86
17640 0
17641 91
18357 0
18798 85
18948 0
19942 93
20317 86
20563 91
20728 0
21001 96
21437 98
21522 0
21561 98
21622 0
21679 96
21777 99
21976 0
22033 89
22538 91
22609 0
22708 96
22725 82
22842 0
22885 86
23488 89
24037 86
24157 0
24247 86
24269 0
24284 99
24724 0
25838 91
26177 91
26524 0
27070 85
27689 96
28781 0
28955 93
28999 0
29295 96
29597 0
29725 99
29995 86
30017 0
30090 91
30274 89
30297 0
30518 91
30737 96
31106 0
31177 86
31471 0
31724 86
32003 86
32088 0
32510 99
32666 0
32980 93
33035 0
33560 82
34141 89
34174 0
34584 99
34662 0
34763 96
35605 89
35886 0
35946 93
36187 99
36334 0
37189 89
37212 91
37360 0
37587 89
37938 0
37959 89
38195 89
38515 0
38691 89
38761 0
38807 98
38909 0
39286 86
39432 0
39735 91
39911 0
40023 99
40096 0
40137 86
40395 0
40453 86
40469 0
40484 96
41034 0
41487 86
41557 0
41658 96
42315 0
42412 99
42492 0
42494 85
42507 0
42892 91
43137 82
43746 0
44031 85
44118 91
44171 89
44285 0
45017 98
45212 93
45293 82
46070 0
46130 91
46338 89
46625 0
46869 96
47729 0
47830 91
48442 0
48857 93
48885 96
49211 98
49358 86
49596 0
49843 86
50276 0
50327 99
51028 91
51565 0
51818 96
51859 0
51887 85
52567 0
52867 91
53089 82
53132 0
53246 91
53478 0
53663 86
53767 0
53832 98
53913 0
54413 82
54649 0
54651 82
54735 89
54800 0
54958 89
55059 0
55099 89
55507 0
55550 86
55618 0
55667 91
55724 0
55996 86
56154 0
56186 89
56433 0
56540 85
56565 0
56655 99
56681 0
56793 82
56806 0
56964 96
57860 91
58070 89
58088 0
58111 96
58257 0
58502 89
58684 0
59099 86
60274 0
60712 99
60776 0
60785 86
61073 0
61230 89
61596 93
61783 93
61867 82
62065 0
62197 91
62501 93
62643 0
62658 85
62703 0
63109 86
63246 0
63504 82
63559 0
64215 99
64275 0
64744 85
64945 96
65333 0
65586 82
65589 91
65737 0
65843 86
65885 0
66086 89
66179 0
66222 91
66260 93
66428 0
66578 85
66666 0
66718 91
66719 0
66875 99
67014 0
67031 98
67258 0
67858 99
67925 0
68178 93
68285 0
68422 99
68587 0
68595 93
68664 0
68671 93
69024 0
69173 85
69549 0
69744 82
69763 0
69774 85
70098 0
70245 99
70442 0
70775 86
70830 0
71158 93
71314 0
71373 98
71476 0
71522 93
71691 0
71722 86
71825 86
71871 0
72067 93
72234 0
72974 98
73227 0
73321 98
73492 0
74100 85
74500 0
74792 85
74803 0
75775 86
76161 85
76238 0
76393 93
76592 0
76800 99
76807 0
76820 99
76864 86
76873 0
77044 96
77071 0
77180 82
77638 86
77652 85
77797 85
77902 0
78484 85
78501 93
78657 0
78688 85
78799 0
78871 96
78946 98
79022 0
79109 86
79205 98
79366 0
79680 98
79699 0
79807 82
80104 0
80173 91
80306 0
80539 89
80591 0
80883 85
81077 0
81113 98
81163 0
81446 99
81454 89
81532 0
81673 86
82156 0
82722 91
83035 96
83107 0
83191 85
83301 0
83772 86
83797 0
83932 86
83975 0
84259 98
84486 0
84798 89
84862 93
85345 0
85432 99
85725 86
85821 96
86020 0
86541 96
86589 0
86813 82
86835 0
87130 86
87523 82
87625 82
87709 0
87731 98
87767 0
88066 91
88094 0
88121 96
88171 98
88175 0
88543 96
89173 0
89302 93
89322 98
89390 0
89452 93
89613 0
89812 99
90663 93
90744 0
91210 82
91268 0
91327 86
91407 0
91584 89
91870 0
91950 98
91952 0
92586 93
92612 0
93625 99
94050 96
94368 93
95427 0
95601 93
95731 85
95842 98
95878 0
95922 99
96178 0
96371 82
96765 0
97079 98
97247 0
97902 85
98412 86
98704 0
98787 91
98861 98
99034 0
99139 93
99275 0
99293 93
99323 0
99934 98
614 events for 1
50 42
182 0
215 37
583 0
589 42
679 0
781 42
923 0
1034 42
1048 37
1390 0
1806 37
1908 0
1929 42
1956 0
2011 42
2023 0
2041 44
2143 0
2400 44
2509 0
2728 37
2830 0
3110 42
3199 0
3279 42
3402 0
3493 42
3843 0
3912 44
4400 0
4412 42
4450 0
4522 44
4711 0
4790 44
4795 0
4878 44
4901 42
4972 44
4998 0
5087 42
5199 0
5379 37
5586 0
5606 42
5836 44
6154 0
6303 44
6411 0
6750 42
7522 0
7571 42
7673 0
7972 44
8459 0
8567 37
8702 0
8805 37
8853 42
9519 0
9635 37
9987 0
10175 44
10206 42
10409 0
10530 44
10556 0
10683 37
10704 37
10874 37
10891 42
10930 0
11425 44
11656 0
11697 44
11959 0
12177 44
12693 0
12742 37
12986 0
13095 42
13239 42
13434 0
13732 42
13915 0
14015 37
14046 0
14107 37
14889 44
14966 0
15395 42
15507 42
15530 37
15592 0
15650 42
15883 0
15954 44
15962 0
16160 37
16798 42
17308 0
17352 44
17447 37
17755 0
17854 42
18110 0
18655 42
18764 42
19151 0
19288 44
19414 0
19775 37
19902 0
20275 42
21038 0
21170 42
21177 0
21255 37
21268 44
21285 0
21357 42
21613 0
21798 44
21988 0
22050 42
22063 0
22402 42
22427 42
23059 42
23155 0
23312 37
23424 42
23487 0
23554 44
23763 37
23954 0
23980 42
24579 0
24956 42
25089 37
25196 0
25308 42
26024 0
26272 44
26322 0
26419 37
26441 42
26541 37
27001 0
27449 44
27830 0
27919 44
27930 0
28062 42
28231 42
28275 0
28663 37
28876 0
28878 37
28942 0
29032 42
29117 0
29261 44
29375 0
29699 42
29785 0
29977 44
30109 44
30122 0
30305 42
30460 0
30536 37
30567 0
30643 44
30880 0
31034 44
31177 42
31635 0
31637 44
31740 0
31876 42
31990 0
32245 44
32279 42
32340 0
32449 42
32595 0
32950 37
33208 42
33418 0
34196 44
34381 0
34473 42
34553 42
34681 0
34764 37
34811 0
34883 44
35410 0
35483 42
35783 0
36118 37
36212 0
36315 44
36408 0
36546 44
36890 0
36897 42
37060 42
37093 0
37400 42
37545 42
37720 0
37787 37
37836 0
37868 42
37975 0
38207 42
38328 0
38374 37
38377 0
38610 42
38713 44
38735 0
38812 44
39370 0
39538 42
40104 42
40128 0
40171 37
40394 0
40403 37
40488 0
40672 42
40937 44
41012 0
41224 44
41418 0
41436 37
41516 0
41932 44
43311 0
43416 44
43553 44
43711 0
43740 37
43894 0
44672 42
44846 37
45029 42
45053 0
45139 37
45190 37
45517 0
45898 42
46352 37
46389 0
46465 44
46554 0
46617 42
46700 37
46922 0
46968 42
46989 42
48145 0
48439 44
48483 44
48576 37
48842 0
48869 42
49235 0
49301 42
49578 0
49834 42
49992 0
50285 37
50308 0
50369 42
50781 0
50926 42
51025 0
51130 44
51170 0
51883 42
51973 0
52061 42
52109 0
52147 44
52371 37
52511 0
52526 42
52610 0
52625 42
52637 42
52950 0
53188 42
53332 0
53407 42
53443 44
53463 0
53597 44
53671 44
53696 42
53866 0
54215 37
54592 0
54806 42
54903 0
54936 44
54971 42
55287 0
55497 37
55515 44
55528 0
55537 42
55552 0
56074 44
56115 0
56117 44
56481 0
56681 44
56732 44
57010 0
57273 42
57717 0
57743 44
57814 0
57956 42
58179 42
58201 37
58259 37
58360 0
58448 42
58461 0
58561 42
58610 0
58873 44
59133 0
59613 42
59888 0
59915 42
60471 0
60678 37
60735 0
60849 44
60966 44
61111 0
61156 42
61562 42
61648 44
61958 0
62021 37
62110 0
62320 42
62523 42
62618 0
62675 37
62693 42
63062 0
63083 42
63340 0
63735 42
64264 0
64359 37
64538 0
64636 37
64672 42
64785 42
65000 0
65055 42
65181 0
65684 42
65713 42
65716 42
65723 0
65798 44
65888 42
66058 0
66188 42
66226 0
66263 44
66543 0
66790 42
66954 0
67345 44
67431 0
67799 44
67823 0
67872 37
67946 44
68116 0
68135 44
68558 0
68588 42
68649 0
68669 37
68706 37
68711 44
68801 42
69224 0
69380 37
69448 0
69622 37
69672 44
69748 44
69788 0
69799 42
70021 0
70037 37
70164 0
70184 42
70211 0
70261 42
70671 0
70879 42
71230 0
71701 42
71959 0
72058 37
72127 0
72141 42
72182 0
72235 42
72351 0
72394 42
72472 0
72530 37
72973 44
73313 0
73456 37
73680 0
73830 44
73862 37
74096 0
74356 42
74549 0
74685 37
74700 0
74898 42
74954 0
75144 37
75470 44
75536 0
75660 42
75736 0
75852 42
76074 0
76243 44
76298 0
76327 37
76486 0
76672 37
76756 0
76884 37
77015 37
77092 0
77260 44
77304 0
77638 42
77711 0
78539 42
78562 0
78849 42
78989 0
79031 42
79091 0
79353 44
79411 0
79474 37
79541 0
79550 42
79633 37
79638 0
80121 44
80212 0
80398 42
80484 0
80502 44
80577 44
80664 42
80730 0
80782 37
80989 0
81052 42
81359 0
81518 44
81829 0
82144 37
82254 0
82539 37
82632 0
82670 42
83050 0
83113 42
83119 0
83165 37
83320 0
83501 42
83514 0
83598 44
83652 0
83803 42
83939 42
84589 0
84858 42
85044 0
85270 42
85556 0
85619 42
85667 0
85677 42
85701 0
85927 37
86086 44
86103 0
86231 37
86354 0
86467 37
86493 0
86602 44
86719 44
86849 0
87164 37
87239 42
87491 0
87661 42
87677 0
87917 44
87934 0
88518 42
88527 0
88558 42
88569 0
88743 37
88807 44
88906 0
88952 37
88956 0
89230 42
89243 0
89260 37
89465 0
89526 42
89639 42
89777 0
89783 42
89813 0
89892 42
90067 42
90093 0
90138 37
90183 37
90212 0
90349 44
90442 37
91245 42
91538 0
91639 42
91786 0
92750 44
92976 0
93084 37
93451 0
93532 37
93819 0
93838 37
94198 37
94242 0
94391 44
94679 0
94680 37
94762 0
95022 44
95350 0
95369 44
95841 0
95959 42
95966 0
96131 37
96157 0
96242 37
96313 0
96343 42
96387 42
96436 0
96582 44
96642 37
96711 0
96822 42
96908 44
97003 0
97228 37
97360 42
97489 0
97544 37
97657 0
97813 42
97843 0
97964 44
98097 0
98313 37
98315 0
98616 44
98686 37
98716 0
98937 42
98954 0
99024 37
99065 0
99392 37
99505 37
99660 42
99832 0
135 events for 2
721 67
804 0
961 67
1572 0
1963 64
1997 63
2600 0
2875 67
3303 63
3752 0
3837 63
4607 0
5059 65
5629 0
6211 67
7618 0
7868 63
8628 64
9482 0
9718 67
10319 64
11334 65
11749 0
12291 64
13684 0
13749 64
14272 0
14415 63
15042 0
15929 63
16307 0
18001 67
18818 0
20358 63
20889 63
22210 67
23032 0
23160 67
23873 67
24501 67
25294 0
26031 67
26128 0
26376 67
27038 0
27701 67
28397 0
29791 67
30338 0
30549 64
30597 67
31205 0
32408 67
32782 67
33765 0
34756 64
34792 0
35070 67
37208 0
37585 67
38319 65
39303 0
39716 63
40715 67
40916 0
41663 67
41890 0
42163 65
42734 65
44291 0
44438 67
44739 0
45401 67
46147 0
47537 63
47944 0
48581 67
49220 63
49607 0
50136 63
51216 65
54159 67
54256 0
54540 64
58244 0
58508 67
59264 65
60545 0
61789 63
61916 0
66614 63
67106 64
67702 0
68142 67
68429 0
68584 65
69590 0
71017 63
71116 63
71298 67
71684 63
71966 0
73441 65
73511 64
73680 0
75051 64
75489 0
78058 67
78933 0
81166 67
81217 0
82296 65
82517 64
83432 64
84640 0
85446 63
86117 63
86233 63
86447 0
86775 64
87337 0
88826 64
89326 0
89834 64
90189 0
90614 65
92029 0
93348 65
93681 0
95050 63
95127 63
95245 0
96697 67
98731 0
98860 67
551 events for 3
24 52
120 0
135 52
309 0
314 52
678 0
864 37
1260 52
1439 0
1515 37
1609 0
2462 37
2464 52
2556 0
2618 37
2622 52
3016 0
3096 37
3244 0
3941 37
3978 52
3989 52
4455 0
4671 52
4713 0
4948 52
5570 0
5825 37
5884 0
6037 37
6258 52
6395 0
6701 37
6787 52
6928 0
7084 52
7682 0
7875 37
7912 0
7948 37
8035 0
8081 37
8401 0
8543 37
8745 37
8773 0
9113 52
9293 37
9640 0
9682 52
9798 37
9999 0
10023 37
10073 0
10083 37
10203 0
10424 52
10467 52
10498 52
10519 0
10542 52
10838 52
10848 37
10858 52
11584 0
11765 37
11795 0
11844 37
11918 52
12320 0
12335 37
12493 0
12679 37
12804 52
13166 0
13309 52
13338 0
13434 52
13547 0
13663 52
13701 0
13811 52
13839 0
13843 52
14109 0
14394 52
14396 0
14714 52
14907 0
14922 52
15592 0
15769 52
16057 52
16255 0
16445 37
16456 0
16741 52
16748 0
17088 37
17161 0
17276 52
17383 37
17412 37
17614 52
17631 0
17641 52
18173 37
18225 0
18489 37
18621 0
18724 52
18914 37
18936 52
19083 0
19793 52
20341 0
20381 52
20988 0
21139 37
21388 52
21685 0
21735 52
21752 37
21779 0
21911 52
22159 52
22189 0
22431 52
22432 0
22446 52
23019 37
23333 0
23558 37
23687 0
23912 52
24011 37
24029 37
24081 0
24100 37
24289 0
24351 37
24422 0
24538 52
24546 0
24833 52
25068 0
25517 37
25662 52
25932 0
26082 37
26171 0
26277 37
26294 0
26432 37
26458 0
26496 52
26906 0
27123 37
27517 37
27892 37
28092 0
28427 52
28513 0
29821 52
30141 0
30340 37
30349 37
30433 0
30537 37
30937 0
30973 37
31257 0
31266 37
31398 0
31582 52
31988 52
32466 0
32521 52
32636 0
33287 52
33591 0
33735 52
33751 0
34053 37
34154 0
34374 37
34519 37
34671 37
34938 37
35020 0
35291 52
35309 0
35800 37
35811 0
35886 52
35968 0
36041 52
36216 0
36549 52
36630 0
36795 37
36839 0
36920 37
36941 0
37071 52
37506 0
38018 37
38068 37
38075 52
38131 0
38183 52
38341 0
38508 37
38636 52
38676 37
38692 0
38842 37
38949 52
38991 0
39052 52
39499 0
39950 37
40368 0
40505 52
40656 0
40808 52
41006 0
41070 37
41161 37
41313 0
41819 37
42313 0
43045 37
43241 0
43265 52
43395 0
43480 52
43841 0
43880 52
43893 52
43954 0
44706 37
44835 0
45011 37
45394 0
45434 52
45481 52
45529 0
45601 52
45650 0
45674 37
45797 52
45812 0
46037 52
46081 37
46161 0
46382 52
46665 0
47154 37
47602 0
47694 52
47825 0
47862 52
47905 0
48105 52
48242 52
48878 52
48960 0
48961 37
49029 37
49231 37
49250 0
49412 52
49415 37
49490 0
49640 52
49970 0
50044 37
50120 0
50566 37
50591 0
50681 52
50689 0
50708 37
50936 0
50938 52
51129 52
51313 0
51517 37
51528 37
51765 0
51774 52
51784 0
51894 37
51974 52
52213 0
52283 52
52336 0
52793 52
52962 0
53145 37
53330 0
53400 52
53497 0
53621 37
53624 0
53756 52
53888 52
54568 0
54984 52
55501 0
55739 37
55810 52
56007 0
56069 37
56256 37
56957 0
57024 52
57026 0
57875 37
57952 0
58103 37
58178 0
58215 37
58286 0
58334 37
58531 0
58607 37
58681 37
58783 0
59157 37
59349 52
59532 0
59844 37
60032 0
60318 52
60349 0
60407 52
60648 0
60753 37
60992 0
61006 52
61417 0
61523 52
62002 0
62075 52
62248 0
62851 37
62903 0
63286 37
63325 0
63609 37
63914 37
64021 0
64243 52
64384 37
64984 0
65044 37
65139 37
65411 0
65692 37
65696 0
65817 37
65974 37
66187 0
66222 52
66361 0
66542 52
66567 0
66633 37
67138 0
67194 52
67325 0
67358 37
67459 0
67510 37
67644 37
67674 0
67835 37
67843 37
67918 0
68026 52
68186 0
68495 52
69243 52
69361 37
69443 0
69656 37
69874 0
69942 52
70012 0
70320 37
71028 0
71129 37
71179 0
71349 52
71354 0
71589 52
71746 0
71777 52
71870 37
71894 52
72421 0
72645 52
72987 37
73039 0
73145 37
73163 0
73328 52
73549 0
73565 52
74142 0
74149 52
74219 52
74233 52
74327 37
74691 52
74988 0
75118 37
75249 0
75271 52
75517 0
75638 52
76329 0
76331 37
76480 0
76521 37
76650 0
76747 52
77234 0
77392 37
77502 0
77551 37
77678 0
77690 37
77692 0
78047 37
78281 0
78478 37
78654 0
78656 37
78778 0
79267 52
79773 0
79966 37
80112 0
80415 37
81443 52
81843 37
81959 0
82022 52
82049 0
82067 37
82172 37
82269 0
82337 52
82417 52
83073 0
83248 52
83533 37
83688 37
83733 0
83805 52
84177 0
84290 52
84880 0
85003 52
85068 52
85783 0
85808 37
85909 52
86004 0
86108 52
86124 0
86337 37
86402 0
86439 52
86545 52
87093 52
87255 0
87342 52
87998 52
88288 37
88392 0
88423 52
88549 0
88577 52
88942 0
89057 37
89124 37
89279 0
89376 52
89469 0
89507 52
89592 37
89698 0
89979 52
90656 52
90854 0
91242 37
91312 0
91773 37
92160 52
92212 0
92286 52
92549 0
92565 52
92637 52
92686 0
92721 37
92739 0
92741 37
92874 0
92881 52
93070 0
93187 37
93246 52
94340 0
94574 37
94983 0
95008 52
95013 0
95230 37
95279 0
95332 52
95734 0
95763 52
95786 37
95806 52
95821 37
96070 0
96177 52
96251 0
96260 52
96660 0
96912 37
96921 37
96974 0
97023 52
97187 37
97258 0
97746 37
98180 0
98662 37
98785 37
98859 0
98947 37
99204 0
99488 37
99682 0
99773 52
661 events for 4
117 41
127 0
245 68
333 41
607 0
674 69
995 0
1001 40
1056 0
1241 68
1318 0
1372 69
1386 0
1403 41
1479 0
1904 68
2105 69
2186 41
2475 40
2537 0
2558 69
2593 0
2972 68
3095 0
3576 68
3651 0
3873 68
4113 0
4256 69
4273 68
4305 0
4491 41
4506 0
4511 69
5002 0
5093 68
5250 0
5425 69
5472 0
5825 68
5863 0
6015 69
6091 0
6181 40
6219 0
6307 68
6527 0
6829 68
6989 0
7134 69
7355 0
7415 40
8055 0
8328 68
9069 69
9120 69
9475 0
9530 40
9610 0
9777 40
9884 40
10052 0
10082 68
10295 41
10311 0
10521 41
10554 0
10812 40
11101 0
11375 40
11583 0
11649 41
11664 0
11797 69
11871 0
12006 41
12274 0
12282 69
12311 68
12355 0
12752 41
12772 0
12992 69
13146 0
13571 40
13829 0
13953 40
14159 68
14243 0
14477 41
14636 68
14698 68
14723 0
15047 69
15095 0
15112 69
15123 0
15183 40
15252 0
15607 68
16288 0
16438 41
16513 0
16738 40
16947 68
17251 0
17333 40
17565 0
18162 41
18173 0
18341 40
18429 0
18497 69
18958 0
19020 40
19114 0
19295 41
19381 0
19546 41
19550 0
19784 68
19815 0
19864 41
19918 0
19959 41
19984 0
20116 69
20752 0
20908 40
20980 0
20984 69
21070 69
21239 68
21429 0
21453 69
21480 0
21491 69
21540 0
21689 69
21778 69
22104 0
22230 68
22356 68
22435 0
22515 41
22842 0
22843 41
22969 0
23046 68
23064 0
23089 41
23102 0
23173 41
23221 0
23346 40
23774 40
23854 68
23882 0
23904 41
23963 0
23998 41
24210 69
24211 0
24415 40
24483 41
24530 0
24624 68
24701 68
24717 0
24816 40
25152 0
25256 69
25308 0
25376 68
25469 0
25479 40
25605 41
25736 68
25978 0
26361 40
26419 69
26478 0
26499 40
26642 0
26818 68
27206 0
27263 69
27395 0
27974 41
28020 0
28273 69
28342 0
28510 40
28693 41
28829 68
28939 0
28956 41
29016 0
29380 68
29415 40
29461 41
29479 41
29582 40
29633 0
29721 41
29927 0
30055 68
30137 0
30243 40
30345 0
30505 40
30633 40
30734 0
30780 41
30835 0
31041 68
31080 0
31143 68
31295 0
31688 41
31711 0
31728 68
31875 0
32070 68
32099 0
32262 41
32328 0
32717 40
32762 0
32840 40
32843 0
33039 69
33175 0
33522 41
33624 0
33638 69
33682 68
34829 0
35390 41
35453 0
35589 41
35642 0
35776 68
35793 0
35884 69
36079 0
36325 41
36409 0
36707 40
36708 40
36752 68
37339 0
37501 41
37506 0
37792 41
37859 0
37993 69
38260 0
38321 40
38508 0
38829 40
39426 40
39666 0
39893 40
39997 68
40052 68
40080 0
40133 68
40222 0
40251 68
40294 0
40488 69
40824 0
41085 40
41198 0
41203 40
41397 0
41454 68
41958 69
42114 40
42257 0
42297 69
42304 40
42772 0
42849 68
42923 69
42980 0
43140 68
43194 0
43469 41
43523 0
43585 68
43778 0
43784 41
44336 69
44356 69
44933 0
45146 68
45302 0
45905 40
45943 0
47045 69
47266 40
47353 41
47380 0
47489 68
47768 0
48053 68
48122 0
48186 68
48218 0
48569 40
48877 0
49025 68
49097 41
49237 0
49332 68
49605 69
49626 0
49670 69
49830 0
49884 68
50196 0
50245 69
50323 0
50346 68
50436 68
50442 0
50624 68
50736 69
50747 0
50819 40
51046 0
51068 40
51231 0
51286 68
51496 69
51555 0
51571 68
51609 0
51660 68
51881 0
51896 41
51995 0
52191 40
52194 41
52336 0
52363 68
52460 69
52603 0
52673 69
52737 0
52740 69
52774 0
52927 68
52989 0
53057 40
53201 0
53539 69
53673 0
53685 40
53740 0
53948 41
54404 0
54513 68
54650 0
54695 68
54800 0
55070 68
55138 0
55142 41
55174 0
55262 68
55342 68
55661 0
55920 69
55961 0
56026 40
56331 0
56444 68
56663 40
56796 0
57452 41
57779 0
57908 41
58142 41
58896 68
58993 40
59173 68
59193 0
59208 41
59430 40
59489 0
59704 68
59923 0
60298 40
60314 0
60523 69
61016 40
61207 69
61238 41
61448 0
61464 69
61644 40
61648 0
61943 69
62001 41
62265 0
62506 69
62535 0
62616 68
62736 69
63015 69
63033 0
63379 68
63423 0
63470 68
63853 0
64239 40
64423 0
64517 41
64656 0
64751 40
65112 69
65130 0
65155 40
65308 69
65346 0
65459 41
65527 0
65529 41
65741 0
65838 40
65911 0
65914 41
66154 41
66252 0
66594 69
66602 68
66652 41
66653 0
67058 40
67154 41
67683 68
67738 0
67954 41
68061 0
68123 41
68501 0
68524 68
68581 0
68598 41
68652 0
68671 41
68716 0
68808 41
68875 0
69042 40
69101 0
69212 41
69656 0
69710 41
70018 0
70065 68
70106 0
70107 68
70239 0
70300 68
70901 69
71089 68
71195 41
71307 40
71481 41
71511 68
72159 41
72175 0
72413 69
72430 69
72552 40
72827 0
72851 69
73113 0
73434 40
73550 0
73562 69
73852 0
73975 69
73985 0
74234 69
74373 0
74588 40
74813 0
74853 69
74880 0
75161 68
75195 69
75482 69
75557 0
75637 69
75700 0
75747 68
75752 0
76182 40
76366 0
76740 68
76824 0
76911 40
77027 68
77127 0
77410 68
77430 0
77723 69
77854 0
78001 40
78070 0
78116 68
78301 0
78406 68
78553 69
78563 0
79011 69
79293 68
79406 41
79556 40
79709 0
80043 41
80123 69
80590 68
80931 69
80983 0
81088 68
81233 68
81294 41
81647 0
81709 69
81825 0
81833 69
82053 68
82186 0
82365 69
82589 0
82619 41
82848 40
82860 0
82898 68
82943 0
83005 68
83061 69
83068 0
83146 41
83288 0
83514 68
83644 0
83866 69
84053 41
84069 0
84156 40
84173 0
84198 41
84327 69
84732 40
84736 68
84776 0
85120 69
85161 0
85195 68
85292 0
85668 69
86039 40
86068 0
86227 41
86546 68
86577 0
86628 69
86738 0
86754 69
86927 40
86952 69
87057 0
87067 40
87302 0
87350 41
87394 0
87432 69
87478 41
87775 0
88107 40
88373 0
88402 41
88764 0
88777 41
88797 41
88873 68
88943 0
89608 68
89659 0
89756 40
90016 40
90537 0
90696 41
90732 41
91055 69
91056 0
91157 69
91263 0
91439 40
91644 0
91648 40
91683 0
91712 41
91834 69
91901 40
91906 0
91953 40
92088 0
92104 69
92177 40
92553 69
92739 69
92864 69
93222 0
93278 68
93660 68
93978 0
94253 40
94416 0
94439 40
94485 0
94763 40
94984 41
95042 69
95336 0
95639 40
95785 41
95825 0
95827 69
95919 0
96001 40
96149 69
96597 40
96616 68
97061 0
97253 69
97361 68
97427 0
97887 69
97934 0
97936 41
98071 0
98369 41
98470 0
98541 41
98567 0
98941 41
98991 41
99509 0
99586 40
99697 0
99776 69
99825 0
99989 40
538 events for 5
48 33
86 37
193 0
262 41
638 0
645 28
746 35
780 0
1104 35
1131 0
1149 35
1227 0
1508 28
1518 0
1618 37
2011 0
2031 37
2051 0
2176 28
2458 0
2639 35
2703 0
2841 37
2844 41
2863 35
2906 28
3383 0
3467 28
3590 0
3733 41
4265 40
4676 0
4894 28
4918 0
4936 33
4950 0
4958 41
5080 0
5202 28
5249 0
5760 40
5805 0
6158 35
6472 28
6698 0
6768 40
7054 37
7125 28
7180 0
7253 40
7688 0
7704 33
7945 0
7947 35
8059 41
8078 0
8187 40
8269 33
8562 35
8578 0
9010 35
9508 0
9591 41
9594 33
9631 40
10541 40
10598 0
11150 37
11242 0
11397 28
11489 0
11525 33
11872 28
12204 0
12344 33
12366 40
12496 40
12518 0
12700 37
12748 0
13065 41
13496 0
13657 33
13815 0
14091 41
14105 28
14398 0
14611 33
14858 0
14930 33
14949 0
15341 35
15466 40
15667 0
15756 33
15990 41
15992 41
16675 33
16733 0
16870 28
16995 0
17290 35
17458 0
17839 33
17922 0
18059 37
18202 0
18696 37
18714 0
18726 28
19201 0
19299 37
19550 0
19682 37
19806 41
19864 28
19905 28
19974 0
20022 41
20082 0
20425 28
20526 0
20613 28
20806 0
20987 28
21135 0
21139 40
21172 0
21367 28
21899 40
22034 0
22238 40
22247 28
22420 28
22760 28
22817 37
22821 35
22827 0
22920 40
22966 28
23094 28
23128 33
23592 0
23650 28
23810 41
24168 33
24307 0
24681 35
24828 0
25040 35
25129 0
25472 33
25829 0
25892 40
26496 0
26524 28
26768 0
27252 28
27257 0
27355 40
27703 35
27738 41
27990 0
28275 28
28767 0
28787 28
28914 0
29080 28
29235 0
29281 40
29315 0
29364 35
30280 0
30375 35
30545 0
30624 40
30750 0
30952 37
30970 0
31010 28
31276 33
31302 0
31361 41
31426 0
31434 37
31631 0
32023 28
32323 28
32375 35
32542 0
32940 35
32973 0
33166 33
33174 0
33233 35
34051 0
34390 33
34406 28
34501 0
34831 40
35020 0
35048 37
35080 0
35175 41
35227 0
35441 35
35471 40
35855 0
36267 28
36437 0
36438 41
36500 37
36550 41
37119 0
37371 28
37463 0
37469 35
37669 0
37991 37
38348 0
38595 41
39043 0
39458 40
39577 0
40455 37
40746 0
41014 37
41027 28
41555 0
41853 33
42072 0
42372 28
42887 0
42980 41
43257 0
43261 28
43315 28
43334 0
43426 35
43653 0
43754 33
44243 0
45045 41
45136 0
45533 28
45562 0
45600 28
45608 0
45780 35
46352 0
46672 28
46845 35
46881 40
47659 0
48083 35
48216 0
48255 41
48264 0
48411 37
48516 41
48522 35
48700 0
48702 37
48858 0
48941 28
49008 0
49303 28
49646 0
49747 37
49796 0
49860 41
49861 0
49914 28
50147 40
50433 0
50923 41
51161 0
51860 41
52075 35
52097 0
52123 28
52266 37
52752 0
53060 40
53210 0
53310 40
53441 41
53834 0
53979 33
54466 0
54529 37
54558 35
54598 0
54627 35
54646 0
55068 37
55080 0
55174 41
55327 0
55344 41
55493 0
55655 40
55660 0
55719 37
55889 0
56006 28
56226 28
56387 35
56389 0
56744 33
56868 0
56876 28
57026 35
57281 0
57302 28
57306 0
58359 40
58382 0
58704 28
59121 0
59370 41
59710 0
59801 41
59894 28
59999 0
60053 35
60318 40
60326 41
60585 0
61039 40
61437 0
61817 37
62079 0
62103 35
62240 28
62510 0
62540 41
62718 33
62776 41
63004 28
63337 0
64014 28
64181 41
64200 35
64501 0
64504 33
64509 0
64536 40
64660 0
64973 28
65141 0
65464 28
65855 35
66369 0
66845 28
66899 0
67229 28
67586 0
67667 37
67696 0
67781 37
67962 0
68278 33
68354 0
68434 28
68606 40
68830 0
68960 33
69738 0
69916 41
69940 0
70006 41
70176 0
70430 37
70659 37
70704 0
70805 33
71071 35
71721 0
71966 28
72081 0
72153 35
72444 28
72456 0
72530 28
72630 0
72664 41
72683 0
72865 41
73358 0
73829 40
74107 0
74313 28
74420 28
74476 0
74498 28
74705 0
74969 28
75161 0
75204 33
75282 0
75448 33
75666 41
75893 0
76016 35
76188 28
76547 0
76606 33
76741 33
76747 37
77166 35
77176 0
77485 28
77677 0
77715 33
77732 0
77785 40
77932 0
77987 40
78117 0
78247 41
78445 35
78899 0
78992 28
78994 0
79037 41
79077 0
79115 37
79244 33
79430 0
79576 28
79578 0
79711 37
79898 41
80136 0
80676 33
80695 28
80723 0
80739 35
80948 0
81010 37
81067 28
81137 0
81202 33
81304 0
82082 28
82139 40
82552 0
82921 37
83162 0
83227 28
83235 0
83565 41
83663 40
84022 35
84257 28
84814 0
85133 35
85214 40
85627 0
86550 28
86691 28
86802 35
86845 0
86964 28
87034 41
87174 0
87182 28
87575 0
87826 35
87944 0
87991 28
88186 0
88194 41
88389 0
88510 28
88696 28
89218 0
89410 41
89664 0
89936 28
90052 37
90088 33
90233 28
90614 28
90683 0
90761 41
90877 0
90984 41
91312 0
91529 41
91748 37
91987 0
92248 37
92251 0
92827 28
92979 40
93026 35
93498 0
93545 35
93568 0
93718 28
93804 0
94030 28
94130 0
94194 33
94282 0
94481 35
95177 0
95786 28
95839 0
95872 40
95877 0
95905 41
96000 0
96206 28
96701 0
96825 41
96931 0
97554 28
97635 0
98027 33
98286 0
98294 33
98388 28
98844 0
98936 41
98947 28
98972 37
99010 0
99210 37
99348 0
99437 28
99608 0
99640 35
99662 28
99781 0
99790 28
479 events for 6
128 95
160 0
394 83
433 0
473 83
603 0
632 83
677 0
828 95
1888 0
2000 83
3147 0
3226 83
3687 0
3735 83
3744 0
3754 83
3874 83
3976 0
4048 95
4194 83
4217 83
4349 83
4439 83
4585 95
4840 0
5093 83
5179 0
5250 95
5604 83
5694 0
5886 95
6479 95
7084 0
7219 83
7784 83
7997 0
8028 83
8224 0
8403 95
8417 83
8838 0
9039 83
9318 0
9548 83
10068 83
10083 83
10190 0
10723 95
10995 0
11384 83
11709 0
11811 83
12237 0
12261 95
12815 0
13166 83
13237 0
13453 83
13543 0
14314 83
14574 83
14607 0
15042 95
15196 0
15298 95
15382 95
15461 0
15627 95
16074 0
16200 83
16302 0
16428 83
16578 0
16587 95
17067 0
17212 83
17414 0
17440 83
18795 0
19241 95
19595 0
19777 83
20022 83
20135 83
20262 0
20524 83
20843 0
20935 83
21355 95
21420 0
21474 83
21652 0
21823 95
22581 0
23026 95
23140 0
23180 83
23193 83
23261 0
23302 83
23541 83
23646 0
23879 83
23931 0
23994 83
25328 95
25445 0
25797 95
25821 95
26199 0
26237 83
26602 0
26713 95
26893 0
26994 95
27151 0
27505 83
28685 0
28708 83
28819 0
28895 83
28902 83
29019 0
29130 95
29206 83
29413 0
29463 95
29481 0
29660 83
30738 0
30802 95
30901 0
31080 95
31089 0
31805 95
31819 0
32591 83
32670 0
32883 83
33403 0
33542 83
33624 95
33732 0
33973 95
34005 0
34234 83
34632 95
35037 0
35557 95
35624 0
36087 95
36263 0
36793 83
36945 0
36955 83
37069 0
37070 83
37118 0
37226 95
37426 83
38124 0
38158 83
38226 0
38464 95
39032 0
39395 83
39572 95
39667 0
39978 83
40190 0
40521 95
40663 0
40827 83
40996 0
41095 83
41786 83
42873 95
42954 0
43911 95
44358 0
44383 83
44529 83
44567 0
44845 95
45077 0
45323 95
45480 83
45620 0
45749 95
45775 0
45997 83
46149 0
46165 95
46341 0
46399 83
46404 0
46533 95
46558 95
46622 0
46945 95
47230 0
47348 83
47614 0
48218 95
48455 0
48579 95
48600 0
48630 83
48810 0
48831 83
49225 0
49547 95
49721 0
50035 83
50477 0
50498 83
50578 95
50697 83
51551 0
51668 95
51917 0
52033 83
52446 83
52539 0
52654 95
52997 0
53073 83
53682 95
53701 83
53839 0
54167 83
54456 0
54767 95
54966 95
55434 95
55639 83
55737 0
56265 83
56362 0
56459 83
56946 95
57210 0
57227 83
57423 83
57475 0
57481 83
57525 83
57580 0
57874 83
57968 0
57979 95
57999 95
58002 0
58011 95
58020 0
58168 95
58234 95
58493 0
58644 83
59106 83
59668 83
59709 0
59917 83
60057 95
60119 0
60205 83
60352 0
60759 83
60820 95
61137 95
61524 83
61956 0
62052 95
62186 95
62362 95
62399 0
62625 83
62729 83
62737 0
62795 83
62822 0
62884 95
63173 83
63472 0
63500 83
63731 0
63762 83
64025 95
64654 0
64658 83
64717 83
64856 0
64898 83
64959 83
65333 0
65371 83
65482 83
65810 0
65830 83
65987 0
65993 83
65995 0
66061 95
66460 83
66579 95
66613 83
66749 83
66778 83
66799 83
66852 0
66864 83
67105 83
67124 0
67303 95
67962 0
68241 83
68572 83
68768 0
68853 83
69098 95
69306 0
69316 83
69317 83
69437 0
69469 95
70216 0
70560 83
70711 0
71026 83
71064 95
71086 0
71159 95
71161 0
71287 95
71368 83
71393 0
71496 83
71591 0
71694 95
71734 0
71848 83
71889 0
71904 95
71922 83
72318 95
72747 0
72793 83
72832 0
73019 83
73080 0
73186 95
73425 0
73612 83
73906 0
73912 95
74133 0
74351 95
74467 0
74927 95
74963 0
75016 83
75358 0
75591 83
75877 0
75952 95
76120 0
76654 83
76838 0
77002 95
77302 0
77498 83
77649 95
77841 0
77979 83
78001 0
78029 83
78083 83
78218 0
78650 95
78774 0
79104 83
79317 0
79567 95
79740 83
79794 0
79999 83
80056 0
80190 83
80442 0
80450 95
80653 0
80667 83
80693 0
80812 83
81142 0
81411 95
81690 83
81694 0
81836 83
82185 0
82486 83
82768 0
83346 83
83515 0
83551 95
83780 95
83817 0
83900 95
84332 0
84341 95
84505 0
84530 83
84617 0
84679 95
84743 0
84828 95
84892 0
85061 95
85150 0
85194 95
85339 95
85435 0
85477 83
85650 0
85684 83
86126 83
86314 0
86405 83
86699 0
86711 83
87077 83
87958 0
88007 95
88051 95
88280 0
88636 95
88910 0
89326 83
90016 83
90243 0
90393 83
90517 0
90555 83
90727 0
91145 95
91510 0
91529 83
91603 0
91613 83
91910 0
92797 95
93036 0
93201 95
93213 0
93229 83
93274 0
93318 83
93495 0
93635 83
94114 0
94122 83
94441 95
94673 83
94737 0
95107 83
95110 0
95594 83
95880 0
95924 83
95964 0
96223 83
96286 0
96952 95
97787 0
98281 83
98522 0
98625 83
99713 0
744 events for 7
106 50
135 0
523 50
1326 0
1413 46
1507 0
1644 49
1687 0
1807 53
2077 45
2276 0
2284 53
2295 53
2313 56
2359 46
2390 53
2406 0
2554 53
2749 0
2793 50
2807 53
2856 0
3204 56
3341 0
3354 49
3489 53
3509 0
3665 53
3717 0
3798 49
3809 0
3906 46
4052 53
4117 0
4160 46
4169 0
4287 55
4324 0
4795 45
4863 46
4889 0
4916 56
4928 53
5034 0
5035 49
5052 46
5090 0
5151 56
5192 0
5216 55
5249 0
5332 46
5427 0
5530 49
5888 45
6517 53
6794 0
6832 56
6963 0
7228 56
7328 50
7329 0
7377 56
7483 0
7620 55
7653 0
8092 53
8224 0
8657 50
8665 0
8739 53
9137 50
9320 0
9388 50
9482 53
9630 56
9659 0
9798 49
9804 0
10162 45
10199 0
10262 49
10265 45
10382 0
10399 50
10551 56
10555 0
10558 50
10699 0
10816 49
10890 0
10979 53
11162 0
11247 50
11590 45
11666 0
11731 53
11931 0
12387 55
12813 0
12836 56
12916 0
13269 46
13338 0
13723 49
13958 53
14063 55
14625 0
14682 56
14991 0
15289 50
15447 53
15688 0
15810 53
15922 0
15940 49
15991 0
16009 46
16203 0
16247 50
16292 0
16375 49
16409 45
16563 55
16583 0
16638 46
16710 46
16869 50
17171 49
17223 0
17446 56
17741 0
17793 49
17937 46
17990 56
18034 0
18054 49
18248 0
18484 50
18518 0
18632 45
18652 55
18701 53
18762 0
19044 53
19085 0
19363 55
19394 45
19602 0
19615 53
19757 0
19773 50
20058 53
20127 0
20135 53
20179 53
20251 0
20707 53
20829 49
20904 0
21131 53
21149 0
21379 46
21460 0
21494 53
21612 0
21771 45
21919 0
22101 53
22141 0
22144 46
22169 0
22545 45
22648 0
23021 53
23056 0
23290 56
23590 0
23720 45
23911 0
24160 49
24595 0
24686 53
24845 53
24988 0
25235 53
25486 0
25676 50
25735 0
26036 46
26154 50
26188 0
26220 53
26517 0
26540 46
26568 0
26828 45
26974 49
27092 0
27354 56
27498 0
27911 50
28147 0
28160 45
28288 0
28496 53
28560 0
28822 53
29068 49
29177 0
29202 55
29207 0
29232 49
29569 0
29592 55
29645 46
29776 0
29793 56
30121 56
30132 0
30162 45
30366 0
30574 50
30619 0
30620 45
30658 0
31096 46
31310 0
31370 50
31423 0
31500 53
31854 0
31863 53
31930 0
32201 53
32311 0
32323 55
32328 49
32357 0
32470 45
32583 55
32623 0
32625 50
32661 0
32702 46
32798 0
32851 53
32989 0
33249 55
33367 0
33871 45
33997 0
34229 56
34246 0
34412 55
34451 0
34472 46
34488 53
34508 53
34589 0
34659 46
34962 0
35028 45
35143 46
35169 0
35347 50
35484 0
35518 55
35542 50
35550 0
35571 49
35977 53
36090 0
36096 46
36251 0
36627 56
36757 0
36998 53
37030 0
37145 45
37250 0
37272 46
37359 53
37433 50
37470 53
37937 53
37991 0
38077 46
38223 0
38252 49
38265 0
38345 49
38551 0
38832 50
38879 0
38933 46
38934 0
38963 50
39033 46
39282 0
39462 53
39475 0
39771 53
39937 0
39983 55
39985 0
40041 49
40233 0
40306 45
40423 0
40710 55
40982 0
41303 53
41321 0
41499 55
41504 56
41522 50
41543 0
41611 53
41639 0
41658 53
41694 0
42237 50
42266 0
42551 45
42677 0
42866 46
42889 0
43148 45
43164 45
43378 0
43627 45
43753 0
43915 53
44143 49
44215 53
44268 50
44295 0
44526 56
44616 0
44692 53
44749 0
44769 56
44898 0
44900 55
44933 0
45038 45
45041 0
45058 46
45134 0
45205 45
45420 0
45443 53
45977 0
46020 53
46346 0
46620 50
46652 0
46732 56
46785 0
47032 53
47098 0
47336 45
47737 0
47856 53
47910 0
48335 46
48710 0
48863 56
49024 55
49117 56
49284 0
49303 53
49440 0
49483 55
49492 0
49546 53
49580 55
49631 0
49780 53
49782 56
50085 0
50154 50
51008 46
51463 0
51581 46
51582 53
51671 0
51751 55
51965 0
52242 55
52264 55
52810 0
52985 46
53309 0
53366 50
53450 0
53561 49
53671 53
53700 0
53845 55
53908 0
54044 55
54116 49
54152 0
54189 45
54399 0
54493 46
54561 0
54601 55
54648 0
54838 49
54864 0
54975 45
54991 0
55036 53
55217 56
55285 0
55342 56
55579 0
55804 53
56036 0
56130 45
56137 45
56206 53
56306 0
56318 55
56469 49
56676 56
56769 56
56850 0
57143 53
57626 0
57680 46
57806 0
58101 50
58234 0
58245 55
58368 0
58377 50
58500 56
58576 0
58708 50
58715 0
58778 50
58859 0
58942 55
58977 0
58988 55
59035 0
59082 50
59224 0
59256 49
59384 0
59400 53
59512 53
59632 0
59760 49
59765 55
59771 49
59772 45
59900 0
59966 55
60053 0
60249 56
60429 0
60469 55
60805 46
60898 46
60998 53
61265 0
61377 53
61425 50
61532 0
61547 53
61652 53
61836 0
61867 53
61903 0
62059 50
62221 0
62334 56
62338 53
62461 0
62736 46
62781 0
62787 55
62862 0
63166 46
63303 0
63704 55
63996 0
64057 46
64069 0
64099 49
64168 0
64255 55
64332 0
64488 50
64570 0
64662 49
64663 0
64823 56
64906 0
64922 45
64951 53
65117 46
65334 0
65372 56
65407 0
65492 50
65540 0
65732 50
66494 0
66833 56
66948 53
67030 0
67054 50
67379 0
67628 56
67666 0
68341 49
68522 55
68573 49
68640 49
68668 53
68718 0
68764 53
68995 0
69098 56
69185 0
69223 50
69316 0
69321 46
69354 0
69373 53
69605 0
69726 53
69789 0
69850 50
69888 0
69994 50
70165 50
70222 0
70350 46
70552 0
70659 46
70780 45
70813 56
70837 0
70864 46
70958 56
71251 0
71387 45
71722 0
71747 45
72280 0
72319 53
72351 53
72445 0
72523 50
72625 0
72850 49
73021 0
73025 46
73141 0
73304 45
73310 0
73369 49
73455 0
73472 49
73576 0
73592 45
73976 53
74124 0
74338 50
74443 0
74615 49
74640 53
74813 0
74830 49
75623 0
75755 55
75771 46
75774 53
76105 50
76326 45
76461 0
76508 49
76976 0
77007 49
77126 0
77216 53
77485 55
77547 0
77725 56
77740 0
77863 50
78132 0
78309 53
78435 0
78584 53
78649 0
78661 50
78715 0
78932 49
78970 50
79049 0
79057 53
79146 53
79306 0
79459 55
79508 0
79620 56
79638 0
79815 49
80036 49
80396 49
80485 53
80624 0
80713 46
80723 0
80872 50
80874 0
80884 55
81179 0
81570 50
81984 0
82317 49
82332 0
82413 56
82425 55
82663 0
82814 45
83305 0
83486 46
83851 0
83890 56
83922 0
84163 50
84171 0
84211 53
84459 0
84464 45
84738 0
85141 55
85226 0
85231 53
85534 0
85639 50
85907 49
85953 53
86218 0
86241 56
86381 53
86583 55
86587 0
87002 55
87040 45
87074 50
87075 50
87271 0
87438 50
87726 50
87937 0
88126 46
88231 49
88252 0
88340 49
88431 0
88605 53
88613 0
88642 56
88721 0
88950 45
89059 0
89098 56
89483 0
89594 45
89882 0
89947 56
90117 0
90582 46
90594 0
90705 46
90908 0
90948 55
91046 49
91124 0
91145 53
91256 0
91567 49
91645 0
91693 46
91846 0
92233 45
92313 0
92563 56
92579 53
92963 45
93129 0
93193 45
93216 0
93268 53
93315 0
93393 53
93434 0
93712 53
93726 0
93934 53
94265 46
94469 45
95051 0
95161 49
95317 0
95324 55
95429 0
95545 53
95753 45
95966 0
96130 56
96224 0
96273 53
96671 46
96690 0
96693 50
96755 0
96878 56
97678 46
97905 49
97945 0
98004 53
98478 0
98547 53
98660 0
98673 55
98991 0
99318 50
99532 55
99556 0
99729 45
99737 0
99801 50
99948 0
