8 buffers
321968 47754
157038 973
145212 16701
211476 31246
52644 10285
68747 4881
155411 16870
176229 11871
60 downlinks
0 250 1667 340
1 1917 3334 302
2 3584 5001 319
3 5251 6668 262
4 6918 8335 300
5 8585 10002 281
6 10252 11669 257
7 11919 13336 252
8 13586 15003 312
9 15253 16670 291
10 16920 18337 308
11 18587 20004 265
12 20254 21671 239
13 21921 23338 295
14 23588 25005 334
15 25255 26672 277
16 26922 28339 352
17 28589 30006 351
18 30256 31673 352
19 31923 33340 316
20 33590 35007 321
21 35257 36674 245
22 36924 38341 249
23 38591 40008 329
24 40258 41675 301
25 41925 43342 309
26 43592 45009 352
27 45259 46676 351
28 46926 48343 315
29 48593 50010 323
30 50260 51677 248
31 51927 53344 263
32 53594 55011 270
33 55261 56678 284
34 56928 58345 334
35 58595 60012 340
36 60262 61679 248
37 61929 63346 333
38 63596 65013 247
39 65263 66680 331
40 66930 68347 276
41 68597 70014 320
42 70264 71681 241
43 71931 73348 336
44 73598 75015 323
45 75265 76682 303
46 76932 78349 303
47 78599 80016 323
48 80266 81683 255
49 81933 83350 276
50 83600 85017 284
51 85267 86684 335
52 86934 88351 288
53 88601 90018 347
54 90268 91685 338
55 91935 93352 327
56 93602 95019 273
57 95269 96686 261
58 96936 98353 250
59 98603 100020 260
643 events for 0
94 84
768 0
884 84
1102 0
1185 84
1372 0
1444 84
1635 0
1639 84
2154 84
2173 0
2321 84
2482 0
2565 84
2721 0
2733 84
2790 0
3145 84
3280 0
3488 84
3551 0
3578 84
3660 0
3894 84
3997 0
4143 84
4171 0
4390 84
4490 84
4518 0
4876 84
5248 0
5273 84
5364 0
5462 84
5746 84
5797 0
6114 84
6423 0
6487 84
6740 0
6779 84
6810 0
6911 84
7085 84
7110 0
7218 84
7261 84
7628 0
7665 84
7752 0
7767 84
7878 84
8237 84
8375 0
8647 84
8661 0
8933 84
9022 84
9118 84
9359 84
9421 84
9643 84
9949 0
10069 84
10235 0
10649 84
10820 0
10833 84
10879 0
10924 84
11258 84
11499 0
11515 84
11839 84
11917 84
11943 0
12004 84
12010 0
12176 84
12276 84
12302 0
12491 84
12495 84
12894 0
13237 84
13801 84
14198 0
14231 84
14437 0
15076 84
15137 84
15305 84
15322 0
15538 84
15836 0
15915 84
16029 0
16112 84
16626 0
16736 84
17110 0
17198 84
17346 0
17350 84
17527 0
17668 84
17761 0
17910 84
18029 84
18072 0
18094 84
18244 0
18320 84
18395 84
18441 0
18868 84
18925 0
19100 84
19150 0
19731 84
19990 0
20045 84
20065 84
20114 0
20182 84
20201 84
20345 0
20401 84
20529 0
20594 84
20626 0
20927 84
21000 0
21194 84
21299 0
21425 84
21448 84
21642 84
21724 0
21794 84
21903 84
22102 84
22157 84
22422 84
22545 0
23009 84
23085 0
23087 84
23102 84
23105 0
23548 84
23703 0
23734 84
24093 0
24233 84
24498 0
24530 84
24564 84
24866 84
24868 84
24869 0
24927 84
24949 0
25260 84
25451 0
25500 84
25620 84
25752 84
25950 0
26027 84
26085 84
26128 0
26649 84
27311 0
27777 84
27802 0
27918 84
28309 0
28505 84
28876 0
28973 84
29091 0
29141 84
29446 0
30517 84
30663 0
30908 84
30929 0
31019 84
31171 0
31197 84
31215 0
31299 84
31360 0
31467 84
31477 0
31531 84
31616 84
31621 0
31666 84
31733 0
31821 84
31950 0
32480 84
32533 0
32902 84
32950 0
33194 84
33197 0
33232 84
33433 84
33628 0
34098 84
34113 0
34240 84
34349 0
34544 84
34638 84
34846 0
34959 84
35029 84
35062 0
35465 84
36016 0
36089 84
36185 0
37168 84
37334 0
37491 84
37703 84
37883 84
37914 84
37975 0
38517 84
38520 0
38545 84
38556 84
38699 0
38926 84
39045 0
39216 84
39329 84
39333 0
39401 84
39559 84
39846 0
39857 84
40242 0
40348 84
40576 0
40650 84
40811 0
40888 84
41051 0
41119 84
41122 0
41652 84
41699 0
41785 84
41874 84
41876 0
41936 84
41969 84
41992 84
42014 0
42211 84
42255 0
42426 84
42450 84
42485 0
42617 84
42681 0
42736 84
42761 0
43260 84
43736 84
43784 0
43896 84
44220 0
44407 84
44558 0
44622 84
44685 0
44708 84
44729 0
44844 84
45265 84
45403 0
45528 84
45901 0
45937 84
46067 0
46076 84
46084 0
46160 84
46642 0
46674 84
46783 0
46822 84
46875 0
47099 84
47561 0
47679 84
47822 0
48162 84
48189 84
48269 0
48357 84
48398 84
48474 0
48912 84
49295 0
49379 84
49539 0
49550 84
49770 0
49779 84
50077 84
50391 0
50625 84
50748 0
51170 84
51348 0
51699 84
51752 84
51824 84
52189 84
52385 84
52431 0
52516 84
52677 84
52728 84
52836 0
53170 84
53194 0
53508 84
53685 0
53690 84
53834 0
53961 84
54076 0
54187 84
54476 84
54566 84
54708 84
54744 84
54877 0
54955 84
55301 0
55396 84
55484 0
55702 84
55790 84
55946 84
56008 0
56131 84
56291 84
56387 0
56506 84
56552 0
56620 84
56779 0
56962 84
57421 0
57549 84
57630 0
57651 84
57836 0
58182 84
58313 0
58357 84
58381 84
58411 0
58446 84
58656 0
58915 84
59022 84
59109 0
59239 84
59280 0
59378 84
59539 84
59636 84
59684 0
59723 84
59736 84
59785 84
60131 0
60254 84
60494 0
60549 84
60631 0
60650 84
60696 0
60728 84
60822 84
60903 0
60990 84
61024 84
61213 0
61274 84
61529 0
61830 84
61862 84
62485 0
62657 84
62698 0
62784 84
63023 0
63093 84
63338 0
63566 84
63630 0
64438 84
64598 0
64633 84
64810 84
64920 84
65339 0
65903 84
66037 0
66060 84
66080 0
66179 84
66232 0
66257 84
66411 0
66438 84
66617 0
66627 84
66682 0
66869 84
67074 0
67371 84
67438 84
67553 84
67773 84
68031 84
68077 0
68222 84
68223 0
68290 84
68465 0
68491 84
68851 84
68882 0
69023 84
69072 0
69193 84
69361 84
70365 0
70425 84
70598 0
71074 84
71414 0
71531 84
71565 84
71949 0
71994 84
72460 0
72580 84
72771 0
72792 84
73163 84
73286 84
73300 84
73415 84
73493 0
73539 84
73857 0
74126 84
74294 0
74300 84
74317 0
74426 84
74520 0
74622 84
74717 0
74913 84
75053 0
75160 84
75939 0
76166 84
76209 84
76553 84
76670 0
76741 84
76802 0
76904 84
77064 84
77439 0
77498 84
77559 84
78035 84
78369 0
78639 84
78644 84
78743 0
78792 84
78811 0
78995 84
79009 84
79234 0
79531 84
79664 0
79717 84
79793 0
79825 84
80348 0
80499 84
80516 0
80560 84
80618 0
80654 84
80671 0
80799 84
80883 0
81008 84
81302 0
81421 84
81422 84
81461 0
81507 84
81564 84
81897 84
82059 0
82268 84
82286 0
82289 84
82635 0
82835 84
82961 0
83151 84
83548 0
83608 84
83668 0
83670 84
84014 0
84029 84
84072 0
84155 84
84197 0
84249 84
84640 84
84695 0
84736 84
85033 0
85129 84
85270 0
85302 84
85354 84
85373 0
85612 84
85725 0
85726 84
85742 0
85887 84
86046 84
86250 0
86338 84
86420 84
86601 84
86606 0
86627 84
86851 0
86990 84
87138 84
87432 84
87477 0
87505 84
87642 0
87793 84
88102 84
88156 0
88339 84
88752 84
88869 0
88918 84
88993 0
89224 84
90257 84
90565 0
90653 84
90680 0
90984 84
91183 0
91226 84
91307 84
91343 0
91417 84
91457 0
91579 84
91695 0
91815 84
92090 0
92269 84
92513 0
92598 84
93005 0
93061 84
93101 84
93228 0
93260 84
93304 84
93417 0
93632 84
93694 0
93899 84
94046 0
94235 84
94332 0
94437 84
94869 0
95175 84
95337 84
95403 0
95405 84
95541 0
96068 84
96173 0
96439 84
96776 0
96988 84
97297 84
97363 84
97521 0
97745 84
97980 0
98145 84
98291 0
98398 84
98646 0
98902 84
99059 84
99295 0
99374 84
99446 0
99509 84
99621 0
99820 84
99858 0
99920 84
879 events for 1
0 70
34 0
287 70
555 70
641 0
704 70
1019 70
1045 0
1076 70
1325 0
1355 70
1450 0
1455 70
1572 0
1633 70
1704 0
1725 70
1816 70
1856 0
1915 70
1967 0
2052 70
2127 0
2285 70
2439 0
2675 70
2749 0
2862 70
2869 70
2983 0
3075 70
3079 0
3121 70
3130 0
3180 70
3217 70
3287 70
3315 70
3367 0
3693 70
3849 0
3878 70
4122 0
4141 70
4265 0
4297 70
4403 0
4560 70
4563 0
4712 70
4754 70
4915 0
4955 70
4969 0
5290 70
5326 0
5401 70
5695 0
5720 70
5834 70
5876 0
5985 70
6021 70
6123 70
6263 0
6321 70
6332 0
6334 70
6360 0
6463 70
6496 0
6581 70
6719 0
6775 70
6795 0
6893 70
7150 0
7205 70
7266 0
7299 70
7489 70
7735 70
7859 0
7867 70
8011 0
8040 70
8096 70
8586 0
8662 70
8669 0
8785 70
8823 70
8824 0
8862 70
9006 70
9117 0
9211 70
9327 0
9507 70
9662 0
9704 70
9875 0
9939 70
10076 70
10082 0
10346 70
10411 0
10549 70
10567 0
10833 70
10838 70
11298 0
11372 70
11467 0
11492 70
11709 0
11753 70
12130 0
12182 70
12258 0
12593 70
12748 0
12935 70
12936 0
13078 70
13185 0
13216 70
13453 70
13472 0
13657 70
13893 0
14385 70
14590 0
14613 70
14743 0
14794 70
14877 0
15086 70
15113 0
15126 70
15146 0
15367 70
15382 0
15431 70
15463 0
15617 70
15994 0
15996 70
16017 0
16089 70
16151 0
16317 70
16378 0
16385 70
16604 70
16654 0
16668 70
16718 0
16725 70
16757 0
16825 70
16913 0
17367 70
17538 0
17627 70
17635 0
17686 70
17828 70
17875 0
17969 70
18088 70
18177 0
18373 70
18531 70
18671 70
18838 0
18944 70
18947 0
19170 70
19214 70
19375 70
19474 0
19604 70
19928 70
20057 70
20233 70
20239 70
20248 70
20543 0
20552 70
20558 0
20666 70
20777 0
20784 70
20827 0
20893 70
21082 0
21094 70
21139 70
21324 70
21461 0
21536 70
21806 70
21816 70
21880 70
21887 0
21973 70
22302 70
22333 0
22491 70
22661 0
22825 70
22832 0
23045 70
23164 70
23269 0
23464 70
23558 70
23561 70
23598 0
23619 70
23701 0
23823 70
24024 70
24036 70
24142 0
24270 70
24364 0
24459 70
24509 0
24862 70
24880 70
25046 0
25049 70
25366 70
25374 0
25492 70
25698 70
25703 0
26220 70
26335 0
26489 70
26509 0
26569 70
26605 70
26999 0
27009 70
27010 70
27048 0
27094 70
27325 0
27543 70
27563 0
27595 70
27723 70
27777 0
28296 70
28330 70
28350 0
28665 70
28667 70
28862 0
28921 70
29049 0
29180 70
29187 0
29409 70
29412 70
29443 0
29629 70
29649 70
29973 0
30170 70
30214 70
30323 0
30414 70
30631 0
30794 70
30978 0
31029 70
31039 0
31112 70
31321 0
31530 70
31557 0
31702 70
31784 0
31860 70
31875 0
31976 70
32090 0
32125 70
32164 0
32218 70
32266 0
32473 70
32536 70
32716 70
32784 70
33026 70
33116 0
33122 70
33247 0
33251 70
33274 70
33278 0
33356 70
33456 0
33521 70
33583 0
33759 70
33951 0
34206 70
34227 0
34343 70
34423 0
34449 70
34808 70
34822 0
34898 70
35317 0
35354 70
35505 0
35563 70
35578 70
35605 0
35666 70
35753 70
35900 0
35910 70
36350 0
36489 70
36503 0
36647 70
36743 70
36791 0
36927 70
36950 70
37014 70
37932 0
37953 70
38124 0
38297 70
38410 0
38834 70
38926 0
39022 70
39210 0
39226 70
39232 70
39332 0
39391 70
39409 0
39693 70
39994 0
40113 70
40197 0
40226 70
40234 0
40302 70
40348 0
40560 70
40771 0
40782 70
40824 0
41049 70
41213 70
41313 70
41326 70
41349 0
41668 70
41684 0
41691 70
41709 70
41821 0
42276 70
42293 70
42310 0
42334 70
42436 0
42521 70
42642 0
42687 70
43053 0
43146 70
43159 70
43336 0
43572 70
43704 70
43999 0
44033 70
44365 70
44568 0
44571 70
44572 70
44633 0
44683 70
44809 70
44866 70
44915 0
45064 70
45079 0
45115 70
45173 70
45234 0
45265 70
45364 70
45566 0
45650 70
45687 0
45886 70
46261 0
46304 70
46312 70
46316 0
46426 70
46583 0
46598 70
46769 0
46810 70
46885 0
46926 70
47167 0
47316 70
47475 0
47511 70
47755 0
47900 70
48005 70
48457 70
48551 0
48804 70
48949 70
48963 70
49011 0
49092 70
49094 0
49186 70
49604 70
49708 0
49920 70
49929 0
50353 70
50440 0
50481 70
50618 70
50706 70
50750 0
50865 70
50958 0
50981 70
51040 0
51103 70
51152 70
51225 0
51253 70
51638 0
51646 70
51647 70
51875 0
51934 70
52056 70
52227 0
52265 70
52392 0
52595 70
52871 70
53037 70
53232 70
53374 0
53526 70
53620 0
53652 70
53735 0
53811 70
54068 70
54743 70
54768 0
54774 70
54783 0
54860 70
55174 0
55245 70
55527 0
55560 70
55576 0
55653 70
55759 0
55790 70
55841 70
56022 0
56140 70
56273 0
56628 70
56860 0
56922 70
57121 0
57236 70
57475 0
57572 70
57656 0
57718 70
57738 0
57772 70
57881 0
58240 70
58503 0
58526 70
58538 0
58608 70
58712 0
58728 70
58800 0
58854 70
58921 0
58937 70
58957 70
58979 70
59151 70
59461 0
59568 70
59631 70
59654 0
59910 70
60112 0
60327 70
60414 0
60443 70
60492 0
60628 70
60768 0
60815 70
60868 0
60951 70
61423 0
61518 70
61767 0
61822 70
62001 0
62091 70
62124 0
62141 70
62177 70
62810 0
63018 70
63054 0
63362 70
63379 70
63413 0
63456 70
63569 70
63608 0
63714 70
64111 70
64333 70
64567 0
64716 70
64760 0
64849 70
65043 0
65067 70
65315 70
65688 0
65741 70
65885 0
65930 70
66010 70
66332 0
66351 70
66419 70
66435 0
66475 70
66501 0
66737 70
66951 0
67208 70
67307 0
67353 70
67380 0
67497 70
67593 0
67608 70
67651 0
67755 70
67881 0
67997 70
68027 0
68086 70
68452 0
68641 70
68779 0
68905 70
68969 0
69227 70
69419 0
69480 70
69528 70
69682 0
69749 70
69931 0
70107 70
70427 0
70518 70
70526 0
70578 70
70595 0
70659 70
71119 0
71280 70
71365 0
71385 70
71427 0
71618 70
71768 0
71871 70
72125 0
72283 70
72286 70
72401 70
72509 0
72608 70
72619 0
72627 70
72643 0
73371 70
73381 0
73434 70
73626 0
73728 70
74128 70
74547 70
74548 0
74668 70
74707 70
74797 0
75169 70
75574 0
75679 70
75722 0
75749 70
75812 0
76026 70
76048 0
76060 70
76188 70
76206 0
76439 70
76519 0
76741 70
76812 0
76837 70
77073 0
77149 70
77151 0
77191 70
77331 0
77492 70
77504 0
77650 70
77696 70
77765 0
77879 70
77966 70
77968 0
78051 70
78101 0
78179 70
78257 70
78343 0
78588 70
78626 70
78755 0
78764 70
78775 0
78792 70
78818 70
78820 0
79050 70
79228 0
79441 70
79458 70
79469 0
79600 70
79656 0
79873 70
79935 70
79941 0
79943 70
79955 70
80019 0
80091 70
80553 70
80616 0
80703 70
80706 70
80769 70
80826 0
80830 70
80905 0
81101 70
81197 0
81214 70
81240 70
81272 0
81400 70
81594 0
81937 70
81955 70
81970 0
82058 70
82177 0
82231 70
82315 0
82359 70
82376 0
82506 70
82591 70
82612 0
82754 70
82768 0
82856 70
82988 0
83011 70
83089 70
83126 0
83257 70
83319 0
83328 70
83338 70
83552 0
83646 70
83736 0
83916 70
84047 0
84087 70
84353 0
84381 70
84976 0
85104 70
85121 0
85171 70
85219 0
85274 70
85343 0
85534 70
85553 0
85772 70
85857 0
85984 70
86212 0
86276 70
86290 70
86444 0
86459 70
86544 0
86549 70
86628 0
86704 70
86902 70
86943 70
86955 70
87040 0
87172 70
87175 0
87201 70
87202 0
87263 70
87548 0
88046 70
88108 0
88159 70
88281 70
88294 0
88325 70
88404 0
88414 70
88431 0
88610 70
88740 0
89037 70
89218 0
89230 70
89433 0
89487 70
89633 0
89805 70
90207 0
90389 70
90404 70
90774 70
91050 0
91103 70
91111 70
91155 70
91168 0
91224 70
91240 0
91263 70
91359 70
91376 70
91397 0
91459 70
91643 0
91725 70
92079 70
92452 0
92546 70
92590 0
92654 70
92702 0
92881 70
92990 0
93175 70
93295 0
93611 70
93663 0
93689 70
93718 0
93780 70
93842 70
93931 0
93967 70
93973 70
94249 0
94319 70
94474 0
94517 70
94714 0
94738 70
94751 70
94786 0
94792 70
94804 0
95093 70
95097 0
95248 70
95354 70
95398 0
95405 70
95422 0
95581 70
95679 0
95769 70
95872 0
95875 70
95956 70
95991 70
96158 0
96200 70
96386 0
96489 70
96559 70
96874 0
97339 70
97431 70
97604 0
97699 70
97754 70
97787 0
97813 70
97967 70
98195 0
98352 70
98447 70
98456 0
98494 70
98763 0
98906 70
98955 0
98966 70
98984 0
99066 70
99163 0
99469 70
99577 0
99581 70
99819 0
99958 70
99986 0
718 events for 2
41 55
254 51
520 0
541 49
586 0
622 42
728 0
918 51
1100 0
1129 55
1469 0
1696 42
1864 0
1952 42
2026 0
2209 42
2429 49
2560 0
2629 51
2638 49
2681 0
2755 49
2916 0
2953 49
3230 0
3777 42
3804 0
3953 51
4027 0
4123 51
4263 0
4323 51
4367 0
4504 55
4747 42
5219 0
5293 42
5321 0
5799 57
6006 51
6267 0
6335 42
6358 0
6465 49
6629 0
6675 49
6747 0
7406 42
7485 0
7537 55
7665 49
7688 0
7819 49
7834 49
7869 49
8145 0
8276 49
8326 0
8470 57
8491 0
8543 49
8693 0
8925 42
8968 42
9219 0
9322 57
9410 0
9520 51
9660 0
10248 42
10506 0
10627 51
10845 0
11224 51
11264 0
11733 42
11740 57
11794 0
11795 49
11843 0
11967 42
11968 0
11975 55
12195 0
12428 49
12643 0
12690 49
12698 0
13090 51
13557 0
13754 57
13973 0
14029 49
14166 57
14277 0
14354 51
14440 0
14441 51
14548 0
14576 55
14602 42
14708 0
14718 51
14852 0
14989 57
15143 0
15265 51
15423 49
15483 0
15504 49
15586 0
15784 51
15811 0
15913 55
16031 0
16133 55
16281 0
16335 57
16712 0
16946 51
16951 0
16961 42
16997 57
17408 42
17921 0
18386 55
18649 0
18899 51
19106 42
19738 0
19953 42
20024 0
20108 51
20165 0
20249 42
20254 49
20264 0
20286 42
20457 49
20551 0
20581 51
20593 0
20654 51
20808 0
20819 42
20856 0
20870 55
21028 0
21052 49
21065 0
21077 51
21233 55
21456 0
21673 49
21858 0
21926 57
22258 42
22490 0
22992 51
23055 0
23078 49
23324 51
23372 0
23736 42
24000 0
24226 55
24638 57
24658 0
24712 49
24729 0
24734 51
25052 0
25223 49
25362 0
25436 42
25467 51
25566 57
25694 42
25816 0
25865 49
26218 57
26880 0
26949 57
26972 42
27054 0
27228 49
27334 55
27455 0
27543 42
27714 49
27785 0
27882 57
28155 49
28378 0
28501 42
28560 57
28640 0
28776 57
28821 42
28878 0
29069 49
29155 0
29295 57
29784 0
30116 42
30362 0
30404 51
30412 51
30416 55
30481 0
30721 42
30759 57
31093 0
31111 57
31135 0
31231 57
31316 0
31342 51
31361 0
31389 51
31390 55
31412 0
31555 51
31581 0
31582 42
32210 0
32454 57
32737 0
32755 42
33185 0
33189 51
33355 0
33405 55
33570 49
33619 0
33680 51
33699 0
34035 55
34130 0
34236 42
34279 0
34290 49
34551 0
34917 42
34960 0
34986 49
35022 0
35086 42
35229 42
35331 0
35442 51
35468 0
35482 49
35512 0
35559 51
35752 57
35785 0
35895 57
36001 0
36011 57
36069 0
36247 51
36254 0
36269 51
36414 55
36415 0
36620 49
36632 0
36672 51
36815 0
37074 57
37233 42
37680 0
37854 42
38241 0
38528 49
38628 49
38812 57
39123 0
39210 51
39296 55
39307 0
39363 42
39474 0
39571 42
39642 0
39760 51
39892 0
39894 51
39918 57
39952 0
39955 42
40113 49
40124 49
40496 0
40502 57
40527 0
40530 57
40820 0
40989 49
41026 0
41212 57
41420 55
41685 0
42084 57
42108 0
42249 51
42425 0
42441 49
42461 57
42567 55
42569 0
42643 42
42702 0
43084 55
43105 57
43349 0
43535 55
43575 0
43578 55
43729 0
43755 42
43788 49
43825 49
43947 0
44289 55
44297 0
44438 55
44915 0
44984 57
45056 0
45479 42
45723 0
45925 55
45932 0
45984 57
45987 42
46718 0
46781 49
46954 0
47213 42
47672 0
48183 49
48322 0
48426 49
48433 0
48493 42
48533 0
48618 49
48791 0
48845 55
48897 0
48983 42
48986 0
49459 49
49673 42
50155 57
50187 0
50334 55
50515 0
50544 57
51131 0
51242 42
51300 49
51451 0
51723 42
52329 0
52382 55
52472 0
52486 55
52526 0
52559 57
52688 42
52940 0
53009 42
53103 0
53233 51
53320 0
53351 55
53366 0
53678 42
53808 51
54154 0
54440 55
54591 0
54686 49
54853 0
55216 51
55382 42
55454 0
55520 49
55614 0
55770 49
56006 0
56027 49
56195 0
56273 57
56367 0
56537 55
56919 55
57069 57
57207 0
57210 49
57234 57
57252 0
57360 57
57408 0
57531 57
57947 0
58198 55
58204 51
58394 0
58398 57
58404 49
58445 0
58570 49
58579 0
58582 49
58654 0
58892 42
58912 0
58937 55
59017 0
59037 55
59044 0
59064 42
59066 0
59307 55
59377 0
59583 42
59773 0
59914 42
60154 0
60264 57
60272 51
60383 51
60388 0
61127 57
61181 0
61188 55
61235 49
61302 0
61399 49
61417 0
61678 42
61830 0
61909 42
62018 0
62031 49
62302 0
62329 51
62352 57
62353 0
62391 57
62473 0
62500 55
62915 57
63104 0
63285 51
63546 0
63596 42
63777 0
63902 42
64003 0
64008 57
64046 0
64386 42
64453 0
64461 49
64541 0
64565 51
64668 0
64674 51
64784 42
64788 0
64848 55
64859 55
65038 0
65075 57
65150 0
65467 55
65546 0
65903 51
65974 0
66218 55
66451 49
66474 51
66810 0
67094 51
67624 0
67668 57
68014 0
68119 49
68120 0
68232 51
68272 42
68349 51
68417 0
68493 49
68698 55
68718 0
68898 55
69118 0
69197 51
69202 0
69358 57
69494 0
69676 42
69931 0
70217 49
70423 0
70510 49
70626 49
70628 0
70763 42
70885 57
70903 0
71043 49
71179 0
71302 51
71400 0
71424 55
71496 0
71542 51
72103 0
72479 55
72606 57
72624 0
72647 57
72721 0
72763 57
73021 42
73373 0
73427 42
73559 0
73651 42
74037 0
74253 49
74328 0
74364 42
74435 0
74467 42
74489 0
74911 55
75068 0
75315 49
75377 0
75411 42
75580 0
76084 57
76206 0
76247 51
76303 0
76585 42
76840 0
76891 42
77149 42
77172 0
77280 42
77348 49
77676 57
77873 0
78378 57
78468 0
78519 51
78523 42
78567 0
78835 42
78948 49
79050 0
79084 57
79171 0
79173 57
79175 0
79229 49
79356 0
79434 51
79728 0
79743 57
79855 0
79863 55
80203 57
80235 57
80520 0
80814 51
80839 51
80881 0
80911 42
81157 51
81291 49
81401 0
81737 51
81763 57
81793 57
81985 0
82232 55
82390 42
82783 0
82880 42
83453 49
83458 42
83507 0
83572 55
83589 0
83855 49
83974 0
84146 49
84148 0
84226 51
84383 0
84406 51
84541 0
84556 42
84637 51
85103 0
85706 42
86028 0
86030 57
86254 57
86357 0
86504 57
86796 0
86974 42
87275 0
87399 51
87452 0
87462 51
87497 0
87796 51
88144 0
88216 49
88228 0
88300 55
88335 0
88540 49
88896 0
88903 55
88931 0
89022 49
89107 0
89281 51
89290 0
89329 57
89402 49
89494 0
89632 42
89665 0
90067 42
90189 0
90373 57
90484 0
90798 55
90824 0
90878 57
90883 0
90978 55
90996 0
91089 42
91091 42
91271 0
91571 51
91708 49
91852 0
92030 49
92093 0
92120 57
92151 0
92352 42
92439 0
92693 42
92869 0
92878 51
93038 42
93040 57
93430 0
93509 49
93525 51
94194 0
94423 57
94452 0
94669 42
94710 0
94731 55
94770 0
94839 55
94863 0
94881 42
95262 0
95409 57
95806 57
95809 0
95843 55
95859 0
96038 55
96095 0
96722 55
97127 0
97182 57
97366 0
97448 57
97492 51
97550 57
97699 0
97846 57
97881 49
98215 42
98368 49
98472 49
98646 42
98808 49
99194 0
99419 57
99444 0
99543 42
99575 0
99583 57
99922 0
99968 49
928 events for 3
47 59
164 0
206 57
249 0
331 57
500 0
520 57
667 57
681 0
824 57
838 59
887 0
988 57
1137 0
1372 59
1398 0
1503 59
1598 0
1687 57
1717 59
1730 0
1801 59
1942 56
2088 57
2119 59
2152 57
2178 0
2721 56
2779 0
3045 56
3149 0
3226 57
3413 57
3518 0
3705 57
3727 56
3747 0
3878 59
4125 0
4177 59
4210 57
4297 57
4344 59
4353 0
4364 57
4461 0
4512 59
4611 0
4816 57
4847 57
4983 0
4985 56
5176 0
5331 59
5549 0
5573 56
5692 57
5775 57
5794 56
5847 57
6032 57
6194 0
6196 57
6200 0
6253 57
6279 0
6506 59
6600 0
6627 59
6804 0
6811 57
7273 0
7312 56
7999 0
8070 59
8258 57
8390 59
8551 0
8612 59
8654 0
8734 57
8800 57
8826 56
8829 0
8832 57
8862 0
8891 59
8951 0
8990 57
9014 59
9018 57
9429 0
9438 56
9492 0
9510 57
9772 0
10125 57
10186 59
10554 0
10775 57
10837 0
10851 56
10895 0
10928 57
11053 0
11173 57
11497 0
11719 57
11885 0
12012 59
12199 0
12370 57
12454 0
12755 57
12763 0
12906 57
12969 0
13119 59
13391 0
13432 59
13569 0
13595 59
13631 0
13647 56
13676 0
13727 59
13849 0
14016 56
14040 0
14294 57
14606 0
14616 57
14618 0
14628 57
14669 57
14799 0
14813 57
14831 0
14909 57
15499 59
15523 0
15524 59
15610 0
15623 59
15659 0
15838 57
15863 0
15910 57
15919 0
16018 57
16110 57
16206 0
16487 56
16650 0
16772 57
16777 0
16795 56
16923 0
16932 59
17391 57
17501 59
17547 59
17608 59
17767 0
17843 59
18164 57
18211 0
18256 59
18277 0
18403 56
18505 0
18516 57
18936 0
19257 59
19300 0
19427 57
19534 0
19975 59
19985 57
20033 0
20123 57
20178 57
20300 59
20412 57
20512 57
20720 0
20741 56
21079 0
21235 56
21494 0
21689 57
21909 0
21936 59
21975 0
22026 59
22240 59
22315 0
22367 57
22584 57
22602 0
22615 59
22673 56
22853 0
22864 57
22886 0
22990 57
23118 0
23234 56
23362 0
23383 56
23414 59
23685 0
23837 59
23850 0
24020 59
24047 0
24198 59
24310 0
24333 59
24354 0
24815 57
25236 0
25482 57
25554 0
25767 56
25966 0
26087 56
26159 0
26248 59
26313 0
26560 56
26665 0
26687 59
26766 0
26774 56
26930 0
27123 57
27212 0
27313 57
27334 0
27446 59
27534 0
27565 59
27580 0
27692 59
27696 0
27927 59
27930 0
28275 57
28312 0
28322 59
28330 57
28344 0
28397 59
28614 0
28683 59
28684 56
28711 0
28752 59
28769 0
28825 56
28884 0
28905 59
28974 0
29188 59
29247 59
29258 0
29266 57
29310 0
29544 59
29552 0
29636 59
29780 0
29871 57
29914 57
30036 0
30117 59
30221 59
30271 0
30282 56
30354 0
30458 57
30470 0
30703 56
31080 57
31101 57
31222 0
31309 59
31484 0
31643 59
31657 0
31675 59
31735 0
31842 57
31884 0
31886 56
32241 0
32263 59
32662 56
32725 59
33056 0
33217 59
33431 0
33442 57
33494 0
33536 57
33587 0
33654 56
33710 0
33711 57
33737 0
33815 59
33910 57
33914 0
33968 57
34047 0
34146 56
34251 56
34394 0
34601 57
34611 59
34626 0
34631 57
35127 0
35181 56
35237 59
35252 0
35389 59
35393 0
35979 59
36077 0
36159 57
36190 0
36210 57
36247 0
36278 59
36789 0
36843 59
37022 57
37077 0
37397 56
37416 0
37524 59
37647 0
37848 56
38020 0
38027 59
38142 0
38359 56
38368 0
38375 59
38703 0
38797 59
38936 56
38942 0
38962 57
39073 0
39129 59
39143 59
39190 0
39222 57
39262 59
39296 56
39377 0
39384 59
39386 0
39408 57
39446 0
39814 57
39923 0
40012 56
40044 59
40156 0
40203 57
40205 0
40422 57
40532 0
40633 57
40738 56
40762 0
40790 57
40836 0
40856 57
40941 59
41047 57
41174 0
41180 59
41275 0
41481 57
41614 0
41681 59
41998 0
42042 59
42264 0
42298 59
42321 0
42416 57
42456 0
42498 59
42620 0
42706 57
42785 0
42902 57
43208 0
43344 57
43382 59
43555 0
43596 57
43677 59
43711 0
43737 59
43754 0
43777 59
43862 0
43884 57
44216 0
44228 57
44251 0
44465 56
44564 0
44590 56
44646 0
44912 56
44974 59
44976 0
45049 59
45188 0
45305 57
45386 59
45418 59
45514 0
45579 57
45620 0
45699 59
45903 59
45976 59
46073 59
46083 0
46641 57
46817 0
46939 59
47188 59
47277 0
47377 59
47409 0
47690 59
48074 0
48101 59
48343 59
48397 59
48401 0
48436 59
48493 59
48532 0
48539 57
48549 57
48644 0
48956 57
48972 59
49023 59
49066 0
49179 59
49209 0
49271 59
49302 56
49406 0
49424 57
49475 59
49566 0
49848 57
49856 0
49868 56
49908 0
50242 57
50285 0
50670 57
50960 0
51020 57
51322 56
51324 57
51411 0
51479 59
51756 57
51779 0
51879 56
51891 57
51939 0
51997 57
52064 0
52635 56
52694 0
53023 57
53101 0
53163 56
53205 0
53335 59
53429 0
53571 57
53753 59
53818 0
53848 59
53849 0
54033 57
54101 59
54143 0
54155 56
54357 0
54386 57
54543 0
54578 59
54667 0
54914 57
54950 0
54956 59
54966 57
55024 0
55214 57
55563 0
55604 59
55637 0
55720 59
55751 0
55780 59
55976 0
56076 59
56178 56
56863 0
56892 57
56907 0
56931 57
56941 56
56952 0
56987 59
56999 0
57008 59
57059 59
57181 59
57381 0
57384 57
57528 0
57620 56
57648 0
57658 57
57693 0
57816 56
57985 0
58079 56
58133 0
58164 57
58219 59
58313 0
58421 57
58572 57
58695 0
58831 57
58882 0
59053 59
59197 0
59205 59
59215 56
59256 0
59340 57
59377 0
59410 57
59462 59
59511 0
59555 59
59815 0
59898 56
59902 0
59965 57
60071 59
60090 0
60201 56
60377 0
60395 59
60830 0
60898 56
60996 0
61285 56
61540 0
61555 57
61852 0
61877 59
62010 59
62063 0
62443 59
62589 56
62613 59
62782 0
62965 57
62970 59
63179 0
63210 59
63264 0
63301 59
63325 57
63396 0
63546 59
63666 0
63735 56
63918 59
64084 0
64094 57
64117 0
64163 59
64167 0
64171 57
64506 0
64574 57
64777 0
65129 59
65139 57
65158 56
65311 59
65564 56
65769 0
65799 59
65803 57
65861 0
66015 59
66072 0
66089 57
66298 0
66341 57
66515 0
66597 59
66610 0
66631 57
66711 0
66800 57
66842 0
66937 56
66998 0
67139 59
67172 0
67257 59
67400 57
67426 0
67609 59
67768 59
67769 0
67987 59
68000 0
68203 59
68354 0
68413 57
68617 57
68743 56
68891 57
68897 0
68977 59
69062 0
69091 59
69327 0
69635 56
69667 0
69810 59
69974 56
70032 59
70040 0
70105 59
70120 0
70227 59
70573 0
70731 57
70999 0
71160 57
71558 0
71790 56
71801 0
71857 57
71970 0
71987 57
72009 57
72089 0
72239 59
72336 0
72338 59
72466 59
72563 0
72572 59
72665 0
72690 57
72694 0
72889 59
72919 56
72928 0
73005 59
73163 57
73193 0
73354 57
73465 0
73497 57
73528 0
73664 59
73682 0
73784 56
73804 0
73813 57
73861 0
73873 56
73973 0
73980 56
74015 0
74180 57
74219 0
74318 56
74661 0
74784 57
75095 57
75183 0
75266 57
75287 0
75481 56
75575 0
75658 57
75776 0
75783 57
75973 0
76021 57
76154 0
76235 56
76484 57
76493 59
76508 0
76627 57
76776 0
77180 59
77202 0
77481 57
77508 0
77544 59
77576 0
77774 56
78044 57
78193 0
78274 59
78327 0
78405 56
78793 59
79103 56
79232 0
79348 59
79436 56
79442 0
79454 59
79646 0
79658 59
79766 0
79789 56
79890 0
79968 57
80393 0
80405 59
80406 0
80507 57
80600 0
80704 57
80773 0
80818 56
80826 0
80848 59
81035 59
81077 0
81132 57
81428 0
81475 56
81590 0
81608 59
81649 0
81873 57
82003 0
82331 57
82434 0
82439 57
82606 0
83055 57
83140 0
83204 57
83282 0
83464 57
83465 0
83732 59
83758 0
83867 56
84353 0
84366 59
84390 0
84431 56
84633 57
84798 0
84828 59
84866 0
84979 57
85030 0
85216 57
85240 0
85366 57
85406 0
85408 57
85465 0
85499 59
85621 56
85645 0
85818 57
85844 57
85851 0
85877 59
85911 0
86143 59
86215 0
86319 57
86334 57
86414 0
86517 59
86519 56
86586 0
86767 57
86781 0
87129 59
87266 0
87416 57
87504 56
87584 0
87637 56
87806 0
87915 56
87977 0
88000 59
88023 0
88141 56
88372 57
88704 56
88811 0
88970 59
89207 59
89327 0
89345 56
89437 0
89576 57
89581 0
89599 59
89794 0
89861 56
89973 56
89990 0
90005 56
90087 0
90105 59
90184 0
90282 59
90326 0
90544 57
90724 0
90904 59
90941 0
91089 57
91159 0
91278 57
91316 0
91405 59
91529 0
91584 57
91704 0
91773 59
91936 0
92035 57
92062 0
92143 56
92268 59
92329 0
92634 56
92695 0
92951 57
93065 57
93158 0
93349 57
93590 56
93665 0
93667 59
93820 56
93838 0
93930 57
93970 56
94042 0
94189 57
94255 0
94271 56
94281 0
94315 57
94360 0
94391 57
94439 0
94648 59
94680 0
94742 59
95074 0
95168 56
95281 59
95410 0
95678 57
95940 0
96054 57
96371 56
96501 0
96812 56
97016 0
97102 59
97212 0
97283 56
97409 57
97680 0
97684 57
97983 0
98039 56
98079 0
98583 59
98771 0
98828 56
98862 0
99175 57
99186 0
99230 59
99268 0
99339 56
99551 0
99621 59
418 events for 4
102 17
321 0
517 27
582 0
1731 17
1810 0
1824 27
1998 0
2022 17
2747 0
3499 27
3527 0
3704 17
3718 17
3985 0
4094 27
4520 0
4541 17
4577 0
4601 17
5043 27
5072 0
5438 27
5998 0
6142 17
6186 17
6395 0
6606 27
6611 0
6633 17
6646 0
6763 17
7170 0
7632 27
8257 17
8294 0
8742 17
8974 0
9020 27
9715 0
10306 17
10317 17
10390 0
10975 27
11202 0
11212 17
11253 0
11661 17
11763 0
12042 27
12915 0
12926 17
12964 0
13330 17
13980 0
14075 17
14289 0
14840 17
14864 0
14894 17
15276 0
16396 27
16566 0
16679 17
17098 0
17182 17
17239 0
17303 27
17639 0
17817 27
17878 0
18063 27
18932 27
18982 27
19111 0
19918 17
20435 0
20544 17
20625 0
20655 17
20724 0
20743 27
20748 0
20833 27
21178 17
21463 0
21662 17
21939 0
21969 17
21995 0
22195 27
22526 0
22621 17
23097 0
23147 27
23430 27
23515 0
23598 17
24022 0
24039 27
24145 0
24264 17
24339 0
24557 17
25293 0
25668 17
25810 27
26041 0
26298 17
26530 17
26949 0
27020 27
27202 0
27245 27
27279 17
27289 27
27472 0
27830 27
28080 0
28503 17
28544 27
28574 0
28751 27
28806 0
29177 17
29228 0
29231 17
29246 0
29412 27
29536 0
29610 17
29648 0
30249 27
30297 0
30516 27
30668 0
31012 17
31437 27
31849 0
32689 17
32741 0
32790 27
33058 17
33061 0
33165 17
33289 27
33936 27
34183 0
34346 17
34834 0
35037 17
35222 0
35503 17
35756 0
35865 27
35925 0
36146 17
36225 0
36254 27
36483 27
36616 27
37095 0
38073 17
38103 0
38180 17
38444 27
38813 27
39108 0
39222 17
39700 0
39817 17
39863 0
39980 17
40422 17
41131 0
41621 17
42319 17
42396 17
42416 0
42715 17
43021 17
43437 0
43673 27
43674 0
44069 27
44140 0
44365 27
44460 0
44785 17
44851 0
45266 27
45305 0
45395 17
45553 17
45733 0
46046 27
46720 0
46727 27
46751 0
46884 17
46989 0
47080 17
48236 0
48306 17
48641 0
49264 17
49807 0
49839 17
49862 0
50078 17
50318 0
50532 17
50548 0
50610 17
50915 17
51055 0
51127 27
51456 0
52238 17
52301 0
52357 17
52590 27
52606 27
52659 0
53257 27
53615 0
53662 17
53834 0
53878 27
54208 0
54300 27
54398 0
54507 27
55094 27
55443 0
55534 27
55730 0
55952 17
55956 27
56999 0
57134 17
57275 27
57277 0
57392 17
57679 27
57703 0
57836 17
57926 0
58014 17
58345 0
58455 17
58678 17
58746 17
58873 0
58878 27
59189 0
59253 27
59502 0
59640 17
59680 17
59917 0
60039 27
60159 0
60257 17
60278 0
60385 17
60626 0
60839 27
60886 0
60957 17
61079 0
61156 27
61372 0
61430 17
61435 0
61527 17
61862 0
61991 27
62426 17
62771 0
62778 27
63052 0
63349 27
63650 0
64330 17
64561 0
64578 27
64596 0
64796 17
64880 17
65273 27
65377 0
65661 17
65732 0
65959 27
66042 0
66421 17
66451 0
66709 27
66944 0
67058 17
67147 27
67675 0
67990 27
68111 0
68124 27
68751 0
68796 27
68854 0
69072 27
69915 0
70300 27
70420 0
70515 27
71389 0
71394 17
72044 0
72104 27
72324 17
72389 0
72852 27
73023 0
73298 27
73349 0
73967 17
74166 17
74229 0
75122 17
75263 0
75501 17
75563 0
76157 17
76177 17
76616 17
76626 0
76737 27
76861 0
77067 17
77195 27
77855 17
78476 0
78580 17
79026 0
79398 27
79592 27
79803 0
80010 17
80424 0
80626 17
80655 0
80858 17
80935 0
81041 17
81877 17
81950 27
82400 0
82960 17
83057 0
83104 27
83937 0
83970 17
84012 0
84540 17
85533 0
85858 27
85862 0
86197 27
86686 27
86888 0
87002 17
87331 0
87379 17
87505 0
87552 27
87689 0
87984 27
88123 0
88131 17
88365 27
88922 0
89049 27
89233 27
89687 0
89905 27
90158 0
90290 27
90874 0
91593 27
91608 17
91923 0
92602 17
93550 0
93598 17
93873 0
94133 17
94421 27
95397 0
95555 17
95664 0
95670 27
96402 0
96404 27
96588 0
97573 17
97630 0
97963 17
98116 0
98253 27
98473 27
98635 0
98731 27
98920 17
98959 0
99513 27
99585 0
99599 17
99662 27
99773 0
289 events for 5
333 25
1097 25
1154 0
1574 49
1596 21
1828 0
3341 53
4305 21
4490 0
4679 25
5247 0
5446 25
5672 0
5819 23
6211 0
6347 23
6480 25
6979 0
7105 21
7636 0
8727 40
8796 49
8834 49
8967 23
9422 0
10443 40
10646 0
10749 23
10926 0
11503 40
11580 0
11686 22
12165 0
12364 23
12532 0
12767 22
14023 0
14329 53
14613 0
15605 21
15727 0
16066 23
16271 0
16739 23
17241 0
17279 21
17317 0
17618 21
17725 40
17806 22
18825 0
19059 49
20133 25
20427 0
20515 22
21278 21
21863 0
22185 25
23018 0
23112 40
23351 0
23830 25
24142 0
24443 23
24794 0
25188 49
25606 0
25628 40
25901 0
26014 22
26345 53
26928 0
27169 22
27374 25
28250 23
28365 0
28746 21
28877 0
28886 23
28964 40
29290 22
29380 0
29510 49
29809 40
29865 40
30162 40
30186 0
31009 53
31405 0
31603 40
31793 0
32132 49
32512 25
34123 0
34766 25
34869 0
35132 53
35406 0
35955 49
36007 0
36465 23
36645 0
36660 21
36867 0
36927 40
37158 0
37550 40
38770 0
39154 21
39896 25
40071 0
40257 53
40513 0
41126 21
41384 40
41512 0
41655 22
41816 49
42229 21
42326 49
42668 0
42982 53
43541 0
44217 40
44237 0
44469 22
44656 49
44712 40
44835 22
45129 0
45251 22
45339 53
46510 53
47317 0
47407 22
47616 21
47734 22
47959 53
48059 53
48272 0
48344 21
48960 0
48998 49
49089 0
49187 25
49661 0
49962 53
50000 0
50044 53
50349 0
50882 40
50938 0
51321 25
51357 0
51493 49
51598 0
51801 23
51949 0
52523 40
52560 0
52684 23
52862 53
53036 25
53359 0
53656 53
54659 21
55061 0
55213 53
55420 0
55621 25
55635 23
55669 23
55671 0
56028 25
56246 53
56499 0
56675 49
56834 0
56984 22
57057 0
57764 22
58545 23
58694 0
58717 22
58722 0
59309 49
59554 0
60324 53
60335 0
60475 22
60627 0
61002 21
61477 53
61683 0
62510 22
62742 0
64048 49
64089 25
65031 25
65091 0
65308 23
65649 0
66530 49
66578 0
69068 23
69464 0
69940 25
70384 23
70466 22
70706 0
71229 22
71456 0
72047 49
73138 0
73236 53
73323 0
74537 22
75980 0
76066 21
76210 40
76246 0
76881 40
77087 0
77108 49
77293 40
77752 53
77839 0
78362 23
79220 21
79231 0
79615 23
80185 0
80300 22
80361 0
80528 40
80557 0
80737 25
80791 0
81294 22
81474 0
81782 53
82040 0
82310 40
83120 0
83177 25
83497 0
83809 23
84547 0
84632 23
84718 0
85231 21
85384 0
85405 22
85574 0
86251 25
86363 0
86743 23
86762 0
87131 21
87383 0
88160 21
88629 0
88784 25
88886 23
89760 0
89929 23
90574 0
90702 49
90937 0
91112 21
91343 0
91416 53
91564 0
91935 25
91966 53
92140 0
92448 40
92714 0
93259 21
94452 0
95085 22
95864 0
96015 21
96642 0
97116 22
98017 23
98203 53
98662 53
98837 0
860 events for 6
83 53
126 0
152 54
374 55
488 0
555 58
660 0
754 54
984 51
1008 0
1067 61
1169 61
1178 51
1220 0
1252 58
1373 0
1383 55
1589 0
1596 51
1619 0
1904 58
1959 0
2015 52
2069 0
2114 56
2371 60
2481 0
2559 58
2654 0
2696 60
2706 0
2732 54
2740 51
3182 61
3457 0
3471 54
3558 0
3689 60
3853 53
4118 0
4302 51
4327 54
4341 0
4347 52
4420 51
4606 0
4653 51
4777 56
4798 61
4905 61
4960 0
5087 51
5138 61
5266 55
5432 51
5585 0
5614 55
5624 0
5628 51
5667 61
5788 0
5910 52
5962 0
6073 60
6119 0
6204 61
6245 0
6269 56
6297 0
6435 60
6875 0
6936 58
7069 52
7171 0
7308 51
7549 0
7562 51
7608 0
7666 51
8038 0
8336 51
8403 0
8534 55
8583 51
8595 0
8606 54
8622 0
9005 54
9407 0
9711 60
9744 0
10142 53
10234 0
10465 56
10651 0
10744 54
10781 56
10914 0
11043 54
11290 0
11378 58
11466 0
11545 60
11553 0
11560 51
11567 0
11718 51
11804 0
11860 51
11962 55
12288 0
12468 61
12478 53
12554 0
12827 51
12914 0
12977 51
13155 0
13172 54
13179 0
13836 51
13917 54
14031 51
14054 0
14368 55
14381 0
14517 52
14625 61
14662 0
14663 51
14806 0
14997 55
15035 55
15071 0
15244 55
15364 0
15474 56
15870 0
15951 51
15974 0
16055 56
16439 0
16517 52
16612 0
16686 53
17004 0
17095 51
17123 54
17136 0
17279 52
17353 0
17582 56
17655 0
17715 53
17811 54
18170 0
18198 61
18269 0
18290 52
18554 51
18562 0
18982 58
18990 60
19033 0
19057 60
19117 0
19170 51
19188 0
19245 60
19253 0
19435 53
19510 54
19647 0
19748 56
19858 52
20143 58
20346 0
20477 60
20705 0
20713 58
20820 60
20877 0
21169 51
21262 0
21575 52
21690 56
21706 56
21773 53
21938 0
21967 60
22094 58
22142 0
22185 61
22328 0
22759 51
22772 0
22798 56
22851 0
22928 53
22967 0
23037 54
23911 0
23949 60
24010 56
24087 51
24113 52
24132 52
24366 0
24521 51
24530 51
24585 53
24661 54
24842 0
24970 61
24994 0
25061 60
25394 0
25558 51
25578 53
25694 0
25885 53
25957 0
25985 51
26005 0
26055 54
26153 0
26227 51
26513 0
26616 53
26629 0
26636 52
26867 54
27043 53
27172 0
27309 51
27362 0
27587 58
27765 0
27970 51
28159 0
28529 56
28553 0
28621 53
29148 0
29213 55
29256 0
29267 51
29365 0
29599 51
29634 0
29783 56
29790 53
29816 0
29976 58
30122 0
30139 58
30463 0
30648 60
30675 0
30874 51
30912 0
31115 51
31180 51
31265 0
31389 61
31519 0
31542 54
31570 51
31672 52
31804 0
31806 54
31904 0
31966 61
32036 51
32153 0
32204 61
32250 0
32254 51
32261 0
32399 60
32426 0
32441 56
32632 60
32678 56
32709 0
32750 52
33190 0
33418 52
33467 0
33710 61
33720 56
33838 0
33897 61
33917 0
33986 58
33997 0
34023 55
34192 0
34343 55
34361 51
34401 0
34498 61
35040 0
35098 56
35196 0
35201 58
35235 61
35639 0
36136 61
36139 0
36196 56
36379 55
36490 58
36572 0
36695 51
36700 0
36725 54
37127 53
37192 56
37226 0
37382 60
37991 53
38054 0
38167 51
38262 53
38379 0
38383 55
38473 0
38980 51
39051 0
39137 52
39348 0
39466 56
39496 0
39523 61
39525 0
39743 61
39815 0
39854 51
40387 0
40465 52
40471 0
40490 51
40520 0
40598 54
40724 0
40767 60
40790 0
40875 56
41004 61
41065 0
41491 54
41661 0
41729 54
41744 0
41941 58
42010 56
42017 61
42034 52
42085 60
42540 0
42682 60
42889 0
43132 52
43332 0
43734 56
43921 60
43929 0
44007 56
44099 0
44191 51
44218 55
44343 0
44377 58
44378 61
44420 54
44476 0
44507 53
44619 51
44689 0
44982 56
45138 51
45267 0
45450 52
45528 0
45607 51
45755 0
45832 55
45862 0
45995 52
45999 61
46019 0
46042 58
46192 56
46258 0
46343 56
46506 51
46855 0
47152 51
47283 58
47349 0
47454 55
47628 0
47754 53
48282 0
48461 55
48544 0
48642 60
48844 0
48910 54
49022 0
49086 61
49221 0
49229 56
49241 0
49854 61
50018 0
50095 51
50156 0
50208 52
50229 0
50324 52
50468 0
50596 53
50764 0
50786 51
50836 0
50908 51
50971 0
50973 51
51242 51
51336 0
51437 54
51474 0
51553 55
51600 0
51755 58
51945 0
52055 51
52059 0
52093 53
52099 0
52210 51
52359 58
52437 0
52488 58
52499 55
52655 0
52807 55
52857 51
52866 0
52883 54
52942 53
53092 0
53347 56
53367 0
53488 56
53615 0
53644 52
53729 0
53736 60
53768 0
53780 60
53917 0
53971 55
54436 0
54642 54
54695 0
54720 51
54958 0
55000 61
55080 0
55280 58
55330 56
55497 0
55518 61
55625 0
56291 51
56392 0
56466 53
56768 53
56849 53
56969 60
57024 61
57068 0
57082 61
57116 0
57239 51
57339 55
57541 0
57570 54
57591 0
57637 54
57679 0
57802 60
57867 0
57889 51
57924 0
58034 54
58042 0
58188 51
58332 56
58334 0
58434 55
58797 0
59260 51
59265 58
59353 0
59600 61
59601 0
59604 51
59649 0
59725 58
59782 0
59857 56
59864 0
60067 52
60114 0
60134 55
60249 0
60300 52
60411 0
60525 54
60609 0
60660 54
60688 0
60719 61
60844 0
60941 55
61003 0
61146 58
61522 60
61569 56
61630 54
61713 0
61752 53
61983 0
62010 53
62081 0
62104 51
62302 0
62313 53
62407 0
62603 55
62770 0
62914 54
63084 0
63159 61
63231 0
63460 56
63521 0
63543 56
63549 0
63613 52
63625 61
63877 0
63993 56
64072 0
64104 55
64257 0
64312 51
64444 0
64529 51
64589 55
64638 58
64728 0
64909 51
64916 0
64919 51
65082 0
65175 58
65181 0
65528 53
65552 0
65553 51
65571 0
65653 56
66026 0
66080 55
66413 0
66587 55
67020 0
67064 54
67085 61
67316 0
67406 58
67595 0
67890 56
68003 56
68155 0
68315 55
68329 0
68362 56
68462 53
68486 0
68660 58
68836 0
68922 51
68995 0
68996 52
69030 0
69311 51
69524 52
69709 0
69907 51
69960 0
69969 58
69999 60
70009 0
70158 52
70202 0
70274 60
70393 55
70463 0
70478 55
70513 51
71116 0
71126 52
71164 54
71268 0
71295 52
71380 54
71439 53
71501 0
71595 54
71600 0
71638 60
71681 0
71716 60
71790 0
72208 51
72238 0
72276 55
72503 0
72586 58
72940 51
72944 0
72952 55
73211 0
73339 51
73383 0
73414 60
73701 54
73733 0
73851 53
73935 0
73960 55
74229 0
74248 51
74466 0
74514 55
74597 0
74819 60
74902 60
75031 54
75043 0
75089 60
75092 0
75172 55
75383 0
75419 52
75525 0
75545 51
75691 0
75777 51
75836 55
76493 0
76552 52
76738 60
76797 0
76886 55
77079 0
77155 51
77392 0
77677 58
77904 58
78011 60
78177 51
78275 0
78319 55
78406 0
78451 61
78468 52
78870 0
78899 56
79091 0
79096 61
79182 58
79597 0
79782 51
79827 52
79889 0
80407 58
80437 0
80466 52
80518 0
80520 51
80562 0
80622 52
80778 0
80830 61
80987 54
80988 0
80993 56
81053 51
81094 0
81263 53
81607 54
81609 0
81713 51
81727 0
82000 56
82041 53
82164 0
82218 58
82255 0
82258 54
82299 0
82305 56
82323 0
82438 51
82598 0
82850 61
82872 54
83147 0
83374 55
83390 0
83675 53
83746 0
83755 53
83775 0
83795 55
84265 0
84353 58
84404 0
84465 61
84535 0
84593 56
84815 60
84844 58
85180 0
85509 56
85666 61
85837 53
85893 0
86208 60
86231 0
86268 53
86574 0
86729 51
86807 0
86922 51
87233 0
87565 56
87776 51
87784 0
87920 58
87936 0
88094 54
88099 0
88129 51
88219 58
88498 0
88566 61
88590 52
88597 0
88765 60
88941 0
89040 58
89047 0
89247 56
89291 0
89614 51
89885 0
90008 55
90503 0
90513 54
90559 0
90707 60
90737 0
90869 54
91029 0
91046 61
91051 0
91059 51
91068 0
91072 51
91273 51
91447 52
91514 0
91558 53
91599 58
91835 0
91970 61
92124 0
92367 53
92637 0
92688 52
92730 0
92837 55
92867 61
92876 51
92990 0
93035 55
93048 0
93221 55
93229 0
93262 56
93341 0
93426 53
93504 55
93741 0
93750 51
93753 0
93772 52
93922 58
93950 0
93989 51
94122 54
94216 56
94489 0
94497 61
94524 58
94601 0
94834 58
94854 0
95302 58
95488 53
95564 0
95591 60
95625 0
95646 58
95739 0
95840 61
95892 54
96256 0
96258 55
96615 0
96644 51
96838 0
96858 55
97313 0
97609 56
97700 0
97704 53
97778 0
97800 54
97892 61
98104 0
98433 55
98484 0
98558 56
98588 56
98642 0
98762 61
98766 0
99052 54
99199 0
99789 61
99823 0
320 events for 7
202 52
844 0
883 62
1457 0
1760 52
2044 51
2112 0
2453 52
2628 51
2978 0
3101 55
3924 0
3954 58
4098 0
4248 58
4456 54
4816 0
5125 51
5615 0
5778 51
5971 0
6387 62
6587 54
7068 62
7327 0
7613 62
7896 62
8117 0
9182 55
9779 0
10834 51
11590 0
11637 54
11673 0
11912 51
11991 58
12137 0
12453 57
12670 0
12693 62
12724 0
12806 62
13025 0
13924 62
14734 52
14893 0
15988 55
16933 55
17220 62
17487 52
18134 0
18194 54
19016 62
19020 0
19061 55
19577 51
19846 0
19890 55
20761 0
20765 52
20874 57
20877 0
20951 57
21512 62
21942 0
22078 54
22119 51
22542 0
23293 57
23539 0
24338 58
24534 0
24996 58
25303 62
25650 58
25727 0
25731 58
26320 0
26460 62
26964 0
27071 58
27876 0
28531 57
28647 0
29188 52
29290 57
29305 0
29728 58
29740 0
30180 54
30944 0
31559 58
31865 0
31898 55
32426 0
33107 52
33550 0
33830 58
34075 58
34168 0
35759 51
36085 57
36741 0
36936 55
37324 0
37943 57
38372 62
38589 55
39165 0
39403 62
39959 0
40010 51
40094 0
40201 52
40637 0
40848 58
40930 0
41188 55
41315 0
41885 58
41929 54
42526 0
42645 52
42958 0
43221 58
43673 54
43742 55
43993 52
44164 0
44394 58
44517 0
44646 62
44734 0
45041 57
45368 0
45928 58
46582 0
46589 62
46714 0
46774 58
47548 62
48192 0
48406 62
48530 52
48538 0
49016 58
49194 55
49215 0
49222 58
49474 51
49543 0
49878 58
49934 52
50086 0
50273 62
50320 62
50455 0
51167 62
51558 0
52055 52
52207 0
52328 58
52710 0
52975 55
52983 57
53157 54
53402 0
53818 55
53835 0
53870 57
54019 0
54021 52
54247 55
54377 0
54621 58
54681 0
54931 62
55049 0
55079 58
55218 55
56130 0
56381 54
56946 0
57741 58
58454 62
58949 0
60517 62
61045 0
61185 62
61535 0
61608 58
62817 0
63105 54
63143 0
63598 58
63798 0
63809 52
63933 0
63955 55
64619 0
64892 62
65259 51
65353 0
65851 58
66238 0
66287 55
66469 0
67264 58
67314 0
67490 55
67842 55
68001 62
68991 0
69603 57
69835 62
69865 0
70001 54
70117 0
70268 62
70330 0
70535 52
70945 51
71212 0
71507 51
72164 0
72574 52
72646 0
72971 51
73170 0
73186 55
73670 0
73801 58
74191 51
74646 0
74829 57
76038 57
76492 0
77002 51
77603 62
77749 52
77753 0
77813 54
78066 0
78091 52
78288 57
78615 52
78810 0
78820 54
80351 51
80365 54
80480 55
80549 0
81030 58
81127 58
81483 54
81911 0
82004 55
82179 0
82309 51
83076 0
83368 51
83570 0
83931 58
84105 0
84344 52
84811 62
85107 0
85764 51
85809 57
86742 0
87093 57
87543 0
87550 51
87693 58
87821 0
88006 57
88131 0
88331 55
88741 55
89324 58
89577 0
90351 62
90483 0
90633 62
90936 0
91225 57
91559 62
91716 62
91723 0
91956 51
92135 58
92335 0
92472 58
92482 0
92519 52
92589 0
92693 55
92698 62
92988 52
93396 62
93761 0
94170 55
94315 52
94722 58
94832 55
95090 0
95178 51
95527 51
95747 58
96071 54
96204 0
97010 52
97097 51
97645 0
98668 55
99291 0
99445 58
99573 0
99599 54
99758 58
