8 buffers
290638 54581
309823 48061
133985 15468
100299 2206
201140 29771
131979 999
156036 8603
148460 2774
60 downlinks
0 250 1667 383
1 1917 3334 297
2 3584 5001 291
3 5251 6668 298
4 6918 8335 348
5 8585 10002 321
6 10252 11669 262
7 11919 13336 368
8 13586 15003 316
9 15253 16670 311
10 16920 18337 273
11 18587 20004 312
12 20254 21671 313
13 21921 23338 361
14 23588 25005 332
15 25255 26672 385
16 26922 28339 312
17 28589 30006 312
18 30256 31673 372
19 31923 33340 371
20 33590 35007 340
21 35257 36674 270
22 36924 38341 341
23 38591 40008 357
24 40258 41675 321
25 41925 43342 371
26 43592 45009 298
27 45259 46676 263
28 46926 48343 364
29 48593 50010 364
30 50260 51677 386
31 51927 53344 277
32 53594 55011 299
33 55261 56678 304
34 56928 58345 275
35 58595 60012 312
36 60262 61679 355
37 61929 63346 286
38 63596 65013 321
39 65263 66680 328
40 66930 68347 324
41 68597 70014 340
42 70264 71681 382
43 71931 73348 364
44 73598 75015 309
45 75265 76682 354
46 76932 78349 286
47 78599 80016 325
48 80266 81683 308
49 81933 83350 266
50 83600 85017 277
51 85267 86684 305
52 86934 88351 370
53 88601 90018 362
54 90268 91685 334
55 91935 93352 276
56 93602 95019 298
57 95269 96686 298
58 96936 98353 365
59 98603 100020 332
713 events for 0
321 87
366 0
410 91
435 0
463 87
530 0
588 90
720 0
757 92
846 91
1101 0
1172 92
1494 0
1719 91
1990 89
1994 92
2006 91
2562 0
2662 87
2751 0
3269 91
3634 0
3667 91
3712 0
4061 89
4096 91
4118 89
4181 91
4574 0
4576 91
4717 0
4921 90
4927 0
4934 91
4971 0
5090 92
5301 0
5402 90
5491 89
5586 91
6367 89
6729 92
6799 92
6923 0
7136 90
7167 0
7290 90
7473 0
7484 86
7500 0
7553 89
7823 0
7844 89
7849 0
7850 92
8000 0
8027 91
8082 0
8256 87
8741 92
8857 0
8934 86
9333 91
9649 0
9898 91
9968 0
10045 92
10318 0
10328 92
10511 92
10712 90
10774 0
10897 86
11200 0
11325 86
11449 0
11673 91
11718 87
11733 91
11813 0
11911 90
11932 91
11977 91
12049 0
12260 92
12270 0
12541 90
12760 0
12814 91
13065 0
13357 86
13409 0
13520 89
13878 86
14198 0
14270 90
14509 0
14538 91
14612 89
14710 0
14817 91
14913 0
14916 92
14938 0
15300 87
15559 0
15662 90
15826 0
15934 92
16195 0
16208 92
16215 0
16353 90
16462 92
16475 0
16866 87
16999 90
17053 89
17170 0
17199 91
17240 0
17301 90
17411 0
17412 90
17416 0
17423 87
17611 0
17732 90
17941 0
18043 91
18264 90
18761 0
18772 91
18891 91
18957 92
19075 0
19162 86
19237 0
19409 87
19509 0
19635 86
20067 0
20153 92
20248 0
20249 92
20260 92
20264 86
20444 86
20451 86
20516 90
20617 0
20911 89
21052 0
21063 91
21156 0
21179 86
21194 0
21471 92
21518 92
21712 0
21860 92
21929 0
22111 91
22151 0
22329 92
22466 0
22533 90
22612 0
22819 92
22953 86
23007 86
23173 0
23174 89
23248 0
23374 86
23942 90
24054 0
24344 89
24538 0
24573 92
25147 0
25250 87
25271 0
25316 87
25481 0
25514 92
25575 91
25829 0
25841 87
26199 0
26259 91
26302 92
26304 0
26448 90
26496 0
26939 91
27105 0
27134 87
27451 0
27603 92
27833 0
28145 89
28349 0
28378 89
28402 0
28416 92
28711 0
29111 92
29168 0
29708 92
29761 0
29949 86
29957 91
30386 89
30408 0
30444 89
30697 91
30801 0
31585 90
32144 87
32273 0
32723 91
32724 0
32942 87
32996 0
33049 91
33109 91
33148 0
33234 86
33239 91
33466 0
33495 86
33554 92
33565 91
33628 89
33646 0
33647 92
33838 0
33876 92
33882 0
34130 91
34630 0
34736 89
34775 92
34862 0
35074 92
35748 92
35994 0
36025 90
36124 87
36129 0
36251 89
36337 0
36410 86
36995 92
37082 92
37093 0
37137 87
37148 0
37171 86
37264 86
37871 0
37923 92
38011 90
38198 92
38611 91
39525 0
39584 86
39933 86
39981 0
40334 92
40337 0
40549 92
40665 0
40667 89
40734 0
41017 91
41650 0
42150 86
42297 92
42312 0
42806 86
43017 0
43063 89
43108 0
43183 92
43406 0
43634 89
44093 0
44217 91
44238 0
44337 92
44371 0
44416 91
44750 0
45040 92
45177 0
45194 92
45311 92
45371 0
45567 92
45665 0
45773 89
45846 0
45895 86
46298 0
46404 92
46415 92
46501 87
46512 92
46607 86
46632 0
46674 91
46708 0
46710 89
46742 92
46843 0
46913 87
47000 0
47032 86
47295 0
47427 86
47472 87
47610 0
47753 87
47792 0
48227 90
48557 0
48726 92
48854 0
48895 87
48934 0
49077 90
49212 0
49298 91
49368 87
49464 0
49563 91
49588 0
49774 90
49776 0
49904 92
50313 0
50466 87
50497 86
50600 0
50701 90
50772 92
50942 87
50972 0
50984 91
51121 0
51146 91
51209 0
51522 90
51613 0
51706 90
51865 0
51946 92
51995 0
52082 87
52200 92
52478 0
52493 90
52502 0
53252 87
53253 0
53431 90
53758 0
53863 87
54404 87
54570 0
54771 92
54877 92
54913 0
54990 92
55066 87
55171 0
55800 86
55847 0
55902 91
55905 0
56088 91
56125 92
56260 91
56507 0
56597 92
57073 0
57106 89
57122 0
57357 92
57483 91
57539 92
57618 0
57684 91
57710 0
57754 92
57867 0
57877 86
57890 0
58017 86
58114 0
58409 90
58513 91
58651 91
58823 0
58900 91
58952 0
58960 91
59251 89
59525 87
59620 0
60107 86
60175 0
60232 92
60387 0
60504 86
60566 0
60840 89
60917 0
60975 89
61089 0
61134 92
61302 0
61321 89
61535 0
61568 87
61607 90
61769 0
61942 92
62202 0
62203 91
62217 0
62491 92
62744 0
63108 91
63122 0
63270 90
63390 0
63554 92
63624 91
63824 0
63948 92
64309 0
64389 87
64486 0
64539 92
64641 0
64859 92
64983 0
65043 92
65129 0
65134 91
65152 0
65669 91
65819 0
65840 91
65860 0
65936 86
66097 90
66225 91
66421 91
66605 0
66607 92
66652 0
66791 92
66891 90
66976 0
66997 89
67175 0
67359 92
67553 0
67611 91
67752 0
67781 92
67969 0
68183 91
68185 0
68349 91
68381 89
68385 91
68386 0
68620 91
68896 0
69261 89
69356 0
69395 92
69532 0
69625 91
69707 0
69809 91
69848 0
69984 89
70062 0
70263 92
70347 0
70422 86
70487 89
70647 0
70867 86
70925 86
71102 0
71143 92
71281 0
71314 90
71351 0
71524 87
71587 0
71657 89
71691 0
71820 90
71852 0
71905 92
71976 92
72187 0
72211 87
72302 86
72329 92
72330 0
72441 86
72803 0
72947 86
73091 0
73239 91
73250 92
73306 91
73314 0
73364 92
73588 87
73621 91
73784 91
74197 87
74311 92
74437 92
74559 0
74565 92
74764 89
74847 90
75075 0
75276 89
75430 92
75592 0
75779 89
76081 90
76109 0
76191 90
76289 0
76486 91
76672 0
76772 92
76885 0
76951 92
77018 0
77035 91
77089 0
77137 91
77336 0
77396 90
77420 0
77438 92
77499 91
77784 0
77878 92
78018 0
78125 92
78216 0
78735 91
78800 0
78819 91
79038 86
79053 0
79167 91
79175 0
79525 86
79573 0
79590 92
79617 0
79651 91
79957 91
80214 0
80297 92
80441 0
80472 86
80577 0
80707 89
80781 0
80814 86
80857 0
80973 87
81052 87
81077 89
81152 0
81360 91
81504 0
81520 92
81637 87
81877 0
81932 86
82272 91
82282 0
82386 91
82500 0
82928 91
83253 0
83288 91
83330 90
83545 0
83812 92
83884 0
83951 91
84120 0
84351 91
84413 0
84432 86
84595 0
85028 87
86347 0
86412 91
86432 0
86437 90
86470 0
86536 92
86710 0
86797 92
86816 0
86883 91
86944 0
86961 89
86994 89
87101 0
87399 91
87536 0
87965 91
87991 0
87994 92
88036 89
88056 0
88194 92
88206 0
88338 90
88597 0
88858 90
88976 0
89050 91
89141 0
89248 86
89272 87
89479 91
89520 0
89564 90
89566 0
89692 86
89707 0
90092 91
90137 92
90217 0
90282 91
90312 86
90348 0
90405 87
90517 0
90615 91
90732 0
90783 86
90828 0
90941 91
91414 0
92003 90
92090 91
92341 0
92633 91
92663 89
92763 0
93433 91
93436 0
93805 91
94027 0
94159 91
94183 0
94439 92
94688 0
94766 92
94927 0
95075 92
95124 91
95179 91
95720 0
95732 87
95860 0
96145 87
96320 0
96404 92
96888 91
97290 0
97352 89
97477 87
97524 0
97532 91
97694 0
97792 92
97805 87
97918 0
97979 91
98320 92
98390 91
98799 0
98805 90
98874 0
98904 87
98918 92
99720 0
99729 91
99866 90
450 events for 1
29 82
229 0
392 82
484 0
829 82
1064 0
1340 89
1473 0
1587 82
1743 82
1769 87
1808 0
2303 87
2350 0
2437 89
2480 0
2892 87
2974 89
3245 0
3328 89
3410 0
3812 89
4014 0
4065 89
4465 0
4557 89
4811 89
4815 89
4971 0
4996 87
5202 0
5502 82
5797 0
6126 89
6434 0
6488 89
7231 82
7408 0
7758 87
7809 0
8480 87
8539 0
8875 89
9407 87
9747 0
9765 89
9930 0
9963 82
10259 0
10712 82
10915 0
11090 82
11447 0
11525 89
11872 0
11907 89
12103 0
12212 87
12492 0
12604 87
12646 0
12664 89
12707 0
13046 89
13754 0
13788 89
14216 0
14398 87
14433 0
14595 87
14779 0
15481 82
15534 87
15865 89
16202 0
16292 82
16323 0
16349 89
17169 0
17625 82
17737 89
18308 82
18422 0
18424 82
18598 0
18692 89
19005 0
19375 87
19708 0
20300 82
20315 89
21469 89
21509 0
22289 82
22432 0
22487 87
22556 0
22557 87
22574 0
23211 82
23364 0
23797 89
24570 0
24624 87
24725 0
24805 89
24837 82
25269 89
25804 89
26023 0
26211 89
26307 0
26410 87
26668 89
26752 82
26802 0
26850 87
27827 0
27891 87
28196 0
28397 82
28585 0
28850 89
28902 0
28996 82
29165 87
29290 0
29432 82
29615 0
29672 89
29783 0
30069 87
30197 0
30416 87
30557 87
30936 82
31452 89
31824 0
32024 87
32120 89
32158 0
32179 87
32428 0
32603 87
32953 0
33088 87
33802 0
33908 89
34018 0
34087 89
34588 82
34597 0
34883 89
35084 0
35750 87
35788 87
36026 0
36110 89
36504 0
36670 82
36684 0
36813 82
37050 0
37191 82
37203 89
37245 87
37249 0
37257 82
37475 87
37661 82
37701 0
37869 87
37897 89
37915 0
38114 87
38478 82
38627 0
39114 87
39145 0
39732 82
39771 87
39925 0
40519 82
40773 0
41247 82
41304 0
41464 82
41665 0
41767 82
41896 87
41937 87
42058 0
42104 89
42190 82
42266 0
42825 89
43094 82
43364 87
43396 0
43823 89
44269 87
45083 0
45234 87
46407 89
46663 87
47360 0
47664 89
47741 0
48156 89
48334 0
48383 89
48574 89
48702 0
49211 87
49428 0
49469 82
50571 0
50814 89
51360 0
51848 82
51964 0
52056 82
52428 0
52503 87
52562 82
52691 0
53028 82
53115 0
54016 87
54458 0
54785 89
54979 0
55052 89
55173 89
55185 82
55344 0
55351 82
55375 0
55630 82
55892 0
55966 87
56019 0
56109 89
56282 82
56359 0
56415 82
56716 0
57025 87
57111 0
57485 87
57580 89
58153 0
58363 87
58381 0
58430 82
59525 82
59837 0
59944 89
59964 0
60374 87
60500 0
60876 82
61004 0
61252 87
61774 0
61820 89
62068 0
62124 82
62176 0
62790 89
62936 0
63510 87
63533 0
63884 82
64021 0
64165 89
64173 0
64208 82
64227 82
64368 87
64690 82
65089 0
65093 89
65426 0
65994 87
66027 0
66229 87
66636 0
66966 87
66991 0
67066 89
67103 0
67157 89
67305 0
67694 89
67794 0
68005 87
68072 0
68559 89
68807 82
68861 0
68960 87
68968 0
69001 82
69384 82
69862 0
69964 89
70217 0
70382 82
70579 0
70985 89
71059 0
71170 87
71243 89
71318 0
71396 89
71413 82
71702 89
71710 0
71749 82
72114 0
72419 82
72690 89
72894 0
72918 82
73009 0
73812 82
73932 87
74376 0
74378 89
75063 0
75507 87
75777 0
76539 82
76541 0
76618 89
76801 0
76930 89
77456 87
77675 82
77883 0
78105 87
78135 0
78219 82
78275 0
78692 89
78829 82
78834 82
79007 87
79040 87
79160 82
79402 0
79470 82
79835 0
79995 82
80080 0
80211 87
80385 0
80908 89
81269 82
81454 0
81456 89
81749 0
81763 82
82010 0
82165 82
82376 0
82557 87
82790 0
82856 89
82959 0
82964 89
82984 0
83117 89
83220 0
83419 87
83962 0
83979 89
84146 0
84206 87
84438 89
84679 0
85029 82
85101 0
85130 87
85220 0
85251 87
85459 87
85491 0
85636 89
86526 87
86702 0
86899 82
87030 0
87151 89
87530 82
87591 87
87849 0
87877 89
88200 0
88395 87
88608 87
88710 87
88779 0
88801 82
88964 87
89413 87
89453 0
90533 89
90848 89
91427 87
91496 0
91545 87
91771 89
91964 0
92198 87
92451 0
92614 87
92637 0
92789 89
92858 0
92958 87
93549 0
93561 87
93862 0
94187 87
94454 0
94600 87
94726 0
95036 87
95373 0
95697 87
95809 0
95840 87
96105 0
96248 87
96386 89
97277 0
97279 89
97426 0
97512 87
97662 87
98185 0
98262 89
98277 0
98888 87
99418 89
99539 0
99657 82
99713 0
531 events for 2
342 58
481 48
825 0
1021 56
1256 0
1300 56
1332 0
1342 58
1355 0
1822 58
1838 0
1857 58
1951 48
2003 54
2113 52
2137 50
2285 0
2507 54
2536 0
2601 56
2812 53
2954 54
3362 48
3477 0
3615 48
3786 0
3966 52
3998 53
4096 0
4576 52
4744 46
4745 0
4831 58
4983 0
5108 53
5482 0
5581 58
5865 0
5962 53
6085 52
6365 0
6494 56
6629 0
6760 53
7046 0
7182 58
7393 52
7711 0
8162 53
8664 48
8732 48
8829 0
9147 58
9447 0
9494 56
9758 0
9796 52
10226 0
10293 58
10569 0
10603 56
10620 0
10676 50
10843 0
11171 50
11179 0
11210 53
11470 0
11545 58
11642 58
11661 0
12003 56
12201 56
12328 0
12480 46
12565 56
12596 0
12616 52
12658 0
12779 58
13042 58
13443 0
13530 53
13997 0
14051 58
14313 0
14908 50
15117 0
15214 58
15240 0
15887 50
15913 0
15966 58
16277 0
17144 56
17722 0
17978 58
18243 0
18439 53
18739 53
18776 54
18777 0
18829 58
18912 0
19247 58
19425 46
19862 0
19880 52
20033 0
20212 58
20459 0
20663 58
20801 0
20911 58
21333 0
21518 46
21627 0
21838 56
22045 52
22328 0
22596 54
22668 58
23047 53
23651 0
23851 58
24083 0
24182 58
24499 0
24683 52
25007 0
25041 54
25440 0
25456 52
25834 0
25913 58
25935 0
26759 50
27123 0
27293 52
27349 0
27547 46
27893 0
28600 58
28644 48
28910 50
29092 0
29238 50
29329 0
29433 53
29435 0
29518 52
29620 0
29829 52
29843 53
29956 0
30007 52
30091 0
30148 54
30331 56
30351 0
30559 58
30677 58
30908 0
31237 52
31502 48
31720 54
31821 53
32103 0
32237 52
32330 46
32501 0
32599 46
32736 0
32886 54
33260 0
33382 54
33443 0
33525 52
33584 0
33705 50
33745 0
34052 50
34400 0
35593 48
35660 0
35856 52
36155 54
36314 0
36494 52
37779 54
37993 0
38204 58
38233 53
38313 0
38406 58
38562 0
38577 58
38775 0
38868 56
38962 0
39049 52
39160 58
39254 0
39296 48
39365 0
40808 53
41166 58
41183 0
41578 58
41717 52
41795 0
41824 52
41859 0
41981 48
42265 54
42399 0
42416 54
42499 0
42842 48
42919 0
42967 58
42995 0
43232 48
43291 50
43569 0
43625 52
43783 52
43939 0
44032 56
44290 0
44508 50
44999 0
45003 48
45150 0
45595 50
45623 0
45833 53
46044 0
46236 48
46330 0
47154 53
47787 0
47887 58
48108 0
48177 48
48210 0
48327 54
48685 58
49156 0
49533 52
49565 0
49577 58
49640 52
50007 0
50015 54
50232 0
50284 53
50300 0
50309 53
50329 58
50356 0
50443 58
50510 50
50529 0
50565 56
50595 0
50628 46
50661 0
51205 54
51213 0
51364 53
51658 0
51755 46
51929 52
52051 0
52379 58
52414 0
52449 52
52475 0
52611 50
52794 58
53673 0
53712 52
53969 46
54113 0
54391 52
54549 0
54739 58
55141 0
55163 50
55186 0
56299 58
56492 0
56889 50
57170 0
57231 53
57590 56
57841 0
57921 54
57991 46
58004 0
58202 58
58628 0
58670 52
58980 0
59439 52
59488 56
59529 0
59617 46
59651 0
59668 50
59838 0
59839 46
60061 0
60115 52
60306 0
60365 50
61210 46
61310 0
61657 48
61676 0
62183 46
62546 0
62812 46
63009 0
63359 53
63372 0
63709 50
64073 52
64157 0
64248 46
64355 0
64744 48
64760 0
64851 58
64915 0
64945 48
65044 0
65085 56
65147 0
65228 48
65382 0
65552 48
65714 0
65832 46
66004 0
66125 53
66236 0
66248 50
67503 0
67614 53
67655 0
68018 52
68261 0
68268 58
68513 0
68646 52
68801 53
68865 53
69377 0
69688 56
69990 0
70354 48
70399 0
70633 58
70668 56
70690 58
71047 0
71063 58
71638 0
71838 52
71887 0
72247 58
72484 0
72610 54
72687 48
73160 0
73422 50
73446 0
73921 54
74176 58
74422 0
74700 52
75044 54
75054 0
75267 52
75270 0
75417 50
75723 0
75817 58
76198 53
76282 0
76317 58
76403 0
76781 46
76824 0
76871 56
76883 48
77022 0
77107 56
77161 0
77419 58
77479 0
77487 56
77597 0
77815 50
77991 0
78214 52
78301 58
78325 53
78361 0
78487 58
78532 0
78672 52
78703 0
78897 46
78986 0
79214 56
79404 0
79469 46
79626 53
79953 0
80068 54
80487 50
80673 0
80859 52
80880 0
80885 58
80953 50
80989 50
81149 48
81156 56
81336 58
81762 46
81959 0
82489 48
82810 0
83018 50
83058 0
83063 58
83136 46
83343 52
83669 0
83801 54
84120 0
84172 58
84678 0
85250 48
85289 0
85773 52
85893 0
86045 56
86220 56
86415 58
86771 0
87003 52
87081 52
87122 0
87233 52
87435 0
87528 54
87803 0
88020 58
88202 0
88311 58
88727 0
89049 54
89171 0
89202 50
89268 0
89280 52
89332 54
89386 0
89575 46
89790 0
90710 52
90818 0
90853 48
90901 0
91012 54
91036 54
91102 0
91207 54
91370 0
91744 58
91978 50
92246 0
92294 52
92443 0
92860 48
93143 0
93334 56
93825 0
94021 52
94075 52
94127 0
94140 58
94151 0
94381 46
94394 0
94497 58
94663 0
95116 46
95120 0
95219 48
95385 0
95510 54
95511 50
95731 0
95732 52
96288 0
96372 46
96481 0
96686 58
96836 0
96874 58
96971 0
97293 54
97436 0
97574 53
97631 0
98528 48
98574 54
98649 0
98826 46
99063 54
99083 0
99174 56
99623 0
99824 56
99862 56
183 events for 3
1324 48
1515 42
1541 0
2385 43
2634 43
3254 0
3301 52
3679 0
3752 48
5090 0
6270 53
6905 44
7362 43
8335 0
8401 43
8791 0
9746 44
11246 43
11301 0
11598 42
11828 48
12114 0
12815 52
13271 0
13440 42
13463 0
13726 44
14657 0
14887 53
15091 0
16207 47
16636 0
17770 43
18217 0
18822 53
18953 0
19295 52
19426 0
19738 47
20298 48
20622 0
20644 48
20734 0
21105 48
22526 0
23398 48
23911 0
23914 48
24284 47
24373 0
25416 47
25931 48
26316 0
27139 51
27181 0
27424 42
27837 0
28477 44
29118 0
30408 52
32136 0
32515 48
32558 0
34127 48
34145 0
35870 51
35968 0
37176 42
37497 0
37697 42
37869 0
38215 48
38369 52
38714 0
39666 51
39766 0
40149 48
40402 0
41133 47
41560 0
42938 48
43880 48
44928 0
45537 53
45775 0
46550 51
46748 0
46807 44
47061 48
47560 52
47704 44
48686 0
48740 48
49540 0
50410 44
50464 53
51047 48
52888 0
52982 51
54173 0
54979 43
55618 0
56361 48
57075 0
58072 48
58754 0
59013 48
59205 44
60224 0
61064 48
61788 44
62428 0
63600 53
64036 44
64356 44
64361 53
64702 0
64914 42
65254 0
65865 42
66336 48
66368 0
66490 51
66659 0
66969 51
67126 0
67859 48
67881 0
67904 43
68922 0
68978 52
69747 42
70251 53
70327 53
71791 44
72558 0
72577 43
72768 42
74003 0
74017 48
74084 0
74577 43
74604 0
74614 48
74947 52
76027 0
76059 42
76313 43
77232 0
77409 47
78670 0
78980 53
79489 0
79999 44
80294 53
80358 0
80443 48
80803 0
81182 43
81183 0
81311 52
81925 0
82339 48
82578 42
84049 53
84732 0
85296 52
85729 0
86231 47
86857 0
87905 42
88918 44
90987 0
91287 53
91511 0
91787 42
93298 0
93485 42
93710 0
94795 43
95360 0
97762 48
99466 0
691 events for 4
364 47
440 0
797 47
968 0
1013 64
1043 0
1096 47
1392 0
1773 64
1785 0
1876 64
1925 0
2003 47
2219 0
2301 64
2485 0
2521 64
2812 64
2919 47
3556 0
3883 64
4024 0
4353 47
4354 0
4443 47
4464 0
4619 64
4828 0
4897 47
5073 47
5113 47
5192 0
5210 64
5279 0
5312 64
5385 64
5444 47
5490 0
5502 47
5696 0
5754 47
5781 47
5796 0
6370 64
6378 64
6825 47
6878 0
6905 64
7088 47
7113 0
7326 47
7885 0
7922 64
7930 0
8223 64
8497 0
8664 47
8690 0
8853 47
8909 0
9000 64
9334 0
9583 47
9863 64
10111 0
10169 47
10299 0
10577 64
10656 0
10670 47
11068 0
11149 64
11346 47
11412 47
11677 0
11885 64
12079 0
12080 47
12258 64
12274 0
12442 64
12722 0
12781 47
12790 64
12983 0
12999 64
13032 0
13110 64
13145 47
13325 64
13470 0
13549 47
13640 0
13841 47
13958 0
14136 64
14263 0
14407 47
14606 0
14758 47
14869 0
14952 47
14971 64
15097 47
15119 64
15464 47
16043 0
16045 64
16071 0
16266 64
16276 47
16549 0
16614 47
16819 0
17055 64
17153 0
17210 64
17238 0
17256 64
17572 0
17635 47
17690 47
17737 0
17829 47
17867 0
18021 47
18113 47
18156 0
18195 64
18243 0
18478 47
18560 0
18944 64
18962 47
18988 47
19019 0
19126 47
19319 0
19380 64
19396 47
19476 0
19519 47
19587 0
20008 64
20196 0
20269 64
20598 0
20608 47
20645 0
20999 64
21169 0
21206 64
21346 64
21509 47
21567 64
21865 0
22012 47
22268 0
22561 64
22574 47
22603 0
22652 47
22724 0
22914 64
23209 64
23605 0
23715 47
23726 64
23885 64
23940 0
24023 64
24514 0
24533 47
24890 0
24958 64
25429 64
25456 0
25606 64
25618 0
26017 64
26126 0
26249 64
26321 47
26720 64
26824 0
26969 64
27154 0
27791 47
27855 0
27961 64
28295 0
28482 64
28710 47
28790 47
29158 0
29182 64
29240 0
29419 47
29483 0
29601 64
29856 0
30038 64
30139 64
30274 0
30460 47
30530 0
30573 47
30716 0
30834 64
30957 47
30986 0
31088 64
31336 0
31707 64
32094 0
32124 64
32264 0
32498 64
32563 0
32676 47
32781 64
32854 0
32940 64
33003 47
33385 0
33687 47
33689 0
34211 47
34660 0
34706 47
34892 64
35049 47
35058 47
35315 64
35371 0
35419 64
35548 0
35589 64
35712 0
35986 64
36050 0
36317 47
36409 0
36571 64
36730 0
37187 64
37628 0
37650 47
37707 64
37882 47
37925 0
38375 47
38531 0
38651 47
39009 0
39338 47
39419 0
39604 64
39851 47
40031 0
40046 47
40049 0
40055 47
40119 0
40404 64
40484 64
40778 0
40881 47
40988 0
41265 64
41383 0
41549 47
41689 0
41720 64
41737 64
41749 64
41782 47
41939 0
42149 47
42373 0
42515 64
42700 47
42779 0
42828 64
42898 0
43067 47
43286 47
43312 64
43611 0
43679 64
43705 64
43755 0
43888 47
43999 47
44128 47
44929 0
45148 64
45253 0
45324 64
45344 0
45476 64
45491 64
45733 0
45902 47
46445 0
46524 64
46548 0
46639 64
46715 47
46919 0
46968 64
47290 0
47542 47
47874 47
47931 0
48017 64
48124 0
48292 64
48479 47
48517 0
48564 47
48782 0
48842 64
48867 47
48974 0
49074 64
49186 0
49260 64
49382 0
49594 64
49617 0
49750 64
49761 0
49920 64
50203 0
50282 47
50404 0
50773 47
50827 64
50866 0
51097 64
51098 0
51183 47
51222 0
51655 47
51905 47
51924 47
51962 0
52043 64
52460 64
52603 47
52702 0
52994 64
53247 0
53294 47
53355 0
53792 64
53838 0
53862 47
53880 0
54135 64
54266 0
54372 64
54460 64
54480 0
54487 64
54588 0
54647 47
54699 0
54801 47
54884 47
54961 0
54975 47
55077 0
55466 47
55675 47
55741 0
55889 64
55932 0
55990 47
56147 47
56232 64
56441 0
56599 64
56778 0
56779 47
56956 0
56958 64
56961 0
57039 47
57101 0
57447 64
57777 0
57838 47
57916 47
58030 47
58395 47
58406 0
58415 64
58557 64
58652 47
58702 0
58720 47
59079 0
59303 64
59395 0
59411 64
59537 0
59550 64
59612 64
59809 0
59967 47
60004 47
60251 0
60483 47
60672 0
60708 64
60854 47
61438 0
61487 64
61603 0
61812 64
61871 64
61895 47
62018 0
62260 47
62329 64
62395 0
62575 64
62688 0
63180 47
63270 64
63350 0
63402 64
63475 0
63735 47
63874 0
63895 64
64248 0
64683 47
64866 0
64927 64
65000 0
65191 47
65210 0
65231 47
65233 0
65354 47
65528 0
65797 64
65810 64
65991 0
66258 64
66269 47
66274 0
66429 64
66465 0
66497 47
66752 0
66825 47
66983 0
67063 64
67666 47
67712 64
67876 47
67989 0
68213 47
68224 0
68228 47
68340 0
68568 64
68695 0
68860 64
69039 47
69187 0
69301 64
69302 64
69520 0
69639 64
69741 0
70372 47
70503 0
70523 64
70916 47
71086 0
71203 64
71367 0
71952 47
71963 0
72038 64
72310 0
72767 47
72783 0
72829 47
72886 0
72974 64
73044 0
73213 64
73488 47
73821 64
73835 0
73858 64
73952 0
73982 47
74073 0
74143 47
74365 64
74405 0
74620 47
74738 0
74768 47
74854 0
74895 64
75035 0
75043 64
75068 64
75362 0
75419 64
75557 64
75743 0
75984 47
76052 0
76194 64
76199 47
76315 0
76629 64
76929 0
76957 64
77169 0
77233 47
77352 0
77435 47
77687 0
77872 64
77897 0
78086 47
78137 47
78218 47
78634 64
78690 64
78805 64
78972 0
79343 64
79394 0
79411 64
79920 47
79972 0
80041 64
80128 0
80153 64
80251 0
80296 64
80410 0
80652 47
80796 0
80801 47
80906 0
81116 64
81385 0
81618 64
81751 0
81758 47
82022 0
82114 64
82266 0
82428 64
82446 0
82551 64
82768 0
83144 64
83300 0
83367 47
83789 0
83801 47
83803 0
83896 64
84105 0
84116 47
84306 0
84366 47
84400 47
84496 0
84594 64
84649 0
84691 64
84736 0
84766 64
84822 0
84998 47
85051 0
85273 47
85298 0
85378 64
85428 0
85431 64
85483 0
85554 47
85678 0
85870 64
86043 64
86358 47
86374 47
86532 0
86669 64
86842 47
87033 0
87686 64
87733 0
87743 47
87758 0
87959 47
88040 0
88261 64
88302 0
88530 64
88636 64
89236 0
89303 64
89497 64
89590 0
89658 64
89784 47
89804 0
89896 64
89952 0
90284 64
90306 0
90434 47
90448 0
90506 64
90910 0
90918 64
91630 0
91678 64
91775 0
91824 47
91944 0
92174 47
92479 0
92513 64
92637 0
92731 64
92833 0
92915 47
93257 64
93331 0
93870 64
93970 0
93988 64
94660 0
94800 47
94810 0
94850 64
94995 0
95031 47
95050 0
95059 47
95530 0
95534 64
95856 64
96074 0
96110 64
96425 0
96450 64
96553 0
96862 47
96935 0
97060 47
97139 0
97150 64
97310 0
97429 47
97459 64
97478 64
97518 0
97672 47
97851 0
97861 47
97914 64
98143 47
98194 64
98564 0
98572 47
98687 0
98742 47
98796 47
99185 0
99230 47
99329 0
99448 47
99622 0
347 events for 5
46 17
588 0
698 82
776 34
910 0
1097 34
1448 54
1616 0
2874 60
3427 0
3586 82
3656 0
3730 60
4199 34
4204 0
4776 54
4977 35
5156 0
5374 17
6299 0
6598 34
6790 0
7084 35
7460 0
7659 60
7737 60
8256 0
8401 35
8513 0
8570 35
9273 60
9380 0
9423 82
9602 34
9795 0
9987 82
10113 0
10175 82
10288 17
10745 54
10772 0
11085 35
11226 0
11349 17
11681 60
11721 82
12007 0
12372 17
13072 0
13605 17
13751 82
13824 82
13934 0
14022 60
14387 0
14984 17
15055 0
15480 54
15502 17
15663 0
15948 54
16743 34
16784 0
16863 60
17629 0
17911 35
18188 0
18429 54
18616 17
21106 60
21497 0
21892 60
22031 34
22043 0
22624 60
22940 35
22978 0
23015 60
23087 17
23406 0
23530 17
23900 54
24570 0
25461 60
25562 0
25763 82
25935 0
27890 35
27941 0
28094 82
28105 82
28558 0
28695 82
29586 0
30476 17
31321 0
31467 35
31720 54
31999 60
32981 54
33116 54
33479 0
33604 60
33964 0
34086 54
34498 0
34582 34
34603 60
34729 0
34986 17
35346 0
35436 60
36117 0
36140 34
36911 82
37114 0
37140 54
37971 0
38488 17
38517 34
38961 82
39268 17
39461 54
39536 0
39674 60
40089 0
40570 35
40593 0
40701 82
41074 0
41135 82
42293 0
43156 34
43454 0
43657 54
44483 0
44662 35
45898 82
46339 0
46674 17
47225 54
47512 0
47668 82
48314 0
48425 35
48604 35
48715 54
48987 0
49267 54
49316 35
49452 0
49597 54
49807 0
50518 34
50663 0
50903 82
51038 0
51065 17
51091 0
51525 82
51807 54
52163 0
52324 60
53118 0
53220 35
53787 0
54004 17
54314 34
54348 0
54677 34
54795 54
55005 35
55901 0
56083 54
56227 0
56274 17
56582 0
56680 34
57772 60
57826 0
57866 54
58267 0
58625 82
58965 0
60043 35
60726 35
60906 0
61404 82
61554 34
61568 0
61749 17
61999 34
62312 60
62507 0
63577 60
64047 0
64048 34
64297 0
64319 34
64785 0
64981 35
65025 0
65045 17
65425 60
65636 0
65883 34
65949 35
66652 0
66729 82
66744 0
66919 34
66973 0
67178 17
67359 0
67494 35
67863 0
67964 17
68108 17
68230 0
68393 82
68402 0
68760 54
68859 0
69123 34
69290 0
70219 60
70261 0
70279 82
70314 0
70328 82
70918 0
71206 17
71824 34
71850 0
72204 17
72335 17
72542 0
72555 60
73140 17
73172 60
73695 34
74271 0
74353 82
74361 0
75155 60
75168 54
75295 0
75368 35
76028 54
76071 0
76417 35
76516 35
76648 0
76851 35
76948 0
77310 54
77730 60
77751 60
78083 17
78103 54
78278 0
78400 34
78570 0
78953 17
78957 0
79007 17
79094 0
79647 35
80202 0
80281 35
80377 34
80645 0
80762 82
80943 17
81147 0
81464 82
81762 0
82492 17
83007 35
83657 0
84356 54
84712 0
85102 34
86322 82
86386 17
86472 0
86708 60
87306 0
88073 35
88295 0
88550 17
88574 0
89273 54
89659 60
89694 82
89805 0
90252 54
90525 0
90549 17
90766 0
91192 54
91285 0
91291 82
91306 17
91631 0
91714 34
91885 35
91904 34
92080 60
92164 0
92248 54
92265 17
92311 0
92557 54
92818 0
92829 54
92834 0
92915 35
93202 60
93628 0
93653 17
93695 0
93905 82
94079 0
94270 60
94389 0
94499 35
94516 0
94820 54
94895 0
95340 82
96022 0
96104 35
96227 34
96451 0
96470 54
97008 0
97970 60
98508 0
99035 35
99118 34
99191 82
99224 0
99321 34
99507 0
99580 82
99776 0
905 events for 6
48 36
62 53
161 0
228 41
277 0
460 37
662 0
692 52
693 0
789 37
793 0
858 52
882 0
971 44
1061 0
1074 37
1088 0
1172 36
1606 0
1640 52
1744 41
1826 0
1971 52
2008 0
2071 52
2093 0
2152 38
2184 0
2189 53
2432 0
2439 38
2532 52
2591 0
2692 36
2713 0
2793 36
2881 0
2906 53
2908 0
2943 36
3062 0
3194 51
3437 36
3468 0
3567 38
3605 0
3688 51
3733 0
3751 53
3801 52
4026 38
4042 0
4443 37
4481 0
4500 37
4505 0
4543 44
4572 0
4672 52
4721 0
5139 36
5168 0
5229 52
5239 51
5276 51
5436 0
5501 38
5630 0
5655 52
5724 0
5940 36
5962 0
5964 37
5986 38
6437 0
6588 53
6672 52
6682 0
6695 41
6879 0
6991 51
7091 0
7336 52
7577 0
7642 38
7780 51
7880 0
7922 44
7996 0
7999 38
8123 44
8187 0
8251 37
8267 37
8383 0
8504 53
8681 36
8798 0
8831 36
8833 53
8856 0
8875 38
8893 0
8931 52
8937 0
8967 36
9009 53
9081 53
9342 0
9468 53
9663 0
9789 41
9992 0
10028 51
10139 0
10158 52
10443 0
10501 38
10630 0
10636 51
10665 0
10687 44
10712 0
10745 37
10750 52
10780 38
11172 0
11256 53
11262 0
11428 36
11464 0
11629 36
11631 0
11673 38
11886 0
11980 36
12269 36
12292 36
12317 0
12351 53
12581 0
12738 38
12743 0
12752 44
12797 0
12811 44
13019 0
13022 36
13152 41
13319 0
13346 41
13406 0
13444 38
13634 36
13846 38
14013 0
14270 36
14537 0
14616 36
14684 0
14694 38
15109 0
15312 52
15653 53
15672 0
15882 41
16309 44
16514 52
16551 36
16630 53
16709 0
16753 51
16951 0
17103 52
17236 0
17294 44
17325 0
17339 38
17386 0
17490 37
17548 0
17741 44
17802 36
18066 0
18073 36
18170 0
18246 52
18403 0
18428 41
18558 0
18610 37
18643 0
18652 44
18790 37
18826 38
18915 38
18930 0
19009 44
19023 0
19116 52
19295 53
19378 0
19451 38
19472 38
19624 51
19801 0
19821 41
19928 0
20173 51
20250 0
20279 51
20418 38
20722 0
20824 38
21264 36
21334 0
21512 38
21531 0
21593 36
21619 0
21808 53
22007 0
22733 51
22837 53
23082 0
23146 44
23183 0
23304 37
23384 0
23401 37
23487 0
23500 51
23517 0
23541 44
23576 0
23647 38
23684 0
23734 37
23841 0
23933 36
23970 38
24063 0
24088 36
24100 0
24178 41
24194 0
24230 38
24265 0
24330 36
24347 0
24476 53
24693 53
24946 36
25105 0
25253 38
25369 0
25459 52
25474 0
25485 51
25818 36
25823 38
26108 51
26134 37
26232 52
26254 0
26276 38
26375 0
26454 44
26515 0
26672 51
26777 0
26804 51
26866 36
26947 0
26958 38
27273 0
27394 51
27436 0
27508 38
27531 44
27547 0
27561 37
27724 51
27864 0
28160 52
28216 0
28373 44
28678 0
28704 38
28925 0
28962 41
29072 0
29142 37
29203 38
29218 0
29239 38
29346 0
29781 38
29906 0
29946 44
29951 36
29956 0
30217 36
30462 38
30469 0
30574 51
30650 0
30706 38
30732 0
30784 37
30878 0
30905 41
31043 37
31236 0
31276 36
31307 0
31387 44
31465 36
31470 0
31488 36
31626 52
31869 0
31974 38
32001 0
32003 38
32184 0
32200 37
32359 0
32648 41
32659 0
32801 38
33173 0
33203 53
33308 52
33578 0
33794 38
33835 0
33884 41
33986 0
34191 51
34325 51
34466 41
34486 0
34501 51
34600 37
34641 0
34772 38
34889 0
35159 51
35302 0
35451 36
35615 0
35652 36
35760 52
35761 0
35912 36
35976 0
36147 38
36286 0
36391 51
36425 0
36487 44
36697 0
36718 37
36778 37
36820 0
36949 38
36955 0
37022 36
37350 0
37382 41
37467 0
37476 52
37486 0
37511 36
37556 41
37594 51
37599 36
37721 0
37826 36
38156 53
38262 38
38374 0
38421 53
38887 0
39031 38
39138 0
39313 44
39346 0
39551 36
39589 0
39643 53
39829 0
40263 53
40370 0
40508 36
40510 36
40650 51
40664 41
40672 0
40673 53
40808 44
40822 0
40890 36
40945 0
41003 53
41150 38
41194 41
41221 0
41294 51
41458 0
41470 37
41607 0
41610 38
41675 0
41721 44
41766 0
41797 53
41955 0
41959 44
42159 0
42423 52
42438 0
42566 41
42591 51
42598 0
42603 51
42611 0
42727 36
42980 0
43031 37
43066 0
43289 52
43359 51
43414 0
43440 41
43515 0
43586 53
43659 38
43748 36
43770 0
43798 53
43828 0
43940 38
43966 38
44119 0
44177 44
44263 0
44339 44
44356 53
44362 0
44510 38
44516 0
44543 41
44624 0
44652 38
44661 0
44680 51
44794 0
44973 41
45055 38
45207 0
45488 36
45498 0
45560 44
45584 0
45625 53
45716 38
46045 0
46107 52
46126 44
46136 0
46160 36
46200 0
46392 36
46684 0
46747 38
46882 0
46896 52
46921 0
47322 52
47432 38
47603 0
47716 36
47751 0
47802 53
47883 0
48031 53
48048 36
48122 0
48146 36
48362 0
48399 52
48678 0
48682 51
48878 51
49035 38
49040 0
49322 53
49360 0
49375 37
49512 0
49532 36
49604 41
49690 0
49708 38
49738 0
49740 36
49769 0
49845 38
50047 0
50104 51
50125 0
50275 52
50677 0
50778 44
51348 0
51406 44
51409 0
51457 53
51734 0
51816 53
51894 37
52007 36
52187 0
52193 36
52372 0
52442 38
52846 0
52928 38
52964 0
52999 53
53095 0
53231 36
53296 0
53327 36
53776 0
53894 36
53917 0
54097 38
54155 0
54212 53
54357 0
54409 38
54451 38
54510 0
54837 53
55001 0
55513 38
55530 0
55560 38
55831 0
56063 38
56103 0
56108 36
56318 0
56352 53
56729 0
57100 36
57159 0
57207 38
57260 0
57348 36
57744 0
57757 51
57979 36
57996 53
58508 0
59064 52
59203 53
59411 38
59466 0
59557 52
59841 0
60022 44
60112 53
60178 0
60374 53
60507 0
60875 52
61039 0
61045 44
61278 0
61465 53
61492 0
61581 38
61605 0
62091 53
62124 0
62127 38
62557 0
62564 53
62933 0
63039 37
63054 0
63192 53
63296 0
63336 37
63407 0
63413 38
63492 44
63552 36
63614 51
63692 0
63702 53
63718 36
63895 0
63981 44
63994 0
64333 36
64406 37
64425 0
64578 36
64828 38
64852 0
64912 36
65029 0
65054 51
65074 37
65131 0
65201 37
65316 0
65320 36
65469 0
65520 37
65569 36
65622 36
65667 0
65701 36
66401 41
66499 0
66706 38
66918 0
67068 52
67235 0
67295 37
67335 0
67566 44
67599 38
67724 0
67795 51
67979 0
67991 37
68417 51
68514 0
68651 37
68671 0
68783 51
68872 37
68874 0
69047 36
69135 0
69230 41
69292 0
69382 38
69475 0
69505 37
69664 0
69794 36
69945 0
69995 38
70029 0
70031 44
70195 0
70264 38
70299 38
70328 0
70385 51
70412 0
70474 52
70482 0
70582 41
70704 44
70744 0
70800 37
70956 51
71020 0
71096 38
71165 0
71289 44
71785 0
71792 37
71898 44
71911 0
72100 36
72443 0
72816 38
72831 0
73018 36
73165 0
73791 52
73849 41
73938 0
73941 38
73961 51
74179 0
74204 41
74281 37
74436 0
74543 36
74677 0
74905 36
75019 44
75196 0
75249 36
75371 44
75407 41
75556 52
75797 0
75955 52
75998 0
76010 37
76090 0
76500 51
76676 38
76740 51
76874 41
76911 38
77024 53
77392 0
77691 44
78088 0
78109 44
78172 0
78216 52
78233 0
78364 37
78860 44
79045 0
79091 38
79144 38
79175 0
79328 36
79438 0
79540 38
79547 0
79723 36
79767 52
79790 0
79899 41
80004 0
80151 38
80285 52
80474 0
80497 36
80579 0
80593 36
80664 0
80715 44
80878 0
80898 52
81080 0
81166 36
81502 0
81576 36
81581 0
81584 36
81677 0
81962 41
81995 0
82105 51
82312 0
82521 52
82573 0
82743 36
82785 0
82841 41
83042 0
83171 38
83199 0
83254 52
83324 0
83349 38
83382 0
83477 38
83991 0
84053 36
84304 0
84526 53
84611 0
84660 51
84794 38
84891 0
84915 41
84973 36
84994 0
85311 37
85424 38
85636 38
85683 0
85938 41
86118 0
86120 36
86180 44
86217 0
86289 36
86304 0
86530 51
86803 0
86823 36
86967 36
86980 0
87055 38
87167 38
87183 0
87214 51
87372 0
87779 53
87935 51
87982 0
88017 38
88039 51
88195 0
88210 37
88248 0
88264 38
88498 0
88662 41
88774 0
88888 53
88893 0
89250 41
89385 38
89558 53
89599 37
89622 0
89786 52
90041 0
90168 38
90208 0
90330 44
90754 37
90927 37
91012 0
91055 36
91094 44
91221 51
91277 0
91641 51
91760 0
91823 36
92005 0
92232 38
92493 37
92582 0
92639 53
92659 53
93218 0
93242 53
93343 0
93370 37
93645 36
93706 0
93710 37
93716 0
93739 44
93891 0
93954 36
94032 0
94110 51
94439 0
94451 51
94470 41
94529 0
94713 36
94823 0
94974 36
94976 0
95002 38
95119 0
95598 44
95624 0
95659 38
95728 0
95754 36
95886 0
96061 38
96310 0
96358 51
96396 0
96411 38
96684 0
96749 36
96797 36
96998 41
97742 0
97797 53
98235 44
98377 0
98422 38
98441 0
98490 53
98878 0
98958 51
99088 36
99104 0
99249 44
99292 51
99374 0
99505 53
99588 0
99649 36
99663 53
99730 0
99946 41
792 events for 7
78 41
147 0
174 41
206 41
223 0
346 41
792 41
991 41
1024 0
1122 41
1187 0
1309 41
1351 0
1404 41
1498 0
1516 41
1592 0
2104 41
2215 41
2223 0
2231 41
2238 0
2662 41
2688 0
2779 41
2807 0
2886 41
3012 0
3173 41
3197 0
3814 41
3817 41
3839 0
3902 41
3936 0
4029 41
4047 0
4065 41
4178 0
4392 41
4399 0
4406 41
4431 41
4488 0
4495 41
4514 0
4545 41
4575 0
4593 41
4649 0
4772 41
4978 0
5034 41
5394 41
5566 0
5579 41
5610 0
5696 41
5736 41
5873 0
6056 41
6266 0
6293 41
6649 0
6730 41
6794 41
6829 0
6928 41
7242 41
7330 41
7544 0
7650 41
7690 0
7743 41
7832 0
7903 41
8015 41
8443 0
8681 41
8819 0
9153 41
9186 0
9212 41
9253 41
9322 0
9331 41
9739 0
9781 41
9816 41
9818 0
10186 41
10213 0
10271 41
10354 0
10935 41
10957 0
11134 41
11318 0
11384 41
11467 41
11549 0
11625 41
11945 41
12014 0
12155 41
12435 0
12513 41
12576 0
12619 41
12688 0
12737 41
12781 41
13654 0
13837 41
14026 0
14110 41
14132 0
14319 41
14667 0
14815 41
14821 0
15170 41
15239 0
15250 41
15434 0
15510 41
15670 0
15934 41
16026 41
16233 41
16289 41
16973 41
17041 0
17179 41
17422 0
17577 41
17605 41
17658 41
17810 0
17839 41
18069 41
18103 0
18381 41
18584 0
18602 41
18651 0
18863 41
18910 41
19006 41
19118 0
19560 41
19562 0
19821 41
19957 0
20178 41
20372 0
20406 41
20636 0
20799 41
20855 41
20970 0
21032 41
21286 0
21411 41
21650 0
21653 41
21696 0
21897 41
21920 0
21944 41
22058 41
22296 0
22442 41
22544 0
22755 41
22839 41
22987 0
23094 41
23104 0
23534 41
23637 41
23644 41
23831 0
23902 41
23911 0
23946 41
23949 0
24340 41
24473 0
24626 41
24719 41
24760 41
24967 0
25011 41
25034 0
25081 41
25086 41
25289 0
25402 41
25874 0
25932 41
25990 0
26346 41
26428 41
26442 0
26464 41
26593 41
26795 0
27056 41
27184 0
27380 41
27435 41
27599 0
27663 41
27897 0
27934 41
28022 0
28089 41
28330 0
28514 41
28650 0
28808 41
29226 41
29347 0
29467 41
29468 41
29470 41
29544 0
29648 41
29671 0
29786 41
29883 0
30029 41
30210 0
30247 41
30371 0
30470 41
30712 0
30859 41
31004 0
31078 41
31312 0
31383 41
31443 0
31617 41
31713 41
31867 41
31879 0
32017 41
32388 0
32390 41
32859 0
32903 41
33026 0
33046 41
33099 41
33152 0
33205 41
33278 0
33340 41
33355 0
33516 41
33580 0
33685 41
33764 0
33868 41
33915 0
34141 41
34212 0
34290 41
34309 0
34332 41
34444 0
34634 41
34792 0
34896 41
34907 0
35094 41
35455 0
35642 41
35893 41
35926 41
36083 41
36334 0
36395 41
36674 0
36800 41
36969 41
36975 0
37213 41
37220 0
37285 41
37376 41
37486 0
37507 41
37732 0
38193 41
38303 0
38386 41
38424 0
38443 41
38446 0
38507 41
38511 0
38519 41
38660 0
38683 41
38735 0
38999 41
39037 0
39126 41
39127 0
39192 41
39231 41
39273 41
39608 0
39626 41
39727 41
39923 0
39962 41
40153 0
40163 41
40224 0
40247 41
40400 0
40507 41
40631 0
40761 41
40868 41
41104 0
41286 41
41356 41
41452 41
41731 41
41768 0
41834 41
41840 41
42136 41
42412 41
42558 41
42586 0
42648 41
42656 0
42711 41
42908 0
42922 41
42956 41
42998 0
43013 41
43069 0
43083 41
43133 0
43219 41
43319 41
43428 0
43692 41
43773 0
43987 41
44038 41
44078 0
44171 41
44290 41
44424 41
44655 0
44789 41
44889 0
44964 41
44990 0
45075 41
45084 41
45094 41
45430 41
45579 0
45671 41
45715 0
45788 41
45868 0
45987 41
45993 0
46131 41
46256 41
46278 0
46280 41
46326 0
46345 41
46391 0
46446 41
46472 0
46587 41
46772 0
46882 41
46986 0
47133 41
47162 0
47269 41
47278 0
47288 41
47469 41
47912 0
47983 41
48074 0
48152 41
48573 0
48632 41
48890 41
48926 0
49048 41
49199 0
49278 41
49294 0
49347 41
49389 0
49733 41
49867 0
49934 41
49975 0
50345 41
50354 0
50393 41
50672 0
50892 41
50949 41
51026 41
51117 0
51192 41
51418 41
51551 0
51727 41
51738 41
52308 0
52421 41
52520 0
52562 41
52655 0
52793 41
52870 0
52944 41
53154 0
53325 41
53347 41
53494 41
53529 41
53690 0
53845 41
54012 0
54133 41
54256 41
54290 0
54578 41
54742 41
54770 0
54825 41
54881 0
54904 41
55048 0
55163 41
55219 0
55247 41
55274 41
55588 0
55727 41
56027 41
56405 0
56431 41
56801 0
57062 41
57140 0
57355 41
57447 41
57531 41
57767 0
58232 41
58288 0
58411 41
58663 0
58703 41
58753 41
58838 0
58908 41
59188 41
59236 0
59283 41
59299 0
59373 41
59638 0
59677 41
59889 41
59941 0
59967 41
60610 0
60618 41
60751 0
60877 41
60897 0
61138 41
61190 0
61552 41
61601 0
62267 41
62307 0
62497 41
62576 0
62949 41
63006 0
63093 41
63231 0
63320 41
63802 0
63853 41
63864 0
63893 41
63902 0
63956 41
64053 41
64156 0
64228 41
64234 0
64331 41
64338 41
64378 41
64636 0
64701 41
64755 0
64876 41
64982 41
65004 0
65091 41
65130 41
65264 41
65420 0
65457 41
65928 0
66169 41
66292 0
66361 41
66393 0
66734 41
66761 0
67028 41
67264 0
67266 41
67470 0
67513 41
67536 0
67537 41
67565 0
67679 41
67700 41
67726 0
67846 41
68007 0
68208 41
68356 0
68466 41
68508 0
68613 41
68788 0
69264 41
69279 41
69331 0
69378 41
69601 41
69629 41
69645 0
69694 41
69802 41
70235 41
70270 41
70846 0
70876 41
71008 41
71044 0
71071 41
71321 0
71756 41
71929 41
71938 0
71985 41
72233 41
72369 0
72472 41
72573 0
72581 41
72809 0
73032 41
73078 0
73219 41
73234 0
73384 41
73529 0
73572 41
73815 41
74012 0
74228 41
74342 0
74652 41
74816 0
74843 41
74862 0
75039 41
75130 0
75140 41
75497 41
75582 41
75637 0
75650 41
75689 41
75714 0
75715 41
75763 41
75922 0
76216 41
76417 0
76907 41
77009 0
77159 41
77278 0
77719 41
77723 41
77964 0
78136 41
78535 41
78577 0
78631 41
78647 0
78821 41
78832 0
78852 41
79192 41
79211 0
79358 41
79649 41
79797 0
79937 41
80620 41
80689 41
80746 41
80826 0
80908 41
81170 0
81224 41
81230 0
81243 41
81286 0
81292 41
81582 41
81809 41
82061 0
82321 41
82325 0
82357 41
82389 0
82414 41
82491 0
82750 41
83023 0
83318 41
83352 0
83518 41
83736 0
83768 41
83774 0
83868 41
83869 41
84041 0
84166 41
84221 0
84319 41
84541 0
84548 41
84662 0
84773 41
84828 0
84831 41
84855 0
84975 41
85228 0
85239 41
85333 0
85417 41
85462 0
85539 41
85606 41
85805 0
85846 41
85864 0
85935 41
85988 0
86078 41
86549 41
86732 0
86815 41
87141 0
87560 41
87604 0
87941 41
87945 0
87989 41
88096 0
88168 41
88227 0
88271 41
88378 41
88417 41
88481 41
88528 0
88542 41
88574 0
88621 41
88633 0
88672 41
88803 0
88902 41
88903 0
88921 41
89004 0
89043 41
89086 41
89149 0
89160 41
89688 41
89771 41
90325 0
90344 41
90410 0
90539 41
90564 41
90836 0
90837 41
90969 0
91190 41
91268 0
91456 41
91601 0
91782 41
91945 41
92413 0
92430 41
92609 0
92891 41
92911 41
92953 0
92995 41
93009 0
93417 41
93492 0
93970 41
93990 0
94089 41
94243 41
94256 0
94266 41
94494 41
94559 41
94888 0
94979 41
95073 0
95184 41
95338 0
95365 41
95464 0
95622 41
95749 41
95891 0
95984 41
96003 0
96110 41
96112 0
96124 41
96146 41
96226 0
96605 41
96615 41
96873 41
97582 41
97740 41
97748 0
97976 41
98295 41
98380 0
98416 41
98666 0
98894 41
99009 0
99057 41
99072 41
99255 41
99324 41
99370 41
99381 41
99412 0
99702 41
