16 buffers
206551 748
188812 16536
303863 11260
365242 53259
270777 31752
222588 7544
75756 11811
77455 1908
204415 23008
360753 31142
283547 19826
127352 10988
170526 4898
459693 87495
199020 16146
357958 26653
40 downlinks
0 375 2500 712
1 2875 5000 719
2 5375 7500 555
3 7875 10000 544
4 10375 12500 588
5 12875 15000 540
6 15375 17500 715
7 17875 20000 647
8 20375 22500 496
9 22875 25000 709
10 25375 27500 545
11 27875 30000 623
12 30375 32500 523
13 32875 35000 496
14 35375 37500 541
15 37875 40000 686
16 40375 42500 526
17 42875 45000 591
18 45375 47500 504
19 47875 50000 534
20 50375 52500 488
21 52875 55000 662
22 55375 57500 674
23 57875 60000 716
24 60375 62500 494
25 62875 65000 579
26 65375 67500 502
27 67875 70000 591
28 70375 72500 580
29 72875 75000 606
30 75375 77500 700
31 77875 80000 627
32 80375 82500 619
33 82875 85000 498
34 85375 87500 682
35 87875 90000 606
36 90375 92500 616
37 92875 95000 718
38 95375 97500 562
39 97875 100000 680
611 events for 0
141 54
386 0
618 49
622 0
920 54
1043 0
1392 49
1522 0
1732 49
1747 49
1838 0
1982 49
2856 54
3049 0
3263 54
3296 54
3305 54
3513 0
3727 54
3743 0
3975 54
3980 0
4005 54
4052 0
4479 54
4703 0
4771 49
4772 0
4914 49
4987 0
5357 49
5371 49
5522 0
6162 49
6365 49
6371 0
6728 49
7136 54
8271 0
8305 49
8349 49
8363 0
8405 49
8640 49
8726 0
8889 49
9000 0
9037 49
9209 54
9226 0
9265 49
9408 0
9412 54
9906 0
10095 54
10215 0
10677 49
10949 0
11067 54
11153 0
11305 49
11468 0
11655 49
11710 0
11731 54
12079 0
12254 54
12344 0
12472 49
12648 49
12730 0
12750 49
12905 0
13086 54
13121 0
13253 54
13420 0
13485 54
13728 0
13751 49
13834 0
13940 49
13981 0
14282 54
14541 0
14762 54
14854 49
15119 0
15403 54
15849 0
15955 54
16103 0
16118 49
16317 0
16318 49
16873 0
16903 49
17058 0
17255 54
17274 54
18066 54
18070 0
18484 49
18988 54
19062 0
19270 49
19313 0
19819 54
19824 54
19847 0
19940 54
20012 54
20202 0
20676 54
20928 0
21565 49
21784 0
21868 54
21936 49
22273 0
22324 54
22335 0
22352 54
22773 0
22804 54
23099 49
23806 49
24158 54
24380 0
24429 54
24502 0
24912 49
25014 49
25284 0
25312 49
25513 0
25550 54
25655 0
26095 54
26412 0
26681 49
26699 0
26706 49
26949 0
27034 49
27759 0
27887 54
27934 49
28010 49
28156 0
28183 54
28383 0
28541 49
28596 0
28872 54
28947 0
28970 49
29154 0
29381 54
29550 0
29686 54
29835 0
29905 54
30149 0
30196 54
30246 0
30943 49
31009 54
31094 0
31143 49
31149 0
31587 54
31627 54
31841 0
32006 49
32454 0
32546 49
32576 49
32781 0
32942 49
32949 54
33114 0
33145 49
33260 0
33290 54
33302 0
33619 49
33650 0
33719 49
33899 0
33947 54
34040 49
34059 0
34266 49
34274 49
34303 0
34450 54
34613 0
34658 49
34663 0
34978 54
35158 54
35171 49
35267 0
35384 54
36049 49
36171 0
36259 54
36945 0
37014 54
37227 0
37709 54
37934 0
38006 49
38036 0
38319 49
38373 0
38533 49
38779 0
39611 54
39623 0
39929 54
39962 0
39968 49
40449 0
40516 49
40699 0
40884 49
41026 0
41214 54
41306 0
41335 49
41450 54
41732 0
41837 54
41923 0
42008 54
42029 0
42283 54
42511 0
42602 49
42680 0
42940 49
43122 0
43143 49
43270 0
43276 54
43325 54
43382 49
43606 0
43628 54
43882 0
43939 54
44163 0
44298 54
44319 0
45317 54
45439 0
45725 54
45942 0
45978 49
45994 0
46224 54
46333 0
46559 54
46573 0
46771 54
46917 0
47086 54
47351 54
47522 54
48140 49
48270 0
48428 49
48551 54
48607 0
48678 54
48684 0
48898 49
49157 0
49212 49
49473 49
49587 49
49835 0
50168 49
50461 54
50514 0
50576 54
50709 0
50867 54
50978 54
50984 0
51127 54
51136 0
51222 49
51252 0
51264 54
51499 0
51802 49
52139 0
52272 49
52280 0
52418 54
52821 0
53261 49
53342 0
53420 49
53581 0
53871 54
53946 0
54017 49
54349 0
54625 49
54913 0
54970 49
55067 0
55246 49
55250 0
55421 54
55455 54
55930 0
55933 49
56009 0
56247 49
56274 54
56576 0
57041 54
57632 0
57687 54
57709 0
57750 49
57914 0
58104 49
58119 0
58255 54
58300 54
58444 0
58966 49
59055 0
59073 54
59088 0
59146 54
59388 0
59461 54
59532 0
59606 54
59658 0
59713 49
59842 0
60112 54
60462 0
60464 49
60745 0
60876 54
60994 0
61601 54
61653 0
61657 49
61716 49
61932 54
61961 0
62038 49
62104 54
62151 0
62352 49
62654 0
62748 54
62935 0
63035 49
63554 54
63651 0
63776 54
63831 49
63916 0
64165 49
64188 0
64563 54
64589 0
64643 54
64795 0
64956 49
65038 0
65105 49
65270 0
65313 54
65879 54
65942 54
66187 0
66211 54
66404 0
66435 54
66455 0
66497 49
66896 0
67150 54
67312 0
67345 54
67376 0
67452 54
67808 49
68348 54
68683 0
68728 49
68879 54
68889 0
69127 54
69251 49
69347 0
69484 49
69487 0
69691 54
69793 0
69873 49
70059 0
70116 49
70311 0
70363 49
70890 0
70903 49
71131 0
71273 49
71444 0
71458 49
71487 54
71508 54
71571 0
71884 49
71962 0
72351 49
72592 0
72687 49
73018 49
73087 54
73175 49
73201 54
73315 54
73503 49
73525 0
73808 54
73901 0
74124 54
74142 0
74176 49
74475 54
74592 54
74749 54
74973 0
75235 54
75316 0
75457 54
75787 0
75902 54
76351 49
76518 0
76544 49
76700 54
76948 54
77094 0
77097 54
77110 49
77166 49
77208 0
77229 54
77267 54
77426 0
77655 54
77843 54
78063 49
78067 49
78111 54
78320 0
78438 54
78439 0
78619 49
78907 0
78923 49
78989 49
79304 54
79405 54
79520 0
79678 49
79755 0
80106 49
80107 0
80525 54
80589 49
80600 0
80714 49
80785 49
80865 0
80965 49
81375 0
81376 49
81464 0
81599 49
81714 54
81752 54
81928 0
81980 49
82107 0
82216 54
83149 54
83336 49
83436 49
83486 0
83826 54
83918 0
83953 54
84060 0
84302 49
84327 0
84574 54
84797 0
85176 49
85484 0
85541 49
85819 0
86203 54
86258 49
86309 49
86382 0
86390 54
86703 0
86798 54
86978 0
87016 54
87081 0
87189 49
87287 0
87328 54
87563 0
87673 54
87912 49
87993 54
88335 54
88581 0
88687 54
88697 0
88788 49
88920 54
89114 0
89155 54
89182 0
89215 54
89225 0
89303 49
89353 49
89817 0
90107 49
90774 0
90915 49
90927 49
91121 0
91143 54
91186 0
91412 49
91502 54
91583 0
91620 49
91782 0
92028 49
92078 0
92109 49
92416 49
92432 0
92570 54
93360 0
93393 54
93410 54
93421 49
93422 0
93548 54
93743 0
93794 54
93854 0
93892 54
93975 0
94009 49
94239 0
94244 54
94373 0
94393 49
94447 54
94495 0
94543 54
94943 0
95033 54
95101 54
95196 0
95368 54
95409 49
95586 54
95680 54
95711 49
95914 0
96381 49
96588 49
96775 0
96873 54
97353 0
97547 54
97550 49
98416 0
98655 54
98757 0
98806 54
98922 49
99303 54
99354 0
99643 49
99768 0
701 events for 1
86 41
230 41
504 0
603 41
650 0
866 41
1598 0
1750 41
1800 41
1860 0
1865 41
1903 0
2057 41
2282 0
2338 41
2906 0
2947 41
3181 41
3197 0
3282 41
3429 41
3604 0
3774 41
3788 0
4053 41
4302 41
4441 41
4567 41
4842 0
4881 41
4898 41
4909 41
5050 0
5210 41
5539 0
5872 41
5885 0
5970 41
6025 0
6208 41
6281 0
6440 41
6478 0
6515 41
6518 41
6552 0
6585 41
6730 0
6756 41
7103 0
7106 41
7113 0
7309 41
7443 0
7835 41
7955 41
8133 0
8347 41
8417 0
8698 41
8718 0
8830 41
9239 0
9318 41
9564 41
9762 41
9861 41
9990 41
10286 0
10355 41
10725 0
10850 41
11205 0
11350 41
12013 0
12197 41
12206 41
12300 0
12390 41
12438 0
12465 41
13223 41
13238 0
13302 41
13563 0
13758 41
13847 0
14041 41
14047 0
14400 41
14488 41
14605 0
14719 41
14924 0
14948 41
15016 41
15266 41
15582 0
15603 41
15832 0
16227 41
16311 0
16430 41
16632 0
16779 41
16893 0
17097 41
17206 0
17756 41
17894 41
17904 0
18205 41
18518 0
18579 41
18674 41
18779 0
18842 41
18890 41
18937 0
18968 41
19059 0
19108 41
19301 41
19465 0
19510 41
19532 0
19622 41
19702 0
19840 41
20227 0
20355 41
20508 0
20831 41
20927 0
20991 41
21160 41
21355 0
21511 41
21588 0
21611 41
21634 41
21742 41
21957 0
21960 41
22088 0
22438 41
22549 0
22944 41
23162 0
23213 41
23226 0
23506 41
23517 0
23705 41
23720 41
24018 0
24021 41
24099 0
24114 41
24126 41
24207 41
24341 41
24368 0
24547 41
24552 0
24693 41
24747 0
24951 41
25034 0
25262 41
25383 0
25489 41
25530 0
25584 41
25651 41
25742 41
25810 0
25814 41
26099 41
26122 0
26248 41
26255 41
26446 41
26749 0
26916 41
27393 0
27779 41
27789 41
28151 0
28213 41
28214 0
28338 41
28354 0
28379 41
28381 0
28506 41
28522 0
28779 41
28971 0
29000 41
29466 41
29632 0
29821 41
29899 0
30054 41
30094 0
30162 41
30530 0
30568 41
30610 0
30705 41
30717 0
30730 41
30767 0
30969 41
31316 0
31470 41
31745 0
31863 41
31888 0
32030 41
32596 41
32858 0
33251 41
33320 0
33687 41
33716 41
33747 41
33762 41
33778 0
33794 41
33818 0
33824 41
34007 0
34259 41
34313 0
34513 41
34575 0
34633 41
34661 0
34766 41
35039 0
35098 41
35130 0
35220 41
35590 0
35604 41
35695 41
35777 0
35800 41
35811 41
35880 0
36434 41
36494 0
36632 41
36675 0
36704 41
37241 0
37248 41
37703 0
37823 41
37974 0
37978 41
38036 41
38079 0
38366 41
38504 0
38628 41
38686 0
38966 41
39005 0
39704 41
39810 0
39887 41
40335 41
40355 0
40454 41
40668 41
40745 0
40746 41
41049 0
41113 41
41251 0
41526 41
41743 41
41866 0
42335 41
42393 0
42466 41
42716 0
42825 41
43030 41
43073 0
43156 41
43393 0
43431 41
43631 41
43784 0
43815 41
43895 41
43975 0
44521 41
44534 0
44803 41
44901 41
44930 0
45013 41
45014 41
45051 0
45113 41
45142 0
45438 41
45793 0
45848 41
45907 0
46244 41
46333 0
46439 41
46489 0
46775 41
46826 0
47064 41
47538 0
47637 41
47643 0
47773 41
47883 0
47943 41
48250 0
48576 41
48603 0
48773 41
48835 41
48881 0
48927 41
48968 0
49092 41
49099 0
49170 41
49225 41
49383 0
49442 41
49640 0
49734 41
49929 0
50108 41
50316 0
50363 41
50423 0
50425 41
50839 41
51256 0
51751 41
52185 0
52279 41
52437 0
52478 41
52576 0
52669 41
52688 0
52745 41
52777 0
52795 41
52910 0
52939 41
52951 0
53102 41
53134 41
53179 41
53426 0
53475 41
53606 41
53654 0
53702 41
53720 0
54015 41
54233 41
54263 41
54452 0
54528 41
54541 0
54571 41
54609 0
54853 41
54937 0
54943 41
54996 41
55000 0
55059 41
55064 0
55273 41
55454 41
55666 0
55711 41
55747 0
55896 41
56032 0
56173 41
56273 0
56379 41
56463 0
56482 41
56536 0
56557 41
56654 0
56698 41
57212 41
57220 0
57353 41
57502 41
57741 41
57770 41
57836 0
57879 41
58175 0
58197 41
58222 0
58406 41
58529 0
58773 41
58776 0
58825 41
58897 41
60001 41
60083 0
60350 41
60617 0
60708 41
60752 41
60847 0
61402 41
61662 0
61676 41
61773 0
62078 41
62159 0
62218 41
62436 0
62449 41
62527 0
62581 41
62614 41
62949 0
63105 41
63156 0
63228 41
63536 41
63674 0
63811 41
63898 0
64056 41
64082 0
64251 41
64320 0
64584 41
64695 41
64725 0
64826 41
64848 41
64918 0
64961 41
65656 0
65773 41
65866 0
65966 41
66487 0
66642 41
67218 0
67418 41
67493 41
67547 41
67643 41
67950 0
68042 41
68053 41
68313 0
68648 41
68859 41
69049 0
69162 41
69238 0
69240 41
69315 0
69470 41
69600 0
69821 41
70475 0
70582 41
70625 0
70689 41
70834 41
71635 0
71712 41
71956 0
72058 41
72325 0
72498 41
72504 0
72580 41
72797 0
73166 41
73521 0
73627 41
73655 0
73903 41
74157 41
74218 41
74695 41
74767 0
74898 41
74924 0
75104 41
75137 0
75247 41
75579 41
75619 0
75896 41
76029 0
76185 41
76351 41
76394 0
76468 41
76505 0
76581 41
76616 0
76761 41
76762 0
76981 41
77120 0
77191 41
77295 0
77315 41
77359 0
77391 41
77592 0
77839 41
77996 0
78148 41
78219 41
78364 0
78422 41
78435 0
78616 41
78706 41
78707 0
78960 41
79028 41
79537 0
79692 41
79812 41
79839 41
79952 41
80116 41
80143 0
80167 41
80168 41
80217 41
80307 41
80369 0
80596 41
80624 0
80762 41
80839 41
80925 41
81022 0
81056 41
81154 41
81337 0
81416 41
81519 0
81700 41
81767 0
81772 41
81792 41
81836 41
82003 0
82288 41
82437 0
82640 41
82646 41
82669 41
82738 0
83192 41
83240 41
83267 0
83299 41
83578 41
83634 0
83654 41
83781 0
83797 41
83957 0
83960 41
84031 0
84038 41
84052 41
84497 0
84563 41
84670 0
85009 41
85082 41
85127 0
85204 41
85289 0
85408 41
85790 0
85803 41
85941 0
85991 41
86083 0
86142 41
86217 41
86275 0
86719 41
86847 41
86912 0
87018 41
87177 0
87265 41
87408 0
87458 41
87614 41
87789 0
87813 41
87820 0
87907 41
88057 0
88188 41
88452 41
88710 0
88946 41
89196 41
89236 0
89331 41
89507 0
89558 41
89571 0
89603 41
89857 0
89892 41
89955 0
90000 41
90204 41
90706 0
90978 41
91293 0
91317 41
91374 0
91550 41
91553 41
91627 0
91821 41
92248 0
92251 41
92267 0
92292 41
92454 0
92580 41
92924 0
93160 41
93392 0
93441 41
93481 0
93781 41
93822 0
94134 41
94290 0
94303 41
94577 41
94586 0
94739 41
94933 0
94947 41
95002 41
95025 0
95091 41
95268 0
95511 41
95823 41
95907 0
96115 41
96176 0
96555 41
96678 0
96756 41
96945 41
96954 41
97089 0
97100 41
97205 0
97307 41
97811 41
98224 0
98269 41
98389 41
98479 0
98647 41
98674 41
99288 0
99336 41
99440 41
765 events for 2
39 84
52 84
345 0
499 84
571 0
608 84
737 84
929 85
1059 85
1246 0
1256 85
1257 85
1592 0
1639 84
1642 0
1807 84
1838 0
1934 85
2235 0
2244 84
2474 0
2593 85
2999 0
3247 84
3253 0
3360 84
3362 84
3742 0
3801 84
3869 0
3927 84
3946 0
4241 84
4274 0
4277 85
4512 85
4664 0
4834 84
4942 0
5273 85
5282 0
5316 85
5489 84
5660 84
5669 0
5692 85
5792 0
5963 84
5998 85
6010 0
6154 84
6159 0
6365 84
6484 0
6540 84
6661 0
6745 84
6753 85
6896 84
7305 0
7398 85
7467 0
7530 85
7765 0
7953 84
7995 0
8214 85
8297 85
8360 85
8403 85
8530 0
8580 84
8791 0
8949 84
8973 0
9067 84
9130 84
9465 0
9475 84
9556 84
9682 0
9806 84
9958 0
10093 84
10116 0
10139 85
10542 0
10675 85
10683 0
10912 84
11379 0
11458 85
11496 0
11617 84
11743 0
12007 85
12041 0
12044 85
12233 0
12668 84
12857 0
13086 85
13258 0
13579 85
13640 0
13667 85
13992 0
13996 85
14321 0
14374 84
14439 85
14572 84
14631 0
14686 84
14710 85
14732 0
14983 85
15213 0
15309 84
15449 85
15475 84
15646 0
16098 84
16149 84
16155 0
16210 85
16370 0
16547 84
16564 0
16782 84
16800 0
16821 85
16849 0
17052 84
17114 0
17321 84
17629 0
17819 84
17859 0
17887 84
17945 84
17961 0
18008 84
18105 0
18169 84
18427 85
18962 84
19287 0
19351 85
19414 85
19419 0
19499 85
19803 0
19941 84
20207 0
20340 84
20385 0
20449 85
20480 0
20852 84
21234 84
21293 84
21300 0
21475 84
21765 84
22172 0
22482 84
22617 85
22721 0
22808 85
22901 0
23004 84
23105 0
23167 85
23301 84
23433 85
23580 84
23662 84
23747 84
23809 84
23823 0
23914 84
24040 0
24080 84
24122 84
24162 0
24273 84
24363 0
24425 84
24426 0
24591 84
24900 0
25308 84
25340 0
25408 85
25450 0
25679 84
25888 0
26002 84
26106 84
26168 0
26411 84
26550 0
26577 84
26908 0
27077 84
27168 84
27333 0
27414 84
27651 0
27744 84
27893 0
27955 85
28240 84
28534 84
28591 84
28672 0
28695 84
29315 0
29350 84
29384 0
29427 84
29589 0
29667 85
29820 0
29915 84
29960 0
30286 84
30305 0
30422 85
30476 84
30569 85
30628 0
30649 84
30718 0
31110 84
31459 84
31546 0
31632 85
31911 0
31972 84
31994 0
32581 84
32595 0
32933 84
33136 0
33314 84
33457 0
33483 85
33549 0
33794 85
34166 0
34338 84
34345 0
34448 84
34450 0
34537 84
34604 84
34706 84
34753 0
35042 84
35576 0
35656 84
35706 0
35831 84
35937 0
36114 84
36161 0
36232 84
36449 85
36465 0
36536 85
36585 0
36851 84
37045 0
37057 85
37101 0
37243 84
37328 0
37630 84
37696 0
37748 84
38211 85
38244 0
38311 85
38356 0
38435 85
38477 84
38692 0
38943 85
38980 0
39280 84
39322 84
39597 84
39613 0
39634 84
39820 0
40027 84
40204 0
40261 84
40348 0
40383 85
40516 84
40590 0
40735 85
40736 0
40856 85
41150 0
41195 84
41566 0
42039 84
42467 0
42499 84
42517 85
42668 0
42883 84
42941 0
43020 85
43038 0
43040 85
43149 84
43164 0
43224 84
43309 0
43329 84
43514 85
43524 0
43696 85
43809 0
43884 85
44014 0
44052 85
44098 0
44306 84
44366 0
44398 84
44453 84
44716 0
44799 84
44807 0
44901 84
44930 0
44931 84
44946 0
45125 84
45292 0
45462 85
45649 0
45753 84
46003 0
46179 85
46293 85
46435 0
46444 85
46511 0
46607 85
46736 0
46889 85
46962 0
46971 85
47034 0
47323 85
47380 0
47418 84
47430 0
47490 85
47735 0
47797 84
47999 85
48244 0
48289 84
48346 0
48429 85
48486 0
48510 85
49278 84
49312 0
49327 84
49425 0
49458 85
49882 84
50180 0
50185 84
50241 0
50480 85
50694 0
50828 84
50843 0
51220 85
51236 0
51478 84
51496 0
51534 84
51747 0
51780 85
51940 0
51982 84
52094 84
52307 0
52413 84
52422 0
52570 85
52636 0
52800 85
52823 0
52962 85
52990 84
53059 0
53250 84
53330 84
53401 0
53494 85
53655 0
53701 84
53790 0
53909 84
54076 84
54490 85
54700 0
54823 84
54835 85
54988 0
55227 84
55295 84
55375 0
55526 85
55556 0
55809 84
55947 85
56376 84
56588 0
56733 85
56861 85
56994 84
57062 0
57072 84
57094 0
57161 84
57261 0
57305 84
57316 84
57383 0
57495 84
57715 85
57755 0
58016 84
58022 84
58230 0
58582 84
58762 85
58956 0
59029 84
59039 0
59391 84
59841 0
59874 84
59895 0
60141 84
60360 0
60498 84
60578 84
60632 0
60755 84
60827 0
60886 85
60915 0
61162 85
61381 84
61479 0
61610 85
61738 0
61796 84
61828 0
61845 85
61862 84
61900 0
62252 85
62314 0
62382 84
62471 85
62490 0
62711 84
62857 85
62891 0
63248 85
63263 0
63468 84
63607 0
63750 84
63793 0
63933 84
64281 0
64351 85
64419 0
64458 85
64460 0
64486 84
64601 0
64756 84
65038 0
65234 84
65886 0
65985 84
66014 0
66025 84
66114 0
66311 84
66444 0
66451 84
66466 85
66795 0
66809 84
67003 85
67052 0
67063 85
67212 0
67222 84
67240 84
67250 0
67260 84
67325 0
67404 85
67488 0
67560 84
67684 0
67706 84
67737 0
67757 84
68409 0
68480 85
68611 0
68626 84
68652 0
68668 84
68864 0
68884 84
69087 0
69098 84
69295 85
69550 0
70038 84
70244 0
70399 84
70855 0
70877 84
71216 0
71285 85
71361 84
71451 0
71560 84
71693 0
71749 85
71894 0
72060 85
72105 0
72110 84
72118 0
72155 85
72236 0
72352 84
72503 84
72627 0
72863 84
72896 0
72909 84
73000 84
73026 0
73045 85
73154 84
73189 85
73330 0
73568 84
73697 0
73710 85
73919 84
74229 0
74521 84
74540 0
74783 85
74896 0
74902 84
74956 84
75147 0
75201 84
75205 0
75680 85
75838 0
76058 84
76198 0
76323 85
76670 0
76776 84
76869 0
76997 84
77009 85
77010 0
77192 85
77209 85
77306 85
77373 0
77804 84
78235 0
78254 85
78448 0
78567 85
78685 85
78982 0
79083 84
79187 0
79447 85
79673 0
79715 84
79883 0
80201 84
80267 84
80420 0
80514 84
80520 84
80883 0
81027 85
81134 0
81391 84
81398 85
81415 0
81527 84
81531 0
81659 85
81725 0
81800 84
81814 0
82158 84
82264 0
82458 85
82566 0
82929 84
83026 0
83083 84
83552 0
83577 84
83698 0
83748 84
83764 84
83780 0
83820 85
83905 84
83909 0
83997 85
84016 0
84037 84
84207 85
84507 0
84539 85
84677 0
84679 84
84836 0
84910 85
84954 84
85244 0
85409 84
85510 0
85582 84
85676 0
85930 84
85956 0
86127 85
86187 84
86687 0
86741 85
86766 85
86783 0
86885 84
87022 85
87075 0
87409 85
87857 0
87873 85
87939 0
88090 85
88142 0
88219 84
88245 0
88383 85
88438 0
88499 85
88580 0
88588 84
88928 0
88951 85
89004 0
89206 84
89252 0
89412 84
89687 85
89719 0
89720 85
89810 84
90032 0
90059 85
90099 0
90150 84
90380 0
90528 84
90595 0
90915 84
91052 84
91199 0
91445 84
91946 0
92092 84
92162 84
92247 0
92496 84
92564 84
92605 0
92656 85
92658 0
93098 85
93396 85
93431 85
93450 84
93722 0
93923 85
94049 84
94111 0
94115 84
94203 0
94349 85
94409 0
94832 84
94920 0
94959 85
95208 0
95465 84
95611 0
95637 85
95674 85
95805 0
95879 85
95892 0
96162 85
96209 84
96589 85
96706 0
96806 84
96851 0
96985 84
97020 0
97034 85
97087 85
97090 0
97195 85
97232 84
97311 0
97389 85
97867 0
98361 85
98527 0
99002 85
99013 0
99126 84
99209 85
99253 84
99691 0
99849 84
99896 85
200 events for 3
120 83
1031 67
1108 0
1115 83
1640 0
2162 83
2653 0
2768 83
2994 0
3276 83
3561 67
4397 0
5026 67
5716 67
6003 0
6055 83
6158 83
6445 83
8463 0
8572 67
9352 0
9637 67
10095 67
10101 0
10225 67
10553 0
10899 67
11196 0
11414 83
11461 83
12119 0
12552 67
12750 67
12883 0
13145 83
13288 0
13783 67
14354 67
16027 83
16498 0
16601 67
18605 83
18902 0
19212 67
19755 0
19828 83
20095 0
20402 83
20471 0
20569 83
21390 0
21628 67
22065 67
22276 83
22383 0
22544 67
23733 67
25366 0
25420 83
25707 0
26251 83
26740 0
27533 83
28066 0
28211 83
28274 83
28316 0
28424 67
29138 0
29333 67
30625 0
31279 83
31774 0
33272 67
33375 0
34527 67
35089 0
35284 67
35833 0
35886 67
35954 0
36383 67
36526 0
37429 83
38080 83
38185 0
38593 67
39067 0
39651 67
40144 0
40240 83
41595 0
42925 67
43583 83
44453 0
44686 83
45494 0
45777 83
46334 0
46631 83
46728 0
47769 67
48051 0
48138 83
48339 0
49005 83
49232 83
49755 67
50386 0
50756 83
50774 0
51277 83
51556 83
51715 0
51896 67
52623 0
52648 83
52927 0
53288 83
53499 0
54031 67
54493 0
55009 83
55051 83
57650 83
58531 67
59276 0
59295 83
60894 0
61927 67
62206 0
62855 67
63052 0
63062 67
63625 0
64130 67
65258 83
65570 0
66698 67
68901 83
69229 0
69380 67
69555 0
69968 67
69978 0
70792 67
70925 83
71050 83
72047 0
72723 67
73093 0
74789 67
76091 0
76176 83
76823 0
76958 83
77148 67
77522 0
77628 83
78313 0
79075 67
79682 67
79939 0
79972 67
80775 0
81042 67
81762 67
81937 0
81979 83
82972 0
83159 67
83259 0
83647 83
83679 0
83970 67
84671 0
85607 67
85637 0
85842 67
85979 0
86297 67
86785 67
86992 0
87800 83
90337 0
90768 67
90936 0
91022 83
92498 83
92599 0
93270 67
94341 0
95252 83
95293 0
95864 83
97028 0
97600 83
98130 83
99449 0
99719 83
886 events for 4
19 70
117 0
122 74
468 66
526 0
527 60
532 0
668 29
709 0
714 60
727 0
783 73
869 0
952 29
981 60
1049 0
1319 42
1395 0
1422 42
1477 66
1727 0
1754 42
1775 0
1782 69
1792 60
1902 0
1973 59
2117 42
2131 73
2177 0
2238 42
2375 0
2461 70
2512 0
2610 70
2636 0
2654 74
2778 0
3077 33
3337 0
3466 42
3846 0
3983 33
4061 0
4137 73
4277 66
4327 0
4449 29
4701 0
4794 60
4853 0
4865 66
4984 0
5015 42
5339 0
5340 69
5351 0
5438 73
5635 0
5941 29
6017 29
6225 0
6228 33
6384 0
6425 66
6468 74
6654 0
6808 33
6976 70
7095 69
7178 0
7290 42
7342 0
7514 42
7519 0
7525 42
7572 0
7624 70
7719 0
7839 59
7862 0
8055 66
8125 0
8327 66
8344 0
8543 59
8720 42
8867 69
8873 0
9225 33
9319 73
9633 0
9651 66
9721 0
9822 59
9852 0
9948 59
9973 0
10025 59
10066 29
10067 59
10079 0
10356 73
10367 0
10386 59
10506 0
10537 59
10666 70
10877 0
10897 73
11112 0
11221 42
11368 0
11422 73
11424 29
11578 0
11953 73
12116 74
12192 0
12193 73
12608 60
12633 0
12900 73
12912 0
12952 70
12982 59
13062 0
13079 70
13178 0
13220 59
13287 0
13409 73
13610 0
13626 69
14040 0
14047 70
14078 0
14337 33
14458 0
14482 33
14630 69
14800 0
14874 73
14933 66
14949 0
15311 42
15328 0
15358 59
15565 70
15598 73
15673 0
15746 42
15910 74
15986 0
16039 33
16072 0
16138 60
16216 0
16220 33
16352 0
16654 42
16666 0
16802 74
16816 0
16916 69
16966 33
17017 74
17242 0
17472 29
17817 66
17818 0
17971 69
18240 29
18481 0
18724 74
18738 0
18821 66
18867 0
18868 66
18892 0
18965 29
19069 0
19242 33
19345 33
19421 0
19546 74
19553 0
19620 59
20057 0
20146 73
20236 0
20335 59
20499 0
20802 69
21074 0
21901 66
22370 0
22455 66
22756 73
22835 29
22870 0
22893 60
23245 0
23503 59
23654 33
23664 0
23914 59
23927 0
24239 42
24273 0
24947 33
24993 0
25045 73
25093 0
25243 29
25268 0
25387 74
25409 33
25460 0
25470 33
25490 0
25564 60
25576 74
25630 66
25722 0
25807 74
25837 33
25920 0
25985 59
25992 0
26160 42
26228 66
26425 69
26674 0
26747 59
26769 69
26871 59
27051 0
27104 59
27132 59
27173 0
27216 42
27324 0
27358 73
27483 0
27699 66
28037 70
28094 0
28200 73
28332 33
28510 60
28545 0
28913 74
29002 0
29021 66
29022 0
29070 74
29146 74
29241 33
29245 0
29329 42
29334 0
29367 73
29553 0
29554 59
29623 0
29848 74
29860 0
29954 59
30295 0
30370 73
30432 0
30600 33
30646 0
30853 69
30938 0
30959 70
31099 0
31174 59
31453 0
31484 73
31610 0
31861 69
31886 0
31915 69
32445 33
32621 66
32622 0
32652 33
32689 0
32816 74
32831 0
32846 69
32988 0
33034 70
33041 0
33099 42
33158 0
33240 59
33308 66
33344 0
33534 60
33647 0
33888 59
33907 0
34263 66
34281 0
34378 29
34380 59
34779 0
34896 70
35021 0
35026 33
35097 73
35134 0
35158 70
35162 0
35212 60
35235 0
35496 42
35704 0
35715 42
35718 0
35946 42
36267 0
36372 42
36730 69
36741 0
36817 60
36913 0
37064 69
37138 66
37329 0
37418 73
37615 69
37738 0
37824 42
38479 0
38800 69
39029 0
39104 74
39118 0
39122 70
39196 0
39324 60
39686 0
39757 59
40222 0
40372 33
40477 0
40539 69
40685 0
40698 69
40778 66
40797 0
40985 42
41035 0
41191 74
41375 0
41394 73
41446 0
41594 66
41680 0
41801 70
41817 0
41916 66
41974 70
42198 0
42419 69
42426 0
42528 60
42821 0
42920 74
43122 0
43153 59
43297 0
43309 29
43433 0
43441 29
43477 60
43483 0
43686 33
43824 69
43972 0
44309 60
44368 0
44425 42
44730 0
44880 60
44971 0
45073 59
45141 0
45271 60
45317 33
45474 73
45521 0
45648 70
45703 0
45840 70
46065 60
46365 0
46366 59
46428 59
46451 0
46531 29
46643 0
46786 42
46913 66
46922 0
47074 42
47146 73
47239 0
47265 73
47313 0
47656 66
47997 74
48020 73
48105 29
48148 74
48264 0
48492 33
48554 0
48642 42
48736 0
48899 42
49064 0
49148 70
49208 0
49259 74
49351 0
49369 60
49378 0
49496 66
49562 0
49651 74
49722 73
49734 0
49766 29
49893 0
49901 66
49953 0
50049 69
50148 0
50413 66
50558 0
50667 66
50698 0
51037 33
51041 0
51116 59
51295 59
51329 0
51396 60
51414 0
51568 70
51932 69
52074 29
52085 0
52167 69
52260 0
52557 59
52637 0
53093 69
53202 60
53516 0
53551 29
53583 0
53626 59
53691 0
53885 66
53886 42
53891 0
54023 60
54079 0
54191 69
54213 0
54214 60
54228 0
54465 42
54618 60
54746 0
54806 29
54862 0
54924 59
55016 0
55053 66
55075 59
55305 0
55311 42
55347 0
55363 33
55492 42
56011 66
56160 0
56439 33
56466 29
56622 0
56649 66
56769 33
56854 0
56875 42
56979 73
57031 0
57062 66
57193 0
57196 69
57355 33
57360 0
57368 74
57462 69
57573 0
57765 66
58043 0
58078 60
58339 66
58350 0
58520 66
58556 0
58626 60
58734 0
58832 60
58926 0
59332 66
59345 0
59392 60
59484 42
59522 0
59574 73
59640 66
59782 0
59812 73
59819 0
59956 33
60108 60
60165 0
60315 33
60355 0
60459 69
60700 0
60702 59
60887 0
61165 70
61297 42
61306 0
61336 29
61422 0
61468 59
61683 0
61769 33
61878 0
61941 42
62150 0
62255 42
62323 42
62349 0
62398 70
62406 0
62447 60
62556 69
62560 0
62625 33
62680 69
62708 0
62734 29
62830 0
62886 59
62887 0
63077 59
63085 0
63253 69
63274 0
63622 73
63667 70
63681 0
63695 60
63766 0
63879 69
64060 0
64061 69
64106 66
64284 0
64293 66
64461 0
64521 69
64558 0
64598 29
64629 0
64687 33
65379 60
65530 0
65632 70
65686 0
65688 74
65774 29
65935 29
66117 0
66212 29
66221 0
66501 74
66549 0
66590 74
66652 0
66662 59
66668 0
66694 70
66727 0
66808 59
67111 0
67244 74
67265 0
67302 33
67324 66
67821 73
67878 0
67890 33
67916 0
67962 66
67998 0
68094 42
68165 0
68198 33
68253 0
68414 74
68501 0
68587 60
68606 33
68730 73
68795 33
68807 0
69362 60
69564 0
69566 60
69630 0
69656 42
70105 0
70130 29
70132 60
70241 0
70384 69
70452 0
70538 29
70630 69
70665 0
70779 59
70825 0
70928 59
70952 0
71239 59
71338 73
71444 0
71554 33
71564 0
71779 29
71949 0
72268 66
72366 74
72395 0
72462 60
72500 0
72654 60
72770 0
72846 70
72975 0
73085 73
73507 0
73581 73
73633 0
73979 59
74084 0
74111 29
74139 0
74275 60
74353 0
74664 66
74733 0
74741 59
74892 29
74906 42
75020 0
75213 59
75278 0
75308 29
75376 0
75477 69
75517 0
75574 74
75653 0
75678 59
75750 0
75801 29
75987 0
76050 33
76112 0
76611 74
76760 0
76777 42
76800 33
77041 0
77086 69
77137 0
77358 69
77626 0
77630 29
77783 0
78159 73
78175 59
78272 0
78285 60
78327 0
78580 29
78663 0
79052 69
79125 0
79319 33
79462 0
79663 73
80228 42
80397 0
80627 42
80797 69
80997 0
81000 69
81175 29
81270 0
81317 66
81414 0
81600 59
81633 0
81805 33
82028 0
82072 73
82130 0
82227 42
82280 0
82378 73
82381 0
82402 33
82517 0
82705 70
82849 0
82879 69
82893 59
82969 0
83433 59
83755 0
83772 66
83977 0
83993 42
83997 0
84155 66
84235 0
84274 29
84364 29
85112 0
85490 66
85495 0
85709 59
85712 29
85724 70
85760 42
85765 0
85845 42
85853 0
85901 29
85973 0
86189 42
86499 0
86736 66
86964 0
86979 70
87256 0
87283 66
87423 29
87440 74
87565 0
87731 29
87805 0
88067 73
88075 42
88137 0
88295 69
88356 0
88603 69
88649 0
88777 33
88839 60
88922 60
89135 0
89140 74
89188 0
89237 74
89337 0
89476 70
89548 0
89884 69
89886 59
90017 0
90093 70
90297 0
90386 42
90400 0
90450 33
90453 0
90477 42
90534 0
90564 70
90615 0
90661 66
90915 0
90992 59
90996 0
91272 42
91283 0
91537 33
91720 0
91778 42
91877 0
91941 70
92010 0
92042 69
92066 0
92139 42
92364 0
92902 66
93034 29
93041 33
93332 29
93504 0
93539 42
93704 0
93802 59
93879 0
93930 60
94223 0
94276 42
94354 0
94358 66
94447 0
94529 70
94562 66
94749 0
94925 70
94982 0
95125 66
95199 0
95261 66
95578 0
95971 33
96344 0
96415 73
96441 42
96549 0
96642 59
96680 74
96980 70
97241 0
97281 42
97298 60
97474 29
97526 0
97546 73
97634 33
97688 0
97723 60
97727 42
97998 33
98077 0
98117 66
98127 0
98168 69
98258 69
98411 0
98459 69
98500 0
98623 69
98695 0
98706 73
98710 0
98738 70
98905 0
98973 29
99046 0
99272 69
99300 0
99615 59
99755 69
262 events for 5
370 58
890 0
1406 58
1999 0
2220 42
2299 0
2839 80
3056 0
3219 80
4939 0
5872 58
6060 0
6074 80
6114 50
6360 0
6367 80
6856 42
6881 0
7080 80
7321 0
7378 80
7426 0
7450 58
7898 0
8342 42
8583 0
8628 42
9362 0
10452 50
10614 0
10632 80
10661 50
10990 42
11884 0
12213 42
12751 0
12756 42
12938 0
13784 58
15238 0
16250 50
16320 80
16481 0
17481 50
18413 0
18928 80
18985 42
19505 0
19917 58
20288 58
20491 0
20813 50
21137 0
21163 58
21241 0
21374 80
21702 50
21920 58
21969 58
22003 50
23200 0
23546 42
23654 0
23853 42
23876 42
24056 0
24112 80
24596 42
25885 80
27303 0
27331 42
27661 0
28468 42
29349 0
29374 50
29573 50
30385 80
30874 0
31141 80
31276 50
31288 50
31405 0
31465 80
31714 0
32513 50
32545 0
32730 50
32762 0
33191 50
33686 0
33985 50
34023 80
34373 0
34509 42
34569 80
34670 0
36229 50
36900 50
37013 0
37483 42
37656 0
38220 50
38244 0
38305 42
38373 0
38479 42
38527 0
38562 80
38745 0
39327 42
40528 0
41149 42
41331 0
41373 50
41710 0
42123 42
43237 0
43299 42
43659 80
43835 58
44076 0
44217 58
45185 42
46074 42
46099 0
46285 50
46328 0
46921 50
47135 80
47220 0
47380 80
48378 0
49315 42
49526 0
49580 80
49584 80
49860 0
50359 42
50881 50
52854 0
53169 50
53490 0
53862 80
54751 0
54860 80
56156 0
56394 80
56495 0
56568 42
56652 42
57068 0
57311 50
58229 0
58939 42
59198 0
59297 50
59643 0
60058 50
60709 0
61794 80
62503 0
63303 50
63454 80
63633 0
65340 50
65453 42
65673 0
65767 80
66239 0
66459 58
67309 0
67329 58
67776 0
67847 50
68286 0
68493 42
68643 0
68794 80
68842 0
69484 50
69541 50
69750 50
69891 0
70396 58
71580 0
71686 80
71878 0
73064 80
73619 0
73643 42
74167 0
74256 50
74310 0
75162 58
75209 0
75675 80
76374 0
76485 42
76488 50
77347 80
77696 58
78360 80
78568 0
78768 50
78771 42
78775 58
78850 0
78943 58
79122 0
79892 50
80022 0
81046 80
81126 0
81602 50
82615 50
82828 42
82911 0
83075 42
83212 0
83716 50
83722 0
83773 50
84222 58
84665 0
85243 58
85574 0
86122 80
86395 0
86516 80
86578 58
86676 0
86850 42
87930 0
88498 58
88503 0
88550 80
89658 0
91410 58
91918 50
92007 0
92115 80
92663 0
92667 58
92685 42
92708 0
92762 58
93085 0
93449 80
93665 0
93749 42
93927 80
94309 0
95194 80
95260 0
95735 80
95742 50
97336 0
97703 80
98326 50
98706 0
98916 50
99088 0
219 events for 6
284 14
792 21
969 0
1128 14
4821 0
5368 15
5442 0
6145 21
6501 0
6627 15
6694 0
7087 13
7675 0
9458 14
9616 21
9936 0
11736 14
11936 0
12659 15
12799 0
13172 19
13596 0
14221 16
14548 14
15033 19
15254 15
15368 0
15995 21
16585 0
17198 14
17798 0
18488 14
19195 0
19812 13
20757 15
22060 14
22291 0
22587 19
23109 0
23232 13
23449 14
23803 0
23843 13
23919 0
24132 14
24741 0
25123 16
25751 16
25819 0
26001 14
26157 0
26851 13
27167 15
27477 13
27919 0
28042 21
28244 0
28353 15
28546 14
29745 0
31919 14
32132 0
32657 15
32802 0
32951 14
33603 0
34488 13
35100 14
35139 15
35145 0
35262 14
35370 0
35471 13
35728 0
35810 19
36313 0
36364 13
37358 0
37445 16
38058 0
38067 14
38340 0
38487 21
39752 0
39786 15
40101 0
40246 13
40766 0
40963 19
41252 0
41356 14
41980 14
42085 0
42523 16
42909 14
43024 13
43296 14
43750 0
44027 14
44057 15
44383 16
44541 0
44590 15
44617 13
45105 0
45279 13
45356 14
45780 15
46311 15
46495 14
46600 0
48030 21
48399 0
49058 19
50051 0
50321 14
50503 0
50905 15
51262 0
51292 19
52388 0
52816 14
53062 14
53321 0
53902 15
54204 0
55007 14
55024 0
55082 15
55968 14
56960 0
57144 21
57446 0
57929 19
58993 0
59218 16
59733 0
60085 21
60759 0
61152 19
61711 0
61731 21
61913 0
62580 14
62713 0
63285 16
64756 0
64965 19
65393 0
65660 14
66195 0
66288 13
66575 0
66955 14
67323 0
67776 15
68116 0
68636 14
69288 13
69645 0
70108 21
70179 0
70279 14
70521 14
71362 0
71509 19
71784 0
72152 19
72715 14
73353 14
74463 0
75351 21
75559 0
78139 16
78252 0
79244 14
79374 0
79500 15
79930 19
81530 0
82193 14
83339 0
83508 16
83580 0
83785 15
84126 0
84201 14
85316 0
86507 19
87093 16
87455 15
87869 14
88808 0
88979 13
90336 14
91000 0
91053 16
91201 0
91453 13
91824 0
91889 21
91910 0
91954 21
92523 0
92652 15
92726 16
92950 0
92953 15
93001 0
93873 14
94044 14
94632 0
94779 19
96390 19
96500 13
97154 16
98277 0
99522 15
99698 0
996 events for 7
17 15
56 0
71 15
116 0
135 16
151 0
269 14
573 0
626 15
646 0
726 14
727 0
1192 16
1208 0
1325 14
1364 0
1517 14
1767 0
1776 15
2023 14
2322 0
2342 15
2556 0
2636 14
2775 0
2857 14
2949 0
2955 14
3285 0
3322 14
3364 0
3408 14
3441 0
3571 14
3653 14
3768 0
3966 14
3972 0
4211 16
4576 0
5127 14
5142 0
5189 14
5308 14
5309 14
5437 14
5471 14
5597 15
5669 16
6139 14
6290 0
6405 14
6474 0
6876 14
6894 0
7554 14
7657 0
7698 14
7718 0
7820 14
7824 14
7851 0
7902 14
7924 0
8127 14
8150 0
8342 15
8456 14
8469 0
8470 15
8490 14
8499 0
8698 16
8757 0
8766 16
8845 0
8983 14
9106 0
9266 15
9330 0
9340 14
9354 0
9409 14
9852 0
10002 15
10219 0
10247 14
10308 0
10337 14
10401 15
10542 0
10728 14
10746 16
10817 14
10871 0
10942 16
10972 16
11064 0
11107 14
11167 15
11218 14
11276 0
11306 14
11381 0
11558 16
11656 0
11709 15
11717 0
11920 14
12197 0
12392 14
12436 0
12597 16
12651 14
12666 14
12710 0
12725 14
12896 14
12984 0
13207 15
13224 0
13373 14
13476 0
13492 14
13637 0
13855 14
13956 0
13971 14
13979 14
14050 14
14117 0
14258 14
14307 0
14317 14
14338 14
14581 0
14620 16
14640 14
14721 0
14777 14
14782 0
14844 14
14920 0
14944 14
15086 0
15324 14
15340 0
15418 14
15544 0
15760 14
15775 14
15904 14
15972 0
16004 14
16015 0
16041 14
16076 0
16173 14
16233 0
16483 15
16525 15
16534 0
16650 16
16956 0
16994 14
17029 0
17101 15
17259 14
17262 14
17335 0
17510 16
17519 0
17567 14
17588 0
17598 16
17706 0
17863 14
17928 0
18064 16
18086 0
18088 14
18146 0
18152 16
18164 0
18217 14
18241 0
18244 14
18333 0
18337 14
18431 0
18594 14
18738 14
18908 0
19021 15
19457 0
19484 14
19617 0
19687 16
19698 0
19939 14
19977 0
20047 16
20085 0
20143 14
20226 14
20652 16
20661 14
20686 0
20732 15
20756 0
20886 16
21031 0
21356 16
21357 14
21743 15
21919 0
22148 14
22363 0
22513 14
22558 14
22609 15
22745 15
22803 0
22835 16
22876 0
22934 15
23019 15
23391 0
23410 16
23455 16
23568 0
23620 14
23774 0
23814 14
23999 14
24087 0
24245 15
24254 14
24337 0
24381 14
24427 0
24436 14
24522 0
24625 15
24655 0
24677 14
24916 15
24963 0
25022 14
25064 0
25246 14
25270 0
25382 14
25387 0
25434 16
25538 14
25623 0
25628 14
25652 16
25674 0
25683 15
25759 0
26035 14
26317 0
26405 14
26554 0
26581 14
26633 0
26708 14
26864 0
26945 14
26962 0
26984 14
27116 15
27129 0
27140 16
27176 15
27216 15
27307 14
27314 0
27460 15
27542 0
27572 15
27628 16
27647 0
27716 14
27970 0
28225 14
28423 14
28589 0
28614 16
28648 0
28665 14
28749 16
29068 14
29175 15
29185 0
29269 14
29350 0
29381 14
29539 0
29575 15
29778 0
29841 14
29848 0
29853 14
29921 0
30093 14
30216 0
30217 16
30302 14
30465 0
30491 14
30503 14
30510 0
30581 16
30842 14
30848 0
30865 15
30888 0
31031 16
31139 0
31222 14
31383 14
31571 0
31965 14
32005 0
32343 15
32362 0
32470 15
32591 16
32725 0
32805 14
32945 0
32994 16
33102 14
33153 15
33732 0
33737 14
34037 14
34138 0
34140 14
34154 0
34160 14
34282 0
34316 14
34565 0
34780 15
34832 14
34863 14
34975 14
35001 0
35014 14
35109 0
35319 14
35376 0
35490 14
35626 15
35717 0
35891 14
35925 14
35952 0
36012 15
36077 0
36137 14
36148 0
36165 16
36228 14
36372 0
36378 14
36533 0
36569 14
36682 0
36879 15
37143 0
37389 15
37891 0
37953 16
38169 15
38181 14
38240 15
38352 0
38562 14
38838 0
38978 15
38998 0
39031 14
39069 0
39185 14
39210 0
39332 16
39572 0
39595 14
39637 16
39812 0
39838 14
39863 14
40016 0
40239 14
40333 16
40407 0
40429 14
40669 0
40749 14
40927 14
41467 14
41483 16
41616 0
41692 14
41842 0
41960 14
41962 14
42015 0
42021 14
42144 0
42210 14
42264 0
42613 14
42997 14
43222 15
43264 15
43394 0
43481 15
43530 0
43614 15
43988 0
44009 14
44218 0
44314 14
44384 0
44433 15
44434 14
44569 14
44999 0
45083 15
45199 0
45289 16
45309 14
45361 0
45423 14
45507 15
45531 0
45555 14
45980 0
46193 14
46401 0
46411 14
46455 14
46504 0
46542 14
46962 0
47016 15
47175 0
47179 16
47282 0
47415 14
47651 0
47791 16
47864 14
47912 15
48139 15
48191 0
48208 15
48219 0
48513 14
48759 0
48813 14
48877 0
48905 14
48911 0
49019 14
49188 0
49335 14
49462 16
49502 0
49790 14
49888 0
50025 16
50312 0
50326 16
50358 14
50567 15
50646 16
50709 0
50717 14
50856 16
50975 0
51012 14
51257 0
51304 14
51318 16
51398 0
51430 15
51622 0
51682 15
51818 0
51892 14
52043 14
52167 0
52198 14
52267 0
52488 14
52618 0
52735 14
52763 0
52814 14
52823 0
52855 15
53079 0
53156 14
53175 14
53179 0
53274 14
53611 14
53634 0
53756 16
53782 0
53867 14
53868 0
54075 14
54261 0
54307 14
54369 0
54630 14
54819 0
54865 14
54913 0
54971 16
54999 0
55387 14
55489 0
55509 16
55537 0
55692 14
55792 0
55847 14
55882 14
56016 0
56059 14
56136 0
56182 14
56215 0
56236 15
56453 15
56641 0
56646 16
56732 0
56816 15
56847 14
56966 0
57000 14
57298 15
57337 0
57426 14
57489 0
57502 14
57529 0
57577 14
57612 0
57617 14
57769 0
58001 16
58012 0
58016 14
58175 0
58267 16
58522 0
58598 14
58617 0
58640 14
58749 0
58785 15
58786 14
58897 0
58964 16
58983 0
59161 14
59171 0
59242 14
59406 0
60032 14
60171 15
60188 14
60277 0
60413 14
60497 0
60520 14
60526 0
60620 14
60723 0
60775 14
60800 0
60828 14
60927 0
60978 14
61003 0
61157 16
61178 14
61209 14
61219 14
61249 0
61262 14
61431 0
61435 14
61525 16
61718 0
61876 14
61926 14
62163 0
62292 14
62300 0
62308 15
62311 0
62382 14
62387 0
62389 14
62500 16
62639 0
62673 14
62742 14
63075 0
63107 15
63143 0
63318 16
63417 0
63683 14
63763 14
64094 0
64118 14
64293 0
64424 14
64451 0
64488 14
64635 0
64733 14
64808 0
64838 14
65160 0
65231 16
65300 15
65339 14
65458 0
65481 14
65498 0
65502 14
65662 0
65760 16
65866 0
65873 16
65893 0
65895 16
65903 14
66124 0
66128 15
66196 0
66223 14
66434 14
66493 0
66528 14
66550 14
66608 0
66642 15
66702 16
66722 14
66728 0
66923 15
67033 14
67110 14
67172 0
67460 16
67609 0
67749 14
67919 0
67946 14
68027 0
68081 14
68103 14
68115 14
68120 0
68136 15
68233 0
68242 16
68492 14
68593 0
68653 14
68782 15
68786 14
68916 14
69041 0
69062 15
69262 0
69357 14
69383 0
69462 14
69536 0
69657 15
69699 0
69743 15
69812 15
70065 14
70386 0
70400 16
70434 0
70517 14
70564 14
70585 0
70762 16
70898 14
70919 0
70966 14
71061 0
71217 14
71232 0
71264 14
71305 0
71316 14
71505 0
71531 15
71542 15
71631 0
71725 14
71742 16
71784 0
71809 14
71830 15
72084 0
72301 15
72367 14
72393 14
72571 0
72603 14
72666 0
72692 14
72703 0
72994 16
73006 14
73029 15
73103 0
73132 16
73284 0
73541 14
73571 0
73580 14
73678 0
73769 14
73847 0
73884 14
74202 14
74308 0
74346 16
74459 0
74854 16
74862 0
75066 14
75157 0
75322 16
76220 14
76248 0
76412 14
76531 0
76571 14
76620 0
76741 15
76754 0
77191 14
77286 16
77579 14
77581 0
77625 15
77647 0
77947 14
78159 0
78219 14
78313 0
78334 16
78432 0
78433 14
78629 0
78648 16
78728 14
78730 0
78746 14
78834 0
78848 14
78964 0
78978 15
79003 0
79065 14
79266 0
79357 16
79399 0
79411 14
79427 0
79540 14
79579 16
79654 14
79881 0
80168 16
80312 16
80537 0
80703 14
80811 0
80960 16
81090 14
81143 0
81258 14
81429 14
81622 0
81664 14
81895 0
81898 14
81914 14
81972 0
82028 15
82182 0
82193 14
82214 14
82276 0
82299 14
82312 16
82344 0
82395 14
82428 0
82473 14
82727 0
82969 14
83183 0
83186 16
83211 0
83259 14
83483 15
83606 14
83615 0
83639 14
83712 16
83741 14
83936 0
84108 16
84404 14
84506 0
84622 14
84640 0
84814 16
84987 14
85209 0
85220 14
85234 0
85504 14
85525 0
85608 14
85704 0
85828 14
85869 16
85889 0
85944 14
86156 0
86200 15
86208 0
86220 16
86373 0
86390 14
86500 0
86557 14
86607 0
86628 14
86694 0
86791 16
86881 0
86885 14
87045 0
87083 16
87256 0
87349 15
87429 14
87588 0
87649 14
87668 0
87777 14
87839 0
87858 14
87988 0
87992 14
88002 0
88026 14
88350 0
88376 14
88384 14
88400 16
88544 0
88556 14
88670 0
88680 14
88836 14
88887 0
89114 14
89152 0
89169 15
89188 14
89307 0
89419 15
89517 14
89834 14
89841 16
89954 0
90015 14
90042 0
90116 14
90122 0
90257 16
90551 0
90749 14
90894 0
91091 15
91158 0
91386 16
91398 0
91423 15
91532 0
91913 14
92069 14
92320 0
92365 14
92386 0
92436 14
92544 0
92828 15
92865 14
92881 0
92974 14
92975 0
93096 14
93220 0
93327 15
93371 14
93538 0
93556 14
93703 0
93805 14
93995 14
94016 14
94185 0
94320 14
94664 0
94973 14
95232 0
95328 14
95336 0
95355 16
95497 0
95566 14
95744 0
95764 14
95918 0
96152 14
96176 0
96214 14
96217 0
96278 15
96281 0
96318 16
96389 0
96440 14
96447 0
96484 14
96600 15
97022 0
97095 14
97149 0
97159 16
97164 15
97244 0
97386 16
97599 0
97733 14
97769 0
97786 15
97995 0
98090 14
98224 0
98375 14
98559 0
98562 16
98731 0
98826 14
98853 0
99017 14
99022 0
99031 15
99100 16
99118 0
99134 14
99290 0
99483 14
99866 0
99872 14
99904 0
601 events for 8
292 53
359 68
436 0
518 50
596 0
638 50
668 0
722 53
765 0
837 50
845 50
1079 0
1087 68
1134 73
1335 51
1407 68
1472 0
1558 68
1563 0
1976 53
1984 0
2038 53
2376 0
2444 68
2633 0
2803 51
2849 0
2906 51
3350 0
3366 75
3442 0
3449 75
3709 0
4231 53
4283 0
4369 51
4430 51
4483 0
4568 53
4951 0
4971 75
5003 0
5033 53
5568 0
5668 75
5747 53
5943 0
6111 73
6136 0
6161 73
6307 0
6484 68
6762 0
7545 68
7738 0
8102 75
8282 0
8345 75
8428 0
8430 73
8632 0
9009 68
9026 0
9118 53
9360 0
9372 50
9869 0
10270 50
10583 0
10803 53
11053 0
11202 53
11308 0
11641 51
11674 51
12031 0
12240 50
12255 75
12303 75
12425 0
12433 75
12656 73
12804 50
13320 53
13484 0
13683 75
13750 0
13986 53
14432 53
14442 0
14830 53
14918 50
15027 53
15029 73
15298 0
15371 51
15433 73
15478 0
15560 53
15623 0
15741 68
15849 0
16474 53
16614 0
16639 68
16692 0
16902 73
17001 0
17219 53
17270 0
17354 68
17389 53
17451 68
17686 0
17715 53
17801 0
18053 50
18098 0
18629 68
18941 0
19326 53
19470 0
19629 75
19909 68
20296 0
20491 68
20493 0
20509 53
20542 0
20838 68
21239 0
21388 53
21442 75
21468 68
21515 0
21635 51
21711 68
21771 50
21813 68
21857 53
21914 0
22068 68
22087 0
22144 53
22286 0
22291 53
22470 0
22603 73
22869 0
23410 68
23461 0
23662 73
23689 53
23835 73
23844 68
23914 0
24042 53
24077 68
24329 0
24409 75
24420 0
24576 53
24597 0
24625 68
24855 0
25042 53
25164 0
25209 50
25469 0
25502 53
25601 0
25822 68
25906 73
25991 0
26013 53
26097 0
26133 50
26241 0
26307 73
26531 0
26678 68
26754 0
26982 68
27069 0
27387 68
27394 0
27428 75
27570 0
27618 50
27670 68
27736 0
27959 68
28039 0
28257 68
28340 0
28578 68
28924 0
29036 68
29429 0
29433 53
29461 0
29464 68
29608 0
29822 51
30225 73
30309 0
30396 68
30483 68
30632 0
30998 50
31510 0
31558 53
31689 0
31716 51
31978 75
32224 0
32244 73
32430 0
32570 53
32591 0
32838 68
32869 0
32970 53
33024 68
33544 0
33591 75
33868 0
34102 75
34168 0
34194 53
34222 0
34368 68
34375 0
34492 68
34541 0
35030 68
35338 0
35666 50
35768 68
35811 73
36041 0
36257 75
36359 53
36360 0
36578 68
36821 0
36874 68
36895 0
37213 53
37314 75
37318 0
37463 50
37645 0
37862 53
38154 0
38555 68
38642 0
38787 53
38976 0
39231 75
39241 0
39443 73
39534 0
39666 53
39668 0
39957 75
40087 0
40115 68
40796 53
40949 73
40999 0
41020 75
41243 73
41489 0
41718 68
41839 0
41954 50
42138 53
42178 0
42237 73
42371 0
42498 68
42615 51
42872 0
43051 75
43273 0
43304 51
43411 0
43468 75
43479 68
43515 0
43835 68
44409 0
44529 68
44537 0
44585 50
44635 73
44636 50
45184 51
45551 0
45677 53
45953 0
46049 50
46218 0
46232 50
46266 0
46414 73
46441 0
46548 53
46582 0
46809 68
46837 0
46872 53
47306 68
47377 51
47399 51
47439 51
47520 73
47672 0
48106 68
48136 68
48214 0
48275 68
48456 0
48510 68
48669 50
48977 68
49398 0
49482 73
49600 0
49967 68
49998 0
50268 50
50774 0
50839 53
50901 0
50905 73
50941 0
51652 53
51920 0
52121 53
52334 68
52361 0
52480 53
52557 50
52576 68
52592 51
52627 0
52681 53
52919 0
53235 51
53420 53
53461 0
54023 53
54064 0
54092 51
54366 68
54376 0
54758 53
54814 0
54889 51
54966 75
55206 0
55220 68
55248 53
55343 0
55747 53
55838 0
56015 68
56089 0
56185 53
56242 0
56272 53
56432 0
56554 53
56647 73
56812 68
57006 53
57183 0
57446 53
58086 53
58588 0
58921 68
59304 0
59451 53
59469 0
59651 50
59859 51
60267 0
60320 51
60452 53
60492 0
60774 68
60821 0
61281 53
61356 0
61523 75
61573 0
61582 50
61670 0
62179 73
62268 0
62781 53
62853 0
62930 53
63048 0
63371 68
63372 53
63673 0
63929 75
64379 0
64525 51
64543 68
64755 0
64774 51
64834 53
64849 0
64986 68
65207 0
65362 51
65473 0
65636 50
65718 0
65771 51
65911 0
65965 68
66466 0
66635 50
66706 0
66868 53
66952 0
67026 73
67138 0
67175 73
67465 0
67730 68
67759 0
67810 53
67894 0
67968 53
68052 53
68390 0
68605 50
69040 53
69283 0
69822 50
70221 0
70606 68
70657 0
70659 53
71076 68
71331 50
71669 75
72060 75
72703 0
72790 50
72843 0
72943 51
73164 0
73280 75
74081 0
74091 50
74388 50
74451 0
74584 53
74714 75
74807 0
75187 51
75473 0
75599 53
75789 68
75941 51
76400 0
76607 50
76663 0
76784 73
76889 53
77135 0
77371 68
77415 0
77913 73
77966 53
77996 0
78130 53
78166 0
78256 68
78261 0
78342 53
78343 68
78368 0
78477 75
78595 0
78748 51
78817 0
79257 68
79277 0
79370 53
79549 73
79650 0
79760 50
80017 0
80208 68
80257 0
80395 68
80497 0
80830 51
80873 68
81037 0
81377 73
81588 53
81803 0
82128 53
82291 51
82359 0
82386 68
82607 0
82893 51
83319 0
83497 53
83621 0
83813 51
83887 0
84294 68
84389 53
84402 53
84619 0
84768 50
84808 0
84832 68
84889 0
84954 51
85009 53
85085 0
85151 73
85309 0
85627 50
85668 50
85909 0
85943 68
86040 0
86114 68
86329 0
86387 68
86401 0
86421 73
86660 0
86752 75
86808 0
86950 73
87001 0
87078 68
87225 0
87564 53
87841 0
87984 75
87998 0
88343 53
89451 0
89672 68
90192 0
90437 53
90637 0
90918 68
91021 68
91093 53
91100 0
91353 50
91375 0
91591 68
91939 0
91980 50
92481 0
92814 51
93090 0
93104 68
93199 0
93217 50
93274 73
93347 68
94250 0
94360 50
94372 0
95765 73
96100 0
96497 73
96571 73
96716 0
96834 75
97005 0
97020 68
97111 0
97406 51
98068 0
98830 68
98885 75
99050 0
99172 68
99290 0
99295 53
99497 0
99947 53
876 events for 9
166 77
197 81
232 0
442 81
584 77
677 0
749 81
861 77
915 0
920 81
952 0
1144 80
1158 81
1166 81
1214 0
1343 80
1494 77
1891 0
2009 77
2040 0
2068 80
2120 0
2206 81
2294 0
2381 81
2594 0
2653 81
2711 0
2830 80
2849 0
2851 80
3223 0
3378 81
3383 0
3775 80
3923 0
4248 77
4310 0
4444 80
4463 80
4870 80
4956 0
5309 81
5333 81
5408 80
5444 77
5534 80
5740 0
5756 77
6131 77
6189 0
6223 80
6352 0
6471 81
6571 77
6626 0
6635 80
6706 81
6756 80
6942 0
6966 81
7107 0
7134 77
7139 80
7146 81
7162 77
7172 0
7201 81
7214 0
7472 81
7565 77
7625 81
7650 80
7714 80
7772 0
8084 80
8339 0
8562 81
8699 0
8760 81
8786 80
8832 0
8941 81
9062 80
9089 0
9329 81
9376 0
9633 80
9740 0
9867 77
9879 0
9967 81
10111 81
10426 0
10960 81
11001 0
11005 77
11014 0
11079 81
11120 0
11136 80
11182 0
11200 80
11309 0
11314 80
11520 77
11565 81
12100 81
12172 0
12182 80
12307 0
12396 81
12489 0
12601 80
12618 0
12729 80
12733 0
12780 80
12822 0
12908 77
12952 81
13060 0
13137 77
13210 0
13311 81
13330 80
13342 81
13362 0
13370 81
13447 0
13599 81
13613 80
13652 0
13878 77
13884 0
13892 81
13917 0
13953 77
14086 80
14268 81
14327 80
14363 0
14500 77
14708 81
14853 80
15044 0
15129 81
15133 0
15444 77
15526 0
15576 81
15578 0
15751 80
15910 0
15955 80
16023 0
16128 80
16167 0
16223 80
16297 77
16359 0
16360 80
16368 77
16399 0
16442 81
16504 0
16524 81
16648 0
16675 77
16772 0
16835 77
16965 0
17399 81
17748 0
17792 77
17881 81
17990 81
18001 0
18003 77
18204 0
18222 77
18411 77
18444 0
18475 77
19061 0
19107 81
19139 0
19247 81
19793 0
19965 80
19987 0
20008 81
20074 0
20227 81
20247 80
20288 0
20300 77
20408 0
20538 77
20863 81
20930 81
20981 0
21219 77
21289 0
21296 81
21858 0
22023 80
22170 77
22393 0
22410 81
22651 77
22825 0
22868 81
22873 81
22940 81
22988 0
23101 81
23221 81
23291 0
23363 81
23531 0
23696 81
23743 81
23998 0
24129 80
24179 0
24196 80
24444 0
24525 77
24615 0
24653 77
24683 0
24924 81
24982 0
24995 80
25034 0
25070 81
25296 0
25461 77
25470 81
25488 80
25595 0
25985 80
26075 80
26203 0
26315 81
26337 0
26343 80
26378 0
26407 81
26918 0
27024 80
27368 0
27380 77
27414 0
27456 81
27744 81
28002 0
28157 77
28244 0
28583 81
28587 80
28618 77
28658 0
28668 77
28744 81
28750 0
28757 77
28924 0
28958 77
28965 0
29094 77
29161 0
29328 80
29597 0
29793 80
29921 0
30012 77
30311 0
30324 80
30483 0
30674 80
30695 77
30989 0
31264 80
31268 81
31379 0
31398 77
31523 80
31636 0
32054 81
32086 81
32095 80
32265 77
32469 0
32682 77
32746 0
32863 77
32921 0
32989 81
33187 0
33274 81
33446 0
33493 80
33794 0
33935 81
34020 0
34237 81
34275 0
34291 80
34311 0
34377 81
34649 0
34680 77
34687 0
34763 77
34962 0
35078 77
35094 0
35137 80
35304 77
35391 0
35392 81
35418 77
35427 0
35511 81
35628 0
35685 77
35775 81
35976 0
36259 81
36424 80
36476 0
36651 81
36716 77
36759 0
36948 77
36957 0
37130 80
37408 80
37466 77
37495 77
37719 81
37899 0
38009 81
38070 77
38135 0
38243 81
38276 80
38374 0
38546 77
38826 0
38861 80
39447 0
39453 80
39502 0
40045 81
40667 0
40748 80
40842 0
40867 77
40979 81
41167 0
41228 77
41342 0
41439 77
41441 81
41582 0
41805 81
41935 0
42178 77
42224 0
42259 81
42445 80
42513 0
42539 80
42703 0
42795 77
42895 0
43011 81
43390 0
43506 80
43892 0
44030 81
44192 77
44203 0
44244 77
44298 0
44410 77
44430 0
44445 77
44465 0
44503 77
44726 0
44730 81
44752 0
44775 77
44867 77
44992 0
45068 81
45119 0
45333 81
45422 80
45561 0
45710 80
45795 0
45843 81
46273 80
46540 0
46758 80
47034 0
47057 80
47264 77
47465 0
47576 81
47751 0
47826 81
47845 0
47848 81
48054 80
48099 0
48302 77
48379 0
48385 81
48396 0
48507 80
48879 0
48904 81
48919 0
48990 80
49047 0
49126 77
49202 0
49624 77
49644 0
50103 80
50297 81
50377 80
50402 0
50467 80
50509 77
50624 0
50717 80
51494 0
51553 80
51818 0
51832 81
52120 81
52325 80
52359 0
52379 77
52381 77
52494 0
52524 81
52540 0
52691 80
52704 81
52734 0
52916 81
53129 80
53156 0
53258 81
53305 0
53360 80
53364 0
53430 77
53492 0
53904 80
54249 0
54594 80
54940 80
55051 77
55102 0
55154 81
55306 0
55460 77
55495 81
55554 0
55568 80
55728 0
55876 81
56164 0
56256 80
56287 0
56424 77
56627 0
56980 81
57012 80
57074 0
57111 80
57796 0
57893 77
58109 80
58244 81
58360 0
58727 81
58793 0
58808 77
58809 0
58969 77
59000 77
59068 81
59248 0
59304 81
59383 77
59683 80
59718 0
59749 81
59775 0
59794 80
60227 0
60244 77
60280 0
60365 77
60413 0
60461 80
60700 0
60720 80
60850 77
60900 0
60932 80
60986 0
61020 81
61045 0
61046 80
61115 0
61168 77
61183 0
61212 77
61234 0
61429 80
61578 80
61624 81
61696 0
61874 81
62068 0
62231 80
62257 0
62412 81
62442 81
62463 77
62662 0
62880 80
63308 0
63331 77
63646 77
63737 0
63895 77
63971 0
64030 81
64612 0
65043 80
65221 0
65233 81
65292 0
65478 77
65595 0
65923 81
65948 77
65959 0
65976 80
66012 77
66111 80
66176 0
66202 80
66348 0
66369 77
66432 0
66820 80
66964 81
67012 0
67029 77
67070 0
67260 80
67674 0
67841 80
68027 0
68114 81
68366 80
68569 0
68732 77
68803 0
69004 81
69102 0
69255 81
69275 80
69304 0
69306 81
69442 77
69512 0
69672 80
69874 77
69997 0
70188 80
70316 0
70412 81
70434 0
70499 81
70520 77
70829 0
70948 77
71020 0
71037 80
71170 80
71197 0
71654 77
71703 81
71775 0
71857 80
71872 77
71889 0
72041 81
72056 0
72124 80
72346 0
72350 77
72464 0
72620 81
72714 0
72870 80
72888 80
72955 0
73095 77
73133 0
73135 80
73165 0
73292 80
73334 0
73568 77
73762 81
73801 81
73803 81
73811 0
73825 77
73867 0
74021 80
74116 0
74433 81
74508 0
74549 80
74676 81
74719 80
74807 77
74814 0
74874 77
74906 0
74908 77
75052 77
75151 77
75451 81
75635 0
75820 80
75865 0
76024 77
76325 80
76391 77
76444 0
76729 80
76781 0
76830 77
76861 81
76935 0
77143 77
77151 0
77657 81
77670 81
77804 77
77858 0
77906 80
77946 0
78036 77
78139 0
78163 77
78349 0
78529 80
78542 0
78591 77
78775 0
78835 77
78905 0
79232 80
79331 0
79415 81
79487 0
79742 77
79765 0
79802 80
79884 0
80004 81
80030 77
80486 0
80569 77
80634 0
80812 81
80842 0
80977 80
81136 77
81241 81
81254 0
81307 80
81325 0
81371 77
81523 0
81600 81
81604 0
81734 80
81776 77
81872 80
82112 0
82568 81
82646 0
82709 77
82770 0
83033 77
83150 81
83290 0
83406 77
83436 0
83591 81
83607 0
83961 77
84186 0
84343 77
84365 0
84488 77
84543 0
84670 77
84769 0
84805 80
84833 0
84862 81
85097 0
85134 80
85183 80
85517 77
85556 80
85617 0
85773 80
85929 0
86157 77
86758 77
86797 81
86904 0
87036 77
87192 0
87320 80
87366 0
87372 77
87404 80
87432 0
87490 81
87618 77
87632 81
87816 81
87828 0
87907 81
88076 77
88215 80
88249 80
88425 0
88456 77
88569 81
88644 81
88852 77
89185 0
89191 77
89388 0
89426 81
89459 0
89705 81
89803 0
89836 80
89889 0
89929 81
90118 81
90140 80
90279 0
90434 77
90441 0
90589 80
90626 0
90761 77
90910 81
90918 81
90963 0
91022 80
91134 0
91374 77
91438 0
91506 81
91667 81
92032 0
92079 77
92282 0
92490 77
92631 0
92816 80
92835 0
92875 81
92876 0
93009 80
93216 0
93218 80
93376 0
93408 77
93611 0
93714 81
93744 0
93812 77
93891 80
94021 0
94027 81
94196 0
94296 77
94414 0
94432 80
94539 0
94627 77
94795 0
94982 77
95076 0
95105 80
95135 0
95187 77
95349 0
95397 77
95424 0
95437 77
95587 0
95604 80
95655 0
95808 77
96184 0
96297 80
96350 0
96375 80
96508 0
96616 77
96725 0
96912 77
96933 80
97051 0
97259 77
97384 0
97393 81
97535 0
97620 81
97622 80
97670 0
97697 81
97714 0
97812 77
97909 0
97950 81
98020 0
98240 80
98247 0
98411 81
98463 81
98510 0
98521 77
98586 77
98730 81
99097 0
99112 81
99155 0
99200 80
99381 0
99461 77
99603 0
99651 80
99758 77
99864 0
99884 77
99939 81
99953 77
129 events for 10
506 40
1351 0
1982 69
2726 0
4156 42
4901 0
5520 40
5575 0
6231 39
7386 0
7556 57
7972 0
8575 40
9282 69
9902 57
10312 69
10702 47
11073 39
11778 0
12204 47
12745 0
13237 42
13308 0
14132 40
14673 0
16068 40
16394 0
17483 57
19976 0
20164 39
20904 0
20940 69
22061 0
22413 40
22440 0
22761 57
23597 0
25772 57
25915 0
27440 39
28165 57
28702 0
29285 57
30598 0
31055 57
33587 57
35413 0
35444 42
36508 0
36826 69
36880 69
37331 57
38033 0
38216 40
38476 69
39901 0
40009 40
40117 47
40610 0
40869 40
41565 0
41571 47
42744 0
42957 69
43059 0
43413 47
44840 0
46636 39
48868 47
49270 0
49416 40
51575 0
52812 57
53215 0
53496 40
54164 0
54527 42
57824 0
61087 40
61144 0
61348 57
61973 0
62437 40
63102 40
64581 0
64814 40
65027 0
66852 47
68239 0
69570 47
69870 39
70434 57
70929 0
71285 40
71466 0
72391 40
74926 0
77034 42
77162 0
77219 42
79229 0
79401 69
82472 0
82780 57
83597 0
83669 47
84008 40
85805 0
86344 40
86971 47
87361 0
87517 40
90963 0
91928 69
91970 57
92358 0
94946 39
95182 47
95448 40
96146 69
98111 0
98190 42
98247 0
98672 40
98745 0
98910 57
99129 40
99429 0
99473 42
440 events for 11
535 32
578 0
738 44
1301 39
1732 0
2016 39
2050 0
2122 39
2125 0
2222 44
2244 0
2461 47
2519 32
2724 32
2931 47
3794 0
3809 32
4054 44
4112 0
4451 32
4663 0
5119 47
5550 0
5552 47
5912 0
5954 44
6170 32
7181 44
7269 0
7393 44
7595 0
7656 32
7706 0
7974 31
8203 39
8440 0
8999 31
9044 44
9287 0
9410 32
9494 0
9563 39
10243 0
10434 39
10810 0
10880 31
10968 0
11282 32
11618 0
11693 44
11760 44
12156 0
12795 47
12819 44
12869 0
12980 32
12989 0
13703 32
13790 0
13792 32
14715 31
14888 0
14942 31
15030 0
15146 32
15432 0
15612 32
15674 0
15752 32
15757 0
16007 39
16470 0
16668 31
17178 0
17224 47
17270 0
17388 39
17561 32
17643 0
18087 39
18321 0
18327 44
18370 47
18618 0
18796 47
18942 47
18956 0
19006 47
19163 0
19333 32
19363 47
19685 0
19903 47
20164 0
20488 32
20576 0
20748 47
20790 0
20824 39
20950 32
21194 32
21439 0
21724 31
22141 0
22309 32
22353 0
22398 32
22467 0
22503 39
22612 0
23137 32
23285 0
23459 39
23518 0
23757 32
23862 32
24415 0
24637 32
24826 32
24855 0
25292 39
25619 0
25658 39
25758 47
26557 0
26781 32
27678 0
28541 47
28658 0
28898 44
29345 0
29605 44
29643 0
29783 32
29823 47
30136 0
30323 32
30434 32
30589 0
30650 32
30887 0
31541 44
31605 0
31785 32
31972 0
32619 47
33396 0
34055 44
34083 0
34727 39
34758 0
35129 32
35253 0
35414 32
35785 0
35968 31
36463 0
36614 39
36621 0
36840 39
36925 0
37092 32
38291 47
38334 0
38535 32
38601 0
38650 31
38670 0
38895 47
38901 47
39023 0
39346 32
40047 39
40364 0
40450 39
40452 0
40665 44
40765 39
40846 0
41262 44
41397 0
41750 32
41848 0
42475 47
42597 0
42623 32
42899 0
42978 31
43316 0
43557 31
44191 47
44249 39
44333 0
44532 39
44932 0
45045 44
45252 0
45601 31
46015 0
46064 31
46114 31
46541 39
46862 0
47195 47
48023 0
48025 47
48164 0
48358 31
48539 0
48572 47
48609 0
49392 47
49754 0
49821 31
49915 47
49999 0
50156 47
50392 0
50430 31
50830 44
51102 32
51376 0
51576 32
51632 31
51889 0
52121 32
52128 0
52453 32
52456 0
52811 32
52842 39
53620 0
53932 31
53944 0
53984 39
54167 0
55025 39
55066 32
55357 0
55612 39
55784 0
55892 44
56107 32
56326 0
56367 32
56498 0
56567 39
56697 0
56700 32
56704 39
56807 0
57348 47
57599 32
57681 0
57709 47
57786 0
58201 32
58264 0
58537 39
58677 0
58766 32
58778 39
58870 0
58985 39
59206 39
59282 32
59290 0
59354 31
59697 0
59738 32
60051 0
60708 32
60879 0
61039 39
61140 0
61185 32
61761 32
62082 31
62121 31
62259 0
62589 39
62896 0
63248 32
63284 44
63852 39
63906 32
64048 0
64239 47
64621 44
64637 31
64741 0
65418 44
65919 39
65979 0
66434 44
67066 39
67157 47
67297 0
67357 47
67393 32
67519 0
67865 31
68077 0
68174 31
68562 0
68652 32
69055 0
69671 31
69687 32
69711 44
69937 31
70354 47
70421 0
70503 31
70520 0
70795 32
70813 32
70967 31
70999 32
71270 0
71303 32
71613 31
71831 0
72039 31
72936 0
73489 47
73695 0
73748 47
73891 0
74269 32
74303 0
74421 47
74491 44
74717 39
74991 44
75211 0
75830 47
75974 0
75988 32
76672 0
76998 44
77581 0
77683 31
78124 0
78353 32
78462 0
78955 32
79129 0
79144 44
79162 0
79302 32
79617 0
79870 31
80139 44
80165 0
80311 32
80803 0
80877 32
81026 0
81507 31
81581 31
82198 32
82363 0
82901 44
83397 0
83575 47
83603 0
83950 31
84373 39
84835 0
84912 47
84997 0
85255 31
85283 0
85622 32
85940 0
86304 44
86704 0
86725 44
86821 32
86855 31
86963 31
87209 39
87389 31
87461 0
87553 31
87766 0
88179 44
88426 0
88439 32
88654 31
88753 32
88892 47
88955 0
88994 47
89003 0
89418 44
89663 31
89714 44
90167 0
90618 32
90620 0
90660 31
90713 44
90934 0
90957 44
91091 39
91265 44
91363 32
91866 0
92430 44
92740 0
92751 32
93404 0
93936 32
93989 32
94131 47
95300 0
95764 47
96031 47
96360 0
96727 47
96906 0
97045 44
97171 39
97260 0
97308 31
97688 44
97747 32
97903 0
97941 39
98121 0
98235 32
98329 0
98476 31
98847 47
99262 0
99324 31
99681 0
99947 31
757 events for 12
15 40
148 0
190 40
223 0
331 40
386 0
442 34
521 0
614 32
653 40
696 36
778 0
802 36
989 0
1056 40
1251 0
1336 36
1358 22
1502 0
1595 40
1777 0
1787 22
1834 36
2255 0
2319 32
2351 0
2447 32
2459 0
2760 22
2769 0
2789 22
2974 0
3000 34
3083 0
3118 36
3154 0
3188 34
3850 22
3937 0
3960 22
4080 32
4083 0
4283 32
4559 34
4573 0
4594 22
4616 0
4853 36
4900 0
4942 40
5216 0
5302 32
5692 22
6073 0
6186 40
6208 0
6348 34
6550 0
6747 36
6790 0
6946 32
7049 0
7093 40
7156 0
7176 22
7399 0
7595 32
7835 43
7978 22
8321 22
8523 0
8619 36
8775 0
9199 22
9269 0
9348 43
9640 22
9921 0
10059 34
10092 0
10127 32
10574 0
10653 43
10654 0
10700 34
10917 36
10934 0
11000 34
11340 32
11763 0
11933 32
12053 0
12100 32
12132 0
12307 40
12439 0
12500 40
12681 22
13036 0
13392 40
13437 36
13488 40
13512 40
13549 0
13675 36
13900 43
13942 0
14073 43
14165 0
14237 34
14285 32
14304 0
14368 34
14422 0
14483 36
14571 0
14587 34
14638 0
14669 34
14899 0
14903 32
14914 0
15087 43
15220 32
15221 0
15241 32
15569 0
16043 36
16060 22
16088 0
16162 40
16188 40
16453 0
16810 40
16935 0
17073 36
17154 0
17273 22
17297 34
17500 22
17715 0
18226 22
18285 32
18307 0
18338 34
18411 0
18650 22
18811 40
18817 43
18903 0
19040 43
19177 0
19207 22
19211 0
19330 43
19374 0
19430 40
19444 0
19732 43
19950 0
20071 36
20098 0
20419 34
20805 0
20978 40
21007 0
21013 43
21021 0
21043 34
21191 0
21203 22
21205 36
21303 0
21378 32
21429 0
21549 40
21627 0
21641 32
21652 0
21768 43
21814 36
21817 0
22000 43
22101 0
22189 36
22297 22
22640 0
22888 43
22891 0
22981 34
23075 32
23313 0
23414 40
23525 0
23634 32
23638 0
23812 22
23834 0
23869 22
24115 36
24136 40
24216 0
24221 34
24853 0
25053 36
25080 0
25243 22
25406 0
25614 34
25676 0
25705 22
25732 0
25806 34
25916 0
25922 22
25939 0
25997 43
26083 34
26250 32
26285 0
26436 22
26462 0
26481 40
26645 0
27305 32
27588 0
27866 34
27915 40
28056 32
28124 36
28184 0
28267 32
28335 0
28441 40
28449 0
28599 40
28795 32
28819 0
28947 40
28956 22
29155 0
29265 22
29345 0
29701 34
30581 0
30772 34
30874 0
31065 43
31201 0
31291 32
31530 0
31562 40
31615 0
31780 34
31937 0
32107 43
32218 0
32358 32
32689 0
32690 43
33151 0
33276 22
33283 0
33431 40
33432 0
33612 43
33663 0
33761 36
33886 0
33948 22
34101 0
34124 22
34156 36
34197 34
34199 0
34224 36
34248 0
34616 36
34854 0
35004 40
35031 43
35132 0
35182 36
35253 0
35646 22
35869 40
36015 0
36326 22
36400 0
36475 34
36894 0
36932 34
36937 0
37022 34
37089 0
37116 22
37172 36
37236 43
37274 0
37279 34
37432 0
37602 43
37723 0
37775 43
38026 32
38129 0
38228 32
38392 0
38463 40
38472 0
38550 34
38554 34
39009 0
39083 43
39110 0
39365 36
39577 0
39681 32
39741 0
39785 40
39871 0
39920 43
40118 36
40177 0
40386 40
40672 0
40780 40
40888 0
40944 34
40965 0
40981 40
41003 0
41186 43
41337 0
41433 32
41740 0
41780 32
42255 34
42433 40
42456 22
42554 0
42686 40
42964 34
42980 36
42998 0
43032 36
43107 0
43206 32
43446 0
43767 32
44078 43
44227 0
44265 40
44278 0
44335 22
44430 32
44512 0
44538 22
44631 43
44738 0
44838 43
44850 0
45265 40
45342 32
45373 0
45587 34
45593 0
45732 36
45852 0
45948 32
46014 0
46103 22
46117 43
46266 0
46404 32
46583 32
46620 0
46647 22
46802 0
47069 34
47337 0
47458 34
47539 0
47747 22
47769 0
48656 22
48669 0
48685 22
48709 0
48830 34
48845 36
48918 0
49085 34
49292 0
49351 43
49461 0
49471 40
49544 0
49833 34
49881 0
49920 40
49997 0
50057 32
50065 0
50066 36
50302 0
50352 34
50535 0
50766 43
50771 0
50907 34
50937 0
51063 32
51100 0
51127 34
51185 0
51318 43
51370 0
51514 40
51532 0
51632 36
52075 0
52091 22
52142 0
52376 36
52496 36
52875 0
52963 43
53040 0
53110 40
53193 0
53417 40
53460 0
53518 32
54014 0
54163 22
54428 0
54528 34
54535 0
54605 43
54764 0
55186 36
55269 0
55400 40
55803 0
56139 43
56277 43
56450 0
56647 32
56801 0
56812 22
57024 0
57066 22
57169 0
57357 34
57426 0
57612 36
57658 0
57702 34
57822 0
57926 36
57945 0
58136 34
58202 36
58544 34
58782 0
58841 43
58884 43
58914 0
58925 43
59100 22
59186 22
59693 43
59801 40
59852 0
59998 40
60031 0
60070 40
60230 34
60376 43
60591 0
60654 40
60728 43
61031 40
61324 0
61412 34
61597 40
61674 0
61681 36
61754 0
62066 22
62224 0
62229 36
62389 32
62573 0
62641 32
62918 0
63139 43
63153 0
63382 22
63409 32
63647 0
63967 43
63975 36
63988 34
64240 0
64408 43
64448 32
64522 22
64686 0
64702 36
64713 0
64761 34
64785 43
64876 0
65205 36
65439 0
65598 40
65726 0
65739 32
65864 0
65909 34
65953 0
65967 43
66413 0
66416 36
66424 36
66531 0
66726 34
66756 0
66786 32
66840 0
66859 36
66986 34
67021 43
67224 0
67401 32
67412 22
67809 0
68332 34
68408 0
68598 43
68626 34
68770 0
68814 43
68825 32
68880 0
69362 36
69865 34
70072 0
70428 36
71054 0
71158 36
71292 0
71304 32
71523 0
71580 43
71884 0
72005 34
72012 0
72026 36
72302 0
72554 40
72678 36
72775 36
73344 0
73476 34
73498 0
73536 40
73538 43
73593 0
73596 32
73727 22
73983 0
74001 36
74013 36
74065 0
74261 36
74303 0
74309 43
74507 0
74548 36
74721 36
75194 36
75271 0
75275 34
75449 0
75661 36
75997 0
76192 34
76215 40
76317 36
76409 40
76481 43
76775 0
76807 22
77023 0
77045 32
77049 0
77055 36
77075 0
77498 34
77821 22
78041 32
78288 34
78477 43
78517 0
78801 32
78892 0
78993 34
79044 0
79419 34
79851 0
79983 40
80557 0
80664 43
80683 32
80714 0
80940 22
81132 34
81159 0
81223 36
81279 0
81356 34
81618 0
81720 22
82116 43
82221 0
82460 32
82695 0
82872 36
83170 36
83302 0
83520 36
83522 0
83721 34
84126 0
84137 22
84344 0
84353 43
84367 32
84520 0
84571 32
84944 40
85075 0
85299 22
85307 0
85391 22
85904 0
85930 22
86063 0
86332 36
86378 0
86423 43
86997 0
87331 32
87439 22
87485 0
87584 36
87808 0
88057 36
88358 43
88462 0
88480 34
88634 0
88745 22
88861 43
89045 0
89306 32
89654 0
89664 43
89864 0
89943 36
90095 0
90166 40
90568 0
90742 40
90932 0
90952 22
90984 0
91206 22
91416 0
91840 36
91988 43
92075 0
92138 43
92167 0
92200 32
92212 22
92401 0
92679 36
92713 40
92780 0
92783 36
92938 0
92959 32
93139 0
93152 40
93251 0
93802 36
94042 0
94099 22
94120 22
94121 0
94166 34
94216 36
94231 0
94243 22
94296 0
94524 22
94715 0
94866 36
94892 0
94930 43
94979 0
95042 36
95117 0
95255 22
95337 0
95493 40
95658 36
95659 0
95941 32
96041 32
96285 34
96327 0
96337 43
96585 43
96610 0
96864 40
96967 0
96978 32
97005 0
97275 36
97318 0
97395 43
97656 32
97735 0
98100 34
98186 0
98271 22
98404 0
98611 34
98783 0
98842 36
99005 0
99006 43
99010 0
99160 43
99560 22
99633 22
99658 0
99672 34
99790 43
99862 0
99966 32
99968 32
743 events for 13
39 79
53 0
112 79
436 0
759 79
959 0
1236 79
1372 0
1439 79
1507 79
1662 79
1849 79
1955 79
1957 0
2381 79
2426 0
2491 79
2594 79
2601 0
2835 79
3202 0
3238 79
3466 0
3752 79
3781 0
3795 79
3810 0
3891 79
3968 79
3992 0
4174 79
4221 0
4262 79
4280 0
4353 79
4380 79
4412 0
4462 79
4559 79
4622 79
5053 0
5069 79
5105 0
5143 79
5217 79
5262 0
5348 79
5398 0
5884 79
5912 79
6229 79
6550 79
6578 79
6587 79
6601 79
6777 0
6918 79
7189 79
7298 79
7413 0
7867 79
7933 0
8189 79
8275 0
8519 79
8585 79
8744 0
8844 79
8940 0
9086 79
9142 0
9192 79
9240 0
9455 79
9558 0
9613 79
9619 0
9636 79
9749 0
9890 79
10036 0
10234 79
10397 0
10489 79
10609 0
10800 79
10860 79
11124 0
11573 79
11716 0
11775 79
11800 79
11865 0
11964 79
12363 79
12396 0
12462 79
12503 79
12909 79
12968 79
13101 79
13106 79
13448 79
13805 0
13983 79
14028 0
14035 79
14298 0
14365 79
14443 0
14460 79
14528 79
14540 79
14650 79
14737 0
14758 79
14865 79
14928 0
14929 79
15036 0
15055 79
15122 79
15432 0
15453 79
15556 79
15794 0
15985 79
15989 79
16043 0
16081 79
16092 0
16387 79
16566 79
16691 0
16894 79
17073 79
17085 79
17181 0
17186 79
17232 79
17317 0
17639 79
17641 79
17828 79
18044 0
18070 79
18144 79
18264 0
18360 79
18385 0
18535 79
18585 79
18658 0
18780 79
18915 0
18950 79
18990 79
19070 79
19110 79
19667 0
19688 79
19700 0
19713 79
19733 0
19841 79
19948 0
20168 79
20292 79
20491 79
20609 0
20726 79
20753 0
20922 79
21127 0
21131 79
21276 0
21301 79
21501 0
21536 79
21574 79
21715 79
21753 0
21784 79
21873 79
22030 79
22113 0
22306 79
22517 79
22642 79
22704 79
22971 79
23110 79
23219 0
23349 79
23530 0
23637 79
23848 79
24024 0
24222 79
24242 0
24556 79
24658 0
24732 79
25462 0
25494 79
25527 0
25550 79
25698 0
25755 79
25968 79
25982 79
26119 79
26203 79
26311 0
26351 79
26394 0
26925 79
27164 0
27178 79
27295 0
27466 79
27506 0
27657 79
27754 0
27865 79
28030 0
28057 79
28246 0
28621 79
28711 0
28736 79
28758 79
28792 0
28861 79
28966 0
29319 79
29434 0
29582 79
30054 0
30081 79
30094 79
30159 0
30390 79
30456 0
30467 79
30691 0
30718 79
30724 0
30862 79
30962 0
31005 79
31598 0
31998 79
32054 79
32206 0
32565 79
33050 0
33152 79
33183 79
33210 0
33250 79
33350 0
33437 79
33496 79
33796 79
33846 0
33942 79
34237 0
34239 79
34357 79
34423 79
34453 79
34518 79
35151 0
35423 79
35552 0
35594 79
36000 0
36613 79
36659 0
36680 79
36853 0
36916 79
36980 79
37010 79
37011 0
37245 79
37287 0
37499 79
37503 0
37629 79
37656 0
37755 79
37993 0
38116 79
38121 0
38312 79
38502 0
38629 79
38713 0
38905 79
39049 79
39063 79
39238 0
39354 79
39366 0
39941 79
40013 0
40212 79
40234 79
40553 0
40771 79
40842 79
40880 79
40895 0
40915 79
41130 0
41166 79
41240 0
41457 79
41698 0
42195 79
42283 0
42407 79
42411 0
42463 79
42769 0
42882 79
43037 79
43216 0
43556 79
43604 0
43682 79
43797 79
43956 0
44348 79
44381 0
44482 79
44623 79
44693 0
44696 79
44756 0
44786 79
44876 0
45066 79
45247 0
45368 79
45459 0
45489 79
45623 79
45908 0
46043 79
46206 0
46317 79
46517 0
46639 79
46728 0
46843 79
47223 0
47675 79
47781 0
48125 79
48167 79
48194 0
48230 79
48455 0
48641 79
48751 0
48865 79
48936 0
48976 79
49100 0
49186 79
49395 0
49424 79
49623 79
49704 0
49712 79
49766 79
49790 0
49863 79
49895 0
49973 79
50015 0
50124 79
50344 0
50487 79
50503 79
50604 0
50687 79
50773 0
51035 79
51349 0
51432 79
51509 79
51543 0
51669 79
51755 79
51831 79
51934 0
51943 79
51947 79
51993 0
52241 79
52359 0
52401 79
52430 79
52445 0
52522 79
52586 0
52603 79
53087 0
53204 79
53216 79
53230 79
53498 0
53522 79
53620 0
53828 79
54014 79
54137 0
54166 79
54472 0
54474 79
54502 0
54530 79
54654 0
54843 79
54885 79
55493 79
55647 0
55968 79
55973 79
56016 0
56022 79
56103 0
56145 79
56154 0
56191 79
56540 0
56609 79
56662 0
56897 79
56974 0
57000 79
57209 0
57755 79
57767 0
57917 79
58163 0
58240 79
58443 0
58578 79
59043 0
59148 79
59159 0
59321 79
59327 79
59441 0
59464 79
59608 0
59682 79
59790 79
59998 0
60254 79
60348 0
60408 79
60438 0
60458 79
60874 0
60891 79
61043 79
61088 0
61104 79
61134 0
61235 79
61278 0
61419 79
61427 0
61472 79
61555 0
61566 79
61664 0
61893 79
61930 0
62282 79
62336 79
62342 0
62532 79
62596 0
62670 79
63090 79
63417 0
63426 79
63679 0
63849 79
63959 0
64147 79
64739 0
64820 79
64920 0
65029 79
65035 79
65083 0
65112 79
65126 0
65156 79
65438 79
65498 79
65513 79
65752 0
65806 79
65959 0
66235 79
66262 79
66272 0
66356 79
66494 0
66635 79
66677 0
66751 79
66759 0
66858 79
66885 0
66904 79
66910 0
67222 79
67456 0
67506 79
67533 0
67976 79
67995 0
68129 79
68291 79
68460 0
68752 79
68830 0
68883 79
69012 0
69255 79
69531 79
69655 0
69670 79
69928 0
70163 79
70343 0
70458 79
70550 0
70731 79
70742 79
70743 0
70803 79
70822 79
70982 0
71037 79
71145 79
71516 79
71638 0
71806 79
71910 0
72048 79
72153 0
72496 79
72628 0
72698 79
73276 0
73551 79
73854 0
73867 79
74069 79
74215 79
74297 79
74634 0
74720 79
75133 0
75167 79
75179 0
75238 79
75247 79
75320 0
75321 79
75477 0
75478 79
75512 79
75940 79
75943 0
75968 79
76000 79
76434 79
76455 79
76504 0
76598 79
76715 79
76756 79
77185 0
77503 79
77629 0
77890 79
78397 79
78399 0
78749 79
78770 79
78921 0
79339 79
79446 0
79517 79
79888 79
79913 0
80395 79
80475 0
80476 79
80675 0
80834 79
81132 79
81251 0
81269 79
81342 79
81441 0
81518 79
81604 0
81606 79
81715 0
81879 79
81980 0
82030 79
82180 79
82214 0
82315 79
82352 0
82516 79
82677 0
83218 79
83650 0
83696 79
83817 0
83864 79
84018 0
84194 79
84204 0
84227 79
84337 79
84360 0
84501 79
84586 0
84633 79
85083 0
85092 79
85285 0
85382 79
85477 0
85598 79
85621 0
85722 79
85892 0
85910 79
86112 0
86235 79
86653 0
86709 79
87251 0
87310 79
87344 0
87707 79
87724 0
88206 79
88217 79
88279 0
88352 79
88364 79
88570 0
88710 79
88741 79
88921 0
89056 79
89189 79
89277 0
89624 79
89943 0
90009 79
90175 0
90427 79
90620 0
90639 79
90671 0
90774 79
91071 0
91133 79
91492 0
91828 79
92025 0
92061 79
92187 79
92424 0
92636 79
92670 79
92941 0
93012 79
93027 0
93376 79
93606 79
93681 0
93768 79
94066 79
94091 0
94124 79
94150 79
94504 0
95108 79
95332 0
95464 79
95874 79
95887 79
96020 0
96050 79
96065 79
96365 0
96470 79
96491 0
96576 79
96833 79
97364 0
97422 79
97485 79
97586 0
97595 79
97683 79
97877 79
97981 79
98072 0
98085 79
98193 79
98198 0
98222 79
98310 0
98351 79
98560 79
98670 0
98756 79
98970 0
98971 79
99760 0
99770 79
99781 79
743 events for 14
5 51
46 38
86 38
445 0
478 38
528 0
559 60
835 38
962 56
1072 0
1082 60
1093 57
1501 38
1652 57
1653 57
1724 0
1776 60
2072 56
2369 38
2633 38
2888 0
2943 57
2955 57
3062 57
3089 0
3102 56
3180 0
3209 46
3213 0
3274 39
3347 0
3467 56
3525 46
3971 0
4011 46
4134 56
4139 57
4159 0
4266 57
4316 51
4330 0
4395 46
4425 0
4440 38
4609 0
4876 60
5111 0
5152 60
5338 38
5606 0
5652 38
5765 0
5804 38
6032 56
6208 0
6493 56
6935 0
6995 46
7309 0
7342 38
7411 51
7424 0
7443 38
7559 0
7572 46
7597 0
7628 46
7946 60
8299 56
8455 38
8929 39
8972 0
9184 39
9449 0
9510 56
9642 0
9889 38
10059 0
10102 57
10344 38
10348 57
10434 0
10762 38
10861 38
10903 0
10908 51
11154 51
11187 46
11268 0
11421 51
11757 38
11864 0
11967 46
11984 0
12099 39
12757 51
12920 0
12957 57
13355 0
13612 51
13633 0
13714 38
13774 56
13825 0
13987 38
14038 38
14055 0
14138 46
14147 0
14466 38
14675 60
14700 0
14822 46
14957 38
15140 0
15218 46
15226 0
15545 38
15612 0
15682 60
15737 0
15993 56
16054 0
16215 38
16434 38
16909 56
17491 0
17910 60
18145 56
18244 46
18546 0
18642 57
18780 0
18805 39
18921 0
19034 60
19048 0
19170 56
19352 38
19421 0
19591 57
19743 0
19867 56
19870 0
19990 60
20311 51
20344 46
20561 0
20620 60
20773 0
21432 39
21749 0
21867 60
21937 51
21963 0
22055 51
22070 0
22507 60
22608 56
22649 51
22833 0
22836 51
22922 0
23144 57
23212 0
23239 38
23513 0
23788 39
23900 38
24279 60
24439 0
24457 39
24492 0
24547 56
24590 0
24683 39
24729 0
24868 60
25167 0
25270 38
25525 0
25557 38
25614 0
25872 57
25966 0
26484 60
26537 39
26558 0
26566 46
26657 0
26690 38
26926 0
26963 60
27054 0
27111 60
27167 0
27269 38
27272 39
27297 60
27392 38
27831 0
27910 60
28023 0
28124 38
28180 57
28566 39
28582 0
28616 60
28880 38
29035 0
29101 46
29120 0
29926 46
30034 0
30170 57
30249 0
30344 38
30368 0
30460 38
30494 0
30611 51
30917 38
31087 0
31098 38
31364 0
31430 38
31496 0
31734 60
32004 0
32054 39
32081 0
32124 60
32144 39
32171 0
32337 39
32405 0
32485 46
32581 0
32589 60
32959 0
33013 57
33074 46
33103 39
33232 0
33490 38
33528 0
33625 38
33740 0
34154 39
34285 0
34312 46
34354 60
34355 0
34464 38
34656 0
34886 60
35223 46
35311 56
35654 0
35687 38
35978 38
36367 0
36395 38
36505 0
36617 46
36692 0
36843 60
36905 0
36935 56
36992 0
37063 60
37185 39
37210 57
37504 0
37590 39
37681 0
37709 56
37964 0
38249 46
38585 0
38600 60
38637 0
38751 57
38808 0
38920 57
39153 0
39373 46
39640 0
39717 60
39829 0
40067 38
40083 46
40229 0
40253 56
40596 0
40810 38
41265 0
41304 57
41340 0
41512 38
41804 0
41810 57
41827 60
41972 51
42055 46
42579 0
42717 51
42778 0
42784 57
42861 0
43031 56
43144 60
43207 0
43210 60
43279 0
43333 46
43433 0
43443 60
43477 56
43689 0
43698 46
43933 0
44106 60
44244 0
44290 56
44479 56
44560 56
44567 60
44601 56
44680 0
44859 46
44890 0
44998 38
45206 0
45247 57
45326 0
45397 39
45473 0
45751 51
45807 0
45958 51
46130 57
46238 0
46300 39
46313 0
46575 39
46635 46
46674 51
46934 46
46956 60
47153 60
47236 0
47242 51
47442 0
47485 56
47496 0
47575 38
47603 0
47696 51
47717 0
47798 56
47800 0
48272 56
48301 39
48447 0
48568 51
48642 0
48984 57
49004 0
49022 60
49434 0
49574 57
49578 0
50210 56
50248 39
50615 0
50982 56
51211 39
51269 0
51462 51
51484 39
51507 51
51970 0
52008 39
52083 0
52183 57
52282 0
52293 60
52301 0
52415 56
52507 0
52610 38
52981 0
53163 39
53377 0
53423 51
53462 51
53665 38
53826 0
53831 51
54006 38
54024 46
54115 56
54275 38
54483 0
54726 38
55317 0
55398 51
55790 57
55846 0
56398 51
56412 0
56459 39
56645 0
56692 51
56777 0
56853 60
56895 0
56931 46
57001 0
57084 56
57098 0
57730 46
58014 0
58311 57
58371 0
58382 57
58418 0
58469 46
58552 0
58730 56
59080 38
59207 60
59265 0
59287 56
59700 0
59784 57
59850 0
59904 51
59968 0
60035 60
60060 0
60103 60
60151 38
60238 0
60406 46
60476 0
60758 51
60789 0
60957 56
61007 0
61336 46
61651 0
61807 57
61931 0
62011 38
62024 0
62085 46
62336 0
62355 57
62400 46
62444 0
62467 46
62531 0
62586 39
62609 56
62614 51
62712 0
62897 57
62905 0
63357 57
63376 0
63541 51
63552 0
63797 46
63816 0
63860 60
63879 0
63953 60
64022 51
64062 0
64147 60
64190 0
64371 46
64569 0
64588 39
64693 0
64754 56
64877 0
64992 38
65002 0
65064 46
65188 0
65313 39
65362 56
65550 38
65556 39
65782 56
65790 46
65842 46
66007 0
66106 38
66371 0
66414 60
66452 0
66512 60
66721 0
66753 38
67064 0
67328 60
67391 0
67694 39
68074 0
68094 39
68134 0
68199 46
68389 46
68508 38
68738 0
68963 38
69140 0
69180 60
69250 0
69473 56
69503 60
69540 0
69733 39
69864 0
69937 39
70046 0
70098 60
70153 0
70230 56
70819 0
71071 38
71160 0
71220 57
71257 0
71385 57
71419 0
71457 51
71948 0
72323 46
72411 0
72423 56
72533 60
72696 0
72774 38
73218 0
73240 39
73293 0
73428 56
73564 0
73705 56
73929 0
74114 39
74181 39
74484 0
74571 60
74741 60
74905 0
74911 38
75328 38
75411 0
75519 56
75833 39
76057 0
76093 51
76160 0
76230 56
76298 0
76329 46
76426 0
76532 38
76636 0
76743 46
76808 0
77114 38
77493 38
77601 0
77895 57
77907 57
78139 0
78186 57
78237 60
78293 0
79284 51
79571 0
79709 60
79890 0
79905 60
79979 0
79982 38
80015 0
80047 57
80056 0
80363 56
80370 0
80456 38
80544 38
81262 0
81482 39
81747 39
81861 38
82112 0
82163 51
82398 0
82429 46
82491 0
82803 38
82997 0
83205 38
83403 39
83600 56
83660 0
83697 39
83849 0
83939 60
84070 60
84193 0
84214 38
84251 46
84254 0
84287 46
84350 0
84418 46
84438 0
84574 38
84786 0
84865 46
85070 56
85143 0
85180 51
85294 57
85598 0
85667 57
85829 57
86075 39
86193 38
86739 0
86956 57
86988 60
87027 38
87060 0
87263 56
87457 39
87697 0
87756 46
87917 0
88028 46
88666 0
88835 57
88849 0
88979 38
89071 60
89188 0
89231 57
89250 39
89259 0
89504 57
89644 0
89993 60
89995 0
90054 46
90204 0
90271 46
90341 56
90585 0
90598 60
90845 56
90877 60
90880 0
90911 38
91013 56
91051 0
91140 46
91350 0
91459 46
91494 0
91726 57
91884 0
92011 57
92123 0
92233 60
92423 0
92614 60
92720 0
93038 56
93073 0
93220 39
93455 56
93482 0
93507 60
93548 0
93681 39
93838 0
93842 46
94142 0
94164 57
94183 0
94192 38
94206 51
94377 0
94415 46
94438 0
94475 51
94519 51
94641 57
94734 0
94882 38
94904 38
95145 60
95147 0
95608 57
95611 39
95657 0
95729 56
95820 56
96202 0
96269 38
96460 0
96483 46
96708 38
96961 0
97181 60
97604 38
98094 0
98101 38
98135 0
98327 56
98512 0
98602 60
98801 0
98803 39
98824 0
98941 51
98976 38
99085 0
99240 57
99276 39
99562 0
99615 57
99935 0
359 events for 15
111 86
321 0
1518 69
2616 0
2994 62
3216 0
3287 56
3388 0
3400 56
3455 63
4119 63
4744 62
5072 0
5189 69
5285 0
5402 56
6419 0
6559 69
6830 0
7294 63
7527 69
7959 62
8089 69
8404 75
8437 0
8669 56
8995 0
9145 62
9220 69
9759 0
9902 56
10389 62
10980 0
11127 55
11152 0
11437 69
11728 0
12403 62
12643 0
12912 63
13036 0
13670 63
13861 62
13955 75
14119 0
14499 56
14854 56
14989 0
15166 75
15406 0
15430 86
15718 0
15883 55
15933 0
15967 55
16241 86
16706 56
16768 0
16860 62
16898 63
16935 0
17368 56
17391 0
17965 63
19139 0
19389 69
19583 0
20135 56
20546 86
20571 0
20738 56
20861 0
20963 63
21059 0
21323 69
21493 0
21616 86
21633 63
21918 0
22304 69
22574 0
22812 69
22853 0
22866 69
22938 0
22941 86
23149 75
23535 0
23811 55
24021 62
24188 62
24730 0
25977 55
26443 0
26502 62
26675 63
26930 0
27352 56
27554 56
27815 56
28015 0
28357 56
28653 0
28670 63
28853 69
28927 86
29104 56
29500 55
29996 86
30225 0
30285 69
30473 0
30729 62
31027 0
31474 56
31555 0
31571 62
31586 0
31815 56
32005 0
32233 75
33271 0
33322 62
33483 0
34101 56
34200 56
34664 63
34706 0
34915 62
35299 0
35392 56
35482 0
35499 75
35608 0
35615 75
36645 0
36801 62
37087 0
37565 56
38463 0
39080 56
39403 0
39437 56
39447 0
39735 63
39876 0
40275 62
40358 0
40684 62
41881 0
41883 56
42232 0
42382 75
42642 0
42716 56
42829 62
42887 69
43264 62
43584 86
43825 0
44127 56
45228 0
45519 56
45617 0
45634 63
45859 56
46365 0
46446 86
46632 0
47427 56
47633 0
47801 86
48358 0
48661 62
48928 0
49101 75
49126 63
50461 56
50893 0
51364 75
51558 0
51569 75
51638 0
52054 56
52697 56
52953 0
53036 55
53567 0
53601 75
53995 0
54214 69
54277 0
54369 86
54598 0
54906 63
55048 0
55775 62
56064 55
56253 0
56295 56
56493 86
56673 0
57266 86
57904 0
58133 55
58659 0
58880 69
59005 0
59010 86
59182 0
59250 55
59596 0
59743 55
59979 86
60134 86
60234 69
60270 0
60780 75
61369 0
62099 56
62201 0
62582 56
63495 0
63851 55
63888 63
63980 0
64278 55
64478 0
64948 63
65185 56
65259 62
65313 0
65597 62
65970 0
66091 62
66763 0
66944 56
67199 75
67559 56
67899 0
67937 69
67942 0
68219 63
68333 0
69129 55
69152 56
69162 0
69189 62
69720 0
69794 69
70374 0
70387 56
70665 0
70841 56
71664 56
71698 0
71998 56
72039 0
72050 63
72095 0
72192 75
72260 0
72273 86
72303 0
72509 62
72555 75
72587 0
72659 55
72889 0
73147 75
73186 0
73187 56
73477 0
74484 63
74680 0
74939 56
75120 0
75293 55
75378 0
75564 56
75829 0
76011 63
77170 62
77297 0
77812 69
78027 0
78735 62
78787 0
79065 62
79790 0
80372 56
80423 75
80715 0
80905 63
81603 0
81913 56
83575 0
83692 62
83705 0
83729 55
83871 0
84161 56
84387 0
84510 62
84921 0
85489 56
85705 0
85928 55
86050 0
86268 56
86617 75
87018 0
87024 56
87715 86
88821 0
89111 56
89319 0
89467 56
89723 55
90317 0
90837 63
91324 0
91786 63
91934 63
91950 0
92132 56
92306 0
92333 86
92710 86
92774 0
93466 63
93725 0
93752 86
93839 86
93993 0
94141 55
94201 55
94257 0
94443 63
94718 0
95157 63
95610 0
95801 56
96105 69
96164 0
96234 56
96761 0
96876 62
97085 0
97095 69
97124 0
97196 62
97570 0
98077 75
99295 0
99400 55
99466 0
99616 86
99997 0
