8 buffers
145666 6526
97740 9059
61154 8040
101499 7180
113080 9579
51084 10209
155698 25264
172382 31008
80 downlinks
0 188 1250 261
1 1438 2500 325
2 2688 3750 344
3 3938 5000 333
4 5188 6250 293
5 6438 7500 283
6 7688 8750 271
7 8938 10000 299
8 10188 11250 310
9 11438 12500 254
10 12688 13750 265
11 13938 15000 263
12 15188 16250 259
13 16438 17500 321
14 17688 18750 312
15 18938 20000 295
16 20188 21250 272
17 21438 22500 372
18 22688 23750 336
19 23938 25000 349
20 25188 26250 254
21 26438 27500 373
22 27688 28750 290
23 28938 30000 357
24 30188 31250 370
25 31438 32500 286
26 32688 33750 259
27 33938 35000 261
28 35188 36250 358
29 36438 37500 352
30 37688 38750 259
31 38938 40000 292
32 40188 41250 295
33 41438 42500 312
34 42688 43750 375
35 43938 45000 376
36 45188 46250 373
37 46438 47500 357
38 47688 48750 284
39 48938 50000 313
40 50188 51250 274
41 51438 52500 267
42 52688 53750 288
43 53938 55000 319
44 55188 56250 267
45 56438 57500 373
46 57688 58750 362
47 58938 60000 276
48 60188 61250 336
49 61438 62500 360
50 62688 63750 285
51 63938 65000 305
52 65188 66250 349
53 66438 67500 311
54 67688 68750 344
55 68938 70000 328
56 70188 71250 252
57 71438 72500 327
58 72688 73750 328
59 73938 75000 365
60 75188 76250 305
61 76438 77500 257
62 77688 78750 348
63 78938 80000 271
64 80188 81250 352
65 81438 82500 340
66 82688 83750 258
67 83938 85000 264
68 85188 86250 299
69 86438 87500 334
70 87688 88750 361
71 88938 90000 339
72 90188 91250 311
73 91438 92500 306
74 92688 93750 327
75 93938 95000 338
76 95188 96250 330
77 96438 97500 304
78 97688 98750 356
79 98938 100000 361
284 events for 0
858 76
1135 0
1252 66
1558 66
1767 0
1852 36
2172 0
2517 36
2670 74
2865 0
2969 74
3160 47
3326 74
4011 74
4088 0
4216 66
4272 0
5247 79
5349 0
5459 36
5482 0
5488 74
5517 74
5586 0
5649 74
6069 66
6073 0
7024 74
7562 0
7614 74
9425 36
10460 74
10866 36
12014 0
12027 74
12058 74
12753 76
13398 0
13963 79
14301 76
14387 0
14657 66
15223 0
15400 36
15695 74
15811 79
16335 0
16452 74
17114 76
17117 74
17645 36
17932 0
18527 76
18712 0
19272 47
19350 0
20372 74
20648 36
21198 0
21263 74
21655 0
22582 47
22727 0
24162 66
24246 36
24647 74
25166 0
25705 76
25822 0
26255 79
26320 0
26871 79
26910 0
27051 47
27706 74
27990 74
28042 0
28427 74
28583 0
28630 74
28703 0
30842 76
31063 36
31413 0
31435 47
31832 0
33523 47
33825 0
33862 74
34329 0
34711 36
35334 0
35702 76
35780 66
35825 0
36338 47
37871 0
38408 47
38867 74
39064 36
39321 0
39476 66
39930 0
40040 74
40064 74
40527 0
40775 47
41086 0
41301 76
41352 0
41419 74
42351 76
42951 74
43129 0
43441 74
43841 79
44180 0
44196 76
45563 0
46100 74
46181 0
46838 76
47074 0
47418 74
47454 74
47535 79
47637 36
48039 0
48184 36
48210 0
48372 74
49149 0
49564 74
49634 0
50348 74
50714 0
50956 66
51555 0
51579 76
51645 79
51749 0
51904 36
51971 0
52961 47
53231 0
54509 36
54726 0
55650 47
56405 36
56407 0
57025 74
57323 0
57428 74
58103 0
59059 36
59072 0
59273 74
59369 0
59814 47
59995 0
60131 74
60926 0
60927 36
60989 0
61019 74
61293 36
61566 0
61763 47
61981 0
62277 36
62284 36
62452 74
62901 0
64086 36
64151 0
64928 74
65219 0
65292 74
65878 0
66084 79
66243 0
66561 66
66683 0
67671 74
67803 0
67838 76
68132 74
68654 76
68788 36
69449 36
69744 0
70112 47
70572 0
70804 36
71932 0
72194 74
73536 76
73568 0
73714 66
73757 0
73763 74
74104 66
74338 36
74386 0
74468 36
74515 74
74546 0
74591 74
74682 0
74979 74
75329 0
75457 74
75769 0
75887 74
76141 0
76325 36
76416 0
77193 79
78072 79
78715 36
79024 0
80664 36
80974 0
81409 47
81800 74
82039 0
82070 36
82126 0
82747 66
82930 0
83115 79
83261 0
83285 36
83448 0
84332 74
84674 47
84975 0
85119 47
85138 74
86055 0
86488 74
87315 0
87526 36
87641 0
87928 79
88054 0
88384 74
88497 0
88650 36
88772 0
89037 74
89978 36
90609 76
90641 0
90661 74
90776 74
90804 0
91250 76
91689 79
91693 0
91883 76
92155 0
92742 47
92802 0
93164 74
93508 0
93677 36
93840 0
94353 74
94972 0
95543 74
95554 0
95916 36
96108 74
96120 0
96633 66
96820 76
97143 66
97213 0
97327 66
97913 36
98741 0
98847 36
99445 74
929 events for 1
70 45
129 45
392 38
398 38
468 0
665 45
800 0
834 49
900 45
944 38
961 0
1067 45
1234 0
1447 49
1682 0
1711 49
1732 0
1903 45
2193 49
2211 0
2300 49
2436 0
2650 45
2682 38
3247 0
3276 38
3408 49
3643 0
3719 38
3921 0
4184 49
4236 0
4479 45
4523 0
4709 45
4802 0
4953 45
4970 45
5153 0
5187 38
5245 0
5322 49
5450 49
5714 49
5762 0
5817 38
5839 0
6578 38
6814 0
6819 49
6841 0
6957 45
6976 0
7246 45
7375 38
7406 0
7423 45
7546 0
7602 38
7646 49
7762 49
7857 0
8148 45
8209 0
8223 45
8305 49
8485 0
8518 45
8596 0
8612 45
8632 45
8699 0
8733 49
8790 45
8952 0
8989 49
9076 0
9194 49
9259 38
9263 38
9295 0
9531 38
9633 0
9698 49
9807 0
9818 49
9922 45
9970 0
10143 38
10418 0
10452 45
10456 0
10476 45
10549 0
10716 45
10837 0
10880 45
10882 38
10904 0
10921 49
10934 45
10988 0
11086 38
11136 45
11168 49
11382 38
11426 0
11584 49
11657 0
11682 49
11821 0
11966 49
11983 0
12059 49
12158 0
12159 49
12342 38
12483 0
12951 45
13028 0
13280 49
13378 45
13570 0
13605 38
13649 0
13694 49
14058 38
14113 49
14176 0
14498 45
14646 38
15066 49
15235 0
15318 45
15523 0
15594 45
15597 38
15692 0
15837 38
15852 0
16506 45
16827 0
17168 49
17180 0
17455 38
17504 0
17534 49
17585 0
17656 38
17745 38
17775 0
18073 38
18267 0
18283 38
18581 0
18703 49
18758 0
18808 49
19037 0
19208 38
19249 0
19338 45
19343 45
19372 0
19572 38
19583 0
19744 38
19959 38
20187 0
20345 49
20487 0
20716 49
20828 49
20848 0
20901 38
20958 0
20978 49
20987 0
21059 38
21195 0
21367 45
21623 45
21656 0
21658 49
21680 0
21887 38
21910 0
21975 49
21989 45
22032 45
22113 0
22334 38
22484 0
22544 38
22902 49
22934 0
22956 45
23028 45
23061 0
23156 38
23289 0
23385 38
23536 0
23559 45
23613 0
23726 49
23740 45
23803 49
23852 0
24115 38
24246 49
24256 38
24345 38
24431 45
24433 0
24458 38
24479 49
24683 0
25127 49
25146 0
25179 49
25202 49
25248 38
25271 0
25435 38
25541 0
25593 38
25620 45
25695 0
25816 45
25930 38
25949 49
25979 49
26113 0
26223 45
26340 38
26465 0
26513 38
26985 0
27045 38
27078 0
27097 49
27304 45
27547 49
27808 0
27906 38
27981 0
27991 49
28167 0
28208 38
28237 45
28315 0
28359 45
28831 0
29150 38
29192 0
29205 38
29208 0
29232 38
29344 45
29362 0
29591 49
29791 0
30036 49
30089 0
30398 45
30590 38
30760 38
30898 0
31006 49
31007 0
31020 49
31237 49
31325 49
31383 0
31658 45
31722 0
31842 45
32003 0
32207 45
32309 0
32402 45
32405 0
32503 38
32507 0
32512 49
32573 38
32857 0
32992 45
33090 0
33107 45
33138 0
33163 45
33166 0
33202 45
33639 0
33652 49
33952 45
34039 0
34072 38
34128 0
34586 45
34592 0
34595 38
34827 38
34893 0
34917 38
35014 0
35131 38
35229 0
35259 38
35352 38
35898 45
35915 45
36123 0
36150 38
36219 38
36630 38
36851 45
36992 0
37180 49
37201 45
37262 0
37511 45
37734 38
38018 49
38024 0
38028 49
38384 0
38391 38
38447 0
38565 49
38567 0
38692 49
38789 0
38848 38
38978 0
39085 38
39396 38
39955 45
39989 0
40066 49
40348 0
40361 49
40382 38
40520 45
40601 0
40889 49
41091 0
41123 38
41230 0
41253 45
41367 45
41746 0
41991 38
42031 0
42100 45
42478 45
42775 0
42782 38
42918 38
42927 0
43003 45
43048 0
43078 49
44205 45
44310 0
44476 45
44499 0
44549 45
44620 0
44634 38
44821 0
44911 49
45054 0
45137 45
45273 0
45292 49
45428 0
45532 38
45641 45
45659 45
45721 0
45900 45
45904 0
45939 49
46024 0
46123 45
46128 0
46226 45
46317 0
46381 45
46490 0
46585 45
46642 0
46759 38
46879 45
46922 45
46977 0
47038 49
47058 0
47227 49
47308 0
47370 49
47637 49
47682 0
47813 49
47916 0
48025 38
48272 45
48296 0
48394 45
48413 0
48438 49
48616 0
48628 45
48685 49
48766 49
48787 0
48897 38
49007 0
49031 45
49249 49
49305 0
49344 38
49646 0
49825 49
50185 0
50306 49
50440 0
50598 38
50683 38
50742 0
50775 49
50855 45
50924 49
50963 0
51160 38
51229 0
51428 45
51450 45
51480 0
51658 38
51659 49
51672 0
51802 45
51841 45
52011 0
52042 49
52097 0
52160 45
52164 0
52410 49
52555 0
52673 49
52702 0
52986 49
53076 0
53282 45
53330 49
53377 49
53379 0
53646 45
53661 0
53670 45
53675 38
53786 38
53836 0
53942 38
53957 45
53990 0
54320 38
54642 45
54646 0
54759 38
54874 49
54914 0
55167 38
55233 0
55555 38
55601 0
55630 38
55649 0
55703 45
55767 0
55897 49
56169 49
56222 0
56242 49
56294 0
56304 38
56317 0
56433 45
56560 0
56834 49
57059 45
57214 45
57421 0
57599 38
57655 0
57744 45
57898 49
58054 0
58122 49
58225 0
58315 49
58341 0
58422 45
58481 45
58536 0
58719 49
58782 0
59012 38
59102 0
59210 49
59471 45
59500 49
59540 0
59612 45
59629 0
59889 49
60005 0
60007 45
60061 38
60123 0
60176 49
60403 0
60731 38
60758 0
60783 45
60863 38
60922 38
60981 0
61006 38
61040 0
61361 45
61407 0
61473 49
61526 49
61566 0
61745 38
62036 49
62050 0
62058 49
62215 0
62226 38
62258 0
62454 45
62460 0
62686 49
62842 0
62861 45
63039 38
63134 49
63143 0
63148 49
63161 38
63272 0
63289 38
63337 45
63529 0
63545 49
63788 49
63933 0
64125 49
64506 0
64680 49
64685 0
64817 45
64890 0
65263 45
65369 0
65384 38
65520 49
65744 49
65761 0
65784 38
65843 38
66067 0
66099 49
66151 0
66244 45
66413 0
66455 49
66551 0
66732 38
67021 0
67176 38
67197 0
67306 45
67656 0
67679 38
67771 0
67830 38
67889 38
67953 0
68054 49
68066 38
68120 0
68259 45
68272 0
68275 49
68508 38
68810 0
68867 45
68958 0
69018 45
69301 0
69348 45
69419 45
69565 0
69809 38
69847 38
69855 49
70015 0
70017 49
70166 0
70218 45
70440 0
70450 49
70465 38
70482 49
70491 0
70594 38
70619 0
70689 49
70724 0
70804 38
70844 0
70973 38
70999 0
71180 45
71224 45
71295 0
71527 49
71709 0
71937 38
71952 38
72057 0
72190 49
72322 0
72526 45
72579 0
72609 38
72723 0
72740 45
72823 0
72896 49
72903 0
72917 49
73012 0
73102 45
73110 0
73191 49
73250 0
73267 45
73289 0
73361 45
73546 49
73827 38
73941 49
73954 0
73978 38
74249 45
74252 0
74273 45
74519 0
74580 45
74614 0
74652 49
74685 0
74793 38
74806 0
74821 49
74838 0
74845 38
74997 0
75377 49
75417 0
75628 49
75801 0
75854 49
75937 0
75949 45
75999 0
76035 38
76114 0
76193 45
76273 0
76306 38
76348 38
76369 0
76417 49
76557 38
76592 0
76693 45
77000 0
77038 38
77109 0
77197 38
77426 0
77526 45
77553 0
77889 49
78160 0
78222 38
78412 0
78474 49
78612 0
78705 49
78788 0
78830 45
79097 0
79163 38
79223 49
79256 38
79446 45
79492 0
79505 49
79668 0
79755 45
79783 0
79846 45
79881 0
79930 49
80004 0
80192 45
80242 0
80243 49
80310 45
80442 0
80693 45
80883 0
80928 49
81147 38
81229 49
81362 45
81443 0
81590 45
81593 0
81890 38
81981 0
82061 49
82370 0
82534 49
82574 0
82634 45
82697 38
82753 49
82987 0
83074 45
83104 0
83310 45
83359 0
83381 49
83463 38
83512 0
83557 38
83679 38
83682 0
83750 49
83766 38
83799 0
83892 38
83920 45
84015 0
84091 38
84170 0
84275 49
84312 0
84473 38
84478 0
84491 49
84620 0
84633 49
84637 0
84729 49
84937 0
85119 38
85158 45
85170 49
85215 0
85897 38
86239 49
86250 45
86381 0
86513 49
86578 0
86688 45
86847 0
87005 45
87019 0
87548 49
87654 38
87734 0
87812 38
87974 0
88069 38
88251 49
88273 0
88336 45
88475 0
88510 45
88520 49
88635 0
88723 45
88813 0
88830 38
88873 0
89094 45
89184 49
89282 0
89533 38
89596 0
89634 45
89651 38
89708 45
89730 38
89881 38
89885 0
89922 38
90016 38
90064 0
90198 49
90217 0
90578 45
90619 0
90711 38
90808 0
90874 49
90925 49
90981 49
91028 0
91057 38
91090 0
91129 49
91270 0
91281 49
91468 45
91548 38
91559 0
91722 49
91791 0
92001 45
92034 45
92130 0
92231 49
92245 0
92259 49
92339 0
92393 45
92539 0
92614 38
92638 45
92667 0
92866 38
92932 49
92945 0
93266 49
93311 0
93343 49
93628 0
93726 45
93783 0
94054 38
94077 0
94098 49
94139 0
94264 38
94400 49
94486 0
94488 38
94552 49
94608 0
94680 45
94714 0
94792 38
94806 0
94990 49
95010 0
95062 38
95074 0
95089 49
95325 0
95454 45
95736 38
95761 0
95790 49
95836 45
96018 0
96023 38
96164 0
96274 45
96411 0
96469 38
96481 45
96530 0
96681 38
96807 38
96811 0
96827 45
96882 0
97062 38
97124 45
97491 0
97557 45
97675 45
97818 0
97819 49
97888 0
97926 45
98023 0
98144 49
98189 0
98379 49
98547 0
98695 49
98710 0
98765 49
98843 38
98900 0
98976 49
99011 0
99139 45
99177 38
99195 0
99403 38
99444 38
99540 0
387 events for 2
367 37
454 0
969 39
1080 0
1146 42
1476 0
1621 42
2050 0
2219 52
2429 0
3574 37
4361 0
4996 37
5004 0
5097 39
5552 0
5657 39
6044 0
6306 39
6861 42
6975 39
7266 0
7456 42
8062 0
8688 39
9004 0
9670 42
9903 0
10116 52
10365 42
11227 0
11243 39
11495 0
11768 39
11796 52
11812 42
12002 0
12218 37
12574 39
12687 0
13218 39
13888 0
14214 37
14382 0
14688 39
14701 0
14880 39
15235 0
15862 42
16070 0
16182 52
16198 0
16222 52
16745 0
17071 39
17186 39
17539 39
17559 0
17782 37
17949 0
18046 39
18232 0
18284 42
18413 39
18593 0
18734 39
18902 0
19073 37
19507 0
20354 42
20908 0
21061 39
21081 0
21299 39
21414 0
22134 39
22345 0
23106 39
23483 0
23845 52
23911 0
24018 37
24448 0
24525 39
24793 39
25224 0
25305 39
25625 0
26071 37
26602 0
26770 39
26789 0
26960 52
26981 0
27631 37
27985 0
28126 42
28587 0
29143 52
29387 0
29918 37
29950 0
30208 52
30269 0
31127 52
31152 0
31261 39
31466 0
31754 42
31937 0
31958 42
31988 52
32250 0
32620 37
32800 0
32856 39
32859 37
33458 0
33540 52
33697 0
34083 42
34437 0
34734 39
34801 0
34937 37
35043 0
35599 39
36114 0
36154 39
36184 37
36677 0
36689 37
36809 0
36858 39
36980 42
37070 37
37232 0
37519 52
37708 39
37918 0
38002 39
38058 0
38158 37
38349 52
38622 0
38717 42
38808 0
38914 42
39157 0
39250 42
39260 0
39706 39
39829 0
40080 37
40111 0
40717 42
40830 0
41385 39
41562 37
42156 0
42243 42
42385 0
42733 52
43036 0
43702 39
43714 0
43747 42
44057 0
44074 52
44235 52
44297 0
44443 42
44892 0
45211 39
45368 0
45739 37
45757 0
45783 39
45981 0
46099 39
46191 0
47231 42
48210 0
48823 42
48837 42
48871 37
49264 0
49371 39
49668 37
49860 0
50303 52
50537 0
50864 39
51125 39
51248 0
51706 42
52465 0
52515 52
52547 0
53004 52
53027 0
53760 52
53813 0
54188 42
54667 0
55189 52
55309 42
55389 0
55454 42
55505 0
55966 52
56415 0
56501 42
57041 0
57694 42
57793 37
57899 39
58076 42
58542 52
58680 0
59375 39
59627 0
60175 39
60177 52
60201 0
60585 42
60587 0
60731 52
61073 39
61268 0
61683 37
62027 0
62109 39
62133 0
62416 39
62742 52
62925 0
63908 52
64212 0
64749 42
64892 0
65164 39
65364 39
65568 39
65626 0
65704 37
65972 0
65986 52
66032 0
66040 52
66218 0
66351 39
66647 37
66712 37
66893 0
67336 52
67650 0
68089 39
68311 0
68500 39
68653 0
68815 39
68846 0
69663 42
69891 0
70277 39
70407 0
70674 52
70715 37
70744 0
70935 37
71026 42
71288 0
72729 39
73094 52
73226 0
73299 42
73379 0
73388 52
73411 0
73499 39
73570 0
73611 42
74090 39
74237 39
74349 52
74383 0
74392 39
74547 0
75097 39
75387 52
75471 0
75505 37
75522 0
75797 42
75816 0
76052 37
76295 0
76853 39
77129 0
77456 39
77975 0
78021 42
78307 0
78413 52
78723 42
78780 0
78853 37
78924 0
79767 52
79834 0
80205 52
80407 0
80493 37
80793 0
80876 42
80882 0
80937 42
81430 0
81455 39
81482 37
81719 0
82022 52
82145 0
82454 52
82585 0
82733 52
82742 0
83571 37
83635 0
84155 52
84234 0
84583 39
84835 0
85447 39
85621 0
86039 42
86878 39
86969 0
87051 39
87431 0
87471 37
87672 39
87699 52
87728 39
87754 0
87981 39
88394 0
88644 39
88818 42
89021 0
89152 42
89338 0
89475 52
89809 0
89860 42
90278 42
90327 0
90530 39
90893 0
92223 42
92364 39
92608 52
92644 0
92738 52
92774 0
93045 37
93187 0
93261 39
93692 0
93880 52
94588 0
95600 37
96287 0
96510 39
96944 37
97182 0
98038 52
98228 42
98248 0
98784 37
98884 0
98947 39
99185 0
99398 37
99597 0
99609 52
240 events for 3
1025 46
1129 0
1648 78
1970 0
2065 74
2584 78
3687 0
4137 54
4517 74
4874 0
5286 78
5487 0
5519 78
5831 0
6191 78
6484 0
6999 74
8664 74
8705 0
10135 46
10136 0
11073 74
11136 74
11273 68
11414 0
11657 74
11705 0
12318 74
12536 0
12761 78
12851 0
13205 74
13402 0
13606 46
13628 0
14553 54
15131 0
15630 54
15690 0
15920 68
16523 0
16632 44
17385 0
17610 68
17800 0
18089 74
18566 0
18738 54
18809 0
19213 44
20135 0
21217 78
22497 68
22822 78
23599 68
23767 44
25245 44
25821 0
25925 68
26112 0
26952 46
27161 54
27358 0
28057 78
28324 0
28663 78
28961 54
30115 44
30284 0
30927 54
31052 0
31316 74
31569 0
32120 74
32128 68
32414 0
33691 78
34074 0
34334 54
34454 0
34605 68
35400 0
35719 46
35854 0
36103 46
36176 0
36191 54
36386 0
36541 54
36758 0
36921 54
37910 0
39323 68
39449 0
39966 54
40445 0
40550 74
40792 0
41760 74
41986 0
42124 78
42211 0
42761 46
42783 68
44055 78
44186 0
45161 54
45289 44
45320 0
45388 44
45854 0
45863 54
46376 0
46402 74
46531 44
47129 0
47610 78
48484 0
48835 54
49013 0
50269 44
50516 44
51642 0
52473 54
52798 0
52939 68
55018 0
55266 78
55440 0
55881 78
56261 46
56279 74
56410 74
57490 0
57663 54
57984 46
58268 74
58372 54
58653 0
58676 44
58916 0
59143 78
59161 0
59722 74
59794 0
60255 74
60876 54
60915 0
61487 68
61600 0
61650 44
61725 78
62278 0
62687 46
63288 0
63338 68
63797 0
64065 74
64236 44
64241 78
64406 0
65395 68
65892 0
66298 78
66352 0
66587 44
66691 0
66772 46
66881 0
67390 74
68456 44
70837 44
71107 0
72139 44
72563 74
72731 0
72857 78
72971 44
74770 0
74880 68
75937 0
75963 46
76388 0
76495 54
76632 54
77007 0
77178 78
77182 74
77271 0
77733 54
79050 0
79168 54
79322 0
79930 44
80221 0
80871 54
80903 0
81767 54
81813 0
82736 74
82885 0
82975 78
83093 0
83636 78
84379 0
84611 54
84726 74
85169 0
87232 44
88018 0
88525 68
89319 0
89329 54
89995 0
90405 68
90485 0
91103 46
91619 0
91882 78
91889 46
91891 74
92911 44
92923 0
93979 46
95009 78
95241 0
95461 68
95671 0
95681 54
96029 0
96810 78
96826 54
97788 0
97818 74
97911 0
98192 78
98670 0
98758 74
99162 0
99253 74
718 events for 4
160 41
254 0
259 66
507 0
518 55
655 0
714 55
769 0
951 66
988 66
1038 0
1070 55
1201 64
1360 44
1727 44
1903 0
1906 66
1975 0
2058 55
2191 0
2333 44
2433 0
2473 44
2630 0
2784 64
2796 55
2805 0
2927 18
3041 0
3119 44
3126 0
3409 44
3535 62
3553 0
3635 18
3677 41
3748 0
3848 64
4198 0
4362 18
4581 0
4651 64
4689 0
4776 66
4848 0
5265 18
5560 0
5567 66
5808 0
5893 62
5896 0
5985 18
6083 0
6155 55
6228 0
6260 64
6298 0
6345 41
6352 64
6362 55
6556 0
6600 64
6672 44
6720 64
6738 0
6773 66
6912 62
6987 0
7069 44
7083 0
7246 44
7353 0
7409 44
7510 0
7569 41
7694 0
7891 44
8037 62
8079 0
8291 62
8321 0
8404 55
8517 44
8687 0
9292 41
9605 0
9736 55
9843 0
9896 66
9897 0
10019 55
10080 0
10166 44
10359 0
10378 41
10574 18
10748 0
10803 55
10835 0
10971 18
11032 0
11151 62
11180 44
11266 41
11955 41
12050 0
12258 44
12418 44
12454 44
12651 0
12758 66
12818 0
13009 64
13017 0
13025 18
13386 0
13396 62
13412 0
13553 66
13602 0
13685 66
13714 0
13740 18
14130 0
14189 18
14264 62
14281 0
14374 55
14381 0
14554 55
14851 0
14934 41
15003 41
15292 0
15357 66
15442 0
15816 55
15939 0
15965 44
15997 0
16356 64
16369 0
16507 64
16599 18
16622 0
16716 18
16785 0
17154 41
17257 0
17366 44
17490 62
17502 62
17576 0
17713 66
17715 0
17868 41
17980 41
17986 62
17987 0
18292 64
18550 0
18572 41
18761 41
19078 0
19234 62
19352 0
19759 18
19911 18
19972 41
20073 0
20415 62
20616 0
20790 41
20817 0
20995 18
21389 0
21496 44
21513 0
21609 55
21643 0
21742 18
21857 41
22019 62
22143 0
22341 41
22416 0
22538 55
22543 0
22615 62
22668 0
22671 18
22709 0
22853 44
22892 0
22923 41
22955 0
23039 44
23223 0
23297 41
23333 64
23546 0
23556 62
23834 0
23931 62
24305 0
24454 62
25002 0
25141 62
25149 0
25323 55
25872 0
26239 55
26263 44
26324 0
26354 55
26999 0
27045 18
27106 0
27285 41
27579 0
27707 55
27835 0
28037 44
28106 0
28408 44
28448 0
28461 18
28551 0
28567 41
28976 0
29064 41
29225 41
29253 44
29379 0
29408 64
29464 0
29505 55
29537 0
29782 55
29947 0
30243 44
30744 0
30886 18
30958 41
30997 64
31173 0
31195 66
31285 41
31456 55
31850 55
32035 0
32162 41
32222 0
32306 44
32309 0
32400 64
32443 0
32485 44
32520 0
32606 41
33320 55
33372 0
34053 64
34232 41
34610 0
34642 62
34666 62
34703 66
34803 0
34809 18
34990 0
35274 41
35350 0
35361 64
35375 0
35523 44
35629 62
35637 0
35691 44
35710 44
35743 0
35767 64
35824 0
35949 44
36022 0
36095 66
36328 0
36490 41
36494 0
36949 44
36972 0
36977 18
37136 0
37635 66
37734 0
37808 62
37842 0
37952 44
38085 41
38278 0
38508 62
38550 0
38613 62
38991 0
39141 62
39146 0
39223 64
39370 18
39513 64
39800 0
39845 18
40140 66
40164 0
40356 18
40426 0
40741 44
40982 0
41035 64
41177 18
41284 62
41504 0
41612 18
41767 0
42358 55
42485 0
42855 18
42915 0
42944 44
42957 0
42965 64
43403 0
43500 44
43660 0
43680 62
43820 0
43833 41
43903 0
43959 44
44038 0
44233 62
44531 0
45166 44
45208 0
45411 55
45673 64
45718 0
45723 18
45925 0
46402 62
46813 0
46911 55
47027 44
47255 41
47354 62
47424 66
47564 0
47573 64
47857 55
47860 0
47971 41
48108 0
48234 55
48258 0
48306 64
48546 0
48573 44
48868 0
48984 66
49325 0
49540 66
49562 0
49575 64
49796 0
49837 62
50036 0
50047 66
50160 0
50214 66
50513 0
50855 62
50866 0
50998 66
51292 0
51375 44
51392 41
51548 0
51697 64
51777 62
51908 0
52190 41
52273 0
52288 41
52444 62
52456 62
52566 66
52660 0
52728 64
52793 0
52897 55
52903 0
53287 64
53348 18
53366 0
53474 62
53743 55
53764 0
53931 62
54036 44
54431 0
54444 64
54464 0
54594 66
54608 0
54632 62
54700 64
54884 0
55198 66
55272 0
55357 66
55581 0
55612 18
55773 0
55888 44
55899 0
56197 44
56763 0
56856 55
57081 0
57157 18
57240 18
57293 0
57459 41
57483 64
57497 0
57556 62
57600 0
57612 66
57944 0
57948 18
58485 0
58633 18
58635 0
58842 55
58882 55
58954 0
59324 66
59435 0
59587 41
59845 0
60025 55
60207 0
60344 66
60581 66
60903 0
61057 41
61144 0
61257 44
61333 55
61708 0
61770 18
61790 0
61848 66
61918 0
61977 64
62425 41
62476 0
62594 64
62835 0
62967 18
62980 0
63152 62
63426 66
63432 18
63636 0
63701 64
64236 44
64329 0
64418 62
64455 0
64614 44
64629 62
64952 55
64955 0
65033 66
65136 44
65146 0
65207 66
65412 0
65541 41
65797 0
65830 55
65960 41
66045 0
66513 44
66682 0
66759 55
66956 41
66974 55
67099 0
67238 41
67320 0
67385 64
67849 18
67853 0
67954 55
68084 64
68091 0
68159 44
68346 62
68745 0
68820 62
68844 0
68877 62
69180 66
69204 44
69208 0
69560 62
69724 66
69774 66
69933 0
70066 66
70557 0
70709 44
70978 64
71018 62
71090 0
71182 66
72152 18
72642 0
72790 66
72866 55
73014 18
73096 0
73175 62
73310 0
73763 41
73779 0
73958 66
74115 44
74142 0
74272 64
74323 41
74447 0
74454 18
74646 0
75271 55
75582 0
76261 18
76314 41
76325 0
76452 66
76453 62
76692 18
76769 0
76842 62
77160 0
77177 18
77235 0
77273 62
77548 41
77575 0
77665 18
77775 0
77842 55
77852 0
77910 62
78111 0
78300 41
78307 44
78546 0
78601 64
78669 0
78745 66
78818 0
79182 18
79275 0
79909 41
80024 0
80248 55
80387 0
80552 41
80857 0
81311 66
81528 0
81606 41
81738 0
81794 44
81800 0
81818 64
81979 0
82033 64
82171 0
82686 62
83254 0
83336 41
83537 0
83619 55
83837 0
83919 66
84050 0
84096 41
84350 0
84480 62
84628 0
84681 55
84945 0
84947 41
85180 0
85203 55
85351 0
85383 41
85542 0
85705 66
85793 0
85803 66
85867 0
85995 55
86098 0
86339 18
86347 0
86634 41
86639 0
86967 64
87044 41
87161 55
87266 0
87440 62
87728 0
87806 55
88347 0
88666 66
88685 0
88715 44
88799 0
88907 44
88943 0
89153 64
89246 66
89381 0
89425 64
89476 55
89649 0
89777 18
89843 0
89955 55
89971 0
90147 44
90292 44
90325 18
90449 0
90564 44
90867 0
91092 41
91409 64
91585 66
91833 0
92046 64
92137 0
92166 18
92204 0
92279 44
92442 0
92458 41
92575 0
92790 64
92824 66
92837 0
92911 62
92931 64
93143 0
93256 66
93399 0
93476 64
93961 0
94009 66
94173 0
94385 64
94516 0
94528 64
94577 55
94631 0
94677 44
95005 41
95102 18
95302 0
95365 62
95489 0
95516 18
95517 55
95575 0
95718 41
95864 0
95875 18
95967 64
96280 0
96586 55
96822 18
96833 0
96835 62
96992 0
97236 55
97382 0
97644 55
97733 18
97800 0
97855 64
97971 62
97976 0
98008 44
98026 0
98115 18
98337 0
98422 41
98760 0
99335 18
99436 44
99724 0
99886 62
719 events for 5
113 34
409 0
446 26
521 32
1070 26
1262 0
1325 32
1802 26
2313 0
2408 32
2446 26
2713 34
2732 32
2925 0
2928 34
3076 0
3254 32
3480 32
3536 0
3570 26
3662 0
3730 34
3794 0
3805 26
3889 0
4133 26
4453 26
4510 0
4707 32
5212 0
5318 34
5434 0
5697 32
5830 0
5940 32
5966 26
6162 0
6175 26
6572 0
6696 34
7167 0
7241 34
7292 32
7681 0
7775 32
7899 0
8071 32
8551 0
8559 26
8705 32
8786 0
8845 32
8848 26
8875 0
8888 26
8906 34
8986 0
9292 34
9424 0
9476 26
9483 34
9900 0
9919 26
10182 34
10577 0
10649 26
10657 0
10862 32
10888 32
10907 0
10922 32
11015 0
11075 32
11565 0
11614 26
11745 0
11755 34
11798 0
11883 26
11973 0
11975 32
11996 0
12077 32
12207 0
12576 26
12813 0
12903 34
13070 32
13093 32
13384 0
13518 32
13538 0
13565 26
13592 32
13881 0
13920 32
14016 34
14103 0
14192 26
14594 0
14600 26
14631 32
14791 32
14859 0
14861 34
14931 0
15024 26
15038 0
15102 26
15650 0
15654 26
15787 32
15798 0
16398 32
16458 0
16536 26
16542 0
16661 34
16847 0
16943 34
17235 0
17546 34
17810 0
18103 34
18112 0
18400 32
18419 0
18679 32
18762 0
19014 34
19137 0
19196 34
19247 26
19274 0
19537 32
19542 0
19552 32
20047 34
20269 0
20281 32
20299 0
20471 32
20476 26
20524 0
20643 32
20713 0
20728 26
20782 0
20962 32
20998 0
21069 32
21247 0
21313 32
21489 0
21831 26
21861 34
21869 0
22096 34
22143 32
22534 26
22640 34
22676 0
22877 34
23140 32
23323 0
23481 26
23486 0
23647 26
24148 0
24297 26
24366 0
24477 34
24535 32
24565 0
24648 26
24984 0
24997 34
25107 0
25169 32
25256 0
25282 34
25370 34
25393 0
25587 32
25674 34
25715 26
25731 26
25851 0
26007 34
26066 34
26087 0
26159 32
26208 0
26390 26
26431 32
26458 0
26622 34
26687 0
26712 32
27165 0
27340 26
27556 0
27601 32
27620 0
27983 34
28122 0
28130 26
28285 0
28836 34
28887 0
29179 32
29431 26
29465 0
29482 32
29561 0
29604 32
29722 0
29941 26
29998 0
30003 32
30144 0
30175 32
30323 0
30498 32
30667 0
30702 32
30810 34
30905 0
31765 26
31863 0
31996 34
32232 32
32272 34
32307 0
32375 26
32414 32
32425 0
32457 34
32471 32
32734 32
33115 32
33118 0
33326 34
33374 0
33487 32
33603 0
33650 26
33733 0
33807 34
33826 34
33917 0
34289 34
34549 32
34575 0
34627 26
34935 0
35034 34
35289 32
35493 26
35640 0
35724 34
36133 0
36213 32
36278 0
36409 32
36746 0
36748 26
36802 0
36946 34
36975 0
37112 26
37232 32
37415 0
37440 32
37484 26
37521 0
37607 34
37656 0
37786 26
37830 34
38367 32
38528 26
38545 0
38576 34
38965 0
39039 34
39142 34
39349 0
39487 26
39524 0
39659 26
40005 0
40011 26
40263 0
40408 34
40660 32
40699 26
40736 32
40791 26
40818 0
40822 34
41209 26
41220 0
41423 32
41584 32
41697 32
41743 0
41819 32
41863 0
42335 34
42756 34
42770 26
43052 34
43257 0
43356 32
43375 0
43653 32
43977 34
43982 26
44557 32
44561 26
44686 0
45125 32
45249 0
45321 26
45438 34
45466 0
45799 34
45932 34
45985 0
46179 32
46249 0
46346 32
46504 0
46600 34
46859 26
46868 26
46881 0
47127 34
47171 26
47369 0
47837 34
47844 32
47937 0
48111 32
48297 0
48500 32
48570 34
48640 32
48647 26
48934 0
49238 34
49282 0
49371 32
49658 0
49885 26
49947 0
50018 34
50249 0
50306 32
50341 0
50412 32
50461 34
50495 0
50577 34
50985 0
51261 32
51264 34
51371 0
51617 32
51642 34
51732 0
51768 34
51890 26
51944 0
52372 26
52436 0
52807 26
53025 0
53126 34
53317 0
53443 34
53512 0
53568 32
53592 0
53687 26
53901 0
53985 34
54052 26
54112 0
54124 26
54244 34
54266 0
54412 34
54413 0
54421 34
54438 26
54467 0
54563 34
54640 0
54761 34
54862 0
54975 26
55001 34
55034 34
55072 0
55106 34
55283 0
55788 26
55803 0
55912 34
56108 26
56423 34
56713 0
56910 34
56939 32
56963 0
57169 34
57207 0
57250 26
57374 0
57375 26
57413 32
57526 0
57715 26
57862 0
57995 26
58015 0
58042 32
58134 0
58149 32
58475 0
58533 26
58730 32
59148 0
59175 26
59408 0
59634 26
59885 0
59949 34
60085 26
60148 0
60214 34
60585 0
60646 32
60917 34
60965 0
61101 34
61235 32
61376 0
61585 34
61646 0
61712 32
61758 0
61923 32
61951 0
61963 34
62120 34
62390 0
62395 34
62504 34
62584 0
62765 34
62945 0
63210 34
63303 0
63308 34
63390 0
63396 26
63405 0
63735 26
63818 0
63874 32
64188 0
64229 26
64431 0
64642 26
64665 26
64785 0
64840 34
65039 0
65150 34
65331 0
65397 34
65441 0
65573 32
65667 0
65743 34
65765 0
65847 34
65909 0
65942 34
65970 32
65973 0
66024 26
66180 32
66355 0
66493 26
66562 0
66565 26
66626 0
66707 34
66843 0
66952 34
67298 32
67714 32
68453 0
68472 34
68958 34
69084 32
69307 0
69502 26
69552 0
69616 34
70112 26
70347 0
70357 26
70412 26
70692 26
70739 0
70797 26
71074 34
71102 26
71197 26
71302 0
71619 26
71783 32
71852 0
72121 26
72298 0
72456 34
72536 0
72724 32
72734 0
72894 26
72948 0
72974 32
73261 0
73307 32
73341 0
73476 26
73703 32
73747 0
73928 32
74156 26
74255 32
74430 0
74533 34
74619 0
74628 26
74637 0
74766 34
74921 0
74947 32
75420 32
75430 0
75581 34
75761 0
75946 26
75978 0
76002 32
76401 0
76477 32
76504 0
76753 34
77091 0
77150 32
77223 0
77578 32
77612 0
77763 34
77881 32
78037 0
78076 26
78180 0
78391 26
78426 0
78515 34
78591 0
78699 34
78939 0
79186 26
79227 26
79229 0
79282 26
79579 32
79763 0
79992 34
80190 0
80265 26
80336 0
80413 26
80600 0
80654 26
80793 0
81073 32
81172 0
81278 32
81393 0
81412 26
81556 0
81707 34
81936 0
82002 34
82167 0
82318 32
82441 0
82968 34
82993 0
83254 34
83445 32
83590 0
83683 32
83731 0
83977 32
84139 32
84153 32
84200 26
84207 0
84228 34
84421 0
84501 26
84660 0
85163 32
85359 0
85386 26
85511 34
85575 0
85856 26
85859 0
86063 26
86225 0
86594 26
86628 0
86770 32
86837 0
86920 26
87137 0
87164 26
87259 0
87350 34
87571 0
87820 34
87863 26
87909 0
88214 32
88254 0
88328 34
88409 34
88541 0
88680 32
88903 0
89229 26
89436 0
90033 26
90141 34
90151 0
90464 26
90508 0
90629 26
90672 0
90833 34
90990 0
91272 32
91277 26
91325 0
91514 32
91803 0
91809 26
91982 26
91992 0
92001 32
92391 0
92425 32
92732 0
92744 26
92946 0
93072 32
93195 34
93220 34
93661 34
93979 32
94326 0
94409 32
94478 0
94612 34
94623 34
94791 0
94974 32
95411 0
95619 34
95758 26
96035 26
96041 0
96056 34
96197 0
96204 26
96260 0
96339 34
96369 0
96515 32
96595 0
96836 34
96993 0
97142 32
97235 0
97279 26
97310 0
97479 34
97567 0
97934 32
98196 0
98283 26
98709 0
98809 32
99186 0
99501 26
99580 0
99817 32
193 events for 6
941 94
1357 0
1741 94
3015 96
3441 98
3657 0
4267 94
4360 0
4368 96
4384 0
5262 94
5368 0
6373 96
7482 95
7613 0
7833 96
7858 0
8036 95
8569 98
8588 0
8767 95
10310 95
10618 0
10817 94
11913 0
12785 94
13071 98
13090 96
13764 95
14442 94
15379 0
15600 94
15622 98
16734 0
17219 94
17332 94
19106 0
19253 94
19491 0
20065 98
20561 0
20672 96
20932 96
21051 0
22031 94
23976 94
24778 0
25235 94
25483 96
25760 0
26170 94
26196 94
26335 0
26551 94
27701 0
27994 98
28123 0
28710 96
28791 0
29722 95
29778 0
30013 98
31091 0
32392 94
32759 0
32810 95
34462 0
34602 95
35726 0
35808 96
37777 94
38217 0
40323 94
40566 0
41135 94
43049 0
43242 94
43392 0
44223 95
44271 96
44844 0
45348 98
45709 0
45741 95
46309 96
47137 0
47654 94
48089 0
48445 95
48851 95
49249 0
50316 95
50831 0
51597 94
52392 0
53258 94
53289 0
53331 94
54162 0
54686 94
55363 96
55432 0
55471 94
55717 95
56234 0
56594 98
56651 94
56833 0
57485 98
57798 0
58108 95
59018 94
60556 95
60811 98
61078 98
61090 0
61636 94
61687 0
62082 94
62159 94
63148 0
63345 95
63400 0
63468 94
63655 0
66171 94
66319 0
66508 94
67028 96
67640 0
69304 94
69325 98
69712 0
69961 96
69971 94
70012 0
70333 96
70837 0
71107 94
71139 0
71800 94
72009 0
72274 96
73511 0
74185 94
75188 0
76168 96
76329 0
77683 98
78385 0
78408 94
78720 0
79104 94
80485 98
80841 0
80873 98
80960 0
81960 96
82271 94
82433 94
82454 0
83113 96
83396 94
84668 98
86020 0
86622 94
87156 96
87296 0
87726 94
87953 0
88008 98
88196 0
88526 94
88581 0
88588 98
89211 0
89646 96
90540 0
90687 95
93123 0
93136 94
93809 0
94459 96
94678 0
95180 96
96043 0
96090 96
96839 0
97044 95
97169 94
97738 0
98284 94
99318 0
588 events for 7
307 73
487 74
1086 73
1630 0
1723 73
1726 0
2054 81
2372 0
2816 81
2905 0
3007 81
3047 0
3551 81
3572 0
3574 81
3610 0
3636 73
3716 74
3797 0
4050 76
4187 81
4200 0
4425 73
4539 0
4769 76
4837 0
4928 73
5296 73
5321 74
5778 73
6013 0
6183 81
6485 0
7466 76
7610 0
7629 74
7823 74
7953 0
8281 76
8320 0
8640 81
8696 0
8864 76
9155 0
9226 81
9325 81
9328 74
10191 76
10198 0
10313 73
10317 0
10525 73
10696 73
10853 0
10930 73
11503 0
11553 76
11585 0
11646 73
11914 0
11978 73
12182 0
12354 73
12679 0
12890 73
12952 0
13283 73
13441 0
13517 76
13665 81
14143 0
14177 73
14263 0
14365 76
14369 0
14967 73
15311 73
16740 81
16758 0
17063 81
17441 0
17464 73
17486 0
17599 73
17661 0
17828 76
18166 0
18199 81
18329 0
18570 73
18589 0
19222 81
19318 0
19351 74
19578 0
19641 76
19892 76
19985 0
20012 76
20112 0
20164 73
20188 76
20201 0
20467 73
20534 0
20766 76
21083 0
21132 76
21192 0
21286 73
22088 76
22089 0
22127 76
22440 73
22606 0
22706 81
22720 0
22726 73
23325 0
23381 81
23448 0
23782 73
24165 0
24210 74
24232 0
24278 76
24451 0
24506 81
24508 0
24721 73
24899 0
25129 81
25135 0
25262 73
25294 0
25451 81
25912 0
26455 81
26622 76
26693 0
26871 73
26886 0
26978 81
27062 0
27132 76
27789 0
28212 76
28439 0
28661 74
28688 0
28797 81
29335 0
29381 81
29424 76
29585 81
29615 0
29806 81
29878 0
29891 73
29913 0
30072 76
30163 73
30384 76
30481 74
30565 81
30759 0
30915 76
30974 0
31005 81
31101 73
31533 0
31790 73
32074 0
32089 73
32648 0
32671 73
32730 81
32792 0
33088 81
33384 0
33607 81
33626 0
33726 74
33925 0
34007 73
34103 0
34233 81
34258 0
34329 73
34364 76
34492 0
34510 74
34684 0
34945 73
35007 0
35259 76
35450 0
35502 74
35523 0
35888 76
36140 0
36366 81
36385 0
36454 73
36751 0
36843 81
36949 0
36972 76
37027 0
37062 76
37230 0
37673 76
38225 0
38278 73
38527 0
38641 81
38696 81
38824 74
38836 0
38946 74
38958 0
39227 81
39354 73
39406 73
39518 0
39758 76
39793 0
39860 81
39922 0
40103 81
40173 0
40433 76
40564 73
40747 81
40883 0
40966 81
41027 0
41045 81
41101 74
41338 0
41502 74
41912 0
41929 73
42299 0
42493 81
42591 0
42611 81
43266 0
43345 81
43366 0
43505 81
44131 0
44137 81
44150 0
44154 81
44230 0
44281 73
44622 81
45062 0
45155 74
45389 0
45642 81
45677 0
45806 81
45836 0
45905 81
45934 73
46046 0
46749 73
46839 0
46930 76
47170 81
47217 81
47622 0
47648 73
48033 74
48165 0
48198 73
48456 0
49374 73
49418 0
49435 73
49503 81
49529 81
49659 0
49905 81
49911 0
50022 81
50427 74
50729 0
50783 81
50916 0
51036 74
51043 73
51081 0
51528 73
51661 0
51709 81
51717 0
51726 81
51744 0
51862 73
52133 73
52648 0
52752 76
52815 73
52821 0
52947 74
53208 0
53419 81
53465 0
53602 76
53657 74
53658 0
53828 81
53950 0
54126 73
54278 81
54429 0
54446 73
54469 0
54642 81
54663 0
54716 74
54888 74
55112 0
55176 81
55274 0
55472 81
55524 76
55527 73
55765 0
55957 76
56236 0
56541 76
56736 0
56916 73
57002 0
57017 74
57037 0
57122 73
57198 74
57316 0
57734 73
58097 0
58301 81
58403 81
58538 74
58606 0
58608 81
59343 81
59392 0
59428 81
59482 0
59714 74
59745 81
59763 81
59792 0
59831 76
59941 0
59953 74
59986 0
60169 81
60170 0
60201 73
60278 81
60312 0
60690 76
60995 0
61081 73
61424 0
61556 76
61824 0
61957 81
61977 0
62043 81
62112 0
62284 81
62944 0
62967 74
63195 0
63281 76
63420 0
63451 76
63540 0
63696 73
63765 0
63989 76
64017 81
64096 0
64599 74
64853 81
65117 0
65235 76
65579 0
65627 74
65710 0
65927 74
66011 0
66033 74
66112 81
66151 0
66270 81
66547 0
66914 76
67207 0
67447 76
67486 0
67571 81
67828 0
67925 81
68018 0
68045 76
68209 0
68476 81
68513 0
68581 76
68740 0
69223 73
69241 74
69375 73
69708 0
69739 73
69831 81
69898 0
70017 76
70240 0
70243 76
71169 76
71326 0
71544 74
71558 73
71619 0
71679 73
71956 0
72211 81
72542 81
72568 0
72933 74
72963 73
73476 74
73904 0
73969 76
74050 0
74057 74
74391 0
74550 81
74823 0
74959 76
75292 0
75318 73
75372 0
75456 81
75495 0
75572 74
75598 81
76223 0
76435 76
76467 81
76848 0
77025 76
77120 81
77891 0
77938 74
77997 0
78534 81
79001 0
79134 76
79404 0
79792 74
79832 0
79890 81
80150 0
80706 74
80823 0
81012 81
81283 0
81698 81
81866 0
81917 73
81919 76
82038 0
82097 81
82211 0
82213 81
82319 0
82472 73
82568 74
82578 0
82878 73
82881 0
83218 76
83430 0
83483 81
83533 0
83694 73
84160 0
84771 81
85204 0
85414 74
85714 0
85724 73
85741 0
85947 81
86094 0
86248 81
86269 0
86285 81
86360 0
86367 73
86629 0
86837 81
87061 76
87334 81
87444 0
87731 81
87759 74
88029 0
88087 74
88112 0
88179 73
88374 0
88555 73
89140 0
89569 73
89638 0
89660 81
89850 0
89893 74
89900 76
89980 0
90123 73
90204 0
90251 74
90460 0
90607 73
90707 0
90807 81
91417 0
91817 74
91833 0
91961 73
92106 73
92323 0
92466 74
92906 0
92973 74
93128 0
93313 76
93403 81
93453 0
93466 76
93625 0
93698 76
93815 0
93948 74
94032 0
94051 73
94297 81
94325 73
95050 0
95424 73
95601 74
95640 81
96025 0
96100 73
96612 0
96638 81
96755 0
96804 74
96894 0
96914 73
97044 0
97057 74
97114 0
97320 73
97354 0
97467 81
97478 76
97779 0
97802 73
97905 0
98044 76
98655 0
98748 73
98898 0
99408 76
99740 81
