24 buffers
216104 8971
78610 823
161609 24801
121980 15502
148333 19655
48208 7770
118600 23124
58011 8135
118443 19746
216873 33619
127693 14421
239777 27408
176979 21450
50199 4771
129420 16090
228237 16411
222008 38517
199062 18712
86866 2299
166283 32623
79994 4057
158519 9451
107652 10738
86546 5546
60 downlinks
0 250 1667 713
1 1917 3334 743
2 3584 5001 894
3 5251 6668 798
4 6918 8335 757
5 8585 10002 761
6 10252 11669 732
7 11919 13336 826
8 13586 15003 724
9 15253 16670 637
10 16920 18337 781
11 18587 20004 939
12 20254 21671 952
13 21921 23338 817
14 23588 25005 878
15 25255 26672 792
16 26922 28339 724
17 28589 30006 867
18 30256 31673 856
19 31923 33340 748
20 33590 35007 862
21 35257 36674 850
22 36924 38341 714
23 38591 40008 657
24 40258 41675 867
25 41925 43342 760
26 43592 45009 951
27 45259 46676 920
28 46926 48343 710
29 48593 50010 780
30 50260 51677 837
31 51927 53344 751
32 53594 55011 722
33 55261 56678 653
34 56928 58345 750
35 58595 60012 673
36 60262 61679 804
37 61929 63346 866
38 63596 65013 662
39 65263 66680 770
40 66930 68347 735
41 68597 70014 720
42 70264 71681 844
43 71931 73348 657
44 73598 75015 751
45 75265 76682 701
46 76932 78349 844
47 78599 80016 910
48 80266 81683 659
49 81933 83350 911
50 83600 85017 674
51 85267 86684 641
52 86934 88351 837
53 88601 90018 788
54 90268 91685 661
55 91935 93352 927
56 93602 95019 947
57 95269 96686 688
58 96936 98353 946
59 98603 100020 946
110 events for 0
1035 62
3008 0
3209 71
5018 77
6440 0
7143 71
8159 0
10045 71
10104 0
11363 54
11462 78
13072 0
13234 71
13687 0
13759 54
14033 0
14342 78
14439 0
14691 78
15619 0
16456 85
17634 0
17693 62
18014 0
18114 77
19269 85
19479 77
22794 0
24098 71
25447 0
25742 78
25831 74
26581 0
26671 74
26891 0
26992 54
27065 71
28795 72
29617 72
29956 54
30177 0
30466 77
30730 0
30820 54
32520 0
32639 78
33019 0
33115 71
34223 0
34403 85
36137 0
36152 85
37508 0
37668 78
39093 0
39761 54
42570 0
42641 74
42886 0
43544 85
45345 0
49691 72
49843 0
50523 78
50916 85
51094 0
51158 71
52035 54
52693 77
53210 0
53358 62
55276 0
55291 72
55761 0
57755 78
59203 78
59705 71
61447 0
64337 85
64718 0
64910 62
67703 0
68441 77
68577 0
69225 71
71621 0
72638 77
72768 0
74053 74
76744 0
78265 62
78464 0
82149 74
83488 0
83690 71
84455 0
84725 78
85186 0
86051 78
86267 77
87142 0
87803 71
89496 0
89589 85
93083 0
93225 77
96459 0
97402 77
97985 0
99242 62
619 events for 1
56 33
202 33
279 0
339 33
437 0
516 33
734 33
797 0
917 33
1018 33
1027 0
1101 33
1167 0
1577 33
1641 0
1662 33
2007 0
2292 33
2358 0
2380 33
2549 0
2596 33
2927 33
3046 0
3513 33
3598 33
3777 0
3917 33
3973 33
4244 0
4261 33
4437 33
4555 33
4750 0
4939 33
5030 0
5403 33
5426 0
5776 33
5909 0
5912 33
6141 33
6437 0
6456 33
6468 33
6530 0
6696 33
7104 0
7285 33
7494 0
7599 33
7681 0
7798 33
7821 0
7882 33
7883 0
7914 33
7975 0
8201 33
8468 0
8516 33
8560 0
8585 33
8903 0
9124 33
9333 0
9537 33
9548 0
9570 33
9587 0
9899 33
10003 0
10114 33
10140 33
10149 0
10189 33
10265 0
10440 33
10488 0
10729 33
10819 33
10881 0
11254 33
11358 33
11551 0
11563 33
11796 0
11991 33
12270 0
12385 33
12387 0
12533 33
12572 33
12685 0
13450 33
13763 0
13946 33
13948 0
14000 33
14240 0
14368 33
14903 0
15363 33
15647 0
15698 33
15992 0
16165 33
16190 33
16419 0
16426 33
16769 33
16900 0
17012 33
17125 33
17192 0
17498 33
17685 33
17782 33
17796 33
17857 0
17877 33
18218 0
18258 33
18310 0
18547 33
18578 33
19181 0
19275 33
19494 33
19560 0
20129 33
20145 33
20272 0
20322 33
20329 0
20358 33
20655 0
20660 33
20727 0
20747 33
20770 33
20785 0
20790 33
20845 0
21152 33
21309 0
21701 33
22054 0
22600 33
22726 0
22761 33
23101 33
23508 33
23704 33
23838 33
24064 0
24375 33
24652 33
24803 33
24848 0
24865 33
24875 0
25124 33
25242 0
25392 33
25724 0
25775 33
25974 0
26046 33
26312 33
26351 33
26577 0
26785 33
26806 33
26958 33
27079 0
27254 33
27381 0
27560 33
27572 33
27588 0
27698 33
27729 0
27743 33
27829 0
28018 33
28323 33
28751 0
28767 33
28913 0
28924 33
29054 0
29063 33
29142 33
29313 0
29316 33
29364 0
29379 33
29577 0
29894 33
29902 0
29920 33
30174 0
30619 33
30853 33
30923 33
31106 0
31380 33
31434 0
31463 33
31796 0
32168 33
32370 0
32676 33
32943 33
33236 0
33363 33
33385 0
33694 33
34071 33
34340 0
34693 33
34748 33
35634 0
35688 33
36060 33
36080 33
36504 33
36689 0
37055 33
37114 0
37121 33
37326 0
37352 33
37445 33
37716 33
37785 33
37793 33
37842 0
37989 33
38107 0
38182 33
38191 0
38218 33
38338 33
38419 0
38565 33
38588 33
39006 0
39043 33
39718 0
39945 33
40027 0
40085 33
40304 0
40358 33
40445 33
40606 0
40629 33
40801 0
40952 33
41397 0
41405 33
41565 33
41682 0
41999 33
42254 33
42420 0
42500 33
42816 33
42899 0
43054 33
43200 0
43232 33
43422 33
43427 0
43616 33
43739 0
43748 33
44098 33
44409 0
44420 33
44894 0
44946 33
45109 0
45133 33
45138 0
45143 33
45295 33
45608 0
45730 33
45857 33
46141 0
46272 33
46366 0
46455 33
46612 0
46788 33
46929 0
47716 33
48366 33
48411 0
48556 33
48583 0
48712 33
48772 0
48892 33
49131 0
50693 33
50697 0
50887 33
51030 0
51352 33
51390 33
51535 0
51626 33
51729 0
51863 33
52304 0
52339 33
52541 0
52548 33
52696 0
52711 33
52719 0
52979 33
53207 0
53320 33
53425 0
53429 33
53532 0
53541 33
53600 0
53629 33
53665 0
53702 33
53786 33
54354 33
54607 0
54671 33
54920 0
55009 33
55173 0
55251 33
55343 0
55511 33
55844 0
55976 33
56262 0
56414 33
56625 0
56705 33
56731 33
56803 0
56822 33
56933 0
56966 33
57010 0
57242 33
57368 0
57372 33
57380 0
57438 33
57755 0
57820 33
57826 33
57944 0
58256 33
58540 0
58679 33
58695 0
58859 33
59468 0
59525 33
59937 33
60407 0
60458 33
60571 33
60619 0
60660 33
60795 33
60797 0
60872 33
61264 0
61329 33
61459 0
61592 33
61759 33
61881 33
62285 0
62643 33
62787 0
63221 33
63229 0
63263 33
63279 0
63677 33
64078 33
64338 0
64347 33
64359 33
64365 0
64367 33
64641 0
64743 33
65181 33
65281 0
65354 33
65361 33
65363 33
65772 33
66022 33
66053 33
66168 0
66324 33
66421 0
66474 33
66532 33
66536 0
66715 33
66764 0
66866 33
66898 33
67193 33
67335 0
67341 33
67425 33
67971 0
68143 33
68308 0
68372 33
68453 0
68565 33
68803 0
69213 33
69227 0
69246 33
69312 33
69344 33
69661 33
69826 33
69857 33
69899 33
69937 0
70295 33
70360 33
70427 0
70432 33
70444 33
70477 0
70590 33
70885 0
70977 33
71362 0
72133 33
72251 0
72399 33
72668 0
72740 33
72829 0
73187 33
73262 33
73293 0
73343 33
73351 0
73377 33
73675 0
73694 33
74196 0
74824 33
75066 33
75111 0
75296 33
75306 0
75381 33
75458 33
75515 33
75523 0
75556 33
75680 0
75688 33
75742 0
76548 33
76719 0
76822 33
76919 33
77196 0
77221 33
77343 0
77593 33
78076 0
78094 33
78174 33
78516 0
78520 33
79056 0
79081 33
79098 33
79166 0
79182 33
79762 0
79812 33
79813 0
79823 33
80173 33
80208 33
80418 0
80499 33
80655 0
80691 33
80936 0
81149 33
81175 33
81399 33
81744 0
82054 33
82357 0
82614 33
83077 0
83111 33
83129 0
83302 33
83556 0
83821 33
83856 0
84051 33
84182 0
84307 33
84366 0
84757 33
84818 33
85049 0
85104 33
85279 0
85293 33
85438 0
85452 33
85613 33
85630 0
85670 33
85696 0
86129 33
86250 0
86254 33
86635 0
86676 33
86786 0
86814 33
87048 33
87271 0
87335 33
87574 0
87965 33
88258 0
88284 33
88334 33
88538 0
88560 33
88814 33
88870 0
89220 33
89480 0
89691 33
89799 0
90308 33
90926 0
91733 33
92114 0
92202 33
92394 0
92715 33
93091 0
93148 33
93316 33
93351 33
93361 33
93859 33
94409 0
94542 33
94544 0
94679 33
95041 0
95270 33
95309 33
95497 33
95804 0
95875 33
96004 33
96087 0
96203 33
96205 0
96271 33
96326 33
96418 0
96465 33
96475 0
96533 33
96557 33
96572 33
96850 33
96968 0
97120 33
97355 0
97771 33
97777 0
97895 33
98150 0
98168 33
98443 33
98461 0
98485 33
98547 0
98729 33
98934 0
99175 33
99654 0
99765 33
99831 0
99996 33
412 events for 2
725 50
765 0
1137 61
1418 0
1962 61
2963 0
3375 39
3657 0
3896 39
4023 0
4225 50
4665 39
4681 61
5473 0
5522 50
5584 0
5721 50
6225 0
6626 61
6908 0
6944 50
7114 0
7145 61
7900 0
8077 50
8151 0
8426 39
8502 61
8829 0
9084 39
9355 0
9442 61
9843 0
10015 50
10079 0
10445 61
10931 0
11249 39
12083 0
12090 61
12177 0
12331 61
12346 0
12894 61
12936 0
13000 50
13036 0
13424 39
13655 0
14711 39
14974 0
15056 50
15102 61
15272 0
16126 50
16159 39
16248 39
16359 0
16390 50
16977 0
17135 39
17390 0
17483 61
17504 0
18180 50
18197 50
18218 39
18392 0
19028 50
19142 61
19712 0
19903 61
19925 61
20340 39
20384 0
20886 39
21021 50
21166 50
21401 50
21575 0
21619 50
21631 0
21680 50
21745 0
21882 39
21895 0
22273 61
22716 0
22796 39
22860 0
22957 39
23449 0
24525 50
24892 0
25114 61
25154 39
25535 0
25945 39
26069 0
26535 61
26985 0
27279 61
27303 0
27562 39
27566 0
27609 61
28412 61
28422 50
28523 0
28809 61
29026 0
29775 50
30574 0
30664 61
30807 0
31090 61
31264 0
31871 39
32160 0
32705 61
33672 0
33735 61
33784 0
34006 50
34159 0
34201 61
34367 0
34460 50
34467 0
34815 50
35197 0
35340 39
35743 0
35753 50
35763 50
36090 39
36435 0
36488 50
36895 0
36950 61
37030 50
37245 0
37544 50
37643 50
37922 0
38722 50
39130 0
39165 61
39226 39
39292 0
39593 50
39947 0
40128 61
40142 0
40776 61
40784 39
40925 0
41463 61
41475 0
41615 50
41750 0
41786 50
42561 0
42584 61
42869 39
42999 0
43174 39
43237 0
43343 61
43461 0
43634 61
43833 0
44232 61
44341 0
44465 50
44467 0
44941 50
45500 0
45779 61
45932 0
46007 50
46079 50
46105 0
46170 61
46741 39
46805 0
46913 61
47134 61
47223 50
47256 0
47352 50
47860 50
48017 0
48024 39
48447 0
48472 50
48804 0
49427 39
49476 0
49666 39
49690 0
49697 50
49712 61
49754 0
50065 50
50115 50
50733 50
50760 0
51556 50
51571 39
51928 0
52186 39
52189 0
52403 61
52544 0
52636 50
52681 0
53288 50
53888 0
53892 50
53966 39
54052 0
54119 61
54140 50
54985 0
55940 50
56104 0
56117 50
56458 61
56762 39
56775 0
56835 39
56998 0
57137 50
57275 0
57976 50
58301 0
58338 39
58450 0
58555 61
58601 50
58865 0
59087 61
59091 61
59256 0
59478 50
59685 0
59695 39
60135 0
61058 39
61090 0
61622 39
61985 0
62472 61
62869 0
63197 61
63235 50
63294 0
63490 50
63718 0
63740 39
63776 0
64485 39
64559 0
64824 61
65104 0
65111 39
65159 0
65199 50
65254 50
65274 0
65565 39
65739 61
65999 0
66084 39
66100 39
66792 0
67032 50
67039 0
67457 61
67630 61
68082 50
68368 0
68517 50
68890 0
69338 50
69586 0
70222 61
70416 0
70622 61
70731 0
70752 50
71020 0
71104 50
71260 0
71707 61
71757 0
72242 61
72334 0
72362 50
72387 0
72497 39
72553 0
73110 50
73455 0
74598 39
74733 0
74962 50
75032 0
75189 61
75748 0
75755 61
76065 39
76087 0
76168 39
76726 0
77097 39
77149 0
77638 50
77742 0
77759 39
78215 0
78494 50
78967 0
79241 61
79264 0
79365 39
79975 0
80068 50
80489 0
80528 50
80902 0
81342 61
81896 0
83282 50
83704 50
83926 0
83971 39
84051 0
84144 61
84386 39
84576 0
84721 50
84975 0
85103 50
85151 50
85592 0
85647 50
85880 0
86038 39
86471 0
86634 50
86876 0
86885 39
86906 39
86919 61
86979 0
87012 39
87325 0
87333 50
87555 0
88402 50
88476 0
88667 50
88931 0
89249 39
89351 0
89361 61
89497 0
89656 39
89969 0
90035 39
90150 50
90221 50
90531 0
90879 61
91150 0
91193 39
91307 0
91351 61
91421 39
92347 50
92396 39
92446 50
93073 61
93171 0
93426 50
93456 0
93937 39
94430 0
94907 50
94925 61
94973 0
95060 39
96083 0
96188 61
96297 0
96557 61
96560 0
96636 61
96653 0
96731 39
96801 0
97226 39
97684 50
97714 0
98022 50
98316 0
98628 39
98920 0
99017 50
99172 0
535 events for 3
555 51
1246 52
1552 0
1990 53
2202 0
2535 53
2611 53
2733 51
2915 0
3242 51
3458 0
3503 51
3521 0
3570 53
4197 0
4268 52
4302 0
4712 53
4942 0
5048 52
5189 0
5197 53
5201 0
5674 53
5780 0
6373 53
6700 0
6947 51
7079 53
7547 0
7767 52
7966 0
8042 53
8288 0
8350 51
8867 0
9627 53
9738 52
10041 0
10217 51
10861 52
11010 0
11235 52
11342 0
11551 51
11984 0
12228 51
12533 53
12871 0
13004 51
13029 51
13112 0
13988 52
14160 51
14287 0
14439 53
14740 0
14954 53
15103 0
15192 51
15474 0
15642 52
16087 53
16237 0
16435 53
16891 0
16919 51
16986 0
17354 53
17529 51
17544 0
17677 51
17867 53
17974 0
18088 52
18454 0
18982 52
18992 51
19013 0
19406 52
19455 0
20010 53
20511 51
20521 53
20758 0
20927 51
20946 0
21037 52
21097 51
21120 0
21180 53
21363 53
21702 53
22479 0
22671 52
22677 0
23111 52
23270 51
23354 0
23431 52
23631 0
23706 52
23776 53
24067 0
24514 51
24641 0
24658 51
24845 0
24880 52
25383 0
25397 51
25538 0
25911 52
25958 0
26216 52
26802 52
26850 0
27733 52
27832 51
28382 52
28743 0
28790 51
28865 0
28998 51
29489 0
29693 51
29708 0
29888 51
30024 0
30140 51
30384 51
30388 0
30524 51
30665 0
30744 53
31084 0
31105 52
31436 0
31469 51
31614 0
31682 52
31726 0
31877 51
31945 0
32062 53
32147 0
32337 52
32497 0
32695 53
32787 0
33129 53
33210 52
33294 0
33320 51
33822 0
33887 52
33888 52
33895 0
34307 52
34772 52
34923 52
35062 0
35176 51
35257 0
35694 51
35748 52
35897 0
36211 53
36337 53
36512 0
36521 53
36522 51
36552 0
36710 53
36840 0
37218 52
37257 0
37505 53
37788 51
37934 0
38253 52
38328 52
38441 51
38538 0
38577 51
38616 0
38667 53
38721 0
38990 51
39467 0
39865 51
40459 0
40521 53
40655 0
40927 53
41044 0
41117 51
41164 0
41603 53
41830 0
41964 52
41992 53
42253 51
42257 0
42312 53
42358 53
42388 0
42416 51
42725 53
42777 0
42891 52
42898 0
42904 52
42908 0
43024 52
43071 51
43461 0
43699 52
44104 51
44149 52
44242 52
44868 51
45032 0
45271 51
45284 53
45671 51
45729 0
46078 53
46231 53
46465 0
46521 51
46784 0
47161 52
47251 0
47616 51
47668 52
47914 0
48045 52
48141 0
48235 51
48575 0
48619 53
48657 0
48666 52
49106 0
49176 53
49390 0
49652 51
49776 0
49833 53
50004 0
50023 53
50228 53
50300 0
50381 51
50536 0
50573 51
50693 53
50768 0
50779 52
50864 0
50968 51
51131 51
51221 0
51361 51
51373 0
52137 52
52250 0
52491 53
52824 0
53038 52
53129 52
53300 0
54061 52
54331 0
54428 51
54449 0
54874 51
54880 0
55362 53
55590 53
55731 0
56129 53
56333 0
56453 53
56729 0
56868 52
56931 51
57317 0
57342 51
57473 0
57758 53
58133 0
58493 51
58521 52
58604 0
58681 52
58989 0
59106 51
59315 0
59414 51
59866 0
60302 52
60394 51
60625 0
60776 51
60784 0
60924 51
60983 0
61075 53
61150 0
61245 51
61453 51
61477 0
61750 51
61819 0
62389 51
62631 51
62858 51
62873 0
62981 51
63059 0
63149 52
63162 53
63234 0
63308 51
63421 0
63529 52
63745 53
64103 0
64211 53
64332 0
64677 52
64831 0
64906 52
65082 0
65154 51
65714 53
65847 0
65938 51
66262 52
66387 0
66544 53
66752 0
66923 53
67078 51
67349 0
67502 52
67654 0
67849 51
67887 0
67922 51
68050 51
68148 51
68406 0
68514 51
68728 0
68739 52
68903 0
69180 51
69214 0
69223 51
69316 0
69356 52
69391 52
69522 0
69572 53
69734 51
69781 53
69834 0
69856 51
70277 0
70682 53
70712 0
70813 53
70930 0
70961 51
71476 0
71641 51
71643 52
71655 53
71693 53
71813 0
72175 51
72412 0
72585 52
72666 0
72880 52
73092 51
73325 0
73342 52
73443 0
73453 52
73760 52
73783 52
73851 0
74025 51
74126 0
74229 51
74314 0
74633 52
74665 0
75324 51
75361 52
75779 0
75866 51
75905 51
76179 53
76408 0
76453 52
76615 53
76672 0
76703 52
76833 52
76913 52
77108 0
77416 53
77513 0
78323 52
78463 0
78551 51
78824 0
78826 53
78890 52
79187 51
79265 53
79891 0
80059 53
80177 0
80239 53
80582 0
80931 51
81048 0
81074 51
81130 53
81191 0
81244 51
81643 0
81683 53
81806 0
81824 51
81831 0
81934 52
82001 53
82062 52
82383 51
82550 0
82601 53
82678 0
82686 53
82692 0
82800 53
82821 51
83266 51
83313 0
83382 52
83851 0
83860 51
84336 0
84432 52
84528 52
84728 0
84779 52
84866 0
84991 53
85071 0
85447 52
86253 0
86375 52
86818 0
86819 52
87177 0
87689 53
87907 0
87915 52
88112 0
88763 52
88881 0
89061 51
89200 0
89262 53
89779 0
89820 53
90682 0
90695 51
90799 0
90866 51
91171 51
91236 0
91266 53
91660 0
91805 52
92052 53
92369 51
92590 0
92642 52
92758 51
92915 51
92921 0
92995 53
93342 0
93969 53
94148 51
94928 0
94952 53
94971 0
95045 51
95053 0
95102 53
95642 0
96049 51
96213 0
96220 52
96441 0
96465 51
97130 0
97236 51
97407 52
97611 0
97745 52
97765 51
97788 0
98053 51
98299 0
98466 51
98609 0
98690 53
98814 0
98927 53
98946 0
98988 52
99112 52
99127 0
99382 51
99909 0
597 events for 4
57 53
284 0
551 52
577 0
795 53
862 0
1224 52
1336 0
1548 53
1652 53
1805 0
2150 54
2196 0
2433 54
2536 0
2796 52
2848 54
3196 53
3532 0
3730 54
3938 0
3961 54
3980 54
3982 0
3999 54
4114 0
4276 52
4800 0
5182 53
5409 53
5463 53
5613 0
5620 53
5660 0
5725 53
5967 0
5974 52
6536 0
6684 52
6793 52
6899 0
6959 53
7478 52
7934 53
8051 52
8341 52
8703 52
8776 54
8941 0
9237 54
9282 53
9330 0
9382 53
9414 0
9639 52
9854 0
10131 53
10143 53
10231 0
10365 53
10565 0
10864 52
11016 0
11054 52
11162 0
11292 54
11302 0
11423 53
11427 0
11511 54
12146 52
12353 0
12514 52
13112 0
13292 53
13539 0
13732 54
13793 0
13905 52
14277 0
14321 54
14482 54
14592 0
14646 53
14809 0
15027 53
15116 53
15304 0
15382 53
15570 54
15572 52
15721 0
15776 53
15922 0
16105 53
16123 0
16226 53
16616 52
16762 0
16992 52
17133 52
17305 0
17340 52
17345 0
17449 53
17537 54
17564 0
17940 53
18080 0
18137 52
18141 52
18507 54
18671 0
19352 52
19415 53
19863 0
20042 53
20059 0
20165 53
20610 53
20651 52
20807 0
21426 54
21462 0
21511 52
21534 0
21813 52
21879 54
21881 0
22037 52
22273 54
22293 0
22346 53
22348 52
22962 0
22987 52
23128 53
23229 0
23787 54
23868 0
23919 53
24099 53
24446 0
24779 53
25460 53
25580 0
25981 52
26433 0
26552 52
26714 0
26736 52
27167 0
27196 52
27263 0
27366 54
27425 0
27451 52
27672 0
27685 52
27946 0
28089 52
28325 0
28377 53
28446 0
28603 54
28670 0
28729 54
28768 0
28819 53
28945 54
29220 0
29751 52
29843 0
29908 54
30045 0
30247 53
30258 52
30324 0
30534 53
30596 54
30653 0
30683 53
30688 0
30823 53
31044 0
31320 54
31634 0
31778 53
31877 0
31967 54
32063 0
32206 54
32214 0
32267 52
32306 0
32401 54
32403 0
32473 52
33544 0
34265 54
34949 0
35049 52
35194 0
35522 53
35603 0
35622 54
36124 0
36487 52
36523 0
36648 53
37513 52
37694 53
37849 52
37855 53
37903 53
37964 0
37988 52
38159 0
38194 52
38286 53
38311 0
38591 52
38711 54
38733 0
38853 53
38868 0
39565 52
39764 0
39811 53
40000 0
40270 52
40298 54
40437 52
40560 0
40563 53
40700 0
40820 54
41232 0
41343 54
41512 0
41522 54
41533 0
41551 54
41600 0
41611 54
41796 0
41856 53
42165 53
42494 0
42627 52
42708 52
42723 0
42782 53
42812 53
43037 0
43131 52
43190 0
43231 52
43254 0
43297 52
43514 0
43667 53
43736 0
43805 54
43999 0
44106 52
44204 0
44390 54
44526 52
44562 52
44617 52
44835 52
45086 0
45206 52
45262 0
45298 54
45940 53
45972 0
46467 52
46816 0
46902 52
47077 0
47554 53
47825 0
48190 52
48320 52
48367 0
48609 53
48755 0
48945 53
49008 54
49338 0
49769 52
50001 0
50093 53
50202 54
50225 0
50431 53
50935 0
50939 54
50993 53
51379 0
51415 52
51430 0
51640 52
51776 52
52028 0
52107 53
52201 0
52268 52
52372 0
52562 53
52922 0
53067 53
53075 0
53282 52
53343 0
53376 53
53959 0
54001 52
54052 53
54068 0
54160 53
54627 0
54750 53
54845 0
54880 54
54980 54
55344 0
55411 52
55803 0
55914 52
56154 0
56185 52
56317 0
56332 52
56377 52
56407 0
56767 52
56773 53
57099 0
57156 54
57246 0
57701 52
57927 0
57976 54
58221 0
58459 52
58598 0
58884 52
59146 0
59229 52
59299 0
59312 52
59529 0
59637 54
59672 0
59875 52
60065 0
60192 52
60463 0
60653 54
61278 0
61498 52
61671 0
61724 52
61727 0
61818 52
61986 0
62153 52
62290 53
62579 0
62611 53
62936 52
63058 53
63343 53
63545 54
63787 52
63924 0
64203 53
64354 0
64481 54
64513 0
64587 52
64774 0
65041 52
65066 0
65121 52
65168 0
65217 52
65343 0
65367 52
65445 53
65486 0
65726 54
65795 0
65938 52
66025 0
66314 54
66417 0
66419 52
66542 0
66564 54
66705 0
66846 54
66880 53
67039 0
67054 53
67187 53
67316 0
68176 52
68333 0
68339 53
68617 0
68736 52
68823 52
68961 0
69343 53
69479 53
69737 52
69763 0
69913 53
70117 0
70180 52
70298 0
70350 53
70364 0
70391 52
70401 0
70501 54
70574 0
70610 52
70873 0
71230 52
71542 0
71669 54
71771 0
72154 52
72323 0
72579 53
72689 0
72846 52
72988 0
73195 52
73212 52
73318 0
73645 53
73699 53
74055 0
74133 54
74166 0
74482 53
74511 0
74598 52
74801 0
74823 53
75009 54
75038 0
75354 54
75549 0
75663 52
75953 0
75962 53
76092 52
76095 0
76438 52
76600 52
76663 52
76784 0
76844 53
77165 0
77329 52
77355 0
77412 52
77644 0
77681 53
78212 0
78366 54
78376 0
78541 53
78621 0
78649 52
78807 0
78948 54
79091 0
79094 52
79095 53
79108 52
79206 52
79269 0
79421 53
79695 0
80039 52
80077 0
80080 52
80166 0
80356 52
80401 0
80792 54
81016 54
81045 52
81058 0
81129 53
81231 0
81370 53
81533 0
81725 52
81745 0
82112 54
82134 0
82245 52
82590 53
82773 0
83062 52
83167 0
83349 54
83443 0
83518 52
83645 0
84043 52
84287 53
84363 0
84779 52
85174 0
85310 54
85333 52
85516 54
86097 52
86127 0
86557 52
87130 53
87284 0
87393 52
87474 0
87878 54
88148 0
88657 54
88861 0
89081 52
89101 0
89140 54
89149 53
89235 52
89431 0
89501 52
89675 0
89796 52
89869 0
90385 52
90471 0
90518 52
91219 0
91281 54
91310 0
91577 53
91727 0
92008 53
92080 0
92151 52
92589 52
92866 53
93251 0
93828 54
93864 0
94078 54
94255 0
94444 53
94581 52
94685 0
94775 53
94798 53
94808 0
95462 53
95466 0
95616 52
95864 0
95928 52
96253 0
96366 53
96579 0
96721 54
96758 0
97126 52
97127 53
97130 0
97207 52
97239 0
97485 52
97540 52
97587 54
97983 0
98217 52
98322 0
99134 52
99510 0
99541 53
99876 0
617 events for 5
39 12
518 0
685 12
690 12
971 0
1522 12
1525 0
1750 12
1760 0
1925 12
1927 0
1995 12
2028 0
2039 12
2051 12
2188 12
2568 12
2824 12
3154 0
3155 12
3869 12
4030 0
4606 12
4624 12
4780 0
5320 12
5409 0
5598 12
5919 0
5965 12
6007 12
6092 0
6324 12
6373 0
6463 12
6903 0
6995 12
7055 0
7230 12
7272 0
7309 12
7368 0
7550 12
7626 12
7827 0
8093 12
8159 0
8171 12
8244 12
8432 0
8539 12
8552 12
8937 0
9019 12
9086 0
9266 12
9321 0
9655 12
10199 0
10363 12
10401 12
10442 0
10458 12
10559 0
10562 12
10648 12
10670 0
11031 12
11785 0
11864 12
11999 0
12005 12
12141 0
12598 12
12736 0
12737 12
12771 12
13102 0
13169 12
13324 0
13392 12
13595 0
13822 12
13855 12
13976 0
14205 12
14526 12
14594 0
14650 12
14763 0
14765 12
14809 0
14989 12
15479 12
15498 0
15539 12
15903 0
15928 12
15990 12
16171 12
16218 12
16517 0
16654 12
16681 0
16796 12
16832 12
16874 0
17047 12
17547 12
17734 12
17907 0
18693 12
18976 0
19009 12
19163 0
19173 12
19470 0
19656 12
19662 0
19888 12
20374 0
20387 12
20612 0
20632 12
20643 0
20956 12
21233 0
21290 12
21394 0
21491 12
21781 0
21812 12
21839 12
22114 0
22532 12
22638 12
22744 0
22780 12
22949 0
23159 12
23163 12
23197 12
23240 0
23429 12
23898 0
23914 12
24106 0
24199 12
24512 0
24602 12
24606 0
25022 12
25189 12
25274 0
25487 12
25532 12
25640 12
25656 0
25730 12
26174 0
26210 12
26251 0
26318 12
26650 0
26663 12
26684 0
26961 12
27014 0
27076 12
27170 0
27171 12
27422 0
27585 12
27696 12
27750 12
27953 12
28026 12
28596 0
28626 12
28648 12
28935 0
29025 12
29026 0
29085 12
29200 0
29238 12
29575 0
29733 12
30019 0
30058 12
30072 0
30108 12
30481 0
31416 12
31593 0
31861 12
32005 0
32217 12
32305 12
32564 0
32758 12
33527 0
33649 12
34056 12
34241 0
34326 12
34332 0
34504 12
34619 0
34624 12
34643 0
34686 12
34737 12
34983 12
35156 0
35194 12
35448 12
35504 0
35840 12
35928 0
35993 12
36115 0
36136 12
36143 12
36176 0
36256 12
36291 12
36579 0
36646 12
36661 0
36711 12
36739 0
36843 12
36873 12
36943 0
36997 12
37137 0
37159 12
37178 0
37193 12
37195 12
37204 12
38048 0
38060 12
38142 0
38187 12
38407 0
38514 12
38616 0
38711 12
39017 0
39192 12
39424 0
39567 12
39852 0
39884 12
39939 0
40749 12
41068 12
41147 0
41216 12
41322 0
41504 12
41593 0
41604 12
41930 0
42023 12
42314 12
42888 0
43128 12
43197 12
43406 0
43511 12
43819 0
43901 12
43949 0
44018 12
44391 0
44527 12
44783 0
44924 12
45115 0
45128 12
45181 0
45209 12
45815 12
45940 12
46042 0
46529 12
46657 0
46686 12
47178 12
47180 0
47223 12
47442 0
47463 12
47657 0
47838 12
49103 0
49112 12
49413 0
49765 12
49828 0
50071 12
50198 0
50448 12
50509 0
50510 12
50521 0
50548 12
50573 12
50603 12
50733 0
50745 12
51015 0
51087 12
51443 0
51620 12
51628 12
51860 12
52074 0
52163 12
52219 0
52223 12
52296 0
52375 12
52460 0
52529 12
52866 0
53187 12
53264 0
53559 12
53770 0
53834 12
54032 0
54070 12
54124 0
54286 12
54312 0
54438 12
54957 0
55008 12
55038 12
55133 0
55158 12
55389 12
55644 12
55756 0
55845 12
56848 0
56944 12
57018 0
57299 12
57383 12
57433 0
57489 12
57753 12
57855 0
57993 12
58195 0
58243 12
58319 0
58676 12
58889 0
58917 12
59236 12
59473 12
59644 12
59773 0
59827 12
59886 0
59906 12
60069 0
60083 12
60349 12
60451 0
60501 12
60631 12
60724 12
60902 0
61076 12
61487 0
61603 12
61979 12
62156 0
62183 12
62479 12
62736 12
62745 0
62778 12
62910 0
63132 12
63604 0
63760 12
63930 0
64409 12
64488 0
64554 12
64639 0
64658 12
65734 12
65814 0
65967 12
65987 12
66343 12
66640 12
66837 0
66850 12
66924 12
67145 0
67855 12
68235 0
68266 12
68278 0
68370 12
68460 0
68531 12
68744 12
69102 0
69160 12
69356 0
69542 12
69899 12
69938 0
70005 12
70109 12
70124 0
70700 12
70847 0
71063 12
71066 12
71133 12
71149 12
71387 12
71545 0
71591 12
71701 0
72077 12
72110 0
72135 12
72332 0
72413 12
73012 0
73150 12
73290 0
73326 12
73359 0
73472 12
73864 12
73898 0
74024 12
74313 0
74417 12
74573 12
74796 12
74980 12
75065 0
75094 12
75385 12
75561 0
75682 12
75959 0
75963 12
76354 0
76446 12
76673 0
76716 12
77068 0
77134 12
77154 0
77295 12
77342 0
77371 12
77469 0
77574 12
77622 0
77731 12
77806 12
77930 12
77987 0
78194 12
78318 12
78580 12
78612 12
78628 12
78940 0
79110 12
79130 0
79560 12
79670 12
79689 0
80018 12
80308 0
80397 12
80430 12
80545 12
80581 0
80637 12
80751 0
80770 12
80951 0
81106 12
81293 12
81310 0
81520 12
81689 0
81750 12
82103 0
82268 12
82331 12
82628 12
82640 12
82664 0
82757 12
82762 12
82808 0
83049 12
83215 0
83315 12
83333 12
83700 0
83710 12
84069 0
84203 12
84238 0
84268 12
84505 0
84726 12
85001 12
85081 12
85315 0
85465 12
85826 0
85886 12
86123 12
86133 12
86533 0
86595 12
87118 0
87703 12
88011 0
88147 12
88175 0
88178 12
88465 0
88734 12
88893 12
88902 0
89022 12
89403 12
89767 0
89785 12
89897 0
90128 12
90206 0
90287 12
90504 0
90646 12
90808 12
90845 12
91082 0
91317 12
91349 0
91559 12
91604 0
92147 12
92241 0
92596 12
93036 0
93382 12
93463 0
93480 12
93483 12
93606 0
93959 12
94233 0
94360 12
94539 0
94584 12
94613 0
94940 12
94978 0
95080 12
95144 0
95263 12
95736 12
95744 12
95777 0
95801 12
96120 0
96320 12
96342 12
96379 12
96749 0
96966 12
97067 12
97147 0
97158 12
97232 12
97404 12
97794 12
97922 0
97960 12
97969 0
98439 12
98732 12
98763 0
98825 12
98904 12
98929 0
99217 12
99580 0
99583 12
99644 12
99717 0
99815 12
99988 0
212 events for 6
453 31
902 0
1196 34
1998 0
2697 36
2797 0
2908 32
3780 31
3836 37
4122 39
4413 0
4525 29
4853 0
4894 29
5838 0
7580 32
7671 37
7860 29
8247 0
9117 40
9620 0
9698 37
10626 28
10739 31
12709 0
12757 29
13150 0
14048 40
15216 37
15734 28
16406 0
17330 36
17344 0
17664 40
17808 32
18081 0
18414 34
18633 0
19251 28
19633 0
19645 40
20673 0
20865 37
21702 0
21711 32
21784 0
22148 40
22524 36
23372 0
23644 31
24277 0
24921 31
27097 0
27127 40
27559 32
27665 0
28679 37
29674 0
30896 32
31078 28
31159 0
31912 34
31980 0
32353 40
32455 0
33404 29
34223 0
34501 40
34624 0
34709 31
34741 32
35191 0
35295 31
35324 0
35444 39
35901 0
36099 36
36517 0
37191 37
37308 39
37921 0
37940 32
38597 37
39690 0
39963 37
40699 0
41251 29
41540 40
42629 0
42890 40
42949 0
43957 34
44173 0
45774 36
45963 0
45987 29
47361 0
47783 29
48798 0
50123 40
51258 40
51681 0
51812 32
51937 0
52077 34
54229 40
55028 39
55322 0
55367 28
55375 0
56079 28
56234 0
56933 37
57006 0
57493 40
57909 0
58451 34
58567 36
58765 31
58881 0
60084 34
60371 0
60519 32
61370 0
61748 28
62317 0
63069 40
63077 0
63193 28
63220 0
63414 32
63592 0
63896 37
63945 0
64193 32
64788 0
65397 40
65511 0
65607 28
65656 0
66254 31
66404 0
67314 36
67425 0
68196 28
68289 0
68342 31
68740 0
69210 40
69537 0
69775 28
70474 0
70870 29
71014 28
71519 0
71994 31
72013 34
72148 40
73082 0
73149 40
73348 0
73512 40
73566 0
74225 29
74352 0
74803 28
74857 28
75429 0
75772 37
76515 0
76729 34
78309 39
78548 40
80361 36
80938 0
81329 37
82744 0
82798 40
83127 37
83155 0
84729 34
85134 0
85217 39
85398 34
85474 0
85737 34
85834 0
85966 34
86153 0
86555 28
87464 0
88578 28
89887 0
90220 39
90394 29
91170 0
91569 40
92618 32
93017 0
93063 40
93189 31
94641 0
95448 40
96094 36
97148 32
97984 36
98356 0
98564 40
98746 0
98924 37
98930 0
99736 40
108 events for 7
379 16
773 0
2174 17
2246 18
3353 0
4482 18
5107 0
5197 18
5637 17
6605 16
7080 0
7854 18
8102 0
12318 18
13036 0
13204 18
13410 0
13693 17
15009 17
15615 0
15986 17
16765 16
17387 0
18308 18
19101 0
19323 18
19715 0
20946 17
21312 18
23077 0
23269 16
24746 16
24813 0
26982 16
29080 0
29972 16
32846 16
33054 0
33913 16
34421 0
34855 18
36310 0
37613 16
37982 0
38129 16
40063 0
40673 18
41004 0
41128 16
42769 17
43333 16
43539 0
43587 16
45000 18
45073 17
45545 17
45797 18
45818 0
46412 16
46422 16
48590 0
49941 16
51766 0
51997 17
52558 17
53203 0
55591 18
57009 0
57257 18
58906 0
59279 17
60603 0
61298 17
62234 0
62939 16
63162 0
65859 17
65953 18
65993 0
66422 18
66638 0
66671 18
69029 16
69519 0
72017 16
72552 18
72675 0
72813 16
73341 0
74762 18
77851 0
79767 18
80209 0
80245 16
80529 17
81306 0
81635 16
82338 0
82497 18
83786 17
89829 17
90101 0
90895 16
91146 0
93583 18
94685 0
95857 17
99399 17
254 events for 8
1585 40
1907 0
2080 40
2245 0
2361 40
2559 40
3529 0
3773 40
4638 40
4707 0
4826 40
4842 0
5466 40
5929 0
5992 40
6213 0
6898 40
7042 0
7138 40
7495 40
7877 40
7917 40
7965 40
8086 0
8091 40
8192 40
8602 40
8808 0
8816 40
9074 0
9619 40
9989 0
10193 40
10251 0
10310 40
10363 0
10923 40
10945 40
11235 40
11317 0
11774 40
13249 0
14144 40
14293 40
15882 0
16539 40
16742 40
17273 0
17645 40
17910 40
17928 0
18018 40
18075 40
18424 40
18764 0
19234 40
19603 40
20740 0
20798 40
20878 40
21498 40
21710 0
22414 40
22852 0
23653 40
25119 0
25143 40
25552 0
26408 40
26519 0
26566 40
26704 0
26799 40
26890 0
27064 40
27079 40
28086 0
28466 40
28897 0
29235 40
29510 40
30008 0
30027 40
30079 0
30564 40
30573 0
30722 40
31005 0
31059 40
31074 0
31900 40
31953 0
33361 40
33365 0
33457 40
33491 0
33999 40
34122 0
34173 40
34627 0
35438 40
35806 0
35994 40
36605 0
36840 40
37017 0
37421 40
38480 0
39398 40
39759 0
40422 40
40563 0
41804 40
42902 0
43438 40
43615 40
43926 0
44124 40
44246 0
45676 40
45836 0
45879 40
46801 0
46923 40
46976 40
47392 40
48563 40
48935 40
49016 0
49580 40
50292 0
50539 40
50633 40
50825 0
51051 40
51166 40
51398 0
51410 40
51677 0
51684 40
52524 0
52925 40
53119 40
53198 0
54178 40
55004 0
55538 40
56357 0
57257 40
57513 40
58058 40
58284 0
58455 40
58552 40
59016 0
59033 40
59367 0
60008 40
60067 0
61240 40
61435 40
62169 0
63036 40
63061 0
63765 40
64162 0
64227 40
65519 0
66314 40
67409 0
68065 40
68177 0
68571 40
68717 0
68722 40
68934 0
69201 40
69216 0
69569 40
69929 0
70015 40
70429 0
70691 40
71606 0
72239 40
72316 40
72576 0
72643 40
73033 0
73423 40
73442 40
73564 40
73621 0
73676 40
74076 0
74904 40
76224 0
76306 40
76319 0
77031 40
77121 40
77360 0
77530 40
78752 0
79142 40
79374 0
81007 40
81015 40
81090 0
81497 40
81745 40
82244 40
82968 0
83166 40
83544 40
83698 0
83891 40
84281 40
84586 0
85225 40
85657 40
86902 0
87780 40
88561 40
88745 0
89070 40
89140 0
89362 40
89616 0
90487 40
90711 0
90908 40
91114 40
91245 0
91323 40
93024 0
93032 40
93037 0
93545 40
93994 40
94237 0
94749 40
95483 0
95605 40
95702 0
96095 40
97035 0
97706 40
97891 40
98093 0
98359 40
99042 40
99487 40
99653 0
677 events for 9
2 27
10 0
128 70
286 0
495 70
735 0
1212 54
1546 72
1626 70
1739 0
1747 72
1967 27
2428 0
2537 54
2597 72
2692 27
3061 0
3181 70
3268 0
3661 54
3692 72
3719 0
3726 54
3756 0
3806 70
4115 0
4265 70
4270 27
4314 0
4367 27
4481 0
4530 70
4583 0
4727 27
4844 0
5065 27
5146 54
5179 72
5299 0
5305 27
5415 0
5535 72
5672 0
5916 54
6151 70
6306 0
6822 54
7060 0
7252 72
7749 27
7795 0
7805 70
7942 0
7962 54
7997 0
8545 27
8820 0
8843 70
8903 0
9381 70
9601 70
9966 0
10090 70
10129 0
10292 70
10404 70
10540 72
10627 0
10889 72
11157 0
11324 72
11507 0
11569 72
11600 27
11695 0
11721 70
12140 0
12210 70
12295 70
12395 0
12554 70
12847 0
12881 27
12949 0
13109 72
13269 72
13712 0
13785 70
14267 27
14347 0
14444 72
14792 72
14877 0
14998 54
15391 0
15603 70
15620 0
15758 54
15974 27
16234 0
16290 54
16474 0
16905 72
17113 0
17226 27
17250 0
17322 27
17437 0
17538 72
17591 72
17616 70
18460 70
18479 0
18482 54
18666 0
18737 54
18739 0
18755 27
18974 27
19001 72
19069 0
19360 70
19585 72
19595 0
20011 72
20339 0
20395 70
20590 0
20804 72
20860 0
20875 72
20897 0
20912 70
21032 0
21045 70
21286 0
21420 27
22034 70
22052 0
22144 54
22196 70
22311 0
22540 70
22576 27
22637 0
22750 27
22926 0
23453 70
23807 0
23840 27
24074 70
24183 0
24648 72
25126 27
25195 70
25237 0
25304 54
25346 0
26086 27
26625 72
26828 54
26976 0
26983 54
27091 0
27565 54
27598 0
27600 54
27604 0
27664 72
27685 0
27904 54
27997 0
28255 72
28348 0
28443 27
28512 0
28525 72
28556 0
28633 72
28647 54
28730 0
28872 72
29043 0
29066 70
29108 0
29402 70
29804 70
30084 54
30137 0
30487 70
30642 0
30646 54
30765 0
30964 72
30985 0
31244 54
31548 0
31574 72
31861 0
32115 54
32387 0
32417 72
32677 70
32726 0
32744 54
33545 0
33600 72
33824 0
33904 54
34091 0
34115 27
34242 0
34251 72
34414 54
34514 0
34772 70
35012 72
35197 0
35280 27
35379 0
35420 70
35761 0
35764 54
35940 0
36282 54
36753 0
36826 27
36829 0
36848 27
36933 70
37397 0
37605 70
37888 54
38104 0
38340 72
38442 0
38719 27
38945 0
39112 70
39213 0
39255 27
39347 72
39958 70
40014 54
40257 0
40491 27
40801 0
41015 72
41721 0
41977 27
42053 0
42098 70
42233 0
42252 54
42274 0
42302 54
42654 72
42673 0
42698 70
42969 0
43154 70
43200 0
43503 27
43862 0
43911 27
43960 0
43980 70
44233 54
44337 0
44500 70
44579 0
44642 70
44799 0
45202 70
45255 54
45448 0
45459 70
45464 0
45491 70
45547 0
45890 54
46103 54
46125 0
46140 72
46271 0
46307 54
46352 70
46411 72
46575 27
46712 0
46765 27
46858 0
47145 27
47288 0
47330 70
47378 0
47443 54
47559 0
47615 54
47641 0
47651 54
47849 0
47890 27
47931 27
47994 0
48017 27
48177 0
48220 70
48492 72
48865 0
48886 27
48934 0
49100 54
49247 0
49278 72
49695 0
49763 72
49891 0
50074 70
50090 0
50150 27
50229 0
50263 54
50296 0
50312 70
50330 0
50410 72
50519 0
50617 54
50619 0
50884 72
50886 0
50982 72
51221 72
51290 0
51588 70
51711 0
51731 27
51838 0
51856 70
51890 0
52036 54
52392 0
52872 70
52926 0
53019 72
53199 0
53519 54
53551 0
53719 70
53737 0
53771 70
53998 0
54233 27
54297 0
54438 70
54597 0
54662 72
54860 0
55061 72
55078 0
55164 70
55277 0
55512 70
55519 27
55632 54
55723 0
55816 27
55945 0
55954 54
55972 0
56175 72
56445 54
56466 70
56623 0
56682 72
56835 0
57283 54
57334 0
57405 54
57469 0
57811 54
57824 0
57869 72
58266 0
58311 27
58500 0
59331 70
59348 0
59742 70
59857 70
60097 0
60334 27
60405 0
60589 27
60683 54
60728 54
60748 0
60844 72
60944 0
61125 54
61143 0
61284 70
61396 0
61466 27
61632 0
61737 27
61761 70
61853 0
61945 27
62032 0
62044 27
62475 0
62769 72
63037 0
63134 27
63420 0
63493 70
63926 70
63937 0
63977 54
64144 0
64335 70
64361 0
64577 72
64924 0
65115 72
65151 70
65310 72
65353 27
65371 0
65561 27
65574 0
65673 27
65698 27
65807 0
65958 54
65978 0
66135 54
66259 27
66378 0
66521 27
66563 0
66941 72
67306 0
67627 72
67639 0
67665 27
67726 0
67851 54
67878 0
68100 72
68133 0
68136 54
68274 72
68496 0
68690 54
68759 0
68962 70
68973 0
69008 70
69401 72
69436 70
69532 0
69573 54
69649 0
69726 27
69795 0
69878 70
70035 0
70302 54
70338 0
70625 27
70689 0
70697 54
70894 0
71044 70
71161 54
71397 54
71428 0
71477 70
71506 27
71642 0
71732 27
71866 27
71888 72
72138 0
72249 70
72272 0
72359 70
72426 54
72606 72
72782 0
72843 70
72927 72
73381 54
73475 70
73654 0
73663 70
73727 0
73904 72
73963 0
74206 70
74268 70
74295 27
74671 0
74856 27
75125 27
75216 0
75505 27
75547 0
75616 70
75884 0
75931 72
75989 0
76217 70
76236 0
76242 27
76592 72
76879 0
76927 27
76963 0
76965 70
77150 0
77178 54
77376 0
77495 27
77608 72
77758 54
77850 0
77875 27
78030 0
78506 54
78630 54
78642 0
78719 54
78836 0
78919 27
79281 0
79583 54
79590 0
79964 27
80175 0
80195 27
80543 0
80559 54
80688 0
80912 72
81080 0
81192 70
81202 0
81263 70
81533 0
81563 54
81566 0
81586 54
81827 27
81880 0
81973 72
82220 72
82479 54
82532 0
82586 72
82898 0
83302 54
83359 0
83917 54
83961 0
84205 72
84263 0
84535 70
84560 0
84796 27
85679 54
85744 0
85831 72
86044 0
86102 27
86578 0
86793 72
86856 54
86859 0
86944 72
87338 0
87352 72
87370 0
87404 72
87427 0
87474 27
87877 0
87899 70
88077 0
88134 54
88255 0
88411 70
88464 0
88881 72
88987 54
89518 0
89636 70
89798 0
90004 70
90030 0
90199 72
90402 54
90498 0
90529 54
90555 0
90855 72
91237 0
91444 70
91654 72
91691 70
91727 0
91891 70
91915 0
91923 70
92055 0
92127 70
92265 0
92381 72
92384 72
92737 0
92749 70
92989 0
93133 27
93216 54
93396 0
93427 27
93482 54
93623 0
93721 27
93762 0
93813 27
93960 27
94004 72
94054 0
94433 70
94492 0
94560 27
94585 0
94615 54
94621 27
94719 0
94721 70
94870 0
94886 27
94938 0
95091 70
95237 0
95301 72
95392 0
95636 54
96210 0
96222 72
96435 72
96850 27
96963 0
97050 70
97067 0
97249 54
97311 0
97346 70
97442 0
97815 70
98116 0
98120 72
98155 72
98384 70
98403 70
98632 27
98865 0
98875 54
99320 0
99356 54
99619 0
99807 27
857 events for 10
143 58
149 0
153 60
156 58
388 0
433 44
435 44
477 0
482 72
560 0
571 60
672 0
850 44
1026 0
1263 60
1489 0
1515 60
1549 0
1854 60
1871 0
2160 60
2175 0
2303 47
2703 0
2757 58
2806 0
3049 44
3056 45
3157 0
3232 44
3396 0
3440 58
3495 0
3501 72
3549 0
3564 44
3611 47
3780 0
3953 58
3983 0
4049 47
4053 58
4348 0
4371 45
4898 45
4948 47
5182 0
5190 58
5206 44
5602 0
5875 72
5886 0
5895 47
5905 0
6022 47
6360 0
6503 72
6505 0
6559 72
7063 0
7196 60
7362 0
7371 45
7600 0
7602 60
7706 0
7737 44
7769 0
7906 47
7918 58
7982 0
8201 45
8372 44
8470 60
8519 60
8672 0
8712 44
8748 0
8775 72
8791 60
8992 0
9670 60
9770 60
9778 0
10082 45
10129 0
10224 44
10276 0
10370 47
10400 0
10427 44
10447 0
10469 58
10542 44
10560 0
10562 60
10581 47
10633 0
10739 58
10946 0
11249 44
11319 58
11376 60
11728 0
11742 47
11869 0
11909 60
12190 44
12752 0
12764 58
12911 0
13358 58
13439 44
13825 58
13908 0
14012 58
14349 47
14433 0
14482 72
14755 0
14792 72
15016 58
15194 0
15203 72
15367 58
15438 0
15608 60
15664 0
15720 47
15926 0
15959 58
15974 58
16023 0
16307 58
16317 0
16412 47
16715 0
16730 45
16760 0
16951 72
17078 44
17161 0
17236 58
17373 58
17547 0
17590 58
17627 0
17666 60
17758 0
17931 45
18138 0
18312 72
18340 47
18380 0
18496 72
18599 0
18880 44
19108 0
19237 47
19678 0
19967 60
20075 0
20102 72
20254 0
20329 58
20370 0
20672 60
20855 0
21296 58
21362 0
21480 47
21534 0
21639 72
21703 0
21756 45
22027 0
22067 60
22098 0
22399 47
22462 0
22819 44
22881 60
23030 0
23066 58
23091 0
23461 44
23519 0
23662 45
23885 0
23922 44
24046 47
24167 0
24380 72
24463 0
24582 44
24778 0
24781 58
24826 0
24858 72
25077 0
25406 58
25527 0
25576 44
25631 0
26126 45
26144 0
26242 44
26379 0
26441 60
26471 44
26540 0
26561 45
26576 60
26667 0
26802 44
26888 44
27004 0
27026 60
27046 0
27052 60
27059 0
27149 72
27185 0
27258 47
27260 0
27509 44
27550 0
27606 60
27608 44
27636 0
27664 44
27666 0
27667 44
27744 0
27879 47
27970 45
27974 0
28018 60
28058 45
28059 0
28128 58
28156 0
28467 60
28547 0
28748 58
28752 60
28801 0
28831 45
28938 0
29178 44
29586 0
29729 60
30068 0
30150 58
30225 0
30381 44
30420 0
30426 72
30468 0
30586 72
30619 0
30652 44
30656 58
30872 0
30947 60
31234 58
31254 0
31288 60
31332 72
31444 0
31603 58
32035 72
32099 0
32259 58
32273 0
32340 60
32385 0
32450 60
32523 0
32667 60
32808 72
32924 44
33160 0
33377 60
33482 0
33489 60
33492 0
33591 58
33618 0
33642 72
33676 60
33698 72
33825 44
34077 0
34110 44
34384 0
34432 72
34501 58
34509 0
34523 60
34736 0
34801 45
34859 0
34882 60
35011 45
35245 0
35403 60
35624 0
35790 58
36165 0
36223 60
36282 0
36332 47
36381 0
36486 44
37050 0
37132 44
37280 0
37314 47
37336 0
37348 47
37368 0
37374 44
37402 0
37424 60
37463 0
37504 58
37574 0
37772 45
37906 0
38036 44
38118 44
38539 0
38615 72
38637 0
38711 45
38777 0
39071 45
39086 0
39385 45
39424 0
39615 72
39964 60
39988 0
40066 72
40248 0
40314 44
40469 0
40557 72
40591 0
40595 44
40685 0
40755 58
40933 0
40951 72
40962 0
41162 47
41259 0
41361 60
41498 0
41509 45
41630 45
41652 44
41749 0
41876 44
42029 60
42174 0
42386 72
42399 0
42408 47
42411 0
42743 44
42921 0
43028 72
43053 0
43147 60
43149 0
43159 72
43311 44
43488 0
43537 45
43657 45
43833 0
43889 58
43948 0
44118 58
44182 0
44241 58
44318 0
44373 44
44497 0
44535 44
44554 58
44669 0
44679 60
44866 0
44912 44
45323 0
45466 58
45472 0
45646 47
45771 72
45926 0
45971 72
46010 60
46111 44
46276 0
46633 72
46693 0
46906 45
46945 58
46950 0
47089 45
47216 47
47279 0
47639 47
47695 0
47805 60
48475 0
48535 60
49079 0
49459 72
49596 0
49642 60
49644 60
49760 0
49772 47
49872 0
49884 45
49917 0
50048 47
50220 0
50243 72
50339 0
50342 44
50417 0
50625 60
50928 0
51100 45
51534 0
51567 58
51657 0
51778 60
51856 72
52004 0
52096 72
52404 0
52623 45
52688 0
52711 47
53127 0
53156 44
53429 0
53547 44
53622 0
53651 44
53661 0
53664 45
53666 45
53786 58
53888 0
53955 58
53998 47
54047 0
54192 72
54511 0
54868 60
54953 0
55134 60
55142 0
55221 60
55294 0
55451 60
55609 0
56364 47
56623 47
56698 58
56736 0
56758 45
56796 0
56859 47
57006 0
57058 44
57198 0
57328 72
57331 44
57506 72
57796 0
57938 44
57942 45
58057 0
58118 45
58184 0
58321 60
58332 0
58369 58
58662 0
58952 44
59059 0
59181 72
59371 0
59375 58
59500 0
59591 60
59803 0
59814 45
59940 0
60018 72
60028 72
60160 0
60202 72
60493 0
60528 58
60557 58
60609 0
60619 72
60804 0
61101 47
61229 45
61405 0
61423 72
61467 0
61648 72
61995 0
62054 72
62308 58
62313 72
62390 45
62446 0
62499 44
62539 0
62738 60
62802 45
63068 0
63135 45
63283 0
63421 72
63432 72
63453 0
63680 72
63838 72
63880 0
64024 47
64058 0
64428 44
64498 0
64513 47
64635 0
64722 72
64950 58
64994 0
65073 72
65384 0
65506 60
65541 0
65841 72
65993 45
66120 72
66276 47
66361 45
66986 0
67056 60
67151 0
67241 47
67260 72
67436 0
67439 60
67549 0
67555 60
67752 0
67807 58
67830 0
67846 58
68006 0
68175 60
68248 0
68362 60
68485 0
68495 72
68509 0
68694 60
68969 0
69075 72
69206 60
69276 0
69649 72
69789 0
69804 60
69942 0
70043 44
70167 58
70323 0
70412 44
70431 45
70479 0
70673 45
70973 0
70994 72
71185 0
71443 58
71583 0
71605 58
71618 0
71671 60
71750 0
71830 47
72318 72
72443 0
72733 72
73077 0
73104 72
73131 0
73298 45
73409 58
73531 0
73788 47
73806 0
73821 60
74072 0
74337 60
74401 44
74407 0
74810 60
74811 0
74931 72
74942 0
75166 72
75186 0
75223 47
75295 0
75391 58
75398 44
75440 0
75531 72
75601 0
75658 60
76120 45
76173 0
76289 47
76590 0
76603 72
76648 0
76668 45
76671 0
76719 45
76754 0
76831 44
77046 0
77340 45
77451 0
77458 47
77464 0
77525 58
77853 0
78001 47
78236 0
78444 45
78550 0
78683 72
78771 0
78886 60
79197 0
79218 60
79254 0
79747 47
79768 58
79797 60
79799 0
79809 58
80055 0
80181 72
80317 0
80641 44
80804 0
80806 60
80882 45
81121 0
81141 60
81194 0
81216 58
81228 0
81334 58
81375 0
81483 60
81501 47
81528 0
81648 47
81696 72
81708 0
82224 58
82375 0
82390 45
82473 0
82509 44
82765 0
82771 47
82803 0
82859 44
83246 0
83272 72
83277 0
83368 47
83371 0
83459 45
83529 0
83819 72
83968 0
84056 72
84176 0
84303 45
84477 47
84628 0
84687 72
84691 60
84711 0
84718 72
84798 0
84922 45
85026 0
85449 60
85549 60
85572 0
85605 58
85772 58
85895 44
85976 60
86019 0
86147 58
86191 0
86282 47
86301 45
86342 0
86437 72
86514 0
86589 44
86612 0
86622 72
86649 0
86839 60
86855 0
86970 44
87083 72
87109 0
87144 72
87282 0
87303 45
87321 72
87356 0
87424 45
87448 0
87524 72
87540 58
87668 58
87684 0
87768 47
87845 0
87934 44
87980 0
88126 45
88243 0
88367 58
88379 0
88464 58
88749 0
88802 58
88845 60
88869 44
88888 0
89019 58
89030 0
89061 58
89364 0
89433 45
89543 0
89550 60
89616 44
89688 0
89726 47
89845 0
89880 47
89935 0
90247 44
90326 0
90388 60
90888 0
90955 58
91204 0
91538 60
91797 47
91828 0
91873 60
92021 0
92515 72
92527 0
92598 47
92897 72
92988 58
93062 0
93098 44
93107 0
93115 45
93184 0
93264 47
93273 0
93280 72
93472 0
93586 47
93902 0
93952 45
94242 0
94255 72
94265 0
94543 44
94557 0
94570 58
94699 0
94937 72
94991 0
95403 45
95808 0
95810 47
96065 0
96173 44
96280 0
96522 72
96682 0
96811 58
96948 44
97109 47
97177 0
97315 58
97348 0
97408 47
97448 0
97476 58
97764 0
97792 47
97935 0
97956 47
98041 0
98061 47
98077 0
98200 47
98396 0
98634 44
98800 0
98919 44
98941 0
99102 44
99219 0
99462 47
99568 47
99581 0
99674 60
99756 0
99883 72
99965 0
635 events for 11
371 90
582 0
635 90
680 0
823 86
849 97
872 86
910 86
1104 0
1414 86
1547 90
1705 0
2154 86
2473 0
2538 86
2717 0
2793 86
2815 0
3070 90
3240 0
3363 97
3388 86
3487 97
3497 0
3562 90
3744 0
3838 86
3991 0
4054 86
4092 0
4812 86
5397 0
5508 97
5631 0
5675 97
5837 86
5838 96
5975 86
5991 90
6175 97
6208 96
6436 0
6450 97
6458 0
6650 97
6695 0
6820 97
7150 0
7238 86
7289 0
7290 97
7612 0
7750 86
7763 90
7898 0
7975 86
7996 0
7998 97
8071 0
8074 97
8327 96
8929 0
9136 97
9146 0
9264 96
9508 86
9598 0
9726 97
9834 0
9891 96
9893 96
9957 96
10196 97
10313 0
10496 90
10523 0
10548 96
10781 0
10922 97
11018 0
11194 97
11296 0
11346 90
11397 97
11790 0
11845 96
11952 90
12284 0
12290 97
12458 90
12583 0
13152 86
13229 96
13659 0
13672 86
13768 0
13878 90
13977 0
14072 97
14161 90
14238 86
14705 0
14736 86
14872 0
14955 86
15039 0
15100 86
15292 0
15316 90
15688 0
15996 90
16137 90
16281 90
16591 0
16764 86
17001 0
17254 90
17264 0
17493 86
17682 0
17691 86
17799 0
18030 86
18182 96
18292 90
18462 90
18776 86
18801 0
18903 86
18995 90
19217 0
19251 96
19516 0
19613 86
19905 86
19974 0
20003 96
20041 86
20079 86
20596 0
20625 86
20886 0
20996 90
21016 96
21060 0
21088 97
21161 0
21376 96
21417 86
21722 86
21812 97
21868 0
22189 96
22544 97
22551 0
22633 97
22750 0
22760 96
22858 0
23227 90
23306 86
23527 0
24043 97
24261 97
24655 0
24682 96
24686 97
25070 0
25155 90
25278 0
25626 86
25776 97
26223 0
26388 86
26434 0
26506 86
26645 86
26656 0
26964 86
27289 96
27321 0
27398 86
27476 0
27508 86
27945 0
27957 90
28191 0
28351 90
28538 0
28569 90
28775 0
28921 86
28990 0
29679 97
30164 0
30371 96
30720 0
30849 86
30871 97
31429 0
31748 90
31866 0
32117 97
32279 0
32497 96
32749 0
33393 90
33406 0
33866 97
34481 0
34812 86
34860 96
34981 96
35335 0
35420 97
35481 0
35691 90
36194 86
36383 0
36407 86
36563 0
36574 86
36667 0
36868 86
37242 97
37336 0
37787 90
37833 0
37883 86
37919 0
38121 86
38651 90
38803 0
38856 90
38985 0
39015 96
39100 0
39463 97
39535 0
39657 96
40061 0
40206 90
40212 0
40230 90
40614 86
40823 97
40837 97
40856 0
40935 90
41032 0
41140 86
41311 96
41506 0
41520 90
41746 0
41759 96
41833 0
41858 86
41900 96
42024 0
42295 86
42357 0
42376 86
42652 96
42922 0
43059 86
43226 0
43514 86
43677 0
43755 90
44197 0
44351 97
44484 0
44497 90
44498 86
44569 0
44895 90
45075 0
45496 90
45573 0
45651 86
45663 0
45694 96
45981 0
45988 86
46129 0
46220 96
46231 90
46250 0
46263 96
46310 0
46392 90
46539 0
46661 97
46769 0
46784 90
46855 0
47196 86
47764 0
47833 96
47928 97
48211 0
48343 86
48488 0
48614 96
48695 0
49143 96
49457 0
49466 96
49559 86
49670 0
49755 97
50291 86
50341 86
50582 0
50583 86
50677 0
50906 97
50933 0
50961 96
51300 0
51508 96
51586 96
51782 0
51906 86
52070 90
52125 0
52600 97
52739 0
52950 96
52965 0
53055 97
53091 0
53396 96
53781 86
53788 0
53888 86
54138 0
54192 86
54342 0
54418 97
54524 0
54580 86
54872 0
54884 96
55011 96
55023 0
55182 90
55225 0
55249 86
55349 86
55739 90
55758 96
55780 97
55982 0
56254 97
56278 97
56340 0
56343 96
56467 0
56652 97
56861 0
56883 86
57097 0
57520 86
57823 0
57864 90
57919 0
58036 86
58428 96
58705 0
58784 90
58951 0
59222 86
59335 97
59369 0
59475 86
59494 86
59868 96
60031 0
60108 90
60577 0
60734 96
60866 0
60886 86
61033 0
61274 97
61338 90
61397 0
61547 90
61595 0
61597 97
61634 0
61932 90
61945 97
61991 96
62300 0
62349 96
62545 0
62548 96
62668 0
63028 96
63135 0
63241 97
63489 0
63509 86
63833 0
63869 96
63891 0
63906 96
63981 96
64452 0
64484 90
64504 0
64841 86
64889 96
64963 0
65129 90
65211 0
65324 97
65672 86
65718 0
66070 97
66509 0
66563 97
66584 0
66593 97
66944 86
67035 90
67095 90
67124 0
67133 96
67153 0
67334 86
67335 0
67455 96
68012 0
68138 90
68166 0
68448 96
68522 0
68855 86
69050 0
69287 90
69364 96
69489 0
69685 97
69828 0
70011 86
70083 0
70345 96
70431 0
70661 96
70791 0
70794 90
70804 0
71107 86
71584 0
71656 97
71883 0
71958 97
72096 96
72504 0
72949 90
73029 90
73165 86
73230 96
73239 0
73445 97
73696 86
73758 90
73863 86
73953 96
73962 0
74223 97
74308 90
74317 0
74389 97
74670 0
74736 96
74798 86
75099 86
75184 90
75911 90
75964 97
75997 86
76173 86
76437 0
77012 86
77023 0
77306 86
77455 86
77521 0
77589 90
77626 0
77808 90
77836 0
77905 90
78256 0
78258 86
78542 97
78805 90
78849 86
79388 0
79442 90
79672 97
79928 0
79985 97
80238 90
80311 0
80319 96
80535 90
80652 90
80668 86
80812 0
81033 86
81061 0
81252 97
81742 0
81897 86
82336 97
82479 0
82563 86
82682 0
83075 90
83129 0
83201 86
83279 0
83453 90
83458 0
83477 86
83534 90
83635 96
83646 0
83771 86
83913 86
84132 0
84434 86
84446 0
84448 86
84501 0
84573 90
84642 0
84812 86
84921 0
85118 90
85332 0
85360 97
85462 0
85831 86
85922 97
86149 86
86151 0
86177 97
86282 0
86354 90
86432 0
86494 86
86566 0
86642 90
86696 0
86751 86
87064 0
87065 90
87168 86
87185 0
87968 97
87991 0
88029 90
88083 0
88494 90
88568 0
88679 86
89041 86
89233 86
89317 0
89458 90
89547 0
89600 96
89736 0
89880 90
89921 0
90226 96
90401 86
90459 97
90497 0
90516 96
90736 0
91283 97
91343 0
91912 97
92217 0
92289 97
92431 0
92436 96
92460 0
92591 86
93142 0
93451 96
93474 96
93522 0
93884 96
93888 86
94042 86
94117 0
94748 86
95033 0
95151 90
95163 0
95176 86
95567 0
95671 96
95758 86
95792 0
95829 90
96299 0
96331 86
96418 0
96461 86
96681 86
96839 0
97320 90
97385 0
97429 90
97595 86
97643 0
97932 86
97994 90
98690 0
99095 86
99113 90
99773 90
99775 0
99835 90
99972 0
379 events for 12
164 61
387 0
595 69
779 0
1222 61
1321 0
1334 69
1949 0
2171 61
2271 0
2768 61
3054 0
3387 61
3629 69
3788 0
4164 61
4931 0
5643 69
5950 0
6345 69
6434 0
7042 69
7050 69
7535 0
8697 61
8894 0
9170 61
9346 0
9672 61
10044 0
10376 61
10420 0
10486 69
10545 61
10966 0
11175 61
12116 0
12119 61
12454 0
12485 61
12802 0
12915 69
13520 0
13985 69
14139 0
14297 69
14726 61
14988 61
15016 0
15179 69
15451 0
15648 61
15807 61
16402 0
16446 61
16535 0
17175 69
17181 69
17564 0
17832 61
18064 61
18132 0
18457 61
19264 0
19450 69
19533 0
19548 61
19827 0
20518 61
20933 0
21394 61
22055 69
22302 0
22472 69
22671 0
22691 69
22740 0
22991 69
23544 61
23932 0
24224 61
24392 0
24723 61
24751 0
24752 61
24786 0
24830 69
25176 0
25276 69
25718 0
26197 69
26795 0
26874 61
27138 61
27491 0
27511 61
27737 0
28059 61
28309 0
28485 69
28756 0
28806 61
29335 0
29495 61
30637 0
30680 69
31426 69
32458 0
32660 69
32764 0
33164 61
33186 0
33266 61
33434 61
33632 0
33719 61
33947 0
34407 61
35213 0
35317 61
35439 0
35850 69
35866 0
35943 69
35996 0
36153 61
36367 0
36449 69
36540 69
36818 0
37139 61
37185 0
37447 61
38317 61
38456 0
38550 61
39403 0
39739 61
39810 0
40018 69
40153 0
40244 69
40728 0
41260 61
41477 0
41569 61
41744 61
42417 0
42432 61
42652 0
42746 69
42767 0
42793 69
42815 69
43849 0
43959 61
43987 0
44474 69
44572 0
45044 69
45683 69
46075 0
46561 61
46600 0
47144 61
47698 69
48036 69
48168 0
48196 61
48692 0
49117 69
49261 0
50076 69
50089 0
50644 69
50773 0
51490 61
51575 61
51700 69
51722 61
51868 0
52132 69
52756 0
52813 69
53957 0
54605 61
55268 69
55381 0
55723 61
55796 61
55915 0
56195 61
56232 61
56297 0
56535 61
56800 0
56879 61
57521 0
57567 61
57576 0
58105 69
58357 0
58521 69
58664 0
59265 69
59266 0
59467 69
59588 0
59861 69
59987 69
60134 0
60668 61
60699 61
60759 0
61129 69
61951 0
62547 69
62739 69
62996 0
63346 61
63724 0
64023 69
64558 0
65324 69
65712 69
66189 0
66338 69
66387 0
66572 69
67112 61
67184 0
67408 61
67933 0
68119 69
68139 69
68249 0
68508 69
68811 61
68813 0
68832 61
68844 0
68983 69
69525 69
69702 69
69844 61
69928 0
70324 61
70497 0
70500 69
70565 0
70666 61
71253 0
71424 61
71473 0
71541 61
71817 0
71896 69
72034 0
72511 61
72540 0
72543 69
72828 0
73138 61
73385 0
73820 69
74137 61
74456 61
74466 0
74601 61
74950 61
75360 0
75480 61
75571 61
75706 0
76012 69
76160 69
76192 0
76526 61
76602 0
76756 61
76891 0
76988 61
77388 0
77486 61
77699 61
77767 0
78094 69
78968 0
78970 69
78995 0
79236 69
79660 61
79852 0
79896 61
79985 0
80780 69
80857 61
80918 0
81164 61
81189 0
81447 61
81499 0
81646 61
82000 69
82182 61
82233 61
82677 69
82842 0
84155 61
84330 0
84522 61
84819 0
84851 61
84954 0
86271 61
86374 0
86414 69
87392 61
87484 0
87861 61
88209 69
88218 0
88330 69
88377 61
88468 0
88716 69
88883 0
88993 61
89052 0
89586 69
89705 0
89849 69
90070 0
90251 69
90868 0
91125 69
91201 0
91412 61
91491 61
91772 0
92010 61
92459 69
92832 61
92963 61
92983 61
93021 0
93022 61
93082 0
93192 69
94083 0
94259 61
94339 0
94391 69
94405 0
94832 61
95540 61
95951 61
96075 61
96495 61
97056 0
97584 69
97587 0
97835 61
97868 0
97887 61
97979 61
98004 61
98044 0
98153 69
98177 0
98214 61
98440 0
98559 61
98827 0
99024 69
99348 69
99464 0
99615 69
99700 0
684 events for 13
155 17
159 0
289 24
375 0
434 24
614 0
818 20
847 0
1133 14
1139 0
1412 15
1666 0
1702 14
1808 0
2063 16
2119 0
2145 20
2326 0
2333 16
2380 15
2398 0
2415 14
2427 17
2703 0
2750 16
2765 0
2804 16
2995 0
2996 14
3020 0
3121 14
3147 0
3174 14
3236 15
3267 0
3644 24
3684 0
3766 17
3826 0
4014 15
4217 0
4302 24
4342 0
4545 20
4614 0
4652 24
4737 0
4761 16
4823 0
5179 24
5397 0
5627 16
5743 24
6217 0
6260 14
6383 14
6385 0
6411 15
6691 0
6811 14
6830 0
6840 20
6910 0
7101 14
7138 20
7255 0
7356 24
7637 0
8395 24
8530 15
8645 0
8759 14
9041 14
9056 0
9264 15
9387 0
9476 14
9545 0
9650 14
9808 15
9818 0
9826 24
9852 0
9899 24
10049 0
10134 24
10652 0
10720 16
11087 0
11385 24
11447 24
11487 0
11521 14
11665 0
11688 14
11807 24
12141 0
12207 14
12572 0
12622 14
12878 14
12951 14
13034 0
13150 14
13167 0
13308 16
13353 0
13566 14
13665 0
13716 14
13903 15
14003 0
14019 16
14465 24
14829 0
14851 16
15390 0
15564 15
15584 14
15749 0
15835 14
15838 0
16053 14
16217 0
16409 24
16545 24
16632 0
16648 24
16901 14
17056 17
17184 24
17194 0
17351 14
17698 0
17787 14
17857 14
17898 14
18334 0
18465 16
18511 24
18840 0
18862 16
18948 0
19072 15
19105 20
19114 0
19252 24
19526 0
19855 14
20007 20
20297 16
20326 0
20536 24
20702 15
20747 0
20848 24
21018 24
21149 0
21310 15
21312 15
21597 0
21705 24
21754 0
21800 15
21839 14
22130 17
22197 0
22262 16
22545 0
22574 24
22638 0
23289 14
23482 0
23614 14
23684 0
23746 20
24377 14
24455 0
24507 14
25089 0
25136 14
25537 0
25665 15
25740 0
25841 15
26088 0
26405 20
26482 0
26695 14
26798 0
27131 20
27413 0
27714 14
27910 0
27917 14
28272 0
28909 17
29002 14
29005 0
29031 16
29159 14
29270 20
29367 0
29973 16
30027 20
30154 24
30306 0
30433 20
30700 0
30903 14
30972 15
31085 16
31132 0
31138 14
31258 0
31274 20
31742 24
31867 0
31900 24
32185 0
32189 20
32317 0
32613 17
32951 0
33059 16
33451 0
33961 14
34220 14
34625 0
34760 17
34766 0
34784 14
34952 17
34974 0
35047 17
35247 0
35407 14
35684 0
35727 20
35786 14
35789 0
35940 16
35950 0
36230 17
36669 0
36878 15
37159 0
37249 16
37646 0
37785 24
37807 0
37914 14
38033 24
38359 14
38459 17
38509 0
38629 15
38662 0
38747 16
39464 0
39507 14
39690 24
39968 0
40204 16
40340 14
40686 0
40858 17
40997 0
41287 24
41351 0
41388 15
41627 0
41787 24
42075 14
42285 0
42641 24
42934 14
42986 0
43071 14
43141 0
43183 15
43213 0
43689 24
43733 0
43892 14
43929 0
44186 16
44190 20
44526 0
44673 14
44715 24
44779 0
44812 20
44915 0
44931 24
45398 0
45534 24
45593 0
45726 14
45768 24
45773 24
46180 0
46339 24
46416 14
46478 0
46598 16
46674 0
46945 24
47444 24
47685 0
47724 17
47956 15
48123 17
48234 0
48406 24
48654 15
49214 14
49327 0
49645 24
49829 0
50007 14
50089 0
50099 20
50121 0
50124 17
50286 14
50493 24
50560 0
50646 14
50873 20
51083 0
51191 14
51297 0
51313 15
51370 14
51421 0
51615 24
52203 14
52272 0
52335 20
52349 0
52513 20
52633 0
52760 24
52852 17
52868 20
53367 0
53386 16
53404 0
53661 15
53888 14
53930 0
54028 16
54037 0
54196 14
54488 0
54681 16
54685 0
54927 20
54939 0
54944 15
55000 0
55047 16
55149 0
55457 14
55630 0
56111 14
56432 16
56464 0
56499 14
56636 0
56652 24
56781 0
56949 14
57139 0
57181 15
57240 24
57453 17
57457 0
57608 14
57778 0
57842 15
57864 14
57931 24
57971 0
58005 24
58077 20
58196 0
58206 15
58338 0
58383 24
58428 14
58482 0
58504 20
58601 14
58855 0
59254 24
59302 0
59584 14
59593 0
59691 17
59719 0
59856 24
60090 0
60260 16
60275 0
60599 16
60680 0
60765 24
61159 0
61198 24
61213 0
61297 14
61412 0
61474 20
61594 16
61761 16
61806 0
61949 16
62045 0
62126 14
62200 0
62543 15
62637 0
62665 24
62687 0
62838 15
62880 0
62898 17
62981 0
63292 14
63361 24
63409 0
63923 15
64252 0
64458 24
64685 20
64785 24
64915 0
65028 14
65496 0
65560 14
65566 0
65702 20
65899 0
65938 14
66019 0
66051 20
66061 0
66092 24
66120 0
66227 14
66239 0
66244 17
66467 0
66733 16
66962 0
66980 20
67141 20
67194 0
67209 14
67238 20
67608 0
67845 24
67977 0
68143 14
68220 15
68229 0
68429 16
68508 14
69023 0
69149 24
69152 16
69357 24
69437 14
69539 0
69638 15
69659 0
69854 16
70062 0
70177 17
70225 15
70298 0
70332 24
70692 0
70701 14
70812 0
71059 14
71654 0
71738 14
71975 0
72013 14
72041 0
72049 14
72103 0
72236 20
72253 14
72290 0
72445 20
72511 0
72566 17
72902 24
72910 0
73017 24
73196 0
73378 16
73432 0
73477 14
73612 0
73719 24
73767 0
73786 17
73814 24
73820 0
74302 17
74363 14
74514 0
74643 20
74663 0
74994 16
75073 0
75385 14
75537 0
75567 14
75672 24
75716 0
75795 20
75847 17
76068 0
76158 14
76199 24
76218 0
76322 24
76735 0
76755 20
76815 0
76923 20
77088 0
77194 24
77215 0
77459 14
77533 0
77874 16
77999 24
78034 0
78063 20
78167 0
78396 14
78416 14
78444 0
78502 16
78808 0
79189 14
79459 16
79525 14
79603 0
80070 15
80281 0
80337 16
80369 24
80845 0
80908 24
80910 0
80950 20
81038 0
81738 24
81791 0
81857 24
81944 0
82008 14
82141 14
82153 14
82329 0
82652 14
82906 0
83105 14
83412 0
83488 14
84054 0
84069 15
84072 0
84419 14
84599 15
84611 24
84727 0
84764 14
84796 0
84880 14
85231 0
85235 14
85556 0
85665 14
85881 0
85900 16
86053 16
86130 0
86218 16
86309 16
86454 24
86501 0
86737 20
87090 0
87444 17
87466 16
87584 16
87706 0
87890 24
87994 24
87997 0
88393 14
88473 24
88593 0
89094 24
89147 0
89180 14
89213 14
89463 24
89810 0
89843 24
89934 0
90031 14
90094 20
90600 0
90631 17
90659 0
91131 17
91137 0
91462 17
91558 0
91663 20
91680 20
91711 0
91963 24
92120 16
92163 0
92197 24
92431 20
92544 14
92616 0
92650 20
92688 0
92744 24
92915 17
93351 0
93411 14
93968 24
94048 0
94362 24
94395 16
94508 0
94578 20
94725 16
94752 0
94762 14
94776 0
95301 24
95361 20
95372 16
96273 0
96617 15
96815 17
96891 0
96933 17
97077 0
97393 17
97435 16
97474 0
97746 14
97946 17
97996 14
98303 0
98370 14
98448 14
98514 24
98518 0
98695 15
98970 0
99133 17
99231 0
99406 14
99416 0
99631 24
99692 16
99727 0
292 events for 14
30 64
239 0
314 55
391 0
726 55
828 0
1222 55
1444 0
1709 64
1885 63
1906 0
2138 63
2345 63
2400 64
3027 63
3463 0
3742 63
3797 0
4283 64
4691 0
5130 64
5352 64
6141 0
6401 63
6430 0
7074 63
7085 63
7698 0
8820 63
8939 55
8991 64
9254 0
9521 63
9918 64
10195 0
10243 63
10468 64
10556 0
10561 64
11145 0
11362 64
11657 63
12069 0
12368 64
12768 64
12943 0
13366 63
13992 0
14027 63
14223 0
15011 64
15098 0
15112 63
15117 0
15127 63
15683 0
15816 64
16483 55
16536 55
17973 0
18296 64
18463 0
18480 63
18851 63
18910 0
19039 63
19270 0
19653 64
20476 0
20538 55
20630 0
20720 63
20852 0
21392 55
22674 0
22873 63
23155 64
23823 0
24314 64
24619 0
25205 63
25865 64
26215 0
26477 55
26853 55
27876 0
27988 64
28449 0
28682 64
29930 0
30103 64
30347 0
30587 63
31275 0
31352 64
32360 0
32760 64
32873 55
34401 0
35629 55
35968 0
36574 63
37967 0
38065 64
38140 63
38388 63
38389 55
38628 64
38794 0
39113 64
39408 0
39793 63
40001 0
40320 63
40390 0
40529 63
41113 64
41157 0
41945 64
42451 0
43057 55
43629 0
44061 64
44142 0
44217 64
44337 0
44639 63
45198 55
45660 63
46040 0
46924 64
47365 63
47840 0
48153 63
48896 0
49508 64
49562 0
49937 63
49939 0
50057 55
50432 0
51055 55
51329 0
51607 63
52260 64
52866 0
53129 55
53484 64
53698 0
53722 55
53990 0
54878 63
54886 0
55045 55
55163 0
55343 64
55431 63
55435 0
55554 63
55686 0
56135 64
56639 0
56646 64
57043 0
57280 55
57409 0
57562 63
57729 55
58173 55
58214 0
58524 55
58740 0
59169 64
59820 0
60316 63
60355 0
60392 64
60887 0
60888 63
61343 0
62051 63
62396 0
62484 64
62532 0
62754 55
63507 0
63653 63
64092 0
64448 55
64627 0
65017 63
65028 0
65374 55
65397 63
65572 0
66048 55
66058 0
66115 55
66208 55
66838 0
67265 63
67699 0
68670 64
68689 0
68973 64
69370 0
69877 64
70004 0
70756 63
71254 0
72042 55
72403 63
72579 0
72803 64
73161 0
73164 55
73232 64
73663 0
73896 55
74109 63
74276 55
74384 0
74721 55
75357 0
75812 55
76176 63
76366 63
76377 0
76466 63
76753 0
77399 63
78082 0
78856 64
78989 64
79371 0
80047 55
80079 0
80388 55
80488 0
80518 64
80969 0
80979 64
80984 0
81281 64
81828 0
81939 64
82459 55
82501 0
82612 63
82654 0
82946 64
83038 55
83490 55
83600 0
84090 63
84832 55
84846 0
85308 55
86162 55
86209 0
86608 64
86825 0
87654 64
87775 0
88116 63
88314 0
88404 63
89262 0
89899 63
90234 0
90869 63
90877 0
92107 64
92356 0
92652 55
94616 0
94687 64
94843 0
94954 63
95691 55
96173 0
96194 55
96198 0
96694 63
97390 55
97798 55
98413 0
98449 64
98858 0
99146 63
99623 55
99871 0
535 events for 15
170 60
254 0
316 60
348 0
737 60
824 60
1572 0
1597 60
1782 0
2328 60
2483 60
3322 60
3427 0
3701 60
3731 0
3734 60
3900 0
3927 60
4058 60
4074 0
4356 60
4608 0
4821 60
5087 0
5245 60
5312 60
5369 0
5472 60
5630 0
5726 60
6364 0
6667 60
6757 0
6781 60
7201 0
7240 60
7249 0
7513 60
7746 60
8150 60
8354 0
8449 60
8513 0
8673 60
8743 0
8819 60
9250 0
9467 60
10005 0
10076 60
10085 60
10220 0
10289 60
10499 0
10505 60
10885 60
10886 60
11298 0
11336 60
12087 60
12452 0
12922 60
13147 60
13151 0
13244 60
13294 0
13338 60
13369 60
13457 0
13847 60
14177 0
14278 60
14357 60
14589 0
14686 60
14848 60
14977 0
15054 60
15241 0
15420 60
15617 60
16174 0
16348 60
16634 0
16669 60
16685 0
16785 60
16822 60
16825 0
16860 60
17058 0
17235 60
17367 0
17579 60
17830 0
17979 60
18079 0
18119 60
18199 60
18251 0
18700 60
18848 0
19392 60
19736 60
20195 0
20567 60
20666 0
21032 60
21155 60
21717 0
21953 60
22066 0
22168 60
22218 0
22251 60
22266 0
22504 60
22773 0
22870 60
22939 0
23083 60
23714 0
23766 60
23808 60
24028 0
24487 60
24537 0
25105 60
25286 60
26304 0
26784 60
26908 0
27179 60
27454 60
27826 0
28251 60
28581 0
28601 60
28684 60
28893 0
28905 60
29137 60
29169 0
29223 60
29352 60
29429 0
29922 60
29963 60
30120 60
30697 60
30822 0
30915 60
31072 0
31275 60
31519 60
31558 0
31898 60
31929 0
32220 60
32300 0
32417 60
32736 0
33108 60
33684 0
33715 60
33893 0
34327 60
34764 0
34936 60
35104 0
35196 60
35293 0
35313 60
35429 60
35694 60
35839 0
36184 60
36218 0
36581 60
36647 0
37008 60
37382 60
37573 60
37724 0
38054 60
38214 0
38315 60
38381 60
39210 60
39548 0
39569 60
39624 60
39670 60
39830 0
39964 60
40761 60
40932 0
41116 60
41145 60
41226 60
41432 60
41515 0
42064 60
42299 0
42351 60
42397 60
42445 0
42531 60
42803 60
42916 0
43062 60
43218 0
43241 60
43424 60
43433 0
43467 60
43491 0
43649 60
43658 0
43695 60
44080 60
44125 0
44246 60
44502 0
44547 60
44712 0
44928 60
44985 0
45093 60
45140 0
45245 60
45266 0
45328 60
45384 0
45403 60
45771 0
45930 60
45953 60
46760 0
46890 60
47115 0
47327 60
47356 0
47410 60
47514 0
47599 60
47768 0
47808 60
47888 0
47917 60
48356 0
48478 60
48631 0
48869 60
48917 0
48944 60
49025 0
49115 60
49215 0
49364 60
49468 60
49596 0
49653 60
49794 0
49980 60
50018 60
50166 0
50298 60
50697 0
50719 60
51138 0
51197 60
51498 0
51701 60
51840 0
51903 60
52249 60
52622 0
52846 60
52948 60
52959 0
53012 60
53173 0
53350 60
53435 0
53526 60
53541 0
53584 60
53683 60
53687 60
53790 0
53853 60
53883 60
55363 0
55451 60
55691 0
55764 60
56705 60
56891 0
57023 60
57337 60
57693 60
57694 0
57888 60
57978 60
58421 0
58584 60
58904 0
59022 60
59086 0
59092 60
59468 60
59580 60
59770 60
60048 0
60393 60
60488 0
60527 60
60958 60
61188 0
61190 60
61306 0
61454 60
61470 0
62046 60
62686 60
62697 0
62704 60
62899 60
63258 0
63293 60
63600 0
63712 60
63781 60
63874 0
63913 60
64174 60
64208 0
64241 60
65123 0
65443 60
65453 0
65485 60
65488 60
65671 0
65849 60
65958 60
66117 0
66401 60
66441 0
66554 60
66772 60
67070 60
67184 0
67207 60
67420 0
67467 60
68071 60
68172 60
68249 0
68274 60
68408 0
68633 60
69240 0
69426 60
69692 0
69782 60
70004 0
70054 60
70081 60
70371 0
70474 60
70617 60
70895 60
71074 60
71136 0
71139 60
71269 0
71344 60
71774 0
71907 60
72021 60
72340 0
72617 60
72871 0
72974 60
74158 60
74682 60
74900 0
74986 60
75077 0
75552 60
75693 0
75768 60
76212 60
76676 0
76683 60
76715 0
76868 60
76917 0
76990 60
77005 0
77106 60
77411 60
77448 60
77504 0
77645 60
78151 0
78167 60
78451 0
78795 60
78964 60
78966 0
79173 60
79183 0
79460 60
79847 0
79917 60
79958 0
80025 60
80056 0
80396 60
80493 0
80584 60
80626 60
80839 0
80985 60
81208 0
81430 60
81462 60
81493 0
81905 60
82025 0
82119 60
82175 0
82303 60
82617 0
82631 60
83048 60
83177 0
83631 60
84374 60
84651 0
85308 60
85469 0
85540 60
85603 0
85642 60
85902 0
86162 60
86189 0
86225 60
86430 0
86489 60
86988 0
87014 60
87167 0
87266 60
87618 60
87658 60
88220 0
88304 60
88395 0
88649 60
88729 0
88923 60
88931 0
89284 60
89287 0
89428 60
89463 0
89936 60
90040 0
90138 60
90207 60
90275 60
90305 60
90371 0
90793 60
90965 0
91038 60
91094 0
91299 60
91355 0
91531 60
91689 60
91802 0
91964 60
92155 60
92267 0
92288 60
92383 0
92476 60
92516 0
93046 60
93110 0
93127 60
93130 60
93291 60
93318 0
93450 60
94212 60
94223 0
94229 60
94983 0
95272 60
95314 0
95688 60
95746 0
95768 60
95932 60
96162 60
96209 60
96587 0
97106 60
97128 0
97262 60
97266 60
97639 60
97726 0
97809 60
98091 0
98209 60
98501 60
98849 0
99164 60
99205 0
99357 60
99380 0
99572 60
99754 60
99788 60
99908 0
99989 60
99990 0
914 events for 16
38 70
190 0
364 61
389 0
515 70
936 0
989 51
1094 0
1197 51
1342 0
1377 61
1401 0
1574 70
1768 0
1808 51
2005 0
2114 70
2457 0
2558 61
2578 0
2597 61
2680 0
2851 70
2914 0
3098 51
3248 0
3267 51
3334 0
3362 61
3388 0
3489 51
3820 0
3989 70
4073 0
4124 51
4235 0
4417 51
4438 0
4485 51
4580 0
4724 61
4860 0
4950 70
5284 0
5338 61
5932 0
5969 51
5978 70
6027 70
6524 0
6543 61
6574 0
6581 70
6663 0
6712 61
6718 0
6820 51
7076 51
7083 0
7100 70
7112 0
7136 51
7169 0
7189 61
7378 0
7569 70
7633 0
7721 51
7955 61
8212 0
8299 51
8313 0
8423 70
8463 0
8537 51
8690 0
8718 61
8802 0
8963 61
9279 0
9290 70
9320 51
9401 0
9526 70
9559 0
9639 51
9817 0
9896 70
10023 0
10102 61
10164 0
10268 70
10382 0
10409 61
10466 61
10573 0
10732 70
10801 0
10844 61
10948 0
11158 51
11242 0
11610 70
11645 51
11833 0
11931 51
12086 0
12286 61
12378 61
12660 0
12684 51
12705 0
13055 61
13087 0
13094 51
13130 0
13137 51
13187 0
13189 51
13455 0
13599 70
13636 0
13735 70
13871 70
13935 51
13998 0
14029 70
14036 70
14200 51
14284 0
14349 51
14363 0
14498 61
14502 61
14708 0
14969 51
15035 0
15644 51
15737 61
15803 51
15810 0
15876 70
15913 0
15914 70
15944 61
16034 0
16059 51
16285 0
16452 51
16557 0
16609 70
16662 0
16831 51
16868 0
16989 51
17235 51
17332 0
17365 61
17555 0
17623 61
17795 0
17912 70
18261 0
18291 61
18372 70
18677 51
18763 0
18822 61
19017 70
19127 0
19129 61
19192 0
19529 51
19543 51
19615 0
19729 70
19800 0
19940 61
20023 0
20182 51
20206 0
20223 61
20403 0
20423 61
20437 0
20454 61
20470 51
20966 0
21120 70
21207 0
21329 51
21369 70
21408 0
21415 51
21425 0
21435 61
21634 0
21656 51
21789 51
21851 0
21856 51
21947 0
22090 70
22147 51
22348 0
22429 70
22444 61
22596 51
22627 0
22655 61
22724 0
22983 61
23145 0
23215 51
23224 0
23346 70
23374 51
23377 61
23397 51
23607 0
23638 61
23725 61
24007 0
24087 61
24266 0
24475 51
24563 0
24645 70
24809 0
24983 70
25162 0
25181 61
25211 0
25317 61
25339 0
26057 61
26162 0
26247 61
26255 51
26286 0
26302 70
26505 0
26629 70
26671 0
26868 51
26870 0
26952 70
26981 0
27028 51
27077 0
27121 51
27244 70
27337 61
27436 51
27489 61
27702 0
27946 61
28156 51
28192 70
28207 0
28508 61
28603 0
28885 70
28919 51
28935 61
28991 0
29594 70
29645 0
29670 70
29916 0
30099 70
30114 0
30393 61
30438 0
30542 70
30590 0
30659 51
31014 0
31200 70
31203 51
31417 0
31539 70
31697 0
31768 70
31775 51
31862 0
32026 70
32119 0
32208 70
32331 0
32455 61
32544 51
32629 0
32755 70
32888 0
32980 70
32984 70
33022 0
33098 70
33418 61
33531 70
33544 61
33552 0
33752 51
33785 0
33870 70
33992 0
34039 51
34305 0
34333 61
34405 61
34414 61
34453 0
34659 51
34662 0
34684 61
34693 61
34746 0
34795 61
34818 0
34982 61
35060 0
35066 61
35241 0
35245 51
35709 61
35780 0
35890 51
35896 0
35967 70
36317 0
36380 51
36591 0
36797 51
36828 0
36999 61
37035 0
37048 70
37152 61
37194 61
37255 0
37268 70
37331 0
37363 51
37461 70
37527 0
37677 61
37742 0
37963 70
38006 0
38231 51
38259 0
38308 61
38345 0
38518 61
38579 0
38712 51
38935 0
39074 51
39217 0
39450 70
39463 0
39628 61
39773 0
39924 51
40114 0
40164 61
40168 0
40274 70
40607 0
40719 70
40918 0
41075 70
41084 0
41094 51
41151 0
41153 70
41334 70
41372 51
41533 51
41586 51
41785 0
41786 51
41811 0
41915 61
41952 0
42278 61
42592 70
42718 61
42729 61
42762 61
42922 51
43102 51
43304 0
43556 70
43671 0
43710 70
43773 0
43841 70
43881 70
43891 61
44039 61
44070 0
44460 51
44735 0
44806 51
44839 61
45136 0
45265 61
45360 61
45491 0
45621 61
45871 0
45934 61
46130 0
46137 61
46159 0
46172 70
46272 51
46275 0
46392 70
46514 0
46602 61
46739 0
46771 61
47073 0
47181 70
47204 0
47260 70
47262 70
47340 0
47396 61
47553 51
47594 0
47632 61
47705 0
48015 51
48033 0
48034 61
48075 0
48095 70
48186 70
48244 0
48427 51
48436 0
48487 61
48560 0
48570 51
48607 0
48689 51
48704 0
48908 61
48927 0
49065 70
49122 51
49147 0
49174 51
49278 0
49295 51
49343 0
49462 61
49508 0
49519 51
49863 0
50015 51
50052 51
50294 0
50360 51
50493 0
50542 70
50558 0
50638 51
50649 0
50838 51
51050 0
51081 70
51329 0
51342 51
51365 0
51434 70
51626 61
51745 0
51757 51
51781 0
51789 70
51815 51
51915 0
51963 51
52436 70
52582 0
52799 51
52802 61
52940 51
52996 0
53075 70
53189 0
53217 70
53356 0
53431 70
53655 70
53689 61
53789 0
53920 61
53949 0
53963 61
54159 0
54231 61
54271 0
54503 61
54506 61
54579 0
54772 51
54839 61
54928 51
54935 0
54990 51
55013 0
55035 70
55475 61
55638 0
55801 61
55806 61
55831 0
55868 70
55954 0
55962 61
56038 0
56492 51
56501 0
56599 51
56606 70
56693 0
56728 70
56778 51
56802 0
56833 51
56836 0
56860 61
56984 0
57008 61
57077 70
57194 0
57329 70
57386 0
57406 70
57507 51
57557 0
57639 61
57684 0
57843 51
57898 0
58029 70
58526 0
58575 61
58607 0
58629 51
58867 0
58874 51
59028 0
59100 61
59255 0
59418 70
59673 0
59677 70
59782 0
59859 70
60039 0
60188 61
60392 0
60406 61
60415 0
60712 61
60762 0
60929 51
60974 51
61064 51
61153 0
61249 51
61355 0
61440 70
61508 61
61550 70
61654 0
61666 51
61679 0
61737 70
62031 0
62240 70
62447 51
62636 0
62671 51
62710 0
62750 61
62842 0
63329 70
63571 0
63746 51
63819 0
63881 61
63944 0
64224 61
64272 0
64484 61
64523 0
64575 70
64618 70
64883 61
64995 0
64999 61
65020 51
65065 0
65315 51
65331 61
65341 61
65365 0
65444 70
65481 0
65524 70
65577 0
65605 70
65675 0
65812 51
65823 0
65844 61
66039 0
66153 70
66228 51
66329 0
66353 70
66373 0
66482 61
66589 0
66700 70
66863 0
66936 70
67263 0
67268 51
67397 0
67585 51
67593 0
67597 61
67834 0
67839 61
67888 0
68072 61
68111 70
68358 51
68384 0
68411 61
68888 0
68924 51
68927 51
69494 0
69660 51
69724 51
69894 0
70034 70
70039 0
70260 51
70322 0
70336 70
70421 70
70430 0
70431 70
70446 0
70535 61
70594 0
71038 70
71250 0
71282 70
71362 0
71394 61
71402 0
71431 61
71725 61
71967 0
72239 51
72256 0
72268 70
72614 51
72650 0
72665 70
72836 0
72955 70
73073 0
73082 61
73093 70
73400 61
73430 0
73666 61
73784 0
73835 61
74002 0
74034 61
74081 0
74087 70
74099 0
74156 61
74271 70
74376 0
74991 51
75124 51
75333 70
75618 51
75715 0
75765 51
75921 0
75968 51
76091 61
76148 0
76185 51
76335 0
76405 51
76408 0
76452 70
76600 0
76609 70
76893 51
76944 0
77024 51
77076 51
77080 0
77124 51
77342 0
77344 61
77402 0
77542 51
77619 0
77876 61
78048 0
78083 51
78154 61
78207 0
78264 61
78332 0
78339 51
78378 0
78468 61
78541 0
78835 61
78843 0
78910 70
78924 51
79008 0
79078 61
79110 61
79259 0
79373 70
79457 0
79468 70
79489 0
79617 61
79759 0
79778 70
79840 70
80207 0
80402 51
80618 0
80853 70
81141 0
81289 51
81428 0
81643 70
81753 61
81801 51
82149 0
82300 70
82304 61
82391 0
82429 51
82442 51
82492 0
82596 70
82677 70
82725 61
83005 51
83051 0
83161 70
83571 0
83606 70
83740 0
83774 70
83778 0
83856 51
84131 0
84144 51
84160 0
84510 51
84546 0
84597 70
84690 0
84849 51
85146 0
85264 61
85346 0
85365 70
85394 0
85406 51
85436 0
85481 70
85647 0
85752 61
85833 0
85893 70
86060 0
86131 51
86232 0
86316 51
86899 51
87032 0
87039 70
87378 0
87475 61
87699 70
87723 0
87817 61
87901 51
87938 61
87942 0
88076 51
88093 61
88163 0
88190 70
88299 0
88360 70
88412 0
88525 51
88710 51
88723 61
88754 0
88846 61
89237 0
89239 61
89409 0
89504 70
89621 61
89693 51
89940 0
90081 61
90101 0
90437 70
90446 0
90613 61
91311 0
91366 51
91478 51
91540 0
91638 70
91655 61
91755 0
91903 61
92124 61
92151 51
92316 0
92326 70
92351 51
92480 0
92664 51
92748 0
93006 51
93117 0
93131 70
93171 0
93205 70
93539 0
93542 70
93696 61
93780 0
93992 61
94083 70
94487 0
94576 70
94633 0
94725 61
94767 0
94838 61
95085 0
95102 70
95186 0
95244 51
95252 70
95283 0
95346 70
95442 0
95476 70
95661 0
95879 61
95925 0
96244 61
96330 0
96539 70
96627 61
96649 0
96749 70
96972 0
96987 61
97371 0
97508 51
97871 0
98235 61
98406 0
98755 51
98803 70
98880 0
98922 51
99233 70
99278 0
99345 70
99355 0
99474 51
99478 70
99679 51
99701 70
99744 70
990 events for 17
45 58
169 0
201 58
510 0
530 58
558 0
663 58
690 73
737 58
770 73
937 58
1047 58
1217 73
1221 0
1388 73
1592 0
1686 58
1987 58
2111 0
2133 73
2342 0
2493 58
2519 58
2588 73
2635 0
2766 58
2836 73
3030 0
3098 73
3184 0
3270 73
3311 0
3332 73
3375 0
3475 73
3505 0
3561 73
3566 58
3570 58
3608 0
3611 58
3612 0
3663 73
3694 0
3943 73
4467 0
4547 58
4889 73
4925 0
4955 58
5113 0
5159 73
5167 0
5255 58
5505 73
5525 0
5599 58
5843 0
5885 73
5930 58
6063 58
6140 0
6159 58
6457 0
6538 73
6575 0
6685 73
6702 58
6860 58
7003 0
7091 58
7106 0
7132 73
7245 0
7259 73
7311 0
7350 58
7564 73
7581 0
7601 58
7719 0
7849 73
8067 0
8180 58
8287 0
8380 58
8453 0
8610 58
8690 0
8825 73
8890 0
8940 73
8977 0
9086 58
9109 0
9175 58
9359 58
9372 0
9901 58
10203 73
10410 58
10486 58
10613 58
10684 0
10703 58
10741 0
10769 73
10950 0
11119 58
11197 0
11339 73
11467 0
11468 73
11502 0
11537 73
11543 0
11671 73
11692 58
11805 73
11825 0
11879 58
12141 73
12294 73
12306 0
12381 58
12384 0
12401 73
12442 0
12558 58
12586 0
12893 73
13019 0
13023 73
13084 0
13113 73
13445 0
13773 58
13871 58
13901 73
13972 0
14069 58
14134 58
14151 0
14212 73
14256 0
14386 73
14528 0
14586 58
14763 0
14919 73
15010 0
15273 58
15290 73
15325 0
15470 58
15501 73
15590 0
15594 58
15597 0
15608 58
15635 73
15685 0
15719 73
15897 58
16035 0
16041 58
16083 0
16098 58
16334 0
16416 73
16695 0
16765 58
16873 0
17077 58
17192 0
17263 73
17369 0
17416 58
17691 0
17832 73
17871 0
17975 58
18420 0
18456 58
18457 0
18482 73
18563 73
18690 0
18818 73
18918 0
19013 58
19035 0
19046 73
19276 73
19342 0
19357 73
19365 0
19386 58
19680 0
20188 58
20491 0
20533 73
21027 0
21138 58
21270 73
21358 0
21453 73
21690 0
21693 58
21774 0
21832 73
22004 0
22012 58
22140 0
22193 73
22220 0
22580 73
22673 0
22692 58
22822 0
22914 58
22932 0
22937 58
22944 0
23017 73
23022 58
23289 73
23514 0
23517 58
23540 58
23643 0
24092 58
24134 0
24165 58
24311 0
24726 58
24771 73
24882 0
24936 73
24944 73
25068 0
25238 58
25305 0
25307 73
25458 58
25499 0
25532 73
25539 73
25601 0
25944 58
25986 0
26056 73
26108 0
26311 73
26316 0
26398 58
26542 0
26611 58
26766 58
26809 0
26966 58
27072 58
27231 0
27287 73
27421 58
27429 73
27826 0
27841 58
27977 0
28038 73
28089 73
28147 0
28155 58
28856 0
28864 73
28865 0
29051 73
29176 73
29256 0
29596 58
29686 58
29798 0
29834 58
29856 0
29884 58
30071 0
30095 58
30192 58
30205 58
30308 73
30365 0
30616 58
30708 0
30888 73
30894 58
30953 0
31054 58
31073 58
31075 0
31236 73
31307 0
31400 73
31487 0
31584 58
31785 73
31838 58
31914 0
31979 58
32210 0
32455 73
32530 73
32596 0
32826 58
32859 0
33353 58
33558 0
33740 58
33880 73
33923 58
33994 58
33999 73
34389 0
34438 58
34541 58
34582 0
34594 58
34615 58
34853 73
34906 0
34999 73
35003 58
35048 0
35060 73
35159 0
35276 73
35398 0
35415 58
35481 0
35724 58
35902 58
35968 0
35969 58
36067 0
36247 58
36611 73
36681 0
36697 73
36733 0
36751 58
36988 0
37068 58
37115 58
37197 73
37279 0
37373 58
37476 58
37486 58
37524 73
37591 58
37803 73
37840 0
37970 73
38220 0
38293 58
38369 73
38415 0
38470 73
38514 58
38535 0
38734 73
38989 0
39054 58
39139 0
39202 58
39240 73
39370 0
39395 73
39423 0
39463 73
39493 0
39562 73
39900 0
39980 58
40089 0
40134 58
40177 0
40229 73
40376 0
40409 73
40497 0
40651 73
41089 0
41093 73
41136 0
41533 58
41552 58
41597 0
41799 58
41838 0
41876 58
41997 0
42129 58
42205 0
42294 73
42395 0
42431 73
42638 0
42872 73
43036 0
43180 73
43185 0
43188 58
43338 0
43492 73
43536 0
43724 58
43848 0
43868 58
43910 0
43924 58
44006 0
44018 73
44226 0
44259 58
44286 0
44344 58
44458 58
44546 0
44686 58
44755 0
44818 73
44879 58
44903 0
44947 73
45026 58
45090 73
45109 0
45112 58
45125 0
45129 58
45496 0
45506 58
45776 0
45814 73
45893 0
45921 73
45949 0
46159 73
46295 0
46308 58
46320 0
46470 73
46475 0
46662 73
46768 0
46773 58
46808 73
46812 0
46814 73
46854 0
46859 58
47033 73
47118 0
47247 58
47345 0
47446 58
47774 58
47902 0
48050 58
48076 0
48148 73
48155 0
48601 58
48663 0
48869 58
48907 0
49243 73
49314 0
49315 73
49554 58
49573 58
49816 73
49991 0
50060 58
50093 0
50123 58
50159 0
50166 58
50397 0
50486 73
50652 73
50661 58
50695 58
50698 0
50737 73
50770 0
50952 73
51015 0
51028 73
51073 0
51164 58
51189 0
51195 58
51234 0
51371 58
51513 0
51614 73
51632 0
51696 58
51779 0
51799 73
51902 0
52060 58
52149 58
52497 0
52692 73
52737 73
52757 73
52782 0
52803 73
52882 73
53034 73
53049 0
53071 58
53112 73
53233 0
53299 73
53489 0
53494 58
53745 73
53784 0
53835 73
53873 0
54016 73
54113 0
54690 58
54790 0
54803 73
54853 58
55033 0
55098 58
55235 0
55364 58
55390 0
55397 73
55672 0
55754 58
55796 73
56110 0
56129 73
56150 0
56261 58
56370 0
56428 73
56438 73
56541 0
56562 58
56951 0
57033 58
57344 0
57447 73
57470 0
57488 58
57542 0
57654 73
58043 0
58064 58
58117 58
58149 0
58156 73
58787 58
58873 0
59070 58
59123 0
59161 73
59272 0
59337 58
59350 0
59534 58
59540 0
59569 58
59580 0
59614 58
59627 0
59673 73
59807 0
59808 73
59828 0
59894 58
59963 0
60009 58
60115 58
60432 73
60566 58
60584 0
60647 58
60857 0
60893 73
60981 0
61196 58
61285 58
61337 0
61468 73
61484 0
61645 73
61673 0
61889 58
61900 0
61980 58
62037 0
62097 58
62167 0
62324 73
62408 73
62446 0
62488 58
62577 0
62634 73
62650 58
62660 73
62772 0
62798 58
62824 0
62919 58
63008 73
63050 0
63359 73
63365 58
63384 0
63489 73
63514 0
63745 58
63813 0
63900 58
63935 0
63939 73
64044 73
64169 58
64305 0
64370 58
64491 73
64521 0
64707 58
64768 0
64813 58
64916 73
65162 0
65241 58
65331 0
65450 58
65778 0
65815 73
65825 58
65836 0
65906 73
65947 73
65997 73
66037 58
66149 0
66340 58
66374 0
66577 58
66603 0
66739 58
66769 0
66796 58
66837 0
67106 58
67187 0
67276 73
67419 0
67571 58
67681 0
67802 58
67824 0
67875 73
68103 0
68128 73
68209 58
68335 73
68390 0
68509 73
68590 0
68643 73
68706 0
68847 73
68929 0
68936 58
68969 58
69308 0
69479 58
69678 0
69747 73
69839 0
69953 58
70065 0
70112 58
70122 58
70449 0
70540 73
70594 73
70615 0
70777 73
70789 0
70887 58
70969 0
71046 58
71092 0
71257 58
71432 0
71560 58
71574 0
71603 58
71652 0
71895 58
71907 0
72029 58
72056 0
72173 58
72196 58
72232 73
72464 0
72542 73
72614 73
72630 0
72640 58
72877 0
72879 73
72914 0
72920 73
72932 58
72949 0
72956 73
72968 0
73020 73
73380 0
73534 58
73538 58
73600 58
73610 0
73668 73
73718 73
73764 58
73965 0
74001 73
74143 0
74221 58
74290 0
74469 58
74516 73
74529 0
74551 58
74750 0
74863 58
74867 0
75095 73
75161 58
75217 58
75362 0
75418 73
75570 0
75848 73
75904 58
75923 0
76053 73
76116 0
76171 73
76267 0
76574 58
76694 0
76785 73
77073 73
77304 0
77381 58
77452 58
77547 73
77591 73
77593 0
77654 73
77762 0
77916 58
77947 0
78020 58
78286 0
78297 58
78431 0
78441 73
78462 0
78503 58
78585 0
78719 58
78800 0
79000 58
79043 0
79149 58
79161 0
79184 73
79346 0
79534 58
79548 0
79589 73
79606 0
79759 58
79923 0
80158 73
80274 58
80309 0
80322 73
80374 0
80466 58
80501 0
80517 58
80670 58
80724 58
81224 73
81235 0
81260 73
81576 58
81581 0
81844 73
81926 58
82027 0
82048 73
82050 0
82067 73
82666 73
82682 58
82726 58
82799 58
82828 73
83049 0
83120 73
83180 0
83231 58
83416 0
83520 58
83610 0
83740 58
83912 0
84052 73
84082 58
84163 0
84307 73
84329 0
84558 73
84572 0
84642 73
84708 0
84722 73
84795 58
84873 0
84932 73
84965 0
85015 58
85017 0
85516 73
85568 0
85577 58
85627 0
85684 58
85740 0
86038 58
86047 0
86120 58
86199 0
86224 73
86422 0
86457 58
86505 58
86519 0
86621 73
86862 0
87084 58
87142 0
87231 73
87309 0
87355 73
87367 0
87379 58
87528 73
87600 58
87763 0
88281 58
88434 58
88439 0
88509 73
88677 58
88766 0
88837 58
89614 58
89645 58
89662 58
89708 73
89952 58
89973 0
89978 58
90237 0
90261 58
90323 0
90556 73
90692 0
90874 73
90880 58
90959 0
91057 73
91096 73
91226 0
91281 58
91365 73
91610 0
91787 73
91978 0
91990 73
92585 0
92594 73
92610 58
92674 0
93057 73
93215 0
93302 58
93311 0
93374 58
93398 0
93504 58
93567 0
93636 73
93647 0
93749 73
93834 58
94010 58
94108 0
94118 58
94216 0
94236 73
94260 0
94335 73
94565 0
94594 58
94740 0
94806 58
94988 0
95012 58
95211 0
95320 58
95432 58
95611 0
95741 73
95769 0
95806 58
95864 0
96079 58
96122 0
96129 73
96195 0
96235 58
96307 0
96405 73
96459 0
96477 58
96526 0
96555 73
96800 73
96884 58
97186 0
97191 58
97224 0
97230 58
97294 0
97389 58
97414 0
97429 73
97470 0
97495 73
97552 0
97666 73
98029 0
98037 73
98054 0
98398 73
98545 73
98645 0
98891 58
99001 0
99063 58
99446 0
99587 58
99729 73
99813 0
99820 58
99946 73
495 events for 18
110 31
118 31
129 0
192 26
728 0
1341 26
1551 0
1564 26
1587 0
2765 26
2823 0
3089 16
3427 0
4262 16
4279 0
4295 16
4520 0
4703 26
4807 0
4855 16
4860 0
4952 31
4976 0
5341 31
5429 16
5455 0
5736 16
6274 0
6703 31
6815 0
6876 31
7038 0
7153 16
7715 26
7939 31
8250 0
8393 31
8416 0
8488 31
8540 31
8795 0
9070 31
9183 0
9773 31
9929 0
10149 26
10363 0
10365 31
10423 0
10517 31
10767 0
10803 30
10890 31
11254 0
11386 26
11967 0
11973 31
12297 0
12555 26
12767 0
12929 30
13099 0
13187 16
13324 0
13395 31
13498 16
13520 0
13559 26
13679 0
14239 16
14276 0
14356 30
14449 0
14602 30
14630 0
14638 26
14687 31
14861 0
14916 30
14938 30
15042 0
15093 26
15187 16
15583 16
15728 0
15816 26
16059 0
16344 30
16401 0
16490 31
16588 0
16644 30
16798 0
17144 26
17247 0
19219 16
19949 0
20062 30
20133 0
20183 16
20527 31
20946 0
21028 30
21287 0
21339 16
21393 0
21553 31
21617 0
21661 16
22242 26
22370 0
23112 26
23282 0
23417 26
23422 31
23476 0
23556 30
23567 30
23692 0
23763 26
23980 0
24355 31
24368 0
24370 26
24650 30
24698 30
24740 0
24987 26
25025 0
25253 30
25404 0
25578 26
25579 0
25769 16
26266 0
26525 16
26565 0
26674 16
26687 30
27247 31
27335 0
27514 31
27631 0
27813 30
27851 0
28134 30
28184 30
28356 0
28385 26
28450 0
28600 31
28710 0
28756 30
29112 30
29250 26
29686 0
30544 30
30607 16
30781 30
31008 16
31074 26
31259 16
31976 0
32247 30
32264 30
32286 0
32406 31
32756 0
32874 16
32928 0
33098 26
33255 0
34023 26
34059 30
34355 0
34593 31
35144 0
35292 30
36043 0
36045 26
36131 0
36175 26
36480 0
37113 26
37173 0
37215 31
37243 30
37530 0
37966 26
38226 0
38658 31
38829 31
38911 0
39027 26
39121 16
39140 0
39393 26
39794 0
39974 31
40850 0
41004 26
41082 0
41440 30
42011 0
42063 16
42119 30
42154 0
42162 16
42303 0
42562 26
42697 0
42732 16
43198 30
43257 0
43683 31
43686 26
43755 0
43767 26
43775 0
43967 26
44293 0
45243 16
45338 0
45567 31
45782 0
46043 16
46291 0
46308 30
46362 0
46378 31
46575 0
46629 16
47243 26
47516 0
47534 31
47554 0
48116 31
48361 0
48714 31
48733 0
48815 31
48876 0
49039 30
49172 30
49582 0
49592 31
49622 16
49814 0
50296 30
50450 16
50462 31
50584 16
50806 0
51138 30
51250 0
51942 30
52051 0
52390 16
52418 26
52672 0
52902 31
53628 0
54037 30
54307 30
54399 0
54440 26
54600 0
55194 30
55198 0
55334 31
55391 0
55640 31
55658 16
55895 16
55900 0
55967 16
55985 26
56124 0
56169 30
56258 0
56446 16
56525 0
56603 31
56937 26
56940 30
57275 0
57482 30
57510 0
57745 30
58069 0
58306 16
58546 0
58820 30
58855 0
58968 30
59284 31
59318 30
59613 30
59746 30
60337 30
60613 0
60660 16
61053 0
61393 16
61475 0
61609 26
61637 0
61681 30
61978 0
62123 16
62274 31
62607 0
62939 30
62996 0
63210 30
64037 0
64132 26
64519 0
64715 16
65071 0
65107 30
65187 0
65343 31
65448 0
65477 31
65564 0
65980 26
66520 0
66675 30
66715 0
66948 26
67143 16
67300 30
67561 0
67736 16
68132 0
68260 16
68261 31
68691 16
68889 31
69444 26
69769 16
69797 0
69798 30
70172 0
70270 30
70331 0
70734 26
70822 0
71079 26
71251 0
71577 16
71708 0
71898 31
71902 0
71974 16
72116 26
72219 31
72745 0
72759 26
73409 0
73655 26
73759 26
73793 0
74166 26
74186 0
74444 31
74564 0
74691 26
75065 0
75383 26
75485 0
75601 30
75658 30
76219 26
76422 0
76500 31
76666 26
76727 0
76749 31
76815 31
77340 0
77382 16
77523 0
77880 26
77924 0
78069 31
78769 31
78839 0
79248 30
80556 0
80584 31
80706 30
80717 0
80932 30
80934 30
80958 0
80998 16
81082 0
81083 26
81140 30
81181 16
81188 0
81241 30
81332 0
81885 31
81919 0
82114 30
82156 0
82458 31
82470 0
82491 31
82898 0
83091 16
83094 0
83636 16
83722 0
83857 31
84552 30
85217 30
85773 31
85956 30
86116 0
86220 16
86229 0
86263 26
86539 31
86572 16
86615 0
86678 26
86684 26
86972 16
87247 0
87356 31
87587 0
87687 31
87869 0
87958 26
88200 0
88349 30
88657 0
88890 26
89000 31
89177 0
89291 31
89576 0
90281 30
90318 16
90485 0
90727 26
90867 30
90892 0
91272 31
91453 0
91543 26
91943 0
92019 26
92192 0
92216 30
92989 0
93118 16
93612 0
93756 30
93944 0
94441 30
94736 0
95428 16
96001 30
96030 0
96072 26
96086 0
96166 31
96170 16
96275 0
96325 30
96813 0
97127 31
97315 0
97374 31
97405 16
97483 0
97607 30
97643 30
98021 0
98170 16
98312 0
98444 26
98688 0
98857 31
98937 30
99023 0
99054 16
99540 0
99603 16
99972 0
158 events for 19
52 73
878 64
1111 0
1324 64
1688 0
1741 68
1859 0
2022 74
3477 0
4523 74
4838 0
5041 68
6190 0
9300 72
9613 0
10013 74
10421 68
10665 74
10913 0
11184 73
11556 0
13079 74
13114 72
13537 0
14169 73
14396 0
14988 73
15482 0
15815 74
16049 0
16195 73
16575 74
16967 0
17612 74
18997 0
21758 64
21798 74
22045 0
23536 72
23539 0
25007 68
26057 0
26902 72
28362 74
28624 0
29253 73
29502 0
29583 72
29825 72
30062 64
30841 0
31869 74
31955 0
32311 73
32327 0
33248 74
33609 0
33680 73
37220 0
37628 72
37716 72
38009 0
38443 72
38495 0
39651 74
41550 74
42455 74
43448 0
44184 64
44946 0
45478 72
46008 72
46854 0
47471 74
47756 72
48565 0
49235 72
49344 0
49864 64
50435 64
50461 0
50784 73
51029 0
51512 74
52064 0
52106 72
52391 64
53155 0
53190 68
53213 0
53576 72
54209 0
55653 72
57023 0
57212 73
58053 0
58254 72
58612 0
60228 68
61062 73
61480 0
62016 72
62814 0
62913 72
63502 74
64450 0
64704 74
66121 0
66390 74
67528 73
67559 0
68512 68
69699 64
69780 0
69829 72
70635 0
71381 74
71754 0
72210 74
72797 0
73755 73
74034 0
74861 74
75312 64
75495 0
76361 64
76423 0
78000 64
78006 64
78584 0
80557 68
81177 64
81264 0
82205 68
82435 0
83994 73
84612 72
84650 0
86203 72
86885 68
87297 0
87682 74
87873 0
89262 68
89698 0
89833 68
92155 72
92181 72
92236 0
92990 73
93038 74
94830 0
95599 68
96343 0
97163 73
97492 0
97989 68
99752 74
464 events for 20
139 19
239 43
737 0
1176 30
1295 43
1454 0
1531 16
1830 0
1978 43
2113 0
2145 15
2261 0
2656 30
2798 30
2805 0
2822 43
2911 0
3200 16
3217 16
3245 19
3495 30
4207 15
4394 0
4474 16
4483 0
4587 15
4791 0
5077 15
5208 0
5484 17
5494 0
5613 30
5950 0
6297 17
6700 0
6798 30
6968 15
7250 0
7568 30
7804 0
7994 15
8223 0
8487 16
8492 17
8980 0
9305 15
9338 15
9340 0
9521 30
9819 15
10038 30
10175 0
10211 17
10309 30
10609 0
11110 16
12051 0
12305 16
12353 0
12604 15
12786 0
13087 19
13204 19
13293 43
13475 0
13484 19
13894 16
13964 15
14170 0
14405 30
14609 0
15808 19
16015 16
16364 0
16406 43
16465 0
16520 16
16662 0
17019 19
17090 0
17379 19
17460 15
17832 0
17912 19
17920 0
17958 19
18035 0
18362 16
18379 0
19035 16
19346 0
19499 17
19619 0
20276 15
20637 17
20943 0
21064 43
21209 0
21431 30
22374 0
22382 30
22519 0
22568 16
22650 0
22793 30
22940 0
23272 15
23599 0
23751 30
23769 16
23881 43
23910 0
23949 30
23970 15
24212 0
24809 19
24859 16
25800 0
26066 16
26444 0
26593 30
26684 16
26911 30
27269 0
27498 30
27672 0
27712 15
28346 16
28439 0
28776 17
28834 0
28838 15
29065 0
29199 15
29586 0
29591 30
29738 0
30157 16
30660 43
30830 19
31256 0
31298 17
31329 0
31330 17
31346 43
31408 0
31522 15
31762 16
31847 0
31874 15
32322 0
32730 19
32774 30
33166 0
33178 16
33305 30
33676 16
33757 0
33855 16
33934 30
34172 43
34255 43
34871 0
34982 30
35356 30
35419 0
35575 43
36155 0
36161 15
36175 0
36591 16
37125 0
37147 30
37159 16
37542 0
37895 30
38301 0
38558 16
38659 0
38870 19
38999 0
39064 19
39141 0
39377 30
39413 17
39446 43
39517 0
39555 15
39704 0
39768 30
39857 0
39963 30
40184 15
40941 0
41216 16
41446 0
41545 19
41745 0
41946 16
42136 17
42375 0
42541 30
43041 0
43192 15
43411 0
43476 17
43707 30
44035 0
44339 30
44517 0
44746 16
44775 0
45445 16
45889 0
46281 19
46385 0
46829 30
47474 0
47616 43
47874 16
47958 0
48047 30
48102 0
48548 16
49221 0
49314 16
49633 16
49882 0
50047 17
50209 17
50526 0
50706 16
50987 15
51352 19
51370 0
51379 16
51482 19
51836 0
52378 43
52415 0
52439 15
52672 0
52701 30
52948 0
53031 15
53182 0
53188 17
53982 0
54105 43
54117 0
54625 16
54834 0
55013 16
55100 0
55120 30
55906 16
55972 0
56197 17
56239 0
56260 15
56624 19
56892 0
57018 15
57240 0
57261 30
57333 0
57356 30
57618 0
57718 16
58060 30
58216 0
58307 43
58633 0
58668 30
58832 0
59083 30
59741 0
59927 17
60000 0
60105 19
60288 0
60311 30
60807 0
60876 15
61522 0
61554 17
62141 0
62187 30
62210 0
62282 30
62478 0
62692 30
62967 0
63030 15
63053 16
63598 0
63630 43
63858 0
64752 19
64873 0
65183 30
65471 0
65493 16
65706 0
65709 30
65762 0
65863 30
65864 0
66081 16
66587 0
66754 15
67273 16
67470 0
67574 19
67619 0
67700 16
68471 16
68534 0
68679 15
69053 0
69809 16
69828 17
70113 30
70272 0
70634 19
71210 0
71393 30
71487 0
71680 15
71731 19
71952 15
72184 0
72228 43
72524 0
72732 19
72772 16
72963 0
73239 30
74265 16
74865 17
75099 0
75106 19
75265 16
75729 0
75852 17
75883 0
75918 15
76065 16
76191 15
76470 0
77195 30
77642 0
77690 17
77709 43
78057 0
78098 16
78375 0
78500 16
78594 0
78873 15
79226 0
79269 30
79365 15
79563 19
79960 0
79992 16
80313 0
80498 16
80546 0
80718 17
80726 19
80778 0
81139 16
81171 0
82649 30
82883 0
83157 43
83435 30
83764 0
83910 43
83941 16
83974 0
84102 43
84227 0
84410 16
85007 43
85444 0
85703 43
85866 0
85915 17
86133 0
86229 15
86361 0
86415 30
86515 0
86577 30
86638 0
86734 15
86746 0
86875 43
87014 0
87125 30
87355 0
87488 30
87795 0
87850 30
87935 0
87973 17
88521 0
88730 30
88763 0
88961 30
89180 0
89808 30
89842 30
90005 16
90019 16
90273 16
90329 30
90730 0
90739 15
90928 16
91030 19
92050 0
92054 16
92489 43
92864 30
93221 0
93373 16
93436 30
93746 15
93821 0
93875 17
93880 0
94668 16
95004 0
95095 16
95511 0
95710 17
95830 0
95907 16
96195 0
96400 30
96620 0
96748 16
97001 0
97155 19
97185 0
97374 43
97375 0
97377 30
97459 17
97748 0
97924 17
97981 16
98243 16
98272 0
98499 16
98523 0
98545 17
98625 30
99050 0
99446 43
99971 16
261 events for 21
550 54
670 38
740 0
1801 38
3128 52
3307 0
3488 47
3967 0
4375 43
5289 0
5314 38
5678 0
5936 50
6010 0
6326 62
6483 0
6818 43
6927 52
7288 0
7315 62
7448 0
8298 57
8442 0
9001 38
9150 0
9862 43
10036 62
11343 0
11593 52
11686 43
11759 54
11867 0
12150 52
13030 0
13526 38
13575 0
13820 44
14479 0
15868 54
16505 38
16789 50
17964 0
18340 43
18762 0
18854 50
18869 52
19543 0
20103 50
20258 0
20767 47
20961 0
22074 43
22812 0
23273 47
23367 0
23628 62
25596 0
25754 43
25807 50
25824 0
26194 38
26482 0
26729 44
26785 50
26835 0
26962 52
26989 0
27055 44
27263 62
28147 0
28278 54
28400 62
28709 50
29175 0
29567 52
31081 0
31645 44
32127 38
32373 0
32652 57
32796 52
32829 43
33254 0
33385 47
33620 0
33701 38
33845 62
34019 57
35098 50
35330 0
35414 62
36029 0
36550 50
36635 0
37130 54
37323 0
37526 38
37596 0
38025 38
38613 0
39139 54
39420 0
39440 50
40749 0
40786 38
41080 0
41155 57
42261 50
42397 0
43289 52
43494 0
44323 57
44463 0
44638 44
45265 0
45307 62
45488 50
45752 38
45987 0
46463 47
46511 62
46778 0
46912 62
46950 0
47493 57
47667 0
47684 43
47915 54
47989 0
47995 57
48025 0
48026 38
48579 0
49083 57
50082 0
51019 52
51409 0
51510 38
51537 38
52387 0
52498 44
52768 0
52915 44
53372 0
53694 57
53733 0
53946 57
54309 0
54492 52
54513 52
54739 0
55471 47
56693 0
57106 43
57774 0
57897 44
58663 0
58688 44
58759 0
59508 38
59807 62
60066 0
60586 47
60885 0
61422 43
61875 0
62556 38
64236 0
64364 57
65143 50
65502 57
65621 0
65944 44
66225 0
66729 50
66886 0
66989 54
67228 0
67392 38
68040 62
68057 0
68191 43
68414 0
69005 57
69071 0
69237 38
70088 0
70677 62
70833 0
71257 54
71431 47
71500 0
71547 47
71720 47
72055 0
72113 38
72166 52
72244 0
72855 62
72869 47
73246 43
73906 43
74431 57
75516 38
77268 0
77354 43
77627 0
77999 50
78640 0
79265 52
79379 0
79569 62
79922 62
79950 0
80165 43
80358 52
80399 47
81293 0
83136 38
83783 0
84216 47
84272 62
84588 0
84592 57
85201 44
85622 52
85853 0
86018 44
86457 0
86671 44
86856 0
86949 38
87882 0
89313 52
89420 57
89462 0
91092 43
91620 38
91862 0
92056 38
93046 0
93171 43
93235 38
93275 0
93465 47
93763 43
94472 0
95626 52
95820 0
96251 54
96731 0
96856 57
97201 0
98891 54
98978 0
99275 44
99285 54
99310 0
99506 38
99601 0
99621 38
292 events for 22
516 52
715 0
1532 34
1785 0
2221 39
2406 0
2639 38
3193 0
3495 30
3505 0
3613 55
3939 30
4536 46
5817 30
6483 0
6629 34
7039 0
7168 39
7410 0
7811 39
8473 52
8923 0
9508 55
9995 0
10261 30
10630 0
10870 39
11049 0
11285 39
11599 0
11601 55
11848 30
11859 0
11916 39
12231 0
12479 39
12585 0
12852 55
13004 0
13051 46
13996 0
14186 30
14443 0
14561 37
14853 0
15443 30
15981 0
15985 34
16436 0
16896 39
16904 34
17136 37
17249 0
17624 46
17725 0
18430 55
18886 30
18961 0
19095 39
19133 0
19481 30
19816 0
20307 39
20429 0
21574 38
21911 0
21954 52
22757 30
22758 0
22903 38
22919 30
23309 0
23527 38
23741 52
24430 0
25432 37
25474 37
25556 37
25589 52
26020 0
26227 52
27249 0
27291 39
27728 0
28112 38
28228 0
28757 34
29212 0
30426 60
30761 0
32507 55
32523 0
34036 60
35295 0
35706 34
35990 0
36267 55
36306 0
36657 34
37217 60
37421 0
38224 60
38708 46
38766 0
39474 55
39653 0
39982 52
40547 37
41164 0
41238 39
41280 0
41404 60
41410 0
41784 34
42260 0
42385 34
42427 0
42575 34
42598 37
43808 0
44374 38
44549 0
45082 52
45182 0
45190 52
45504 0
45597 34
45699 0
46385 30
46680 30
47367 0
47466 34
47534 39
47627 38
47640 0
47954 30
48268 0
48818 39
49602 0
49952 46
50097 46
50248 0
50986 52
51245 30
51609 0
52035 55
52058 60
52965 0
53333 52
53390 0
54361 60
54492 0
54743 60
55342 0
56255 46
56354 0
56614 38
56668 0
56715 37
56766 55
56947 55
56975 0
57030 30
57337 39
57973 0
57974 55
57992 55
58102 0
58749 55
58792 0
59153 52
59676 0
59881 34
59991 0
60042 60
60093 0
60439 55
60460 0
60569 52
61462 30
61585 0
62687 60
63057 55
63251 0
63545 39
63722 0
63738 39
64244 34
64417 0
65283 60
66593 0
66974 34
67686 37
67899 0
67904 34
68011 0
68374 52
68702 39
68707 0
69650 38
69951 0
70128 38
70295 60
70473 39
71290 60
72130 39
72143 0
72762 38
72988 0
72993 52
73149 0
73384 46
73402 0
75074 52
75078 0
75231 38
75481 0
76062 55
76244 60
76361 37
76604 0
76649 52
76930 0
77064 37
77175 60
77249 0
77486 38
77811 52
78041 0
78201 55
78380 0
78613 52
78689 0
78936 60
78948 0
78970 37
80189 0
80461 52
81221 46
81659 52
82068 0
82288 38
82367 38
83192 0
83406 60
84292 0
85001 55
85692 0
85879 60
86177 30
86799 0
87096 37
87305 0
87550 37
87764 0
88193 55
88440 0
88485 34
88487 30
88694 37
88701 0
88704 37
89113 37
89402 39
89578 0
89699 52
90084 0
91200 60
91320 0
91872 34
91915 60
92054 0
92624 38
92639 39
92779 0
93068 55
93266 0
93523 38
93929 0
94342 34
94736 30
94748 0
96414 39
96490 0
96505 39
97631 0
97647 38
98422 0
98872 46
99256 38
99679 0
99942 34
426 events for 23
173 42
682 0
1504 42
1685 42
2080 0
2802 42
2986 0
3256 50
3307 17
4078 0
4243 17
4658 0
4672 42
4698 0
4937 39
5091 50
5202 0
5525 39
6115 0
6157 39
6462 42
6735 0
6849 50
7273 0
7302 17
7321 0
7380 42
7574 39
8177 17
8265 0
8266 17
8708 0
8754 17
9447 0
9920 42
10834 50
11240 0
11280 39
11613 0
11617 50
12385 0
12588 50
12605 0
12739 17
12931 0
13543 39
13804 17
14008 39
14091 0
14921 42
15347 17
15702 39
15802 17
15830 39
15906 0
16041 39
16047 0
16567 17
16634 39
16754 0
17052 17
17165 0
17189 42
17313 17
17591 0
17935 39
18011 0
18050 42
18365 0
18939 17
18957 0
18990 17
19381 50
19599 0
19619 42
19689 0
19880 39
20030 0
20041 42
20064 0
20115 39
20138 0
20226 39
20262 50
20503 0
21189 42
21369 39
21972 0
22120 42
22234 17
22346 0
22381 50
22487 0
22790 39
22981 0
23082 42
23112 0
23303 42
23538 42
23841 0
23842 17
24476 17
24544 0
24780 17
25043 50
25048 0
25371 17
25456 0
25583 50
25734 0
26045 42
26265 0
26367 50
26467 39
26613 39
26671 0
26875 39
27223 0
27251 50
27318 0
27570 50
27936 42
28071 17
28391 0
28540 42
28595 17
28939 42
29088 0
29385 39
29656 0
29792 39
30257 42
30461 0
30557 39
30644 0
30916 50
31224 39
31622 0
31930 42
32065 50
32072 0
32345 39
32410 0
32463 17
32733 0
32923 42
33273 42
33429 0
33523 39
33641 0
33656 50
34065 42
34215 39
34223 0
34290 17
34416 0
34512 17
34622 39
34726 42
34805 0
35054 39
35225 0
35469 50
36226 0
36969 39
37579 42
37630 39
37809 0
37843 42
37912 0
38475 17
38607 50
38831 42
38834 0
38857 39
38940 0
39108 42
39150 42
39499 0
39609 50
39636 17
39764 0
40472 42
40496 17
40673 39
41375 17
41474 0
41744 50
41899 0
42105 39
42693 42
42989 0
43076 42
43090 0
43216 50
43700 0
43983 17
44439 0
44479 17
44649 0
45019 17
45078 0
45327 17
45395 0
45554 42
45723 0
45943 39
46019 0
46143 50
46494 39
46865 0
47077 42
47091 39
47153 17
47228 0
47232 39
47413 0
47791 17
47792 0
47999 42
48081 42
48252 0
48266 17
48311 50
48400 17
48743 39
48972 0
49467 50
49482 0
49679 42
49842 0
50191 50
50518 0
51092 42
51404 0
51857 39
52129 0
52362 50
52797 0
53022 50
53043 0
53210 39
53260 0
53300 17
53523 0
53699 17
53821 0
54043 42
54477 42
54675 0
54911 42
54976 42
55004 0
55317 50
55406 0
56246 42
56251 0
56820 50
56871 0
56998 50
57377 0
57398 42
57597 50
57648 0
58229 17
58325 17
58609 0
58977 17
59174 0
59179 50
59490 0
59789 50
60062 0
61160 50
61353 0
61740 17
61770 50
61907 0
62459 42
62943 42
63118 0
63156 50
63815 0
63913 42
63942 0
64105 50
64283 0
64667 17
64856 0
65313 50
65364 39
65596 0
66293 17
66599 50
66732 0
67058 39
67201 0
67205 42
67612 0
67732 17
68008 39
68087 17
68664 0
68774 42
68920 0
68926 17
69020 0
69024 17
69121 0
69846 17
69984 0
70036 39
70112 39
70601 0
70659 42
71172 0
71696 17
71835 42
71864 0
72268 17
72273 0
72295 50
72435 0
72452 17
72540 0
72899 50
73100 0
73105 42
73222 0
73562 39
73812 0
74488 50
74609 0
75109 39
75454 50
75723 0
75853 42
76015 0
76110 42
76427 0
76493 42
76611 0
76875 50
77026 0
77529 50
78072 0
79468 50
80143 42
80267 0
80329 42
80334 0
80847 17
80879 0
80914 17
81158 0
81857 42
82330 0
82369 17
82607 0
82696 50
82784 0
83082 39
83106 39
83471 0
83650 39
84288 0
84459 42
84609 0
84656 50
84696 0
84731 42
84843 50
84933 0
85055 42
85126 0
85296 17
85417 0
85872 17
85876 0
86039 17
86140 0
86373 39
86858 0
86899 17
86988 0
87066 17
87250 0
87537 39
87652 0
88482 42
88624 42
89503 0
89948 17
90362 50
91391 39
91545 0
91748 17
91785 0
92052 50
92314 0
93005 42
93176 0
93195 50
93255 0
93646 42
94291 0
94358 50
94532 42
95309 17
95467 0
95593 50
95978 42
96864 0
96898 17
96944 0
97148 17
97388 0
98097 17
98138 0
98361 17
98494 50
98941 0
99145 42
99225 0
99358 42
99546 42
