8 buffers
220486 18254
156376 30787
288611 15642
241652 28232
195699 32185
224484 27878
174701 16681
201240 7481
60 downlinks
0 250 1667 417
1 1917 3334 359
2 3584 5001 383
3 5251 6668 405
4 6918 8335 294
5 8585 10002 332
6 10252 11669 389
7 11919 13336 374
8 13586 15003 364
9 15253 16670 335
10 16920 18337 428
11 18587 20004 434
12 20254 21671 313
13 21921 23338 395
14 23588 25005 332
15 25255 26672 341
16 26922 28339 326
17 28589 30006 364
18 30256 31673 303
19 31923 33340 431
20 33590 35007 335
21 35257 36674 382
22 36924 38341 407
23 38591 40008 416
24 40258 41675 322
25 41925 43342 438
26 43592 45009 397
27 45259 46676 431
28 46926 48343 318
29 48593 50010 325
30 50260 51677 362
31 51927 53344 348
32 53594 55011 369
33 55261 56678 330
34 56928 58345 405
35 58595 60012 321
36 60262 61679 388
37 61929 63346 417
38 63596 65013 386
39 65263 66680 342
40 66930 68347 388
41 68597 70014 298
42 70264 71681 318
43 71931 73348 375
44 73598 75015 325
45 75265 76682 433
46 76932 78349 298
47 78599 80016 377
48 80266 81683 322
49 81933 83350 355
50 83600 85017 392
51 85267 86684 352
52 86934 88351 319
53 88601 90018 420
54 90268 91685 344
55 91935 93352 395
56 93602 95019 303
57 95269 96686 424
58 96936 98353 361
59 98603 100020 317
817 events for 0
82 49
120 0
614 47
843 76
879 0
891 88
959 0
1062 88
1149 0
1188 81
1262 0
1348 45
1371 0
1390 69
1490 0
1583 69
1753 0
1799 88
1818 0
2250 81
2396 81
2642 0
2781 88
2785 0
2885 76
2891 0
2939 88
3028 0
3206 45
3303 0
3313 88
3318 0
3327 47
3689 45
3773 76
3980 0
4056 76
4192 0
4232 49
4259 0
4462 88
4496 0
4565 88
4599 76
4786 0
4862 81
5256 0
5285 66
5387 0
5462 76
5676 81
5695 69
5697 49
5828 47
5839 0
6107 76
6235 0
6708 81
6721 0
6769 47
6836 0
6862 49
6906 0
7005 81
7172 76
7366 0
7435 88
7557 0
7576 88
7926 0
7987 47
8331 47
8693 0
8749 49
9060 0
9162 49
9169 76
9287 0
9366 69
9387 88
9595 0
9719 76
9786 0
9865 49
9879 81
9940 0
9999 88
10204 88
10214 0
10513 45
10521 81
10793 0
10806 76
10868 0
10961 88
10970 0
11189 49
11190 76
11271 0
11584 88
11639 0
11823 49
11909 0
12064 69
12199 0
12264 49
12381 45
12423 0
12451 45
12458 88
12504 0
12576 76
12650 0
12655 47
12787 0
13072 47
13301 0
13624 88
13898 88
13900 47
14199 0
14214 69
14265 69
14411 0
14801 88
14887 0
14908 49
14983 0
15105 47
15111 81
15272 0
15408 69
15440 0
15477 88
15559 0
15566 76
15760 88
15981 0
16044 47
16223 0
16230 69
16256 66
16406 0
16423 76
16440 0
16587 81
16621 47
16641 0
16778 45
16788 0
16953 88
17250 0
17301 66
17479 0
17519 88
17631 0
17655 76
17788 0
17908 69
17931 0
17975 76
18097 0
18205 45
18382 0
18575 76
18594 0
18752 69
18887 47
19188 88
19198 76
19383 0
19460 76
19664 0
19666 47
19722 0
19862 49
19917 76
20477 0
20478 88
20883 88
21002 49
21012 0
21046 47
21107 0
21118 88
21205 66
21222 0
21284 88
21514 49
21610 0
21665 88
21712 0
22014 88
22091 0
22293 76
22522 76
22557 0
22573 76
22679 0
22707 47
22848 0
22901 76
22957 0
23187 76
23244 0
23247 81
23464 0
23488 76
23732 0
23900 88
23937 45
23944 0
24271 88
24380 45
24477 0
24833 45
25034 0
25259 69
25308 66
25440 66
25441 0
25520 69
25532 0
25815 49
26124 0
26251 66
26301 0
26305 69
26348 0
26590 76
26609 0
26722 81
26825 0
26885 69
27099 0
27206 49
27277 0
27515 47
27516 0
27538 49
27549 0
27805 88
27837 0
28082 88
28470 0
28608 66
28775 0
28853 88
28895 0
29330 76
29518 0
29608 76
29747 0
29774 49
29888 0
29930 88
30277 0
30481 47
30508 0
30627 88
30658 0
30852 45
30889 0
30927 76
31044 0
31091 47
31344 0
31521 76
31531 88
31550 76
31824 88
31837 0
32648 88
32657 0
32675 88
32727 66
32742 0
32755 69
32803 0
32878 76
32882 69
32973 0
33003 45
33029 0
33233 47
33290 81
33336 0
33431 81
34166 66
34184 0
34229 76
34277 0
34278 88
34415 0
34450 69
34486 0
34500 81
35792 0
36061 81
36081 0
36166 88
36181 81
36459 0
36680 88
37013 0
37376 69
37435 0
37561 47
37567 0
37852 49
38031 0
38383 81
38497 76
38504 0
38572 88
38680 0
38713 47
38735 0
38928 47
38933 88
38935 0
39027 88
39112 0
39118 47
39123 81
39137 0
39331 76
39571 69
39684 0
39864 45
40201 0
40330 76
40349 47
40615 0
40692 81
40749 47
40887 0
41047 76
41255 0
41303 69
41451 88
41710 0
41993 69
42030 76
42186 0
42222 49
42353 76
42467 0
42519 81
42546 0
42569 47
42611 45
42699 0
42785 88
43028 0
43213 76
43245 0
43749 69
43804 49
44151 0
44186 76
44211 0
44242 88
44453 0
44498 76
44534 0
44545 76
44620 0
44698 47
44803 0
45211 88
45388 0
45616 88
45934 81
46045 0
46082 47
46120 0
46240 69
46334 0
46469 69
46498 0
46526 49
46644 0
46705 88
46809 0
46812 47
46833 0
47057 49
47277 0
47373 88
47982 0
48026 69
48239 0
48283 47
48471 0
48778 49
48806 0
48859 45
48954 0
49032 69
49058 66
49230 0
49367 47
49397 47
49519 0
49911 81
50074 0
50119 88
50227 0
50248 81
50330 0
50384 49
50406 0
50517 88
50528 0
50537 88
50670 45
50741 0
50788 76
51012 0
51027 45
51062 69
51157 0
51209 76
51212 0
51301 66
51782 45
51885 47
52240 0
52364 88
52417 47
52538 0
52548 76
52672 0
52708 45
52760 0
52764 69
52767 0
52865 45
52901 0
52910 88
52912 0
52950 47
53186 0
53792 76
53852 0
53869 45
53920 49
54147 0
54177 66
54220 45
54281 0
54694 69
54705 76
54904 76
54969 45
54976 0
55011 81
55017 0
55074 49
55305 0
55372 45
55406 0
55562 76
55612 0
55636 81
55746 0
56263 69
56412 0
56600 88
57304 0
57484 66
57622 81
57666 0
57674 76
57865 0
57988 76
58243 0
58316 76
58434 0
59032 88
59051 69
59343 0
59357 76
59724 81
59930 88
59942 0
60269 76
60522 0
60554 81
60738 0
60783 66
61095 0
61145 66
61231 0
61264 76
61391 0
61836 69
61943 0
62062 47
62124 0
62513 66
62645 76
62710 0
62767 45
62900 0
62967 49
62976 0
63178 76
63244 0
63648 76
63715 81
63721 0
63983 69
64053 0
64080 88
64182 0
64223 88
64280 81
64331 0
64400 76
64441 76
64604 0
64644 88
64654 0
64669 76
64678 0
64718 45
64816 0
64917 49
65353 49
65397 0
65761 49
65898 0
65901 81
65933 0
65995 76
66178 0
66307 66
66384 0
66689 47
66849 69
66937 0
67006 88
67049 0
67447 66
67495 76
68184 0
68255 76
68305 0
68998 69
69025 76
69217 45
69455 81
69493 0
69562 76
69707 76
69819 0
69906 81
69938 0
69949 47
70188 0
70483 47
70904 0
70979 49
71097 76
71146 0
71288 49
71315 0
71531 76
71560 0
71645 76
71711 0
71723 88
71765 0
71940 88
71958 88
71965 69
72039 69
72049 47
72310 0
72485 76
72722 0
72906 66
72943 47
73029 47
73121 0
73213 45
73383 0
73609 45
73628 0
73653 49
73682 47
73742 81
73832 49
73880 0
73934 66
73946 0
74015 66
74063 0
74134 45
74522 66
74583 0
74598 76
75352 0
75358 47
75489 45
75518 0
75893 76
75980 0
76014 76
76086 66
76267 0
76318 76
76328 69
76350 0
76379 47
76394 0
76433 47
76459 0
76465 76
76696 0
76750 76
76771 0
76793 81
76827 76
77006 0
77099 49
77183 0
77201 69
77291 0
77419 76
77754 0
77811 47
77882 76
77919 0
77924 81
77943 0
77997 81
78005 88
78012 0
78023 66
78290 0
78307 69
78614 0
78679 47
78727 76
78765 49
78914 0
78928 76
78943 88
78986 0
79092 49
79280 0
79707 76
79887 0
79907 76
80257 76
80271 0
80409 76
80644 0
80788 76
80957 76
81135 0
81207 88
81262 76
81288 0
81296 69
81338 0
81384 47
81396 0
81529 88
81671 69
81863 88
81897 0
81987 88
82551 0
82640 69
82879 0
83012 81
83135 0
83327 76
83349 0
83377 88
83429 0
83558 88
83690 0
83816 49
83868 45
83919 0
84026 76
84171 88
84188 88
84426 0
84483 88
84500 0
84599 81
84640 0
84665 49
84808 0
84831 76
85147 0
85206 45
85256 0
85261 81
85279 0
85485 88
85497 76
85507 49
85778 47
85991 0
86040 69
86091 0
86233 76
86336 81
86483 0
86869 66
86878 88
86889 69
86903 0
87140 88
87218 0
87344 81
87397 0
87621 76
87815 0
87902 76
87978 0
88013 69
88148 76
88262 0
88485 66
88503 76
88525 45
88531 88
88548 88
88666 0
88711 88
88726 0
88946 88
88948 0
89056 88
89066 49
89217 88
89348 0
89563 76
89607 0
89724 81
89814 0
89824 88
89884 0
90421 88
90519 47
90522 0
91184 69
91388 0
91591 88
91678 81
91680 0
92129 88
92176 88
92254 0
92318 76
92386 0
92405 88
92429 0
92450 69
92524 45
92673 0
92852 88
93402 0
93413 47
93582 69
93590 0
93741 88
93835 0
94120 88
94334 81
94444 88
94613 0
94778 47
94848 81
95136 0
95626 69
95629 0
95681 88
95883 66
95903 0
95914 49
96209 0
96286 76
96433 0
96942 76
97054 47
97089 0
97229 47
97501 81
97503 0
97725 49
97848 88
97871 0
97951 47
98128 0
98577 49
98853 0
98869 66
98903 0
98936 76
99136 0
99200 76
99321 0
99403 66
99418 0
99450 76
99533 0
99631 45
99811 88
790 events for 1
129 68
352 0
527 68
563 0
772 68
794 68
914 68
935 0
940 68
1353 68
1419 0
1496 68
1622 68
1649 68
1708 0
1810 68
1828 0
1943 68
2026 0
2079 68
2157 0
2187 68
2469 0
2472 68
2560 0
2568 68
2715 0
3232 68
3470 0
3675 68
3740 0
3762 68
3849 0
3873 68
4035 0
4280 68
4463 68
4486 68
4604 68
4674 68
4711 0
4898 68
5026 0
5264 68
5482 68
5490 0
5589 68
5904 0
5948 68
5957 0
6073 68
6112 0
6187 68
6320 0
6379 68
6386 68
6489 0
6740 68
6767 0
6849 68
6958 0
7016 68
7056 68
7233 68
7711 68
7849 68
8166 0
8180 68
8405 0
8752 68
8868 0
9000 68
9065 0
9359 68
9650 0
9724 68
9895 0
10488 68
11096 0
11159 68
11209 68
11345 0
11544 68
11554 0
11929 68
12461 68
12470 0
12479 68
12627 0
12699 68
12774 0
12812 68
13101 0
13119 68
13193 0
13225 68
13302 0
13305 68
13327 68
13413 0
13575 68
13700 0
13753 68
13860 0
13965 68
13970 68
14129 0
14200 68
14683 0
14764 68
14849 68
14859 68
15059 68
15069 0
15148 68
15192 68
15249 0
15378 68
15505 0
15797 68
15973 0
16056 68
16103 68
16179 0
16243 68
16536 0
16665 68
16968 68
17089 68
17132 68
17228 68
17289 0
17330 68
17565 68
17651 0
17698 68
17786 0
17807 68
18452 68
18506 0
18691 68
18693 0
19368 68
19425 68
19542 0
19762 68
19819 0
19919 68
19990 68
20026 0
20135 68
20192 68
20194 68
20293 0
20322 68
20379 68
20419 0
20459 68
20525 0
21263 68
21507 68
21540 0
21621 68
21762 0
22188 68
22407 0
22493 68
22815 0
23071 68
23317 0
23356 68
23362 0
23609 68
23625 0
23684 68
23749 68
23811 0
23858 68
23905 68
23912 0
24022 68
24167 0
24232 68
24253 0
24263 68
24335 0
24397 68
24680 0
24701 68
24989 0
25221 68
25509 0
25805 68
25962 0
26441 68
26479 0
26497 68
26542 68
26604 0
26621 68
26852 0
26958 68
26996 0
27202 68
27375 0
27483 68
27566 0
27780 68
28081 0
28148 68
28163 68
28234 68
28402 0
28421 68
28503 68
28594 68
28798 68
28810 68
28863 0
29052 68
29105 0
29132 68
29218 0
29422 68
29738 68
29788 0
29918 68
29930 0
29969 68
30067 0
30076 68
30288 68
30355 0
30444 68
30491 0
30635 68
30695 68
30924 0
30959 68
31174 0
31267 68
31372 0
31467 68
31641 0
31660 68
31685 68
32029 68
32054 0
32089 68
32297 0
32456 68
32654 0
32726 68
32772 0
32779 68
32823 0
32863 68
33037 0
33094 68
33128 0
33231 68
33252 68
33518 68
33659 0
33819 68
33842 0
33871 68
34124 0
34128 68
34164 0
34208 68
34220 0
34344 68
34363 68
34513 0
34883 68
34926 0
34973 68
35284 0
35299 68
35346 0
35379 68
35414 0
35422 68
35722 68
35842 0
35878 68
35879 68
36008 0
36023 68
36082 0
36119 68
36130 0
36242 68
36264 0
36326 68
36346 68
36654 0
36699 68
36780 0
36918 68
37115 0
37294 68
37402 68
37738 0
37748 68
37857 0
37892 68
38096 68
38097 68
38399 68
38412 0
38443 68
38529 0
38579 68
38764 68
38786 68
38967 68
39185 0
39261 68
39290 0
39342 68
39411 68
39782 0
40026 68
40030 0
40049 68
40188 0
40274 68
40279 68
40360 0
40370 68
40918 68
41049 68
41164 0
41210 68
41273 0
41351 68
41387 68
41571 0
41628 68
41633 68
41691 0
41923 68
42058 0
42114 68
42576 0
42612 68
42731 0
42842 68
42855 0
42978 68
43000 0
43034 68
43056 0
43100 68
43211 68
43235 0
43330 68
43709 0
43712 68
43971 68
44101 0
44121 68
44130 0
44293 68
44461 0
44596 68
44722 68
44922 0
44980 68
45089 0
45299 68
45459 0
45737 68
46112 0
46131 68
46510 0
46673 68
46995 0
46998 68
47004 0
47052 68
47114 0
47202 68
47243 0
47252 68
47407 0
47754 68
47954 0
48146 68
48190 0
48567 68
48789 0
48842 68
48897 0
48900 68
49033 0
49241 68
49288 0
49330 68
49569 68
49574 68
49686 0
49777 68
50254 0
50285 68
50353 0
50449 68
50630 68
50633 0
50655 68
50710 0
50779 68
50789 68
50880 0
51157 68
51164 0
51258 68
51334 68
51463 0
51642 68
51897 68
51901 0
51954 68
52658 0
53084 68
53136 68
53186 0
53250 68
53309 0
53375 68
53384 0
53623 68
53657 68
53842 68
53941 0
53977 68
54139 0
54360 68
54561 0
54674 68
54723 0
54767 68
54859 0
54901 68
54921 0
55140 68
55274 68
55438 68
55640 68
55871 0
55925 68
56070 0
56215 68
56406 0
56653 68
56723 0
56741 68
56788 0
56972 68
57001 0
57093 68
57141 0
57218 68
57915 0
58033 68
58040 0
58075 68
58130 0
58326 68
58406 0
58520 68
58604 68
58648 0
58710 68
59037 68
59438 0
59818 68
60012 0
60155 68
60367 68
60410 0
60465 68
60515 68
60577 68
60589 0
60665 68
60748 68
60783 0
61283 68
61290 0
61345 68
61366 0
61575 68
61578 68
61623 68
61669 0
61846 68
62057 0
62169 68
62253 68
62454 0
62613 68
62633 68
62926 0
63027 68
63076 68
63207 0
63312 68
63429 68
63479 0
63743 68
63792 0
63843 68
63986 0
63995 68
64062 0
64209 68
64232 0
64245 68
64267 0
64477 68
64537 0
64622 68
64899 0
65042 68
65217 0
65271 68
65355 0
65414 68
65618 0
66014 68
66189 0
66191 68
66409 68
66444 68
66705 68
66901 0
66904 68
66922 0
66923 68
67343 0
67584 68
67669 0
67734 68
67774 0
67866 68
68016 68
68095 0
68265 68
68295 68
68310 0
68315 68
68354 0
68477 68
68487 0
68630 68
68771 68
69054 68
69078 0
69190 68
69220 0
69258 68
69459 68
69504 0
69642 68
69724 0
70028 68
70084 68
70175 0
70337 68
70505 0
70846 68
70878 68
70927 68
71024 68
71096 0
71100 68
71219 0
71301 68
71302 0
71367 68
71466 0
71629 68
71800 68
71883 0
72068 68
72391 0
72415 68
72438 0
72546 68
72988 68
73296 68
73419 0
73576 68
73579 68
73581 0
73896 68
74681 0
74963 68
75163 0
75284 68
75311 68
75324 0
75354 68
75949 0
76090 68
76462 0
76689 68
76881 0
76945 68
76997 68
77227 68
77240 0
77423 68
77727 68
77739 68
77797 0
77803 68
77868 68
77889 0
78325 68
78485 0
78710 68
79043 0
79396 68
79552 0
79592 68
79678 0
79729 68
79781 0
79844 68
79999 0
80339 68
80374 0
80418 68
80555 0
80716 68
80885 0
80919 68
80935 68
81059 68
81220 0
81536 68
81596 0
81700 68
81739 0
81779 68
81881 0
82148 68
82568 0
82746 68
82893 0
82973 68
82974 68
82977 0
83028 68
83084 0
83406 68
83640 0
83895 68
83963 0
84323 68
84332 0
84342 68
84403 0
84577 68
84707 68
85008 0
85050 68
85302 0
85413 68
85459 0
85628 68
85695 0
85831 68
86011 0
86026 68
86027 0
86035 68
86144 0
86786 68
86834 0
86998 68
87300 68
87328 68
87425 68
87542 0
87689 68
87713 0
87883 68
88094 0
88162 68
88372 68
88383 0
88559 68
88633 0
88887 68
89226 68
89234 0
89330 68
89344 0
89524 68
89567 0
89712 68
89766 0
89886 68
90035 0
90851 68
90863 68
90912 0
90963 68
91030 0
91108 68
91221 0
91633 68
91678 0
91783 68
91787 0
91923 68
92071 0
92227 68
92393 0
92606 68
92808 0
92851 68
92877 0
92908 68
92920 0
93064 68
93069 0
93073 68
93141 0
93313 68
93447 0
93651 68
93857 0
94083 68
94214 0
94230 68
94246 0
94251 68
94407 0
94456 68
94478 0
94498 68
94567 0
94627 68
94663 68
94924 0
94997 68
95080 68
95380 68
95799 68
96097 0
96306 68
96317 0
96373 68
96383 68
96481 0
96617 68
96682 0
96691 68
96871 0
96943 68
96956 0
97220 68
97247 0
97292 68
97388 0
97635 68
97715 68
97829 0
97891 68
97958 0
97981 68
98158 0
98211 68
98222 68
98479 0
98501 68
98660 0
98703 68
98824 0
99012 68
99374 0
99815 68
99825 0
99898 68
857 events for 2
43 80
245 0
272 80
273 0
277 80
372 80
377 0
425 80
456 80
486 80
498 0
756 80
842 0
876 80
903 0
1323 80
1461 0
1608 80
1640 80
1706 80
1720 0
1925 80
2040 80
2181 0
2379 80
2520 80
2634 80
2700 0
2733 80
3052 0
3362 80
3498 80
3636 0
3723 80
3813 0
4007 80
4137 0
4220 80
4332 80
4455 0
4562 80
4575 0
4602 80
4666 80
4671 0
4681 80
4702 0
4706 80
4723 80
4739 0
4981 80
5052 0
5095 80
5246 0
5281 80
5393 0
5417 80
5481 0
5592 80
5668 0
5678 80
5807 0
5887 80
6078 0
6206 80
6265 0
6432 80
6439 80
6523 0
6554 80
6704 0
6896 80
7032 0
7195 80
7624 80
7886 0
8035 80
8099 80
8500 0
8730 80
8792 0
9054 80
9222 0
9385 80
9487 0
9500 80
9541 0
9756 80
9777 0
9868 80
9934 80
10244 0
10447 80
10623 80
10626 0
10722 80
10870 0
10883 80
10925 80
10935 80
11173 80
11193 0
11329 80
11373 0
11491 80
11561 0
11617 80
12049 0
12595 80
12733 0
12785 80
12814 80
12983 80
13021 0
13058 80
13113 0
13174 80
13358 0
13366 80
13369 80
13394 0
13596 80
13616 0
13797 80
13951 80
14003 0
14098 80
14130 0
14496 80
14651 0
14688 80
14727 0
14798 80
14966 80
15227 0
15250 80
15268 0
15306 80
15312 0
15619 80
15778 0
15796 80
15993 0
16012 80
16206 80
16407 0
16547 80
16558 0
16734 80
16756 80
16780 0
16830 80
17035 80
17193 0
17195 80
17212 0
17370 80
17454 0
17562 80
17690 0
17797 80
17828 80
17862 0
17912 80
17923 80
18110 0
18125 80
18196 80
18268 80
18280 0
18389 80
18469 0
18483 80
18532 0
18622 80
18627 0
18665 80
18786 80
18796 80
18934 0
19109 80
19364 80
19375 80
19636 0
19722 80
19780 0
19796 80
20114 80
20137 0
20142 80
20152 0
20163 80
20247 0
20319 80
20351 0
20645 80
21027 80
21079 80
21416 80
21424 0
21520 80
21537 0
21557 80
21646 0
21729 80
21744 0
21877 80
21878 0
21969 80
21986 0
22058 80
22170 80
22178 0
22221 80
22268 0
22275 80
22468 0
22673 80
22836 0
22940 80
22970 0
23045 80
23167 0
23243 80
23340 80
23400 0
23575 80
23679 80
23720 80
23768 80
23952 0
23963 80
24113 80
24163 80
24283 0
24379 80
24423 0
24537 80
24561 80
24815 0
25191 80
25258 0
25271 80
25486 0
25512 80
25745 80
25811 0
26002 80
26159 0
26359 80
26689 0
26897 80
27018 0
27049 80
27261 0
27314 80
27617 80
27631 0
27686 80
27729 80
27873 0
28311 80
28374 0
28512 80
28555 0
28596 80
28650 80
28721 0
28726 80
28906 0
28986 80
29798 0
29881 80
29935 0
29974 80
30280 0
30381 80
30960 0
30970 80
30987 0
31030 80
31187 80
31352 0
31436 80
31465 0
31477 80
31646 0
31668 80
31709 80
31972 0
31977 80
32059 0
32157 80
32260 0
32406 80
32527 0
32593 80
32844 80
33025 0
33137 80
33363 0
33401 80
33605 0
33626 80
33673 0
33751 80
33963 80
34006 80
34119 0
34276 80
34410 0
34558 80
34566 0
34569 80
34642 80
35182 0
35204 80
35798 0
35877 80
35885 0
36177 80
36239 0
36370 80
36626 0
36629 80
36635 0
36813 80
36855 0
37242 80
37464 0
37583 80
37677 0
37835 80
38030 0
38095 80
38245 0
38309 80
38454 0
38465 80
38585 0
38642 80
38647 80
38664 80
38769 0
38877 80
38947 0
39087 80
39273 80
39314 0
39386 80
39623 0
40147 80
40372 0
40550 80
40582 0
40625 80
40650 0
40721 80
40800 80
40934 80
40985 0
41017 80
41087 80
41201 0
41228 80
41234 0
41338 80
41396 0
41521 80
41596 0
41645 80
41696 0
42078 80
42142 0
42252 80
42316 0
42482 80
42506 0
42620 80
42769 0
42923 80
43258 80
43437 0
43459 80
43820 0
43943 80
44053 0
44107 80
44501 0
44952 80
45055 0
45111 80
45316 0
45524 80
45792 80
45839 80
46016 0
46239 80
46463 0
46472 80
46611 0
46771 80
46780 0
46787 80
46839 80
46898 0
46989 80
47065 0
47172 80
47336 80
47341 0
47498 80
47673 0
47696 80
47836 0
47918 80
47945 0
48072 80
48156 0
48455 80
48578 0
48725 80
48994 80
49288 0
49310 80
49383 0
49593 80
49662 0
49688 80
49717 0
49885 80
49887 0
50021 80
50043 0
50125 80
50150 0
50154 80
50171 80
50263 80
50313 80
50420 0
50550 80
50852 0
51078 80
51145 0
51270 80
51321 0
51384 80
51775 0
51839 80
52072 80
52343 0
52344 80
52429 0
52613 80
52733 0
52813 80
52854 0
53082 80
53126 80
53220 0
53543 80
53589 80
53889 0
54206 80
54223 0
54633 80
54738 0
54768 80
54776 0
54966 80
54981 80
54990 0
55109 80
55211 0
55238 80
55414 0
55426 80
55464 0
55547 80
55559 80
55616 0
55748 80
56120 0
56502 80
56505 0
56542 80
56591 0
56627 80
56689 0
56710 80
56726 0
56911 80
56935 0
57353 80
57381 0
57469 80
57507 0
57840 80
58014 80
58097 0
58277 80
58356 0
58411 80
58510 0
58533 80
58973 80
59043 80
59223 0
59542 80
59599 0
59654 80
60003 0
60437 80
60501 80
60552 0
60651 80
60852 0
60855 80
61082 0
61101 80
61167 80
61371 0
61655 80
61923 0
61988 80
62350 0
62438 80
62523 80
62805 0
62868 80
63037 0
63075 80
63117 0
63248 80
63293 0
63326 80
63505 0
63739 80
63825 80
63897 80
64095 0
64125 80
64171 0
64365 80
64553 80
64800 0
64849 80
64925 0
65054 80
65194 0
65320 80
65417 80
65506 0
65591 80
65691 0
65725 80
65744 0
65804 80
65849 0
65955 80
65961 0
65989 80
66129 0
66181 80
66341 0
66473 80
66629 80
66655 0
66747 80
67016 0
67280 80
67291 0
67396 80
67557 0
67575 80
67753 80
67787 0
67892 80
67960 0
68319 80
68372 80
68392 80
68600 80
68666 0
68941 80
68992 0
69114 80
69332 80
69592 0
69596 80
69599 0
69700 80
69753 80
69811 80
69894 0
69895 80
70083 80
70206 0
70284 80
70525 0
70601 80
70842 0
71129 80
71237 0
71274 80
71297 0
71327 80
71329 0
71392 80
71415 80
71448 0
71876 80
72093 0
72137 80
72175 0
72271 80
72524 0
72711 80
72925 80
72975 0
73161 80
73216 0
73488 80
73672 0
73756 80
73776 0
73984 80
74013 0
74041 80
74256 0
74696 80
74817 0
74818 80
74820 0
74884 80
74899 0
75217 80
75231 80
75249 0
75349 80
75501 0
75504 80
75587 0
75636 80
75659 0
75826 80
75870 0
75924 80
76107 0
76386 80
76424 0
76456 80
76598 0
76599 80
77599 0
77674 80
77708 0
77867 80
77896 0
77903 80
77922 0
77955 80
77966 80
78438 0
78506 80
78676 0
78832 80
79030 0
79181 80
79331 0
79539 80
79598 80
79617 80
79668 0
79789 80
79802 0
79964 80
80227 0
80407 80
80415 0
80476 80
80485 0
80488 80
80491 0
80501 80
80589 0
80612 80
80619 0
80643 80
80831 0
80858 80
80909 0
81177 80
81254 80
81287 0
81307 80
81327 80
81337 80
81428 80
81433 0
81439 80
81858 80
81999 0
82003 80
82564 0
82591 80
82632 80
82843 0
82969 80
83129 0
83176 80
83207 0
83390 80
83418 0
83439 80
83470 0
83473 80
83726 0
83796 80
83797 80
83808 80
83908 0
84122 80
84132 0
84316 80
84509 0
84725 80
84784 0
84809 80
84865 0
84900 80
85051 80
85078 0
85089 80
85094 80
85112 80
85243 80
85436 80
85518 0
85591 80
86125 0
86139 80
86155 0
86327 80
86414 80
86771 0
86783 80
86972 80
87164 80
87170 0
87246 80
87251 0
87403 80
87568 0
87725 80
87997 80
88021 0
88130 80
88326 0
88835 80
88888 0
88919 80
88929 0
88991 80
89064 0
89132 80
89386 0
89837 80
89999 0
90024 80
90034 0
90150 80
90174 0
90272 80
90388 0
90420 80
90445 80
90752 0
90827 80
90959 0
91076 80
91351 80
91685 0
91752 80
91771 80
91812 0
91867 80
92125 80
92372 80
92411 0
92727 80
92742 0
92854 80
92868 0
93057 80
93236 0
93305 80
93374 0
93460 80
93615 0
93689 80
93715 0
94078 80
94267 80
94308 80
94450 80
94492 80
94525 0
94779 80
94800 0
94987 80
95025 80
95315 80
95468 0
95483 80
95708 0
95821 80
95825 0
96013 80
96207 80
96229 0
96378 80
96451 0
96470 80
96660 0
96810 80
97018 0
97060 80
97088 0
97192 80
97490 0
97525 80
98063 0
98173 80
98248 80
98255 0
98290 80
98325 0
98378 80
98632 0
98637 80
98644 0
98751 80
98778 0
98805 80
98819 0
98844 80
98892 0
98897 80
99059 80
99283 0
99479 80
99490 0
99679 80
99861 0
99963 80
823 events for 3
4 74
118 0
322 73
442 74
520 0
577 74
739 0
897 74
964 74
1004 74
1150 0
1274 74
1337 74
1385 74
1468 74
1541 0
1773 73
1800 73
2540 0
2559 74
2631 0
2813 73
2831 0
3023 73
3043 0
3203 73
3225 0
3523 74
3535 0
3720 74
3831 0
3837 74
4241 0
4290 73
4376 0
4392 73
4572 73
4724 0
4737 74
4744 0
4940 74
5046 0
5187 74
5358 0
5361 74
5644 0
5738 74
5939 0
6012 73
6040 0
6183 74
6263 0
6299 73
6435 0
6652 73
6838 0
6957 74
7206 0
7219 74
7512 0
7567 74
7607 0
7883 73
8114 0
8120 74
8401 0
8456 73
8552 0
8671 73
8794 73
8836 0
8962 73
8996 0
9141 74
9209 0
9267 73
9600 74
9624 73
9713 0
10120 73
10236 74
10248 0
10304 73
10525 0
11077 73
11116 0
11208 74
11578 74
11588 0
12010 74
12069 0
12176 74
12332 0
12334 74
12364 0
12568 74
12741 0
12798 74
12907 0
12991 74
13108 73
13146 0
13241 73
13357 0
13405 74
13770 0
13784 73
13835 0
13847 74
13868 74
13873 73
13985 73
14097 74
14215 0
14334 73
14623 0
14673 74
14724 0
14828 73
15036 0
15043 73
15085 73
15197 0
15255 73
15466 0
15524 74
15580 73
15681 73
15783 0
15811 73
15814 0
15888 74
15916 0
16124 74
16410 74
16418 0
16482 74
16556 0
16577 73
16796 0
17153 74
17241 74
17299 0
17535 73
17713 0
18015 73
18199 73
18306 0
18516 74
18658 74
18725 0
18741 73
18959 0
19092 74
19098 0
19118 73
19337 74
19360 74
19453 0
19504 73
19717 0
19813 73
19839 0
20058 74
20117 0
20176 73
20517 73
20718 74
20789 0
20926 73
20928 0
20988 73
21258 73
21456 0
21553 74
21613 0
21614 73
21872 0
22038 74
22141 74
22143 74
22497 73
22508 0
22622 74
22627 74
22666 0
22703 74
22838 0
22900 74
23086 0
23210 73
23295 0
23433 73
23442 74
23997 0
24048 73
24294 74
24347 0
24403 74
24425 73
24560 0
24648 74
24652 0
24715 73
24772 0
24963 74
25016 0
25860 74
26000 0
26287 74
26373 0
26378 74
26592 74
26608 0
26732 73
26736 0
26767 73
26839 0
26882 73
27174 0
27290 73
27296 0
27469 74
27552 0
27738 73
27849 0
27882 74
27988 73
28174 74
28279 0
28545 73
28756 0
28784 73
28794 74
28864 0
28877 74
28924 0
29055 73
29148 0
29251 74
29444 73
29504 0
29605 73
29879 0
29894 74
29915 74
29948 0
30026 73
30277 0
30460 74
30522 0
30584 74
30885 0
30894 73
30919 0
31104 73
31161 73
31252 74
31402 0
31484 73
31580 0
31654 73
31861 74
32133 73
32188 0
32235 73
32286 0
32380 74
32482 73
32511 73
32519 0
32581 74
32746 74
32880 0
32902 74
33152 0
33170 73
33173 0
33235 73
33242 0
33369 73
33381 0
33400 74
33522 0
33526 73
33711 0
34318 73
34423 0
34433 74
34657 0
34890 74
35085 0
35204 74
35375 0
35477 74
35656 73
35688 0
35689 73
35772 0
35981 74
36110 0
36172 74
36175 0
36896 73
36936 0
37093 74
37166 74
37378 0
37517 74
37674 0
38067 74
38084 0
38089 74
38162 0
38171 74
38360 73
38389 73
38531 0
38551 73
38595 0
38678 74
38719 74
38722 0
38948 74
39089 0
39498 74
39717 0
39726 74
39843 0
39944 73
40034 0
40044 74
40143 73
40239 0
40287 73
40299 0
40453 74
40499 0
40541 74
40583 73
40603 0
40931 74
40995 0
41106 74
41145 0
41214 74
41300 0
41649 74
41794 73
42214 0
42366 73
42492 0
42669 74
42765 73
42851 74
43028 0
43412 74
43685 74
43833 0
44035 74
44041 0
44300 73
44368 0
44493 73
44497 0
44723 74
44944 0
45088 73
45101 0
45315 74
45380 73
45391 73
45565 0
45572 73
45587 0
45762 73
45785 73
45859 0
45875 74
46116 0
46434 73
46468 73
46471 0
46737 73
46878 0
46938 73
47042 0
47109 73
47237 73
47305 0
47358 74
47513 0
47673 73
47792 74
47889 0
48098 73
48344 0
48592 73
48613 74
48661 73
48764 74
48907 0
49006 73
49038 0
49114 73
49194 73
49197 74
49434 0
49507 74
49529 74
49649 74
49710 74
49769 73
49958 0
49988 74
50017 0
50212 74
50412 0
50565 74
50690 0
50869 74
50974 74
51115 73
51201 0
51243 74
51249 73
51653 73
51656 0
52095 74
52397 0
52726 74
52863 0
52872 73
53319 74
53327 0
53392 74
53401 0
53435 73
53448 0
53534 73
53591 0
53617 73
53886 0
53966 74
54067 73
54119 0
54197 73
54327 73
54336 0
54362 74
54371 0
54422 73
54518 73
54582 0
54706 73
54711 0
55082 73
55110 73
55201 0
55317 73
55462 0
55519 74
55596 0
55670 73
55765 0
55926 74
56110 0
56477 74
56670 0
56679 74
56835 0
56911 73
56953 0
57201 74
57313 74
57389 0
57608 73
57684 73
57741 74
57791 0
57919 73
57946 0
58056 74
58078 74
58142 0
58232 74
58299 73
58314 0
58315 74
58398 0
58491 73
58560 0
58705 74
58768 0
59003 74
59174 0
59475 74
59557 0
59593 73
59703 0
60011 74
60040 73
60089 0
60325 74
60343 74
60414 74
60443 0
60695 73
60915 0
61617 74
61914 0
61988 73
62016 73
62365 0
62590 73
62786 0
62963 74
63051 0
63067 73
63177 0
63487 73
63494 0
63538 74
63731 73
63809 74
64115 0
64242 74
64429 74
64521 0
64562 73
64736 0
64745 74
64950 0
65450 73
65581 0
65772 73
66010 0
66123 74
66224 0
66314 73
66316 73
66493 0
66512 73
66577 74
66821 0
67035 74
67065 0
67159 74
67218 74
67262 74
67264 0
67297 73
67473 0
67495 73
67513 0
67754 73
67843 74
67866 74
67960 0
68129 74
68261 73
68382 0
68689 74
68779 0
68913 73
69145 74
69157 0
69168 74
69169 0
69232 73
69314 0
69449 74
69577 0
69600 73
69608 73
69763 0
69827 74
69875 0
69897 73
70018 0
70139 73
70143 0
70144 73
70356 0
70486 73
70489 74
70616 0
70644 73
70732 0
70803 74
70815 74
70820 73
70916 74
70930 0
71157 74
71271 74
71338 0
71456 74
71530 74
71595 0
71852 73
71921 74
71957 0
72567 73
72693 0
72697 73
73122 0
73211 73
73349 0
73395 73
73529 0
73589 74
73777 0
73940 73
74105 74
74288 0
74597 74
74632 0
74715 73
74813 0
75133 74
75198 0
75341 73
75400 74
75401 0
75638 74
76001 0
76198 73
76458 0
76468 73
76661 74
76752 0
76883 74
76924 74
76969 74
77120 0
77123 73
77127 74
77352 0
77516 74
77561 74
77569 0
77577 74
77890 0
77891 74
77961 0
78089 74
78113 0
78451 73
78771 0
78938 73
78944 0
78989 73
79083 0
79320 73
79510 0
79557 73
79722 73
79744 73
79754 73
79826 0
79854 74
80004 73
80015 0
80077 74
80126 0
80140 73
80241 0
80471 73
80566 0
80670 74
80975 0
81112 74
81195 0
81304 73
81515 0
81649 74
81691 0
81754 74
81824 74
82076 0
82235 74
82247 0
82280 74
82304 0
82549 74
82626 0
82632 74
82670 74
82709 0
82724 73
82765 0
82931 74
83030 0
83047 74
83117 73
83141 0
83444 73
83611 0
83644 73
83679 0
83771 74
84197 0
84219 74
84387 0
84417 74
84456 74
84476 0
84639 74
84928 0
84933 73
85083 0
85089 74
85152 73
85177 0
85221 74
85320 0
85418 73
85996 0
86240 73
86313 0
86467 74
86497 74
86561 0
86586 73
86594 0
86596 74
86644 0
86780 73
86845 0
86889 74
87104 73
87209 74
87243 0
87294 73
87429 0
87646 74
87664 73
87671 0
87855 73
88127 0
88246 73
88378 0
88520 73
88522 0
88606 74
88672 0
88712 74
89206 73
89265 74
90007 73
90025 73
90127 73
90273 0
90345 73
90466 0
90485 73
90684 0
90721 74
90890 73
91168 0
91394 73
91468 74
91789 74
91997 0
92011 73
92074 73
92137 0
92353 74
92451 74
92493 74
92501 74
92893 74
92970 0
93027 73
93143 0
93192 73
93252 0
93369 74
93414 74
93690 74
93976 0
93998 73
94124 74
94535 0
94576 74
94749 73
94794 0
94886 73
94940 0
94942 73
95148 0
95237 73
95450 74
95458 0
95576 74
95592 0
95614 73
95773 0
95816 74
95860 73
96335 73
96817 74
96832 0
96853 73
97000 0
97111 74
97592 0
97675 74
98087 74
98369 0
98425 73
98455 73
98661 0
98765 74
98810 0
99152 73
99224 0
99573 73
99581 0
99588 74
99697 0
99710 73
647 events for 4
109 61
824 0
977 61
1112 61
1132 0
1135 61
1144 0
1383 61
1401 61
1531 0
1885 61
1912 0
2006 61
2237 61
2554 61
2676 61
2854 0
2858 61
3248 0
3445 61
3675 0
3814 61
3821 0
4185 61
4225 0
4256 61
4351 61
4635 0
4833 61
4884 0
5257 61
5334 0
5344 61
5576 61
5871 61
6201 0
6288 61
6346 0
6477 61
6503 61
6534 61
6612 61
6789 0
6976 61
7011 0
7033 61
7306 0
7345 61
7850 0
7888 61
8057 61
8466 0
8648 61
8672 0
8687 61
8940 0
9387 61
9528 61
9529 0
10027 61
10152 0
10280 61
10292 0
10454 61
10523 0
10685 61
10735 61
10836 0
11017 61
11370 61
12033 61
12041 0
12173 61
12260 0
12449 61
12527 61
12716 0
12819 61
12875 0
13482 61
13486 0
13710 61
13737 61
13739 0
13789 61
14210 61
14233 61
14293 61
14319 0
14605 61
14917 0
15229 61
15258 61
15402 61
15583 0
15765 61
15823 0
15927 61
15976 0
16010 61
16268 0
16334 61
16404 61
16483 0
16777 61
17047 61
17209 0
17219 61
17302 0
17303 61
17736 0
17799 61
17950 0
17980 61
18012 0
18202 61
18758 0
18799 61
19070 61
19220 61
19242 0
19703 61
19874 0
19954 61
20221 0
20452 61
20563 0
21209 61
21211 61
21258 0
21371 61
21698 0
21907 61
22307 0
22647 61
22685 0
22709 61
22741 0
22744 61
22763 61
23032 61
23082 0
23132 61
23200 61
23255 0
23337 61
23657 0
23690 61
23760 0
23835 61
23846 61
23874 0
24415 61
24787 0
24804 61
25179 0
25217 61
25251 61
25389 0
25416 61
25542 61
25561 61
25847 0
26164 61
26215 61
26257 61
26548 0
26579 61
26658 61
26678 0
26706 61
26767 61
27043 0
27277 61
27385 0
27438 61
27485 0
27641 61
27722 0
27800 61
27895 0
27994 61
28118 0
28557 61
28561 0
28572 61
28703 0
28728 61
28760 0
28802 61
29016 0
29048 61
29677 0
29757 61
29870 0
30004 61
30075 0
30114 61
30263 0
30535 61
30606 0
30675 61
30914 0
30929 61
30978 0
31647 61
31737 0
31823 61
31874 0
32046 61
32047 0
32162 61
32248 61
32254 0
32311 61
32587 61
32603 0
33010 61
33021 0
33209 61
33690 0
33844 61
33878 0
33890 61
34089 61
34724 61
34841 0
34959 61
35036 0
35056 61
35131 61
35153 0
35708 61
35738 0
35847 61
35869 0
35881 61
36217 0
36490 61
36765 0
36875 61
36878 0
37134 61
37296 61
37355 0
37406 61
37534 0
37541 61
37611 61
37652 61
37933 0
38017 61
38057 0
38133 61
38141 61
38390 61
38476 0
38659 61
38714 0
38950 61
39045 0
39098 61
39208 0
39211 61
39554 0
39645 61
39717 0
39861 61
39937 0
40197 61
40422 0
40447 61
40524 61
40541 61
40561 0
40992 61
41288 0
41319 61
41421 61
41477 61
41553 0
42009 61
42157 0
42363 61
42570 0
42623 61
42935 0
43064 61
43338 61
43618 0
43693 61
43840 0
43905 61
44427 0
44478 61
44713 0
44731 61
44761 61
44936 61
44987 0
45110 61
45237 0
45310 61
45663 0
45779 61
45803 0
45834 61
45933 0
46354 61
46587 61
46685 0
46973 61
47090 61
47172 0
47188 61
47217 61
47402 0
47975 61
48313 0
48400 61
48482 0
48572 61
48698 61
48760 0
48811 61
48898 61
48962 61
49096 61
49532 61
49714 0
49742 61
50129 0
50147 61
50170 61
50253 0
50382 61
50875 0
50991 61
51235 0
51318 61
51461 61
51896 0
51996 61
52011 61
52284 61
52488 61
52559 0
52661 61
52996 61
53114 0
53426 61
53466 0
53477 61
53554 0
53725 61
53809 61
53842 0
53864 61
53886 61
53959 61
54199 0
54325 61
54550 0
54800 61
54807 0
54852 61
54932 0
55226 61
55290 0
55406 61
55623 0
55819 61
55847 61
55955 0
55988 61
56040 0
56098 61
56105 0
56347 61
56583 0
56756 61
56868 0
57213 61
57573 0
57622 61
57883 61
57911 0
58128 61
58209 0
58307 61
58968 0
59032 61
59163 61
59172 0
59187 61
59237 0
59704 61
59740 0
59750 61
59800 61
59838 0
60078 61
60268 61
60287 61
60342 0
60510 61
60679 61
60745 0
61016 61
61153 0
61278 61
61288 0
61346 61
61438 0
61555 61
61602 0
61616 61
61674 0
61729 61
62259 0
62741 61
63041 0
63191 61
63332 0
63491 61
63771 0
63784 61
63890 0
64046 61
64246 0
64284 61
64315 0
65038 61
65215 61
65253 0
65559 61
65583 61
66072 0
66207 61
66521 61
66703 0
66807 61
67454 0
67795 61
67837 0
68103 61
68265 0
68298 61
68493 0
68560 61
68587 61
68813 0
69044 61
69209 0
69270 61
69303 0
69349 61
69364 61
69640 61
69804 0
69809 61
69825 0
69872 61
69891 61
70097 0
70373 61
70430 0
70703 61
70718 0
70951 61
71616 0
71698 61
71797 0
71973 61
71978 0
71983 61
72350 61
72462 0
72749 61
72989 0
73091 61
73436 0
73832 61
73925 0
74016 61
74209 0
74219 61
74301 0
74364 61
74386 61
74478 0
74867 61
74932 61
75226 61
75239 0
75799 61
75872 0
76035 61
76113 61
76361 61
76471 0
76544 61
76630 0
76813 61
76917 0
76965 61
76994 0
77150 61
77364 61
77512 0
77574 61
77676 0
77954 61
78062 0
78181 61
78360 0
78822 61
78827 0
78899 61
78993 0
79286 61
79505 0
79516 61
79629 0
80033 61
80311 0
80676 61
80783 0
81254 61
81263 0
81342 61
81355 0
81483 61
81521 0
81700 61
81835 61
81938 0
82309 61
82577 0
82669 61
82932 0
83463 61
83591 0
83697 61
83789 0
83907 61
84133 61
84188 0
84255 61
84562 0
84701 61
84880 0
85117 61
85248 0
85354 61
85506 61
85566 61
85669 61
85779 0
85791 61
85957 0
85963 61
86716 0
86921 61
86941 61
87007 0
87353 61
87537 61
87617 61
87679 0
87857 61
88222 0
88325 61
88379 61
88544 0
88618 61
88634 0
88806 61
88856 0
89085 61
89202 0
89698 61
89719 0
89739 61
89803 0
90132 61
90159 0
90174 61
90339 0
90462 61
90634 0
91096 61
91927 0
92085 61
92144 0
92149 61
92438 61
92798 0
93170 61
93478 0
93593 61
93648 0
93656 61
93657 0
94355 61
94371 0
94485 61
94564 61
94593 61
94725 0
94919 61
95441 0
95525 61
95559 0
95822 61
95952 61
96082 0
96107 61
96239 61
96469 0
96472 61
96506 0
96511 61
96532 61
96599 0
96633 61
96706 61
97051 0
97123 61
97610 0
97679 61
98015 0
98091 61
98221 0
98223 61
98322 61
98379 0
98540 61
98678 61
98698 61
99040 0
99446 61
99577 0
99843 61
99859 61
99913 61
99998 61
698 events for 5
167 60
447 0
555 60
636 0
675 60
679 0
740 61
1066 0
1268 60
1279 60
1282 0
1403 60
1500 0
1698 60
1716 0
1722 60
1986 0
2118 61
2241 0
2311 60
2616 60
2834 0
3037 61
3270 0
3472 61
3641 0
4008 61
4219 61
4263 0
4303 60
4338 0
4766 60
4786 61
5025 0
5523 61
5595 0
5673 60
5716 0
6172 60
6245 0
6477 61
6629 0
6671 61
6745 61
7165 60
7528 60
7534 0
7579 61
7596 0
7695 61
7745 0
7756 61
8077 0
8122 61
8246 0
8315 60
8502 0
8770 60
8793 0
8817 61
8851 0
8906 60
9101 61
9126 60
9170 0
9198 61
9281 0
9292 61
9490 0
9549 61
9661 0
9732 60
9904 0
9922 61
10098 0
10219 60
10460 0
10708 60
10844 0
10848 60
10927 0
11157 61
11231 0
11235 61
11335 61
11338 61
11505 60
11624 0
11937 60
12363 0
12721 61
12797 0
12914 60
13080 0
13117 60
13128 61
13215 0
13327 60
13519 0
13619 60
13815 0
13880 60
13980 0
13982 61
14152 60
14221 0
14265 61
14322 0
14326 61
14403 61
14443 0
14504 61
14789 0
14838 61
14866 0
15408 60
15495 0
15582 60
15716 0
15843 61
16006 0
16177 61
16234 60
16350 0
16616 61
16661 0
16775 60
16822 0
17200 60
17219 0
17283 60
17451 0
17768 60
17778 60
18170 61
18217 0
18237 60
18453 60
18983 0
19178 61
19272 0
19278 61
19445 61
19470 0
19817 61
19994 60
20349 0
20521 61
20545 61
20579 60
20633 61
20816 60
20835 0
21106 61
21153 60
21175 0
21427 60
21564 60
21842 0
21957 60
22282 0
22293 61
22466 0
22659 60
22690 0
22910 60
23033 60
23038 61
23622 61
23940 60
24302 61
24643 0
24769 60
24828 0
24869 60
25277 61
25559 60
26520 61
26702 0
26774 60
26852 0
26977 61
27270 0
27320 60
27353 60
27420 61
27755 61
27925 0
27976 60
28009 0
28123 60
28504 0
28535 61
28603 60
29167 0
29275 60
29330 0
29538 61
29708 0
29727 61
29900 0
29934 61
30113 0
30237 61
30262 61
30515 0
30614 60
30637 61
30890 0
31125 60
31133 0
31178 60
31196 60
31390 0
31460 60
31655 0
31984 60
31993 60
32228 60
32308 0
32309 61
32951 0
33094 61
33103 0
33166 61
33365 0
33504 60
34635 0
34953 61
35067 0
35588 60
35735 60
36251 61
36305 0
36469 60
36474 0
36527 61
36538 0
36787 60
36945 0
37156 60
37244 0
37338 60
37468 60
37690 0
37707 60
37756 0
37765 60
38211 0
38367 61
38512 0
38520 60
38538 61
38811 60
38847 0
38945 61
39022 0
39114 61
39265 0
39269 61
39313 0
39346 61
39535 0
39567 61
39809 0
39845 61
39908 0
40092 61
40213 61
40249 0
40389 61
40539 0
40680 61
40716 60
40732 0
40993 61
41335 0
41352 60
41441 0
41799 61
41848 0
41918 61
42481 60
42532 0
42773 61
42857 0
42863 60
42872 60
42899 61
42900 0
42969 60
43019 60
43365 61
43440 61
43517 0
43856 60
43918 60
44026 61
44256 0
44265 61
44293 60
44535 0
44635 61
44748 0
44848 61
44970 61
45113 60
45420 0
45434 60
45452 61
45458 0
45477 60
45754 61
46160 0
46372 60
46525 60
46753 0
46780 61
46807 0
47023 61
48107 0
48117 61
48720 0
48738 61
48835 0
48936 60
48944 0
49053 60
49067 0
49225 60
49409 0
49550 60
50217 60
50595 0
50640 60
50711 0
51042 61
51114 0
51380 60
51463 0
51580 61
51646 60
51692 60
51882 0
51909 61
52019 60
52592 61
52618 61
53034 0
53483 61
53567 0
53602 61
53607 61
53704 0
53822 60
53882 0
54078 60
54265 0
54467 61
54570 0
54650 61
54683 0
54765 61
54862 61
55130 0
55157 61
55307 0
55433 61
55506 0
55597 60
55823 0
56023 61
56221 0
56404 60
56613 0
56746 60
57097 0
57118 60
57326 0
57478 60
57557 60
57566 0
57804 60
57838 0
57919 61
58269 0
58388 61
59110 0
59130 61
59145 0
59156 61
59305 0
59503 60
59627 0
59643 60
59697 0
59830 60
59860 0
59870 60
59924 0
60043 60
60169 0
60260 60
60321 0
60574 60
60618 0
60642 60
60705 61
60862 61
60970 0
61041 60
61052 60
61184 0
61447 60
61548 61
61681 60
61686 0
61692 60
61709 0
61870 61
62065 60
62190 0
62265 61
62323 61
62473 0
62509 60
62689 0
63174 60
63175 60
63188 61
63700 0
63799 60
63901 0
63903 61
64028 60
64064 61
64235 0
64351 61
64553 0
64598 61
64629 0
64631 61
64640 0
64707 60
64889 0
65012 61
65234 61
65263 61
65437 60
65446 60
65469 0
65626 60
65773 61
65894 60
65981 60
66218 0
66413 60
66439 0
66599 60
66707 0
66937 61
66973 0
67037 61
67159 0
67263 61
67389 0
67446 60
67614 0
67801 61
67873 0
68002 61
68126 0
68339 61
68369 0
68496 60
68885 60
69043 0
69066 60
69283 0
69378 61
69455 0
69471 60
69564 61
69620 61
69865 0
70016 61
70391 0
70491 61
70721 0
70804 60
70949 60
71025 0
71031 60
71334 0
71362 60
71499 0
71754 61
71816 0
71876 61
71889 61
72085 60
72089 0
72288 61
72371 0
72605 61
72660 0
72707 60
72736 0
72873 60
72919 0
73085 61
73139 61
73212 0
73295 60
73906 61
74098 61
74125 61
74159 0
74259 61
74529 0
74693 61
74781 0
74899 61
75006 61
75133 0
75316 61
75317 60
75347 0
75806 61
76064 0
76369 60
76408 0
76484 61
76553 0
76567 61
76666 0
76732 60
76827 0
76833 60
76901 60
77079 0
77314 60
77337 61
77415 0
77533 61
77536 60
77891 0
78124 61
78148 0
78444 61
78445 0
78527 61
78729 60
79534 0
79662 60
79688 0
79816 60
80064 0
80071 61
80073 0
80251 60
80405 60
80760 0
81087 60
81255 61
81305 0
81389 61
81436 61
81708 0
81769 61
82203 0
82246 60
82274 60
82593 0
82903 61
83015 61
83060 0
83281 61
83286 0
83594 61
83748 0
83808 61
83836 61
83863 60
83919 0
83970 60
84051 60
84252 60
84265 0
84269 60
84294 0
84457 61
84589 0
84664 61
84958 0
85176 61
85181 0
85320 61
85877 60
86187 0
86596 60
86617 60
86840 0
86992 60
87040 0
87119 61
87252 0
87386 60
87432 60
87525 0
87705 61
87740 0
87994 60
88154 0
88183 61
88325 0
88427 60
88428 0
88436 61
88447 0
88530 61
88834 0
88844 60
89139 0
89322 60
89343 60
89531 0
89548 60
89736 0
89848 60
89849 0
90062 60
90105 0
90216 60
90270 0
90302 60
90584 60
90877 0
91224 61
91279 0
91478 60
91700 0
91707 60
92070 0
92127 61
92172 0
92895 60
92949 0
92952 61
93153 61
93219 0
93678 61
93883 0
94013 60
94042 0
94067 60
94178 61
94190 61
94584 60
94716 61
94727 0
94765 61
94768 0
94883 61
94934 61
94958 0
95115 60
95116 60
95188 0
95195 61
95255 0
95356 60
95520 0
95537 61
95600 61
95622 61
95824 0
96055 60
96194 0
96312 60
96935 0
97494 61
97498 61
97683 0
97764 61
98126 0
98148 60
98217 0
98560 61
98642 61
98702 0
98818 60
99047 0
99216 61
99493 60
99672 0
99757 61
99992 0
104 events for 6
630 61
2593 52
3712 58
5760 58
6577 0
8364 52
9029 58
10115 0
11630 58
11829 0
12322 52
15687 0
16418 61
21327 0
21699 61
22974 0
25102 52
25350 58
25400 0
25440 61
25469 58
25639 0
26408 61
26584 52
28747 58
29191 0
30508 61
31386 0
31967 61
32322 0
32632 52
32790 0
33261 52
33486 0
34078 61
35738 0
35771 58
36484 0
37738 52
39544 52
40234 0
40600 58
40865 0
42318 52
42576 52
43949 0
46051 61
47485 0
47692 52
47719 0
49036 52
49143 61
50053 58
51335 0
52500 58
52527 0
52816 61
53278 0
53346 61
53852 0
58148 61
58594 0
58737 61
58893 0
60129 52
61490 0
61846 52
63134 0
63254 61
63649 0
64207 61
64259 0
68445 58
71762 0
71771 52
71808 58
71862 0
72299 61
74728 0
75402 61
75775 0
76628 61
76735 0
78028 52
78205 61
78319 52
81068 0
81273 52
83638 0
84234 52
84437 58
85010 0
88258 61
90418 0
92411 61
92587 0
92702 58
93085 0
93719 52
94149 0
96190 58
96248 0
96384 58
99563 0
422 events for 7
153 93
477 0
1314 84
1948 0
2056 71
2090 50
2120 50
2139 75
2358 0
2476 50
2670 28
2746 0
2832 75
3646 84
3846 50
4140 0
4490 93
4523 0
4854 71
5492 84
5766 0
5940 75
6497 0
6816 50
7265 84
7323 84
7917 0
8024 93
8140 75
8236 0
8340 93
8341 0
8415 50
8476 0
8592 75
8707 93
8779 93
9192 84
9270 0
9302 28
9960 0
10140 50
10147 0
10339 93
10381 84
10854 0
11201 84
11423 0
11444 84
11852 0
11890 84
12862 0
12906 28
13064 50
13314 0
15025 84
15125 0
15149 28
15701 0
15858 71
16043 0
16766 71
17147 71
17168 0
17233 93
17309 84
18278 93
18588 0
18996 71
19162 0
19649 50
19651 0
19910 93
20083 0
20238 93
20325 0
20418 84
20462 75
20463 0
20580 75
20734 0
20853 71
21039 0
21365 71
21731 0
22100 84
22103 0
22304 71
22362 0
22533 28
22554 0
23130 50
23327 0
23479 75
23600 84
23770 0
23896 75
23990 0
24213 84
24223 93
24256 50
25236 0
25525 93
25558 75
25602 71
25774 0
26091 50
26139 93
26215 0
26858 71
27340 0
28109 71
28120 0
28226 28
28412 0
29946 75
30415 0
30441 50
30605 0
30843 93
31856 0
31869 75
32347 0
32453 50
32469 84
32499 0
33024 71
33056 0
33742 93
34001 0
34134 84
34759 0
34803 71
34905 0
34925 71
34948 0
34961 75
35219 0
35230 71
35506 28
35587 71
35709 50
35748 0
36336 71
36621 0
36980 28
37050 0
37121 93
37151 0
37774 93
37895 0
37908 50
38028 0
38364 50
38429 0
38560 50
38647 0
38930 93
39069 0
39407 71
39666 71
39667 71
39858 0
40160 84
40487 93
40549 93
40626 28
40833 0
40935 84
41027 75
41029 0
41257 71
41377 0
41895 28
41980 0
42395 28
42396 0
42570 28
43091 0
43433 75
43824 0
44026 50
44166 28
44842 0
44895 71
45432 0
45977 71
46191 0
46513 84
46625 0
46841 28
46859 0
47301 71
47482 0
47638 75
47780 0
47953 50
48667 0
48753 50
48815 0
48839 28
49339 28
49432 0
49676 75
49889 0
49963 28
50223 0
50590 28
50974 93
51028 0
51210 50
51566 0
51869 93
51903 0
52276 93
52280 0
52575 71
52683 93
52844 84
52911 0
53086 50
53462 0
53725 28
54059 50
54319 0
54945 93
54946 0
55263 71
55378 0
55629 93
56142 28
56172 93
56443 0
56483 28
56813 71
56910 0
57137 50
57264 0
58167 93
58181 75
58465 71
58474 0
58851 93
59000 84
59260 71
59460 0
59563 71
59732 0
59742 28
60080 0
60476 93
60521 0
60946 75
61000 28
61755 0
61789 93
61871 0
62045 75
62383 71
62411 71
62426 84
62706 0
63418 28
63625 0
64251 71
64282 0
64396 75
64589 0
64779 84
64946 0
65230 93
65443 0
65700 84
65723 93
66093 0
66449 71
66468 0
66664 75
66793 71
67031 0
67110 71
67187 0
67230 71
67305 0
67729 28
67775 84
67814 93
68293 84
68517 0
69026 71
69395 93
69525 93
69542 0
69566 84
70181 50
70319 0
70468 28
70845 0
70924 84
71030 93
71294 0
71987 75
72072 0
72090 84
72112 93
72235 84
72343 0
72417 71
72750 93
72824 0
72858 93
72859 0
73236 28
73522 0
73751 50
73863 0
74007 93
74498 0
75226 84
76032 0
76477 84
77160 0
77295 71
77370 0
77401 71
77500 28
77627 50
77660 0
77662 93
77750 0
77899 71
78066 0
79674 50
79699 93
80086 50
80167 93
80225 0
80294 71
80520 0
80805 50
81814 0
82602 84
82627 71
82827 28
83362 0
83432 71
83843 0
83923 93
84493 0
85076 75
86109 84
86569 0
86593 84
86641 0
86749 84
86883 0
87160 71
87313 50
87438 50
87506 71
87643 0
87876 75
87990 0
88081 84
88207 84
88861 75
88873 0
89012 28
89044 0
89256 84
89260 0
89319 71
89618 0
89631 71
89921 0
89980 28
90009 0
90210 84
90431 71
90555 0
90670 50
90979 0
91072 28
91386 0
91552 93
91578 71
92140 0
92412 84
93422 0
93690 93
94278 0
94510 93
95008 0
95297 84
95476 75
95639 0
95690 93
95906 0
96157 28
96186 0
96243 71
96350 28
96351 0
96428 75
96790 0
96829 71
96872 0
96980 71
97031 71
97142 0
97257 50
97263 0
97331 71
97926 71
98234 0
98384 28
98810 0
98847 71
98988 0
99018 93
99077 0
99547 84
