16 buffers
100180 12759
61881 765
97748 7204
177859 24492
164277 25623
167372 28511
83919 11081
171646 32939
67451 10674
225646 15697
94647 15969
103265 18384
154510 28595
178846 12644
88531 13107
53703 3439
80 downlinks
0 188 1250 646
1 1438 2500 708
2 2688 3750 632
3 3938 5000 574
4 5188 6250 662
5 6438 7500 514
6 7688 8750 628
7 8938 10000 519
8 10188 11250 492
9 11438 12500 667
10 12688 13750 611
11 13938 15000 501
12 15188 16250 521
13 16438 17500 674
14 17688 18750 667
15 18938 20000 649
16 20188 21250 543
17 21438 22500 580
18 22688 23750 719
19 23938 25000 664
20 25188 26250 565
21 26438 27500 500
22 27688 28750 492
23 28938 30000 559
24 30188 31250 585
25 31438 32500 576
26 32688 33750 509
27 33938 35000 627
28 35188 36250 505
29 36438 37500 505
30 37688 38750 731
31 38938 40000 582
32 40188 41250 584
33 41438 42500 706
34 42688 43750 555
35 43938 45000 672
36 45188 46250 674
37 46438 47500 643
38 47688 48750 705
39 48938 50000 670
40 50188 51250 627
41 51438 52500 500
42 52688 53750 700
43 53938 55000 625
44 55188 56250 700
45 56438 57500 706
46 57688 58750 620
47 58938 60000 648
48 60188 61250 722
49 61438 62500 493
50 62688 63750 676
51 63938 65000 505
52 65188 66250 627
53 66438 67500 546
54 67688 68750 540
55 68938 70000 616
56 70188 71250 560
57 71438 72500 491
58 72688 73750 732
59 73938 75000 574
60 75188 76250 495
61 76438 77500 672
62 77688 78750 563
63 78938 80000 622
64 80188 81250 729
65 81438 82500 517
66 82688 83750 583
67 83938 85000 662
68 85188 86250 598
69 86438 87500 729
70 87688 88750 518
71 88938 90000 606
72 90188 91250 676
73 91438 92500 504
74 92688 93750 495
75 93938 95000 643
76 95188 96250 710
77 96438 97500 674
78 97688 98750 704
79 98938 100000 518
982 events for 0
345 60
456 60
495 0
691 60
709 0
715 60
720 0
799 60
1105 0
1158 60
1183 0
1235 60
1519 60
1557 0
1877 60
1897 0
2091 60
2367 0
2456 60
2601 60
2609 0
2617 60
2637 0
2937 60
2944 0
2961 60
3490 0
3570 60
3571 0
3617 60
3662 0
3702 60
4089 0
4323 60
4441 60
4534 60
4597 60
4674 0
4690 60
4761 0
4887 60
5079 0
5234 60
5290 60
5404 0
5445 60
5540 0
5571 60
5578 0
5619 60
5775 0
5778 60
6045 60
6063 60
6094 0
6125 60
6180 60
6265 0
6288 60
6389 0
6555 60
6615 60
6624 60
6647 0
6683 60
6963 60
6964 0
6966 60
7096 60
7455 0
7895 60
7905 0
8047 60
8078 0
8131 60
8235 0
8246 60
8365 60
8382 0
8418 60
8420 0
8532 60
8568 0
8589 60
8627 60
8807 0
9094 60
9168 0
9287 60
9350 0
9358 60
9444 60
9468 0
9478 60
9869 0
9929 60
9935 0
9936 60
9954 60
10126 0
10294 60
10307 0
10345 60
10427 0
10441 60
10548 60
10744 60
10746 60
10757 0
10829 60
10926 60
10981 60
11036 60
11043 0
11054 60
11124 60
11140 60
11148 0
11150 60
11160 60
11179 0
11475 60
11727 0
11750 60
11809 60
11848 0
11946 60
12239 0
12324 60
12339 0
12594 60
12781 0
12864 60
12954 0
13155 60
13312 0
13340 60
13402 60
13481 0
13569 60
13687 0
13701 60
13745 0
13955 60
14013 0
14085 60
14159 0
14168 60
14217 0
14596 60
15001 0
15148 60
15177 60
15258 60
15312 0
15590 60
15607 0
15625 60
15705 0
15763 60
16016 0
16138 60
16370 0
16387 60
16602 60
16654 0
16704 60
17099 0
17115 60
17766 60
17846 60
17960 0
17980 60
18017 60
18125 0
18149 60
18310 0
18353 60
18368 0
18370 60
18515 60
18567 0
18589 60
18611 0
18638 60
18725 60
19241 0
19381 60
19574 0
19689 60
19711 0
19759 60
19832 60
19869 60
19957 0
20000 60
20033 60
20141 0
20203 60
20306 0
20489 60
20524 0
20714 60
20775 0
20872 60
20930 0
20974 60
21002 60
21145 60
21544 60
21718 0
21768 60
21862 60
22052 0
22056 60
22260 0
22361 60
22379 0
22441 60
22470 0
22500 60
22543 0
22601 60
22749 60
22879 0
23013 60
23024 0
23508 60
23546 0
23580 60
23750 0
23903 60
24029 60
24162 0
24344 60
24398 0
24527 60
24563 0
24564 60
24648 0
24941 60
25338 0
25377 60
25434 0
25670 60
25784 60
26031 0
26281 60
26385 0
26429 60
26463 60
26472 0
26554 60
26584 0
26635 60
26644 60
26657 0
26696 60
27003 0
27242 60
27367 0
27376 60
27398 60
27451 60
27474 0
27646 60
27894 0
27918 60
28015 0
28043 60
28190 0
28195 60
28258 0
28264 60
28321 0
28338 60
28356 0
28371 60
28429 60
28554 0
28596 60
28669 0
28772 60
28857 0
28886 60
28988 60
29066 0
29082 60
29127 0
29234 60
29239 60
29287 60
29468 0
29636 60
29655 0
29892 60
29943 0
29990 60
30045 0
30157 60
30209 0
30408 60
30423 0
30429 60
30466 60
30563 0
30729 60
30774 0
30992 60
31021 60
31060 0
31132 60
31163 0
31198 60
31361 0
31655 60
31662 0
31709 60
31863 60
31904 0
31954 60
32125 0
32342 60
32507 0
32624 60
32731 0
32851 60
32881 60
33180 60
33234 0
33304 60
33353 60
33411 0
33449 60
33465 0
33555 60
33589 0
33624 60
33687 0
33692 60
33698 60
33806 0
34001 60
34030 60
34067 0
34135 60
34323 0
34568 60
34570 0
34684 60
34746 60
34825 0
35037 60
35083 0
35209 60
35389 60
35408 0
35484 60
35492 60
35539 0
35910 60
35930 0
36046 60
36170 0
36540 60
36726 0
36737 60
36957 0
37458 60
37528 0
37563 60
37609 60
37617 0
37681 60
37695 0
37792 60
37838 0
37887 60
38148 0
38186 60
38364 0
38409 60
38736 0
38834 60
38937 0
38955 60
39121 0
39124 60
39176 0
39196 60
39215 60
39388 0
39465 60
39497 60
39602 60
39682 0
39773 60
39790 60
39913 0
39987 60
40146 0
40166 60
40197 0
40250 60
40269 60
40291 60
40310 0
40403 60
40555 0
40767 60
40776 0
40784 60
40789 0
40818 60
40852 0
40873 60
40893 0
40943 60
41002 60
41211 0
41724 60
41878 60
42100 0
42103 60
42116 60
42188 0
42354 60
42387 0
42432 60
42474 0
42616 60
42638 0
42777 60
42860 0
42880 60
42946 60
43001 0
43187 60
43343 0
43452 60
43467 0
43613 60
43652 0
43810 60
43811 60
43934 60
44009 0
44367 60
44457 0
44480 60
44622 0
44684 60
44693 0
44827 60
45075 0
45110 60
45150 60
45258 0
45271 60
45331 0
45336 60
45382 0
45398 60
45442 0
45479 60
45498 0
45565 60
45618 60
45690 0
45723 60
45924 0
46021 60
46129 0
46170 60
46190 60
46210 60
46252 0
46255 60
46327 0
46400 60
46547 0
46554 60
46762 0
46826 60
46937 0
46971 60
47040 0
47107 60
47251 0
47298 60
47314 0
47385 60
47410 0
47433 60
47567 0
47652 60
47758 0
47797 60
47926 0
47960 60
48032 0
48095 60
48107 0
48165 60
48319 0
48477 60
48516 60
48632 0
48664 60
48672 60
48717 0
48810 60
49034 0
49097 60
49187 60
49204 0
49257 60
49340 0
49384 60
49648 0
49650 60
49702 0
49848 60
49946 0
49999 60
50075 0
50076 60
50137 0
50465 60
50561 0
50812 60
50835 0
50989 60
51069 60
51210 60
51212 0
51597 60
52109 60
52147 60
52249 0
52540 60
52649 0
52843 60
52905 0
52960 60
52963 60
53071 0
53126 60
53178 0
53423 60
53542 0
53605 60
53727 60
53896 0
54027 60
54029 0
54342 60
54348 0
54453 60
54756 60
54803 0
54877 60
54923 0
54968 60
55024 0
55211 60
55297 0
55373 60
55461 60
55506 60
55725 60
55859 0
56083 60
56084 0
56092 60
56105 0
56161 60
56272 0
56426 60
56472 60
56854 60
57025 0
57109 60
57210 0
57289 60
57610 60
57741 0
57873 60
57944 0
58007 60
58027 0
58030 60
58123 0
58224 60
58546 60
58861 60
58990 0
59086 60
59235 60
59384 0
59413 60
59636 0
59704 60
59734 0
60104 60
60219 60
60320 0
60476 60
60639 0
60643 60
60729 0
60802 60
61135 60
61203 0
61582 60
61656 0
61775 60
61856 60
61933 60
61972 60
61976 0
62158 60
62254 60
62285 0
62384 60
62394 60
62448 0
62584 60
62706 0
62766 60
62889 0
62914 60
62954 60
63031 60
63135 0
63451 60
63500 60
63614 0
64104 60
64240 0
64259 60
64315 0
64438 60
64468 60
64489 0
64497 60
64532 60
64748 0
64817 60
64899 0
64970 60
64973 0
64988 60
65075 60
65144 0
65256 60
65283 60
65455 0
65533 60
65597 0
65789 60
65822 0
65888 60
65973 0
66093 60
66094 0
66106 60
66531 60
66575 60
66578 60
66694 0
66717 60
67069 0
67451 60
67534 0
67577 60
67602 60
67781 0
67845 60
67889 60
68293 60
68443 60
68512 0
68781 60
68793 0
68829 60
69076 0
69149 60
69303 0
69330 60
69412 0
69467 60
69510 0
69511 60
69578 0
69586 60
69750 0
69764 60
69919 0
70066 60
70130 60
70354 60
70475 0
70594 60
70629 0
70638 60
70640 0
71379 60
71487 0
71500 60
71501 0
71698 60
71764 0
71811 60
72098 0
72457 60
72755 0
72843 60
73032 60
73052 0
73068 60
73283 0
73296 60
73606 0
73880 60
73883 0
73943 60
73958 60
74428 0
74604 60
74936 60
75028 60
75037 60
75229 0
75240 60
75294 0
75557 60
75562 0
75656 60
75760 0
75809 60
76008 0
76098 60
76272 60
76615 0
76627 60
76661 0
76770 60
76875 0
77315 60
77443 60
77757 0
77801 60
78134 0
78138 60
78216 60
78399 0
78554 60
78603 60
78637 0
78846 60
78890 0
78896 60
78922 60
78987 0
79000 60
79014 60
79187 0
79203 60
79283 60
79300 0
79461 60
79477 0
79538 60
79552 60
79827 0
79908 60
79952 0
79981 60
80099 0
80168 60
80190 0
80500 60
80812 0
80864 60
80872 0
80920 60
80971 60
81018 0
81091 60
81167 60
81575 0
81633 60
81637 0
81771 60
81916 60
82003 60
82037 0
82061 60
82109 0
82145 60
82221 0
82326 60
82428 0
82443 60
82447 0
82460 60
82635 60
82696 0
82708 60
82750 0
82781 60
82875 0
82942 60
83135 60
83147 0
83188 60
83196 0
83320 60
83553 0
83900 60
83977 0
84219 60
84239 0
84250 60
84509 0
84747 60
84879 0
84903 60
85007 0
85180 60
85526 0
85669 60
85775 0
85951 60
85957 0
86033 60
86152 60
86172 60
86235 0
86294 60
86357 60
86448 0
86551 60
86637 60
86830 0
86835 60
86913 0
86962 60
87089 0
87104 60
87169 0
87251 60
87289 0
87295 60
87406 60
87468 0
87522 60
87706 0
87723 60
87756 60
87927 0
88005 60
88023 0
88136 60
88219 60
88270 0
88371 60
88402 0
88427 60
88462 0
88493 60
88501 0
88553 60
88627 0
88751 60
88830 0
89062 60
89255 0
89347 60
89403 0
89441 60
89642 0
89769 60
89939 0
90072 60
90128 60
90237 0
90373 60
90597 0
90607 60
90618 0
90689 60
90870 0
90917 60
90934 60
90943 0
91005 60
91194 0
91320 60
91420 60
91463 60
91541 0
91684 60
91906 0
92091 60
92105 60
92116 0
92225 60
92342 0
92401 60
92410 60
92615 60
92646 0
92905 60
92989 0
93078 60
93149 0
93342 60
93450 0
93681 60
93708 60
93759 60
93790 0
93874 60
93885 0
94040 60
94047 0
94155 60
94249 0
94304 60
94692 0
94959 60
95038 0
95136 60
95140 0
95259 60
95291 60
95304 0
95310 60
95446 0
95508 60
95721 0
95884 60
96156 60
96398 60
96468 60
96585 60
96661 0
96713 60
96853 0
97001 60
97238 0
97296 60
97303 0
97371 60
97384 0
97513 60
97561 60
97706 0
97833 60
97900 0
98129 60
98150 60
98161 0
98178 60
98539 0
98560 60
98774 0
98920 60
99060 0
99280 60
99296 60
99342 0
99382 60
99428 0
99480 60
99578 0
99644 60
99767 0
99855 60
99955 0
713 events for 1
154 28
310 0
312 28
419 0
518 28
700 28
735 0
779 28
909 0
958 28
1056 0
1076 28
1371 28
1389 0
1549 28
1552 28
1612 0
1721 28
1737 0
1816 28
2028 28
2247 0
2519 28
2867 0
2952 28
3019 0
3998 28
4000 0
4200 28
4628 0
4671 28
4707 0
4962 28
5356 0
5396 28
5820 0
5855 28
5917 28
5958 28
6385 0
6453 28
6552 0
7115 28
7349 28
7361 28
7484 28
7650 0
7688 28
7784 28
7983 0
8028 28
8039 0
8157 28
8184 0
8301 28
8513 0
8557 28
8709 28
8758 0
8875 28
9109 28
9643 28
9659 0
9822 28
9915 28
10273 28
10743 0
10849 28
10891 28
10953 0
11326 28
11764 0
11790 28
11807 0
11820 28
11970 28
12027 0
12154 28
12158 0
12269 28
12308 0
12495 28
12501 0
12525 28
12649 0
12975 28
13037 0
13128 28
13346 0
13418 28
13516 0
13610 28
13710 0
13860 28
13889 28
14211 28
14218 0
14244 28
14305 0
14336 28
14383 28
14501 0
14598 28
14704 0
14795 28
15062 28
15306 0
15355 28
15374 0
15529 28
15542 28
15559 0
15612 28
15630 0
15694 28
16096 0
16402 28
17121 28
17136 0
17235 28
17278 0
17353 28
17395 28
17671 0
17987 28
17992 28
18064 0
18247 28
18283 0
18510 28
18557 28
18566 0
18633 28
18635 28
18643 0
18762 28
18793 0
18849 28
18936 28
18945 0
19013 28
19017 0
19172 28
19581 0
19692 28
19986 28
20321 28
20614 0
20649 28
20654 28
20983 28
21100 28
21110 28
21120 0
21132 28
21202 0
21352 28
21594 28
21620 28
21641 0
21914 28
22093 0
22142 28
22229 0
22490 28
22682 28
22753 28
22766 0
23091 28
23154 0
23438 28
23577 0
23654 28
23772 0
24002 28
24021 0
24043 28
24243 0
24420 28
24931 28
25012 0
25033 28
25216 28
25468 0
25621 28
25764 0
25967 28
26101 0
26144 28
26191 0
26465 28
26473 0
26736 28
26739 0
26880 28
27192 0
27228 28
27459 0
27467 28
27614 0
27748 28
27995 28
28081 0
28119 28
28355 0
28373 28
28422 0
28621 28
28853 0
28873 28
28891 28
28911 0
28954 28
29190 28
29489 0
29717 28
29719 28
29829 28
29965 0
30087 28
30579 0
30606 28
30671 28
30870 28
30901 0
30975 28
31184 28
31574 28
31714 0
31731 28
31920 28
32158 0
32241 28
32323 28
32528 28
32624 0
32942 28
33258 0
33389 28
33402 0
33433 28
33471 0
33638 28
33687 0
33842 28
33977 0
34136 28
34486 0
34551 28
34556 0
34618 28
34712 0
34921 28
35136 28
35312 0
35529 28
35548 0
35552 28
35785 0
35804 28
35879 28
35887 0
36216 28
36430 0
36660 28
36689 0
36849 28
36856 28
36862 0
37171 28
37249 0
37273 28
37520 28
37743 0
37752 28
37811 0
37821 28
38139 28
38240 28
38331 28
38505 28
38666 0
39029 28
39144 28
39214 0
39261 28
39502 28
39690 0
39758 28
39875 0
39956 28
40027 0
40171 28
40509 0
40892 28
40894 0
41260 28
41383 0
41512 28
41656 0
42018 28
42128 0
42135 28
42215 28
42383 0
42961 28
43015 0
43133 28
43235 0
43260 28
43693 0
43768 28
43791 0
43883 28
44001 0
44170 28
44253 0
44636 28
44649 28
44732 28
44952 0
45116 28
45181 0
45293 28
45562 0
45698 28
45729 0
45890 28
46003 0
46256 28
46499 28
46714 0
46752 28
46784 0
47165 28
47220 28
47421 0
47435 28
47457 0
47492 28
47516 28
47615 0
47927 28
48023 0
48340 28
48353 0
48842 28
48893 0
49020 28
49073 0
49232 28
49553 28
49712 0
49928 28
50029 0
50098 28
50227 0
50596 28
50703 0
50795 28
50876 0
51108 28
51152 0
51239 28
51415 0
51571 28
51880 0
51916 28
52281 0
52392 28
52444 28
52482 0
52489 28
52613 28
52835 0
53345 28
53607 28
53644 0
53817 28
54003 0
54061 28
54263 0
54282 28
54330 0
54838 28
54909 0
54999 28
55147 28
55597 28
55682 0
55783 28
55821 28
55828 28
55832 0
55848 28
56113 28
56170 0
56994 28
57146 0
57288 28
57325 28
57369 0
57448 28
57495 0
57505 28
57604 0
57856 28
57882 28
58298 0
58348 28
58700 0
59185 28
59527 0
59828 28
59970 0
60082 28
60083 0
60095 28
60180 28
60250 0
60407 28
60481 28
60487 0
60614 28
60751 0
60813 28
61146 28
61425 0
61454 28
61487 0
61585 28
61815 0
61864 28
61890 0
61898 28
61951 0
62247 28
62885 0
62992 28
63101 0
63653 28
63722 0
63734 28
64202 0
64259 28
64766 0
64815 28
64848 28
64988 28
64991 0
65050 28
65112 28
65195 28
65274 28
65355 28
65472 28
65545 0
65575 28
66142 0
66408 28
66487 28
66509 28
66627 0
66825 28
66830 28
66908 0
66918 28
67032 28
67100 28
67487 0
67557 28
67653 0
67861 28
68117 0
68150 28
68179 0
68232 28
68578 0
68579 28
68659 0
68662 28
68678 0
68692 28
68857 0
69154 28
69317 28
69325 0
69392 28
69490 0
69789 28
69896 28
70490 28
70518 28
70563 0
70564 28
70594 0
70612 28
70620 0
70832 28
71040 0
71047 28
71061 28
71140 0
71220 28
71411 28
71481 0
71856 28
71964 28
72102 28
72147 0
72158 28
72262 0
72436 28
72470 0
72655 28
72718 28
73075 28
73143 0
73312 28
73379 28
73913 0
74142 28
74175 28
74390 28
74410 28
74766 0
74923 28
75173 0
75376 28
75466 0
75526 28
75697 0
75896 28
76008 0
76016 28
76225 0
76236 28
76280 0
76378 28
76562 28
76645 28
76783 0
76815 28
76953 0
77111 28
77374 0
77456 28
77649 0
77730 28
77784 0
78057 28
78113 0
78154 28
78297 0
78399 28
78604 28
78621 0
78623 28
78665 0
78692 28
78779 0
78881 28
79055 28
79279 0
79736 28
79931 0
79960 28
80099 28
80327 28
80450 0
80759 28
80771 0
80783 28
81073 0
81435 28
81635 0
81696 28
81839 0
81879 28
81903 28
81941 0
82035 28
82121 0
82125 28
82458 0
82519 28
82566 28
82693 28
82746 0
82833 28
82921 28
82933 28
82937 0
82973 28
83317 0
83553 28
83742 0
83812 28
83988 0
83997 28
84104 28
84127 0
84335 28
84419 0
84525 28
84539 0
85251 28
85322 28
85422 28
85545 0
85621 28
85770 0
85873 28
86203 28
86347 0
86392 28
86423 0
86445 28
86464 28
86467 0
86860 28
86926 28
87180 0
87246 28
87347 28
87369 0
87451 28
87498 0
87525 28
87586 0
87639 28
88072 28
88210 0
88290 28
88377 0
88442 28
88919 0
89024 28
89177 0
89237 28
89288 0
89294 28
89509 28
90016 28
90156 0
90242 28
90271 0
90361 28
90494 0
90496 28
90882 0
91024 28
91065 0
91163 28
91306 0
91451 28
91647 28
91877 0
91925 28
91933 28
92080 28
92175 0
92438 28
92682 0
92687 28
92768 0
92879 28
93524 0
93602 28
93605 0
93688 28
94105 0
94199 28
94251 0
94335 28
94422 0
94595 28
94642 28
95080 28
95268 0
95339 28
95469 0
95690 28
95751 0
95770 28
95845 0
96105 28
96147 28
96225 28
96308 28
96686 0
97310 28
97339 0
97366 28
97445 0
97452 28
97520 0
97528 28
97679 28
97694 0
97760 28
98249 28
98436 0
98491 28
98567 28
98633 28
98694 28
98949 0
99235 28
99548 28
99584 0
99771 28
99837 0
269 events for 2
141 36
306 0
1152 36
1622 56
1658 0
2062 47
2478 0
3010 62
3690 0
3851 36
4964 0
5735 56
6198 76
6296 62
6416 47
6728 0
6812 56
7152 0
7456 36
7537 47
7881 0
8349 62
8693 0
8803 36
10034 0
11188 36
11897 62
13763 0
14013 36
14265 56
14347 76
14404 0
14492 36
14598 76
16665 0
16749 36
17404 0
17606 47
17757 0
18125 56
18347 36
18573 36
18663 0
19022 76
19477 0
19835 36
20721 56
21082 0
21268 36
21808 76
22044 0
22347 62
23384 0
23451 47
23858 0
24254 36
24883 62
25073 0
25297 36
25969 0
26087 36
26599 76
26654 0
26866 76
26982 0
27863 76
27986 76
28252 0
28519 36
29085 36
29112 36
29993 0
30766 47
31065 76
31835 0
31849 47
32026 56
32292 56
33908 0
34696 62
34890 0
34934 36
35003 36
35023 47
35375 0
35796 76
35886 0
35887 47
36236 0
36328 76
36422 47
36673 0
36815 62
36889 56
37205 36
37474 56
37679 36
37851 0
38095 62
38352 76
38715 0
38992 76
39003 0
39044 47
39735 0
39885 62
40066 0
40712 47
40923 36
41539 62
41639 0
42018 36
42120 0
42967 76
43971 0
44570 36
45086 0
45125 36
45453 62
46206 0
46336 56
46345 0
46633 47
46661 0
47213 36
47291 0
47341 62
47647 0
48667 76
49557 36
49973 0
50139 62
50668 0
50960 36
50990 0
51126 36
51312 76
52428 0
52449 47
52858 36
53176 0
53729 76
53776 62
54070 62
54186 0
56163 76
56205 56
56363 0
56584 36
57086 0
57146 36
57898 47
60014 56
60596 0
61107 56
61319 0
61536 36
62045 0
62592 76
62736 0
63925 76
64117 0
64290 36
64376 0
64570 36
64658 0
64798 36
64876 0
65393 36
65497 0
65580 62
65990 0
66095 36
66782 36
66937 56
67172 47
67325 0
67362 56
67421 36
67459 0
67725 36
68243 0
68357 62
68694 47
68820 0
69025 76
69293 0
69363 47
69825 56
69888 0
70100 47
70160 36
70286 0
71327 56
71353 56
71823 36
72297 0
72936 76
72950 0
72959 36
73149 0
74521 62
74923 0
75119 36
75591 0
75875 62
76195 0
76430 36
76660 0
77100 47
77270 0
77593 36
77795 56
77844 0
78126 56
78205 0
78493 76
79403 0
80072 47
80364 0
80631 47
80850 0
80884 36
81457 36
81733 47
82026 56
82488 0
82537 62
82801 47
82884 0
83219 36
83443 36
84148 0
84347 36
84447 0
85372 36
85852 0
86472 76
87108 62
87122 0
87436 47
87518 0
87637 36
88270 47
88527 36
88931 0
89168 36
89690 56
89730 0
90503 62
91326 62
91419 0
91664 76
93064 0
93817 56
93863 56
93999 0
94680 62
95369 0
96311 36
96381 0
96852 36
97708 0
98044 76
98299 0
98599 36
99569 0
99751 36
99993 0
591 events for 3
18 86
862 0
971 76
1069 0
1132 75
1298 0
1321 80
1425 0
1523 80
1756 0
1777 75
1944 78
2008 72
2034 0
2925 76
3052 0
3163 75
3594 0
3679 85
4253 0
4438 76
4664 80
4941 0
5628 76
5845 76
6313 0
6554 76
6835 0
6837 76
6930 72
6989 0
7221 76
7417 78
7640 0
7700 75
8011 0
8757 85
8886 0
8916 78
8917 0
9017 75
9072 80
9085 76
9091 0
9174 74
9200 0
9304 72
9378 0
9570 72
9777 0
9901 76
10093 0
10281 72
10419 85
10422 0
10615 76
10726 0
10784 75
10802 0
10961 86
11011 0
11067 72
11086 0
11133 72
11233 0
11305 78
11591 0
12025 76
12028 0
12036 80
12215 0
12310 72
12351 0
12360 85
12768 72
12856 0
12950 76
13728 0
13978 76
14065 0
14217 85
14259 0
14475 75
14903 75
14946 75
15061 0
15142 80
15146 0
15471 80
15740 76
15941 0
16227 80
16843 78
17115 0
17284 76
17348 0
17415 78
17508 0
17576 76
17643 0
17916 75
18005 0
18795 76
19067 76
19089 86
19174 80
19491 0
19510 85
19636 0
19715 72
19993 0
20051 74
20068 0
20106 76
20244 0
20275 75
20521 0
20571 72
20785 0
20839 76
21130 78
21137 76
21308 76
21364 0
21395 76
21771 0
21865 72
22207 72
22440 0
23312 76
23738 0
23787 72
24154 76
24461 85
24519 0
24732 74
25557 0
26145 72
26341 0
26437 78
26542 0
26617 85
26921 0
27025 78
27147 0
27203 75
27493 0
27763 74
27963 72
28080 0
28252 76
28255 0
28592 76
29079 0
29177 78
29295 0
29385 72
29757 0
29827 75
29832 76
29935 74
30670 0
31134 78
31459 86
31467 0
31628 72
31841 0
32392 76
32395 0
32447 74
32687 0
32908 80
33050 0
33093 78
33175 0
33474 74
33615 0
33624 80
33682 72
34273 0
34618 76
34689 0
34852 86
34859 78
34896 0
35027 72
35073 80
35253 0
35703 76
35707 86
35896 0
35913 80
35976 78
36169 0
36608 76
36928 0
37157 80
37734 0
38127 76
38174 0
38320 76
38593 0
38640 72
38668 85
38852 0
38854 76
39341 86
39457 76
39471 0
39923 76
40045 0
40215 76
40577 0
40609 72
40700 0
40806 74
40885 75
41255 0
41344 74
41361 0
41378 78
41501 0
41532 74
41540 72
41762 76
41965 72
42008 75
42359 76
42444 76
42553 0
42581 86
42844 75
43207 0
43523 72
43704 76
43813 0
43935 74
44212 0
44439 76
44579 0
44630 78
44679 0
44718 85
44762 74
44908 0
45079 80
45322 0
45460 76
45745 0
45826 85
45844 0
46032 86
46045 0
46069 72
46242 0
46491 80
46530 0
46647 80
46676 74
46755 0
46864 78
47188 0
47729 72
47835 0
48117 72
48307 0
48362 72
48594 0
48801 78
48824 78
48870 0
49019 76
49035 76
49400 86
49455 0
49531 74
49620 76
49677 0
49748 74
49982 0
49998 80
50295 72
50356 0
50372 76
50521 0
50530 76
50728 0
50756 76
50771 0
51172 76
51292 76
51436 0
51443 76
51580 0
51593 85
51943 0
52213 86
52300 0
52395 76
52494 0
52786 86
53107 0
53206 76
53258 76
53343 0
53348 86
53442 0
53565 76
53581 0
54071 76
54117 0
54254 76
54257 0
54283 76
54481 0
54528 78
54822 0
55381 76
55428 0
55875 78
55919 0
56119 76
56329 76
56435 76
56458 0
56782 76
56941 72
57046 0
57119 80
57160 86
57355 0
57391 75
57551 0
58020 75
58207 0
58496 76
58626 0
58740 78
58764 0
58914 80
58924 0
59238 76
59240 80
59378 0
59404 76
59420 86
59576 0
59956 78
59969 0
60037 72
60269 76
60477 75
60642 78
60707 75
60723 0
60816 75
60916 0
60926 85
60978 0
61108 80
61155 0
61361 76
61429 0
61566 72
61614 0
62016 75
62021 0
62306 85
62339 0
62648 85
63138 0
63310 80
63677 0
63838 86
63961 78
64354 0
64653 76
64834 0
64998 78
65480 0
65569 85
65702 0
65867 80
66115 76
66391 75
66509 0
66590 74
66671 0
67131 75
67268 0
67374 78
67536 0
67598 80
68017 0
68082 72
68091 80
68283 0
68657 72
68762 76
68821 0
68999 76
69574 0
69700 78
69808 0
69919 86
70149 80
70238 0
70705 76
70787 0
70958 76
70987 86
71139 0
71270 76
71550 0
71623 76
71699 86
71904 0
72002 75
72216 0
72282 76
72383 0
72468 76
72547 76
72926 0
73052 78
73097 80
73277 0
73904 86
74060 80
74190 76
74303 0
74546 76
74584 0
74883 75
75123 0
75162 74
75204 0
75242 74
75624 0
75838 72
76117 0
76147 75
76639 0
77046 78
77118 0
77201 76
77931 0
77998 80
78023 76
78181 0
78418 76
78489 0
78663 78
78801 80
78863 0
78871 76
78996 0
79034 76
79370 76
79640 0
79896 72
79917 0
79963 76
80058 0
80192 74
80267 74
80409 72
80479 0
80739 78
81074 0
81183 80
81360 0
81525 80
81538 76
81889 75
81913 72
82062 0
82299 72
82524 0
82594 85
82625 0
82995 74
83052 86
83057 0
83098 78
83195 76
83292 0
83356 85
83459 0
83557 74
83668 0
83751 75
83844 0
84164 76
84650 0
84832 76
84849 0
84874 86
85071 76
85311 78
85540 0
85738 76
85766 0
85809 85
85953 0
85974 72
86001 0
86142 76
86289 0
86402 76
86838 0
87015 86
87066 0
87216 85
87497 86
87627 0
87731 85
87974 0
88303 78
88453 78
88745 0
89038 85
89262 0
89651 74
89900 0
89935 78
90038 75
90063 0
90336 76
90399 0
90852 72
90871 85
90954 80
90978 0
90984 72
91024 0
91160 80
91334 0
92163 76
93002 0
93049 74
93055 0
93168 76
93184 0
93191 72
93306 0
93406 76
93476 74
93556 0
93664 85
93693 0
94008 85
94653 0
94693 86
94754 0
95063 80
95273 0
95349 72
95398 75
95717 0
95780 85
95795 0
95881 72
95967 0
96217 76
96658 80
96760 76
96770 0
96845 74
96923 72
96982 85
97130 0
97257 86
97583 0
97672 76
97811 76
97869 0
98008 76
98256 0
98260 85
98457 0
98911 86
99008 72
99156 0
99248 80
99327 0
99394 78
99655 0
99657 86
99681 86
99825 0
417 events for 4
724 69
870 0
994 92
1024 0
1127 92
1138 0
1458 54
1670 0
2065 69
2276 0
2379 69
2469 0
2765 92
2977 54
3225 0
3580 54
3612 0
3861 92
3878 0
4636 92
4818 0
5067 69
5339 0
5669 54
5722 67
5797 0
5843 67
6606 0
6612 92
6644 0
6760 69
7005 0
7134 67
7158 0
7491 54
7850 54
7890 0
8431 69
8575 67
9102 0
10069 92
10247 0
10412 69
10639 67
10708 0
10773 67
11309 0
11336 69
11407 0
11727 69
11944 54
12131 0
12151 54
13318 0
13403 69
13474 67
13557 0
14824 67
15002 0
15529 69
16111 0
16125 92
16677 54
16699 0
17295 92
17861 0
17878 69
18147 0
18387 54
18544 0
18851 54
18916 0
19046 92
19051 0
19341 54
19653 0
19985 54
20598 0
20715 69
20752 0
21784 69
22170 92
22321 0
22436 92
22753 0
23507 69
23691 0
23768 67
23886 0
23992 69
24241 0
24267 92
24275 0
24372 92
24855 0
24969 54
25020 0
25045 69
25070 92
25306 0
25469 54
25598 0
26489 54
26584 0
26679 67
26996 0
27077 54
27173 0
27229 54
27268 0
27394 67
27589 0
27740 54
28064 0
28132 69
28288 67
29080 0
29628 67
29639 92
29813 92
29835 69
30123 0
30158 54
30183 67
30212 0
30752 92
30956 0
31229 54
31385 54
31507 0
31931 54
32243 0
33027 54
33257 69
34109 0
34410 69
34516 67
34682 0
34999 54
35024 0
35167 67
35806 0
35871 92
35877 54
36363 0
36467 54
36571 0
36872 67
36939 92
37012 54
37089 69
37165 92
37337 0
37537 67
37761 0
37939 54
38371 0
38391 92
38621 0
38991 67
39114 0
40234 92
40619 0
40953 67
41258 0
41311 92
41622 69
41763 0
41980 92
42009 0
42451 67
43536 0
43601 54
43838 0
43887 69
43916 0
43939 92
44118 0
44119 69
44659 0
44801 92
44881 0
45186 54
45263 0
45386 92
45625 0
45833 69
46000 54
46184 0
46286 54
46471 0
46477 92
46529 0
46822 92
46917 0
47009 67
47243 92
47267 0
47536 54
47759 0
48216 54
48308 0
48648 54
48748 69
49384 0
49484 54
49502 0
50151 92
50177 0
50258 67
50448 0
50633 54
51090 0
51108 54
51218 0
51326 92
51763 0
51768 54
51840 0
52189 92
52741 0
52788 67
53241 0
53396 54
53510 0
53886 92
54071 0
54085 54
54284 67
55027 0
55074 54
55105 54
55386 0
55389 69
55406 0
55686 92
56585 0
56749 92
56763 0
57150 69
57339 0
57461 69
57594 0
57781 54
58046 0
58398 54
58535 0
59090 67
59232 0
59328 67
59426 54
59666 0
60117 54
60161 0
60227 69
60503 0
60672 92
61054 0
61122 54
61858 0
61944 92
62214 92
62524 0
62591 67
62724 0
62841 69
63262 92
63369 0
63881 54
64216 0
64503 69
65177 0
65488 92
65567 0
65701 92
66048 0
66642 67
66652 0
66783 67
67022 0
67620 67
67715 0
67767 92
68317 0
68326 54
68530 0
68723 54
68898 0
69803 67
70020 0
70114 67
70335 0
70602 69
70743 0
70799 92
70884 0
71215 54
71363 0
71808 69
71967 0
72021 67
72122 92
72226 0
72231 69
72326 0
72413 92
72753 0
72906 67
73313 0
73643 54
73904 54
74939 0
75074 54
75647 0
75717 69
75993 0
76253 54
76289 0
76316 92
76349 0
76457 54
76520 0
76583 67
76585 0
77254 92
77467 69
78260 0
78821 54
79525 0
79566 92
79887 0
80338 69
80354 0
80419 54
80493 0
80627 67
80704 0
80956 54
81160 67
81239 67
81286 0
82714 54
82772 0
82818 92
83017 0
83032 54
83175 0
83199 54
83855 0
84164 69
84219 0
84233 67
84613 0
85006 54
85093 0
85107 67
85733 67
85985 54
86292 0
86499 92
86586 69
86621 54
86899 0
86938 92
87283 0
87371 67
87482 0
87689 54
88028 0
89219 69
89220 0
89244 54
89335 69
90129 0
90169 92
90263 0
90296 67
90310 0
91558 69
92040 0
92736 92
92973 69
93160 0
93304 67
93492 67
93535 67
93789 0
93856 67
94056 0
94182 92
94249 54
94316 54
94431 0
94681 54
95064 0
95199 92
95286 69
95387 0
95428 67
95511 0
95529 69
95543 92
95898 0
96606 69
96966 0
97421 54
97507 0
97550 69
98089 67
98185 69
98204 0
98224 92
98786 92
98975 0
99114 92
99358 0
99570 54
403 events for 5
151 65
1124 0
1145 63
1258 0
1375 63
1404 0
1420 65
1533 0
1847 63
2163 65
2489 0
2678 65
2744 63
2847 0
2960 65
3228 0
3510 63
3738 0
4272 65
4432 65
4459 65
4506 65
4643 65
4829 0
4903 63
5033 0
5267 63
5348 65
5582 0
5630 63
5683 63
5960 0
6056 65
6432 0
6449 65
6793 0
7376 63
7502 65
7823 0
7949 65
8135 0
8174 63
8603 65
8631 0
8801 63
8960 65
9316 0
9460 65
9576 65
9602 0
9952 63
10015 0
10451 65
11089 0
12081 65
13490 0
13554 63
13651 0
13794 65
14333 0
14651 65
14725 0
15013 63
15343 0
15589 65
15816 0
16462 63
17665 63
17834 0
17877 65
18237 0
18485 63
18558 0
18670 65
18774 0
19166 63
19170 0
19294 63
19867 0
19908 63
20596 0
20954 65
21026 0
21409 65
21436 0
21566 65
22070 0
22108 65
22122 63
22420 63
22791 0
23347 63
23576 0
24195 63
24665 0
25159 65
25481 65
25606 0
25616 65
25710 0
26618 65
26707 0
26909 65
27113 0
27603 65
27632 0
27830 63
27847 65
28073 0
28152 65
28173 0
28223 63
28398 0
28634 63
28637 0
28752 63
29054 65
29065 0
29181 65
30022 65
30255 63
30478 63
30702 63
30906 0
30945 65
31239 0
31343 63
31675 63
31858 0
32062 65
32210 0
32624 63
32646 0
33181 65
33440 0
33536 63
33785 65
33822 65
33981 0
34965 63
34978 0
35163 65
35222 0
35457 63
35530 63
35583 0
35713 63
35803 63
35930 65
36267 0
36339 65
36525 0
36598 63
37299 0
37496 63
37718 0
38483 65
38512 0
38674 63
38861 63
38951 63
39312 0
39450 63
39546 63
39598 0
39631 63
40164 0
40257 65
40380 63
40484 0
40522 63
40615 63
40763 0
40795 65
40797 0
41027 63
41416 65
41631 0
41968 63
42074 0
42152 65
42255 0
42552 63
44102 0
44123 65
44679 0
44838 63
45014 0
45244 65
45627 0
45890 63
45921 0
46014 65
46347 0
46472 65
46801 0
46926 63
47016 63
47109 0
47307 65
47608 0
47708 63
47849 0
48116 63
48314 0
48731 63
48745 0
49106 63
49275 0
49321 65
49464 65
49804 0
49926 63
50136 0
50280 63
50344 0
50658 63
51057 0
51246 63
51368 63
51407 0
51542 65
51621 0
51796 65
51861 63
52095 0
52113 65
52385 0
52500 63
52604 0
52897 65
53080 0
53187 65
53253 65
53406 0
53986 65
54446 0
54547 65
55264 0
55349 65
56182 0
56238 65
56245 0
56436 63
56599 63
56641 0
56923 65
57039 65
57180 0
57352 63
57643 0
57788 63
58099 0
59076 63
59195 0
59665 65
59685 0
60159 63
60487 0
60695 63
60726 0
60729 65
61067 63
61414 0
61472 63
61648 0
61669 63
61851 63
62072 0
62090 65
62284 0
62288 65
62575 0
62933 65
63281 0
63455 65
63468 63
63546 65
63569 0
63846 65
63893 0
64187 65
64923 0
65276 65
65341 0
65782 65
65831 65
66370 0
67210 63
67293 63
68226 65
69128 0
69499 65
69776 0
70027 63
70272 63
70384 65
70940 0
71483 65
71861 63
72033 0
72059 65
72151 65
72332 0
72908 63
73767 0
73858 63
74505 0
75021 63
75202 0
75783 63
76282 63
77353 0
77383 65
78198 0
78284 63
78558 0
78762 65
79251 0
79284 65
79294 0
79392 65
79681 0
80667 65
81098 0
81669 63
81998 0
82027 63
82796 0
83198 63
83416 0
83738 65
83849 63
84232 0
84325 65
84512 0
84538 65
84672 0
85300 65
85418 0
85424 63
85458 0
85728 63
85884 0
86248 63
86318 0
86329 63
86409 0
86429 63
86625 0
86734 65
86752 63
86756 0
86775 65
87152 65
87308 65
87444 63
87588 63
88496 0
88795 63
89399 63
89465 0
89659 63
89699 63
89795 65
90412 0
90590 63
90653 0
90706 63
91209 0
91244 63
91404 63
91470 0
91905 63
91923 0
92099 63
93032 63
93357 0
93731 65
93892 65
94034 63
94169 65
94214 0
94460 63
94931 65
95119 0
95283 65
95589 0
95826 63
96282 0
96404 65
96487 0
96581 63
96773 0
96803 65
97445 0
97491 63
98040 0
98103 65
98141 0
98420 65
98473 63
99051 63
160 events for 6
75 52
246 0
752 52
949 0
1485 52
1526 52
2693 0
3498 52
3594 0
3639 52
3950 0
4285 52
4444 0
6473 52
7438 52
8128 0
8911 52
9181 0
10440 52
11608 0
12927 52
13354 52
13543 52
14141 52
14874 0
14950 52
15299 0
15408 52
15978 0
16776 52
16781 0
16834 52
17162 0
17754 52
18722 0
19982 52
20093 0
20569 52
20592 0
21526 52
22244 52
22488 0
23964 52
26365 0
26385 52
26540 0
27524 52
28522 0
29003 52
29094 52
30318 0
31308 52
31697 52
32475 52
32568 0
32620 52
32905 0
33147 52
33514 0
33675 52
33815 0
33908 52
34364 0
35652 52
36529 52
36701 0
36768 52
37110 52
37595 0
37770 52
38152 0
39044 52
39708 0
39879 52
40060 0
41893 52
43703 52
44065 0
45225 52
46564 52
46979 52
47094 0
47437 52
47760 52
48636 0
48664 52
50285 0
50356 52
50437 0
51320 52
51899 52
51956 52
52621 0
53844 52
54068 0
55861 52
56212 0
56809 52
57806 52
57893 0
58456 52
58691 0
58871 52
59120 0
59681 52
61745 52
63605 0
63770 52
64759 52
65256 0
65607 52
65639 0
65963 52
66604 0
68332 52
69527 52
69668 52
70333 0
70828 52
70984 0
71078 52
71680 52
72385 52
72399 0
73772 52
74128 0
74525 52
75818 0
76710 52
76911 52
77627 0
77894 52
78428 0
79081 52
80713 0
80832 52
82116 0
82127 52
82129 52
83267 0
83906 52
84011 0
84772 52
84950 52
85471 0
88872 52
89701 0
89853 52
90120 0
91196 52
91777 52
94683 52
95165 0
95258 52
96766 0
97229 52
98931 0
99346 52
99708 0
99971 52
847 events for 7
104 79
170 0
408 79
527 0
634 79
698 0
805 75
832 79
1124 0
1548 75
1723 75
1794 75
1877 0
1897 79
1957 0
2018 75
2360 75
2467 75
2475 0
2538 75
2841 0
3020 75
3033 0
3059 75
3184 0
3203 75
3210 0
3460 79
3494 0
3693 79
3754 79
3790 0
3914 79
3971 0
4028 75
4285 79
4594 75
4794 0
4955 75
4981 0
5060 79
5342 0
5458 75
5463 79
5499 0
5535 75
5565 0
5643 75
5690 0
5855 75
5980 75
5987 79
6029 0
6068 79
6321 79
6374 0
6525 79
6641 0
7033 79
7259 75
7365 0
7442 79
7467 0
7559 79
7578 0
7580 79
7593 79
7692 0
7877 75
7990 0
8025 79
8075 0
8118 75
8166 0
8246 75
8258 0
8284 75
8383 79
8385 0
8394 75
8572 0
8760 79
8881 75
9101 79
9183 0
9273 79
9282 0
9340 75
9453 79
9912 0
9976 75
10073 0
10120 79
10321 0
10332 75
10471 0
10515 75
10631 79
10700 0
10732 75
10929 79
10967 0
10983 79
11333 0
11347 75
11372 79
11417 0
11462 79
11499 0
11861 75
12213 75
12232 0
12321 79
12322 79
12385 75
12430 75
12488 79
12634 75
12637 0
12675 79
12679 0
12796 79
12833 0
12922 79
12982 0
13060 79
13558 0
13761 75
13862 0
13883 79
14163 0
14377 75
14552 79
14589 75
14767 0
14906 75
14936 75
14941 0
15079 75
15182 0
15358 79
15444 79
15609 0
15618 79
15627 0
15664 75
15692 0
15857 75
15978 0
16112 75
16379 79
16420 0
16436 75
16450 75
16622 0
16771 79
16826 79
17073 0
17120 75
17234 79
17244 0
17396 79
17632 0
17744 75
17917 75
18035 0
18279 79
18424 0
18558 79
18582 79
18617 79
18726 0
18775 75
19036 75
19176 75
19220 0
19248 79
19475 0
19683 75
19708 0
19760 75
19853 0
19932 75
19953 0
19983 79
20012 0
20069 79
20180 75
20399 0
20426 75
20516 0
20537 79
20550 0
20635 79
20688 0
20749 75
20826 75
20993 0
21220 79
21299 0
21301 75
21318 0
21556 79
21829 0
21916 75
22033 0
22267 75
22318 0
22327 75
22377 0
22400 79
22743 0
22888 75
23301 75
23366 0
23576 75
23676 0
23902 79
24037 75
24254 75
24258 0
24266 75
24515 0
24597 79
24718 0
24729 79
24893 0
24921 79
25096 0
25105 75
25151 0
25261 79
25465 0
25861 79
25941 75
26232 75
26248 0
26607 75
26777 75
26800 0
27149 79
27195 0
27255 79
27521 0
27529 75
27546 75
27617 0
27627 75
27767 79
27787 75
27896 0
27897 79
28127 0
28172 75
28326 0
28363 75
28387 0
28564 79
28685 0
28744 79
29013 0
29111 75
29122 0
29326 75
29533 75
29833 0
29963 79
30076 79
30143 0
30342 79
30757 75
30767 0
30777 75
30874 0
30917 79
31105 0
31127 79
31145 0
31295 79
31599 0
31634 79
31704 0
31713 79
31749 0
31751 79
31765 0
31907 79
31976 0
32030 79
32173 0
32322 75
32426 79
32442 0
32505 79
32576 79
32578 0
32611 79
32726 79
32798 0
33144 79
33225 0
33250 75
33359 0
33437 79
33561 79
33762 79
33947 0
33989 75
34026 0
34075 75
34195 79
34238 0
34243 75
34294 75
34349 0
34541 75
34692 0
34794 79
34807 79
34836 0
34937 79
34978 79
35212 0
35222 75
35293 0
35500 75
35511 75
35809 0
36074 75
36149 79
36193 79
36344 75
36422 0
36500 75
36604 79
37210 0
37248 79
37817 0
37876 75
37902 0
38129 79
38199 0
38608 79
38704 0
39014 75
39429 75
39458 79
39484 0
39520 79
39555 79
39975 0
40019 79
40071 0
40325 79
40403 0
40457 75
40558 0
40686 79
40710 75
40733 0
40802 75
40940 0
40964 75
40980 79
41026 79
41054 75
41354 0
41453 75
41503 0
41636 79
41730 0
41863 79
42236 0
42435 79
42627 75
42670 0
42708 79
42973 79
43028 0
43145 75
43244 79
43540 0
43618 75
43641 0
43672 79
43713 75
43961 79
44037 0
44068 75
44145 0
44272 79
44359 0
44432 79
44845 0
44952 75
45626 0
45863 79
46026 75
46049 0
46174 79
46231 0
46370 75
46379 0
46405 79
46547 0
46566 79
46583 0
46941 75
47048 0
47103 75
47140 0
47456 75
47539 0
47633 79
47812 0
47851 79
47997 75
48131 0
48229 75
48231 0
48378 79
48402 0
48505 75
48582 0
48671 79
48842 0
48993 79
49311 0
49379 79
49440 75
49564 75
49647 79
49743 0
49921 75
50531 0
50541 79
50544 0
50590 75
50675 0
50752 79
50784 75
51263 75
51576 0
51624 75
51781 0
51899 75
51974 0
52208 75
52211 0
52377 75
52474 0
52496 79
52791 0
52813 79
52999 75
53057 0
53300 75
53347 0
53373 79
53375 0
53537 79
53609 75
53630 0
53870 79
53968 0
54287 75
54302 0
54364 75
54448 0
54613 75
54635 75
54753 0
55083 75
55187 0
55465 79
55502 79
55552 75
55685 75
55784 0
55885 75
56061 0
56233 79
56522 0
56569 79
56572 75
56703 79
56725 0
56755 75
57077 0
57493 79
57588 0
57679 75
57706 0
57814 75
57891 0
58320 79
58507 79
58801 0
58856 79
58871 0
59070 79
59138 79
59175 0
59289 79
59325 0
59577 79
59870 0
59964 79
60031 79
60388 0
60431 75
60532 75
60556 75
60785 0
60898 79
61043 0
61125 79
61134 75
61217 0
61333 75
61457 0
61605 79
61708 75
61961 0
62031 79
62045 75
62185 0
62321 75
62376 0
62649 75
62693 0
62799 79
62824 79
62862 0
63039 75
63083 0
63098 75
63440 0
63568 75
63664 0
63864 79
63869 0
64043 75
64354 0
64741 79
64907 75
64951 0
64988 79
65068 79
65077 0
65110 79
65198 0
65923 79
66041 0
66145 75
66372 75
66413 0
66414 79
66672 0
66693 75
67383 0
67400 75
67559 0
67589 79
67690 0
67710 75
67884 0
67935 75
67951 0
68132 75
68331 0
68455 75
68482 0
68497 79
68587 79
68742 0
68746 75
68916 0
68935 75
68963 0
69095 79
69266 0
69299 75
69313 0
69430 79
69549 0
69650 79
69746 0
69763 79
69776 0
69821 75
69933 79
69958 75
70021 0
70135 75
70206 75
70355 0
70421 75
70459 0
70461 79
70666 0
70827 75
71036 0
71202 79
71224 79
71385 0
71436 79
71668 0
71750 79
71950 75
72152 0
72272 75
72341 79
72406 79
72443 0
72479 75
72574 0
72691 75
72811 0
72822 79
73009 0
73222 75
73456 0
73643 75
73813 0
73925 75
74073 0
74098 79
74292 79
74299 75
74398 79
74422 0
74782 79
75062 0
75248 75
75475 79
75546 75
75555 0
75612 79
75626 75
75919 0
76194 75
76246 0
76498 75
76842 0
76866 79
76954 0
77020 79
77051 75
77076 79
77089 0
77091 79
77136 0
77147 75
77158 0
77166 79
77290 0
77363 75
77365 0
77395 75
77585 0
77669 79
77881 79
77922 0
78194 79
78219 75
78419 75
78443 0
78613 79
78656 0
78759 75
79005 0
79166 75
79263 0
79292 79
79357 79
79380 75
79649 79
79712 0
79850 79
79991 0
79995 79
80108 0
80317 75
80336 75
80397 0
80434 79
80444 79
80467 0
80556 75
80607 0
80708 79
80790 0
80895 79
80981 0
81078 75
81086 0
81355 75
81366 0
81428 75
81513 75
81711 75
81960 0
82100 79
82288 75
82677 75
82723 0
82726 79
83186 0
83381 75
83382 79
83401 79
83507 0
83624 79
83746 75
83834 0
83851 75
83983 0
84078 75
84083 75
84189 0
84481 79
84485 79
84532 0
84554 79
84562 0
84657 75
85072 0
85181 75
85221 0
85268 79
85399 0
85709 79
85786 0
85819 79
86011 0
86127 79
86151 0
86155 79
86199 79
86319 0
86392 79
86409 0
86439 75
86463 79
86539 0
86631 75
86661 0
86824 75
86865 0
86879 79
87174 0
87309 75
87912 75
87939 0
87997 75
88395 0
88596 75
88664 0
88803 79
89254 0
89279 79
89301 0
89396 75
89426 75
89653 0
89665 79
89849 0
89888 75
90147 0
90156 79
90228 0
90294 79
90358 75
90481 0
90741 75
90966 0
91169 75
91237 0
91268 75
91311 0
91434 75
91472 0
91480 79
91541 0
91639 79
91775 0
92051 79
92101 79
92408 0
92805 79
92883 0
93084 79
93449 0
93685 79
93925 0
94203 75
94322 0
94392 79
94549 0
94673 79
94991 0
94998 75
95030 79
95180 0
95239 79
95247 0
95363 75
95771 0
95873 75
95907 0
96083 79
96220 0
96416 79
96639 0
96800 79
96804 0
97063 75
97104 0
97138 75
97206 0
97212 79
97242 0
97520 79
97743 75
97769 0
97849 75
97986 0
97987 75
98085 0
98129 79
98173 79
98208 0
98650 75
98664 75
98690 79
98759 0
98924 79
98992 0
99145 75
99219 0
99415 75
99488 75
99515 0
99751 79
99824 0
99921 75
163 events for 8
288 37
592 0
858 37
1643 0
2017 37
2899 37
3032 0
3372 37
3701 0
3847 37
4536 37
5469 0
6945 37
7184 0
7212 37
7679 0
7936 37
8267 0
8662 37
9357 0
9741 37
10094 0
10344 37
11043 0
11981 37
12592 0
13016 37
13039 0
13092 37
14794 37
14817 37
14889 0
15049 37
15267 37
15337 37
16804 37
17643 0
17995 37
18544 0
20200 37
20285 0
20678 37
20695 0
21615 37
21859 37
22738 0
25226 37
25359 0
25785 37
26782 37
27202 0
27358 37
27566 37
28166 37
29396 0
29852 37
29903 37
30143 0
30834 37
31632 0
33081 37
34914 0
35779 37
36022 0
36685 37
37053 37
37232 0
37971 37
40673 0
41021 37
41818 0
42766 37
44793 0
46672 37
46714 0
47069 37
48332 0
51436 37
51954 0
52154 37
52214 37
52327 0
52657 37
53336 0
53412 37
53484 0
54266 37
55559 0
55716 37
56543 37
56561 0
56715 37
57408 37
57458 0
59047 37
59451 0
61074 37
61309 0
62190 37
63385 0
63454 37
63666 37
64293 37
64506 0
65620 37
65903 0
67888 37
68265 0
68359 37
68563 37
68910 0
69521 37
69914 37
70693 0
71435 37
71662 37
72039 37
72635 37
73096 0
73243 37
73313 37
73434 0
74212 37
75067 0
75309 37
76301 0
77421 37
77433 0
79301 37
79322 0
80631 37
80683 0
83261 37
84522 0
84996 37
85059 37
85092 0
86234 37
86577 0
87293 37
87617 37
87780 37
87979 0
87985 37
89533 0
89676 37
91171 0
91333 37
92608 0
92758 37
93449 0
93937 37
94321 37
94511 0
95964 37
96222 37
96595 0
96775 37
96933 0
99404 37
99485 37
99673 0
99860 37
238 events for 9
417 74
827 0
896 94
2162 0
2412 67
2763 75
2995 0
3096 84
3369 0
3426 74
3672 0
3749 67
3804 0
4362 75
4771 0
5839 84
5879 0
6627 74
6628 75
6693 0
6769 74
6951 0
7076 75
7792 74
8123 0
9035 67
10759 0
10860 74
11404 0
11899 67
12103 67
12133 0
12148 75
12272 0
12320 84
12954 0
13130 75
14494 0
15115 75
15754 0
15816 67
16510 0
16745 74
17127 0
18019 74
18111 0
19150 74
20789 75
22171 84
22182 74
22506 0
23650 67
23894 84
23978 75
24884 0
24956 74
25682 0
25929 84
26371 0
27902 94
28082 0
28617 84
29280 75
29596 84
29949 0
29970 75
30101 0
30798 74
31474 0
32005 94
32016 0
32130 75
33144 0
33353 84
33584 0
34049 75
34753 0
35171 67
35567 67
35738 67
35751 0
36062 94
36379 0
37360 75
37376 75
38251 0
38285 94
38599 94
38797 0
38880 75
38936 0
38962 84
39134 74
39182 74
39516 0
40243 67
40587 0
40892 67
40986 0
41249 75
41899 84
42332 75
42611 74
42725 0
42911 94
44133 0
44678 94
44740 0
45219 67
45546 0
45896 74
45959 0
46210 74
48118 0
48496 67
48621 74
49464 0
49514 75
50720 0
50819 67
52149 74
52952 75
52989 94
53983 0
54447 75
54982 0
55038 84
55495 84
55579 0
55793 74
56096 0
56150 75
58638 0
58686 94
58743 0
58779 75
59276 74
59864 0
59967 75
60052 0
60630 94
61309 0
61851 75
62019 0
62604 75
62642 0
64354 74
64583 0
65606 94
66186 0
66199 75
66628 0
67080 75
67191 0
67759 74
68107 0
68255 84
68795 0
68884 94
68900 84
68960 0
69064 74
69243 0
69563 74
69603 84
69687 0
69765 75
69859 0
70158 84
70341 0
70408 84
71076 94
71631 0
72120 84
72495 0
73787 74
74320 0
74416 74
74739 0
75165 84
75831 75
75872 94
75974 75
76330 0
76466 94
77551 0
77588 67
78072 67
78424 0
78540 67
79140 94
79490 0
79704 94
79817 75
79866 94
80047 0
80561 84
80942 67
81835 0
82230 75
82365 0
84412 94
84771 0
85182 84
86051 0
86208 74
86635 0
86644 75
86689 0
86994 75
87139 0
87202 75
87274 74
87326 0
88063 84
88805 0
89211 84
89278 0
89674 75
89870 0
91035 75
91211 0
91772 75
91794 0
92313 94
92942 0
93091 67
94291 0
94629 84
94916 84
95204 0
95710 67
96182 0
96576 67
98458 0
99202 75
99642 0
99720 84
929 events for 10
115 41
274 0
348 41
349 0
385 39
389 0
413 41
434 0
514 39
552 41
781 41
784 39
899 41
979 0
1386 43
1596 0
1805 43
1936 0
1978 39
2054 39
2164 0
2386 39
2512 0
2827 39
2896 0
2914 41
2931 41
3332 0
3557 39
3682 39
3781 41
3839 43
3967 0
4088 39
4611 39
4707 0
4840 39
4990 0
5056 41
5345 0
5416 41
5505 39
5545 0
5591 41
5774 0
5816 39
5925 39
5972 0
6011 39
6336 0
6526 39
6700 41
6712 0
6873 43
6926 0
6938 39
7040 0
7049 41
7077 0
7385 39
7427 39
7480 0
7552 39
7558 43
7671 39
7723 0
7755 39
7817 0
7853 39
8002 39
8121 0
8158 39
8189 39
8353 0
8516 39
8574 0
8685 43
8781 39
8939 0
8974 39
9130 43
9713 0
9735 41
9744 0
9791 39
9880 39
10114 0
10284 43
10314 0
10429 43
10444 0
10498 41
10502 0
10529 41
10655 0
10700 41
10839 39
10931 41
10934 0
10986 39
11228 0
11254 39
11302 39
11319 0
11504 39
11581 0
11707 41
11714 0
11790 39
11845 39
11872 43
11928 39
12023 0
12044 41
12371 43
12531 43
12569 0
12586 39
12812 39
12823 0
12845 39
12964 0
13102 43
13152 0
13198 43
13403 0
13410 41
13412 0
13499 39
13695 39
13732 0
13826 39
13888 0
13914 39
14291 0
14375 39
14469 0
14577 43
14583 0
14705 39
14765 0
14828 41
14869 0
14871 41
14901 0
14950 39
15249 41
15278 0
15405 39
15407 43
15589 0
15717 39
15749 0
15787 39
15810 0
15910 43
15918 39
15932 0
15935 43
16008 0
16060 41
16095 0
16276 41
16500 0
16618 39
16775 0
17304 43
17360 0
17787 43
17788 0
17929 39
18076 39
18077 0
18118 43
18208 0
18484 39
18507 41
18629 0
18701 39
19125 39
19187 0
19405 39
19754 41
19822 39
19960 41
19993 0
20088 43
20248 0
20351 39
20630 0
20632 39
20785 39
20855 0
20959 39
21019 39
21107 39
21147 0
21348 41
21470 0
21636 39
21679 43
21683 0
22056 39
22107 0
22248 39
22338 0
22351 43
22419 0
22873 43
22927 0
23150 39
23314 0
23376 39
23500 0
23754 41
23823 0
23882 43
23925 0
24165 43
24263 0
24439 43
24454 0
24461 39
24510 41
24631 39
24775 43
24850 0
25026 43
25266 0
25443 39
25538 0
25591 39
25620 0
25773 39
25786 43
25868 0
25934 39
26320 0
26419 39
26571 0
26700 39
26734 0
26779 43
26816 41
26929 0
27076 39
27107 0
27237 39
27881 0
27955 39
28140 0
28387 39
28453 0
28458 41
28605 41
28654 39
28751 0
28763 39
28783 39
28888 43
29003 39
29123 43
29130 39
29180 0
29392 39
29593 39
29791 0
29852 41
30032 41
30209 0
30238 39
30285 0
30341 39
30485 0
30544 43
30547 0
30595 43
30601 0
30722 43
30768 0
30827 43
30910 0
31359 39
31364 0
31551 39
31560 43
31672 0
31809 39
31902 0
31910 39
32105 0
32155 43
32194 0
32309 41
32384 39
32594 39
33020 0
33365 43
33373 0
33435 39
33444 39
33570 43
33722 0
33832 41
33843 39
34105 0
34395 39
34601 0
34838 41
34893 0
35042 41
35060 0
35070 43
35248 0
35296 39
35463 0
35490 39
35576 0
35599 39
35624 0
35724 39
35800 0
35893 39
35920 0
36146 43
36364 0
36384 39
36526 43
36548 0
36583 39
36842 0
36988 41
37087 0
37344 39
37378 0
37615 43
37638 0
37645 39
37687 0
37784 39
37796 0
37810 41
37814 0
37845 41
37943 39
38017 0
38286 43
38355 0
38559 41
38605 0
38801 43
39068 0
39103 43
39287 39
39329 0
39344 39
39482 0
39711 41
39727 0
39777 39
39820 43
39852 0
40128 39
40157 0
40255 39
40445 0
40470 41
40482 43
40779 43
40954 0
41245 39
41345 0
41516 39
41572 43
41713 0
41775 41
42030 39
42138 0
42287 43
42322 41
42447 0
42661 39
42865 0
43072 39
43127 0
43226 43
43241 39
43282 0
43283 39
43293 41
43578 43
43708 0
43955 39
44170 0
44193 39
44220 43
44257 39
44310 39
44450 0
44524 43
44688 39
44910 0
44926 43
45083 0
45517 41
45522 0
45731 39
45856 0
46007 39
46055 0
46111 41
46117 39
46120 0
46241 39
46261 0
46277 43
46378 0
46387 39
46558 43
46660 0
47122 39
47125 39
47180 0
47216 39
47363 0
47501 39
47549 0
47659 43
47721 0
47742 39
47840 39
47965 0
48217 39
48244 0
48394 41
48543 39
48544 39
48615 0
48693 39
48770 0
48849 41
48863 0
48919 39
48921 0
48945 39
48976 0
48983 41
49072 0
49168 43
49254 0
49266 39
49376 0
49551 43
49827 0
49852 43
50333 0
50343 41
50406 0
50582 41
50674 0
50754 43
50982 0
51083 39
51109 0
51154 43
51183 0
51193 39
51299 0
51370 41
51397 0
51707 41
51763 0
51796 41
51912 0
52121 39
52308 39
52319 0
52368 43
52411 0
52598 39
52687 41
52719 0
52982 41
53157 0
53299 43
53465 43
53605 0
53672 39
53675 41
53748 0
54163 41
54541 41
54610 0
54696 39
55315 39
55605 0
55808 39
55827 0
55930 43
55968 0
55972 39
56093 0
56454 39
56544 39
56734 43
56875 39
57008 0
57030 43
57143 43
57188 0
57625 41
57778 0
57810 43
58060 39
58192 0
58360 41
58383 0
58412 39
58462 0
58761 43
58766 0
59013 43
59035 0
59312 41
59324 43
59326 0
59412 39
59432 0
59486 43
59490 0
59574 39
59653 39
59770 0
59925 39
60027 0
60057 39
60228 0
60268 39
60473 0
60602 39
60796 0
60798 39
60981 0
61023 41
61207 43
61225 0
61342 39
61735 0
61766 41
61865 0
61929 39
61957 0
61970 43
62201 0
62245 39
62261 0
62367 41
62681 41
62698 39
62823 39
62880 0
62995 41
63192 39
63269 0
63279 39
63321 0
63344 41
63412 0
63510 39
63528 39
63625 0
63778 39
63861 0
63968 39
63992 0
63998 39
64129 0
64172 39
64387 0
64601 41
64670 0
64732 39
64967 0
65033 39
65159 41
65226 0
65249 43
65252 43
65593 0
65664 43
65819 0
65840 43
66195 0
66564 43
66595 0
66601 41
66615 0
66729 41
66760 41
66788 0
66820 43
66878 0
66894 39
66971 43
66995 0
67057 39
67079 0
67089 43
67096 0
67346 43
67389 0
67579 39
67585 0
67692 41
67717 41
67800 39
67927 0
67932 39
67939 0
68159 39
68308 0
68846 39
68964 0
68969 41
69085 0
69158 41
69163 43
69174 0
69291 39
69386 0
69438 43
69440 0
69519 43
69628 0
69756 41
69838 41
69931 0
69989 41
70090 0
70284 39
70369 0
70546 39
70653 43
70754 0
70757 39
70793 0
70798 39
70943 0
71003 41
71104 0
71320 39
71466 0
71540 39
71565 39
71674 0
72080 39
72098 0
72212 39
72340 0
72343 39
72547 0
72686 43
72869 0
72904 39
73270 0
73322 43
73804 39
73828 0
73862 43
73878 0
73986 43
74037 0
74081 41
74116 0
74254 41
74457 0
74625 43
74811 0
74822 41
75027 0
75094 39
75148 0
75302 43
75350 0
75375 41
75619 0
76033 43
76155 0
76290 43
76427 0
76530 39
76578 0
76616 39
76790 0
76844 39
77011 0
77062 41
77082 0
77117 41
77239 41
77276 0
77446 39
77449 43
77664 0
77817 39
77856 0
78050 41
78128 43
78219 0
78362 41
78420 0
78466 41
78568 0
78587 43
78594 41
78671 0
78761 39
78950 0
78979 39
79074 0
79160 39
79166 0
79362 39
79432 39
79462 0
79467 39
79549 39
79605 0
79677 39
79721 43
79925 0
80046 39
80149 0
80178 39
80197 0
80222 41
80234 43
80282 0
80283 39
80306 0
80427 43
80564 41
80566 0
80584 43
80693 0
80816 41
80894 0
81020 39
81052 0
81231 43
81344 39
81382 0
81665 43
81797 0
81808 41
81971 0
82041 39
82120 0
82133 39
82144 0
82163 39
82184 0
82252 39
82326 41
82520 0
82545 39
82577 39
82722 0
82794 41
82843 41
83240 0
83571 43
83611 0
83727 39
83814 39
83925 0
84025 43
84076 43
84232 0
84301 39
84314 0
84477 39
84495 39
84652 0
84725 41
84737 0
84881 39
84975 39
85095 0
85210 39
85236 39
85253 0
85293 39
85410 0
85473 39
85628 0
85714 39
85853 41
85891 0
85904 39
85924 0
86060 41
86118 39
86181 0
86218 41
86231 0
86262 39
86308 43
86366 0
86562 41
86759 39
86891 41
86962 43
86990 39
87085 0
87104 43
87186 0
87327 41
87393 39
87428 39
87496 0
87516 39
87660 0
87798 43
87896 0
87947 43
88152 43
88225 0
88383 41
88386 0
88411 41
88569 0
88594 43
88612 0
88649 41
89023 0
89052 39
89285 39
89290 39
89436 0
89472 43
89509 41
89584 0
89654 39
89713 0
89770 39
89801 0
89928 39
89984 43
90266 41
90274 0
90295 43
90406 0
90465 39
90646 0
90765 39
90767 39
90872 0
91073 41
91082 0
91421 39
91433 43
91546 43
91561 0
91732 41
92239 0
92387 39
92420 43
92677 43
92738 0
92769 39
92821 41
92846 0
92884 43
93052 0
93271 39
93625 0
93714 39
93862 39
93908 0
94177 39
94215 0
94339 41
94384 39
94521 0
94588 41
94641 0
94895 39
94959 39
95089 0
95103 41
95263 0
95283 41
95407 0
95461 39
95510 43
95520 0
95913 39
95951 0
95972 39
96313 0
96361 39
96513 43
96682 43
96702 41
96752 43
96796 0
96903 41
97014 0
97051 39
97082 0
97116 43
97346 0
97476 39
97699 0
97755 43
98112 0
98258 39
98668 0
98882 41
98996 0
99021 43
99066 0
99070 39
99192 0
99483 43
99577 0
99671 43
99934 0
820 events for 11
20 55
33 0
72 55
87 0
113 55
177 0
262 55
284 55
289 0
362 55
385 0
440 55
710 0
740 55
812 0
882 55
904 0
1109 55
1175 0
1247 55
1261 55
1367 0
1406 55
1416 55
1455 0
1457 55
1566 0
1651 55
1656 55
1859 0
1869 55
2208 55
2474 0
2561 55
2888 55
2892 0
3011 55
3161 0
3264 55
3340 0
3415 55
3570 0
3771 55
3849 55
3875 0
3888 55
3961 0
4034 55
4246 0
4300 55
4329 0
4391 55
4405 0
4439 55
4559 0
4838 55
4950 55
5040 0
5163 55
5496 55
5593 0
5675 55
5739 0
5869 55
6018 0
6050 55
6140 55
6239 55
6434 55
6567 0
6585 55
6600 0
6611 55
6638 0
6703 55
6849 0
6921 55
6999 0
7113 55
7214 0
7220 55
7405 0
7450 55
7657 0
7742 55
7913 0
7995 55
8196 0
8366 55
8380 55
8545 0
8569 55
8594 0
9120 55
9373 0
9387 55
9440 0
9544 55
9699 55
9938 0
10071 55
10427 0
10610 55
10743 55
11119 0
11461 55
11518 0
11607 55
11642 0
11837 55
12029 0
12220 55
12241 0
12242 55
12320 0
12516 55
12843 55
12859 0
12916 55
12988 55
12998 55
13047 0
13074 55
13080 0
13210 55
13353 0
13412 55
13433 0
13514 55
13545 55
13590 55
13677 0
13788 55
13850 0
13885 55
14348 0
14766 55
14807 0
14900 55
14944 55
15084 0
15299 55
15413 55
15507 0
15607 55
15769 0
15934 55
16050 0
16134 55
16188 0
16441 55
16727 0
16879 55
16929 0
17235 55
17242 55
17536 55
17583 55
17699 0
17754 55
17951 0
18041 55
18108 0
18245 55
18261 0
18567 55
18818 0
18876 55
19023 0
19158 55
19212 55
19284 55
19305 55
19329 0
19582 55
19629 0
19665 55
19685 0
20166 55
20309 0
20312 55
20469 0
20543 55
20834 0
20890 55
21051 55
21058 0
21278 55
21371 0
21460 55
21562 0
21613 55
21674 55
21923 0
22388 55
22525 55
22658 55
22769 55
23057 55
23058 55
23087 0
23312 55
23494 0
23680 55
23797 0
23831 55
24000 0
24021 55
24066 0
24197 55
24489 0
25230 55
25520 0
25607 55
25678 55
25767 0
25963 55
26160 0
26170 55
26367 0
26407 55
26530 0
26558 55
26665 55
26712 0
26735 55
26861 0
27061 55
27855 0
27908 55
28025 55
28132 55
28150 0
28177 55
28196 0
28358 55
28394 0
28497 55
28510 55
28563 0
28586 55
28639 0
28665 55
28903 55
29202 0
29254 55
29427 55
29493 0
29552 55
29575 0
29599 55
29746 55
29940 0
30129 55
30168 55
30423 55
30453 55
30510 0
30616 55
30667 0
30928 55
30950 55
30995 0
31061 55
31150 0
31232 55
31242 0
31321 55
31603 0
31637 55
31840 0
31856 55
31954 0
31969 55
32085 0
32237 55
32291 0
32492 55
32581 0
32782 55
32861 0
33060 55
33220 55
33285 55
33359 55
33411 55
33435 0
33583 55
33604 0
34065 55
34185 55
34320 0
34390 55
34478 0
34504 55
34524 55
34544 55
34554 55
34698 0
35036 55
35119 0
35174 55
35221 0
35228 55
35415 55
35428 0
35655 55
35718 0
35755 55
35760 0
35883 55
35938 0
36065 55
36071 0
36141 55
36196 0
36358 55
36377 0
36477 55
36567 55
36661 0
36893 55
37004 0
37193 55
37217 55
37436 0
37560 55
37562 0
37699 55
37812 0
37930 55
38088 0
38232 55
38269 55
38349 0
38822 55
38896 55
39118 55
39120 55
39126 55
39152 0
39323 55
39408 55
39787 55
39920 0
39965 55
40055 55
40111 55
40124 0
40210 55
40213 55
40661 0
40942 55
41200 0
41526 55
41635 0
41637 55
41644 0
41853 55
41967 0
42076 55
42599 0
42666 55
42736 55
42744 0
42826 55
42837 0
43187 55
43342 0
43347 55
43440 0
43475 55
43713 0
43732 55
44010 0
44104 55
44107 0
44419 55
44582 55
44701 55
44754 0
44799 55
44966 0
45176 55
45570 0
45591 55
45971 0
46049 55
46345 55
46382 0
46443 55
46511 0
46618 55
46672 55
46968 0
47076 55
47118 0
47148 55
47285 0
47290 55
47331 55
47398 55
47657 0
47714 55
47826 55
47896 55
47971 0
48026 55
48035 0
48139 55
48221 0
48236 55
48421 0
48449 55
48586 0
48922 55
49036 0
49097 55
49187 0
49242 55
49339 0
49792 55
49833 0
49995 55
50080 0
50249 55
50296 0
50494 55
50640 0
50770 55
50957 0
50958 55
51177 0
51420 55
51686 0
51874 55
51876 0
51948 55
52446 0
52523 55
52683 0
52867 55
53234 0
53349 55
53377 0
53446 55
53745 0
53749 55
53825 55
53859 0
54253 55
54334 0
54337 55
54554 0
54558 55
54563 0
54605 55
54710 0
55185 55
55200 55
55216 55
55277 0
55387 55
55548 55
55615 55
55640 0
55738 55
56033 0
56074 55
56146 0
56274 55
56338 0
56596 55
56665 0
56707 55
56824 55
56974 0
57173 55
57226 0
57290 55
57303 0
57461 55
57507 0
57562 55
57694 0
57706 55
57797 0
57861 55
57942 55
57987 55
58049 55
58191 0
58209 55
58294 55
58358 0
58489 55
58500 0
58593 55
58684 55
58696 0
58973 55
59172 0
59221 55
59261 0
59300 55
59451 0
59688 55
59710 55
59882 0
60198 55
60303 0
60540 55
60573 0
60608 55
60765 0
60859 55
61070 0
61115 55
61258 0
61380 55
61556 0
61769 55
61775 0
61812 55
61854 0
62037 55
62065 0
62194 55
62352 55
62519 0
62531 55
62532 55
62559 0
62859 55
62868 55
63042 55
63049 55
63321 0
63669 55
63893 0
63923 55
64262 0
64442 55
64866 55
65097 0
65139 55
65414 0
65856 55
65907 55
65977 0
66037 55
66120 0
66207 55
66298 55
66419 55
66426 0
66640 55
66716 0
66965 55
67050 55
67393 0
67631 55
67746 0
67796 55
67890 0
67894 55
67905 0
68021 55
68173 0
68199 55
68592 0
68773 55
68937 55
68977 0
69276 55
69285 0
69326 55
69369 0
69386 55
69420 0
69437 55
69449 0
69535 55
69699 0
70016 55
70089 0
70236 55
70547 0
70754 55
70764 0
70866 55
70884 0
70941 55
71007 0
71024 55
71077 0
71205 55
71334 55
71349 0
71598 55
71749 0
71774 55
72020 0
72224 55
72375 0
72396 55
72473 55
72793 0
73139 55
73213 0
73352 55
73377 0
73726 55
73820 0
74040 55
74108 0
74162 55
74293 0
74332 55
74467 55
74598 0
74624 55
74834 55
74844 0
74921 55
75166 55
75474 0
75614 55
75735 0
75748 55
75820 0
76095 55
76286 0
76523 55
76577 55
76615 55
76640 55
76651 55
76986 0
77155 55
77182 0
77215 55
77224 0
77237 55
77890 0
77969 55
78040 0
78208 55
78496 0
78620 55
78661 55
78734 0
78858 55
78903 55
79146 55
79302 55
79395 55
79654 55
79703 0
79733 55
79850 55
80154 0
80161 55
80233 55
80286 0
80491 55
80573 0
80578 55
80714 0
80878 55
80891 0
80902 55
80998 0
81157 55
81396 0
81419 55
81810 0
81903 55
81998 55
82030 0
82098 55
82108 0
82451 55
82458 0
82558 55
82707 0
82851 55
83136 0
83199 55
83421 0
83472 55
83540 0
83570 55
83698 0
83865 55
83906 55
84069 0
84085 55
84167 55
84365 0
84500 55
84787 55
84815 0
84917 55
85001 0
85005 55
85031 0
85579 55
85821 0
85941 55
86114 55
86169 55
86349 0
86388 55
86615 55
86671 55
86869 0
87306 55
87321 55
87374 0
87508 55
87614 0
87658 55
87705 0
87712 55
87850 0
87882 55
87952 55
88222 0
88487 55
88533 0
88627 55
88706 0
88709 55
88757 0
88785 55
89079 0
89088 55
89100 55
89281 0
89289 55
89395 0
89736 55
89795 0
90072 55
90095 0
90143 55
90203 0
90271 55
90454 0
90537 55
90654 0
90755 55
90788 0
90826 55
90850 0
90990 55
91008 0
91120 55
91130 55
91418 0
91479 55
91515 0
91746 55
92095 0
92201 55
92227 0
92306 55
92600 0
92780 55
92870 0
92975 55
93157 0
93168 55
93199 55
93210 55
93306 0
93382 55
93413 0
93628 55
93878 0
94007 55
94187 0
94209 55
94214 0
94967 55
95157 0
95292 55
95342 55
95350 55
95397 55
95511 0
95589 55
95591 0
95783 55
95787 0
95874 55
96187 55
96447 0
96915 55
96984 0
97360 55
97520 0
97531 55
97615 0
97620 55
97740 0
97877 55
97989 0
98263 55
98349 55
98407 0
98413 55
98730 0
98890 55
98983 0
99059 55
99246 0
99350 55
99880 0
628 events for 12
799 58
827 0
865 58
933 0
989 78
1031 0
1041 91
1053 0
1120 58
1419 91
1476 0
1602 91
1644 0
1658 78
1975 58
2071 0
2189 78
2195 0
2433 91
2632 58
2786 0
2808 91
2961 91
3133 0
3258 78
3277 0
3504 58
3987 0
4097 78
4282 0
4450 58
5233 0
5422 58
5471 0
5589 58
5869 78
5949 0
6210 78
6329 0
6342 58
6356 0
6666 78
6811 0
6905 91
7041 0
7204 91
7382 58
7407 0
7452 78
7496 0
7498 91
7579 0
7945 58
7962 58
7982 0
8165 58
8257 0
8677 58
8904 0
9239 78
9252 78
9288 58
9608 0
9735 78
10016 0
10025 58
10102 58
10207 0
10374 91
10491 0
10584 91
10799 0
11002 58
11855 0
11924 78
12031 0
12061 91
12358 0
12754 58
12756 0
12794 91
12830 78
13143 0
13321 78
13516 0
13618 58
13747 91
13986 0
14075 58
14137 0
14530 91
14951 0
15122 91
15241 0
15386 91
15532 78
15664 0
15741 78
15759 0
15994 78
16174 91
16330 0
16355 78
16371 0
16491 91
16708 0
16779 58
16908 78
16971 78
17643 78
17854 0
17949 58
17973 0
18163 91
18303 0
18516 91
18535 0
18594 78
18658 78
19025 0
19052 91
19213 0
19268 91
19492 0
19781 78
19815 0
19819 58
19937 0
20010 58
20028 58
20075 0
20255 91
20384 0
20414 58
20643 0
20666 91
20809 91
21056 91
21065 0
21429 91
21946 0
22187 78
22370 58
22379 0
22416 91
22868 0
22989 78
23260 0
23764 91
23942 0
24211 91
24294 0
24373 58
24685 0
25086 91
25147 0
25409 91
25552 0
25680 78
25844 91
25864 0
25913 58
26037 0
26155 91
26362 0
26458 58
26740 0
26925 78
26962 0
26964 58
26973 91
27251 0
27729 58
27820 78
28267 91
28299 0
28303 91
28447 78
28816 0
29011 91
29067 0
29234 58
29347 0
29550 91
29558 0
29601 78
30027 58
30081 78
30184 58
30326 78
30481 0
30687 58
30711 91
30935 0
30966 58
31030 0
31244 78
31341 0
32698 78
32763 58
32775 78
32898 58
32982 91
33604 0
33712 58
33969 91
34089 0
34119 58
34198 0
34290 78
34512 58
34524 0
34751 58
35007 58
35052 0
35070 58
35144 0
35649 91
35653 0
35751 91
35958 78
36225 58
36302 91
36354 58
36539 58
36875 0
37049 91
37161 78
37513 0
37518 58
37593 58
37686 0
37687 91
37983 0
38241 91
38298 0
38510 58
38646 58
38711 0
38821 91
38899 0
38949 78
38950 0
39010 91
39102 0
39201 58
39323 0
39493 78
39656 58
39996 58
40004 91
40188 0
40582 58
40724 0
40751 91
40768 58
40806 78
40969 58
41055 91
41537 0
41591 91
41608 0
41693 58
41765 0
42202 91
42392 0
42527 91
42813 0
43136 91
43173 78
43482 0
43681 91
43805 0
43942 78
43996 0
44169 91
44181 0
44303 91
44808 0
45238 58
45790 78
45883 0
46139 58
46400 91
46472 78
46612 0
46697 58
46757 91
46820 91
46852 0
46889 91
46916 0
47314 78
47711 78
47787 0
48095 58
48129 78
48137 0
48286 91
48407 78
48462 0
48735 78
48970 0
49033 78
49169 91
49279 0
49313 58
49404 0
49485 78
50010 0
50017 91
50394 0
50476 58
50568 0
50760 58
50883 58
50979 0
50985 78
51010 0
51239 91
51340 91
51469 0
51690 58
51850 0
52437 78
52475 78
52502 0
52538 58
52575 0
52607 58
52649 78
52672 78
52820 78
52869 0
53065 91
53111 0
53141 58
53642 0
53900 78
54065 0
54088 58
54231 0
54234 91
54501 91
54907 91
54947 78
55034 0
55466 78
55519 0
55591 91
55615 0
55714 91
55782 78
56097 0
56195 78
56316 0
56390 91
56615 0
56627 58
56668 78
56771 78
56959 78
57269 0
57503 58
57766 0
57785 78
57858 0
58178 91
58442 0
58588 91
58637 0
58698 91
58754 78
58811 58
59229 91
59254 0
59455 58
59544 0
59876 91
60108 0
60124 58
60377 0
60430 91
60446 0
60466 58
60468 78
61064 0
61377 78
61728 0
61757 78
61784 0
61936 78
61985 0
62056 58
62156 0
62422 58
62548 0
63446 58
63455 0
63530 78
63618 0
63662 78
63770 0
63904 78
64583 0
64933 91
65114 0
65205 91
65209 58
65554 91
65632 0
65729 58
65749 0
65923 78
66015 78
66209 91
66236 0
66300 58
66302 0
66599 58
66734 0
66760 58
67227 0
67342 91
67566 0
67586 78
67775 0
67782 58
67823 78
67884 78
67925 58
67971 78
68075 78
68336 58
68380 0
68678 91
68837 91
68907 0
68908 58
68955 58
69217 0
69580 58
69938 0
69989 91
70058 0
70304 78
70445 91
70507 0
70569 91
70622 0
70659 78
70717 0
70801 91
71068 0
71278 58
71348 78
71575 0
72385 58
72711 0
72850 91
72970 91
73160 0
73287 58
73324 0
73343 91
73683 0
74079 91
74084 0
74086 58
74117 0
74372 78
74435 78
74446 0
74874 91
74945 0
75000 58
75428 0
75638 91
75959 78
75983 0
76185 58
76274 91
76377 0
76433 78
76532 0
76703 58
76769 0
76881 78
76895 58
77175 78
77312 0
77329 91
77656 0
77658 91
77683 0
77810 78
78273 0
78479 91
78778 0
78793 78
78861 0
79046 91
79132 0
79136 58
79155 78
79199 78
79269 0
79282 91
79324 58
79377 0
79407 58
79801 58
79854 0
80185 78
80206 78
80428 0
80515 58
80521 91
80535 58
80629 0
80692 58
80805 0
80858 91
81136 78
81317 0
81543 91
81659 0
81981 78
82039 0
82223 58
82257 0
82424 58
82726 0
82792 58
83015 0
83174 58
83435 0
83704 91
83710 0
83721 78
83806 0
83844 78
84409 0
84590 78
84763 0
84872 78
84955 78
85054 58
85070 0
85351 78
85620 0
85836 78
85905 0
86216 58
86261 0
86399 58
86443 78
86513 91
86663 0
86747 78
86892 0
86987 78
87113 0
87195 91
87365 0
87677 58
87686 0
87825 78
88240 0
88409 58
88826 0
89135 78
90155 78
90190 0
90436 78
90509 91
91213 0
91263 78
91514 0
92000 78
92159 58
92224 0
92233 91
92695 78
92843 0
92912 78
93041 0
93123 78
93124 0
93225 58
93486 91
93654 58
93728 0
94118 58
94311 0
94750 78
94776 78
94777 0
95035 78
95249 0
95548 58
95572 0
96155 78
96493 0
96740 58
96949 0
96958 91
97071 0
97348 78
97636 0
97661 91
97678 0
97881 58
97966 0
98166 58
98486 0
98673 91
98851 0
98918 78
98978 0
99137 91
99252 0
99273 91
99281 58
99466 78
99806 0
99884 91
99914 0
844 events for 13
38 59
113 76
167 0
338 59
353 59
366 59
500 0
561 59
850 0
926 59
929 0
1038 59
1162 59
1184 59
1256 76
1259 59
1369 0
1599 59
1642 0
1728 59
1815 0
1861 76
1862 59
1952 0
1987 76
2005 0
2110 59
2206 0
2298 59
2347 77
2569 77
2628 59
2652 0
2660 76
2664 0
2972 76
3038 0
3058 76
3169 0
3199 59
3590 0
3634 59
3710 76
3723 77
3977 59
4051 0
4327 59
4333 0
4555 59
4653 0
4664 77
4701 0
4782 59
5141 0
5178 59
5210 0
5218 59
5323 0
5527 59
5542 0
5650 59
5771 0
5778 59
6076 0
6358 76
6449 0
6672 76
6747 59
6813 0
6823 77
6862 0
6999 59
7209 0
7243 59
7362 0
7414 77
7504 76
7554 59
7571 0
7579 59
7654 0
7656 77
7723 0
7838 59
8067 0
8070 59
8365 0
8563 77
8588 0
8645 59
8735 0
8756 59
8840 0
8884 59
8930 0
8961 59
9022 77
9156 0
9242 59
9303 0
9352 59
9451 0
9588 59
9803 0
9841 59
10086 0
10259 59
10328 77
10580 0
10613 59
10678 0
10809 76
10813 0
10823 59
10862 59
10867 0
11034 59
11301 0
11304 76
11567 0
11619 59
12117 0
12119 59
12124 59
12147 0
12238 59
12261 0
12273 76
12363 59
12500 0
12578 59
12605 0
12636 77
12647 0
12852 59
12904 0
12907 59
12976 0
13163 77
13406 77
14005 0
14023 59
14033 0
14037 77
14039 0
14092 77
14172 0
14285 59
14367 0
14447 76
14630 59
14661 0
14751 76
14833 0
14864 77
14892 0
15034 59
15037 0
15184 59
15291 76
15327 59
15503 0
15872 77
15933 0
16007 76
16092 0
16105 59
16419 59
16515 0
16717 77
16803 0
16925 59
16940 0
17096 59
17411 0
17578 59
17647 77
17764 0
17893 76
17976 59
18070 0
18137 59
18303 0
18376 77
18539 0
18782 76
18835 76
18903 0
18962 76
18996 0
19088 77
19115 0
19128 77
19383 0
19519 59
19603 59
19707 59
19814 77
19886 76
20359 0
20428 59
20802 59
20904 59
20996 59
21204 0
21295 59
21383 0
21575 77
21601 0
21678 59
21871 77
21963 0
22137 59
22261 0
22280 77
22372 0
22747 76
22950 59
22984 59
22996 59
23251 0
23486 59
23508 0
23595 59
23669 59
23751 0
23773 59
23958 59
24357 0
24402 59
24683 0
24784 76
24802 0
24904 59
25065 59
25260 0
25304 76
25324 0
25334 77
25441 59
25728 0
25844 59
25998 0
26067 76
26229 0
26254 59
26303 0
26679 59
26722 0
26835 59
26955 0
26956 59
26999 0
27006 59
27068 59
27140 0
27255 59
27308 76
27323 0
27432 59
27456 0
27603 59
27621 0
27905 59
28014 0
28412 59
28487 77
28595 76
28596 0
28614 59
28618 76
28733 0
28842 59
28884 59
28893 0
29017 76
29389 0
29464 77
29508 0
29547 77
29571 76
29647 0
29761 77
29784 0
29826 59
29973 77
30151 0
30392 59
30475 0
30569 59
30644 59
30678 76
31201 76
31476 0
31550 59
31644 0
32116 59
32119 0
32450 59
32483 76
32857 77
32864 0
33190 77
33272 0
33543 77
33597 0
33622 76
34084 0
34087 59
34089 0
34214 59
34267 59
34268 76
34325 0
34840 77
35090 0
35143 59
35199 0
35299 59
35332 0
35474 76
35876 76
35978 59
36355 0
36383 77
36474 0
36570 76
36661 0
36708 77
36847 0
36970 59
37009 0
37033 76
37118 0
37333 59
37369 0
37440 59
37489 59
37496 0
37618 59
37669 0
37842 59
37870 0
38036 59
38037 59
38306 76
38606 0
38652 59
38691 0
39162 59
39233 59
39391 59
39493 59
39582 0
39725 59
39968 0
39994 76
40022 0
40138 77
40292 59
40385 59
40397 0
40542 59
40793 0
40945 76
41197 0
41201 59
41488 0
41562 59
41643 77
41658 0
41710 59
41822 0
41866 59
41892 0
41992 59
42029 0
42044 77
42174 0
42185 77
42227 0
42270 59
42520 0
42866 77
43034 0
43126 59
43217 59
43271 0
43314 76
43391 0
43404 59
43495 0
43590 59
43602 0
43648 59
43792 0
43799 59
43886 0
44032 59
44269 0
44500 76
44699 59
44770 0
44774 59
44803 0
44876 59
44914 0
44981 76
45096 0
45342 59
45421 0
45511 76
45752 59
45816 59
46000 0
46343 59
46554 77
46667 0
46741 59
46745 0
46840 59
46879 0
47022 77
47194 76
47485 0
47486 77
47615 0
47687 77
47947 0
47990 59
48004 0
48068 77
48283 0
48391 59
48513 0
48659 77
48740 0
48830 59
48932 76
49077 0
49407 59
49417 0
49483 59
49671 0
49815 77
49930 0
50052 77
50287 0
50619 77
50692 59
50693 59
50779 59
50940 59
51002 59
51140 0
51321 59
51507 0
51744 59
51861 59
52091 59
52317 0
52339 77
52523 77
52568 0
52691 76
52695 0
52869 59
52985 0
53185 77
53226 59
53261 0
53416 59
53587 59
53690 0
53796 59
53986 0
54075 77
54160 0
54166 59
54198 59
54359 0
54476 77
54567 0
54710 59
55028 0
55193 59
55231 59
55417 0
55439 59
55442 0
55493 76
55797 59
56149 0
56769 76
56832 0
57043 59
57136 0
57174 76
57488 0
57793 59
57854 0
58077 76
58087 76
58400 0
58498 76
58530 0
58936 59
59029 0
59250 59
59253 59
59334 77
59445 0
59536 59
59631 0
59639 76
59836 0
60078 77
60253 0
60306 77
60616 0
60791 59
60800 0
60829 76
61080 59
61093 0
61123 59
61852 0
61891 59
62080 0
62093 59
62215 0
62222 59
62253 59
62501 0
62643 77
62680 0
62705 59
62729 0
62805 76
62842 59
63237 59
63274 0
63331 76
63345 0
63482 59
63569 76
63653 0
63835 59
63940 0
64002 59
64274 0
64341 59
64385 0
65215 59
65270 0
65350 77
65531 76
65662 0
65715 77
65847 59
65889 0
65909 76
66127 0
66226 76
66329 0
66433 59
66471 0
66573 59
66669 0
67445 59
67669 59
67686 0
67770 76
67797 76
67869 0
67900 76
67933 59
68017 0
68131 59
68276 0
68353 59
68509 0
68584 77
68633 0
68807 59
69037 0
69121 59
69422 0
69558 59
69593 0
69752 59
69999 59
70145 0
70151 77
70215 0
70301 59
70640 0
70689 77
70757 0
70797 59
70842 0
71197 77
71230 76
71422 0
71553 59
71583 76
71618 0
71838 59
72048 0
72261 59
72388 59
72620 0
72812 77
73082 0
73210 76
73407 59
73424 76
73448 59
73512 0
73515 59
73566 0
73594 59
73600 0
73754 77
73968 0
73998 59
74111 59
74163 59
74173 0
74197 59
74224 76
74546 0
74554 76
74577 0
74645 59
74824 0
74847 59
74950 0
75330 76
75356 0
75439 77
75474 77
75493 0
75591 59
75662 0
75725 76
75908 0
75911 59
75934 0
76049 59
76277 0
76372 59
76375 59
76452 0
76507 77
76510 59
76530 0
76841 59
76968 0
77099 59
77138 76
77264 59
77635 0
77655 77
77792 0
78117 76
78249 0
78363 59
78445 59
78496 77
78687 77
78760 59
78788 76
78819 59
78953 59
79182 0
79337 59
79389 0
79398 59
79421 0
79583 59
79643 0
79652 59
79700 0
79706 59
79730 0
79817 76
79828 0
80209 59
80224 0
80270 59
80489 0
80589 76
80692 59
80766 76
81078 0
81279 59
82207 0
82246 59
82271 0
82326 59
82442 0
82532 59
82604 0
82612 59
82616 0
82690 76
82810 0
82835 59
82842 59
83063 0
83325 76
83354 0
83639 76
83653 76
84002 0
84282 76
84464 0
84633 59
84786 0
84936 59
85170 0
85206 59
85328 0
85367 59
85442 59
85449 0
85568 77
85686 0
85832 59
85850 0
86173 59
86216 0
86322 76
86448 76
86481 59
86647 77
86649 0
87165 59
87248 0
87311 59
87392 0
87396 59
87419 0
87464 77
87543 0
87564 77
87798 59
88069 59
88274 76
88280 0
88463 77
88580 0
88665 77
88670 0
89086 59
89224 77
89536 59
89707 0
89921 77
89958 59
89969 0
89990 77
90084 59
90099 0
90296 76
90340 0
90706 59
90791 0
90810 59
90832 0
90873 77
90922 0
91072 77
91193 0
91275 59
91727 0
91902 77
92072 59
92323 0
92344 77
92352 76
92354 0
92386 59
92526 76
92640 0
92644 59
92730 76
92955 0
93069 77
93076 0
93145 59
93240 0
93255 77
93627 0
93728 76
94183 76
94379 0
94436 59
94646 0
94675 59
94877 59
94969 0
95167 77
95715 59
95921 0
95982 77
95989 0
96158 59
96378 0
96512 77
96515 0
96807 59
97097 0
97108 59
97115 0
97325 77
97415 0
97453 59
97507 59
97537 0
97685 59
97756 0
97853 76
97883 0
97915 59
98015 59
98098 0
98166 59
98175 0
98252 59
98278 76
98418 0
98450 59
98511 59
98541 0
98653 59
98754 59
99006 0
99097 76
99255 0
99347 77
99503 0
99767 59
203 events for 14
236 23
805 62
1041 23
1337 0
1711 59
1938 0
2847 59
3047 0
3271 62
3445 62
3654 0
3872 46
3954 49
4792 23
4794 59
5061 0
5430 49
5611 0
6050 59
6733 0
8085 49
8132 0
8308 49
8375 23
9791 23
9861 0
9954 46
10105 0
10526 23
10644 0
10998 62
11538 49
12196 0
12532 46
12641 0
13041 59
14506 0
14787 49
14932 0
15852 23
16321 0
17013 23
17345 23
17447 46
17753 0
17755 46
17916 23
19327 59
20144 62
20500 0
21383 46
23237 62
23307 0
23561 46
23798 0
24227 49
24708 59
25168 0
26593 59
27423 46
27606 23
27701 0
27927 23
28100 0
28688 59
29518 0
30055 49
30471 0
30796 62
32477 49
32946 0
33258 49
34342 0
34446 59
34791 49
35021 46
35591 0
36436 23
36449 0
36688 59
37997 0
38475 23
38959 0
40299 23
40785 59
41247 0
41725 49
41762 62
41798 0
42364 49
42516 23
42543 62
42919 23
42926 0
43259 46
43587 0
43891 23
44701 0
44747 59
45034 0
45171 23
48108 0
48316 59
48940 0
49560 59
50056 0
50329 62
50600 0
50964 59
51292 0
52045 23
52762 49
52815 59
52840 0
53113 23
53200 0
54639 23
54784 0
55255 23
55603 0
56417 46
56490 0
56831 46
57063 23
57841 0
58456 23
58705 0
58781 23
59542 23
60096 0
60820 59
61117 0
61176 49
61276 0
61845 23
62377 0
62799 59
63265 0
63488 59
64267 23
64469 49
64951 0
64973 23
65364 0
66104 62
66267 59
66943 0
68149 23
68324 0
68525 46
68758 0
68988 49
69033 0
70238 46
70687 0
70953 46
71392 0
75409 23
75496 23
76323 0
76745 23
77062 0
77312 59
77403 0
77922 46
78045 0
78166 49
78260 0
78851 59
79011 0
79118 62
80551 0
80999 62
81402 59
82330 0
83832 23
84120 46
84550 0
85180 49
85989 0
86261 23
86381 0
87435 23
90112 23
90255 0
91083 62
91904 49
92330 23
92373 0
92998 49
93444 0
94546 46
94809 0
95165 59
95194 0
95861 49
96852 0
97584 23
98079 0
98393 23
98632 23
98666 0
98879 59
391 events for 15
704 22
1023 0
1091 14
1315 0
1492 20
1823 0
1841 20
1997 0
2136 14
2251 0
2308 14
2354 22
2361 14
2627 0
3946 20
4206 0
4507 20
4610 0
5621 14
5991 0
6302 22
6974 0
7376 14
7457 0
7734 22
8151 0
8485 22
8782 0
8797 14
8866 0
9230 20
9939 0
10121 14
10366 0
10909 20
11228 0
11369 20
11405 0
11652 20
12115 0
12214 20
12321 20
12547 0
12621 14
12832 0
13013 14
13132 0
13392 14
13755 0
13791 20
14078 14
14163 0
14403 20
14429 20
14657 0
14872 14
15340 20
15836 14
16031 0
16105 14
16393 0
16445 22
16744 14
17013 0
17134 22
17788 0
17976 22
18568 14
18957 0
19395 22
19781 0
19800 20
20176 14
20230 0
20253 14
20780 20
21030 0
21132 22
21439 22
21801 0
22042 22
22206 0
23129 20
23336 0
23610 22
24288 22
24328 0
24910 14
25166 0
25253 20
25278 20
25408 0
25607 20
26060 22
26140 0
26530 20
26829 0
27042 22
27164 22
27248 0
27923 14
27987 0
28037 22
28200 0
28271 14
28469 0
28788 20
28894 0
28901 20
28944 0
28976 20
29259 14
29336 0
29994 14
30284 0
30455 20
30950 0
31921 14
32502 22
32596 0
32881 20
33337 22
33430 0
33487 14
33775 0
33911 20
34206 0
34315 22
34377 0
34688 20
34695 0
34960 22
35178 0
35184 14
35282 0
35484 14
35586 20
36440 22
36792 0
36833 14
36902 0
36960 14
37116 0
37243 14
38289 0
38723 22
38728 20
38868 0
39085 14
39463 0
39727 22
40077 14
40324 0
40355 22
40778 0
41232 20
41491 0
41771 14
41843 0
42291 20
42471 0
42571 20
42714 20
43014 20
43089 0
43149 20
43202 0
43914 22
44088 20
44107 0
44307 22
44386 14
44759 0
44999 22
45002 22
45103 0
45438 20
45502 14
45672 14
46105 0
46174 22
46182 0
46403 20
46511 0
46812 22
47390 0
47434 14
47568 0
47704 14
47862 14
47899 0
48062 14
48073 20
48495 14
48514 0
48587 14
48724 20
49033 14
49284 0
49398 20
49414 0
49668 14
49742 0
49823 14
49873 14
49910 0
50124 22
50991 0
51088 22
51148 14
51173 0
51601 20
51647 0
51706 14
52357 0
52448 14
52685 20
53004 14
53512 0
53551 22
53788 0
53851 22
54723 22
56485 0
56515 22
56927 0
57029 14
57165 0
57494 22
57571 0
57704 14
58168 22
58464 0
58509 22
58853 0
58931 22
58953 0
59276 14
59354 0
59426 20
60006 14
60336 0
60455 20
60752 0
61609 20
62105 0
62221 22
62687 0
62891 20
63188 14
63492 0
63665 20
63881 0
63930 20
64296 22
64557 22
64943 0
65047 22
65114 0
66103 22
66168 0
66769 20
67063 0
67198 22
67641 0
68774 14
69047 0
69222 22
69897 0
69969 22
70207 0
70343 20
70970 0
71084 20
71334 14
71491 14
72221 0
72223 20
72330 0
72354 14
72369 0
72370 20
72737 0
72943 20
73370 22
73417 0
73609 22
73985 0
74338 22
74417 22
74444 0
75986 20
76027 0
76147 14
76499 0
76990 14
77206 20
77237 0
77705 22
78115 14
78208 0
78210 22
78776 14
79166 14
79725 0
79789 22
79887 0
79957 14
80067 0
80358 14
81099 0
81229 20
81475 0
81514 20
81546 0
81660 22
82075 0
82222 20
82267 0
83085 14
83219 0
83753 20
83761 0
83908 22
84223 14
84347 0
84443 14
85296 0
85874 20
86064 0
86509 20
86654 0
86746 14
87238 14
87382 22
87488 22
87661 0
88112 22
88518 0
88664 22
88730 14
89012 0
89093 14
89191 0
89487 22
89628 20
89727 0
89732 22
89861 0
90030 20
90071 20
90622 0
90787 20
90948 0
91023 22
91222 0
91441 20
91610 0
91925 14
92654 0
92840 22
92860 0
93013 22
93074 0
93615 22
94263 0
94644 20
94933 0
94993 14
95305 0
95389 20
96180 0
96255 14
96434 0
96441 22
96599 22
96633 0
96894 20
97042 0
97137 20
97238 22
97254 0
97297 14
97793 0
97932 14
98397 20
98419 0
98488 22
98631 14
99423 0
99753 20
