8 buffers
470784 58320
285065 7429
355712 47603
784542 22301
927352 118892
209516 37321
681240 82853
271897 10676
20 downlinks
0 750 5000 303
1 5750 10000 313
2 10750 15000 327
3 15750 20000 312
4 20750 25000 264
5 25750 30000 265
6 30750 35000 315
7 35750 40000 363
8 40750 45000 325
9 45750 50000 263
10 50750 55000 356
11 55750 60000 286
12 60750 65000 254
13 65750 70000 273
14 70750 75000 261
15 75750 80000 307
16 80750 85000 290
17 85750 90000 307
18 90750 95000 253
19 95750 100000 361
276 events for 0
314 46
778 0
957 46
1047 0
1534 41
1615 42
2066 41
2153 46
2340 0
2401 46
2525 0
2703 46
2723 41
3203 0
3522 42
4029 0
4303 41
4842 42
5427 0
6023 46
6330 0
7162 41
8174 41
8356 0
8813 42
9351 0
9735 42
10992 0
11990 41
13143 0
13265 41
13362 42
13429 42
13488 0
13677 46
13735 0
14226 42
15264 41
16155 0
17571 42
18283 0
18363 42
18553 0
18745 42
18843 46
19140 0
19535 42
20039 0
20161 46
20198 0
20224 41
20368 0
20486 41
20786 46
21019 0
21389 41
21932 0
23314 42
25733 42
26050 0
26832 42
27190 46
27269 0
27989 42
28180 0
28489 46
28701 0
28885 41
29086 0
29244 42
29407 0
29557 46
29993 0
30273 42
30536 0
31144 42
31205 0
31506 46
31747 46
31845 0
32374 41
32457 0
32891 42
33270 0
33527 41
33550 0
33683 41
33752 0
34286 46
34556 42
35423 0
35442 46
35842 42
36060 41
36307 0
36919 41
37540 42
37582 0
37602 46
37858 41
38750 0
38916 42
38965 0
41794 42
42167 0
42215 46
42554 0
43089 42
43522 0
43980 42
44304 41
44326 42
44375 46
44987 0
45149 42
45348 0
45717 41
45796 42
46313 0
46592 42
46719 0
47090 42
47306 0
47379 46
47869 0
48032 42
48854 0
49347 41
49524 0
50473 46
51285 0
51382 42
51460 41
51945 0
52083 41
52188 0
52284 41
52370 0
52607 42
53119 42
53484 0
54145 46
54785 41
54808 41
54813 0
54964 42
54994 0
55100 41
55401 0
55441 42
55485 42
56025 0
56327 46
56536 0
57264 42
57532 0
58248 42
58721 0
58748 41
59948 0
60157 46
60565 0
60982 42
61058 0
61262 42
61409 42
61626 0
61703 42
61770 0
62043 42
63018 0
63436 42
63607 0
63686 41
64256 0
64323 46
64891 41
65050 0
65067 46
65088 0
65370 42
65743 0
66476 42
66511 0
66822 42
66955 0
67009 42
67432 0
67571 42
67761 0
67947 46
68069 41
68077 46
69025 0
70527 46
70761 0
71005 46
71020 0
71289 41
71675 0
71842 42
72535 42
72683 46
73421 0
74247 42
74430 0
74625 42
74858 41
75279 0
75452 46
76057 0
76433 41
76952 41
77127 0
77137 46
77216 0
78242 41
78382 41
78894 42
79426 42
79520 0
79602 41
79712 0
79793 41
80239 41
80544 42
81148 0
81161 42
81510 0
81520 42
81557 0
81832 42
82249 41
83133 0
83512 42
84122 0
84495 41
84818 0
85004 42
85455 46
85664 0
86342 42
86685 42
86810 42
86851 0
87229 46
87338 0
87416 42
88130 42
89538 0
89851 42
90672 42
90926 0
91189 42
91523 42
92013 0
92396 46
92786 0
93316 42
93337 0
93482 42
93591 0
94598 42
95023 0
95269 46
95497 0
95996 42
96458 46
96979 46
97829 0
98133 46
98361 0
98807 41
98962 0
99432 41
99923 0
329 events for 1
68 67
172 0
227 25
308 0
379 67
420 0
546 25
910 67
1109 25
1727 67
1839 0
2289 25
2673 0
2791 39
3100 25
3265 0
3732 39
3857 0
4318 25
4345 0
4971 67
5331 39
5760 0
6502 39
6563 0
6760 39
6969 25
7330 0
7415 39
7424 39
8189 39
8489 0
9014 39
9543 0
10200 39
10316 0
10319 67
11009 0
11165 25
11228 0
11266 25
11376 0
12126 25
12723 67
12924 0
13119 25
13423 0
13497 39
13568 25
13817 0
14108 39
14628 0
14709 25
15005 0
15426 39
15630 67
15874 0
16823 25
17347 0
17482 25
17486 0
17523 67
17933 0
17957 39
18388 0
18629 67
18782 0
18816 67
19008 0
19308 67
19925 0
20236 67
20439 25
20449 0
20977 25
21499 0
22053 39
22138 0
22162 25
22433 25
22460 0
22890 67
23164 39
23712 0
24173 39
24835 0
24990 67
25260 0
25969 39
26308 0
26405 39
26424 0
26994 25
27648 0
28153 67
28388 0
28453 39
28469 0
28723 67
28952 0
29743 67
29854 67
30073 67
30131 25
31013 67
31625 0
31923 25
31995 0
32282 67
32742 0
32935 67
33261 67
33476 0
33506 67
33661 0
33766 67
33775 0
33887 39
33970 25
34207 0
34397 39
34555 25
35020 25
35164 0
35231 67
35324 39
35887 67
36124 0
36212 25
36381 0
36512 25
36743 67
36873 39
36946 0
37819 39
37910 0
38565 25
38680 0
38943 39
39868 39
39962 0
40834 25
40954 67
41788 0
43831 39
44462 0
44587 25
45162 25
45168 67
45214 0
45353 25
45739 0
46423 67
46574 0
46854 67
46945 39
47206 0
47461 39
47921 0
47938 39
48826 0
49599 39
49951 0
50311 39
50365 0
50959 67
51408 39
51665 0
52144 25
52407 0
52690 25
52936 0
53061 25
53198 0
53213 25
53233 25
53284 0
53557 67
53623 0
53830 39
53996 0
54103 39
54106 0
55575 25
55588 0
55669 39
56399 0
56577 67
56946 0
57473 39
57642 0
57776 25
57918 67
57919 0
57943 25
58250 39
58445 0
58817 39
58944 0
59050 39
59172 0
60017 25
60159 0
60454 67
61625 0
62164 25
62292 25
62418 0
62710 25
63439 0
63642 25
63831 0
63839 39
63927 0
64004 67
64067 0
64191 39
64460 67
65237 0
65291 25
65433 0
66013 67
66059 67
66378 0
66578 25
66860 0
67604 39
68248 67
69057 39
69247 0
69409 67
70400 0
70768 67
72677 25
72750 0
73790 39
73891 67
73906 0
73994 39
74365 0
74404 39
74713 0
75626 39
76213 0
76828 67
76842 0
77070 39
77484 67
77559 0
77847 25
78282 39
78340 0
78423 39
78711 0
78874 67
79355 0
79488 67
79802 0
80262 67
80932 0
80983 67
81135 25
81349 0
81722 25
81737 39
81829 0
83166 67
83607 0
83845 25
84554 0
84631 25
84703 0
84774 25
84910 0
85079 67
85191 67
85448 0
85498 39
85611 0
85754 67
85973 0
86239 67
86695 0
86809 25
86904 0
86996 67
87544 0
87551 39
88024 67
88104 39
88231 0
88727 25
89094 0
89396 25
90190 0
90786 67
90809 0
90922 39
91330 39
91687 0
92081 67
92671 0
92714 67
92888 0
93256 25
93930 39
94062 0
94263 39
94536 67
94698 0
94856 39
94907 0
95061 67
95418 39
95807 0
95974 67
96534 25
96556 0
96883 25
97026 25
97337 39
97346 39
97857 0
98053 67
98255 0
98858 39
99215 25
99456 25
99835 25
388 events for 2
297 37
521 62
557 0
721 37
841 43
1215 0
1601 37
1903 0
2029 37
2058 37
2544 37
2742 43
3026 0
3061 62
3182 0
3574 37
3780 62
3839 0
3925 43
4466 0
4666 62
4778 37
4806 43
4964 0
5805 37
6152 37
6207 0
6215 37
6350 0
6470 62
6527 0
6604 62
7485 0
7874 62
7907 0
8024 62
8580 0
8710 62
8949 62
9130 0
9425 37
9530 37
10056 0
10586 37
10845 0
11045 62
11068 0
11089 37
11245 0
11450 62
11483 0
11524 37
12034 0
12089 43
12109 0
12263 62
12399 0
12420 62
12439 0
12488 62
12763 43
12786 62
13012 0
13176 37
13356 0
13425 43
13667 0
13671 62
14216 37
14248 62
14549 0
14636 62
14856 0
14932 43
14977 0
15213 37
16229 62
16556 0
16644 62
16769 0
16923 43
17050 0
17626 37
18271 0
18574 62
19413 62
19419 0
19546 43
20000 0
21367 43
21604 0
21791 62
21823 37
21932 0
22391 43
22474 0
22528 43
22837 43
22978 43
23535 37
23659 0
23666 43
23865 37
24148 0
24805 43
24824 37
24846 43
24884 37
24897 0
25032 37
25343 0
25739 43
26087 43
26202 0
26284 62
26764 0
26862 62
27267 0
27311 43
27379 0
27492 43
27784 0
27824 37
27889 37
28150 0
28320 43
29548 0
29829 43
30037 37
30206 0
30283 43
30428 0
30446 43
30996 43
31758 0
31842 37
32255 0
32268 62
32636 0
33163 37
33401 0
33573 37
33749 0
34233 37
34622 37
34785 37
34795 0
35547 62
35841 0
36126 43
36542 0
36633 37
36831 0
36973 37
37361 0
37871 62
37872 0
38079 37
38406 0
38822 37
38874 62
39205 0
39360 37
39406 0
39577 43
39718 0
40745 62
40948 0
40963 37
41412 0
41444 62
41676 0
41746 37
41785 0
41921 62
42759 0
42962 43
43273 62
43515 0
43673 37
43915 37
44778 0
45013 37
45139 0
45275 43
45334 0
46261 62
47351 37
47584 62
47993 43
48286 0
48353 62
48492 0
48709 43
49083 0
49215 37
49244 0
49354 43
49361 37
49836 0
50197 43
50699 0
50848 62
51253 0
51369 37
51728 62
51761 0
52010 37
52349 0
52987 43
53042 0
53780 37
54118 0
54297 43
54326 0
54332 43
54496 37
54518 0
54609 43
54720 37
55006 0
55153 62
55176 0
55555 62
55774 0
56209 62
56493 0
57052 62
57425 0
57483 37
57809 0
57827 37
57908 0
58114 37
58185 0
58205 43
58228 37
58514 43
58637 37
58890 37
59181 43
59748 0
59879 37
60176 37
60213 0
60631 37
60730 0
61153 62
61667 37
62022 0
62214 62
62343 0
62525 62
62849 43
62857 62
62924 37
63222 0
63607 37
63619 0
63805 62
63933 62
64761 43
64882 0
65063 62
65912 0
66047 37
66209 0
66266 62
66319 0
66467 43
66814 0
67218 43
67328 0
67335 62
67510 0
67535 37
67844 0
67937 37
68012 37
68482 0
69239 62
69346 0
70094 62
70735 0
71452 37
72056 0
72422 37
72845 0
72865 43
73009 37
73638 0
74124 62
74241 0
74847 62
75144 37
75220 0
75242 37
75362 0
75398 37
75514 43
75569 62
75825 62
75916 0
76940 37
77892 0
78070 43
78484 0
78692 37
79203 0
79276 43
79437 0
80458 37
80715 0
80920 37
80968 43
81600 62
81841 62
81903 0
82033 37
82235 0
82450 37
82468 0
82483 62
82654 0
82920 43
83262 37
83498 0
83535 62
83577 37
84283 0
84504 37
85014 0
85199 37
85284 0
86044 43
86625 0
86970 43
87890 0
88082 37
88153 62
88361 0
88437 62
88538 0
88726 62
88839 0
90039 37
90138 0
90195 62
90772 0
90995 62
91340 43
91497 0
91634 62
91734 62
91799 0
92162 43
92179 0
92234 37
92513 0
92714 37
93348 0
93982 62
94066 0
94185 43
94255 0
94343 62
94468 43
94841 43
94882 0
95138 43
95220 62
95429 0
95669 37
95752 0
96205 62
96623 0
96638 62
97183 0
97439 62
97591 0
98262 62
98357 0
98720 43
98766 0
99190 43
99207 37
99559 0
99796 43
265 events for 3
393 78
405 0
1184 78
1347 0
1637 78
1678 0
1910 78
1990 0
2013 78
2054 0
2225 79
2717 0
3712 79
3784 78
3928 0
4163 78
4757 78
4972 78
5068 0
5080 79
5379 0
5885 78
5891 79
6006 0
6157 79
6574 0
6921 78
6980 79
7336 0
7611 79
7776 79
9102 0
9612 79
9641 0
10223 78
10603 79
10788 0
11227 79
11304 0
12225 78
12282 0
12859 79
13105 0
13585 78
13898 0
14385 78
14403 0
15438 78
15607 0
15967 79
16439 0
16970 78
17118 0
17147 79
17704 0
17748 78
17999 78
18071 0
18437 78
18591 78
18824 0
19240 78
19518 79
19847 0
20430 79
20644 0
22091 79
22177 0
22351 78
22737 0
22958 79
22963 78
23904 0
24706 78
25071 78
25139 0
26460 79
26593 0
27210 78
27466 0
27622 79
28194 79
28381 0
28559 79
28866 78
29070 0
29484 79
29955 0
29999 78
30268 79
30508 78
30973 0
31260 78
31361 0
32272 78
32360 78
32372 78
33537 78
33701 0
34314 79
34663 78
35024 79
35333 0
35424 79
35729 0
35823 78
35880 0
36188 78
36359 0
37269 78
37321 0
37542 79
37973 0
38210 78
38635 78
40446 0
40807 79
42303 78
42354 0
42508 79
42515 79
42940 0
43008 78
43638 78
43699 0
44162 79
44925 78
45651 78
45720 0
45746 78
45881 0
46765 79
47654 0
47964 78
48048 0
48118 78
48451 78
48848 0
49447 79
49599 0
49690 78
50136 79
50278 79
50525 78
50893 0
51531 78
52175 0
52990 78
53675 0
54267 78
54297 0
54659 78
55021 0
55617 79
55629 0
55724 78
58094 0
58830 78
58861 79
58961 0
60006 78
60792 0
60931 78
61158 0
61878 79
62114 0
62390 78
63496 78
64128 0
64274 78
64343 78
64705 0
64985 78
65529 0
66026 78
66160 78
66215 78
66271 78
66613 0
66628 79
66962 0
66994 79
67012 0
67323 78
67400 78
68014 0
68983 78
70082 0
70431 78
70583 78
71125 0
71400 79
71906 0
71952 78
72287 0
72358 78
72403 0
73134 79
73229 0
73774 78
73775 0
73840 79
74594 78
74634 0
74833 79
74863 0
75144 78
75725 0
75864 78
76527 0
76718 79
76872 0
77042 78
77557 0
78267 79
78477 78
79023 0
79080 79
79710 78
80743 0
81316 78
81586 78
82626 78
82964 0
83528 78
83575 78
84842 0
84959 78
85691 0
85976 79
86529 0
86769 78
87092 0
87129 78
87345 0
87421 79
88696 78
88842 78
89388 78
89505 0
89506 78
89836 78
90155 0
91346 78
92111 0
92214 78
92458 0
92989 78
94098 78
94321 0
94582 78
94608 0
94764 79
94906 78
95111 79
96374 0
96385 78
96566 0
97098 79
97879 78
98212 0
98283 79
98351 0
98672 79
98694 0
350 events for 4
297 83
634 0
680 93
1336 0
1357 88
1639 0
1757 88
2082 0
2207 91
3340 0
3959 83
4055 0
4352 93
5204 0
5815 93
6269 0
6551 88
6556 91
6921 93
7088 93
7625 0
7871 91
8014 91
8705 0
8827 83
8945 0
9031 88
9158 0
9711 83
9799 0
10093 88
10179 91
10221 88
10454 0
10866 91
10923 0
11197 83
11311 91
13579 0
13648 83
13686 0
13807 88
13936 93
14099 88
14245 0
14284 88
14560 0
14908 88
14930 0
15237 88
15506 0
15776 93
15845 88
16028 0
16123 91
16145 0
16880 88
16913 0
17037 83
17206 91
17257 91
17291 0
17718 93
17910 0
17913 91
18292 0
18491 93
18672 0
18797 93
18871 0
19116 91
19171 0
19371 91
19665 0
20003 91
21560 91
21983 93
22318 0
22447 83
22453 0
22544 83
22841 0
22963 93
23088 0
23159 93
23161 0
23621 83
23778 0
24304 93
24455 0
24555 88
24575 0
24753 83
25177 0
25587 88
25765 0
25918 93
26176 83
26435 0
26521 88
27063 93
27198 0
27382 88
28927 93
29304 0
29628 93
30049 88
30551 93
30657 0
30659 93
30763 91
31060 0
31550 83
31628 0
31779 93
31979 88
32214 0
32655 91
32726 93
33489 0
33848 93
34166 83
34191 83
34874 0
35597 93
35786 0
35856 83
35893 0
36243 93
36962 93
37167 83
37635 0
37721 88
38464 0
38806 83
38934 0
39042 83
39715 0
39830 83
40106 0
40180 83
40456 0
40494 93
40507 88
40512 0
40543 91
40613 0
41023 91
41826 0
42086 91
42174 88
42344 83
42834 93
43246 0
43402 83
43791 0
44075 83
44391 88
44667 93
45384 0
45389 83
45746 0
46311 93
46580 0
47130 83
47389 93
47929 91
48079 83
48339 93
48367 0
48882 83
49066 0
49355 91
49370 0
50102 93
50336 0
50848 88
51239 0
51472 93
51938 0
52153 88
52298 0
52508 91
53082 0
53249 83
53391 0
53403 83
53837 0
54050 88
54530 91
54597 0
54963 91
55045 0
55152 83
55313 83
55664 0
55955 93
56511 93
56930 93
56949 0
57204 93
57827 93
57900 0
59157 93
59499 83
61233 88
61474 0
61636 83
61925 0
62438 93
62698 0
62925 88
63160 0
63250 83
63454 88
63470 88
63615 0
64236 83
64806 93
65127 0
65323 91
65709 91
65850 0
66183 93
66280 0
66307 91
68765 0
68994 83
69033 0
69734 93
70607 0
70721 83
70825 0
70902 93
71191 0
71241 88
71288 0
71432 88
73149 0
73450 93
73793 0
74399 88
74427 0
74445 93
74462 88
74822 88
74877 0
74914 83
74957 0
75008 91
75574 0
75920 88
75935 0
75980 93
76005 0
76282 88
76655 0
76917 91
77235 0
77259 91
77443 0
77458 88
77479 0
77654 93
77785 0
78352 91
78671 93
78685 83
79061 0
79882 93
80302 0
80348 88
80384 83
80614 88
80845 0
80995 83
81076 91
81481 93
81497 91
81604 0
82089 91
82330 0
82742 88
83730 0
84345 91
84469 0
84740 88
84795 0
85228 88
85371 0
85863 88
85967 0
86201 93
86241 91
87119 0
87680 88
87764 0
87858 93
88090 91
88683 0
88757 91
88814 88
88963 0
89086 93
89706 0
90159 88
90184 0
90367 83
91144 93
91440 0
91998 88
92146 0
92210 88
92257 0
92270 88
92448 0
92571 93
92724 0
92745 83
93513 0
93760 83
93946 93
93996 0
94207 91
94239 83
94391 83
94688 0
94695 93
95018 0
95634 83
95819 0
95927 83
96158 91
96376 0
96439 91
96521 0
96945 88
97026 0
97067 88
97109 0
97183 88
97192 0
97397 93
97904 0
98726 93
98743 0
98902 91
99081 0
99179 83
99482 0
671 events for 5
35 28
77 0
80 26
461 0
471 33
506 31
1163 0
1244 26
1354 0
1668 27
1964 26
1984 33
2014 0
2057 31
2420 0
2450 33
2535 0
2800 33
2876 0
2932 33
3037 0
3049 27
3057 0
3244 33
3501 33
3567 28
3743 0
4328 33
4562 0
4717 28
4825 0
5050 27
5057 0
5166 28
5452 0
5644 26
5663 0
5919 26
5940 0
5976 31
6037 0
6156 27
6434 0
6540 28
7001 0
7186 26
7291 0
7417 26
7462 0
7641 33
7645 28
8130 0
8186 31
8408 0
8535 26
8728 27
8747 0
8821 27
9016 0
9059 26
9182 27
9191 0
9221 33
9230 0
9418 31
9470 28
9486 27
9546 0
9969 26
10038 31
10135 0
10471 27
10536 0
10606 26
10820 28
10986 26
11282 0
11472 27
11516 0
11565 33
11754 0
11789 27
11804 0
11917 33
12123 0
12266 26
12380 28
12397 26
12721 26
12773 33
12908 33
13241 28
13276 0
13677 28
13696 27
13965 0
14276 31
14635 0
14706 28
14717 0
14734 27
14959 0
15026 27
15443 0
15455 31
15542 0
15898 28
16052 0
16429 28
16873 33
16934 0
17637 26
17815 27
17818 0
17845 27
17847 0
17908 33
18007 28
18147 0
18330 33
18388 26
18484 28
18522 0
18574 31
18594 0
18817 28
18908 0
18910 27
19187 0
19196 28
19324 27
19628 0
19831 28
19860 0
20279 31
20602 0
20998 28
21106 0
21167 28
21171 28
21200 0
21336 28
21412 0
21415 27
21441 0
21472 31
21475 0
21565 28
21578 0
22043 28
22344 0
22491 31
22639 0
22998 28
23014 26
23062 0
23369 26
23433 31
23718 0
23790 26
23799 0
23892 28
24164 0
24251 33
24717 0
24763 26
25027 0
25442 33
25520 0
25528 28
25619 0
25685 26
26114 0
26244 27
26327 28
26441 31
26442 26
26800 28
26834 0
26956 28
27103 0
27225 28
27259 0
27630 26
27634 31
27699 0
28125 31
28168 0
28345 28
28379 0
28422 28
28584 0
29016 33
29044 0
29079 31
29095 0
29116 28
29504 28
30051 0
30176 31
30311 0
30394 28
30694 0
31086 28
31369 28
31464 0
31480 33
31521 0
31564 33
31663 0
31900 27
31913 0
32188 31
32711 0
32782 28
32888 0
32900 31
33109 33
33180 0
33205 27
33309 28
33425 0
33545 28
33636 28
33726 0
33733 26
33762 0
33830 28
34058 0
34094 28
34215 0
34430 28
34699 0
34952 33
34970 26
35042 0
35046 26
35175 26
35432 33
35446 0
35476 28
35652 26
35716 27
35860 0
35879 26
36203 0
36242 27
36641 0
36721 31
37481 28
37727 31
37892 26
38081 31
38455 0
38512 26
38515 0
38693 28
38773 0
38792 31
38920 0
38985 27
39013 0
39110 28
39277 0
39378 28
39465 0
39481 28
39503 0
39511 26
39711 0
40003 28
40018 0
40083 26
40275 0
40304 27
40495 0
40510 27
40618 28
40958 0
40965 26
40989 0
41049 26
41088 31
41089 0
41339 28
41485 0
41526 27
41547 26
41611 0
41826 28
41833 27
41868 28
41872 0
42046 28
42097 31
42216 33
42435 0
42659 27
42702 0
42958 33
42996 28
43022 0
43465 28
43545 27
43832 28
43898 28
43936 27
44241 28
44290 0
44400 28
44414 33
44433 28
44539 0
44696 33
44776 0
44950 27
45346 26
45469 0
45570 33
45765 0
45823 31
45961 0
45988 28
46061 0
46180 26
46303 0
46332 27
46376 0
46569 31
47025 0
47123 28
47178 28
47271 28
47291 0
47296 28
47395 0
47590 33
47673 0
47886 33
48089 0
48226 33
48302 26
48379 31
48506 0
48512 31
48550 0
48634 26
48685 28
48724 0
48903 26
48925 0
49127 31
49222 0
49274 26
49344 0
49946 33
49957 0
50018 28
50211 28
50292 28
50379 0
50650 33
50822 0
50937 27
51064 0
51261 27
51411 0
51464 28
51535 0
51661 31
51963 0
51968 28
52093 0
52122 28
52147 26
52221 0
52252 26
52584 28
52712 0
52727 27
52910 0
53290 33
53348 0
53368 31
53389 0
53807 33
54040 0
54457 26
54538 0
54683 27
54732 26
54748 0
55485 26
55628 0
55726 31
55903 28
56163 0
56269 33
56496 0
56640 27
57021 0
57026 33
57088 0
57094 28
57264 33
57329 0
57394 28
57482 0
57497 27
57558 0
57577 28
57853 0
58099 28
58325 0
58522 31
58780 0
58812 26
59027 0
59037 31
59338 0
59346 28
59376 0
59431 33
59455 0
59662 27
59858 0
59859 28
59861 27
59924 0
60048 28
60334 0
60354 28
60434 28
60486 28
60615 0
61457 26
61464 28
61476 0
61517 28
61657 28
61697 0
61753 31
61840 0
61949 27
62066 0
62236 26
62272 0
62412 27
62766 0
62920 28
63073 27
63077 31
63155 0
63278 26
63417 0
64106 27
64486 33
64572 28
64667 0
64710 31
65146 0
65162 28
65351 0
65396 31
65504 28
65521 28
65717 28
65824 0
65944 27
65951 0
66059 26
66489 0
66549 31
66577 28
66678 28
67168 28
67385 0
67400 33
67608 28
67948 28
68003 0
68191 31
68341 0
68562 27
68567 0
68584 26
68604 0
68672 28
68675 0
68685 26
68833 26
68923 0
69082 28
69255 0
69361 31
69567 26
69632 0
69789 28
69931 26
70184 0
70188 31
70464 31
70470 0
70492 27
70513 0
70517 31
70792 28
71005 26
71707 27
71905 0
72042 28
72485 0
72494 31
72576 0
72954 31
73161 27
73280 0
73604 26
73660 0
73757 26
73817 0
73855 27
74026 0
74406 28
74636 0
74648 28
74696 0
74699 28
74753 0
74964 27
74965 0
75587 28
75648 33
75755 0
75870 28
75962 0
76149 27
76647 28
76756 0
76865 27
77061 0
77346 26
77841 0
78260 28
78543 0
78854 28
78887 0
79225 28
79462 0
79839 31
79876 0
79975 26
80012 27
80028 0
80228 26
80376 27
81024 0
81143 28
81230 0
81318 26
81404 33
81610 0
81807 33
81812 0
81962 31
82452 27
82485 28
82637 33
82679 28
82728 0
82803 28
82949 0
82954 26
83036 0
83241 33
83463 27
83547 26
83634 27
83803 0
84064 27
84156 0
84312 26
84336 0
84363 31
84458 0
84577 28
84591 27
84898 0
85264 28
85507 0
85849 33
85924 0
86079 28
86209 0
86239 31
86303 33
86404 0
86542 28
86576 0
86680 33
87111 0
87161 26
87393 0
87436 31
87690 0
87835 28
87979 26
87998 28
88430 0
88684 26
88772 0
89037 31
89634 0
89724 28
90213 0
90277 31
90444 0
90516 28
91105 0
91234 27
91795 28
92039 26
92201 0
92352 26
92735 28
93386 0
93540 26
93590 0
93606 27
94077 0
94106 28
94257 31
95022 0
95139 28
95259 0
96057 31
96147 0
96200 28
96292 0
96370 26
96671 0
96834 27
96846 26
96893 28
97077 0
97237 31
97309 0
97428 31
97552 0
97603 27
97644 0
97823 31
97885 31
97905 0
97906 33
98161 0
98616 33
98736 0
98750 27
99063 0
99093 28
99289 28
99295 0
99338 27
99591 0
99592 33
99611 0
99642 28
99708 0
99889 28
99904 28
992 events for 6
28 67
104 73
244 67
248 0
360 63
403 0
426 73
438 67
740 0
763 62
878 0
890 79
1048 0
1267 79
1586 0
1600 73
1676 0
1680 79
1794 0
1804 62
1874 0
1908 79
2120 0
2150 63
2249 0
2350 63
2531 67
2737 0
2866 62
3183 0
3340 73
3377 0
3414 73
3453 63
3545 73
3725 0
3766 63
4030 73
4035 0
4044 67
4051 0
4225 79
4256 67
4282 67
4294 79
4503 0
4513 62
4708 0
4730 67
5134 0
5238 63
5258 73
5453 0
5615 67
5619 63
5912 0
6172 73
6396 0
6519 73
6525 0
7010 73
7144 0
7319 63
7334 0
7407 79
7415 0
7539 67
7660 0
7700 63
7816 63
8146 0
8294 63
8530 67
8691 73
8712 0
8744 63
8824 0
8826 67
8982 67
9134 0
9175 67
9229 0
9439 67
9769 62
9796 0
9864 63
9910 0
9993 79
10416 62
10557 0
10617 62
10634 0
10709 73
10761 0
10942 79
10992 79
11014 0
11124 79
11418 0
11439 63
11578 0
11581 62
11625 0
11710 73
11903 62
12004 63
12146 67
12211 0
12227 62
12231 79
12344 67
12402 0
12797 79
12843 0
12883 62
13015 0
13130 79
13376 0
13498 79
13530 73
13746 0
13884 67
14039 0
14135 62
14517 67
14522 62
14547 73
14731 0
14787 79
14794 0
14946 63
15024 0
15148 73
15228 73
15292 0
15421 79
15443 0
15528 73
15542 0
15572 62
15588 67
15622 0
15915 63
16031 0
16096 63
16293 0
16532 63
16607 0
16867 63
17113 0
17247 73
17258 73
17393 0
17399 73
17586 0
17621 73
17666 0
17799 79
17875 0
18093 63
18369 0
18404 63
18605 0
18654 63
18693 0
18756 63
18807 0
18945 63
19007 0
19200 73
19508 0
19558 62
19830 79
19893 79
19896 0
19969 79
20220 0
20221 79
20293 63
20323 0
20379 62
20438 0
20462 73
20583 0
20873 73
20980 73
21378 0
21597 62
21666 0
21679 62
21804 63
21808 0
21951 79
22007 0
22066 73
22068 0
22202 73
22440 0
22497 73
22517 0
22625 63
22645 0
22738 63
22747 0
23135 67
23175 0
23294 79
23345 62
23501 0
23584 79
23685 0
23865 67
24002 0
24093 67
24238 0
24299 63
24631 0
24917 67
25260 63
25314 0
25393 73
25403 67
25528 0
25768 63
26202 0
26278 67
26428 0
26476 67
26556 62
26584 0
26615 63
26704 0
26769 63
26783 0
27121 67
27130 0
27163 73
27260 0
27287 62
27449 63
27502 0
27548 67
27694 0
27812 79
27938 73
28024 0
28194 79
28200 0
28206 63
28483 0
28575 67
28621 62
28627 0
28701 73
28737 73
28815 0
28941 63
29382 0
29503 79
29529 0
29745 79
29776 0
29818 73
29860 67
29876 73
29895 0
29954 79
30117 0
30170 62
30211 0
30271 62
30327 0
30338 67
30386 67
30561 63
30568 0
30822 67
31120 0
31313 62
31443 73
31579 73
31641 0
31735 79
32043 0
32046 73
32323 63
32378 0
32446 79
32516 79
32541 63
32592 0
32599 67
32626 63
32652 0
32740 63
32959 0
33056 79
33059 0
33335 79
33462 0
33614 73
33871 0
34183 62
34245 63
34465 0
34494 67
34973 0
35022 62
35032 73
35165 0
35295 73
35348 0
35543 62
35568 0
35589 67
35757 0
35932 67
35958 0
35992 73
36025 0
36084 62
36089 0
36155 79
36175 63
36180 0
36262 73
36537 79
36559 0
36565 62
36597 62
36611 67
36664 0
36677 62
36762 67
36884 63
37104 0
37152 73
37268 0
37343 79
37410 63
37537 0
37709 63
37900 63
38336 0
38559 79
38577 62
38757 0
38810 62
39103 0
39154 62
39183 79
39492 73
39504 0
39510 73
39661 0
39966 73
40260 0
40331 79
40507 0
40651 73
40955 0
41079 67
41248 63
41251 0
41265 67
41293 0
41447 79
41684 67
41690 67
41791 0
41811 67
41821 62
41842 62
41880 0
41919 63
41920 63
42044 0
42073 67
42106 63
42141 79
42174 67
42191 67
42387 0
42574 67
42597 67
42692 0
42736 73
42793 67
42875 0
42883 73
42971 0
42999 79
43034 62
43131 0
43146 67
43168 0
43178 79
43248 63
43487 0
43546 62
43588 67
43666 0
43696 73
43744 0
43880 67
43919 0
44005 63
44156 0
44188 62
44303 0
44335 63
44444 0
44485 63
44535 62
44606 79
44672 73
45141 0
45160 73
45307 79
45341 0
45462 63
45590 0
45655 79
45959 0
45997 67
46116 73
46197 62
46208 63
46353 0
46357 79
46472 0
46521 63
46565 0
46600 73
46652 0
46668 67
46908 0
47231 63
48066 0
48086 79
48340 0
48493 73
48651 0
48826 73
48931 0
49090 79
49466 0
49491 79
49681 0
49684 63
49708 0
49787 73
49789 79
49995 0
50274 73
50499 63
50686 67
50708 62
50754 62
50762 67
51096 0
51099 73
51151 0
51277 67
51383 0
51478 79
51509 63
51579 0
51621 63
52038 0
52288 79
52294 0
52453 73
52617 73
52645 0
52722 79
52915 79
53313 0
53339 67
53525 0
53547 63
53726 63
53790 79
53851 63
53857 63
53962 0
54081 73
54217 0
54266 62
54567 0
54654 79
54819 0
54950 63
54960 79
54971 0
55287 73
55335 0
55419 79
55462 0
55594 62
55679 67
55899 0
55962 67
56003 0
56044 73
56329 79
56402 0
56436 73
56684 62
56693 0
56812 73
57125 79
57352 0
57399 62
57442 0
57444 63
57613 0
57711 79
57713 0
57729 62
57942 67
58027 0
58052 62
58076 0
58096 67
58271 67
58324 73
58335 0
58521 63
58562 0
58611 63
58766 0
58786 63
58874 0
59191 79
59371 0
59533 67
59580 0
59586 62
59631 0
59633 73
59645 79
59709 63
59713 0
59736 79
59813 0
59823 62
59849 0
59950 67
60143 0
60525 79
60562 0
60599 62
60650 0
60657 62
60658 0
60673 67
60696 0
60829 67
60844 0
61067 79
61110 73
61165 0
61204 79
61269 0
61277 63
61379 0
61446 67
61588 67
61664 0
61721 62
61834 0
62032 67
62123 0
62205 67
62335 0
62408 63
62426 0
62488 73
62543 63
62685 79
62687 62
62707 0
62709 67
62893 0
63023 73
63200 0
63221 67
63230 0
63341 63
63367 0
63372 67
63586 0
63779 67
63813 0
63859 73
63903 73
63946 0
63956 67
64044 0
64100 79
64161 0
64250 62
64284 0
64375 63
64597 73
64670 67
64696 0
64948 73
65028 0
65076 63
65099 0
65314 62
65346 63
65372 0
65382 62
65463 63
65507 0
65533 73
65553 62
65710 0
65760 67
65811 0
65976 79
65997 62
66009 0
66035 62
66251 79
66253 63
66256 0
66278 62
66377 0
66419 67
66765 0
66860 73
66894 0
67252 67
67266 0
67279 79
67424 67
67560 0
67570 73
67670 79
67717 73
67949 0
68045 67
68156 0
68596 62
68679 0
68847 79
68996 0
69142 67
69204 62
69212 0
69215 63
69237 0
69283 67
69329 0
69338 63
69391 63
69490 0
69585 67
69603 62
69882 0
69919 63
70099 73
70176 79
70184 0
70261 79
70281 79
70308 0
70343 79
70360 67
70405 73
70432 0
70465 63
70495 0
70825 73
70918 0
70969 67
70970 0
71107 79
71316 73
71460 0
71642 62
71673 73
71704 0
71735 73
71914 0
71972 79
72099 0
72110 73
72120 0
72263 79
72558 0
72577 62
72607 0
72762 62
72797 0
73043 62
73065 0
73102 79
73109 0
73170 63
73400 73
73631 0
73741 62
73887 63
74041 0
74155 73
74161 0
74208 67
74217 0
74262 73
74338 0
74382 67
74483 0
74491 67
74520 0
74789 62
75096 0
75140 67
75382 0
75419 79
75420 63
75438 63
75505 73
75511 0
75616 63
75794 0
75891 67
76187 63
76193 0
76264 63
76302 0
76343 73
76473 0
76552 73
76615 0
76639 79
76643 0
76852 62
76921 79
77243 62
77296 67
77346 62
77369 0
77411 63
77445 73
77528 0
77533 62
77598 62
77701 0
77770 73
77895 0
78094 79
78144 63
78254 0
78285 79
78407 79
78461 0
78490 62
78499 0
78636 62
78712 73
79033 79
79160 0
79203 63
79210 0
79346 79
79448 0
79501 79
79657 62
79974 79
80106 63
80171 62
80188 0
80226 79
80239 0
80317 63
80367 0
80482 63
80565 67
80995 62
81217 73
81244 0
81265 67
81327 79
81347 0
81553 67
81656 0
81726 73
81739 0
81918 63
82031 0
82040 79
82051 0
82094 63
82104 0
82165 63
82197 73
82248 0
82306 62
82353 62
82543 0
82688 63
82693 0
82703 62
82746 0
82890 67
82919 0
83130 67
83152 0
83238 79
83266 0
83270 79
83352 73
83445 0
83455 62
83484 67
83521 79
83556 0
83618 62
83880 63
84180 67
84296 0
84389 67
84716 0
84743 67
84780 0
84910 79
84975 0
85024 63
85028 0
85123 63
85162 0
85257 62
85317 73
85370 0
85486 73
85661 0
85688 73
85690 63
85754 0
85761 62
85866 62
85975 0
86195 73
86383 62
86491 0
86572 62
86632 0
86744 67
86752 0
86759 67
86872 0
86895 63
86898 67
87073 0
87098 62
87105 0
87316 67
87372 0
87414 63
87439 0
87723 73
87726 0
87776 62
88060 0
88220 63
88274 79
88403 0
88698 62
89009 0
89109 62
89358 79
89614 0
89856 79
89895 0
89918 67
90070 0
90234 73
90247 0
90332 67
90595 63
90618 0
90686 63
90881 62
90988 0
91002 73
91181 63
91353 0
91414 79
91436 0
91608 67
91628 0
91670 79
91692 0
91836 79
91965 0
92023 67
92218 0
92220 79
92272 63
92350 79
92447 67
92452 0
92467 62
92855 0
92981 73
93042 0
93067 79
93068 0
93175 62
93209 73
93586 0
93601 79
93709 0
93713 62
93775 62
93788 0
94243 73
94284 0
94420 73
94435 0
94503 62
94545 0
94588 63
94894 0
95037 63
95166 0
95323 79
95377 0
95498 63
95733 0
95989 79
96062 67
96168 63
96211 62
96221 0
96350 62
96544 67
96605 73
96683 0
96685 62
96722 79
96800 0
96817 79
96899 79
96971 0
97063 63
97306 0
97460 62
97673 0
97674 62
97682 79
97750 0
97759 79
97809 0
97839 67
97883 0
97943 62
98008 0
98307 79
98379 79
98386 0
98555 79
98568 0
98592 79
98637 67
98685 63
98796 0
98799 62
98864 0
99000 67
99016 0
99080 63
99087 0
99136 62
99182 0
99212 63
99273 67
99280 0
99342 79
99353 0
99496 62
99568 0
99586 62
99682 0
99725 63
99801 0
99833 67
251 events for 7
430 33
671 34
1732 0
1739 34
2187 34
3101 0
3123 34
3761 0
3774 33
3976 0
4016 33
4105 0
4378 33
4951 33
4974 0
6005 34
6085 33
6203 34
7145 34
7812 33
8397 0
8422 34
8609 0
8649 34
9078 0
9116 33
9376 0
9699 33
9947 0
10057 33
10090 0
10222 34
10505 0
10521 34
10524 0
10662 33
11160 0
11188 34
11453 34
12225 0
13210 34
13211 0
13239 34
13298 34
14130 33
14957 0
15046 33
15138 0
15483 33
16863 0
16865 34
17182 0
17507 34
17509 0
17857 33
19807 34
21559 0
22185 33
22267 34
23015 33
23157 34
23908 0
24249 33
24485 0
26273 33
26526 0
26821 33
26838 34
27232 0
28722 33
30147 0
30306 34
30812 0
31046 33
31288 0
31315 34
31728 0
31914 33
33026 0
33057 34
33264 0
33663 34
33734 0
33737 34
34169 33
34663 34
35334 0
35486 33
35950 34
35979 34
36719 0
37142 34
37539 0
37689 33
38042 0
38084 33
38909 0
39118 34
39522 0
39949 34
40382 0
40508 33
41241 34
41258 0
41560 34
42380 0
42591 34
42695 34
42971 33
43488 0
43962 34
44040 0
44147 34
44510 0
45021 33
46529 0
46986 33
47948 0
48029 34
48152 0
48169 33
48521 0
48523 34
48635 0
48979 33
49512 0
50748 33
50810 34
50838 34
52048 0
52169 34
52215 0
52320 33
52690 33
52692 34
54084 0
54132 34
54222 0
54238 34
55348 0
55349 34
56732 0
56883 33
57360 0
57492 33
57588 0
58432 33
60338 34
60535 0
60827 33
61016 0
61540 34
61973 34
62127 0
62716 34
63834 34
64447 0
65092 34
65143 0
65409 34
65729 0
66064 34
66310 34
66798 0
66912 34
66939 0
66995 33
67020 33
67051 33
67132 0
67225 33
68473 33
69469 33
69691 34
69985 33
70082 0
70480 33
70566 0
70914 34
71026 0
71530 34
71659 0
74509 34
75455 33
75459 0
76006 34
76028 0
76178 34
76586 34
76945 0
77553 34
77730 0
77810 34
78117 0
78296 33
78726 34
78918 0
79201 33
79387 0
79412 34
79821 0
79825 34
80240 33
80366 33
80661 0
80885 34
81129 0
81543 33
81926 0
81986 34
82088 0
82265 33
83669 0
83925 34
84010 0
84539 34
84903 33
84963 33
85090 0
85734 33
85939 0
86207 33
86622 0
86631 33
86735 34
86901 0
87747 34
88856 0
88892 33
89016 0
89037 34
89476 33
90178 0
90420 34
90941 0
91640 34
93189 0
95283 34
95527 34
96126 0
97189 33
97237 33
97301 0
97486 34
97989 0
98129 34
98236 0
98349 33
98446 0
99159 34
99240 0
