16 buffers
266225 43274
270703 47805
89205 7932
59893 7031
459295 2158
321643 19700
510110 24949
338542 7795
292068 40629
271777 26419
325258 55902
368485 7049
157947 28606
236016 34033
135000 10857
190589 148
40 downlinks
0 375 2500 605
1 2875 5000 698
2 5375 7500 773
3 7875 10000 672
4 10375 12500 701
5 12875 15000 660
6 15375 17500 567
7 17875 20000 729
8 20375 22500 751
9 22875 25000 569
10 25375 27500 643
11 27875 30000 564
12 30375 32500 537
13 32875 35000 774
14 35375 37500 724
15 37875 40000 632
16 40375 42500 530
17 42875 45000 776
18 45375 47500 738
19 47875 50000 576
20 50375 52500 540
21 52875 55000 596
22 55375 57500 734
23 57875 60000 627
24 60375 62500 746
25 62875 65000 757
26 65375 67500 668
27 67875 70000 588
28 70375 72500 623
29 72875 75000 701
30 75375 77500 637
31 77875 80000 700
32 80375 82500 706
33 82875 85000 683
34 85375 87500 527
35 87875 90000 743
36 90375 92500 655
37 92875 95000 648
38 95375 97500 546
39 97875 100000 622
587 events for 0
124 95
187 70
197 57
612 0
626 40
948 57
1221 0
1299 57
1372 0
2229 57
2586 40
2776 0
3027 95
3127 0
3342 95
3981 0
4032 58
4222 0
4273 40
4278 0
4312 57
4362 0
4406 95
4433 0
4466 70
4710 95
4774 0
4856 58
4861 0
4947 40
5098 0
5147 57
5484 0
5550 70
5738 0
5776 58
5937 70
6063 0
6192 58
6315 0
6332 70
6424 0
6487 70
6877 0
6917 40
6986 0
7158 58
7200 0
7496 40
8552 0
8588 58
9021 0
9185 57
9354 0
9590 40
9615 0
9666 40
9845 0
9863 57
9882 0
9929 57
10160 0
10338 57
10424 0
10430 57
10792 0
11172 57
11220 57
11226 70
11703 95
12224 0
12244 58
12443 0
12483 57
12557 0
13645 40
13681 0
13814 58
13873 0
14032 57
14057 57
14252 0
14802 95
14945 40
14955 0
15134 58
15420 95
15581 0
15731 95
15767 0
15879 70
15913 0
15968 58
16074 0
16145 57
16290 70
16477 0
16828 58
16995 0
17038 58
17222 0
17281 58
17604 0
17875 58
18013 70
18026 0
18184 40
18665 70
18669 40
18693 0
18851 95
18941 57
19414 0
19437 95
19543 0
19723 40
19731 0
20220 58
20268 40
20316 95
20772 0
20783 70
20938 0
20961 70
21027 58
21113 0
21195 58
21966 0
22014 40
22410 0
22538 40
22915 0
23901 58
24389 58
24396 0
24428 95
24466 0
24491 95
24629 57
24763 0
24792 57
24869 40
25493 0
25540 70
25742 0
25784 57
25950 0
26172 95
26245 40
26402 0
26473 40
26494 95
26647 0
26792 57
27060 0
27253 57
27633 57
27807 0
27844 40
27982 0
28211 40
28232 0
28254 95
28714 0
28735 40
28756 0
28857 70
29075 0
29248 57
29515 0
29534 70
29582 0
29856 40
30035 0
30044 57
30194 0
30242 58
30350 0
30366 95
30370 0
30571 95
30725 0
30792 58
31380 0
31416 40
31570 0
31689 40
32175 95
32213 0
32458 57
32594 0
32673 70
32810 70
32829 57
32946 0
33191 57
33277 0
33338 70
33515 70
33571 70
33720 40
33904 0
34177 70
34448 58
34461 0
34528 40
34589 0
34775 40
35098 0
35289 57
36124 58
36264 0
36275 57
36531 40
36626 0
36670 70
36709 0
36722 57
36762 0
36959 70
36991 57
37202 40
37406 0
37432 57
37452 0
37527 95
37843 0
37995 95
38064 0
38126 40
38283 0
38454 57
38537 0
38569 40
39005 58
39455 58
39830 0
40276 58
40566 0
40616 58
40816 0
41061 40
41325 58
41597 0
41910 40
42218 58
42292 0
42323 58
42396 57
42423 0
42983 95
43180 58
43310 0
43519 58
43693 0
43714 57
43821 0
44199 57
45043 0
45253 58
45311 0
45388 95
45695 0
45698 95
45714 40
45862 0
45957 40
46087 57
46111 0
46115 58
46222 57
46228 0
46922 70
47087 0
47152 70
47294 0
47337 57
47603 95
47656 95
47660 40
47698 0
47715 70
47788 0
47823 40
47868 0
47960 58
48212 0
48791 58
48861 0
48933 40
48938 0
49231 40
49398 0
49494 40
49964 0
50361 70
50368 40
51014 0
51146 95
51180 0
51191 70
51268 0
51280 70
51408 0
51667 40
51867 0
51901 95
52168 0
52295 95
52442 0
52670 70
52706 40
52839 95
52881 0
53160 57
53277 40
53309 0
53381 40
53405 0
53939 58
54197 0
54681 95
54713 0
54802 95
54807 0
55071 58
55105 70
55340 0
55909 58
56076 0
56471 40
56481 0
56670 57
56711 0
56741 40
56907 0
56946 95
57380 0
57440 70
57563 58
57701 58
57737 0
57743 70
57762 0
57794 95
57873 70
58327 0
58708 57
58852 0
59001 70
59266 70
59377 0
59585 58
59827 95
60200 0
60405 58
60533 95
60608 0
60832 70
60915 0
61046 57
61154 70
61201 58
61320 0
61422 70
61487 0
61586 58
61763 0
61881 58
62119 58
62262 95
62283 0
62285 95
62304 0
62655 70
63224 0
63292 40
63335 0
63523 57
63797 0
63867 40
64207 0
64389 95
64470 0
64655 57
64950 0
64956 40
64983 70
65052 58
65233 40
65268 0
65317 40
65407 0
65468 95
65527 95
65698 0
66113 40
66173 70
66422 0
66461 40
66464 0
66889 95
67039 70
67075 0
67431 40
67550 0
68229 95
68240 0
68246 95
68378 0
68386 40
68705 0
68957 58
68981 40
69073 0
69216 57
69339 0
69356 58
69474 0
69547 95
69594 70
69826 95
70170 40
70382 0
70457 70
70713 0
70933 95
71023 0
71190 58
71247 58
71283 0
71625 40
71829 0
71952 40
72906 0
73308 70
73315 58
73412 40
73451 0
73537 57
74818 0
74891 58
75016 0
75079 40
75323 0
75328 95
75713 40
75768 58
75911 0
75985 95
76036 0
76511 58
76686 0
76755 58
76789 0
76883 40
77190 0
77477 40
77819 0
77862 58
77901 0
78170 70
78539 40
78613 0
78927 95
79154 0
79158 58
79164 0
79358 95
79503 0
80082 40
80085 70
80185 0
80295 40
80386 0
80417 57
80898 0
80909 70
80928 0
81251 57
81648 0
81743 57
82285 58
82431 95
82654 0
83029 40
83175 57
83189 58
83196 40
83198 0
83243 70
83251 0
83285 57
83350 0
83352 40
83359 0
83477 70
83551 58
84383 0
84522 57
84681 0
84697 58
84794 0
85114 70
85214 70
85529 0
85678 57
85906 0
86008 58
86278 0
86439 57
86458 0
86513 70
86585 0
86608 57
86674 0
86895 95
87112 0
87217 70
87271 0
87326 40
87448 0
87620 58
87857 0
88122 40
88505 0
88955 57
89163 57
89258 0
90202 95
90496 0
90742 58
90795 0
90809 95
90833 0
90848 95
90889 95
90904 0
91393 57
91676 0
91698 58
91720 0
91816 58
92075 57
92116 0
92260 57
92826 0
93255 70
93711 57
93928 0
94107 58
94171 70
94290 0
94291 40
94705 95
95025 0
95296 40
95299 58
95300 0
95361 40
95744 0
95970 70
96265 70
96424 0
96639 58
96730 58
96764 0
96766 40
97261 0
97266 58
97477 0
97538 40
97668 0
97688 57
97835 58
98525 0
98600 95
98649 0
98782 58
99013 0
99240 95
99302 0
99583 40
99604 0
99731 70
99786 40
99832 58
826 events for 1
12 58
86 0
519 58
775 0
789 64
814 0
951 44
1084 0
1370 34
1552 0
2026 56
2200 0
2207 82
2255 0
2360 42
2382 42
2454 0
2521 52
2524 44
2633 0
2921 42
2986 0
3073 34
3305 0
3314 82
3414 0
3428 58
3527 0
3582 52
3622 52
3668 0
3777 44
4051 0
4100 34
4141 44
4149 0
4252 42
4379 0
4434 42
4506 0
4513 42
4570 0
4750 44
4976 0
5391 82
5515 58
5603 0
5695 42
5707 0
5839 64
5986 0
6205 64
6239 0
6384 82
6422 0
6538 42
6566 0
6862 64
6896 0
7136 82
7146 64
7478 0
7549 82
7637 42
8382 0
8503 44
8832 0
8981 34
9082 0
9138 44
9139 42
9159 52
9268 0
9401 58
9676 82
9684 0
9763 34
10144 52
10740 0
10920 64
11117 34
11219 0
11470 52
11479 0
11665 64
11682 0
11732 64
11775 42
11818 0
11856 44
11869 34
11921 0
12009 64
12064 0
12083 64
12247 0
12264 64
12265 0
12320 52
12437 44
12494 0
12597 64
12690 0
12733 64
12770 0
12900 34
12988 0
13054 52
13234 0
13529 64
13699 0
13702 56
14081 0
14157 44
14342 64
14379 0
14445 64
14595 64
14701 56
14716 0
14939 64
14985 64
14993 42
15070 0
15314 64
15328 0
15509 52
15527 0
15631 42
15697 0
15718 64
15821 0
15879 56
16147 0
16273 52
16337 64
16692 52
16838 0
16925 34
16926 82
17380 0
17408 42
17590 0
17623 82
17680 0
17770 56
17860 0
17884 56
17907 0
18063 64
18269 0
18288 58
18316 0
18324 58
18454 0
18518 42
18664 0
18668 64
18676 34
18743 0
18782 42
18872 52
18931 0
18988 56
19016 52
19019 0
19173 52
19301 0
19385 56
19765 0
19823 82
19868 0
19895 82
19905 0
20077 56
20098 58
20161 0
20261 82
20447 0
20514 82
20832 34
21446 0
21588 44
21862 64
21999 0
22047 64
22056 64
22253 0
22542 52
22547 0
22605 56
22785 0
23261 56
23361 0
23386 64
23453 0
23613 42
23848 0
23905 42
24021 0
24112 58
24116 0
24125 34
24384 64
25048 34
25128 0
25210 64
25260 0
25274 44
25324 82
25452 0
25633 44
25697 0
25895 52
26061 52
26174 44
26299 0
26407 52
26590 0
26604 34
26823 0
26853 82
26991 0
27073 64
27124 0
27131 82
27552 56
27582 0
27584 64
27641 0
27937 82
28087 0
28482 34
28536 0
28647 34
28759 0
28779 34
28786 82
28790 0
29005 82
29035 64
29072 64
29116 0
29200 52
29260 34
29275 0
29655 64
29664 0
29674 58
29901 0
30133 34
30211 34
30312 0
30330 52
30385 82
30397 0
30605 64
30665 56
30693 56
30818 0
30955 56
31228 82
31261 56
31364 0
31551 58
31588 0
31629 82
31833 0
32042 34
32101 0
32202 58
32231 0
32862 56
33145 0
33220 34
33273 34
33648 0
33693 34
33694 0
33908 64
34032 0
34049 58
34195 44
34238 0
34451 82
34602 0
34640 52
34703 56
34824 0
34845 52
35159 0
35177 34
35185 0
35374 58
35513 0
35842 52
35988 34
36025 64
36233 0
36396 34
36484 0
36536 64
36660 0
36670 44
36713 0
36783 64
36786 58
36957 0
36970 34
37135 82
37290 0
37423 56
37672 0
37764 64
37877 34
38016 44
38092 0
38185 34
38194 0
38223 64
38315 0
38406 64
38410 0
39006 64
39029 42
39359 82
39414 0
39454 64
39506 42
39676 0
39711 52
39795 0
39825 56
39868 0
39989 42
40056 0
40091 56
40169 42
40452 0
40561 42
40871 0
40947 56
41073 0
41256 52
41486 0
41719 64
41874 82
41957 0
42509 64
42687 58
42743 0
42756 58
42842 0
42869 64
42900 0
42937 42
42950 58
43174 56
43257 0
43288 64
43301 44
43439 0
43476 58
43901 0
43918 82
43928 0
44252 42
44513 0
44602 52
44663 0
44717 82
44775 0
44959 58
45094 0
45147 64
45184 0
45250 58
45298 0
45314 56
45453 0
45497 82
45928 0
46452 58
46477 52
46548 0
46759 64
46855 0
46964 58
47126 0
47199 82
47215 0
47219 56
47426 42
47480 56
47565 0
47735 42
47876 42
47889 0
47922 82
47991 82
48098 0
48261 34
48267 0
48540 64
48565 56
48579 0
48651 34
48859 44
48861 0
48899 82
49183 0
49230 58
49277 0
49294 64
49326 0
49612 64
49948 52
50182 0
50193 82
50196 0
50277 52
50334 58
50365 0
50470 42
50551 0
50965 82
50997 0
51141 52
51178 0
51266 64
51267 0
51292 34
51369 0
51520 52
51607 0
51929 42
52087 42
52119 0
52244 64
52294 0
52305 52
52347 0
52555 52
52667 0
52807 44
52944 0
52971 58
53077 0
53187 34
53470 44
53476 0
53643 34
53824 0
53910 58
53915 0
54038 34
54501 0
54522 56
54636 0
54899 44
54953 44
55234 0
55647 52
55924 0
55939 42
56181 0
56236 52
56429 0
56544 52
56584 0
57111 34
57128 34
57173 0
57232 52
57498 64
57561 0
57576 64
57578 0
57673 82
57777 0
57911 42
58218 0
58555 44
58837 42
59197 0
59341 34
59429 0
59460 64
59611 0
59800 42
59878 34
59923 52
60184 0
60323 42
60382 64
60427 0
60982 44
61005 0
61120 34
61221 82
61263 64
61433 0
61496 64
61732 0
61862 44
61896 44
62046 0
62058 58
62624 34
62630 0
62777 34
62841 0
62879 42
62935 0
63161 34
63271 0
63308 42
63423 34
64062 0
64160 34
64202 0
64232 64
64242 58
64296 0
64324 52
64453 0
64596 56
64606 0
64934 56
65228 0
65779 44
65790 0
65933 42
65975 56
65992 0
66018 52
66033 0
66075 34
66134 0
66189 58
66302 0
66362 64
66609 64
66980 0
67028 64
67181 0
67242 82
67244 0
67358 64
67389 0
67414 42
67514 0
67621 34
67649 82
67656 0
67842 64
67985 58
67988 58
68108 0
68415 56
68430 0
68431 56
68661 58
68807 0
68910 52
68937 0
69033 34
69118 0
69362 64
69488 0
69536 82
69883 0
70031 52
70141 82
70196 64
70207 0
70659 64
70710 0
71393 82
71450 0
71494 82
71604 58
71668 0
71787 42
71819 52
71890 0
72021 44
72088 0
72116 44
72238 0
72464 82
72497 0
72596 58
72618 0
72746 52
72873 42
73037 0
73231 64
73321 0
73667 34
73761 44
73813 0
74124 44
74131 56
74256 0
74299 64
74587 34
74743 52
74765 0
74968 44
75008 0
75087 64
75140 0
75144 64
75234 0
75303 42
75319 0
75330 42
75658 0
75689 82
75720 0
75925 34
76123 0
76154 34
76255 0
76364 44
76367 82
76398 0
76552 44
76702 0
77011 42
77014 0
77171 42
77241 0
77303 58
77445 64
77697 0
77731 44
77906 0
78132 34
78241 0
78351 64
78387 0
78544 64
78623 0
78644 64
78752 82
78803 0
79078 44
79136 0
79434 42
79661 0
79834 58
79975 34
80045 0
80182 82
80234 64
80277 0
80301 64
80571 0
80738 64
80747 0
80758 82
80859 0
80945 44
80951 52
81400 0
81443 82
81461 0
81474 34
81560 0
81687 44
81777 0
81778 34
81780 64
81961 0
81997 58
82056 0
82082 42
82130 56
82252 0
82278 52
82321 0
82391 58
82544 0
82779 82
82783 0
83394 64
83542 34
83614 56
83654 0
83971 44
84081 0
84119 44
84165 0
84274 56
84286 0
84334 64
84365 0
84815 52
85108 0
85203 42
85304 0
85314 34
85500 0
85519 64
85829 0
85869 42
85934 0
86122 44
86240 0
86566 64
86660 44
86662 0
86723 42
86925 0
87004 64
87128 58
87474 0
87537 52
87634 64
88149 0
88164 52
88231 34
88308 82
88350 42
88519 0
88669 64
88727 0
89142 64
89596 0
89626 82
89730 0
89925 56
90063 0
90091 34
90149 58
90176 0
90488 64
90607 0
90639 42
90811 0
90843 44
90962 0
91073 52
91155 44
91426 44
91435 44
91447 0
91618 64
91668 0
92018 42
92111 0
92275 56
92313 0
92341 64
92382 0
92418 44
92568 0
92615 44
92763 0
92905 34
92945 0
92961 82
93045 0
93049 56
93422 0
93529 44
93723 0
93733 34
93877 0
93963 34
94014 0
94215 52
94247 0
94267 82
94466 56
94584 64
94898 64
95233 44
95286 0
95287 82
95303 0
95604 64
95633 34
95716 0
95728 42
95774 64
95949 0
96050 44
96282 0
96547 64
96710 0
96759 58
96825 0
96894 82
97088 0
97147 34
97184 0
97290 34
97482 42
97643 0
98070 56
98076 0
98234 64
98268 0
98387 58
98468 0
98507 82
98678 44
98767 42
98769 0
99164 64
99200 52
99326 0
99458 44
99465 0
99572 52
99714 0
99793 34
99799 82
99806 34
99850 42
99871 0
99887 56
99983 44
922 events for 2
164 22
173 22
263 0
607 22
621 0
637 22
699 0
932 22
1078 0
1127 22
1471 0
1537 22
1908 0
2024 22
2098 22
2270 0
2504 22
2536 0
2630 22
2765 22
2791 22
2911 22
3236 0
3352 22
3387 0
3428 22
3900 22
4083 0
4112 22
4126 0
4167 22
4252 0
4282 22
4302 0
4403 22
4582 0
4650 22
4759 22
4788 22
4790 22
4822 0
4867 22
4870 0
4956 22
5142 0
5175 22
5198 0
5314 22
5463 0
5518 22
5553 22
5597 0
5761 22
5808 22
5842 0
5857 22
5870 22
5956 22
6025 22
6107 0
6178 22
6202 0
6305 22
6340 0
6401 22
6438 22
6462 0
6610 22
6753 22
6848 0
7032 22
7043 0
7244 22
7336 0
7383 22
7414 0
7631 22
7803 22
7890 0
7919 22
7921 0
8003 22
8048 0
8176 22
8240 0
8363 22
8423 0
8822 22
8979 0
9003 22
9137 0
9398 22
9456 0
9548 22
9550 22
9611 22
9619 0
9664 22
9729 0
9886 22
10081 0
10094 22
10165 22
10814 0
10830 22
11113 0
11120 22
11290 22
11295 0
11315 22
11569 22
11592 0
11728 22
11764 0
11898 22
12059 22
12066 22
12089 0
12143 22
12306 22
12520 0
12716 22
12727 0
12890 22
13073 22
13233 22
13712 0
13789 22
13840 22
13856 0
13872 22
13885 0
13979 22
14019 22
14175 0
14339 22
14372 0
14487 22
14655 0
14709 22
14736 22
14776 0
14962 22
15044 0
15055 22
15218 22
15608 22
15751 0
16137 22
16297 0
16484 22
16636 0
16726 22
16800 0
16957 22
17201 22
17296 0
17341 22
17355 0
17406 22
17698 0
17729 22
17930 0
18201 22
18296 22
18572 0
18635 22
18666 0
18697 22
18902 0
18997 22
19126 22
19207 0
19234 22
19237 0
19382 22
19499 22
19679 0
19835 22
19865 22
19975 0
20024 22
20093 0
20188 22
20316 22
20342 0
20348 22
20544 0
20650 22
20651 22
20797 0
20900 22
21170 0
21253 22
21446 0
21654 22
22288 0
22357 22
22950 22
23085 22
23196 0
23217 22
23281 0
23371 22
23457 0
23475 22
23597 22
23683 22
23867 22
23984 0
24037 22
24093 22
24181 0
24211 22
24289 0
24292 22
24300 0
24369 22
24612 0
24973 22
25063 0
25160 22
25221 0
25381 22
25391 0
25512 22
25553 0
25643 22
25716 0
26045 22
26163 22
26321 0
26410 22
26509 0
26667 22
26682 0
26798 22
26937 0
27038 22
27045 22
27267 0
27312 22
27424 0
27459 22
27719 0
27805 22
27840 22
28102 0
28145 22
28157 0
28207 22
28244 0
28382 22
28394 0
28458 22
28481 0
28701 22
28833 22
28957 0
29074 22
29114 0
29160 22
29175 0
29201 22
29330 0
29386 22
29518 0
29593 22
29886 22
29913 22
29947 0
30177 22
30195 0
30217 22
30266 0
30439 22
30681 0
30688 22
30695 0
30815 22
30869 0
30919 22
30924 0
31015 22
31203 0
31222 22
31315 0
31380 22
31438 0
31467 22
31634 22
31664 0
31718 22
31856 0
31921 22
32048 0
32055 22
32180 0
32492 22
32813 0
32927 22
32940 22
33042 0
33114 22
33237 0
33350 22
33372 0
33551 22
33719 0
33796 22
33835 0
33901 22
33990 0
34144 22
34470 0
34526 22
34819 22
35040 22
35052 22
35151 0
35228 22
35230 22
35404 22
35449 0
35650 22
35880 0
35957 22
36069 0
36403 22
36529 0
36741 22
36745 0
36911 22
36936 22
36986 0
37046 22
37173 0
37305 22
37465 22
37492 0
37891 22
38104 22
38129 0
38414 22
38438 0
38482 22
38649 0
38705 22
38771 0
38821 22
38824 22
38844 22
38921 0
38934 22
38952 0
38982 22
39452 0
39558 22
40005 0
40039 22
40174 0
40204 22
40328 0
40574 22
40599 0
40607 22
40811 0
40847 22
40896 0
40917 22
41011 0
41066 22
41244 0
41401 22
41539 0
41663 22
41699 22
41764 0
41893 22
41922 0
41985 22
41998 22
42011 22
42026 0
42054 22
42187 0
42201 22
42238 22
42268 0
42287 22
42393 0
42480 22
42483 0
42655 22
42684 0
42718 22
43065 0
43084 22
43508 0
43674 22
43877 0
43969 22
44025 0
44141 22
44146 0
44658 22
44782 0
45034 22
45172 0
45174 22
45178 0
45181 22
45235 0
45483 22
45541 22
45689 22
45700 0
45759 22
45944 22
46180 22
46386 0
46546 22
46580 0
47031 22
47053 0
47128 22
47155 0
47182 22
47189 0
47419 22
47553 0
47588 22
47603 0
47635 22
47736 22
47955 0
48089 22
48270 0
48332 22
48879 0
48981 22
49138 0
49155 22
49384 0
49497 22
49669 0
49744 22
50127 0
50154 22
50191 0
50203 22
50253 0
50312 22
50368 0
50410 22
50506 0
50619 22
50648 22
50665 0
50792 22
50895 0
50985 22
51019 0
51061 22
51111 0
51362 22
51525 22
51526 0
51678 22
51795 0
51853 22
51944 0
52064 22
52232 22
52251 0
52346 22
52367 22
52473 0
52543 22
52554 22
52888 0
52910 22
52984 0
53090 22
53101 22
53217 22
53404 22
53557 22
53995 0
54160 22
54174 0
54233 22
54300 0
54402 22
54404 0
54790 22
55026 0
55708 22
55720 0
56063 22
56147 22
56372 22
56411 0
56417 22
56476 22
56547 0
56631 22
56814 0
56856 22
56906 22
57005 0
57099 22
57219 0
57391 22
57932 0
58046 22
58641 0
58778 22
58857 22
59041 0
59238 22
59249 22
59284 0
59403 22
59432 22
59545 22
59684 22
59919 22
59988 0
60017 22
60018 0
60052 22
60151 0
60581 22
60748 22
60845 22
60846 0
61158 22
61212 22
61354 0
61411 22
61413 0
61585 22
61595 0
61606 22
61867 22
61899 0
62202 22
62204 22
62223 0
62237 22
62245 22
62334 0
62396 22
62442 0
62444 22
62471 0
62527 22
62567 0
62635 22
62711 0
62883 22
62904 22
62954 0
63055 22
63087 0
63233 22
63310 22
63447 22
63562 0
63708 22
63738 0
63739 22
63832 22
63992 0
64162 22
64191 0
64249 22
64316 22
64495 0
64521 22
64539 0
64552 22
64554 0
64573 22
64639 0
64842 22
65430 0
65455 22
65516 0
65891 22
66053 0
66093 22
66111 0
66128 22
66159 0
66176 22
66275 0
66510 22
66656 22
66702 0
66881 22
66934 0
67092 22
67137 22
67149 0
67171 22
67264 0
67390 22
67499 0
67533 22
67621 0
67709 22
67728 0
67755 22
67786 0
68057 22
68080 0
68122 22
68133 22
68376 22
68420 22
68437 0
68979 22
69064 0
69083 22
69104 0
69125 22
69261 0
69336 22
69398 0
69475 22
69744 0
69840 22
69857 0
69864 22
69877 22
70110 0
70565 22
70567 0
70569 22
70585 0
70834 22
70916 0
70919 22
71280 0
71346 22
71592 0
71637 22
71644 0
71710 22
71817 0
72024 22
72105 0
72162 22
72262 22
72326 0
72393 22
72446 0
72513 22
72550 0
72696 22
72716 0
72795 22
72845 0
72962 22
73209 0
73233 22
73520 0
73558 22
73653 0
73865 22
73928 22
74148 22
74280 0
74382 22
74476 0
74522 22
74542 0
74578 22
74586 0
74683 22
74718 0
74731 22
74789 0
75026 22
75383 0
75462 22
75473 0
75603 22
75613 22
75731 0
75757 22
75887 0
76015 22
76022 0
76044 22
76074 22
76142 0
76389 22
76457 22
76458 0
76543 22
76684 0
76796 22
76927 0
76937 22
77031 0
77063 22
77124 0
77141 22
77197 22
77270 0
77343 22
77369 0
77444 22
77481 0
77835 22
77871 22
77935 0
78012 22
78253 0
78841 22
78886 0
78923 22
78982 0
79194 22
79384 0
79462 22
79666 0
79737 22
79747 0
79783 22
79792 22
80239 0
80284 22
80432 22
80497 0
80551 22
80646 0
80763 22
80881 0
81180 22
81201 22
81296 0
81318 22
81335 0
81366 22
81612 0
81707 22
82169 0
82408 22
82499 0
82539 22
82637 0
82671 22
82838 0
83155 22
83334 22
83422 22
83452 22
83601 0
83633 22
83695 22
83734 0
83857 22
83972 0
84005 22
84038 22
84045 0
84243 22
84280 0
84482 22
84590 0
84789 22
84822 0
84985 22
85186 0
85302 22
85327 22
85392 22
85419 0
85427 22
85550 22
85777 0
85878 22
86211 22
86277 0
86378 22
86422 0
86467 22
86474 0
86807 22
86946 0
87043 22
87282 0
87297 22
87541 22
87586 0
87641 22
87675 0
88072 22
88307 22
88346 22
88507 0
88599 22
88709 0
88790 22
88902 0
88914 22
89016 22
89238 0
89245 22
89319 22
89327 0
89337 22
89372 0
89471 22
89474 0
89502 22
89684 0
89686 22
89757 0
89977 22
90204 0
90324 22
90572 0
90649 22
90836 0
91031 22
91145 0
91162 22
91600 22
91611 22
91746 0
91791 22
91823 0
91869 22
92081 0
92098 22
92157 0
92326 22
92378 0
92380 22
92396 0
92410 22
92463 22
92631 0
92775 22
92847 22
92938 0
92968 22
92995 22
93122 0
93160 22
93190 22
93235 22
93387 22
93464 0
93599 22
93792 0
93852 22
93899 0
93948 22
94043 22
94109 0
94136 22
94148 0
94283 22
94390 22
94394 0
94524 22
94543 22
94604 0
94637 22
94654 22
94660 22
95016 22
95103 0
95219 22
95395 0
95439 22
95577 22
95581 0
95910 22
95911 0
95916 22
95996 0
96011 22
96031 0
96054 22
96401 0
96513 22
96735 0
96795 22
96977 0
97234 22
97419 0
97436 22
97487 0
97600 22
98113 0
98328 22
98419 0
98432 22
98444 0
98489 22
98547 0
98789 22
98794 0
98798 22
98882 0
98967 22
99233 22
99546 0
99698 22
99732 22
99775 0
99785 22
99872 22
99951 22
99990 0
159 events for 3
63 14
982 0
1905 14
2339 0
2922 14
3355 0
3849 14
7830 0
7861 14
8595 14
9189 14
9406 14
9782 14
10929 14
11144 14
11512 0
11805 14
12129 14
12792 0
12991 14
13001 0
14359 14
15124 0
15382 14
15817 14
16432 0
16719 14
17245 0
17898 14
18940 14
20359 14
20589 14
21565 0
21732 14
22101 0
22152 14
22567 14
23392 0
24401 14
24851 0
27892 14
27967 0
28182 14
28309 0
29225 14
29408 14
31273 0
31646 14
32016 14
32143 0
32277 14
32703 14
32897 0
33971 14
34553 0
34612 14
34735 14
35982 0
36409 14
36646 0
37383 14
37767 0
38382 14
38513 0
38893 14
39096 0
39184 14
39797 14
40939 0
41561 14
42358 0
42424 14
43030 0
44069 14
44510 0
45419 14
48181 14
48235 0
49082 14
49381 0
50434 14
50471 0
50965 14
52320 0
52672 14
54217 0
54859 14
54926 14
54938 14
55111 0
56704 14
56840 14
56841 0
56991 14
58961 0
59324 14
60199 0
60575 14
60891 0
61231 14
64039 0
65276 14
65786 0
65837 14
66477 14
67963 0
68467 14
68960 14
70295 0
71459 14
72070 0
72125 14
72661 14
73225 0
73944 14
75445 0
76229 14
76778 0
77113 14
77486 0
77544 14
78729 0
79023 14
79445 0
80430 14
80810 0
81247 14
81741 14
83068 14
83748 14
83818 0
84301 14
85165 0
85329 14
85811 0
86120 14
86800 0
86898 14
87095 0
87237 14
87798 0
90531 14
90847 0
90912 14
91165 0
91392 14
91686 0
91953 14
95068 0
95598 14
97118 0
97149 14
98060 0
98155 14
98250 14
98281 0
98436 14
98462 14
99560 0
517 events for 4
116 81
181 0
303 87
431 87
470 0
499 87
595 87
690 0
853 81
1099 0
1260 87
1277 0
1306 81
1575 0
1988 87
2041 0
2389 87
3507 0
3782 81
3901 0
4119 87
4315 0
4504 87
5023 0
5281 81
5289 87
5477 0
6114 86
6302 0
6486 81
6534 81
6618 81
7002 0
7026 87
7056 0
7102 87
7637 81
7699 0
8020 87
8277 81
8755 0
8899 81
8919 0
9211 87
9384 87
9603 0
9713 87
9763 0
10129 87
10315 0
10574 87
10719 0
10886 87
10894 86
11313 0
11909 81
12356 0
12474 86
12622 0
12669 81
12899 0
13162 87
13211 0
13217 86
13281 0
13723 81
13947 86
13995 87
14131 0
14172 87
14199 0
14219 81
14233 0
14245 81
14260 0
14303 87
15089 0
15210 87
15378 87
15655 0
15665 81
15858 86
16175 0
16270 86
16433 81
16501 0
16531 81
16544 0
16566 81
16720 0
16779 81
16992 0
17225 81
17279 87
17337 0
17742 81
17766 0
18398 86
18760 0
19234 81
19285 0
19375 87
19724 0
19816 81
20432 0
20468 81
20473 0
20605 81
20729 0
20903 86
21114 0
21441 87
22025 0
22177 87
22178 0
22262 81
22361 0
22440 87
22446 0
22660 87
23108 0
23147 87
23273 0
23359 86
23363 81
23415 0
23461 81
23762 0
24166 87
24785 0
24796 87
24813 86
25023 0
25124 87
25270 0
25477 81
25607 0
25725 87
25848 0
25875 81
26233 0
26665 87
26886 0
27033 81
27350 0
27436 86
27503 0
27529 81
27655 87
27706 0
28160 86
28806 86
28989 0
29073 81
29213 86
29503 0
29828 87
30145 0
30288 87
30337 0
30410 87
30738 0
31192 86
31547 0
31903 87
31939 0
31960 81
32143 86
32398 81
32403 87
32409 0
32526 81
32988 0
33229 87
33580 0
33706 86
34814 0
34927 86
35436 0
35686 87
35695 0
35812 87
36172 86
36633 87
36637 0
36994 87
36998 0
37056 81
37309 0
37334 87
37501 0
37801 87
37867 81
37935 0
38048 81
38070 0
38082 86
38248 0
38515 87
38620 0
39053 87
39263 86
39326 87
39473 87
39481 0
39899 87
40573 0
40703 87
40722 0
41116 87
41257 0
41622 81
41661 0
41849 81
42234 0
42498 86
42654 0
42667 86
43122 0
43172 81
43301 87
43409 86
43485 0
43589 81
44581 0
44608 87
45079 0
45141 86
45274 0
45289 86
45434 86
45701 86
45708 0
46299 86
46306 0
46373 86
46600 81
46635 0
46647 81
46693 0
46730 87
46818 0
46821 81
46971 0
47268 87
47290 86
48242 0
48284 87
48380 87
48538 0
48598 87
48637 0
48806 87
49005 0
49266 86
49694 0
49953 86
50091 0
50180 81
50190 81
50653 87
50944 81
50999 0
51045 86
51364 0
51438 87
51440 81
51780 0
52052 81
52252 87
52318 0
52454 87
52801 0
52964 81
53026 0
53200 86
53736 0
53757 87
53948 87
54013 0
54063 86
54103 0
54205 87
54376 87
54599 0
54693 81
54736 87
54806 86
54907 0
55237 87
55479 0
55573 86
55601 0
55638 86
56044 0
56497 81
56850 87
57113 0
57168 81
57217 0
57228 87
57475 0
57759 87
58405 0
58710 87
58836 81
59028 87
59421 0
59436 86
59445 81
59483 87
59502 0
59610 81
59824 0
59844 87
59945 0
60003 81
60126 0
60156 86
60507 87
61243 0
61916 87
62395 0
62447 81
62805 0
62827 81
62874 0
63064 86
63135 0
63300 87
63352 0
63546 87
63738 0
63915 86
63945 0
64347 81
64699 81
65306 0
65523 87
65588 0
65712 86
65786 0
66025 86
66138 0
66560 81
66602 0
66806 86
66867 81
66947 0
67197 87
67552 81
67999 0
68082 81
68394 81
68612 0
69325 81
69333 0
69375 87
69444 81
69613 87
69715 0
69936 86
70217 87
70228 87
70730 0
71031 87
71135 87
71210 0
71513 86
71653 0
72072 81
72123 0
72189 87
72241 0
72426 87
72482 0
72588 87
72723 87
72911 0
73058 87
73273 0
73297 87
73376 81
73807 0
74047 81
74291 0
74464 86
74717 86
74723 86
75026 87
75261 87
75365 0
75540 81
75661 0
75951 87
76025 0
76399 87
76462 87
76593 0
76915 81
77234 87
77250 0
77394 87
78622 0
78769 81
78876 0
79047 81
79394 81
79508 0
79515 87
79520 81
79745 0
80146 87
80177 81
80516 87
80555 0
80844 81
80943 87
80955 0
81258 81
81414 0
81686 81
81812 0
82379 87
82619 0
83688 87
83796 0
84011 87
84031 0
84449 86
84593 0
84640 86
84856 0
85425 81
85823 0
86102 87
86181 0
86218 87
86495 0
87373 81
87458 81
87768 0
87924 87
87933 0
87975 87
88099 0
88155 86
88189 0
88246 81
88375 86
88390 0
88913 86
88933 0
89061 87
89098 81
89167 0
89605 86
89676 0
89701 81
89793 0
90510 87
90574 0
90740 87
90810 0
90958 86
91031 0
91269 87
91295 87
91481 0
91721 81
91772 0
91863 87
92150 87
92157 86
92163 81
92532 86
92885 0
92913 81
93409 0
93692 81
93717 0
93749 81
93864 0
93967 86
94082 0
94099 86
94424 0
94470 86
94518 81
94945 87
95441 0
95707 81
96158 0
96208 86
96728 0
96804 86
96821 0
96832 81
97111 0
97137 87
97231 0
97312 81
97468 0
97470 81
97495 0
97844 87
97855 0
97861 81
97984 0
98098 81
98348 0
98449 87
99008 0
99493 81
99565 0
99885 81
99915 0
375 events for 5
554 68
1522 0
1640 82
1771 0
1909 82
2220 0
2304 74
2488 0
3486 68
4191 0
4204 82
4205 65
4435 0
4535 82
4899 82
4976 82
5430 0
5463 74
5540 0
5649 82
6124 0
6645 81
6907 68
6980 0
6988 65
7017 0
7532 81
7610 0
7799 74
7810 0
7996 81
8361 0
8385 82
9059 68
9304 0
9381 82
9715 0
9994 82
10099 0
10591 82
10931 0
11442 68
11478 0
11513 82
11852 82
11865 81
12162 0
12258 82
12262 0
12409 81
12412 0
12739 68
12955 0
13057 81
13065 65
13187 0
13398 82
13848 82
13853 0
14342 68
14607 82
14670 0
14882 82
15816 0
16551 82
17821 65
18152 0
18169 68
18352 0
18414 82
18683 0
18805 82
18867 0
18922 74
18963 0
19011 82
19503 82
19521 0
19668 65
20491 0
20529 65
21045 0
21054 82
21287 0
21820 74
22022 0
22163 65
22229 0
22257 82
22956 0
23121 82
23151 82
23837 82
24219 0
24587 82
25275 0
25329 65
25346 82
25536 0
25825 81
26291 0
26304 82
26637 0
26780 82
27168 0
27552 74
27607 68
28383 0
28478 65
28570 0
29134 65
29433 0
29523 81
29852 0
30089 82
30091 0
30207 82
30415 0
30474 65
30573 0
30930 82
31267 0
31343 68
31405 0
31464 81
31483 0
31623 82
31664 0
31679 65
32230 0
32315 65
32404 0
32653 65
32691 0
32721 82
32862 0
33309 65
33740 0
33779 65
33781 0
33867 68
34600 0
34726 74
34774 82
34974 82
35068 0
35318 82
35534 65
36118 0
37198 65
37264 0
37276 81
37314 0
37389 74
37581 0
37617 81
37622 0
37927 74
38300 0
38343 65
39577 0
39785 68
39894 82
40085 68
40312 65
40549 65
40804 0
41063 82
41373 68
41451 0
41818 82
42962 0
42973 81
43134 0
43442 81
43459 0
43621 74
43934 0
44822 81
45188 82
45292 0
46063 74
46264 0
46364 65
46547 0
46869 82
47065 0
47093 74
47577 82
47984 82
47993 81
48100 0
48232 82
48686 0
48822 82
48854 0
48883 82
49113 0
49625 81
50046 0
50132 82
50180 82
50296 65
50906 0
51144 81
51244 82
51297 0
51573 82
51915 0
52765 68
53195 0
53240 65
53259 0
54556 81
54706 0
54725 82
54895 81
54950 0
55134 74
55486 0
56464 65
56501 0
56810 82
56873 82
56993 0
57030 68
57158 74
57607 82
58691 0
58771 74
58987 0
59003 82
59293 0
59391 74
59401 0
59463 65
59649 0
60260 82
60269 82
60305 82
60487 0
60584 74
60904 0
61182 82
61372 0
61469 81
62218 0
63095 82
63167 0
63491 74
63838 74
63901 0
65142 82
65342 82
65546 0
65865 74
65949 82
66181 0
66224 82
67229 82
67305 81
67582 0
67627 65
67675 68
68619 65
68808 0
70380 68
70676 0
70797 81
71003 0
71149 74
71156 0
71456 81
71488 0
71736 81
71859 0
71883 68
72530 0
72597 81
72651 0
72745 82
73761 0
73844 82
73883 0
74149 74
74585 0
74624 65
74940 82
74980 82
75295 0
75443 82
75466 0
75522 82
75690 0
75744 74
75952 0
76042 82
76318 0
76583 82
77383 0
77615 65
77894 0
78006 65
78180 0
78352 65
78425 0
78728 82
78980 0
79139 82
80292 0
80345 82
80932 82
80971 0
81604 74
81656 81
82901 0
83378 82
84562 0
84945 74
85376 68
85410 74
85618 68
85707 0
86597 81
86751 68
87152 0
87928 82
88162 68
88492 0
88540 82
88744 68
88861 0
89027 74
89097 82
89439 0
89480 65
89768 0
90081 68
90219 0
90247 81
90638 0
90761 74
90958 74
91151 0
91538 65
92289 0
92590 65
92880 0
93148 82
93360 68
93909 0
93943 81
94292 65
94556 0
94818 82
94841 0
94926 81
95105 65
95741 74
95882 0
96443 82
96473 74
96587 82
97431 0
97968 65
97983 0
98131 82
98140 0
98548 81
98678 0
98808 82
99117 0
99223 82
99772 0
99950 65
304 events for 6
1188 100
1741 0
2322 100
2465 0
2574 99
2639 0
2842 99
2939 0
3112 100
3255 0
3464 100
3760 0
3797 99
4735 0
5128 99
5362 99
5709 0
5787 99
5823 0
6233 100
6676 0
6887 99
6930 0
6942 100
7155 0
7216 100
7325 0
7716 100
8612 0
9717 100
10322 100
10623 0
10739 99
10887 0
11335 99
12426 0
12731 99
13321 100
13380 0
13609 99
13852 0
13916 99
14071 0
14124 100
14394 0
14543 99
16115 0
16307 100
16776 0
17031 100
17366 0
17444 99
17736 0
18474 99
18823 0
18911 99
19583 0
19668 99
19945 0
19959 99
20130 100
20545 0
20962 99
21173 0
21320 100
21588 0
22295 99
22405 0
22805 100
22969 99
24467 100
24725 100
25082 0
25710 99
25954 0
26018 99
26105 0
26210 100
26441 0
26943 99
27178 100
27294 0
27739 99
28200 0
28453 100
28495 100
29006 100
29327 0
29545 100
29561 0
29626 99
30043 0
30101 99
30164 0
30242 100
30335 0
31108 99
31198 0
32544 99
33467 99
33820 0
34120 99
34354 0
34533 100
34596 0
34888 100
35246 0
36686 100
36993 0
37171 100
37520 100
37663 100
37785 0
38123 100
38377 0
38571 99
38648 0
38706 100
39366 0
40101 100
40250 0
40459 100
41548 0
42095 99
42604 0
42915 100
43184 100
43290 99
43514 0
43662 100
43731 0
44067 99
44178 99
44334 0
44752 100
44799 99
44963 100
45548 100
45690 100
45891 0
46822 100
46924 0
46955 100
47189 0
47578 100
47862 99
48437 0
48820 99
48849 100
49212 0
49235 100
49753 99
50197 0
50613 100
50681 0
50716 99
50871 0
50912 100
51055 0
51105 99
51512 0
51841 100
51845 100
51918 0
52263 99
52978 100
53139 0
53896 100
54692 0
55395 100
55805 99
56015 99
56284 0
56497 99
56817 99
57085 0
57107 100
57120 100
58201 0
59160 100
59183 99
60215 99
60296 99
60620 0
60769 100
62444 99
63112 99
63228 99
63787 0
64085 99
64132 0
64679 99
64758 0
65106 100
65204 0
65292 99
65638 0
65660 100
65812 0
66102 100
66237 100
66825 100
67058 0
67134 99
67223 0
67355 99
67746 0
67748 99
67779 0
68469 100
69431 0
69469 100
69596 0
70059 99
70259 100
70563 0
70674 99
71143 0
71186 100
71659 100
72158 100
72198 0
72977 99
74058 0
74898 100
74909 99
74998 100
75183 99
75424 0
75984 100
76305 0
76346 99
76364 0
76370 99
76429 99
77430 0
77779 100
78319 100
79244 0
79649 99
79866 100
79979 0
80075 99
81275 100
81741 0
81911 99
81960 100
81977 0
82228 99
82257 0
82963 99
83366 0
83495 100
83688 0
84181 100
84231 100
84277 0
84368 100
84729 0
85159 99
85347 0
85403 99
85909 0
85916 99
85971 100
86554 100
87040 99
87075 0
87523 100
87736 100
87752 99
88087 0
88280 100
88702 0
88756 99
88788 0
88985 100
90587 0
91388 99
91877 0
92465 100
92996 0
93428 99
93544 0
93828 100
94632 100
94667 99
95523 0
96047 99
96185 99
96335 0
96642 99
96861 0
97108 100
97472 0
97573 100
97713 100
98978 0
99030 100
99048 0
99322 100
99508 0
99608 99
99704 0
687 events for 7
118 74
270 0
430 82
636 0
1071 84
1409 0
1416 83
1526 0
1859 79
1907 0
2106 75
2173 0
2177 86
2316 0
2364 79
2394 0
2467 83
2532 0
2613 83
2681 0
2698 83
2975 82
3001 0
3085 75
3109 0
3135 74
3214 0
3248 86
3562 79
3767 0
3858 85
3909 0
3926 75
3975 0
4198 82
4220 74
4236 0
4683 85
4758 0
4779 83
4984 0
4991 86
5102 83
5722 0
5894 84
6157 85
6190 0
6785 85
6909 85
7038 0
7094 82
7309 0
7365 84
7383 0
7690 85
7730 0
7828 75
7877 0
7948 75
8192 83
8265 86
8284 0
8640 86
8760 0
8904 82
9269 0
9358 86
9446 75
9639 83
9709 85
9716 0
9739 85
9841 0
9868 85
10127 0
10416 75
10557 0
10973 86
11120 0
11520 79
11564 85
11837 75
12192 0
12212 75
12235 74
12296 79
12386 79
12595 0
12627 83
13030 0
13045 82
13089 84
13203 0
13253 74
13331 0
13451 86
13640 0
13795 79
14204 74
14977 84
15089 82
15100 85
15128 0
15260 84
15482 0
15562 83
15666 0
15915 85
16007 0
16168 83
16194 0
16294 85
16413 82
16420 0
16443 85
16702 85
17293 0
17436 84
17454 83
17743 0
17861 83
17981 0
18186 79
18243 0
18359 83
18471 74
18581 0
18634 86
18749 0
18763 74
18833 0
18938 82
18998 0
19026 84
19095 0
19172 85
19313 0
19337 85
19421 79
19721 0
19773 85
19883 0
19957 75
20153 0
20170 83
20327 75
20780 0
20947 75
21171 82
21221 0
21631 74
22009 85
22196 84
22238 0
22491 79
22748 84
22848 0
22892 82
22977 0
23229 83
23326 0
23365 85
23620 0
23665 86
23750 0
23836 75
23915 0
23970 74
24222 75
24776 0
24813 74
24852 84
24861 0
25000 79
25166 0
25216 83
25306 0
25329 79
25527 0
25583 86
25798 0
25872 85
25918 0
25926 84
26253 85
26297 0
26480 75
26742 0
26826 86
26990 85
27011 86
27169 0
27291 75
27550 0
27686 82
27701 85
27819 0
27929 74
27930 83
28185 0
28326 74
28459 82
28738 86
28951 0
29432 85
29450 0
29549 79
30190 0
30274 85
30513 0
30573 83
30578 0
30586 83
30723 0
30975 84
31075 0
31342 82
31504 74
31699 0
31757 75
32020 0
32241 79
32316 0
32682 83
32807 0
32810 83
32873 83
32889 0
32898 79
33057 0
33103 86
33119 0
33170 83
33544 0
33871 86
33882 0
34131 85
34342 0
34575 75
34682 0
34763 85
34805 0
34935 86
35205 0
35299 83
35581 85
35882 0
35894 82
35948 85
35952 0
36356 82
36529 0
36560 82
36630 0
36672 84
36731 0
36821 75
36973 0
37120 85
37243 79
37314 0
37435 85
37627 82
38009 0
38366 74
38410 0
38543 79
38547 0
38660 86
38966 0
38974 83
39168 0
39190 74
39356 86
39567 0
39892 74
39902 0
40140 74
40303 0
40413 83
40663 79
40684 0
40728 83
41084 0
41254 85
41297 0
41355 74
41777 74
42237 0
42495 79
42505 0
42894 86
42928 0
43266 82
43840 0
44083 85
44303 79
44392 83
44411 0
44426 74
44569 0
44676 75
44909 75
45394 0
45452 83
46073 0
46087 79
46105 85
46245 0
46375 79
46412 0
46713 85
46716 0
46726 75
46756 0
46981 83
47171 0
47195 85
47284 0
47857 83
47871 0
48078 85
48263 0
48419 83
48420 0
48431 75
48538 0
48710 83
48779 0
49420 82
49446 0
49538 84
49677 0
49933 74
50062 83
50105 74
50140 0
50530 79
50627 0
51220 84
51323 0
51426 74
51470 74
51552 0
51723 86
51969 0
51986 83
52067 85
52161 0
52263 79
52270 0
52471 85
52628 0
52666 83
52667 0
52821 84
53570 0
53735 84
53935 0
54489 85
54542 0
54796 74
54801 0
54875 84
55015 84
55113 0
55168 85
55310 0
55324 74
55605 0
55710 82
55712 0
55812 82
55866 75
56265 0
56302 84
56505 75
56557 0
56958 83
56981 0
57059 85
57124 0
57209 84
57223 0
57238 74
57265 0
57423 83
57605 79
57714 0
58084 74
58091 0
58096 83
58359 84
58621 0
58622 84
58911 74
59033 0
59076 84
59102 0
59371 74
59464 0
59571 75
59702 0
59827 74
59830 86
60129 75
60183 0
60209 85
60241 85
60410 0
60720 84
60866 0
61098 74
61210 0
61595 86
61654 85
61718 85
61740 0
61953 86
62095 0
62119 83
62212 0
62431 79
63066 0
63114 82
63259 0
63545 84
63740 0
63815 79
63911 0
64042 75
64073 0
64084 85
64310 0
64390 75
64551 0
64714 84
65144 82
65164 0
65251 75
65489 0
65530 74
65601 0
65876 85
65887 75
66208 82
66447 0
66514 84
66762 0
66826 83
66992 0
67001 74
67080 0
67191 83
67352 0
67401 85
67461 83
67861 0
68055 85
68083 74
68322 0
68342 86
68458 0
68663 85
68948 83
69222 0
69650 83
69772 84
69829 0
69921 83
69949 84
69963 0
69967 82
70024 0
70078 83
70464 75
70518 0
70741 83
70955 0
70991 84
71029 79
71031 0
71048 79
71075 75
71165 74
71323 84
71349 0
71510 83
71641 0
71872 75
72085 0
72154 84
72178 0
72307 79
72322 0
72348 74
72488 0
72498 85
72638 0
72671 79
72700 0
72734 83
72907 0
72930 84
73016 82
73097 0
73266 82
73277 0
73338 83
73694 0
74030 79
74171 0
74178 83
74421 0
74533 85
74618 0
75114 86
75142 0
75187 83
75294 83
75567 79
75659 0
75862 84
75884 0
76053 84
76353 0
76618 79
76694 0
76735 84
76767 0
76881 74
76882 0
77101 75
77265 0
77329 75
77342 0
77401 79
77532 0
77586 74
77725 0
77828 85
78128 75
78429 0
78589 84
78631 0
78695 82
78750 0
78850 86
79225 0
79242 85
79330 0
79352 85
79506 0
79535 83
79773 0
79874 85
79936 0
80179 85
80411 0
80586 74
80673 0
80964 83
81060 85
81194 85
81245 0
81297 75
81320 0
81343 74
82065 0
82148 85
82217 0
82329 86
82372 0
82385 75
82686 0
83137 79
83189 0
83210 79
83404 0
83509 85
83743 0
83826 82
83877 82
84233 83
84551 0
84599 82
84726 0
84735 82
84904 0
85049 79
85075 0
85172 85
85184 82
85217 85
85246 0
85296 85
85432 0
85808 86
86281 0
86333 83
86343 75
86698 0
86841 85
86856 0
86877 85
86975 0
86989 84
87368 0
87427 84
87490 83
87562 83
87678 0
87688 79
87696 0
87849 86
87858 0
87945 85
88297 84
88329 85
88528 84
88537 74
88609 83
88727 0
88915 82
89081 82
89086 0
89183 86
89237 84
89319 0
89515 79
89664 0
89877 85
90125 83
90500 0
90803 79
91402 0
91640 85
91993 0
92139 84
92264 0
92271 86
92350 0
92387 79
92561 0
92727 83
93120 0
93275 83
93385 84
93877 0
94227 84
94906 0
95080 85
95100 0
95116 74
95208 0
95262 85
95548 0
95650 75
95693 83
95767 0
96112 85
96184 0
96331 83
96363 0
96835 82
96889 0
97011 74
97057 0
97079 75
97150 0
97307 85
97501 85
97626 0
97753 82
97762 0
97797 75
98571 0
99076 82
99173 0
99175 86
99193 0
99195 83
99202 0
99382 83
99615 0
99678 86
99967 85
436 events for 8
50 39
92 0
118 61
207 0
253 39
396 0
436 61
613 0
863 53
1038 61
2372 0
2410 53
2628 0
2669 53
2836 0
3167 52
3542 0
3584 52
4211 0
4774 53
5031 0
5161 52
5350 0
5669 53
6498 0
6520 39
6708 39
6803 52
7116 0
7177 39
7238 52
8757 0
9202 52
9313 61
9435 53
9450 0
9480 61
9630 0
9914 53
9939 53
10090 0
10251 39
10371 0
10781 39
10859 52
11009 39
11318 0
11999 53
12199 39
12266 0
12448 53
12471 0
12714 61
12776 0
12794 61
12866 0
13095 61
13206 0
13427 53
13484 39
13703 0
13804 61
13976 0
14070 53
14249 0
14283 53
14607 52
15354 39
16035 0
16249 61
16331 0
16439 39
16607 0
16819 61
17152 0
17827 61
18194 0
18459 61
18836 0
18885 53
18955 0
19155 53
19193 53
19226 0
19244 61
19276 0
19825 53
19874 0
20378 61
20447 0
20876 61
21085 52
21106 0
21247 53
21449 0
21854 52
21861 53
21948 0
22280 61
22420 53
22725 0
22826 61
22969 39
23030 53
23181 0
23221 39
23293 0
23871 53
23915 53
23987 52
24108 0
24307 53
24377 0
24655 53
24786 61
24910 0
24922 52
25161 0
25358 52
25952 39
26396 0
26890 53
26949 0
27258 52
27879 0
28942 61
29505 0
29769 39
29843 53
30258 0
30413 53
30442 0
30931 61
31346 0
31466 39
31507 61
31776 61
32104 0
32184 61
32218 0
32255 53
32293 0
32758 53
33012 0
33045 53
33141 52
33352 53
33506 0
33528 52
33615 0
33639 39
33755 53
33881 0
33886 61
34574 0
34679 61
35792 0
35826 53
35915 0
36989 53
37266 0
37627 53
37632 0
37981 53
38348 0
38615 52
38738 0
38756 39
39026 0
39037 53
39086 39
39273 61
39276 0
39316 52
39333 53
39639 0
39917 53
40146 0
40325 53
40937 0
41027 39
41246 39
41365 0
42058 52
42085 0
42360 52
42461 0
42902 53
43441 53
43667 52
43792 61
43870 52
43925 0
44934 52
45059 0
45116 53
45134 0
45353 53
45441 52
45539 52
45666 0
45813 53
45983 61
45994 0
46041 53
46150 39
46389 0
46804 39
46865 61
47149 53
47305 52
47410 53
47425 0
47637 39
48034 0
48828 53
48940 0
49229 52
49548 39
49618 39
50007 0
50207 53
50612 53
50706 39
51462 0
51643 52
52380 0
52444 61
53413 0
53549 61
53684 0
53741 61
53867 0
53883 53
54040 0
54302 53
54755 0
55136 52
55177 0
55437 53
55641 0
55644 61
56013 0
56075 52
56204 61
56316 0
56556 61
56601 0
56932 53
57006 53
57192 0
57213 53
57354 0
57425 61
57441 0
58045 52
58462 0
58659 39
58728 53
58913 0
58939 39
59523 0
60105 53
60268 39
60602 0
61034 52
61129 0
61177 61
61585 0
61732 53
61772 0
61807 53
61914 0
62175 52
62240 0
62359 53
62441 53
62539 0
62666 52
62678 53
63030 61
63129 39
63789 0
63876 53
64111 53
64152 52
64369 0
65091 53
65166 53
65415 61
65694 0
65869 61
66009 0
66430 39
66810 53
67092 0
67267 53
67330 0
67623 39
67631 39
68096 0
68329 53
69417 0
69437 52
69553 0
69692 53
70002 0
70445 52
70460 0
70476 52
70482 53
70573 0
70903 52
70973 39
71331 0
71382 52
71420 53
71925 39
72299 0
72493 52
72716 0
72817 53
72972 0
72979 53
73421 0
73493 61
73957 0
74289 61
74332 0
74541 61
74956 52
74995 0
75760 39
76324 0
76369 61
76396 0
76484 61
76764 39
76858 0
77206 53
77563 0
78548 39
78553 0
78754 52
78903 0
79514 61
79666 0
80012 61
80184 0
80320 52
80351 61
80492 0
80674 61
81172 0
81872 53
82301 0
82553 52
82597 0
82631 53
82889 53
83067 0
83276 53
83377 61
83786 53
83826 0
83911 53
84520 0
84771 61
84822 0
84823 53
84958 0
85075 53
85757 53
85818 0
85945 53
86186 0
86482 53
86678 0
86827 61
86839 39
87102 0
87608 53
87649 0
88191 53
88260 53
88414 0
88425 52
88590 0
88624 52
88809 39
89008 0
89088 52
89102 0
89205 61
89617 0
89816 61
89881 0
90145 52
90746 0
91004 52
91496 0
91649 53
91709 0
91873 53
91936 0
91975 53
92342 0
92616 53
92861 0
93212 52
93256 0
93563 52
94240 0
94789 52
94801 0
95411 53
95540 39
96173 52
96210 53
96211 39
96219 0
96288 53
96477 0
96809 61
97145 0
97696 39
97861 61
97957 0
98292 52
98333 39
98433 53
99125 53
99359 53
99367 53
99624 0
99748 53
893 events for 9
338 85
406 0
587 83
604 0
651 83
690 0
727 83
743 0
745 83
922 85
988 85
1192 0
1504 83
1749 85
1800 0
1868 85
2007 0
2026 84
2155 0
2183 83
2529 0
2822 85
2854 0
3007 84
3131 0
3173 85
3249 83
3273 85
3315 0
3348 85
3353 0
3357 84
3360 0
3409 84
3569 0
3799 83
3835 0
3920 85
4006 0
4019 83
4151 0
4155 85
4387 0
4419 84
4465 0
4484 85
4618 0
4629 85
4768 0
4797 84
4871 0
4942 83
5108 0
5258 85
5797 83
5918 0
6039 83
6200 0
6229 84
6444 84
6630 85
6848 0
6985 85
7095 0
7119 84
7260 0
7358 85
7520 85
7605 0
7821 84
7905 85
8100 0
8209 83
8231 0
8282 84
8404 85
8542 0
8716 84
8788 0
9020 83
9035 0
9271 83
9501 0
9582 84
9588 83
9812 0
9911 85
10122 0
10190 84
10311 0
10399 84
10547 0
10614 85
10696 0
10839 85
10860 0
10883 83
10918 0
10985 85
11079 85
11110 0
11353 83
11398 0
11562 84
11601 84
11667 84
11672 85
11683 0
11803 83
11937 0
12030 83
12248 83
12262 83
12430 0
12512 83
12608 84
12626 0
13033 83
13037 83
13089 85
13097 83
13211 0
13510 85
13577 0
13632 83
13735 85
13769 0
13878 84
14191 0
14279 85
14289 0
14327 83
14354 0
14595 85
14613 0
14696 84
14809 0
14845 85
15881 0
16069 84
16115 0
16296 84
16610 0
16735 85
16814 0
17056 84
17079 0
17116 83
17179 85
17199 85
17536 0
17538 84
17599 0
17607 83
17772 0
17792 85
18072 85
18209 0
18218 83
18225 0
18370 85
18386 0
18458 85
18478 0
18530 85
18666 0
18670 84
18689 0
18767 84
18932 0
19045 83
19117 0
19510 83
19567 0
19803 83
19819 0
19945 85
19981 0
19983 85
20028 85
20078 0
20222 83
20298 0
20479 85
20625 0
20766 85
21185 0
21218 85
21303 0
21367 85
21495 85
21531 0
21646 84
21684 0
21811 85
21840 0
21959 84
21974 0
22024 84
22066 0
22226 84
22227 84
22247 0
22656 83
22893 0
22924 84
23101 0
23285 83
23286 85
23376 0
23433 85
23635 85
23637 85
23650 0
23681 85
23717 0
23809 85
23844 0
23978 83
24093 0
24381 85
24405 0
24458 85
24740 83
24851 0
24877 85
24922 0
24961 84
25133 0
25148 83
25228 85
25452 0
25472 83
25508 0
25541 84
25576 0
25640 84
25882 0
25941 85
25963 0
26013 83
26642 0
26689 84
26916 0
27049 85
27064 0
27080 85
27220 0
27229 83
27263 83
27288 0
27394 84
27791 85
27812 0
27901 85
27932 0
28009 85
28207 85
28213 0
28220 85
28267 0
28671 85
28904 0
29095 84
29231 0
29289 84
29415 85
29572 0
29725 85
29758 0
29945 84
30387 85
30502 0
30759 85
30790 0
31223 84
31734 84
31828 0
31921 83
32081 0
32122 83
32409 0
32542 85
32581 85
32746 83
32772 85
32860 0
32865 84
33042 0
33198 85
33256 0
33270 84
33533 0
33625 83
33696 0
33836 84
33923 0
34029 85
34253 85
34308 0
34471 84
34492 0
34622 85
34997 0
35043 83
35174 0
35191 83
35227 0
35437 85
35450 85
35469 0
35626 85
35627 0
35648 84
35725 85
36070 0
36185 84
36247 0
36525 85
36540 0
36764 84
36807 0
36864 84
36891 0
36930 84
37004 85
37033 0
37077 85
37244 0
37281 85
37377 0
37543 83
37577 0
37710 83
37789 0
37884 85
37892 0
37985 83
38002 0
38017 85
38290 84
38349 0
38494 85
38518 0
38540 84
38632 0
38689 85
38780 0
38881 83
38990 0
39327 85
39517 0
39602 85
39611 0
39617 83
39710 83
39736 0
40122 85
40177 85
40207 85
40266 0
40401 85
40555 84
40627 0
40680 84
40692 0
40741 83
40913 0
41171 85
41258 85
41987 0
42339 85
42491 0
42681 85
42937 0
43055 84
43340 85
43594 84
43925 0
44042 85
44074 83
44091 0
44194 85
44245 83
44353 0
44622 85
44638 0
44837 83
45015 83
45047 84
45059 0
45146 83
45335 83
45489 85
45492 85
45520 83
45643 0
45763 84
45769 0
45899 83
45926 0
45952 83
45960 0
46125 85
46159 0
46229 85
46247 0
46331 84
46371 0
46391 85
46453 0
46513 85
46595 0
46714 85
46783 0
46856 85
46874 0
47166 83
47198 84
47220 0
47548 83
47810 85
47950 83
48199 0
48217 85
48297 85
48299 0
48390 85
48613 83
48748 0
49057 85
49254 84
49375 0
49422 84
49557 0
49571 83
49753 84
49864 85
49919 0
50028 85
50255 0
50349 84
51065 0
51115 85
51209 0
51271 85
51436 0
51594 83
51616 0
51958 85
51989 0
52289 85
52604 0
52657 83
52814 84
52832 0
53157 83
53171 85
53273 84
53299 85
53403 0
53410 85
53460 83
53483 83
53761 0
53785 84
53868 85
53922 85
54044 0
54171 84
54416 0
54622 85
54746 0
54771 85
54870 0
54888 85
55210 0
55270 85
55382 0
55390 84
55412 0
55443 85
55495 0
55573 84
55574 0
55654 83
55799 0
55930 85
56185 0
56222 85
56325 0
56461 83
56631 0
56674 83
56734 0
56801 83
56879 0
56889 85
56989 0
57085 85
57096 0
57512 84
57544 0
57566 85
57593 85
57692 0
57707 85
57729 83
57844 0
57915 83
57936 85
58033 85
58057 0
58087 85
58142 0
58465 84
58765 0
58823 85
58925 0
59004 85
59094 0
59481 85
59595 0
59608 85
59801 0
59927 84
59928 83
59982 0
60015 83
60056 83
60391 0
60764 85
60986 0
61015 84
61137 0
61231 83
61236 0
61417 85
61445 0
61486 84
61497 0
61556 83
61621 0
61721 83
61726 0
61793 85
61946 0
62167 85
62255 0
62413 84
62428 0
62479 83
62550 0
62590 85
62805 0
62869 83
63232 84
63252 0
63254 83
63343 0
63455 83
63736 0
63750 83
63950 0
64089 83
64115 0
64144 85
64198 0
64240 84
64375 84
64378 83
64413 0
64524 85
64571 85
64584 0
64896 83
65018 0
65035 85
65055 84
65070 84
65111 0
65137 85
65266 0
65330 84
65601 0
65678 84
65953 0
65990 85
66004 0
66010 85
66034 0
66127 85
66294 0
66343 84
66352 0
66503 84
66735 0
66759 84
66885 0
66933 83
66969 0
67141 85
67203 0
67299 84
67348 0
67396 83
67416 85
67480 0
67503 85
67522 0
67878 84
67941 0
67945 85
68018 0
68028 83
68058 0
68136 85
68421 0
68431 83
68602 0
68695 85
68862 0
68885 84
68914 0
69159 83
69251 0
69377 85
69408 0
69418 83
69743 0
69760 84
69937 85
69939 84
69948 0
70242 85
70310 85
70344 0
70383 85
70412 0
70513 85
70572 0
70622 85
70757 0
70769 85
70803 83
70813 0
70948 83
71103 0
71173 84
71228 0
71247 85
71323 0
71447 85
71467 0
71527 83
71531 84
71538 83
71539 0
71597 85
71661 83
71789 0
71795 85
72040 0
72095 85
72224 0
72481 84
72644 0
72782 84
72857 0
72929 85
73104 0
73231 85
73483 0
73792 84
73844 83
73868 84
74263 84
74387 0
74415 85
74734 0
75102 84
75112 83
75277 0
75309 83
75461 0
75699 85
75763 84
75769 0
75783 85
75944 84
75968 0
76102 85
76179 85
76197 0
76204 83
76435 84
76513 85
76979 0
77025 84
77144 0
77191 83
77325 83
77583 84
77612 0
77655 84
77812 0
77837 85
77858 0
78161 85
78428 0
78438 85
78452 84
78531 84
78607 85
79416 0
79466 83
79603 85
79739 0
79852 83
80193 84
80275 0
80336 85
80389 0
80492 84
80635 84
80818 0
80833 85
81124 0
81192 83
81226 0
81239 83
81562 0
81582 83
81732 83
81781 0
81934 83
81998 84
82044 0
82091 85
82376 0
82380 85
82430 84
82536 0
82604 85
82996 0
83001 84
83284 0
83532 85
83623 0
83627 85
83694 0
83725 85
83741 0
83914 83
84106 85
84116 0
84130 83
84177 0
84231 83
84242 0
84290 85
84354 0
84401 85
84472 0
84598 85
84708 83
84767 0
84783 85
84848 83
85043 0
85160 84
85309 0
85396 84
85398 0
85562 85
85572 85
85737 0
85906 83
85969 0
86157 85
86212 0
86279 83
86333 0
86498 84
86556 0
86627 83
86681 0
86701 85
86721 85
86892 0
86979 84
87199 0
87201 85
87516 0
87537 85
87545 0
87572 84
87982 0
88038 84
88497 85
88545 85
88637 83
88803 0
88819 85
88883 85
88903 0
89056 85
89136 0
89891 84
89966 0
90005 85
90125 0
90205 85
90342 0
90510 85
90537 0
90563 85
90721 0
90836 83
91057 0
91077 85
91432 84
91670 0
91965 84
92459 0
92818 83
92829 0
92998 85
93028 0
93176 84
93317 85
93474 0
93537 84
93684 0
93749 85
93907 0
94329 85
94338 0
94348 85
94353 0
94424 85
94561 0
94562 84
94583 0
94621 85
94651 0
94745 85
94763 0
94849 84
94871 85
94879 85
94958 0
95209 83
95211 0
95271 83
95300 0
95352 83
95435 85
95477 83
95490 0
95520 85
95932 84
95956 0
96028 83
96224 0
96245 84
96432 85
96831 85
96837 0
96867 85
97008 85
97137 0
97180 84
97206 84
97294 85
97344 85
97571 0
97664 85
97708 0
97953 83
98452 83
98698 83
98726 0
98775 85
98960 84
99246 0
99249 84
99271 0
99363 84
99377 0
99618 85
99775 85
99901 0
683 events for 10
246 82
251 82
502 0
575 82
648 0
687 52
841 0
1068 63
1085 82
1177 0
1247 76
1270 82
1473 0
1474 87
1535 63
1894 76
1973 0
1997 87
2022 0
2093 63
2150 0
2157 87
2783 0
2793 52
3352 0
3450 76
3518 52
3602 63
3616 63
3818 0
4127 63
4156 0
4335 76
4461 52
4533 0
4540 52
4554 0
4674 76
4741 0
4800 82
4878 0
5104 52
5414 0
5497 87
5506 76
5575 0
5676 63
5744 0
6325 82
6337 0
6708 76
6747 87
7540 52
7613 0
7718 63
7731 82
7860 0
8072 63
8409 82
8515 52
8952 0
9440 87
9497 76
9634 87
9716 76
9891 87
9916 52
10086 0
10201 76
10219 52
10253 0
10276 76
10419 63
10449 0
10539 63
10565 0
10723 87
11149 82
11468 63
11512 0
11563 63
11564 0
11803 76
11971 0
12040 52
12139 52
12312 82
12766 87
12854 0
13114 87
13367 0
13545 63
14050 87
14520 0
14737 52
14738 0
14782 76
14990 52
15199 0
15248 76
15265 0
15406 63
15609 0
15795 76
16065 63
16097 0
16213 76
16672 0
16795 82
16926 0
17081 63
17144 52
17156 63
17467 0
17509 82
17534 63
17678 0
17923 76
17943 0
18346 87
18378 0
18487 87
18713 0
18746 87
18820 0
18821 76
18937 0
19096 82
19165 0
19219 82
19241 0
19688 52
19884 82
20151 0
20186 76
20342 0
20419 63
20437 76
20529 0
20744 76
20762 0
20794 87
20810 0
21079 82
21159 52
21182 0
21312 76
21404 0
21441 82
21563 0
21664 52
21848 76
22054 63
22075 0
22203 76
22298 0
22531 52
22865 0
23029 76
23689 0
23898 82
23945 0
24061 82
24232 52
24318 0
24393 63
24420 0
24893 76
25032 52
25069 0
25114 87
25289 0
25304 82
25501 0
25536 52
25558 0
25780 87
25948 0
26030 63
26107 0
26277 82
26397 0
26683 52
26988 0
27334 63
27422 0
27805 87
27876 0
27930 63
27983 76
28018 0
28048 63
28127 0
28304 52
28555 0
29200 82
29374 52
29396 76
29506 63
29796 0
29912 63
29946 0
30252 63
30316 0
30370 63
30440 87
30533 0
30560 52
30563 0
30679 76
30776 0
30961 82
31229 0
31817 52
31859 52
31942 0
31975 87
32145 52
32371 0
32583 76
32602 0
32694 82
32738 0
32872 63
33168 0
33443 76
33667 0
33674 87
33897 0
34357 87
34395 87
34476 0
34576 63
34861 0
35207 76
35494 0
35621 87
35625 76
36049 0
36063 76
36170 0
36374 63
36530 63
36668 0
36734 76
36891 87
37627 63
37695 76
37993 0
38009 76
38094 52
38131 0
38149 52
38236 82
38283 0
38556 52
38728 0
38962 76
39038 0
39214 87
39387 0
39746 63
39852 0
39899 87
39976 82
40054 0
40067 76
40585 52
40586 0
40654 76
40913 0
40987 52
41013 0
41180 87
41461 0
41587 76
41621 63
41943 82
42059 82
42157 0
42307 63
42382 0
42688 52
42933 0
43176 63
43253 0
43310 63
43392 0
43441 52
43577 0
43751 63
44030 0
44155 87
44268 0
44368 82
44369 0
44453 87
44599 76
44658 0
44750 87
45385 87
45423 87
45458 0
45576 87
45633 63
45792 0
45982 52
46101 0
46155 63
46369 0
46375 87
46393 0
46614 82
46887 52
46888 87
47114 0
47146 52
47193 0
47312 52
47344 52
47486 82
47566 0
47630 52
48055 0
48066 76
48099 0
48130 76
48485 63
48605 0
49101 82
49133 87
49264 0
49274 82
49370 0
49402 52
49446 0
49470 52
49514 0
50013 87
50044 0
50061 52
50112 0
50151 82
50219 0
50224 52
50356 52
50461 0
50620 87
51195 0
51315 52
51624 0
51720 63
51854 0
51861 76
51893 87
52150 0
52167 87
52214 0
52469 63
52598 0
52831 87
52896 0
53289 76
53370 0
53383 76
53584 0
53676 76
53693 0
54197 82
54274 0
54462 82
54525 0
54576 87
54634 87
54638 0
54720 87
54820 0
55196 87
55311 52
55413 0
55610 82
55812 52
55841 0
55890 87
55958 0
56094 52
56312 0
56346 87
56369 63
56460 0
56493 52
56554 0
56739 52
56989 0
57418 76
57544 0
57590 76
57732 0
57774 63
57883 0
57930 63
58063 0
58363 63
58387 0
59188 76
59191 0
59278 76
59318 82
59334 87
59713 52
59789 0
59854 52
60509 0
60566 63
61095 0
61246 52
61277 0
61503 52
62173 0
62400 87
62628 0
62782 76
62920 0
63142 87
63170 0
63334 52
63385 0
63388 82
63411 76
63693 0
63701 82
63894 0
63925 82
63961 0
63978 52
63987 0
64045 76
64084 52
64111 0
64293 76
64301 0
64376 87
64526 0
64549 76
64587 0
64754 76
64777 0
64979 63
65200 63
65678 87
65791 0
66075 87
66148 0
66427 63
66513 0
66673 87
66682 0
66697 76
66794 63
66954 0
67212 52
67236 0
67338 82
67351 0
67487 76
67498 0
67644 82
67791 52
67843 87
68074 76
68365 0
68426 63
68468 82
68528 0
68604 76
68773 0
68952 63
69114 0
69187 82
69395 82
69445 0
69574 63
69635 0
69780 52
69867 0
69869 82
70058 0
70221 87
70258 63
70265 0
70428 52
70869 63
70980 0
71603 76
71694 76
71972 52
72076 52
72106 52
72532 0
72577 87
72714 87
72726 0
73411 82
73431 0
73573 52
73822 0
74097 87
74394 0
74432 87
74455 0
74658 63
74697 87
74782 0
74926 63
74951 82
74959 0
75055 63
75068 0
75077 87
75235 0
75241 76
75523 0
76160 52
76204 0
76220 63
76387 0
76738 87
76826 0
76891 52
76928 0
77197 82
77323 0
77689 87
77882 0
78500 63
78702 87
79314 0
79364 52
79432 0
79746 87
79875 0
79886 76
79938 0
80263 76
80289 0
80372 52
80545 82
80857 76
80920 0
81003 52
81138 0
81344 76
81425 0
81472 63
81817 0
81930 82
82008 87
82067 76
82262 0
82341 82
82507 0
82576 63
82649 0
82745 63
83011 52
83293 0
83555 82
83720 52
84084 0
84270 87
84516 76
84538 0
84541 76
84620 82
84800 82
84801 0
84820 87
84849 52
85039 0
85136 76
85189 0
85198 82
85264 0
85525 52
85540 0
85676 63
85844 76
86011 0
86063 82
86192 63
86418 82
86493 52
86514 0
86541 76
86551 0
86735 52
87008 0
87132 52
87252 0
87733 76
87791 63
87907 0
87942 82
88037 76
88263 0
88346 63
88608 87
89065 0
89327 63
89360 0
89539 76
89999 0
90078 63
90146 87
90218 0
90524 76
90611 0
90681 76
91035 0
91067 52
91101 52
91421 0
91449 87
91463 87
91728 0
91801 87
91819 0
92151 52
92160 82
92171 52
92213 0
92217 82
92230 0
92346 76
92498 0
92721 52
92827 0
92878 63
93231 0
93285 87
93302 0
93563 82
93915 0
94043 76
94063 0
94131 52
94280 0
94353 87
94354 0
94466 82
94974 76
95151 0
95270 52
95418 52
95732 87
95791 76
95886 0
95905 82
95997 0
96433 87
96434 52
96471 0
96521 63
96663 0
96742 63
97048 0
97088 82
97149 0
97624 63
97916 0
97924 76
97942 0
98584 82
98923 0
99027 82
99105 0
99145 63
99452 0
99610 52
99750 0
99782 87
99816 0
99885 63
163 events for 11
195 54
353 63
2697 0
2743 54
3013 0
3172 86
3737 0
5145 63
6028 0
7252 88
8044 0
8522 88
8994 0
9224 86
11314 54
12551 0
12800 81
13801 54
14183 0
14229 81
15883 0
17574 54
17775 86
18015 0
18324 88
19300 86
19394 0
19749 86
20655 54
20846 0
22803 86
22886 0
23142 86
23687 0
24080 86
24086 0
24536 54
24581 0
24582 81
24698 0
26880 86
26993 0
27391 81
27588 0
27953 88
28419 0
28478 54
28549 81
29196 0
29628 63
29789 0
30151 63
30518 0
31343 54
31370 81
32078 0
32123 81
32298 63
32508 88
32559 0
33928 81
34685 0
35147 81
35297 0
36007 63
36112 0
36359 81
39740 0
41146 86
41615 88
42721 0
44244 86
44543 0
44942 86
45014 0
45161 54
45770 0
48647 63
49875 54
50604 86
50994 0
51511 63
52070 0
52462 88
52773 0
53320 63
54594 63
54601 0
55468 86
55820 0
55935 54
56902 88
57443 0
57474 54
57629 0
58145 86
60079 0
60330 86
60753 54
61870 0
62141 88
62182 0
62395 88
63703 88
63887 0
64379 63
64981 0
65513 86
65730 0
66479 63
67433 0
67717 88
69701 81
70234 0
70403 81
70407 0
70957 88
71536 63
71859 0
72219 54
72913 0
73973 88
74303 0
74709 86
74927 54
76497 0
77105 54
77697 0
78272 88
78540 63
79179 0
79699 86
79747 0
79856 81
80718 63
81692 0
81847 88
82296 0
82428 88
82558 0
84936 63
85800 86
85939 86
87467 0
88064 81
88326 0
88512 81
89104 0
89290 88
89548 88
89642 0
90378 88
90725 0
91323 63
92266 0
93230 63
93868 0
94585 81
95534 0
95710 86
97340 63
97646 54
99615 0
652 events for 12
61 42
200 0
403 37
732 0
744 42
894 0
1037 37
1202 0
1240 42
1253 0
1289 41
1383 42
1484 0
1704 42
1900 0
2138 42
2204 0
2405 37
2488 0
2553 42
3048 37
3050 0
3167 42
3292 0
3446 41
3492 0
3601 42
3806 0
3869 34
4206 0
4289 37
4457 0
4640 42
4814 0
4989 37
5147 41
5363 0
5411 40
5529 0
5677 42
5722 0
5862 37
5950 0
6269 40
6325 0
6443 42
6552 0
6576 42
6683 41
6824 0
6942 42
7289 0
7311 42
7450 42
7477 0
7660 42
7662 0
7754 34
8079 0
8441 34
8473 0
8773 42
8797 0
9191 40
9559 42
9612 37
9663 0
9877 37
10056 42
10168 0
10200 42
10304 0
10406 42
10643 0
11384 40
11922 0
12105 42
12174 0
12270 42
12458 42
12516 0
12542 37
12723 0
12729 41
12777 0
12829 41
12850 34
13203 0
13270 42
13542 0
13804 42
13894 0
14351 42
14378 42
14486 0
14514 42
14732 0
14744 42
14911 42
15169 0
15270 40
15318 0
15527 37
15755 0
15802 40
15898 0
15968 42
16110 37
16280 34
16548 0
16559 40
16719 0
17041 37
17047 41
17453 37
17541 0
18125 42
18149 42
18231 0
18243 42
18314 0
18442 37
18712 41
19406 0
19567 37
19839 0
20107 42
20186 42
20377 42
20404 0
20425 41
20456 0
20532 41
20633 0
20637 42
20701 42
20922 37
21090 42
21342 0
21479 42
21556 0
21787 42
21832 0
21934 37
21936 42
22090 42
22174 42
22376 0
22426 37
22670 0
22716 42
22921 0
22952 34
22971 41
23036 42
23162 0
23629 37
23884 0
24103 42
24232 0
24273 40
24702 0
24813 42
25460 0
25877 37
26005 42
26594 0
26620 37
26855 0
27117 37
27237 0
27492 37
27836 0
27967 41
28027 0
28165 42
28246 42
28267 42
28360 0
28384 42
28405 42
28710 42
29099 0
29470 40
29476 37
29802 37
29811 41
29852 0
29864 42
30157 42
30752 0
30818 34
30835 0
30837 42
30868 0
30871 37
31250 0
31277 40
31305 0
31460 42
31487 0
31502 37
31822 0
31890 42
31898 0
31901 37
32022 40
32215 42
32472 0
32743 42
32753 0
33049 34
33249 0
33319 34
33326 0
33612 34
33770 42
33773 0
33802 34
34043 40
34044 0
34852 42
35026 0
35060 40
35111 0
35182 42
35317 37
35428 0
35481 41
35529 0
35711 42
35892 0
36000 42
36027 41
36063 0
36149 40
36186 0
36250 42
36341 37
36388 41
36413 42
36525 0
36862 34
36875 0
37178 42
37660 0
37682 37
37689 41
37733 0
37906 34
38129 0
38466 37
38643 0
39019 42
39061 0
39211 42
39212 0
39338 37
39358 0
39446 40
39454 0
39465 42
39571 0
39707 42
39958 0
40034 42
40078 0
40302 40
40378 0
40632 40
40670 0
40686 42
40717 0
40729 42
40741 42
40800 0
40872 37
41054 0
41064 41
41187 37
41260 0
41758 40
41871 0
41878 42
42026 42
42285 41
42298 0
42333 41
42462 0
42729 40
42811 42
42961 42
43137 0
43156 37
43407 40
43418 41
43499 0
43507 42
43831 0
44067 42
44070 42
44498 0
44621 40
44832 37
44870 42
44976 0
45297 42
45508 40
45528 37
45533 0
45798 37
45963 0
45973 42
46112 0
46162 42
46292 0
46301 42
46647 0
46973 40
47149 0
47272 42
47403 0
47926 41
47943 0
48087 37
48206 42
48676 0
48888 42
48897 0
49232 42
49509 0
49913 42
50076 0
50112 42
50175 42
50208 42
50239 40
50384 0
50469 41
50722 0
50883 41
51025 0
51072 40
51733 0
52408 42
52460 0
52612 37
52642 0
52817 42
52848 0
53218 42
53280 37
53282 0
53571 37
53614 0
53650 42
53886 0
53928 42
54114 0
54346 37
54411 0
54551 37
54648 0
54845 34
54908 0
54976 42
55087 0
55110 37
55158 0
55193 37
55309 0
55326 42
55790 42
55822 42
55959 42
56027 37
56138 0
56612 42
56896 0
57080 37
57207 37
57650 0
57797 40
57906 0
57923 37
57968 0
58018 41
58053 37
58214 37
58436 0
58485 40
59089 0
59342 37
59563 0
60121 41
60211 34
60400 42
60420 0
60541 37
60626 0
60979 41
61251 0
61347 42
61397 0
61485 37
61658 37
61670 0
61850 34
61935 0
62124 37
62643 0
62655 37
63124 37
63154 0
63222 34
63315 0
63452 42
63539 0
63543 42
63976 0
64479 42
64834 0
65094 40
65097 0
65431 40
65592 0
65765 37
65853 0
65856 37
66021 41
66306 0
66371 42
66768 42
66784 0
66798 34
67042 0
67248 42
67470 0
67578 42
67730 0
67733 34
67962 42
67981 42
68219 0
68263 41
68265 42
68425 0
68457 34
68647 42
68668 0
68728 41
68828 37
69090 0
69234 42
69241 0
69251 42
69290 0
69421 41
69522 0
69855 42
69886 0
70060 34
70293 34
70311 0
70455 34
70548 0
71187 42
71228 34
71249 41
71272 0
71405 37
71575 0
71987 42
72200 0
72397 37
72493 0
72833 42
72904 0
73199 40
73337 42
73743 0
74627 34
74673 0
74843 42
75037 0
75646 40
75963 40
76040 0
76258 42
76397 0
76478 41
76502 0
76937 42
77085 42
77275 0
77278 40
77425 0
77613 40
77792 0
77893 40
78038 0
78346 40
78786 0
79202 42
79477 0
79672 37
79980 0
80096 37
80144 0
80280 40
80488 34
80538 0
80570 34
80639 0
80659 37
80769 0
80799 34
80803 0
80940 42
81042 0
81219 37
81220 0
81625 42
81650 37
81837 42
81849 40
81879 42
81881 40
82042 42
82267 0
82284 37
82334 0
82368 42
82577 42
82616 0
82745 37
82937 0
83194 42
83198 42
83373 40
83892 0
84262 42
84490 0
84573 37
84778 0
84864 42
85217 0
85306 41
85308 40
85335 40
85373 0
85510 37
85692 42
85785 0
85951 40
85985 37
86465 0
86473 41
86495 0
86514 41
86790 37
86936 37
87003 0
87314 37
87362 0
87541 41
87628 42
87959 0
87986 37
88461 0
88501 42
88524 0
88599 37
88690 0
88693 42
88744 0
88794 37
89006 42
89106 37
89118 0
89251 42
89450 0
89604 42
89621 0
89871 40
89879 42
90002 42
90425 41
90450 42
90567 0
90628 37
90667 0
90792 41
90816 0
90828 37
90946 0
91002 42
91103 0
91171 40
91316 0
91415 42
91426 0
91569 42
91910 0
92039 37
92101 0
92353 41
92386 0
92416 40
92851 0
92900 40
92977 0
93090 34
93110 0
93243 42
93296 42
93594 40
93917 37
94043 0
94125 42
94576 0
94870 42
95285 0
95496 42
95553 0
95837 34
95923 0
96208 34
96391 0
96929 34
96991 0
97062 40
97092 0
97437 37
97443 0
97602 42
97651 37
97678 0
97763 34
97790 42
97798 42
97854 41
98031 0
98157 42
98246 0
98309 42
98476 0
98943 42
98953 0
98974 42
99187 0
99915 42
645 events for 13
85 54
217 0
487 46
530 0
922 50
970 0
1406 54
1610 0
1620 46
1771 0
1791 44
1859 0
1893 58
1907 0
1914 50
2074 0
2243 45
2301 0
2314 44
2345 45
2923 0
3054 58
3152 58
3227 0
3390 45
3406 0
3476 50
4015 46
4118 0
4131 54
4193 0
4198 59
4232 50
4612 46
4750 0
5145 59
5181 44
5271 0
5451 54
5529 0
6160 59
6457 0
6458 46
6494 0
6571 30
6605 0
6639 44
6790 0
7012 44
7153 0
7174 59
7309 0
7355 45
7396 0
8212 45
8399 0
8700 59
8723 59
9191 0
9340 58
9576 59
9622 0
9794 30
10246 0
10294 58
10396 0
10514 45
10538 44
10662 0
10771 45
11360 0
11377 58
11515 0
11550 44
11706 46
12099 0
12371 54
12606 44
12893 0
12981 46
13080 0
13102 46
13209 0
13327 46
13807 0
13816 59
14189 0
14238 54
14271 0
14462 54
14523 0
14662 50
14769 0
14799 59
15349 0
15560 58
15587 0
15907 58
15921 0
16138 58
16339 0
16572 44
16645 44
16649 46
16884 50
17253 46
17281 0
17340 54
17664 0
17830 58
18058 0
18061 58
18122 0
18578 54
18711 0
19216 46
19237 50
19397 46
19413 59
19487 0
19674 58
19684 0
19788 45
20211 0
20258 44
20283 0
20308 58
20434 44
20601 0
20624 45
20679 0
20875 44
20987 0
21017 30
21080 0
21353 30
21570 0
21671 58
22266 0
22534 50
22546 46
22721 44
22949 0
22990 54
23061 0
23097 45
23251 0
23353 30
23445 0
23478 45
23769 0
23803 54
24152 0
24160 50
24167 0
24184 59
24322 0
24677 59
24863 0
24899 45
24990 0
25241 30
25282 0
25291 44
25674 0
25695 30
25804 59
25889 0
26116 54
26214 0
27054 50
27072 59
27387 0
27627 30
27637 44
27786 0
28092 54
28313 54
28482 30
28809 54
29533 44
29562 44
29572 0
29961 44
30073 0
30112 45
30206 46
30365 0
30600 45
30671 0
30819 58
30954 0
31305 46
31453 0
31715 45
31816 0
32143 58
32456 0
32561 50
32580 50
33176 0
33354 59
33360 0
33463 46
33553 0
33701 50
33790 0
33992 30
34008 0
34112 58
34180 58
34346 0
34786 30
35040 0
35183 44
35233 0
35381 46
35426 0
35752 44
35834 45
36002 0
36103 54
36169 0
36201 59
36226 45
36325 0
36422 30
36448 0
36637 45
37014 54
37085 0
37186 50
37529 0
37540 44
37557 0
37713 30
37848 0
38050 44
38153 0
38167 58
38190 0
38298 45
38566 54
38678 54
38701 45
38814 58
38840 0
38933 50
38978 0
39064 46
39113 0
39196 58
39596 0
39622 50
40066 0
40092 54
40295 0
40633 46
40781 0
40830 58
41098 54
41221 0
41224 46
41376 0
41595 50
41597 0
41641 54
41686 0
41735 54
41981 0
42514 45
42644 0
43274 54
43412 59
43544 0
43812 50
43939 0
44243 44
44265 0
44673 58
45080 59
45414 0
45698 44
45920 58
45995 0
46097 45
46154 0
46168 50
46174 0
46237 44
46286 44
46354 0
46383 59
46546 0
46771 30
46930 0
47339 46
47368 0
47749 50
47819 0
47884 50
48603 0
48836 30
48962 0
49049 54
49115 45
49275 58
49414 44
49444 0
49479 59
49497 0
49651 46
49750 50
49911 0
50075 45
50241 58
50485 0
50504 54
50721 58
51011 0
51054 44
51231 46
51468 0
51489 58
51930 59
52082 54
52343 45
52643 0
52720 46
52731 0
52795 44
53042 0
53148 50
53291 0
53516 46
53615 0
53739 30
53787 0
54021 54
54148 0
54227 30
54249 0
54403 50
54693 0
54947 46
55000 46
55501 0
55560 30
55605 45
55643 0
55732 30
55907 0
56067 58
56252 58
56547 50
56701 0
57434 54
57453 0
57479 59
57754 58
58128 30
58227 0
58233 59
58506 54
58606 0
58882 30
58989 0
59013 54
59073 0
59164 45
59509 50
59736 0
59989 59
60110 0
60128 50
60410 46
60534 0
60580 44
60645 0
60647 44
60747 0
60816 44
61038 0
61258 46
61300 0
61305 50
61369 0
61480 46
61579 0
61605 54
61706 0
61719 58
61784 0
61825 30
62013 0
62091 59
62097 0
62191 58
62394 0
62417 46
62457 0
62481 46
62783 0
63119 30
63139 46
63186 0
63238 46
63288 0
63368 45
63444 0
63466 59
63486 0
63680 44
63696 0
63808 59
63920 30
64102 45
64213 46
64491 46
64776 0
64934 59
64968 0
65342 30
65772 0
65872 30
65936 0
66074 44
66374 0
66541 30
66619 0
66687 50
66936 0
66991 30
67086 0
67220 46
67259 0
67324 50
67342 0
67389 45
67550 0
67664 59
67707 0
67744 44
68112 0
68200 54
68292 0
68401 30
68499 0
68804 58
68862 54
68873 0
69101 30
69206 0
69423 45
69581 0
69738 50
69808 0
70227 45
70604 50
70777 0
71012 45
71025 0
71085 44
71160 0
71215 30
71222 0
71319 45
71330 0
71441 44
71599 0
71610 30
71732 0
71942 50
71964 0
72245 46
72277 0
72291 46
72583 30
72680 0
72822 54
72927 0
73033 50
73387 0
73507 45
73526 0
73577 45
73610 58
73837 0
73983 58
74040 30
74512 0
75124 50
75461 0
75584 50
75768 0
75799 50
75803 0
76054 50
76385 0
76419 58
76830 54
76901 0
76966 50
77027 0
77214 44
77503 0
77586 30
77609 0
78276 30
78553 0
78695 46
78771 0
78903 59
78916 0
79587 59
80072 0
80210 54
80236 0
80442 58
80484 0
80695 30
80841 0
80940 58
81098 0
81447 46
81609 0
81829 30
81972 0
82371 46
82619 0
82771 46
82804 0
82825 58
82936 50
83067 0
83399 54
83487 59
83499 30
83647 0
83889 50
84034 0
84082 58
84121 0
84132 59
84218 0
84329 46
84576 0
84924 46
84979 54
85148 54
85318 54
85321 0
85493 59
85628 0
85691 58
85840 0
85904 30
86196 0
86248 44
86486 0
86558 45
86664 0
86694 46
86748 54
86937 0
87492 59
87494 0
87505 44
88361 0
88420 58
88443 0
88843 59
89229 58
89250 0
89260 54
89329 0
89659 59
89682 0
89853 46
90124 0
90260 46
90485 46
90536 44
90585 0
90693 50
90822 0
90824 30
90917 59
91148 0
91361 30
91452 0
91929 30
92063 0
92106 50
92200 0
92289 46
92538 0
92720 46
92721 0
92787 46
92851 0
92920 50
92984 0
93208 45
93284 0
93367 45
93586 0
93810 45
93965 0
94262 45
94353 0
94376 54
94593 44
94662 58
94674 0
94890 58
95272 0
95344 30
95416 58
95844 45
95869 0
95894 58
96062 0
96312 30
96900 0
97318 50
97583 0
97701 50
97774 0
97822 30
97834 0
97903 59
97935 58
97990 0
98059 44
98284 0
98514 44
98568 44
98705 0
98931 58
99014 0
99249 30
99305 0
99318 50
99582 0
134 events for 14
372 24
1424 0
1947 24
2770 0
4473 40
4563 24
5988 40
6001 24
6540 40
6750 0
8271 40
8643 0
9181 40
9414 40
10547 40
10715 0
12519 40
12635 40
12727 24
13808 0
14396 40
14700 0
15227 40
18079 24
18573 40
19704 0
20674 40
21775 0
21802 40
21843 0
21889 40
22028 0
22853 40
24201 0
25310 24
26352 0
26976 24
27387 0
27879 40
28155 0
29419 40
29470 40
30487 24
31167 0
31922 40
32991 0
35940 40
37853 0
38290 24
39352 0
39383 24
39830 40
39865 40
39958 40
40038 0
40755 24
45563 0
45855 24
46306 0
46400 40
47089 0
47247 40
48196 40
48778 0
49583 40
50378 0
50585 40
51263 24
51629 0
51745 40
52659 40
53775 0
55026 40
56923 0
58175 24
58277 24
58905 24
61845 0
63054 24
63292 0
63403 24
64090 0
64720 24
66504 40
66968 40
70148 0
70221 40
70435 40
71830 24
71878 0
72382 40
72960 0
74120 24
75461 40
75875 0
76334 40
77035 0
77222 24
77465 0
77685 40
77974 0
78206 24
78742 0
78926 24
78962 40
80934 24
82048 0
83951 40
84003 0
87111 24
87173 0
87402 40
88338 0
88851 40
89148 0
90031 40
90277 0
90515 40
90959 0
91287 40
92503 0
92748 40
92993 24
93479 40
93652 0
94420 24
94813 24
95179 40
95180 0
96117 40
97049 0
98375 40
99160 40
99952 24
798 events for 15
275 47
576 0
628 49
838 0
909 54
943 0
1052 49
1147 0
1707 45
1714 0
1811 57
1879 0
2017 46
2451 0
2513 45
2701 0
2735 47
2807 0
2811 49
2885 0
2925 49
3006 0
3071 57
3128 54
3215 0
3221 45
3592 46
3692 45
3865 0
3874 54
3913 54
3968 54
4060 45
4608 0
4615 47
4616 45
4819 45
5152 0
5214 49
5425 0
5549 45
5701 0
5799 46
6029 54
6235 54
6337 54
6351 0
6366 50
6386 49
6677 0
6841 50
6846 0
6935 47
7054 0
7104 45
7158 0
7258 57
7596 0
7704 46
8064 0
8111 45
8112 54
8325 57
8355 0
8744 50
8764 0
9012 46
9235 0
9380 54
9536 0
9789 47
9794 0
10129 49
10298 0
10303 57
10583 45
10764 0
10838 46
10990 0
11242 47
11258 0
11452 45
11456 0
11540 45
11663 0
11683 50
11768 0
11800 46
12133 45
12277 0
12282 47
12531 49
12599 49
12620 0
12811 46
12859 0
12941 45
13080 0
13123 57
13331 54
13367 0
13573 49
14047 0
14056 50
14176 0
14473 49
14576 0
14789 50
15008 0
15150 46
15189 57
15204 45
15281 46
15318 0
15506 46
15550 54
15892 0
16118 57
16202 0
16366 54
16630 57
16835 0
16974 45
16992 0
17171 45
17233 45
17543 0
17621 50
17816 0
17854 47
17931 0
17938 45
17945 0
18415 45
18517 0
18792 46
19017 57
19056 0
19378 45
19603 0
19783 45
20069 0
20141 47
20158 0
20323 47
20591 46
20660 0
20700 57
20873 0
21057 57
21158 50
21176 0
21333 45
21583 0
21810 54
21842 0
21946 49
22004 0
22032 45
22607 54
22673 0
22701 47
22813 47
22821 46
22944 0
23028 49
23112 0
23132 46
23153 46
23187 0
23268 45
23373 0
23422 57
23621 0
23683 46
23732 0
23890 54
24030 50
24108 50
24128 0
24152 57
24264 0
24399 50
24628 57
24767 0
24924 47
24951 49
24982 54
25004 0
25069 47
25248 50
25420 0
25531 47
25697 0
25850 45
25918 0
26014 46
26033 0
26050 50
26091 0
26366 45
26402 0
26425 45
26443 57
26607 54
26672 0
26731 47
26800 0
26869 46
26931 57
26988 0
27613 46
27636 0
27659 49
27810 0
27831 54
27858 0
28049 54
28142 49
28281 54
28371 0
28445 54
28456 50
28593 49
28648 46
28863 0
28936 49
28985 0
29072 46
29321 0
29334 46
29759 47
29894 0
29966 47
30024 57
30129 0
30133 47
30169 0
30238 50
30259 46
30323 0
30436 47
30477 0
30495 49
30784 0
30806 46
30858 0
30898 46
31013 45
31214 47
31339 0
31585 45
31589 47
31826 50
31854 45
31858 0
31868 45
31949 0
31952 57
32362 57
32426 50
32547 0
32597 45
32614 0
32648 49
32830 0
33104 45
33105 0
33166 54
33243 46
33348 0
33933 45
33993 0
34224 47
34289 50
34509 0
34580 45
34605 45
34649 0
34719 54
34866 45
34932 0
34975 49
34981 0
35041 47
35055 0
35075 54
35205 0
35217 57
35246 50
35252 0
35497 45
35514 0
35723 57
35773 0
35891 45
35969 0
36033 46
36104 49
36270 0
36354 49
36502 46
36582 0
36657 45
36691 54
36748 0
36779 49
36981 54
36999 0
37031 49
37121 0
37135 46
37554 0
37619 47
37655 0
37754 54
37818 0
37868 45
38187 0
38377 46
38505 49
38523 50
38558 0
38588 47
38610 0
38661 57
38668 45
38748 49
38835 0
38943 54
39065 0
39129 49
39215 0
39271 46
39313 0
39559 45
39584 0
39996 54
40062 0
40072 47
40116 0
40353 45
40474 0
40609 49
40937 0
41083 49
41176 47
41579 57
41627 0
41697 47
41761 0
41766 45
41783 45
41936 45
41947 45
42010 0
43010 45
43047 0
43063 50
43126 0
43177 45
43185 0
43319 46
43345 46
43612 0
43867 50
44027 0
44144 46
44218 0
44275 49
44302 0
44432 46
44832 0
44991 49
45139 0
45190 46
45242 49
45290 0
45358 57
45380 50
45414 0
45633 49
45963 0
46068 57
46188 0
46251 54
46424 0
46449 57
46797 0
46824 45
47026 0
47085 50
47524 47
47559 0
48143 45
48207 47
48210 0
48301 50
48387 49
48406 0
48410 49
48504 0
48509 47
48743 0
48882 47
48906 0
49032 50
49302 0
49369 45
49473 0
49856 47
49940 0
49958 54
50041 0
50257 49
50360 0
50622 45
50852 0
51050 46
51135 46
51230 0
51253 46
51323 0
51635 45
51752 0
51830 46
52021 49
52109 0
52127 47
52294 0
52389 54
52782 0
53080 57
53172 0
53232 54
53379 45
53395 50
53537 0
53564 50
53581 45
53610 0
53748 54
53948 0
54352 50
54536 0
55247 54
55262 0
55554 50
55700 0
55728 54
55780 0
55810 57
55951 0
56014 57
56038 47
56395 0
56434 49
56453 45
56593 0
56737 54
56784 45
56808 0
56838 50
56865 45
56984 50
57132 45
57253 0
57703 57
57740 0
57801 57
57820 0
57983 45
58223 0
58447 54
58636 0
58945 57
59067 0
59138 46
59161 0
59248 45
59342 0
59502 45
59525 49
59534 45
59542 0
59568 45
59575 45
59646 54
59713 0
59943 54
59963 0
59990 57
60316 0
60443 49
60571 0
60602 49
60759 0
60874 47
60906 0
60976 54
61096 0
61406 47
61484 0
61585 47
61613 0
62052 57
62360 50
62375 49
62448 0
62513 49
62627 50
62663 0
62709 54
62789 47
62813 0
62972 49
63273 0
63682 47
63746 57
63850 0
64147 49
64384 49
64398 0
64524 45
64589 0
64771 46
64822 0
65030 46
65258 0
65407 47
65408 0
65511 57
65525 0
65555 54
65664 0
65727 45
65919 0
66173 49
66176 54
66365 0
66415 49
66725 0
66756 49
66904 0
66911 47
66976 0
67141 54
67312 57
67466 0
67678 57
67795 0
67805 49
67952 0
68136 45
68317 0
68554 54
68594 50
68840 0
68934 45
69130 0
69262 47
69408 0
69591 45
69614 0
69776 45
70080 57
70315 0
70446 45
70453 0
70493 57
70526 0
70679 54
70844 0
70910 50
71675 0
71782 49
72127 50
72131 0
72198 49
72754 0
72761 47
72807 0
73015 50
73571 0
73579 49
73653 0
73927 49
73961 0
74263 47
74293 0
74337 57
74389 47
74656 0
74697 57
74714 57
74744 57
74816 45
75161 0
75192 45
75203 0
75550 46
75623 45
75785 0
75894 49
76043 0
76078 47
76136 54
76159 0
76249 54
76259 0
76299 50
76521 0
76629 54
76738 0
76809 45
76906 0
76990 45
77211 0
77248 54
77304 0
77316 54
77480 47
77580 0
78308 54
78310 0
78646 47
78808 46
79126 0
79573 47
79835 0
79882 49
79889 0
79972 49
80205 47
80253 0
80491 49
80526 45
80536 0
80551 45
80650 0
80848 54
81093 0
81416 47
81522 0
81579 49
82026 45
82640 0
82750 50
82835 47
82836 0
82842 57
82946 0
83066 54
83110 0
83157 49
83243 0
83417 45
83516 0
83550 45
83700 50
83811 47
83852 0
83881 49
84082 0
84150 46
84374 0
84465 54
84473 46
84521 0
84571 47
84680 0
84722 45
84803 0
84862 46
85006 0
85278 50
85298 0
85314 46
85386 0
85424 54
85700 0
85980 46
86563 0
86799 46
87021 45
87023 47
87055 0
87088 57
87185 46
87207 46
87326 54
87442 0
87605 57
87770 57
87841 0
87884 54
87968 0
88321 50
88348 0
88492 50
88517 45
88527 0
88719 47
88761 0
88830 45
88841 0
88941 47
88982 0
89187 47
89223 0
89422 50
89973 0
90067 49
90255 57
90260 0
90290 54
90294 46
90322 0
90367 54
90578 0
90760 45
90804 0
90893 57
91081 0
91298 57
91481 47
91570 0
91689 45
91955 0
92166 54
92183 0
92647 45
92850 57
92886 46
93627 0
93771 45
93912 0
93961 47
93984 0
94026 49
94147 57
94194 0
94406 45
94888 0
94996 47
95019 46
95224 0
95316 45
95342 0
95403 46
95466 0
95487 45
95574 0
95636 49
95961 0
96068 54
96084 0
96188 57
96197 0
96271 47
96309 0
96310 45
96311 0
96315 45
96410 0
96592 45
96648 0
96793 54
96812 47
96886 57
96951 0
97131 50
97149 0
97160 46
97222 0
97223 50
97239 46
97248 0
97276 45
97335 57
97531 0
97601 45
98028 0
98168 50
98615 54
98625 0
98662 57
98822 0
98840 45
98893 0
98939 50
99050 0
99266 47
99512 0
99567 50
99778 0
99800 45
99940 0
