16 buffers
346866 29711
553972 15483
493855 97333
255122 15585
628723 62311
523992 82899
475911 62308
123140 21854
287966 26190
901083 164223
119685 9168
527131 81759
463161 45761
447766 49796
282005 18603
376791 68106
20 downlinks
0 750 5000 664
1 5750 10000 543
2 10750 15000 580
3 15750 20000 502
4 20750 25000 569
5 25750 30000 460
6 30750 35000 470
7 35750 40000 576
8 40750 45000 445
9 45750 50000 499
10 50750 55000 650
11 55750 60000 655
12 60750 65000 580
13 65750 70000 590
14 70750 75000 557
15 75750 80000 533
16 80750 85000 514
17 85750 90000 650
18 90750 95000 551
19 95750 100000 521
308 events for 0
0 48
17 0
99 48
335 31
535 48
786 0
1308 48
1323 0
1337 48
1437 31
1877 48
1883 0
1910 48
2006 31
2016 0
2211 31
2382 31
4318 0
4532 31
6065 31
7189 0
7413 48
7506 0
7893 31
8279 0
8283 48
8443 0
8855 31
9035 48
9037 0
9350 31
9450 0
9459 31
9624 0
9681 31
10029 31
10758 48
10911 0
11554 48
12170 0
12254 48
12532 31
13009 0
13024 48
13025 0
13148 31
13351 0
14010 48
14201 0
14614 31
14769 0
15434 31
16445 48
16673 0
16850 31
17086 48
17625 0
17667 31
17883 48
18720 31
18744 0
19557 48
19692 0
19768 48
20198 0
20643 31
20644 0
20868 31
20916 48
21239 0
21248 31
21503 0
22111 48
22470 0
22574 48
22743 0
22791 48
22915 0
22981 48
23173 0
23580 31
23636 0
24141 31
24810 0
25279 48
25358 48
25759 0
26037 48
26361 0
26625 48
27190 0
27414 31
28808 31
29450 0
29471 48
29570 0
29707 48
29879 31
30070 0
30229 48
30431 0
30780 31
30804 48
31349 0
32449 48
32623 0
33505 31
33579 0
33617 48
33684 0
33785 31
33859 0
33923 48
34319 0
34877 48
34966 31
34985 0
35169 31
35322 31
35798 31
35913 0
36117 48
36161 0
36214 31
36469 0
36870 31
37226 0
38719 48
38963 0
39430 31
39784 0
40589 31
40752 0
40933 48
41690 0
42126 48
43509 48
43874 31
44087 0
44270 48
44386 0
44420 31
44491 0
44828 48
45595 0
45746 48
45886 0
46017 31
46047 0
46176 48
46367 0
46961 48
47008 31
47133 0
47401 31
48127 0
48220 48
48469 0
48690 31
49403 0
49560 31
49713 0
49954 48
51055 31
51195 0
51258 48
51426 0
51620 31
51773 0
51802 31
52031 48
52520 31
52526 0
53029 48
53072 0
54350 31
54715 0
54896 31
54989 0
55274 48
55723 0
55760 31
55939 0
56047 31
56115 0
56281 48
56659 0
56670 31
56826 0
56829 31
56909 0
56924 48
57232 0
57601 48
57872 0
57931 31
58296 48
58369 0
58786 31
59063 0
59592 48
59741 0
59816 31
60123 48
60342 0
60476 31
60988 0
61014 48
61066 0
61305 31
61630 48
61731 0
61811 48
62174 48
62321 0
62425 31
62619 48
63097 0
63363 48
63636 31
64219 0
64955 48
65754 48
65880 0
66009 31
66702 0
67748 31
69464 0
70147 31
70293 0
70433 48
71287 0
71310 48
71783 0
71929 31
72031 31
72551 0
72883 31
73366 0
73455 48
73553 0
74401 48
74801 48
75455 0
76409 48
76579 0
76615 31
76733 0
76897 48
77623 48
77647 0
78474 31
78970 0
79375 48
79536 31
80240 0
80686 31
80906 48
80979 0
81072 48
81672 0
81840 48
82045 0
82189 48
82509 0
83064 31
83169 0
84120 48
84352 0
85061 48
85350 0
86167 48
86485 0
86586 31
86899 0
87303 31
87483 0
87778 48
88281 0
88423 48
88512 48
88774 0
89140 31
89848 0
89873 31
89941 0
90250 48
90326 31
90368 31
90611 48
91896 48
92654 48
92709 0
92947 31
93075 0
93094 48
93644 0
94906 48
95107 0
95302 48
95836 0
97376 48
97649 0
98707 48
99443 0
99747 48
99797 0
99891 48
795 events for 1
18 47
97 0
108 75
525 0
541 75
641 0
917 52
1078 0
1228 51
1247 0
1253 61
1633 51
1772 0
2229 51
2267 0
2322 52
2363 52
2449 0
2784 75
2797 0
2921 61
2985 0
3153 61
3349 0
3356 61
3713 0
3992 47
4024 75
4092 75
4106 51
4125 0
4154 47
4389 0
4664 61
4835 0
4848 75
4947 0
5434 61
5452 0
5472 47
5484 0
5595 47
5759 0
5853 61
5855 61
6117 0
6287 51
6313 0
6331 75
6753 0
7203 51
7240 75
7555 0
7806 61
7945 0
7970 61
8064 0
8399 47
8442 0
8520 61
8966 0
9120 72
9161 0
9223 61
9266 0
9313 75
9519 0
9531 75
9849 0
9924 51
9963 0
9986 47
10676 0
10709 51
10729 0
10945 75
11249 47
11333 0
11751 61
11956 0
12142 47
12166 0
12209 47
12254 0
12269 61
12575 0
12625 47
12802 0
12839 61
12881 0
13551 72
13769 0
13855 75
14092 0
14398 75
14422 61
14507 0
14516 72
14538 75
14613 61
14654 75
14660 47
14820 0
15120 75
15283 0
15630 61
15675 0
15738 61
15807 0
15818 61
15893 0
16087 51
16248 51
16291 51
16301 0
16343 51
16407 75
16569 52
16574 0
16708 75
16799 51
16839 61
16973 0
17250 72
17303 0
17356 75
17431 0
17494 61
17523 0
17847 51
18015 0
18034 51
18273 0
18386 61
18460 0
18607 52
18631 75
18817 0
18927 75
18967 52
19257 0
19431 61
19760 0
20111 72
20508 61
20741 0
20875 61
21259 0
21417 75
21777 0
22060 51
22365 52
22366 47
22395 72
22420 0
22515 61
22774 47
22787 51
22929 0
22982 52
23009 51
23057 0
23240 75
23415 0
23562 61
23569 61
23632 0
23696 52
23745 75
23824 47
23895 0
24045 75
24089 0
24315 72
24390 0
24569 75
24676 0
24695 75
24859 0
24920 61
25011 0
25128 75
25153 0
25369 52
25563 72
25598 75
25808 0
25848 61
25932 0
26103 75
26149 0
26246 51
26921 72
27301 0
27329 75
27356 0
27606 52
27798 0
27835 52
27989 0
28191 75
28236 0
28517 61
28636 0
28739 61
29050 47
29142 0
29330 75
29541 0
29698 51
29915 0
30034 51
30124 0
30164 61
30276 75
30310 0
30463 61
30686 0
30869 61
30950 75
30985 0
31260 72
31542 0
31782 75
31917 0
31973 75
31976 0
32020 52
32206 72
32302 0
32358 75
32394 0
32427 61
32454 75
32498 0
32724 61
32856 0
33008 52
33139 0
33174 72
33177 0
33250 61
33307 0
33495 61
33548 0
33579 75
33661 0
33697 52
33722 0
33767 75
33789 72
33816 51
33946 0
33990 61
34046 0
34059 75
34456 0
34699 61
34710 75
34894 0
35327 51
35380 61
35478 0
35519 72
35525 0
35897 47
35961 0
36039 61
36063 51
36071 0
36167 61
36241 0
36374 47
36435 72
36539 75
36648 0
36758 75
36811 0
37016 52
37128 61
37338 0
37345 75
37513 0
37516 52
37584 0
37630 75
37841 0
38124 52
38317 0
38401 61
38421 0
38701 52
38865 0
38871 52
38951 0
38967 51
39039 75
39099 0
39188 51
39460 0
39617 52
39814 0
39817 61
39858 72
40090 0
40094 61
40577 0
40834 52
40869 0
41238 51
41307 0
41654 61
41655 0
41727 75
41732 61
41779 47
42009 0
42179 72
42265 0
42539 51
42682 0
42735 61
42738 47
42775 51
42804 0
43106 61
43165 51
43425 61
43432 0
43534 72
43561 52
43616 51
43641 0
43869 52
44048 0
44335 51
44411 0
44818 47
44869 75
45541 75
45822 0
46333 47
46335 0
46363 61
46519 0
46557 75
46603 52
46791 0
46792 61
46805 0
47156 51
47177 0
47194 47
47209 0
47789 61
48000 75
48165 72
48286 0
48288 51
48504 0
48583 51
48668 61
48791 0
48935 75
49138 0
49289 52
49566 0
49630 51
49676 0
49686 51
49986 0
50043 75
50199 0
50265 47
50297 0
50332 61
50422 0
50423 61
50433 0
50620 75
50626 0
50801 52
51228 0
51557 47
51657 0
51669 61
51705 75
51714 72
52547 61
52651 0
52665 72
52891 0
53003 52
53066 0
53076 72
53234 0
53307 47
53370 0
53417 52
53672 51
53741 0
53858 61
54011 0
54224 51
54502 0
54512 72
54628 75
54792 0
54809 75
54915 0
54997 47
55203 47
55256 0
55344 75
55438 0
55528 61
55974 75
55998 0
56057 51
56347 51
56438 0
56470 61
56586 0
56813 52
56845 0
56881 75
56902 0
56965 61
57574 75
57585 75
57649 0
57678 72
57773 0
57776 72
57815 0
58135 52
58306 0
58428 75
58565 0
58743 52
58837 51
58838 0
58996 61
59037 52
59118 52
59147 0
59265 47
59393 0
59514 52
59556 0
59597 52
59797 75
59802 0
59807 75
59896 75
59929 51
60051 52
60055 0
60159 72
60167 0
60173 47
60385 75
60559 0
60626 61
60704 0
60806 51
60875 61
61479 0
61612 51
61725 0
61765 61
61891 0
61917 75
61931 0
61970 72
62068 0
62084 72
62275 0
62367 61
62584 52
62856 51
63000 0
63144 52
63771 47
64046 0
64161 75
64165 52
64277 72
64334 75
64446 47
64551 72
64580 0
64707 51
65023 0
65034 61
65156 0
65199 75
65256 0
65455 72
65564 0
65745 61
65755 0
65953 61
66015 0
66083 61
66187 0
66458 61
66642 0
66669 52
66903 0
67258 61
67510 0
67642 52
67674 52
67678 0
67707 61
67871 47
67912 47
68161 0
68175 47
68291 0
68418 61
68508 0
68840 52
68880 0
69086 51
69376 51
70789 0
71055 72
71062 47
71263 0
71518 75
71625 52
71909 0
71928 75
71932 75
72094 0
72207 72
72228 0
72273 52
72348 0
72374 72
72413 0
72449 61
72626 51
72636 0
72654 61
72941 0
72952 75
72997 0
73244 61
73301 0
73339 75
73422 0
73614 52
73620 0
73689 51
73792 0
73833 61
73963 0
74137 72
74216 0
74297 52
74305 0
74539 51
74658 0
74681 47
74904 0
75118 61
75348 0
75364 72
75384 75
75425 72
75512 0
75551 61
75712 0
75788 75
75796 0
75801 51
75839 61
75954 75
76036 0
76074 75
76278 0
76584 75
76640 51
76643 75
76691 75
76746 0
76814 52
76874 0
76892 47
76952 72
77112 47
77186 0
77225 72
77303 0
77396 75
77417 0
77492 51
77573 0
77726 75
77753 0
77758 75
77825 61
77849 0
77919 61
77975 0
78071 51
78149 0
78306 75
78347 0
78739 47
78749 72
78788 47
78795 0
78825 51
78883 0
78969 75
79029 0
79077 72
79314 72
79603 0
79711 52
79866 0
80089 51
80118 0
80196 51
80201 0
80335 75
80522 0
80595 75
80905 75
81029 51
81151 0
81165 51
81480 0
81677 75
81683 47
81688 0
81777 72
81882 0
81917 52
82145 0
82263 52
82439 75
82793 52
82858 0
82904 61
83035 72
83115 0
83117 75
83151 72
83207 0
83444 75
83516 0
83534 51
83716 0
83835 75
83915 0
84149 47
84186 0
84264 61
84287 0
84500 75
84711 0
84893 75
85012 0
85290 72
85456 0
85684 52
85770 72
85806 0
85917 51
86276 61
86559 52
86924 0
87181 51
87296 61
87390 0
87530 75
87630 52
87655 0
87860 51
87951 0
88097 72
88168 0
88195 52
88275 75
88279 0
88423 47
88865 75
88866 51
88897 0
89093 75
89155 0
89188 61
89215 75
89362 0
89471 61
89750 0
89792 75
89821 0
90215 61
90474 0
90511 51
90529 0
90553 61
90651 0
90727 51
90917 61
90956 0
91210 51
91470 0
91493 51
91588 61
91676 61
91722 0
91729 75
91895 0
91898 75
92030 0
92039 47
92118 52
92240 47
92299 0
92543 75
92801 0
92912 52
92934 51
92993 0
93065 51
93076 0
93371 61
93397 0
93511 51
93575 0
93699 51
93712 52
93775 0
93873 75
94038 0
94093 61
94375 0
94420 51
94575 0
94643 72
94685 0
94786 47
94791 0
94873 61
94941 61
95001 0
95181 52
95346 72
95461 0
95724 52
95775 0
95784 61
95925 51
95926 0
95950 75
96053 0
96106 61
96484 0
96510 52
96570 0
96692 75
96694 47
96818 0
97244 72
97432 75
97473 0
97568 61
97945 0
98048 47
98204 0
98273 61
98288 61
98440 72
98569 0
98621 75
98643 0
98794 72
98880 0
99115 72
99239 61
99277 0
99453 52
99471 61
99506 75
99655 75
99668 0
99837 72
99998 0
397 events for 2
59 54
203 0
535 48
803 0
1570 50
1788 0
1891 35
2036 0
2548 59
2674 0
2714 63
2877 0
2976 67
3149 63
3217 0
3515 59
3968 0
4130 48
4365 0
4634 48
4765 66
4880 0
4929 63
5056 0
5189 54
5609 0
5729 50
6047 35
6301 0
6344 35
7318 0
7415 24
7499 35
7684 0
7844 66
7850 63
7924 0
7930 54
9237 0
9405 50
9506 35
9538 0
9716 63
9916 54
9953 0
10323 50
10401 50
10538 67
10548 0
10733 67
10987 0
11072 66
11174 0
11268 67
11352 0
12057 24
12100 50
12218 0
12357 35
12390 0
12643 24
12770 0
12953 48
13125 24
13143 0
13338 54
13389 50
13488 0
13501 54
13874 0
14006 35
14016 0
14246 50
14323 0
14752 24
14757 0
14837 48
15020 48
15114 48
15452 0
15503 54
15597 0
15760 50
15766 0
16042 63
16064 0
16513 54
16720 0
18591 35
18649 0
18716 35
18770 0
19057 24
19327 0
19431 35
19618 0
19683 35
20305 35
20461 0
20686 50
20819 0
20959 66
21475 66
21565 0
21671 66
21961 54
22187 0
22772 66
23169 0
23200 24
24155 0
24238 48
24585 0
24784 63
24985 0
25259 24
25272 0
25322 66
25459 0
25744 59
26558 50
26584 0
26640 67
26733 0
26856 35
26914 0
27090 48
27571 66
27749 0
27818 63
28036 0
28186 35
28873 0
29978 50
30011 0
30334 67
30393 0
30486 35
30738 0
31114 59
31189 0
31596 66
31716 63
31874 0
32125 59
32189 35
32379 0
32448 54
32801 0
33237 67
33755 0
33821 66
33841 0
34359 50
34425 0
34584 50
34871 0
34899 35
35434 0
35711 50
36106 0
36157 35
36252 0
36971 66
37207 0
37833 24
38225 0
38422 67
38424 48
38859 67
38995 0
39102 59
39347 0
39675 35
39679 0
39748 24
41067 0
41110 35
41715 35
41920 0
42100 63
42321 0
42504 24
43188 0
43381 67
43621 0
44394 35
44774 35
45207 66
45221 50
45231 0
45301 66
45661 0
45694 35
45934 0
45965 67
47374 0
47552 48
47755 0
47806 63
47848 0
47873 63
48469 35
49166 0
49507 24
50222 67
51660 0
51703 35
51792 0
52162 66
52610 63
52823 0
54034 59
54304 0
54325 63
54404 0
54709 54
54731 0
54877 50
55001 0
55384 63
55419 0
55541 59
55615 0
55723 50
55756 0
56140 67
56146 0
56171 59
56277 0
56295 24
56546 0
56827 24
57531 0
57902 59
57921 0
58245 54
58305 0
58329 54
58653 35
58733 0
58972 67
59152 0
59221 50
59529 54
59574 0
59722 50
59898 0
59910 59
59954 0
60015 67
60067 59
60738 35
60790 0
61175 63
61676 0
61725 54
61923 0
62375 67
62536 0
62863 35
63405 0
63434 54
63789 0
63808 54
63834 66
63857 59
64119 24
64140 0
64435 35
64965 24
65231 59
65306 66
66264 0
66535 54
66893 0
67206 67
67269 66
67435 0
67656 59
67923 0
68350 35
68656 67
68818 0
68911 24
68986 0
69114 35
69168 0
69171 48
69472 24
69484 0
69817 67
70831 0
70935 54
71067 0
71143 24
71162 0
71355 35
71550 0
71781 48
71863 0
72042 54
72230 0
72939 35
72990 0
73340 50
73642 0
73764 35
74145 0
74323 54
74500 35
75296 0
75322 24
75845 0
75969 48
76673 0
76696 67
76922 0
77365 54
77587 67
77722 0
78317 35
78779 66
79283 0
79416 35
79586 54
79660 0
79801 48
80168 0
80442 24
80461 0
81258 35
82106 0
82154 24
82771 0
83040 35
83061 0
83108 50
83219 54
83245 0
83618 35
83667 0
84010 59
84137 35
84163 24
84228 0
84239 66
84322 0
84979 48
85556 0
86186 59
86965 0
87416 50
87884 59
88133 0
88270 63
88377 48
88389 48
88620 24
88790 0
89068 54
89148 0
89275 63
89529 67
89903 0
90478 54
90558 35
91444 0
92061 63
92073 0
92208 35
92631 0
92818 63
93642 0
93680 54
94162 0
95176 66
95210 0
95279 67
95484 0
95572 35
95922 0
95987 67
96059 0
96072 48
96081 0
96711 67
98126 54
98572 0
98686 63
98795 35
98922 48
99114 0
99156 35
99509 0
99709 67
99994 63
695 events for 3
30 40
167 0
337 40
653 0
659 40
737 0
899 40
936 40
1106 0
1143 40
1198 0
1214 40
1484 40
1517 0
1861 40
1906 0
1919 40
2503 0
2755 40
2787 40
2815 0
3063 40
3080 0
3306 40
3374 0
3631 40
3758 0
3968 40
4187 0
4221 40
4326 0
4360 40
4550 0
4791 40
4792 0
4840 40
4893 40
5034 40
5180 0
5205 40
5270 0
5289 40
5290 0
5379 40
5408 0
5558 40
5840 0
5926 40
6464 0
6613 40
6634 0
6733 40
6906 40
6954 0
6994 40
7159 0
7333 40
7757 40
8051 0
8466 40
8730 0
8860 40
8879 0
9012 40
9401 40
9561 40
10058 0
10087 40
10587 0
10905 40
11181 0
11242 40
11449 40
11538 0
11570 40
11680 0
11845 40
12001 40
12251 0
12450 40
12573 40
12581 40
13035 0
13195 40
13476 0
13484 40
13518 0
13652 40
13866 0
14289 40
14523 0
14530 40
14708 0
14817 40
14853 0
15014 40
15440 0
15476 40
15513 40
15548 0
16094 40
16324 0
16373 40
16463 40
16800 0
16878 40
16888 40
16953 0
17252 40
17325 0
18091 40
18287 40
18399 40
18631 0
18996 40
19048 0
19076 40
19509 0
19624 40
19754 40
20147 0
20186 40
20241 40
20271 40
20367 0
20703 40
20716 0
21152 40
21221 40
21344 0
21574 40
21684 0
21871 40
21938 0
22179 40
22548 0
22821 40
22829 0
22985 40
23160 40
23271 0
23786 40
23998 40
24072 0
24459 40
24460 40
24534 0
24634 40
24960 0
25142 40
25738 0
25804 40
25962 40
25991 40
26069 40
26108 0
26311 40
26511 0
26579 40
27122 0
27133 40
27350 40
27389 0
27889 40
27899 0
27993 40
28079 40
28396 0
28579 40
28582 0
28765 40
28792 40
28903 40
29049 0
29190 40
29309 40
29343 0
29398 40
29488 0
29793 40
29858 0
29933 40
30301 0
30366 40
30411 0
30448 40
30472 0
30487 40
30668 40
30690 0
30979 40
31161 0
31599 40
31830 40
31956 0
32355 40
32499 0
32515 40
32628 0
32863 40
33051 40
33152 0
33398 40
33557 40
33642 0
33804 40
34165 0
34385 40
34451 40
34470 40
34521 0
34636 40
34748 0
34850 40
35146 0
35231 40
35791 40
36090 0
36091 40
36141 0
36236 40
36371 40
36835 0
36849 40
37036 0
37240 40
37297 0
37529 40
37965 0
38203 40
38304 0
38401 40
38642 40
38750 40
38826 40
38919 40
39081 0
39374 40
39384 0
39418 40
39578 0
39599 40
39642 0
39932 40
40021 0
40101 40
40144 0
40318 40
40399 0
40602 40
40695 0
40784 40
41012 0
41022 40
41097 40
41171 0
41317 40
41420 0
41523 40
41787 40
41837 0
41869 40
42076 0
42155 40
42244 40
42305 0
42314 40
42434 40
42532 0
42774 40
43158 40
43406 40
43471 0
43483 40
43566 0
43717 40
44016 40
44051 0
44122 40
44210 0
44226 40
44472 0
44565 40
44834 0
44934 40
45074 40
45200 0
45212 40
45390 0
45397 40
45419 0
45563 40
45597 0
45642 40
45666 0
45830 40
45919 0
46027 40
46134 0
46435 40
46479 0
46660 40
46680 0
47143 40
47189 0
47341 40
47447 0
47524 40
48012 0
48016 40
48048 0
48142 40
48653 0
48754 40
48929 0
49174 40
49199 40
49369 0
49670 40
49876 40
49883 0
49917 40
49930 0
49968 40
50127 40
50358 0
50461 40
50528 0
50600 40
50699 0
50821 40
50857 0
50949 40
51166 0
51899 40
51965 40
52541 0
52544 40
52576 0
52580 40
52768 40
52990 0
53040 40
53064 0
53160 40
53492 0
53496 40
53708 0
53875 40
53977 40
54273 0
54278 40
54306 40
54409 40
54441 40
54491 0
54525 40
54874 40
54898 0
55066 40
55180 0
55294 40
55341 40
55630 40
55669 40
56190 0
56231 40
56416 0
56436 40
56831 0
56876 40
56958 0
57094 40
57280 0
57352 40
57402 0
57594 40
57666 0
57786 40
57876 0
57946 40
57964 0
57997 40
58008 40
58082 0
58202 40
58568 40
58610 40
58886 0
58949 40
59244 40
59420 0
59568 40
59654 0
59985 40
60058 0
60121 40
60147 0
60155 40
60182 0
60245 40
60509 0
60884 40
60919 0
61332 40
61678 0
61801 40
61841 0
61961 40
62037 0
62095 40
62422 0
62446 40
62466 0
62482 40
62521 0
62599 40
62686 40
62706 0
62707 40
62729 0
62773 40
62917 40
62920 40
62941 0
63187 40
63330 40
63396 40
63444 40
63492 0
63558 40
63572 40
63667 0
63699 40
63747 0
63807 40
64072 0
64460 40
64493 40
64702 0
64775 40
65011 0
65177 40
65338 0
65714 40
65840 0
66108 40
66229 40
66812 40
66992 40
66996 40
67149 0
67178 40
67200 0
67323 40
67655 40
67732 0
67817 40
67988 0
68539 40
68559 40
68616 0
68630 40
68678 0
68701 40
68825 0
68896 40
69214 40
69670 40
69788 40
69834 0
70029 40
70231 0
70279 40
70510 40
70690 0
70693 40
70725 0
70934 40
70953 0
71164 40
71529 40
71536 0
71666 40
71725 40
71805 0
71845 40
72057 0
72508 40
72573 0
73172 40
73299 0
73704 40
73830 0
73853 40
74054 0
74181 40
74299 0
74362 40
74533 40
74636 40
74871 0
75032 40
75148 0
75199 40
75346 40
75402 40
75428 0
75560 40
75574 0
75763 40
75848 40
75972 0
76008 40
76740 0
77049 40
77088 40
77234 0
77263 40
77399 0
77641 40
77703 40
77814 0
77957 40
78036 0
78056 40
78097 0
78128 40
78164 0
78212 40
78459 0
78523 40
78791 0
78822 40
78858 40
78995 0
78997 40
79183 0
79352 40
79567 40
79569 40
79710 40
79807 0
79997 40
80133 0
80430 40
80803 0
80868 40
80873 0
80905 40
80953 0
81204 40
81433 40
81441 40
81490 40
81583 0
81603 40
81849 40
82649 0
82898 40
83034 40
83059 0
83093 40
83226 0
83282 40
83291 40
83425 40
83567 0
83653 40
83720 0
83745 40
84185 40
84316 0
84371 40
84396 0
84443 40
84564 0
84759 40
84842 0
84905 40
84950 0
85497 40
85541 0
85547 40
85732 40
85812 0
85838 40
85980 0
86102 40
86196 0
86263 40
86306 0
86333 40
86348 0
86652 40
86791 0
86810 40
86900 0
87138 40
87139 0
87219 40
87289 0
87429 40
87796 0
87971 40
88127 0
88235 40
88407 40
88522 0
88585 40
88678 40
88941 0
89046 40
89233 0
89580 40
89588 40
89921 40
90237 0
90259 40
90341 0
90660 40
90973 40
91060 0
91133 40
91166 0
91505 40
91582 0
91599 40
91605 0
91779 40
91844 0
91972 40
92015 0
92071 40
92162 0
92616 40
92674 0
92878 40
92904 40
92916 0
93117 40
93225 0
93250 40
93351 0
93407 40
93448 0
93707 40
93843 40
94103 40
94169 0
94284 40
94381 0
94571 40
94576 0
94609 40
94900 0
94901 40
94985 0
95004 40
95136 0
95257 40
95389 0
95469 40
95495 40
95638 40
95707 0
95992 40
96019 0
96177 40
96198 40
96493 0
96781 40
97106 40
97403 0
97448 40
97449 40
97476 0
97478 40
97628 0
97669 40
97706 40
97745 0
98016 40
98271 0
98572 40
98737 0
98800 40
98892 0
98918 40
99173 40
99240 40
99485 0
99522 40
99902 0
99977 40
248 events for 4
129 79
1411 79
1637 0
1691 73
3013 79
3264 73
4680 73
5252 0
5470 74
5500 0
5546 63
7075 0
7289 79
7482 0
7593 73
7931 0
8025 63
8277 0
8337 63
8375 0
8800 71
8916 65
9387 0
9389 74
9672 79
10049 0
11016 65
11784 0
12240 63
12665 0
12981 73
13179 0
13331 79
13691 0
14167 63
14507 63
15226 0
15419 73
15527 73
15822 0
16083 73
16542 0
16833 74
16861 0
17854 71
19049 0
20399 65
21084 0
21291 71
21510 0
21555 63
22179 0
22713 65
22776 79
23465 79
23959 0
24503 79
24871 0
25193 79
26009 0
26105 73
26966 79
27797 0
28450 63
28891 0
30279 71
30536 65
33404 0
33463 71
33969 0
34104 73
34146 0
34496 74
34923 0
35113 73
35433 0
36241 74
36419 65
36632 0
37088 73
37138 0
37461 79
37622 0
37649 79
37767 0
37827 63
38078 73
38210 74
38575 0
38753 73
39295 65
39517 0
40618 65
41666 79
42481 79
43977 79
44133 79
44263 0
44269 71
44379 79
45270 0
45438 74
45869 65
46670 0
46851 73
47095 63
47124 0
47744 79
48045 63
48343 0
48693 71
49194 73
49347 63
50039 63
50427 0
50559 74
51045 0
51400 71
51500 0
51885 79
51897 79
51998 0
52058 79
52241 0
54031 63
54808 63
55126 0
56544 71
56858 0
56956 73
57178 0
57859 73
57876 79
57927 0
57945 71
58464 0
58558 74
58925 0
59288 65
60497 79
60868 73
60916 0
60992 79
62695 65
63195 0
64084 73
64157 0
64425 73
64695 0
64980 79
65233 0
65590 63
65660 0
66207 74
66215 71
66496 0
67410 65
67691 0
68109 71
68268 0
68270 73
69067 0
69828 74
69840 0
69965 63
70087 79
70716 0
70860 65
71729 0
72008 79
72710 0
72797 73
72812 63
73071 63
73913 0
74685 74
75008 65
75703 71
75999 79
76496 0
76545 74
76666 0
76838 71
76943 0
77130 79
77132 73
77575 0
77642 73
78555 0
78680 65
79737 0
80294 63
80828 79
80847 74
80981 74
81399 0
81417 65
82052 0
82154 71
82184 79
82316 0
82318 65
82420 0
82766 79
83710 0
83722 65
84082 65
84225 79
84316 0
84728 74
85648 0
85910 79
86466 0
87038 79
87349 0
87701 65
87799 0
88376 65
88507 65
89036 0
90216 65
90567 0
90889 63
91021 73
91176 0
91538 73
91604 0
91679 65
92066 0
92736 63
92795 0
93210 73
93226 0
93577 79
94322 0
94891 71
95942 74
95985 0
96014 74
96265 79
96797 79
97363 0
97759 71
98620 79
99143 0
99212 79
99723 0
99874 63
588 events for 5
173 75
450 0
940 75
947 0
985 63
1144 0
1344 75
1368 63
1375 63
1654 0
1675 63
1998 0
2123 63
2470 0
2493 63
2654 0
2698 63
2709 0
2732 75
2773 75
3114 0
3281 63
3888 0
4010 63
4017 0
4065 75
4070 0
4084 63
4192 0
4267 63
4656 0
5013 63
5499 0
5519 63
5567 63
5767 0
5914 63
6317 75
6340 75
6386 0
6547 75
6625 0
6635 75
6704 75
6749 0
7117 75
7323 0
7608 63
7883 75
7977 75
8372 63
8441 75
8708 75
8909 63
9773 0
9787 75
9792 63
9995 75
10219 0
10614 63
10623 0
11273 75
11296 0
11497 63
11721 0
11759 75
11904 0
12040 75
12292 0
12319 75
12902 0
12904 63
12927 75
13164 0
13203 63
13253 63
13288 63
13338 63
13429 0
13445 75
13801 63
14187 0
14530 63
15190 0
15688 75
15781 0
15849 75
15914 63
16138 0
16224 63
16225 0
16420 63
16881 0
16897 63
16936 0
16942 75
16976 0
17022 63
17157 0
17220 63
17244 0
17302 75
17352 75
17662 0
17683 63
17763 0
17859 75
18262 63
18576 75
18685 0
18935 63
19032 0
19219 75
19553 0
19619 63
19792 0
20028 75
20211 0
20305 63
20314 0
20343 63
20437 0
20548 63
20580 63
20664 0
20688 75
20751 0
21042 63
21134 0
21255 63
21747 63
21769 0
21785 75
21822 75
22103 0
22188 75
22210 0
22307 75
22498 0
22617 75
22731 0
22791 63
22816 0
23489 63
24000 63
24098 0
24263 75
24497 0
25046 75
25172 0
25203 63
25204 75
25323 0
25421 75
25803 0
25916 63
26011 0
26209 75
26219 63
26385 75
26725 0
26873 63
26938 0
26970 63
27468 0
27511 63
27621 0
27781 63
27848 75
27921 0
27925 75
28032 0
28225 75
28312 0
28355 75
28627 0
28696 75
28735 0
29078 75
29408 0
29480 75
29544 75
29576 0
29624 63
29854 0
29913 63
30017 0
30029 75
30275 63
30639 0
31012 75
31482 0
31517 75
31709 75
31775 75
31940 63
31973 0
32186 75
32325 63
32453 0
32627 63
32646 0
33002 75
33460 0
33554 63
33781 0
33812 63
34051 0
34111 63
34512 0
34683 63
34725 0
34740 75
35389 0
35454 63
35788 0
35796 75
36233 0
36296 63
37111 0
37265 75
37351 0
37445 75
37570 0
37678 63
37973 0
38022 63
38112 0
38217 75
38220 0
38306 63
38486 0
38550 75
38664 0
38758 63
39581 0
39884 75
39942 75
40226 0
40325 63
40453 75
40630 63
40852 75
40963 75
40974 0
41092 75
41190 0
41323 63
41328 0
41336 75
41466 63
41479 0
41863 63
42020 0
42051 63
42143 0
42616 63
43209 0
44091 63
44099 0
44208 63
44347 75
44468 0
44533 75
44581 63
44606 0
44607 75
44624 63
44660 0
45008 63
45021 0
45056 75
45181 0
45216 75
45319 0
45323 75
45375 63
45667 0
45730 75
46236 63
46362 75
46689 0
47031 75
47099 0
47163 63
47323 75
47983 63
47991 0
48087 75
48175 0
48381 75
48396 0
48411 63
48430 0
48449 63
48534 0
48959 75
49717 0
50181 75
50236 0
50511 63
50961 0
51238 75
51291 0
51435 63
51524 0
51640 63
52081 0
52146 63
52200 0
52250 63
52421 0
52699 75
52941 0
53031 63
53064 0
53143 75
53313 75
53354 0
53401 63
53595 0
53668 75
53731 75
53732 0
53976 63
54388 0
54464 75
54591 0
54657 75
55032 0
55214 75
55260 63
55359 0
55437 75
55488 0
55660 63
55710 63
55944 0
56074 75
56099 75
56129 0
56192 75
56256 0
56582 63
56588 0
56636 63
56660 0
56946 75
57050 75
57152 0
57334 63
57352 0
57401 75
57438 0
57576 63
57702 63
57829 75
58067 75
58242 75
58681 75
58695 0
58775 75
58892 75
60770 63
60822 0
60851 63
60891 0
61396 63
61871 0
62225 63
62253 0
62572 75
63349 0
63986 63
64014 0
64170 75
64356 63
64390 0
64718 75
64995 63
65052 0
65265 63
65433 0
65684 75
66209 0
66269 63
66278 75
66418 0
66497 75
66534 0
66765 75
66894 75
66962 63
67117 0
67285 75
67295 0
67499 75
67685 0
67986 75
68237 63
68280 0
68286 75
68464 75
68509 75
68551 63
68729 63
68928 0
69149 75
69330 0
69415 75
69788 75
69794 0
69837 75
69922 0
70427 75
70601 0
70730 75
70824 0
70961 63
71046 63
71127 0
71142 75
71381 0
71454 75
71995 63
72337 0
72347 63
72528 0
72574 75
72600 0
72675 63
73051 0
73062 75
73078 63
73328 0
73372 75
73544 0
74553 75
75398 0
75529 63
75709 0
75765 75
76054 0
76099 75
76538 0
76569 63
76663 0
76694 63
76710 0
76723 63
77014 75
77042 0
77162 63
77194 0
77264 63
77336 0
77836 75
77876 0
78102 75
78284 0
78495 75
78563 0
78581 75
78594 0
78605 75
78660 0
78667 75
79271 0
79608 63
79874 0
80096 75
80140 0
80635 75
80955 0
80968 63
81050 0
81053 75
81372 75
81396 75
81500 75
81783 0
81837 63
82039 75
82183 0
82282 75
82401 75
82475 63
82534 0
82687 75
82753 0
82789 63
83050 63
83111 0
83281 63
83284 0
83371 63
83507 75
84267 63
84300 75
85151 0
85541 63
85615 0
85679 75
85731 0
85817 63
85912 0
86174 63
86310 0
86379 63
86458 75
86827 75
87242 0
87336 75
87665 0
87687 63
88236 0
88285 63
88368 0
88411 63
88443 0
88504 75
88508 75
88579 0
88640 63
88646 0
88656 75
88908 75
88954 0
89198 75
89233 0
89261 63
89286 0
89366 75
89483 75
89599 0
89647 75
89887 0
89998 63
90040 75
90481 0
90511 63
90831 0
91291 75
91390 0
91475 63
91600 0
92130 75
92406 63
92541 0
93619 75
93807 0
93845 63
94183 0
94254 75
94362 0
94381 75
94802 63
94985 63
94997 0
95212 63
95232 75
95351 0
95725 63
96069 75
96079 0
96137 75
96217 0
96331 75
96524 0
96698 63
96800 0
97784 63
97793 0
97972 63
98009 0
98137 75
98464 0
98567 63
98621 63
98627 75
98799 63
99034 63
99199 0
99229 63
99368 0
99614 75
99657 75
99688 75
677 events for 6
100 56
180 0
634 56
856 0
1078 43
1262 0
1282 56
1496 0
1532 64
1706 0
1711 64
2140 0
2288 56
2322 0
2389 43
2480 0
2501 43
2656 0
2793 56
2923 0
2992 56
3084 43
3139 43
3155 43
3310 43
3458 0
3729 64
3772 64
4087 43
4127 64
4139 0
4174 56
4258 0
4280 43
4447 0
4543 64
4620 0
4640 64
5058 0
5142 56
5330 0
5887 56
6225 0
6324 64
6493 0
6771 64
6875 0
6877 56
6920 0
6945 43
6971 0
7005 64
7133 64
7302 64
7322 56
7573 0
7694 56
8124 0
8147 64
8177 0
8337 56
8425 0
8473 43
8705 64
8812 0
8904 64
8938 0
9038 64
9128 56
9133 64
9159 64
9258 43
9264 56
9287 43
9436 0
9691 64
9784 0
10200 64
10241 56
10414 0
10521 43
11058 0
11082 43
11219 64
11244 0
11461 64
11657 0
12063 64
12309 64
12571 0
12706 43
12748 0
12787 43
12820 0
12919 56
12965 0
13330 56
13348 0
13396 64
13590 0
13631 64
13899 0
14262 56
14300 0
14377 64
14572 0
15065 64
15346 0
15873 64
16007 0
16414 43
16462 64
16559 0
16729 56
17062 0
17423 56
17583 0
17869 64
18000 0
18311 64
18335 56
18494 0
18829 64
19000 56
19044 0
19077 56
19178 43
19265 0
19557 64
19777 0
19876 56
19912 64
19996 64
20039 0
20438 43
20656 0
20712 64
20892 0
21158 56
21598 0
21640 56
21859 56
21963 0
22005 43
22074 0
22599 43
22642 0
22713 43
22904 0
23149 43
23341 0
23347 43
23372 56
23537 0
23576 56
23676 0
23739 56
23786 0
23945 64
24041 0
24450 64
24899 0
24913 56
25106 43
25178 43
25312 0
25328 56
25507 43
25523 56
25618 0
25815 56
25820 56
25838 56
25866 0
26058 64
26206 0
26369 43
26809 0
26868 43
27421 0
27740 43
28013 0
28142 64
28395 64
28430 56
28820 0
29089 43
29158 0
29163 64
29344 0
29629 43
29711 0
29751 56
29969 0
30273 64
30313 0
30617 43
30759 0
30839 64
30863 56
30897 0
30961 64
31086 56
31381 0
31579 43
31603 0
31675 43
31788 56
31828 56
31840 0
31862 64
32011 56
32066 0
32071 56
32076 0
32480 64
32883 56
33429 64
33504 0
33702 64
33811 0
33846 64
33990 0
34503 43
34666 0
34739 56
34826 56
35115 56
35591 56
35670 0
35751 64
35937 0
36027 56
36080 0
36255 56
36270 43
36506 56
36768 0
36803 64
36986 56
37149 56
37462 0
37589 64
37688 0
37961 64
37967 43
38061 0
38117 43
38200 0
38256 64
38439 0
38555 56
38561 0
38598 43
38849 0
39728 43
39735 43
40174 0
40701 56
40906 0
40932 64
41196 64
41295 64
41358 0
41380 64
41462 0
41573 56
41827 0
42060 43
42093 0
42362 64
42600 0
43031 56
43107 0
43296 64
43439 0
43527 43
44062 0
44139 56
44232 56
44282 0
44602 56
44778 64
45166 0
45213 43
45273 0
45327 64
45822 0
45919 64
45972 0
46106 64
46156 0
46181 43
46374 0
46477 43
46626 0
46677 43
47045 0
47152 43
47320 0
47472 56
47583 0
47767 56
47771 0
47851 64
47887 0
48183 56
48356 43
48491 56
48635 0
48820 64
48885 0
48907 56
49016 64
49078 56
49102 0
49277 56
49508 64
49603 0
49612 64
49815 0
49828 56
49920 0
50099 64
50133 0
50338 64
50676 56
50731 0
51001 43
51257 64
51265 0
51314 43
51465 43
51478 64
51576 0
51608 43
51783 0
51803 56
51838 0
52055 43
52105 64
52131 64
52178 0
52186 64
52389 56
52396 0
52621 64
52697 0
52707 64
52833 56
53103 0
53528 43
53539 43
53549 43
53562 0
53567 43
53568 64
53687 0
53815 64
53819 56
53960 0
54040 56
54097 56
54259 0
54323 56
54385 0
54518 56
54633 64
54788 0
54816 43
55047 64
55109 0
55317 56
55425 0
55739 43
55800 0
55867 64
55966 0
56289 64
56295 0
56401 56
56596 56
57033 0
57536 56
57619 56
57761 0
57868 43
57981 64
58117 56
58280 0
58467 64
58563 0
59446 56
59485 0
59789 56
59891 0
59939 56
59985 0
60065 64
60067 0
60179 43
60238 0
60239 64
60308 56
60709 0
61009 64
61116 64
61160 0
61404 43
61467 43
61502 0
61762 64
62005 0
62163 64
62249 0
62256 56
62378 43
62379 0
62468 43
62705 43
62930 56
63181 43
63183 0
63743 56
63949 0
64092 64
64250 0
64398 64
64493 56
64584 0
64908 43
65039 0
65242 56
65318 0
65366 43
65473 43
65514 64
65549 56
65585 0
65694 56
65712 56
66301 0
66452 56
66895 0
67491 64
67566 0
67664 64
68100 0
68183 43
68230 0
68432 43
68690 56
68951 0
69265 56
69441 0
69465 56
69650 0
69669 64
69735 0
69740 64
70062 43
70381 56
70570 0
70771 43
71205 64
71244 64
71297 56
71389 64
71423 43
71428 0
71453 64
71513 0
71620 64
71886 0
71919 43
71920 0
71934 43
72029 0
72070 43
72519 64
72665 0
72742 56
72763 56
72887 0
73466 56
73617 0
73751 43
73930 0
74098 56
74168 0
74200 43
74530 43
74539 0
74678 56
74850 0
74870 56
74989 0
75042 56
75082 56
75528 0
75745 56
75870 0
75909 56
76315 0
76394 43
76410 0
76512 56
76800 0
76928 56
77038 0
77068 43
77137 0
77191 56
77380 64
77440 0
77500 64
77698 0
77816 64
77882 0
77896 56
77943 0
78022 43
78051 64
78322 0
78627 56
78887 0
78939 56
79085 0
79206 56
79229 64
79414 0
79500 56
79577 64
79648 0
79787 64
80492 0
80554 43
80597 0
80602 43
80612 0
80639 43
80685 0
80924 64
80928 0
80951 43
81136 64
81322 64
81545 0
81567 56
81619 0
81705 43
82233 0
82287 43
82311 0
82830 56
83382 56
83451 0
83463 56
83482 43
83639 43
83919 0
84138 43
84171 0
84505 43
84553 0
84983 64
85002 43
85060 64
85125 0
85253 43
85491 0
85601 43
85792 64
86263 0
86509 64
86599 0
86706 43
86962 0
87065 43
87408 0
87483 56
87884 0
87901 56
88293 0
88354 56
88392 0
88531 64
88694 43
88752 0
89075 56
89195 0
89297 56
89308 0
89642 64
89648 64
89703 0
89783 64
90123 0
90305 43
90422 43
90459 0
90604 64
90950 0
90971 43
91037 0
91153 56
91413 0
91725 64
91763 0
92122 64
92194 0
92223 43
92524 0
92669 56
92728 56
92805 0
92822 43
92848 0
93136 43
93261 0
93264 64
93333 0
93337 43
93809 0
93894 64
93900 0
94038 43
94043 0
94145 64
94227 0
94389 64
94427 0
94982 43
95032 0
95081 56
95088 0
95122 64
95326 64
95391 43
95647 0
95824 64
95833 0
95941 43
95996 0
95999 43
96148 0
96287 64
96542 0
96629 64
96695 0
96756 43
97051 64
97122 0
97241 43
97365 0
97465 43
97647 64
97657 0
97724 64
97771 0
97811 43
98266 0
98287 43
98322 0
98338 56
98405 0
98416 56
98505 56
98520 0
98987 43
99038 0
99277 64
99420 56
99449 43
99455 43
99560 0
99831 64
771 events for 7
138 15
161 15
232 15
316 0
379 17
478 0
502 17
666 17
686 0
1024 18
1264 0
1305 18
1491 0
1512 18
1515 0
1554 16
1584 0
1914 18
2031 0
2187 18
2227 18
2259 0
2260 18
2280 17
2338 0
2523 16
2742 0
2869 15
3303 0
3366 17
3474 0
3491 16
3725 0
3897 15
3910 15
4028 21
4354 18
4376 0
4377 16
4452 16
4455 0
4781 15
4899 15
5215 0
5305 18
5369 17
5485 0
5676 16
5794 0
6176 21
6477 15
6847 0
6937 16
7078 16
7106 0
7140 16
7230 18
7481 0
7866 16
7937 0
8050 21
8123 0
8214 15
8233 0
8290 16
8494 18
8516 0
8579 18
8581 0
8906 21
8943 0
8956 15
9107 0
9229 15
9237 0
9243 18
9460 0
9473 17
9556 0
9614 18
9654 15
9699 0
10059 21
10193 0
10309 18
10400 21
10468 0
10575 18
10845 0
10894 18
11059 0
11064 16
11167 21
11280 0
11518 17
11541 21
11576 16
11701 0
11715 21
11760 0
11764 16
11990 0
12045 17
12052 0
12072 18
12175 0
12266 18
12551 0
12834 18
12885 15
12923 21
12984 15
13010 0
13070 15
13157 0
13316 15
13320 0
13537 18
13728 0
13774 21
13879 0
13981 15
13995 0
14031 15
14162 0
14418 21
14643 0
14696 15
14801 0
14803 15
14827 17
14992 0
15017 15
15095 17
15125 17
15511 0
15713 16
15924 0
16063 18
16093 0
16159 17
16400 15
16437 0
16571 15
16638 0
16667 17
16689 18
16783 0
16892 17
16934 0
17083 18
17135 15
17217 0
17225 15
17313 21
17643 0
17704 18
17849 0
18171 15
18268 0
18271 15
18413 0
18497 16
18520 15
18596 0
18966 15
18999 18
19140 21
19411 21
19605 0
19723 18
19837 0
20165 15
20183 0
20221 18
20564 0
20773 15
20783 17
20970 0
21194 16
21253 16
21970 18
22314 0
22328 16
22339 0
22346 21
22492 0
22578 18
22700 0
22709 18
23113 21
23130 16
23146 0
23248 16
23642 0
23758 16
24026 0
24029 18
24100 15
24137 18
24396 0
24578 15
24596 17
24696 17
25235 0
25511 18
25515 0
25524 18
25588 0
25704 17
25731 0
25775 18
25885 15
25919 21
26063 15
26243 0
26451 16
26570 0
26710 18
26950 21
27010 18
27183 0
27199 17
27223 0
27250 18
27739 0
27743 21
28049 0
28153 17
28255 0
28316 17
28587 17
28816 0
28890 21
29190 0
29216 16
29267 17
29381 15
29643 15
29662 0
29703 18
29742 0
29879 15
30056 0
30213 16
30326 17
30436 0
30732 15
30772 0
31101 21
31263 16
31291 0
31389 15
31426 0
31449 15
31460 0
31725 15
31739 18
31829 15
32077 16
32173 0
32820 15
32845 15
32932 18
33002 0
33168 15
33220 0
33281 18
33368 17
33405 0
33532 18
33693 0
33735 15
33757 0
33987 15
34033 0
34237 18
34270 0
34273 17
34550 0
34864 18
34896 21
34898 18
34899 0
35057 18
35169 0
35255 18
35366 17
35421 0
35659 16
35723 0
35956 15
36134 17
36151 18
36184 0
36499 18
36533 18
36625 0
36684 21
36992 0
37002 16
37126 0
37221 15
37306 0
37325 15
37395 0
37547 18
37604 0
37663 16
37665 15
38161 0
38277 21
38321 0
38561 16
38699 0
38919 18
38978 0
39059 18
39140 0
39625 17
39627 0
39720 21
40086 0
40495 21
40603 18
40692 18
40694 18
40856 0
41224 18
41503 21
41508 0
41565 17
41715 0
41747 16
42151 0
42197 21
42258 0
42273 18
42502 18
42653 0
42981 21
42999 17
43016 0
43476 18
43578 0
43703 17
43723 0
43743 18
43837 18
43914 0
43958 17
44503 18
44641 0
44857 21
44927 0
45219 18
45266 18
45276 15
45282 16
45453 0
45577 15
45671 0
45848 21
46210 0
46306 18
46345 0
46352 15
47196 0
47285 15
47293 0
47381 15
47646 18
47707 0
47740 15
47985 0
48505 16
49291 21
49528 15
50115 0
50241 15
50293 15
50308 0
50500 21
50640 0
50650 18
50663 0
50827 18
50875 17
51022 0
51048 15
51105 0
51202 21
51215 0
51596 15
51644 21
51742 0
51813 16
51863 0
52073 17
52211 15
52939 0
53043 16
53333 0
53502 18
53539 21
53678 18
53723 0
53727 18
53918 15
53956 0
54052 21
54444 0
54547 15
54552 17
54908 17
55011 0
55749 18
55758 16
55783 18
56026 15
56130 16
56283 0
56290 21
56308 0
56468 15
56604 0
56739 15
56798 0
56959 18
56985 0
57017 16
57032 17
57121 18
57321 0
57335 16
57373 17
57629 0
57739 16
57834 15
57894 0
58019 15
58339 0
58501 15
58527 15
58597 0
58627 18
58710 0
58820 18
59044 0
59072 18
59443 15
59456 0
59608 15
59635 0
59719 17
59872 0
59926 18
60131 0
60213 21
60329 0
60389 16
60768 0
60782 15
60913 0
60967 17
61079 0
61171 18
61172 0
61189 15
61221 0
61363 17
61391 17
61702 0
61728 18
61840 18
61889 0
62008 17
62029 0
62180 21
62222 0
62269 21
62445 0
62548 18
62640 0
62826 18
63119 0
63494 21
63504 18
63597 0
63611 18
63786 0
63970 21
64117 0
64168 18
64242 0
64347 16
64449 0
64493 21
64659 0
65391 15
65552 21
65610 17
65715 0
65859 18
65964 0
66101 17
66289 16
66353 0
66392 18
66589 0
66705 21
66942 0
66962 21
66984 0
67131 15
67165 17
67185 0
67277 18
67303 18
67306 18
67448 15
67849 0
67863 15
67957 0
67991 17
68327 0
68702 21
68724 0
68806 17
68872 0
68916 17
69044 16
69078 0
69163 18
69302 0
69434 18
69557 0
69823 15
69969 0
69970 18
70009 0
70076 18
70090 0
70393 16
70478 0
70589 15
70633 0
70677 18
70678 0
70751 17
71295 21
71358 0
71542 17
71568 15
71585 0
71692 15
71711 0
71945 18
71948 0
72281 18
72312 0
72559 18
72631 0
72714 17
72804 0
73300 18
73338 0
73501 15
73534 0
73746 18
73763 16
73925 0
73931 15
73933 0
73938 16
74390 0
74394 15
74701 0
74800 16
74824 18
75108 0
75222 17
75250 0
75295 21
75345 0
75427 17
75467 0
75493 16
75719 18
75947 0
76175 18
76183 21
76688 0
76919 18
77064 16
77147 0
77220 18
77324 18
77397 0
77429 16
77510 16
77609 0
77785 21
78028 0
78041 15
78116 21
78238 18
78246 0
78279 21
78331 0
78385 15
78614 0
78652 15
78883 0
79185 15
79217 0
79415 15
79425 15
79479 16
79535 17
79676 0
80033 18
80110 0
80233 18
80236 0
80240 17
80255 18
80535 0
80725 15
80727 15
80786 0
81083 15
81304 15
81481 18
81553 0
81598 15
81665 0
81733 15
81890 0
82162 17
82168 21
82217 0
82599 16
82672 18
82834 0
82855 15
82873 17
83373 0
83533 21
83632 0
83635 17
83636 17
83900 18
84001 0
84144 18
84164 18
84169 0
84175 15
84401 0
84468 15
84483 0
84608 16
84723 0
84724 21
85177 15
85461 16
85732 17
86078 0
86171 21
86182 0
86322 16
86416 0
86438 21
86548 17
86596 0
87339 21
87770 21
87898 0
88360 17
88418 0
88442 17
88542 0
88608 15
88747 21
88790 0
89187 18
89402 18
89536 15
89607 0
89684 17
89697 0
89934 17
90106 17
90310 21
90335 0
90515 16
90743 0
90799 18
90899 0
90936 21
91185 0
91219 18
91226 0
91278 15
91342 0
91391 15
91488 0
91664 15
91808 0
91872 17
91918 0
91934 18
91943 0
92335 15
92437 15
92495 0
92518 18
92750 0
93165 21
93182 0
93350 18
93442 0
93463 15
93611 0
93833 18
93864 16
94013 0
94074 15
94125 0
94374 15
94475 0
94527 17
94800 0
94814 18
94844 0
94966 16
95136 0
95209 18
95393 0
95457 21
95614 0
95797 15
95952 18
96134 15
96764 0
96806 21
97003 0
97122 15
97162 0
97298 21
97388 0
97441 15
97453 0
97473 18
97494 16
97566 0
97725 16
97806 0
97874 18
98305 0
98365 21
98377 0
98378 15
98787 0
98975 17
99167 0
99241 18
99636 0
99674 17
99679 0
99836 18
428 events for 8
466 49
582 0
923 60
1021 0
1202 59
1220 0
1515 59
1640 0
1651 27
1658 0
1777 39
1927 59
2441 0
3210 37
3396 27
3639 0
4051 39
4436 39
4441 0
4475 18
4498 0
4631 60
4918 49
4955 49
5116 59
5392 0
5583 49
5832 0
5964 27
5973 0
6110 27
6421 0
6920 18
6997 27
7188 39
7874 0
8093 59
8263 42
8660 42
9068 0
9341 37
10118 0
10333 49
10398 42
10885 0
10920 59
11106 0
11303 59
11532 18
11560 0
11670 39
11905 0
12233 18
12318 0
12352 37
12379 42
12403 60
12480 0
13612 42
13975 27
14145 49
14193 37
14201 0
14250 49
14627 0
14819 59
15521 0
15568 59
15929 0
15958 39
16420 0
16614 59
17110 0
17242 18
18208 60
18233 0
18457 39
18606 0
18824 37
18840 0
19000 39
19250 0
19341 60
19723 0
20008 39
20339 0
20622 39
20677 0
20831 59
20979 0
22040 60
22189 0
22466 49
22801 0
22849 42
22887 0
22916 18
23615 0
24111 49
24353 0
24563 59
24643 0
25542 37
25601 0
25806 60
25864 27
26197 0
26457 27
27086 37
27465 39
27470 0
27587 18
27635 0
27746 49
28184 0
28341 59
28775 59
29087 0
29300 59
29301 0
29331 42
29582 0
29791 37
29855 0
30015 49
30289 0
30836 39
31401 59
31489 0
31992 42
32070 0
32256 27
32310 0
32504 27
32855 0
32920 39
33246 18
33331 0
33415 59
33825 0
34293 59
34671 0
34868 27
35441 0
35717 27
36385 0
36583 49
37323 0
37842 39
38755 0
39228 59
39401 0
39761 37
39990 0
40172 42
41049 42
41113 0
41376 60
41476 0
41480 27
41673 0
42231 27
42305 0
42797 59
43204 0
43218 27
43240 60
43830 39
44254 0
45010 18
45169 0
45775 18
45912 0
45988 37
46081 0
46316 39
46443 0
46604 60
46683 0
47331 27
47598 0
47726 37
47976 0
48010 59
48196 0
48410 27
48606 0
49333 49
49348 0
49790 42
50157 0
50936 59
50946 0
51190 59
51260 37
51442 0
51455 42
51500 42
51947 0
52294 59
52967 0
53121 37
53229 0
53327 60
53356 49
53552 0
54050 42
54638 27
54746 0
54957 39
54997 39
55059 0
55373 39
55512 59
55640 0
55978 49
55992 59
56138 0
56425 49
56676 0
56806 49
56855 60
56901 49
56972 0
57086 59
57428 27
57588 0
57717 39
58534 0
58580 49
58871 0
59186 39
59206 60
59212 0
59213 59
59369 59
59483 0
59502 49
59772 0
60045 18
60078 0
60249 59
60440 18
60948 27
61260 0
61417 18
61422 18
61717 42
61794 59
61908 0
62042 59
62305 27
62443 0
62572 18
62584 0
62686 59
62874 0
62938 49
63639 27
63721 49
63785 0
64415 42
64598 0
64784 39
64831 0
65169 27
65179 0
65270 37
65297 0
65412 60
65576 59
65853 59
65869 27
66117 0
66987 49
67030 0
67428 49
67840 0
67870 37
68250 27
68259 18
68346 59
68558 0
69142 37
69378 0
69477 39
69558 0
69715 42
70018 39
70848 0
70978 49
71335 60
71637 0
71757 18
72082 0
72235 37
72428 39
72467 39
72649 37
72679 0
72739 42
73126 0
73168 18
73329 0
73627 49
73887 0
73912 49
74034 0
74412 27
74778 0
75011 59
75300 0
75602 18
75626 0
75933 59
76349 59
76675 0
76766 27
76904 0
77050 27
77316 0
77942 42
78453 0
78761 42
79214 42
79249 37
79440 0
79756 37
80076 0
80309 27
81235 18
81735 59
81738 0
81779 18
81851 18
82167 0
82285 18
82424 37
82464 60
82612 60
82742 0
82882 59
83152 49
83303 0
83967 59
84070 0
84210 59
84410 0
84873 59
84918 42
85043 0
85091 60
85147 0
85198 42
85206 0
85264 59
85296 0
85446 39
85585 0
85814 39
85857 0
85960 37
86123 42
86187 0
86224 49
86483 0
86700 37
86790 0
86895 18
87247 0
87506 18
87867 0
87964 27
88219 49
88228 0
89029 42
89308 0
89502 60
89561 0
89631 27
89689 0
89736 59
89800 0
89832 42
90369 0
90431 49
90983 37
91182 39
91211 0
91836 27
91853 0
92023 18
92066 0
92067 49
92232 39
92445 0
92746 59
92959 0
93113 37
93526 0
93707 42
94561 0
94614 60
94667 0
94813 18
95310 0
95787 59
95871 0
96038 18
96141 0
96403 18
96513 0
96557 37
96789 27
96841 0
96864 37
97383 0
97515 39
97585 0
97717 37
97997 0
98558 37
98682 0
98815 49
98896 0
99398 37
99805 0
99902 27
864 events for 9
82 86
197 0
361 97
479 0
547 97
560 80
725 0
804 78
807 0
998 90
1388 0
1403 86
1437 0
1470 80
1488 78
1572 0
1583 80
1676 0
1754 87
1839 0
1908 78
2061 0
2097 78
2203 0
2228 90
2274 97
2653 0
2670 87
2703 0
2714 81
2739 0
2769 86
2885 0
3071 78
3114 78
3265 0
3482 87
3679 0
3751 87
3916 0
3932 86
4064 97
4351 81
4469 0
4495 85
4638 0
4763 85
4845 81
4979 0
5037 87
5104 90
5125 81
5339 0
5355 81
5490 97
5654 90
5673 0
5681 97
5694 0
5916 90
6010 0
6222 85
6277 0
6360 90
6427 0
6457 80
6836 0
7071 78
7098 81
7128 0
7238 86
7275 90
7287 0
7394 81
7743 90
7833 97
7840 0
7854 78
7941 97
8004 0
8093 81
8205 0
8241 87
8544 0
8548 90
8585 0
8659 81
8716 0
9103 90
9120 0
9216 86
9262 0
9281 85
9485 0
9491 90
9743 0
9749 81
9856 0
9969 87
9999 80
10049 0
10243 97
10322 78
10345 0
10373 87
10448 0
10802 90
10865 0
10888 87
11063 0
11467 97
11589 0
11623 85
11769 0
11860 80
11931 0
11988 97
12036 0
12041 90
12506 0
12603 78
12653 0
12714 97
12824 0
13168 85
13382 0
13691 81
13751 0
13841 81
13898 87
13905 0
14002 81
14121 85
14122 90
14207 0
14317 86
14505 0
14617 80
14706 0
14776 90
15133 80
15223 87
15226 0
15447 78
15588 0
15611 90
15983 0
16018 80
16022 0
16128 90
16194 80
16268 0
16383 78
16559 0
16563 86
16697 0
16919 87
17008 0
17275 90
17352 85
17550 0
17560 90
17616 0
17827 87
17921 0
17986 87
18130 0
18333 85
18355 0
18699 85
18701 0
18840 85
18878 0
19029 78
19127 0
19129 87
19207 86
19320 0
19369 87
19618 0
19705 97
19729 0
19872 85
20012 80
20219 0
20299 85
20353 0
20606 86
20710 85
20764 0
20804 90
20820 0
20873 87
21203 0
21348 97
21530 80
21613 0
21635 85
21819 87
21837 0
22038 87
22044 81
22082 0
22248 81
22280 0
22401 86
22409 0
22473 80
22490 87
22522 90
22578 0
22695 86
22733 85
22766 0
22893 97
22982 86
23101 81
23176 0
23429 80
23561 0
23648 85
23798 78
23876 0
23914 81
23926 0
23950 78
24073 0
24134 85
24230 0
24391 90
24534 0
24709 97
24768 90
24899 0
25026 81
25185 78
25506 80
25521 0
25606 86
25786 80
25869 0
26011 78
26017 0
26042 86
26212 0
26370 80
26468 0
26596 80
26694 80
26819 0
26842 87
27013 0
27028 97
27224 0
27274 97
27286 0
27536 81
27567 0
28128 97
28993 80
29374 0
29390 78
29445 0
29449 86
29624 0
29638 78
29715 87
29896 0
30064 85
30095 85
30106 0
30143 78
30210 0
30331 86
30436 87
30437 0
30505 78
30626 0
30724 81
30930 90
31042 0
31198 85
31399 87
31449 97
31473 0
31549 87
31567 85
31593 78
31918 0
32280 86
32546 0
32676 87
32677 0
32678 86
32894 0
33241 87
33478 81
33484 0
33492 86
33583 0
33780 85
33867 87
34068 86
34105 0
34379 87
34472 0
34563 80
34583 0
34594 87
34836 85
35047 0
35057 90
35193 0
35647 81
35685 0
35729 86
35829 0
35969 97
36034 85
36288 0
36590 81
36901 85
36989 81
37089 0
37187 97
37435 90
37445 0
37573 90
37587 0
37767 86
37819 0
37955 86
37956 0
37983 78
37996 0
38210 97
38229 0
38412 87
38476 85
38496 0
38575 78
39106 0
39190 86
39362 0
39384 90
39398 0
39482 87
39510 87
39567 0
39587 85
39603 0
39698 86
39787 85
40168 0
40245 90
40413 0
40433 78
40535 0
40554 87
40709 0
40821 86
40962 0
41037 97
41105 0
41456 78
41635 0
41636 87
41637 86
41757 0
41780 81
41802 0
41973 90
41983 78
42006 81
42084 78
42160 0
42346 80
42536 0
42853 97
42885 0
42917 97
43043 0
43240 86
43268 81
43428 0
43801 78
43931 0
43932 87
44309 81
44338 0
44900 87
44904 80
45022 0
45246 97
45255 0
45502 87
45590 0
45675 78
45809 0
45881 85
45894 0
46027 86
46029 0
46217 85
46268 87
46571 80
46734 0
47039 85
47301 80
47394 85
47408 90
47532 0
47576 80
47698 81
47914 0
47938 81
47967 0
48090 90
48227 90
48271 0
48616 78
48659 81
48678 97
48708 87
48868 87
48991 0
49060 85
49305 0
49334 86
49808 0
49971 87
50001 0
50383 87
50629 97
50859 0
50918 87
51021 0
51119 90
51219 0
51487 80
51596 0
51612 81
51655 0
52151 90
52374 0
52640 80
52718 80
52824 0
52855 87
53219 0
53220 86
53286 0
53452 97
53587 0
53632 81
53712 0
53765 86
53985 0
54114 85
54130 86
54355 0
54543 80
54876 0
55154 87
55162 86
55368 0
55455 81
55510 97
55579 0
55666 85
55742 0
56009 87
56159 97
56212 0
56271 78
56326 0
56351 87
56398 0
56401 81
56589 0
56644 97
57040 0
57227 80
57277 80
57397 90
57428 0
57482 81
57606 0
57825 78
58065 81
58167 80
58246 0
58266 97
58382 0
58400 80
58490 0
58499 80
58527 0
58660 81
58673 0
58720 86
58752 87
58986 90
59151 0
59171 97
59249 0
59302 85
59518 0
59568 78
59598 0
59821 90
60288 0
60298 81
60387 0
60407 90
60457 0
60599 86
60665 0
60777 85
60917 78
61066 86
61146 0
61257 97
61335 0
61518 81
61630 90
61954 78
62008 0
62009 85
62023 0
62071 86
62109 0
62189 78
62301 81
62345 0
62350 81
62409 0
62616 81
62667 0
62703 86
62754 0
62957 86
63071 0
63077 80
63315 0
63571 86
63636 90
63693 0
64039 78
64236 0
64284 78
64398 86
64580 0
64628 85
64679 0
64680 87
64796 87
64849 0
64852 90
64858 0
64994 97
65028 0
65053 80
65092 90
65446 0
65538 85
65933 0
65960 86
66008 80
66044 85
66072 0
66152 81
66185 0
66195 87
66208 0
66455 86
66591 0
66857 80
66975 0
66995 86
67109 85
67267 0
67995 78
68236 0
68280 80
68337 87
68357 0
68389 85
68404 87
68582 0
68664 86
68718 0
68762 90
68895 0
69010 97
69078 0
69188 78
69237 0
69238 80
69263 0
69474 90
69539 0
69665 87
69690 0
69805 90
69874 78
69932 0
70397 81
70555 0
70604 87
70784 0
70840 78
70925 0
70989 78
71015 0
71110 81
71132 0
71294 80
71304 0
71510 78
71600 0
71852 87
71865 0
71940 87
71950 87
72002 0
72156 78
72290 90
72845 0
73175 86
73211 0
73348 80
73371 0
73811 86
73897 0
73993 81
74198 81
74422 0
74456 86
74459 0
74641 86
74756 78
74782 0
74848 78
74941 0
75089 87
75264 0
75468 81
75830 87
75959 80
76008 0
76026 80
76201 90
76251 0
76263 81
76286 81
76382 0
76532 87
76917 90
76968 0
77072 87
77239 0
77264 97
77320 0
77367 81
77395 0
77412 81
77450 0
77551 90
77697 0
77810 78
78046 78
78133 0
78343 86
78354 0
78366 80
78482 0
78511 86
78543 0
78760 85
78809 97
79281 0
79287 86
79372 0
79418 86
79550 0
79609 97
79788 0
79883 85
79885 0
79925 80
80038 0
80044 85
80270 78
80283 85
80327 87
80459 87
80575 0
80634 86
80876 78
81067 0
81101 81
81109 0
81163 85
81372 0
81395 87
81468 0
81594 78
81646 0
81689 81
81703 0
81829 86
82078 86
82497 0
82552 90
83218 0
83221 80
83238 90
83335 78
83393 86
83497 0
83557 86
83695 0
83915 85
83924 0
83980 85
84087 0
84100 97
84167 90
84184 0
84224 86
84349 0
84470 81
84576 0
84780 90
84924 0
84990 97
85131 0
85250 85
85626 0
85688 86
85768 0
85772 85
85804 0
85900 90
86347 0
86401 85
86451 78
86587 0
86595 87
86733 87
86760 0
86861 86
86930 90
86995 0
87115 97
87137 0
87287 78
87314 0
87320 86
87402 0
87421 86
88052 0
88393 85
88402 78
88482 90
89100 0
89153 81
89214 97
89234 0
89386 80
89494 87
89706 80
89793 0
89856 86
90273 0
90355 90
90396 0
90406 90
90618 0
90635 97
90656 0
90826 78
90854 97
90868 86
90983 0
91044 81
91617 0
91620 97
91642 0
91653 90
91720 0
91811 78
91997 0
92055 78
92089 85
92296 0
92566 80
92572 0
92576 87
92606 0
92633 87
92664 0
92695 81
92986 0
93082 87
93134 0
93186 86
93311 86
93461 0
93833 85
93894 0
93895 78
93908 0
94072 90
94146 0
94282 97
94450 0
94611 78
94849 81
94992 86
95003 97
95375 87
95549 0
95624 87
95669 0
95685 86
95728 0
95730 87
95838 0
95895 81
96054 0
96126 87
96434 0
96437 97
96455 0
96598 81
96949 85
97007 0
97014 85
97141 97
97144 0
97423 85
97660 0
97724 80
98006 0
98075 97
98136 81
98165 81
98338 0
98423 97
98596 0
98757 80
98813 0
99039 85
99245 0
99301 97
99364 0
99368 78
99423 0
99550 85
99737 85
99869 87
99962 97
759 events for 10
22 12
266 0
425 14
438 0
707 17
810 0
860 15
946 0
1103 12
1281 0
1603 11
1650 0
1829 14
2025 17
2105 0
2133 12
2142 0
2190 17
2666 0
3035 11
3040 0
3160 15
3170 0
3235 11
3312 0
3637 11
3644 0
3859 11
3957 0
4073 12
4138 0
4282 14
4347 12
4362 0
4374 14
4615 0
4977 15
4997 11
5038 14
5041 0
5115 17
5143 0
5202 11
5219 12
5432 15
5569 0
5702 12
6205 15
6295 17
6297 0
6674 17
6965 0
7017 14
7209 15
7216 12
7398 0
7499 15
7863 0
8064 11
8602 0
8671 15
8811 0
8847 15
8890 0
9223 17
9512 0
9602 17
9738 12
9740 0
9771 12
9792 14
9821 12
9826 0
10033 11
10104 0
10233 12
10307 0
10497 11
11145 12
11161 14
11219 0
11245 15
11443 17
11483 0
11525 14
11586 0
11801 14
11897 0
12253 11
12563 15
12790 0
12791 17
13036 0
13128 12
13160 0
13223 11
13374 0
13535 15
14084 0
14178 15
14184 0
14364 15
14506 0
14633 17
14691 0
14890 17
15042 0
15173 11
15236 0
15677 11
15719 17
15744 0
15806 12
15850 15
15943 0
15993 17
16224 0
16277 11
16317 11
16396 0
16509 17
16677 0
16828 12
16980 0
16994 12
17285 0
17437 11
17457 11
17590 15
17657 0
17750 11
17809 14
18095 0
18181 15
18384 0
18445 17
18500 0
18696 17
18758 11
19144 12
19261 12
19506 0
19727 14
19810 12
19855 0
19921 17
20083 0
20464 17
20615 15
20804 0
21098 15
21204 0
21218 15
21229 0
21318 11
21412 15
21501 0
21706 15
21719 0
21741 17
21792 0
21809 11
21935 0
21948 11
22068 0
22145 15
22305 0
22432 12
22536 12
22559 0
22730 15
22809 0
22913 15
22947 0
22971 11
23033 0
23057 15
23076 0
23359 12
23418 0
23419 15
23569 11
23591 17
23700 0
23827 15
23847 0
23897 14
23904 12
23946 0
24446 12
24552 0
24571 14
24637 0
24973 11
25058 11
25149 0
25228 14
25418 12
25676 0
25757 12
25837 0
25858 11
26006 14
26303 0
26407 14
26603 0
26632 17
26767 0
27059 17
27083 0
27099 15
27104 0
27183 11
27219 0
27223 15
27698 0
27883 12
27901 0
27959 12
28395 0
28464 12
28613 0
28897 15
29273 0
29481 11
29593 0
29793 11
30262 11
30438 0
30618 11
30729 11
30955 0
31255 12
31292 11
31332 0
31511 12
31530 15
31543 0
31589 15
31809 0
32190 12
32369 0
32565 15
32648 0
32908 12
32932 0
33013 17
33275 14
33608 15
33761 0
33800 11
33922 0
33926 12
34077 0
34287 15
34314 17
34426 0
34515 17
34560 0
34686 11
34796 0
34806 11
34832 0
34976 12
35128 14
35463 15
35750 0
35773 11
35828 0
35922 12
36289 0
36467 12
36939 0
36965 11
36976 0
37365 15
37684 0
37688 11
37711 0
37972 17
38105 0
38399 12
38410 0
38523 14
38619 0
38866 17
38884 12
38894 0
38949 14
39129 0
39196 14
39534 0
39617 17
39631 12
39695 17
39801 14
39979 12
40063 12
40080 11
40177 0
40341 15
40343 0
40449 14
40506 0
40671 14
40699 0
40882 11
41011 11
41075 0
41206 15
41244 0
41420 12
41455 0
41634 15
41639 12
41661 0
41787 17
41875 11
41926 0
41971 17
42155 17
42545 17
42649 0
42660 17
42683 0
43026 12
43147 0
43396 15
43461 0
43538 12
43652 0
43693 12
43929 0
44012 17
44062 0
44234 12
44314 0
44671 17
44764 0
44809 12
44889 0
44940 15
45023 11
45070 11
45185 14
45363 0
45392 15
45452 0
45521 14
45734 0
45804 14
45835 0
45938 17
46031 0
46310 17
46593 0
46674 15
46825 0
47119 15
47241 0
47281 12
47516 0
47523 11
47691 0
48142 11
48321 0
48333 12
48350 0
48476 15
48619 0
48665 11
48934 0
48940 11
48992 0
48995 14
49529 0
49548 15
49644 11
49873 0
49950 15
50034 0
50044 11
50177 0
50188 12
50315 0
50324 17
50506 0
50559 12
50643 0
50659 17
50784 0
50819 17
50885 11
50979 17
51028 0
51123 15
51273 12
51870 0
52199 15
52244 0
52475 14
52782 14
52900 14
52924 0
53053 17
53064 15
53159 0
53481 17
53511 0
53612 17
53734 0
54051 12
54418 0
54493 11
54649 0
54920 12
54930 12
54932 0
55077 15
55106 0
55159 12
55351 17
55537 0
55597 11
55619 0
55863 12
55887 0
56207 11
56843 0
56975 12
57009 0
57121 17
57286 0
57408 11
57785 0
57848 11
57872 11
58094 0
58303 15
58361 0
58469 15
58511 11
58691 0
58848 11
58934 15
59013 0
59265 12
59325 0
59342 11
59586 0
59640 12
59962 0
60033 11
60195 0
60250 12
60630 11
60807 0
61139 14
61202 0
61339 11
61609 15
61818 0
62130 15
62148 17
62221 15
62234 11
62263 0
62540 14
62790 12
62851 17
62977 0
63297 12
63437 0
63487 17
63557 0
63641 14
63799 0
63827 11
63903 14
63936 0
63962 11
64048 17
64051 0
64172 12
64259 0
64401 11
64416 15
65406 0
65457 12
65713 0
65836 17
65897 0
65934 11
66068 15
66215 0
66378 15
66556 17
66649 0
66779 12
67000 0
67243 14
67267 12
67271 0
67598 12
67695 15
68102 0
68264 17
68455 0
68510 12
68523 17
68561 12
68827 0
68877 15
68927 0
69375 15
69482 0
69604 11
69710 0
69814 11
69872 0
69934 17
69972 0
70023 11
70115 0
70210 17
70395 0
70426 17
70579 15
70720 0
70966 12
71147 0
71385 15
71429 0
71554 12
71634 12
71691 0
71867 15
71928 17
71965 0
72016 14
72324 0
72339 12
72400 17
72448 12
72460 0
72684 12
72857 0
72939 11
73084 0
73150 11
73186 11
73195 0
73231 17
73382 14
73605 0
73650 12
74024 0
74123 17
74277 0
74283 15
74315 0
74426 11
74445 0
74703 12
74854 17
74932 0
75035 14
75119 0
75227 17
75275 17
75354 0
75442 11
75455 12
75562 0
75651 11
75654 0
75717 17
75856 0
75914 17
76176 11
76240 0
76284 17
76482 11
76541 11
76626 0
76685 17
76948 17
76988 0
77082 15
77137 0
77748 17
77975 0
78030 11
78105 0
78146 17
78160 0
78369 17
78550 11
78584 0
78623 15
78709 11
79056 15
79138 11
79321 0
79392 12
79593 11
79608 14
79625 15
79795 17
79901 0
80210 11
80628 0
80828 11
80949 11
80964 15
81054 11
81395 11
81462 0
81496 11
81513 0
81628 15
82038 0
82063 12
82165 0
82186 17
82390 0
82572 11
82707 0
82718 15
82865 0
82873 15
82877 12
82950 11
82971 0
83094 12
83217 0
83343 17
83426 12
83559 0
83806 12
83923 0
84059 11
84095 11
84138 11
84302 11
84682 15
84766 0
84783 17
84792 11
84891 0
84918 12
85006 0
85053 14
85163 0
85498 11
85535 12
85644 0
85788 12
86030 0
86067 12
86449 0
86689 14
86898 0
86997 12
87220 14
87254 0
87257 11
87322 0
87412 15
87422 0
87582 17
87687 0
87835 17
88085 0
88096 17
88190 0
88237 15
88428 17
88430 12
88491 0
88576 15
88651 0
88794 14
89126 0
89698 11
89733 0
89838 17
90019 12
90129 0
90316 17
90387 0
90736 11
90909 0
91087 14
91131 0
91257 15
91270 0
91276 14
91448 0
91570 15
91802 11
91823 0
91959 11
92172 0
92294 12
92487 14
92533 0
92805 17
92940 12
92960 0
93054 14
93066 12
93086 0
93423 11
93722 0
93819 15
93843 0
93860 15
94016 11
94087 15
94106 0
94336 12
94523 0
94722 11
94990 0
95125 11
95295 0
95309 15
95705 0
95996 15
96321 0
96353 12
96363 0
96380 11
96486 12
96579 0
96650 15
96797 0
96958 12
96982 0
97062 17
97244 0
97402 15
97811 14
97875 0
97907 15
98065 11
98081 0
98318 15
98667 0
98684 14
99300 15
99331 0
99429 11
99524 0
99527 11
99724 0
99896 15
99987 0
767 events for 11
166 57
199 0
243 57
302 0
414 57
428 0
638 57
643 57
658 57
748 0
806 57
914 0
936 57
1457 0
1470 57
1757 57
2027 0
2147 57
2185 0
2339 57
2354 0
2762 57
2885 0
2909 57
2964 57
3004 57
3832 0
4150 57
4287 0
4395 57
4487 57
4516 0
4528 57
4675 0
4888 57
5011 57
5321 57
5463 0
5485 57
5528 57
5612 57
5899 0
6017 57
6176 57
6315 0
6345 57
6559 0
6661 57
6692 0
6760 57
6822 57
7166 57
7214 0
7296 57
7413 0
7440 57
7451 57
7476 0
7607 57
7644 0
7828 57
7867 57
8113 57
8452 0
8772 57
8937 0
8986 57
9033 57
9140 0
9635 57
9658 57
9707 0
9756 57
10062 0
10148 57
10185 0
10301 57
10464 0
11132 57
11182 0
11281 57
11440 0
11489 57
11555 57
12118 57
12480 57
12617 0
12699 57
12866 0
12875 57
13016 0
13077 57
13111 0
13203 57
13218 0
13310 57
13369 0
13544 57
13589 57
14055 0
14113 57
14293 57
14359 0
14464 57
14523 0
14619 57
14677 0
14734 57
14803 0
15000 57
15031 0
15115 57
15130 0
15133 57
15148 57
15216 0
15514 57
15600 0
15748 57
15799 0
16330 57
16411 0
16754 57
16883 0
17013 57
17240 57
17553 0
17745 57
17753 0
17876 57
18309 57
18458 0
18549 57
18699 57
18784 0
18843 57
18844 0
19080 57
19260 0
19350 57
19383 57
19694 57
19793 57
19895 0
19902 57
20053 57
20163 0
20250 57
20298 57
20360 0
20662 57
20861 0
20865 57
21220 0
21303 57
21316 0
21403 57
21581 57
21587 0
21641 57
21987 57
22154 57
22227 57
22229 0
22472 57
22487 0
22513 57
22539 57
22576 57
22720 57
22735 57
22822 0
22828 57
23376 0
23515 57
23942 57
24090 0
24157 57
24165 0
24269 57
24775 0
24823 57
24923 0
24941 57
24967 0
25324 57
25400 0
25503 57
25657 0
25878 57
25912 0
26263 57
26282 57
26502 0
26614 57
26768 0
26803 57
27075 0
27281 57
27351 0
27412 57
27428 57
27490 57
27519 0
27735 57
27874 57
27922 57
28229 0
28243 57
28273 0
28284 57
28348 0
28357 57
28440 57
28527 57
28536 0
28582 57
28598 0
28637 57
28659 0
28932 57
28993 57
29038 0
29506 57
29563 0
29643 57
29800 0
29878 57
29994 0
30050 57
30098 0
30145 57
30416 57
30475 0
30618 57
30656 0
30781 57
30936 0
31060 57
31554 57
32206 57
32322 57
32615 0
32644 57
32942 0
33016 57
33070 0
33106 57
33152 57
33355 57
33489 0
33690 57
33831 0
33864 57
33892 57
34386 0
34864 57
34944 57
34948 0
35230 57
35496 0
35546 57
35658 0
35874 57
35900 0
35920 57
36341 57
36359 0
36567 57
36968 0
37006 57
37031 0
37035 57
37036 57
37075 57
37115 0
37342 57
37355 57
37360 0
37492 57
38252 0
38300 57
38459 0
38573 57
38710 0
39026 57
39161 0
39223 57
39505 0
39791 57
39965 0
39999 57
40037 0
40539 57
41056 0
41290 57
41348 0
41622 57
41682 57
42192 0
42322 57
42510 0
42524 57
42683 0
42710 57
42727 0
42736 57
42875 0
42919 57
42941 0
43012 57
43102 0
43230 57
43382 57
43708 0
43710 57
43718 0
43916 57
44007 0
44060 57
44148 0
44245 57
44353 0
44534 57
44554 57
44857 0
44914 57
45211 57
45247 57
45311 0
45676 57
45761 0
45981 57
46035 57
46122 0
46205 57
46431 57
46731 0
46750 57
46774 0
46786 57
46787 0
46955 57
46984 57
47094 0
47220 57
47221 0
47235 57
47314 0
47320 57
47611 0
47679 57
47747 0
47937 57
48007 0
48077 57
48118 0
48418 57
48433 0
48450 57
48517 0
48580 57
48581 0
48720 57
48769 0
48968 57
49114 57
49262 0
49267 57
49276 57
49550 0
49602 57
49649 57
49862 57
49999 0
50034 57
50146 0
50406 57
50739 0
50764 57
50792 57
50849 0
50992 57
51034 0
51100 57
51124 0
51154 57
51219 0
51234 57
51307 0
51578 57
51838 57
51841 57
51908 0
52086 57
52146 0
52202 57
52282 57
52379 0
52504 57
52545 0
52552 57
52729 0
52730 57
52918 57
53066 57
53093 57
53247 57
53377 0
53467 57
53631 0
53653 57
53941 57
53951 57
54072 57
54411 0
54547 57
54830 0
54873 57
54987 57
55153 0
55266 57
55667 0
55834 57
55884 0
55891 57
56278 0
56373 57
56557 57
56610 57
56871 0
56888 57
57548 0
57593 57
57798 0
57897 57
58478 57
58572 0
58638 57
58670 0
58913 57
58953 0
58985 57
59210 0
59802 57
60462 57
60840 0
60880 57
60909 0
61119 57
61135 57
61196 0
61346 57
61410 0
61503 57
61639 57
61655 57
61799 0
61883 57
61983 0
62159 57
62411 0
62600 57
62838 0
62909 57
63067 57
63108 57
63152 0
63231 57
63282 57
63540 57
63702 57
63802 0
64456 57
64625 57
64659 0
64685 57
64803 57
64821 57
64828 57
64897 57
64982 0
65007 57
65046 0
65136 57
65171 0
65198 57
65259 0
65329 57
65408 57
65446 0
65470 57
66100 57
66304 0
66368 57
66386 0
66556 57
66681 0
66696 57
66718 0
66738 57
66904 57
67068 57
67104 0
67489 57
67640 57
67706 57
67826 0
67950 57
67997 0
68206 57
68690 0
69179 57
69184 0
69212 57
69245 0
69307 57
69412 0
69488 57
69557 0
69855 57
69931 57
70044 0
70058 57
70115 57
70519 0
70571 57
70706 0
70730 57
70807 0
70867 57
70935 0
70993 57
71009 0
71061 57
71096 0
71266 57
71465 0
71612 57
71646 57
71883 0
71933 57
72211 0
72424 57
72654 57
72767 0
73337 57
73427 57
73935 0
74130 57
74164 57
74266 0
74298 57
74352 0
74402 57
74423 0
74567 57
74678 0
74836 57
74860 0
74887 57
74917 0
75258 57
75325 0
75429 57
75469 0
75776 57
75913 0
76289 57
76333 57
76624 57
76636 57
77035 0
77271 57
77325 57
77331 0
77341 57
77398 0
77406 57
77546 57
77658 0
77732 57
77778 0
77792 57
78179 0
78553 57
78555 57
78586 0
78704 57
78736 0
78950 57
79021 0
79117 57
79316 57
79480 0
79549 57
79613 0
79619 57
79663 0
79838 57
80030 0
80140 57
80204 57
80545 0
80624 57
80656 0
81058 57
81240 0
81254 57
81286 57
81328 57
81513 57
81580 57
81606 57
81638 0
81859 57
81883 0
82048 57
82174 0
82293 57
82328 0
82505 57
82696 57
82733 0
82826 57
82911 57
83023 0
83125 57
83132 0
83210 57
83299 57
83406 0
83474 57
83499 57
83573 0
83891 57
83899 57
83954 57
84222 0
84287 57
84431 0
84452 57
84540 57
84544 0
85135 57
85312 0
85360 57
85366 0
85578 57
85738 0
85813 57
86046 0
86065 57
86112 0
86338 57
86362 0
86423 57
86560 57
86591 0
87037 57
87095 57
87235 57
87297 0
87303 57
87330 0
88325 57
88349 57
88382 0
88487 57
88577 0
88908 57
89095 0
89370 57
89402 0
89840 57
89877 0
89949 57
89960 0
90053 57
90273 57
90555 0
90684 57
90706 57
90778 57
90839 0
91163 57
91261 0
91372 57
91405 0
91422 57
91554 0
91605 57
91803 0
91841 57
91850 0
91892 57
91955 57
91961 57
92132 57
92153 57
92178 57
92283 0
92285 57
92319 0
92392 57
92497 0
92590 57
93118 0
93165 57
93288 57
93351 0
93525 57
93557 0
93768 57
93927 0
93946 57
93978 0
93994 57
94061 0
94165 57
94180 57
94323 57
94379 0
94386 57
94461 0
94559 57
94566 0
94764 57
94912 0
95319 57
95477 0
95562 57
95664 0
95741 57
95966 0
95990 57
96318 0
96421 57
96590 0
96712 57
96726 0
96739 57
97164 57
97196 57
97229 0
97284 57
97625 57
97824 0
97902 57
98037 57
98061 0
98112 57
98116 57
98191 57
98214 0
98333 57
98466 0
98616 57
98651 0
98683 57
99200 0
99227 57
99230 0
99277 57
99573 0
99631 57
99657 0
582 events for 12
56 47
200 0
260 68
397 0
665 42
941 0
1084 42
1350 0
1393 81
1523 0
1587 47
1596 0
1682 81
1687 69
2030 68
2113 0
2361 42
2519 90
2609 0
2846 63
2861 0
2867 69
2877 0
2963 81
3053 0
3148 69
3315 0
3455 90
3485 0
3508 42
3898 0
4256 81
4275 0
4395 81
4767 0
4800 63
5251 47
5294 0
5686 54
5695 0
5710 63
5828 0
5829 81
5887 0
5946 54
6245 0
6316 90
6985 0
7182 63
7231 63
7411 0
7715 90
7985 0
8918 81
9214 81
9264 0
9855 42
9957 0
9975 81
10066 54
10201 0
10460 90
10559 81
10659 0
10842 81
10864 0
10913 81
11063 0
11399 42
11619 0
12433 69
12502 54
12832 0
12862 90
13047 0
13240 68
13265 0
13528 47
13603 0
13720 81
13769 0
13886 47
14353 0
15241 63
15811 0
15995 47
16043 0
16158 81
16428 0
16688 54
16859 0
16862 47
16995 0
17003 81
17323 0
17558 68
17816 54
18120 0
18415 68
18600 68
18744 69
18888 0
18940 81
19074 68
19216 90
19313 0
19751 63
19904 0
20485 42
20514 0
21446 81
21471 0
21588 81
21940 0
22082 54
22152 0
22228 81
22578 69
22680 0
22748 54
23020 0
23263 68
23264 54
23357 0
24020 69
24054 0
24594 81
24771 0
24798 54
24802 0
25050 81
25060 0
25084 69
25374 0
25477 63
25512 0
25562 81
25653 0
25868 47
25928 0
26330 63
26437 0
26548 54
26570 0
26853 81
27102 0
27321 81
27404 0
27585 69
27636 0
27708 47
28091 69
28094 0
28242 81
28319 0
28384 68
28606 0
28607 90
28665 47
28845 0
29015 68
29027 0
29073 54
29189 0
29201 90
29283 0
29301 42
29505 0
29952 42
29978 0
30133 54
30231 69
30791 69
30819 0
30849 81
30888 0
30975 42
31220 0
31595 42
31676 0
31726 69
31741 0
31977 42
32173 0
32188 81
32297 0
32364 54
32414 54
32612 0
32693 63
33044 0
33083 54
33178 0
33308 81
34406 0
34482 47
34693 47
34891 81
34954 81
35201 0
35438 81
35808 0
35852 81
35916 54
36094 63
36267 0
36561 42
36741 0
36865 54
36970 42
37022 0
37292 42
37335 0
37667 81
37716 0
37983 42
38069 0
38237 69
38475 81
38533 0
38689 42
38733 0
38793 47
38948 0
39415 90
39561 0
39712 68
40103 0
40149 47
40334 0
40905 54
40987 0
41021 69
41088 0
41196 69
41207 42
41373 0
41479 81
42079 90
42128 81
42260 0
42440 63
42498 54
42513 0
42610 81
42833 0
42839 68
43072 0
43081 81
43142 0
43153 54
43343 0
43352 69
43410 0
43645 90
43909 0
44086 42
44155 90
44292 0
44403 54
44805 0
44877 81
45034 0
45236 81
45295 0
45505 42
45579 0
45769 90
46069 0
46081 54
46210 0
46267 68
46406 0
46659 42
47164 0
47516 68
47687 0
48161 54
48163 0
48585 63
48618 63
48767 0
49053 81
49054 0
49164 69
49193 0
49661 69
49729 42
49767 0
49770 54
49917 0
50470 90
50799 0
51379 68
51389 0
51699 69
51811 0
51836 54
52458 0
52547 90
52654 42
52729 0
52965 81
53243 0
53485 54
53664 90
53953 42
54060 81
54081 0
54342 69
54487 0
54586 42
54643 0
54699 47
54781 0
54952 63
55227 0
55252 90
55286 0
55537 63
55612 0
55683 42
55831 0
55843 54
56133 42
56323 0
56373 81
56397 0
56859 47
57180 0
57203 81
57229 81
57371 0
57446 54
57617 0
57954 47
57977 0
57981 90
58070 0
58225 42
58428 0
58722 68
58819 69
58838 0
59014 54
59057 0
59319 90
59385 0
59419 54
59581 0
59637 81
60366 42
60545 0
60746 68
60877 42
60957 0
61040 47
61742 69
62201 0
62315 63
62418 0
62477 47
62523 0
63296 47
63679 0
63744 63
63790 0
63840 68
63844 0
63926 69
63937 0
64031 42
64407 0
64459 81
64577 81
64681 69
64694 0
64795 54
64864 0
64912 68
65180 54
65694 0
65729 90
65913 0
66824 68
66998 0
67056 47
67157 0
67518 90
67588 0
67672 63
67752 0
68035 81
68283 54
68347 0
68351 69
68487 0
68526 81
68828 0
69187 81
69256 54
69628 69
69830 0
69895 42
70591 0
70876 54
71020 81
71214 0
71290 69
71308 0
71362 63
71515 0
71564 68
71702 0
71767 69
71900 0
72005 81
72177 69
72186 54
72231 0
72558 81
72631 0
73290 42
73328 63
73448 0
73930 68
74356 0
74366 90
74381 0
74391 42
74483 0
74702 69
74873 0
75550 42
75570 0
75645 69
75715 68
76132 0
76144 68
76376 81
76472 0
76521 68
76758 0
76823 42
76861 42
76879 0
77091 54
77361 90
77364 0
77408 69
78081 0
78082 42
78096 0
78111 42
78188 63
78242 0
78290 69
78729 0
78978 63
79069 0
79521 81
79559 0
79589 68
79690 0
79903 47
79950 81
80054 54
80095 69
80164 0
80317 81
80364 0
80781 63
80953 54
80958 0
81039 63
81067 0
81379 47
81696 0
81761 81
81860 0
81992 69
82021 90
82205 0
82309 47
83068 0
83232 69
83261 0
83544 47
83574 81
83758 0
83966 42
83989 54
84061 54
84104 0
84474 68
84755 0
84899 68
85546 0
85703 81
85776 81
87224 81
87237 0
87483 63
87540 0
87822 47
88019 0
88058 81
88087 0
88153 81
88231 0
88303 63
88402 0
88640 81
88959 0
89136 68
89162 0
89188 63
89241 42
89922 69
89949 0
89953 63
89982 0
90231 63
90368 54
90427 0
90621 90
90893 90
90983 69
91421 68
91760 0
91822 68
92199 54
92249 0
92375 81
92391 0
92554 63
92711 47
92802 0
92806 81
92820 0
92870 63
92941 0
93296 42
93437 0
93485 81
93732 69
93979 54
93981 0
94098 90
94363 90
94381 0
94588 47
94595 47
94607 0
94668 90
94743 0
95215 90
95549 0
95558 68
95578 0
95704 63
95874 0
95936 54
96523 69
96596 0
96838 42
97008 0
97164 54
97432 0
97450 81
97506 0
97515 54
97582 0
97607 90
98141 0
98463 63
98642 0
99114 47
99305 68
99341 0
99949 69
99997 0
886 events for 13
73 22
302 83
697 91
869 22
1171 0
1247 91
1271 22
1281 83
1297 0
1324 85
1520 0
1601 83
1606 85
1675 0
1712 91
1841 35
1851 0
2001 34
2050 0
2198 62
2223 85
2410 0
2412 85
2486 22
2648 0
2657 22
2943 0
2993 22
3041 0
3487 34
3567 0
3708 35
3975 0
3977 85
4005 0
4008 85
4096 34
4167 34
4274 22
4376 0
4394 35
4447 35
4497 0
4652 34
4854 0
4902 62
4937 22
5227 34
5321 0
5345 34
5460 0
5527 83
5552 0
5697 22
5741 0
5926 35
5983 0
6016 34
6080 0
6128 34
6436 0
6498 62
6737 22
6926 0
7001 62
7034 0
7287 83
7300 0
7326 34
7357 0
7447 83
7658 0
7770 22
7814 62
8003 0
8004 83
8082 0
8112 91
8229 0
8273 91
8295 0
8380 62
8403 0
8450 34
8490 0
8554 35
8556 91
8638 34
8736 62
9029 0
9050 62
9152 0
9216 35
9316 83
9461 0
9515 62
9742 0
9753 34
9868 83
9894 62
10054 0
10056 22
10132 83
10185 0
10295 62
10457 35
10920 0
11133 83
11321 22
11519 0
11547 62
11608 22
11630 0
11653 85
11805 0
12046 34
12138 0
12274 22
12431 85
12432 0
12769 85
12962 34
13101 0
13132 85
13224 35
13499 0
13650 62
13664 0
13751 91
13817 0
13858 34
13918 34
13922 0
14126 62
14336 35
14365 0
14427 83
14568 0
14639 62
14773 0
14938 34
15180 91
15231 62
15244 0
15333 34
15366 0
15729 22
15747 85
15869 0
15901 91
16018 0
16093 85
16151 34
16330 0
16608 85
16671 85
16773 62
16997 0
17011 85
17111 0
17158 85
17183 0
17457 35
17496 91
17564 0
17716 85
17825 0
17861 83
18020 0
18242 85
18288 0
18303 34
18662 0
18749 35
18776 0
19280 91
19295 0
19555 34
19681 0
20163 83
20173 0
20179 83
20193 0
20251 35
20309 91
20351 0
20455 62
20472 0
20649 62
20668 0
20905 83
20935 0
21340 83
21390 85
21424 34
21444 0
21468 22
21570 0
21616 62
21933 0
22139 22
22419 0
22424 83
22426 85
22498 0
22529 91
22819 91
22919 34
22928 0
23004 62
23256 0
23289 83
23311 0
23408 85
23486 0
23522 22
23645 0
23665 34
23774 0
23814 91
23825 0
24004 34
24029 35
24065 0
24140 85
24195 0
24544 85
24815 0
25057 85
25072 0
25260 34
25293 0
25350 34
25395 0
25421 22
25577 0
25625 22
25724 0
25750 34
25888 0
25930 34
25953 91
25998 0
26084 85
26085 0
26139 91
26266 0
26421 83
26478 0
26493 35
26665 0
26763 62
26875 0
26978 34
27156 0
27159 85
27164 0
27490 22
27505 91
27506 0
27695 22
27753 35
27878 0
28007 62
28259 0
28597 85
28767 0
28860 85
28950 83
29221 0
29312 85
29363 0
29428 35
29609 0
29723 62
29804 83
29896 0
29921 85
29952 0
30061 34
30141 0
30239 35
30259 0
30364 91
30411 0
30805 34
30841 0
30858 85
30910 83
30947 0
30949 62
31243 0
31461 91
31872 91
31952 34
32261 0
32349 22
32437 62
32703 0
32763 85
32993 0
33000 83
33091 0
33112 83
33307 0
33458 83
33575 22
33607 0
33621 85
33639 0
33712 85
33852 0
33947 34
34314 0
34358 91
34490 0
34605 83
34633 0
34667 91
34675 34
34685 83
34969 0
35174 22
35214 83
35382 0
35387 62
35547 0
35611 91
35725 83
35864 0
35972 35
36113 85
36284 0
36377 91
36418 0
37010 22
37227 0
37339 85
37575 83
37685 83
37817 83
37882 0
37986 35
38019 0
38032 22
38041 0
38163 83
38240 91
38499 85
38719 0
38729 22
39132 62
39149 0
39228 35
39334 91
39471 0
39750 83
39903 0
39907 91
39965 35
40084 83
40323 35
40385 83
40551 0
40568 62
40608 62
40884 0
41299 34
41361 0
41384 83
41470 0
41475 83
41491 83
41539 0
41668 34
41758 0
41770 34
41825 62
41887 0
41943 62
42133 0
42387 22
42588 0
42597 62
42654 0
43002 83
43224 22
43242 22
43378 0
43394 83
43506 0
43518 91
43542 0
43706 85
43827 0
43848 91
43993 0
44112 62
44155 0
44192 85
44331 85
44337 0
44406 22
44524 0
44726 22
45096 83
45156 0
45310 34
45385 0
45471 83
45487 0
45493 35
45565 34
45998 22
46208 0
46265 83
46347 91
46450 83
46474 0
46493 85
46499 34
46566 22
46682 0
46777 35
46851 91
46877 0
46990 83
47007 0
47189 62
47194 91
47241 35
47242 62
47452 22
47606 0
47610 62
47671 0
47791 35
48049 22
48312 0
48391 22
48485 0
48593 34
48687 35
48703 85
48830 22
48968 0
49056 34
49146 85
49252 34
49343 0
49756 91
50052 0
50061 22
50460 0
50533 91
50630 34
50838 0
51052 34
51284 62
51322 0
51356 22
51724 0
51790 35
51819 35
51947 0
52063 22
52270 91
52384 35
52553 0
52867 85
52869 35
53163 0
53165 35
53193 0
53438 35
53519 0
54037 62
54181 22
54254 0
54257 83
54271 0
54302 35
54341 0
54454 83
54455 0
54541 35
54635 0
54697 85
54792 0
54951 85
54991 91
55026 0
55214 83
55216 0
55396 62
55621 35
56138 0
56190 22
56213 0
56514 83
56547 35
56718 83
56835 62
56895 22
56936 0
57039 83
57047 0
57050 91
57058 0
57121 34
57127 0
57210 22
57217 0
57282 91
57501 22
57593 0
57704 35
57707 0
57962 62
58243 22
58297 0
58459 62
58664 35
58669 0
58810 22
58989 0
59071 83
59080 35
59108 0
59120 34
59163 0
59225 62
59338 91
59356 0
59644 85
59673 22
59793 0
59965 91
59982 0
60008 34
60044 0
60065 34
60125 0
60270 91
60314 0
60371 62
60378 0
60406 35
60417 34
60449 91
60567 83
60983 0
61001 83
61120 34
61151 0
61239 85
61420 0
61545 83
61611 0
61666 22
61826 0
61927 85
62137 0
62177 85
62187 0
62190 85
62323 0
62339 91
62572 0
62624 85
62709 0
62730 91
62895 0
63259 85
63419 83
63491 0
63559 35
63711 85
63774 0
63839 83
63921 0
64230 35
64237 0
64322 91
64633 62
64642 0
64809 34
64859 0
64867 85
65105 0
65217 83
65241 0
65253 91
65296 0
65451 85
65716 35
65739 0
65791 85
65821 0
65970 62
65992 0
66004 22
66019 0
66190 85
66248 83
66280 35
66387 0
66633 85
66721 0
66892 35
66929 0
67144 62
67163 0
67342 62
67567 0
67578 83
67708 0
67858 22
67927 0
68124 85
68222 91
68275 0
68361 35
68376 0
68580 34
69073 62
69321 0
69348 85
69444 83
69525 0
69697 22
69832 0
69853 62
69867 0
69950 34
70132 0
70206 83
70212 91
70266 0
70319 91
70394 0
70417 35
70502 0
71205 83
71279 0
71370 62
71440 0
71453 22
71463 34
71544 0
71548 35
71619 0
72015 83
72082 85
72139 0
72162 35
72167 0
72239 85
72241 0
72393 85
72615 35
72688 22
72881 0
72963 34
73061 0
73111 85
73129 35
73232 0
73235 85
73352 0
73602 91
73828 0
74046 85
74056 0
74091 91
74278 0
74420 35
74517 0
74848 91
74885 0
75049 85
75147 0
75199 34
75345 35
75409 22
75621 0
75917 91
76046 34
76182 0
76508 62
76810 35
76888 0
76982 62
77023 35
77247 0
77630 34
77737 83
78168 0
78220 22
78363 0
78416 91
78507 0
78831 85
78965 0
79052 85
79228 0
79327 85
79459 22
79549 0
79597 35
79687 85
79740 0
79771 34
79842 0
79918 22
79938 0
80006 83
80044 0
80349 34
80372 83
80467 0
80553 22
80584 0
80764 91
80866 0
81034 91
81215 0
81400 22
81567 34
81645 85
81695 85
81784 0
81790 34
81829 0
81870 22
81900 0
82101 35
82280 0
82507 34
82644 0
82659 83
82692 0
82783 22
82904 34
83036 0
83094 34
83276 0
83500 34
83531 0
83782 91
84175 34
84216 62
84271 0
84328 34
84836 35
84882 0
84891 22
85005 0
85035 91
85387 0
85478 35
85603 0
85630 85
85761 0
85924 62
85964 85
86034 91
86139 0
86173 22
86209 0
86441 83
86469 0
86554 85
86641 0
86857 62
86933 85
87032 0
87385 83
87414 35
87447 0
88101 83
88339 22
88665 0
88674 85
88694 0
88781 83
88835 91
88958 83
89291 35
89333 0
89371 62
89391 0
89475 35
89839 0
89847 62
89952 0
90073 62
90136 0
90319 34
90344 85
90553 91
90807 0
90848 83
90976 0
91086 35
91254 0
91268 62
91386 0
91470 85
91601 0
91880 35
92062 35
92119 62
92125 0
92142 91
92617 0
92789 34
92940 0
93031 22
93036 0
93077 91
93123 0
93140 62
93261 22
93266 0
93280 83
93319 0
93422 83
93465 0
93492 91
93634 0
93846 83
93855 0
93892 35
93910 0
93950 34
93994 0
94039 83
94285 0
94441 34
94446 0
94510 35
94646 0
94778 91
94838 62
94939 0
94983 22
95186 0
95243 35
95317 0
95421 22
95438 85
95468 85
95551 35
95631 0
95894 91
95957 0
96026 91
96028 0
96240 34
96350 34
96442 0
96657 34
96729 0
96811 85
96920 0
97106 91
97373 62
97602 0
97628 85
98099 0
98378 62
98421 0
98422 91
98475 91
98567 0
98595 34
98842 0
98910 85
98921 0
99007 35
99183 0
99236 22
99423 22
99807 0
99909 91
836 events for 14
330 26
418 0
428 27
532 25
577 0
621 25
706 0
718 26
869 0
932 27
1287 23
1307 0
1402 25
1515 0
1674 25
1749 0
1800 27
1924 0
2052 25
2379 23
2605 0
2954 27
3271 24
3314 25
3401 26
3486 0
3518 22
3542 0
3628 23
3851 25
3934 0
4028 23
4090 25
4119 0
4126 27
4195 27
4333 0
4520 26
4930 27
5065 27
5171 23
5176 25
5248 22
5273 0
5372 26
5563 23
5614 0
5684 25
5696 0
5712 25
5762 0
5931 23
6148 0
6151 24
6164 24
6246 0
6283 25
6349 0
6439 25
6451 0
6465 26
6693 27
6730 0
7473 24
7486 23
7667 0
7683 22
7686 24
7809 0
7951 26
7995 0
8250 26
8535 0
8652 24
8785 0
8824 23
8851 0
9231 26
9387 0
9451 23
9533 0
9542 23
9597 27
9897 0
9925 25
9973 0
10093 25
10098 25
10116 0
10332 26
10495 0
10552 23
10559 0
10574 23
10656 0
10757 27
10781 0
10897 23
10907 0
10939 26
10957 0
10962 24
11201 0
11333 23
11577 0
11932 26
11933 0
11964 26
12252 0
12978 25
13000 0
13079 22
13082 0
13276 25
13686 0
13752 25
13792 26
13840 25
13842 0
13927 23
14256 0
14552 26
14602 0
14874 25
14903 0
15000 24
15035 0
15055 24
15155 0
15198 23
15402 0
15480 22
15703 25
15707 0
15713 26
15824 25
15996 25
16047 0
16485 25
16735 26
17064 0
17198 26
17335 0
17349 25
17442 24
17520 23
17560 0
17639 22
18023 0
18445 27
18737 0
18931 22
19012 0
19028 26
19433 0
19491 25
19582 26
19619 0
19728 23
19799 0
19932 26
19989 0
20457 24
20529 0
20534 26
20761 26
20795 25
21339 25
21489 0
21721 27
21724 0
21998 23
22050 0
22125 27
22164 0
22215 24
22343 25
22528 23
22836 0
22908 25
22926 25
22928 27
23029 0
23111 25
23200 23
23436 0
23471 25
23586 24
23593 0
23608 26
23892 24
24114 27
24207 0
24222 26
24285 0
24361 25
24492 25
24542 0
24742 22
24908 0
25075 25
25077 24
25119 0
25302 25
25404 0
25489 23
25520 0
25615 26
25969 25
25999 22
26068 0
26123 27
26196 25
26336 26
26620 0
27038 25
27064 0
27121 25
27162 26
27199 0
27217 23
27340 0
27368 24
27622 0
27636 23
27712 0
27800 24
27823 0
27903 25
27944 0
28014 22
28065 0
28087 23
28116 0
28252 27
28274 0
28417 27
28431 25
28547 0
28753 25
28817 0
29068 23
29238 0
29335 25
29387 22
29403 0
29585 23
29601 0
29641 24
30100 0
30181 26
30271 0
30282 23
30288 0
30436 23
30527 0
30556 26
30575 0
30686 25
30802 25
31028 0
31142 27
31143 0
31167 23
31211 0
31363 25
31694 23
31745 0
31789 25
31834 22
31848 23
31895 0
32067 25
32068 26
32069 0
32753 25
32861 0
32921 23
33121 23
33231 0
33238 23
33276 0
33521 22
33545 0
33650 22
33657 0
33676 27
33680 0
33959 25
34058 26
34139 0
34273 23
34356 0
34365 24
34497 27
34504 0
34545 25
34610 0
34712 25
34718 0
34854 23
34976 27
35027 0
35112 23
35119 0
35141 23
35350 25
35558 27
35754 24
35849 0
36005 27
36125 25
36449 0
36533 25
36588 25
36638 0
36796 25
37102 0
37122 27
37211 0
37225 24
37609 0
37790 25
37891 25
38001 0
38103 25
38200 25
38490 25
38518 0
38717 25
38817 26
38888 0
39042 26
39227 24
39298 26
39313 0
39483 22
39494 0
39795 25
39892 0
39971 25
40080 22
40217 0
40256 22
40335 0
40389 22
40420 0
40504 26
40953 25
41134 0
41228 27
41658 0
41717 25
41950 27
42062 25
42338 0
42620 23
42669 0
42743 25
42900 0
43023 24
43104 0
43127 24
43601 0
43689 25
43709 0
43868 23
43978 23
44053 0
44165 25
44336 0
44553 25
44624 24
44638 0
44730 25
44807 0
44927 23
45126 0
45236 25
45283 26
45303 0
45527 23
45732 0
45759 25
45911 0
46258 23
46298 27
46472 0
46680 23
46815 0
47021 26
47087 0
47102 27
47154 26
47168 0
47216 25
47240 0
47476 27
47616 23
47690 0
47763 25
47827 0
47995 23
48113 23
48131 0
48268 23
48272 0
48280 25
48331 0
48367 25
48369 0
48458 23
48589 0
48697 23
48794 25
48987 0
49022 22
49097 25
49140 24
49154 22
49276 0
49561 23
49764 0
49831 24
49990 0
50071 22
50302 0
50321 25
50418 25
50462 0
50633 22
50649 0
50874 25
50916 27
51021 0
51150 25
51173 25
51530 0
51695 27
51844 23
51904 0
51927 25
52139 0
52369 25
52593 0
52625 23
52797 25
53022 0
53097 26
53155 0
53327 26
53329 23
53337 0
53398 27
53536 0
54022 25
54105 25
54431 26
54473 0
54480 26
54509 0
54774 23
54955 0
54986 23
55251 0
55689 22
55787 27
55898 27
55904 0
55975 22
56033 0
56080 27
56242 25
56255 0
56312 22
56359 0
56392 25
56662 0
56749 23
56756 0
56830 25
56901 0
56902 25
57273 0
57289 25
57378 0
57391 27
57473 25
57532 0
57660 23
57683 0
57872 25
57885 0
57900 25
57977 0
57991 24
58013 25
58029 0
58139 25
58453 0
58479 26
58498 26
58654 0
58655 25
58717 25
59187 23
59196 0
59414 27
59449 22
59588 22
59617 0
59808 25
59846 25
59879 0
59962 22
60312 0
60455 23
60576 0
60679 24
60916 23
60985 0
60997 26
61153 0
61166 22
61271 0
61338 25
61430 27
61730 0
61905 25
62014 0
62120 25
62384 26
62502 0
62571 27
62658 0
62804 23
62988 0
63295 26
63300 0
63331 24
63402 27
63485 25
63507 25
63696 0
63726 23
63896 22
64000 25
64134 27
64250 0
64267 25
64275 24
64290 0
64377 24
64683 0
64792 26
64804 0
64805 26
64927 0
64981 27
65077 0
65181 25
65407 22
65756 0
65971 25
66005 0
66045 25
66170 0
66223 23
66364 0
66369 25
66392 0
66531 25
66559 27
66641 0
66666 27
66679 0
66765 22
66795 23
66974 23
67036 0
67136 26
67208 0
67266 26
67325 27
67486 27
67549 22
67588 0
67752 26
68090 0
68483 23
68759 26
68870 23
68974 23
68991 0
69136 24
69158 0
69216 25
69321 0
69611 24
69768 23
69783 25
69908 26
69968 0
70038 25
70076 23
70209 0
70793 27
70826 0
70849 23
71139 27
71249 0
71292 25
71488 0
71671 23
71725 23
71805 0
72045 23
72110 0
72294 27
72344 27
72784 0
72811 26
72816 27
72866 25
72892 0
72964 25
72979 25
73106 0
73229 25
73253 0
73404 24
73443 25
73495 0
73646 25
73770 23
73816 0
73838 23
73846 0
73877 25
74308 0
74327 23
74379 0
74467 26
74646 25
74711 0
74782 23
74861 0
74872 26
74951 0
74981 25
75164 0
75265 23
75446 0
75483 23
75729 0
75777 26
75887 0
75981 26
76071 0
76533 22
76852 0
77190 23
77370 23
77425 23
77817 0
77859 26
78019 0
78036 23
78187 23
78203 0
78356 22
78371 0
78562 26
78755 0
79002 27
79340 0
79428 22
79517 24
79537 0
79691 25
79774 0
79974 26
79981 0
80025 25
80076 0
80101 25
80226 0
80326 22
80491 0
80594 26
80966 0
81129 24
81291 22
81354 24
82226 0
82491 26
82670 0
82695 25
82700 0
82760 26
82836 0
82980 25
83088 24
83140 0
83167 25
83437 0
83551 23
83560 0
83742 27
83806 0
83949 25
84258 0
84305 24
84429 0
84498 25
84703 0
84822 24
84859 0
84884 25
85338 23
85635 0
85668 23
85721 0
85840 25
86032 27
86291 0
86450 23
86480 23
86999 0
87031 25
87091 0
87149 22
87153 22
87240 23
87360 0
87532 25
87646 0
87841 22
87938 0
88014 27
88188 0
88262 23
88322 0
88396 25
88627 0
88683 23
88920 22
88924 0
88965 26
89002 0
89014 27
89184 0
89431 26
89443 26
89535 25
89551 25
89557 25
89570 22
89839 24
89907 0
90405 25
90511 0
90570 25
90692 0
90780 25
90790 27
90848 0
91025 26
91241 27
91356 0
91417 25
91426 0
91510 25
91538 27
91723 26
91938 27
91967 0
92032 23
92163 0
92247 22
92290 0
92318 23
92424 0
92968 25
93333 0
93423 25
93806 0
93892 25
93894 23
94031 0
94063 27
94065 0
94478 25
94673 24
94696 0
94981 26
95223 0
95256 26
95587 0
95595 25
96018 0
96136 26
96170 24
96322 0
96696 26
97093 0
97396 25
97444 0
97462 27
97543 24
97574 0
97654 25
97676 0
97717 22
97921 0
97976 24
98151 0
98160 26
98172 0
98182 26
98239 0
98285 25
98421 24
98713 0
98727 26
98781 0
98853 22
98861 26
98872 0
98973 25
99110 0
99149 27
99501 0
99583 27
99765 25
99981 25
304 events for 15
93 42
909 0
1108 49
1173 0
1291 49
1857 0
1879 49
2053 0
2199 40
2323 0
2474 40
2991 0
4490 40
4647 0
4678 40
4718 0
4911 49
4945 49
5046 0
5356 40
5719 0
5773 42
6105 0
6210 40
6622 0
7101 49
7767 0
8093 42
8186 0
8230 42
8453 0
8869 42
9010 0
9121 42
9241 42
9439 0
9555 40
9732 0
11298 42
11344 0
11540 49
12062 0
12145 49
12690 0
13069 40
13640 0
13720 40
14683 0
15360 40
16117 0
16228 40
16333 42
17023 0
17663 40
17796 0
17901 42
17906 0
18070 49
18349 49
18632 0
18938 49
18946 0
19881 40
20069 0
20242 42
20442 49
20793 0
21275 49
21624 0
22049 42
22120 0
22686 49
22775 0
22922 49
23084 0
23344 42
23597 0
23624 40
23763 49
23992 0
24459 49
24549 0
24551 40
24635 0
24660 49
25807 0
25960 40
26110 0
26472 40
26681 0
26864 42
27331 0
27463 49
27599 0
27733 42
28065 40
28072 0
28137 49
28198 0
29117 40
29133 0
29370 40
29625 0
30493 49
30636 0
31012 40
31352 0
31401 49
31537 0
31843 49
31971 0
32035 49
32501 42
32670 49
32712 49
32866 0
32877 40
33203 0
33284 49
33539 0
34297 40
35502 0
35988 40
36665 0
36758 49
37332 0
37968 49
38006 0
38056 42
38489 0
38935 49
38970 42
39189 0
39746 49
39837 0
40029 49
40049 0
40233 42
40660 42
40662 0
41244 42
41310 0
41746 49
42645 0
42820 40
43100 0
43184 42
43380 0
43634 40
43874 0
44322 49
44830 42
45386 0
45505 49
45749 42
46116 42
46233 49
46306 42
46646 49
46781 49
46933 42
46958 49
47633 42
48178 42
48299 40
48546 0
48826 49
49036 0
49422 40
49515 0
50025 42
50274 42
50410 40
50470 0
50474 40
50808 0
51121 42
51141 0
51479 49
51673 40
51825 40
51902 49
52069 49
52348 49
52376 0
53693 40
54196 0
54718 49
54746 42
54826 49
55212 0
55396 42
55528 0
55544 42
55905 42
56847 0
56849 42
58370 49
58505 0
58853 40
59293 40
59390 0
59589 40
59781 0
60952 40
61392 0
62424 42
62857 40
63063 42
63568 0
64385 49
64396 42
64582 40
64601 40
64796 0
65202 40
65978 0
66298 49
66852 0
67213 49
67527 0
68051 40
68175 0
68669 42
69028 40
69817 49
70381 49
70997 42
71220 0
72536 49
72702 42
72804 42
73012 0
73443 49
73524 0
73941 42
74173 0
74194 49
74541 0
74619 49
76109 0
76450 42
76750 0
77139 42
77308 0
77753 40
77817 40
77885 42
78671 0
79566 49
81402 42
82261 0
82535 42
82636 40
82682 0
82836 40
83179 40
83392 40
83968 0
84281 49
84407 0
84745 42
85072 0
85407 42
85663 0
85754 49
86551 40
86813 0
87288 49
87417 0
87555 42
87661 0
87675 49
88747 42
88883 0
89036 42
89068 0
89080 42
90587 0
91021 49
92866 40
92980 0
93231 49
93956 0
94099 42
94160 0
94352 40
94488 0
94747 42
95482 0
95779 49
96230 0
96310 49
96964 0
97053 42
97374 0
97558 49
97637 42
97855 0
98100 42
98519 0
98557 42
99613 0
99936 49
