16 buffers
107552 1494
157255 8333
233298 42357
168448 5746
92263 11785
161243 12899
226833 23864
96122 3162
202203 6774
219187 11642
139025 5750
220372 32061
148676 22516
217021 29938
165544 28586
147861 10968
60 downlinks
0 250 1667 501
1 1917 3334 617
2 3584 5001 480
3 5251 6668 547
4 6918 8335 575
5 8585 10002 698
6 10252 11669 548
7 11919 13336 567
8 13586 15003 608
9 15253 16670 631
10 16920 18337 673
11 18587 20004 658
12 20254 21671 534
13 21921 23338 535
14 23588 25005 640
15 25255 26672 596
16 26922 28339 561
17 28589 30006 536
18 30256 31673 494
19 31923 33340 565
20 33590 35007 700
21 35257 36674 676
22 36924 38341 645
23 38591 40008 597
24 40258 41675 698
25 41925 43342 579
26 43592 45009 702
27 45259 46676 691
28 46926 48343 482
29 48593 50010 645
30 50260 51677 517
31 51927 53344 607
32 53594 55011 594
33 55261 56678 525
34 56928 58345 509
35 58595 60012 542
36 60262 61679 676
37 61929 63346 675
38 63596 65013 559
39 65263 66680 696
40 66930 68347 676
41 68597 70014 640
42 70264 71681 572
43 71931 73348 566
44 73598 75015 663
45 75265 76682 601
46 76932 78349 637
47 78599 80016 550
48 80266 81683 534
49 81933 83350 684
50 83600 85017 669
51 85267 86684 616
52 86934 88351 589
53 88601 90018 608
54 90268 91685 637
55 91935 93352 563
56 93602 95019 503
57 95269 96686 558
58 96936 98353 590
59 98603 100020 578
817 events for 0
21 33
98 0
145 42
429 42
634 0
702 42
708 33
720 0
798 42
995 0
1011 42
1317 0
1479 33
1733 33
1801 0
1888 33
1979 33
2244 0
2312 33
2741 33
2942 0
3062 33
3073 0
3194 33
3205 42
3291 33
3692 0
3724 42
3783 0
3844 33
3892 0
3915 42
3956 33
4040 0
4102 33
4156 0
4432 33
4479 0
4530 33
4658 0
4675 42
4759 0
4775 33
5038 0
5111 42
5232 42
5476 0
5647 42
6017 42
6213 0
6277 33
6419 0
6465 33
6650 0
6664 42
6785 0
6899 42
7068 0
7130 33
7149 0
7549 33
7767 0
7818 33
7820 0
7905 33
8331 0
8355 33
8388 0
8468 42
9381 0
9406 33
9435 33
9491 0
9494 33
9735 33
9821 0
9825 42
9968 33
10019 0
10421 42
10473 0
10516 33
10569 42
10591 0
10718 33
10859 42
11008 0
11115 33
11173 42
11191 0
11206 33
11214 0
11298 33
11319 0
11483 33
11605 0
12239 33
12241 0
12812 33
12931 0
13196 33
13254 0
13437 33
13581 33
13592 33
13790 0
13986 33
14049 0
14130 33
14398 0
14428 33
14530 33
14881 0
14981 33
15411 42
15507 0
15598 42
15611 0
15617 42
15620 0
15761 33
15966 33
16157 0
16258 33
16388 0
16429 33
16439 42
16465 42
16588 0
16628 33
16643 33
16720 0
16829 33
16996 0
17029 33
17121 42
17177 0
17204 33
17226 33
17260 0
17507 33
17885 42
17887 33
17900 0
17915 42
18167 42
18219 0
18447 33
18701 33
18742 0
18918 33
19062 42
19427 42
19458 0
19519 42
19530 0
19575 42
19595 42
19637 0
19819 33
20209 0
20238 42
20257 0
20331 42
20420 0
20512 42
20719 0
20750 42
20847 33
20936 0
21210 42
21359 0
21371 42
21510 33
22201 0
22489 33
22534 0
22553 33
22556 0
22668 42
22806 0
22813 42
22863 0
23059 33
23078 0
23358 33
23435 42
23446 42
23732 33
23755 0
23854 42
23908 0
23942 42
23969 0
24105 33
24564 0
24855 33
25006 42
25020 42
25181 0
25231 33
25569 0
25677 33
25755 0
25765 33
25823 33
25907 42
26115 0
26593 33
26689 0
26705 42
26878 0
26889 33
27079 0
27138 33
27153 0
27306 42
27465 42
27513 42
27596 0
28010 33
28038 0
28318 33
28481 0
28623 42
28927 0
29050 33
29113 0
29300 33
29596 33
29987 0
30000 42
30147 42
30209 33
30361 0
30449 42
30534 42
30570 33
30571 0
30660 33
30872 0
30984 42
30989 0
31126 42
31377 0
31584 33
31587 0
31709 33
31757 0
31840 33
31920 0
32129 42
32350 0
32498 33
32518 0
32653 33
32664 33
32679 33
32739 0
32949 33
32967 33
33029 0
33374 33
33421 0
33788 42
33828 0
33911 33
33968 0
34010 33
34204 33
34445 0
34616 42
34672 0
34927 42
34951 0
35014 42
35050 0
35141 42
35176 33
35391 0
35495 33
35678 0
35904 33
36022 0
36035 42
36075 0
36224 33
36254 0
36295 33
36308 0
36428 42
36659 0
36842 33
36992 0
37012 42
37144 0
37297 33
37395 0
37481 33
37492 0
37583 33
37885 42
37947 0
38882 42
39103 0
39221 42
39256 0
39355 42
39482 0
39592 33
39675 0
39706 42
39788 0
39955 42
40062 0
40210 33
40310 0
40403 42
40501 42
40506 0
40522 33
40564 42
40565 0
40646 42
40771 0
40930 33
40978 42
41070 42
41085 0
41286 42
41326 0
41380 33
41655 33
41861 0
42023 42
42573 42
42588 33
42589 0
42659 33
42846 42
42862 0
43314 42
43421 0
43866 33
44008 0
44281 42
44331 42
44481 0
44637 42
44733 42
44774 0
44793 42
44819 33
44929 0
44948 33
45014 0
45099 42
45562 0
45863 33
45946 0
46049 42
46118 0
46141 33
46249 0
46304 33
46314 0
46330 42
46534 33
47190 42
47349 0
47527 33
47713 0
47765 33
47852 0
47868 42
48027 0
48220 42
48508 0
48542 42
48726 0
49057 42
49414 0
49465 33
49796 0
50245 33
50263 0
50329 42
50340 0
50535 33
50663 42
50717 42
50748 0
50904 42
51027 0
51117 33
51174 0
51288 33
51366 0
51391 42
51478 0
51804 42
52234 0
52272 42
52348 0
52576 33
52826 33
52901 0
53070 33
53310 0
53391 33
53439 0
53533 42
53637 0
53656 42
53727 0
54054 42
54337 0
54537 33
54539 33
54615 0
54644 33
54942 0
54967 42
55011 0
55014 42
55115 0
55184 42
55288 0
55363 33
55540 0
55635 42
55804 0
55884 42
56289 0
56330 33
56343 0
56385 42
56429 0
56573 42
56707 0
56831 33
57012 0
57060 42
57085 0
57147 42
57237 0
57241 33
57479 0
57493 42
57578 42
57681 42
57709 0
57916 33
58189 42
58249 0
58382 33
58538 0
58697 33
58777 33
58897 42
59085 0
59182 42
59324 42
60037 0
60110 33
60142 0
60205 33
60238 0
60312 33
60335 42
60367 0
60482 33
60558 0
60607 42
60813 0
60885 33
60902 0
60951 33
61083 0
61140 42
61157 42
61184 0
61290 42
61649 0
61790 33
61907 42
62205 0
62208 33
62355 33
62554 0
62731 33
62790 0
62864 33
62940 0
63167 33
63244 33
63334 0
63510 33
63798 0
64165 33
64182 33
64238 0
64321 42
64579 0
64657 33
64672 0
64923 42
64928 0
65077 42
65175 42
65341 0
65372 33
65421 0
65634 33
65778 42
65817 0
65849 33
65914 0
66043 42
66224 0
66600 33
66721 0
66839 42
66856 42
66969 0
67484 42
67518 0
67775 33
67872 33
67988 0
68180 42
68201 0
68240 33
68388 0
68586 42
68681 0
68766 33
68790 0
68811 42
69100 0
69186 42
69211 0
69322 33
69420 33
69532 0
69645 33
69652 0
69953 33
70185 0
70225 42
70234 0
70332 33
70371 0
70388 33
70587 33
70681 33
70685 0
70759 33
70865 0
70901 33
71005 33
71277 0
71348 33
71423 42
71514 0
71586 33
71873 0
72208 42
72424 0
72800 42
72933 33
72941 33
73004 0
73024 42
73077 42
73246 0
73278 42
73441 0
73593 33
73652 0
73693 33
73701 0
74197 42
74235 42
74255 0
74267 42
74322 42
74348 0
74552 42
74565 0
74838 33
74839 0
74969 33
75057 0
75072 42
75073 0
75291 33
75409 0
75496 33
75919 33
75963 0
75986 33
76054 42
76160 33
76282 0
76304 33
76306 0
76328 33
76415 33
76571 0
76672 42
76698 0
76763 33
76798 0
76940 33
77124 42
77198 0
77427 42
77452 0
77518 33
77567 0
77708 33
77750 0
77767 33
77960 0
77983 42
78246 0
78697 33
78734 0
78850 33
78913 0
78947 42
78998 0
79036 42
79068 0
79103 42
79356 0
79413 42
79439 0
79771 42
79879 0
79915 33
79990 33
80011 0
80047 42
80050 0
80427 33
80483 33
80534 0
80565 42
80744 33
80787 0
80837 42
80923 0
81088 42
81089 0
81131 42
81160 42
81239 0
81275 42
81340 42
81476 0
81530 33
81635 42
81650 33
81781 0
81936 42
81944 0
82121 42
82163 0
82235 42
82421 42
82953 0
83026 33
83176 0
83241 42
83249 0
83326 33
83563 0
83836 33
83894 0
84070 33
84133 0
84134 42
84314 33
84491 0
85052 42
85086 0
85231 42
85624 0
85713 33
85778 0
85900 42
86356 33
86479 0
86526 42
86557 33
86723 33
86838 0
86879 33
87042 0
87353 42
87511 0
87648 33
87677 0
87876 33
87998 0
88019 33
88163 0
88186 42
88199 0
88229 33
88236 0
88579 33
88593 0
88616 33
88681 0
88980 42
89069 33
89113 0
89127 33
89141 42
89166 0
89178 33
89313 42
89471 0
89591 33
89650 0
89752 42
89785 0
89988 42
90089 0
90535 33
90594 0
90654 42
90661 0
90683 33
90773 0
90879 33
90903 0
91235 33
91273 33
91556 33
92059 33
92069 33
92172 33
92208 0
92273 42
92463 0
92554 33
92730 0
92764 42
92782 33
92946 0
93120 33
93194 0
93249 33
93349 0
93562 42
93676 42
93752 0
93793 33
93928 33
93935 0
94087 33
94190 42
94342 0
94392 42
94553 33
94584 0
94662 42
94672 0
94830 33
94900 0
95000 33
95007 42
95053 0
95328 42
95357 0
95359 33
95440 33
95460 33
95970 0
95984 33
96174 0
96175 42
96553 0
96638 33
96659 33
96881 0
97170 42
97196 0
97503 42
97553 33
97606 0
97988 33
98060 0
98114 33
98120 0
98215 33
98361 33
98446 0
98455 33
98566 0
98641 42
98752 0
98757 42
98846 42
99026 0
99363 33
99447 0
99470 33
99546 42
99791 0
99812 42
99866 0
99918 33
545 events for 1
82 52
583 42
779 0
834 35
1030 0
1208 42
1369 0
1463 45
1625 0
1938 56
1959 48
2003 0
2038 57
2490 0
2826 53
3026 42
3095 0
3098 57
3374 0
3412 52
3519 0
3630 42
3884 45
3987 0
4087 53
4484 0
4770 31
4822 0
5544 53
5578 0
5860 52
5900 0
5990 56
6001 0
6282 31
6634 0
6871 42
6958 0
7260 35
7324 35
7703 0
7955 31
8067 0
8169 56
8378 0
8469 53
8471 0
8605 56
8637 0
8806 57
8929 0
9087 53
9416 0
9472 42
9571 0
9579 53
9754 0
9843 53
10061 56
10401 0
10616 52
10695 56
10883 0
11166 56
11222 0
11285 53
11505 0
11807 35
11857 0
11885 31
11910 0
12500 35
12515 56
12605 0
12705 31
12842 0
13042 48
13102 0
13401 48
13583 0
13626 35
13647 0
13713 35
13891 0
13912 56
14157 0
14240 31
14394 0
14898 53
14995 45
15030 0
15035 35
15131 0
15276 52
15924 31
16016 0
16067 52
16215 0
16356 31
16489 0
16496 42
16636 0
16661 48
17025 0
17047 31
17298 0
17663 31
17762 0
17847 57
17887 0
17939 57
18820 0
18824 31
19304 0
19337 31
19451 0
19486 53
19648 0
19729 56
20050 45
20494 0
21085 56
21094 0
21240 35
21357 52
21564 0
21621 35
21813 0
22271 57
22299 35
22858 0
22908 57
23011 0
23176 48
23350 0
23357 57
23486 0
23689 45
23854 0
24399 45
24486 0
24692 57
24793 0
24925 35
24984 45
26013 0
26224 45
27019 53
27093 48
27305 45
27319 0
27424 35
27437 0
27590 45
27675 0
27778 56
28200 0
28542 35
28667 0
28704 31
28761 0
28810 48
28863 0
28957 52
29069 0
29404 57
29410 0
29783 57
29883 0
29957 48
30275 0
30457 57
30522 0
30577 45
30823 56
30884 0
30889 42
31035 0
31107 53
32453 56
32486 0
32786 45
33044 0
33111 52
34211 0
34307 45
34345 0
34353 52
34538 0
34698 52
34859 0
35425 31
35547 0
36125 31
36184 45
36574 45
37078 0
37243 35
37981 0
38137 52
38161 0
38268 57
39319 0
39616 31
39789 56
39836 0
39966 45
40452 0
40865 57
41218 0
41351 48
41380 0
41430 52
41494 42
41527 42
41670 0
41869 45
41961 35
42082 0
42162 35
42296 0
42620 52
42633 0
42689 42
42989 0
43043 35
43223 0
43242 35
43677 0
43731 45
43935 0
43939 52
44005 0
44068 52
44175 0
44388 52
44487 45
44555 0
44591 48
44684 48
44709 0
45007 31
45026 0
45090 42
45418 0
45525 52
45548 0
45582 57
45725 56
45746 0
45770 42
45819 53
46608 0
46851 48
47814 0
48085 56
48260 52
48851 0
48901 53
49018 0
49045 48
49070 0
49561 48
49977 0
49993 53
50019 0
50825 35
50866 53
50949 0
51066 53
51135 0
51862 45
52055 42
52434 0
52486 42
52543 0
52789 52
52873 42
52911 48
53009 57
53104 45
53345 0
53529 56
53553 0
53673 57
53827 0
53914 31
54104 35
54120 0
54390 45
54479 0
55177 45
55339 31
55729 0
55730 35
55873 0
56062 42
56588 0
56589 57
56886 0
56967 45
56981 0
57238 45
57694 0
57814 35
57889 0
58259 52
58457 45
58562 0
58841 56
59376 0
59385 57
59792 0
59861 31
60148 0
60430 53
60642 42
60807 0
60998 57
61122 0
61176 42
61847 0
62102 57
62127 0
62236 42
62776 56
63058 42
63285 0
63641 35
63659 0
63674 48
63868 0
63903 52
64068 0
64087 56
64167 0
64266 48
64409 0
64815 35
65125 0
65164 56
65294 0
65629 57
65744 45
65859 45
65902 0
66010 48
66022 42
66055 0
66241 45
66685 0
66749 56
66798 0
66870 52
66911 0
67060 31
67131 0
67417 57
67704 42
68348 0
68416 53
68687 42
69242 0
69257 42
69434 0
69634 52
69689 0
69715 42
69843 0
70087 42
70148 0
70282 53
70322 0
70602 42
70809 0
70894 48
70912 0
71034 42
71762 0
71804 48
71887 0
71935 45
71987 53
72503 0
72526 31
72633 0
72638 53
72658 0
72722 56
72785 0
72852 35
73247 53
73325 0
73397 48
73554 0
73581 48
73634 0
73666 45
73667 56
73769 45
74076 35
74108 56
74192 0
74398 57
74452 31
74586 0
75080 45
75199 0
75672 48
75855 0
76147 56
76170 35
76416 0
77442 45
78036 0
78130 31
78220 0
78346 31
78428 0
78469 56
78484 0
78532 35
78533 0
78575 56
78948 0
78963 31
79366 0
79635 53
79907 45
80057 0
80213 57
80621 0
80783 56
80979 0
81271 45
81326 45
81353 0
81502 35
81606 57
81717 31
81758 0
81777 57
81857 31
82045 57
82120 56
82553 0
82622 52
82661 0
82769 53
83167 31
83419 0
83476 31
84233 57
84255 45
84342 0
84349 31
84351 31
84389 52
84663 0
84774 31
85411 56
85540 0
85678 53
85779 0
86427 52
86487 52
86725 0
86760 31
86871 56
86874 0
86971 35
87499 0
87543 45
87978 0
88232 52
88468 0
88539 35
88595 0
88598 35
88788 0
88811 45
89360 0
89499 42
89525 52
89542 0
89568 45
89616 0
89820 35
90059 0
90141 56
90164 35
90301 0
90317 31
90326 0
90480 42
90529 57
90555 0
90624 35
91000 0
91063 53
91161 0
91383 52
91542 0
91800 57
91839 0
92350 48
92698 0
92973 53
93255 0
93626 45
93677 42
93682 0
93722 31
93746 57
93997 48
94094 0
94131 56
94338 0
94573 35
94893 0
95108 56
95327 0
95412 42
95413 0
95623 53
95634 0
95885 52
97070 31
97388 0
97409 57
97466 0
97671 45
97787 0
98140 57
98341 42
98737 45
99255 0
99321 42
99392 0
99396 57
99484 0
99869 42
99893 48
99957 53
99959 57
259 events for 2
122 74
785 85
863 98
953 89
993 0
1348 85
1351 0
1400 85
1425 0
1487 98
1563 0
1863 74
1905 0
2105 89
2702 89
2713 0
2926 97
3253 0
4001 85
4274 97
4637 0
5647 97
5838 0
6449 74
7510 0
8262 85
8415 0
8416 97
8924 98
9170 0
9680 85
10367 0
10937 89
10955 85
11105 98
11318 97
11602 98
11948 0
12793 74
13072 74
13141 85
13157 0
13665 74
13685 0
14065 98
15686 0
15914 98
16123 0
17061 89
17570 98
17626 85
17834 0
17900 98
18314 0
18502 97
18697 0
18757 98
19638 98
19896 0
20241 98
20327 0
20332 97
20366 74
20734 97
20837 74
20878 0
20927 74
21316 0
21625 89
22359 98
22777 0
22826 98
23113 0
23371 85
23455 0
23600 97
23769 0
23925 98
24082 0
25055 98
25469 0
26759 89
26790 0
27406 97
28194 0
28262 74
29091 0
29593 85
29649 0
29795 89
30096 98
30153 85
30343 0
30405 97
30768 0
31329 89
31364 0
32108 97
32691 98
32787 0
33054 98
33159 0
33249 85
33388 0
33644 97
33803 0
34145 74
34325 0
35093 74
35330 97
35751 0
35957 97
35987 0
35994 74
37999 0
38372 89
38723 97
39304 74
39760 0
39904 97
40468 0
40521 97
41490 89
41620 74
41775 0
41979 74
42683 0
43971 85
44158 0
44393 97
44702 97
45240 0
45618 85
45846 0
46391 85
47374 74
48087 0
48517 89
48853 0
50224 89
50632 0
50833 74
51114 0
51748 97
51894 0
51928 97
52693 0
52899 74
54063 97
54329 0
54358 97
55346 0
55377 74
55502 89
56582 98
56591 89
56841 0
57979 85
58113 0
58895 85
59350 85
59802 0
59970 85
60427 0
61296 74
61567 0
61625 89
61757 89
63440 0
63635 85
63890 74
64020 0
64132 89
64396 74
64565 97
64819 0
65184 74
65199 0
65465 98
65746 0
66296 85
66333 0
66672 98
67441 74
67508 0
68278 89
68444 0
68808 89
69027 89
69730 98
69913 0
70088 85
70089 0
70931 97
71387 98
71428 0
71513 97
71623 0
71643 97
71759 0
72104 89
72507 0
72540 98
73439 0
74498 98
74876 0
75202 85
75328 0
76035 89
76648 85
77159 0
77845 98
78165 0
80573 98
80800 74
81979 89
82223 0
82554 85
83454 0
83626 98
84155 0
84303 97
84922 97
84994 97
85414 98
85675 0
85732 89
85963 0
87109 98
88147 0
88541 89
88928 74
88954 0
89317 97
90299 0
90323 98
90743 0
91091 85
91519 0
92424 98
92763 0
92973 98
93609 0
94115 98
94221 89
94839 0
95544 98
96622 0
97074 85
97135 0
97812 98
98096 0
98156 89
98270 0
98368 89
98812 0
98846 97
99909 0
99993 98
519 events for 3
666 37
1052 0
1064 47
1115 0
1175 41
1660 0
1671 56
1823 0
2233 37
2249 0
2294 37
2444 53
2582 0
2806 54
3130 0
3515 54
3579 50
3785 0
4204 56
4667 0
5180 47
5544 0
5773 37
5875 56
5926 0
5980 37
6492 0
6665 36
6681 37
6682 0
6764 37
6818 0
7099 37
7137 0
7239 47
7570 0
7621 47
7661 0
7764 41
7807 0
8029 56
8032 0
8049 56
8061 0
8139 37
8312 0
8360 37
8466 0
9023 37
9209 0
9350 54
9448 0
9504 37
9523 53
9725 0
9905 54
10070 0
10077 56
10161 0
10211 54
10418 0
10834 37
11195 37
11597 53
11747 0
12406 47
12437 0
12879 36
13359 0
13732 54
13979 0
13999 56
14106 47
14161 0
14955 53
15547 0
15895 36
16157 0
16188 37
16335 0
16450 41
16499 0
16663 47
16664 54
16712 0
16781 56
16803 0
16876 37
17003 36
17207 50
17626 47
17759 0
17891 54
17944 0
17973 50
18217 41
18450 0
18474 50
18705 0
18708 37
19317 0
19632 41
19682 0
19732 37
19890 50
20132 0
20138 53
20432 0
20618 50
20660 0
20743 37
20787 0
20796 53
20877 56
20973 0
20977 54
21028 0
21335 47
21550 54
21824 0
21886 37
22014 41
22038 50
22113 0
22231 41
22582 0
22861 56
22921 53
23063 0
23248 50
23540 56
23559 0
23770 41
24079 0
24563 53
24564 50
24582 0
24667 47
24676 0
24905 36
25078 36
25221 0
25282 50
25430 0
25586 36
25640 0
25869 36
26041 37
26124 41
26372 0
26453 50
26805 0
26899 47
26996 0
27218 54
27410 37
27740 0
28002 56
28104 37
28264 0
28507 50
28659 47
28682 50
28750 0
28831 53
28931 0
29542 37
29818 0
30063 50
30123 0
30149 37
30633 0
30787 56
30893 0
30960 56
30978 37
31273 0
31860 47
31942 0
31993 37
32489 41
32524 0
32660 47
32988 0
33392 54
33554 0
33602 41
33634 36
33672 56
33941 0
34368 37
34386 0
34608 53
34718 0
34725 36
34769 0
34953 37
34994 36
35145 0
35296 53
35586 0
35748 47
35802 50
35837 37
35982 0
35990 37
36004 47
36475 0
36548 41
36831 0
37170 53
37411 0
37417 37
37778 0
37883 50
37922 0
37962 47
37986 36
38026 50
38836 0
39034 37
39134 41
39178 54
39203 0
39292 41
39570 53
39735 0
40070 37
40108 0
40135 47
40587 0
40620 56
40825 0
40962 53
41008 50
41435 37
41771 53
41810 0
41894 47
42060 36
42089 56
42253 0
42728 53
43210 0
43473 50
43669 0
43869 54
43992 41
44173 0
44465 50
44559 41
44588 0
45129 47
45815 0
46165 41
46426 0
46553 47
46656 36
46789 0
46827 50
47429 0
47696 50
47888 0
48098 54
48123 53
48129 0
48184 54
48266 37
48321 0
48516 41
49438 53
49592 0
49666 54
49791 0
49802 50
49904 0
50176 56
50177 0
50195 37
50243 37
50304 50
50334 0
50350 50
50380 0
50998 54
51269 0
51315 36
51646 0
51668 53
51869 50
52586 0
52958 36
53077 54
53143 0
53221 53
53593 0
53744 56
53794 0
53846 53
54364 0
54507 47
54580 56
54814 0
54845 47
55319 0
55322 47
55343 0
55379 37
55405 0
55457 37
55527 0
55619 56
56270 0
56271 37
56436 47
56765 0
57042 41
57065 0
57264 54
57306 0
57322 37
57501 0
57867 47
58156 0
58297 41
58310 0
58466 54
58609 0
58668 37
58733 0
58825 56
58850 0
58975 47
59105 47
59343 56
59451 0
59928 47
60039 0
60045 54
60106 0
60466 54
60783 0
60858 56
60874 0
61580 37
61599 47
61610 0
61910 36
62121 0
62224 56
62225 53
62260 0
62487 47
62785 0
63185 54
63238 0
63311 37
63481 0
63595 37
63660 54
63783 37
63845 0
63894 54
64097 47
64128 0
64239 37
64246 0
64251 47
64268 0
64855 47
64878 0
64919 47
65128 0
66253 50
66269 0
66711 56
67010 0
67188 37
67400 0
67438 56
67652 0
68000 37
68066 36
68319 0
68779 37
68826 0
69072 50
69282 41
69920 37
70089 56
70276 0
70406 56
70450 0
70641 37
70678 47
72065 0
72376 47
72465 0
72678 41
73758 0
73983 37
74111 0
74585 36
74711 50
74795 47
75730 0
76062 37
76206 0
76548 37
76764 54
77022 54
77482 0
77731 56
77773 0
78005 41
78108 0
78243 37
78352 0
78618 50
79497 0
79597 54
79601 0
79613 37
79975 0
80041 56
80082 54
80260 47
80440 0
80655 56
80800 0
80861 50
81127 36
81215 0
81263 50
81573 0
81797 37
81895 56
82049 50
82069 0
82092 54
82482 47
82623 0
82647 47
82704 56
84039 0
84094 36
84126 0
84191 36
84258 53
84340 0
84368 36
84617 56
84631 0
84748 53
85406 37
86305 0
86369 37
86428 41
86463 0
86503 53
86509 0
86511 56
86782 37
86801 0
87170 37
87188 0
87782 47
87830 37
88235 0
88314 41
89716 56
90014 47
90365 41
91042 50
91368 0
91721 37
91878 37
92053 0
92176 37
92587 37
92606 0
92637 47
92667 0
92718 56
93071 0
93373 41
93406 0
93446 56
93454 0
93730 37
93852 0
93932 54
94101 36
94246 41
94332 47
94396 37
94775 0
95233 54
95473 0
96031 56
96156 36
96435 0
96570 37
96809 0
97036 56
97221 0
97233 37
97269 37
97406 0
97587 36
97783 0
98389 56
98917 41
98946 0
98953 36
99115 0
99161 47
99527 0
99575 54
361 events for 4
169 37
232 0
246 38
284 38
1260 0
1335 37
2241 0
2654 32
2780 0
3540 32
3583 0
3666 38
3709 0
3872 32
4356 37
4540 0
4852 37
5000 38
5055 0
5162 32
5338 0
5920 31
6367 0
6511 29
6512 0
6623 38
6720 0
7071 29
7489 0
7648 31
7692 0
8338 37
8667 0
9319 38
9735 29
10362 0
10452 29
10508 0
10576 31
11160 0
11462 32
11911 0
12064 31
12170 0
12363 29
12376 32
12453 38
12663 0
13912 32
13958 0
14032 37
14247 0
14471 37
14521 0
15171 38
15235 38
15279 0
15399 38
15957 0
16049 38
16654 0
16714 38
17017 0
17294 38
17374 0
17426 31
17428 31
17537 31
18069 0
18153 31
18281 0
18769 31
18831 0
18948 38
19144 0
19165 32
19205 31
19255 0
19922 29
20169 31
20227 0
20440 38
20555 0
20589 38
20632 0
20815 37
21100 32
21538 0
21750 31
22860 0
22892 31
23169 0
23301 32
23784 0
23803 32
23968 38
24207 0
24738 38
24854 32
25006 0
25625 37
26012 0
26300 37
27310 0
27636 38
27786 0
27843 29
27848 0
27853 38
27961 0
27970 31
28133 0
28635 29
28803 0
28843 29
28905 0
29275 32
29581 0
29802 29
30253 32
30372 0
30645 38
31459 31
31492 31
31770 0
31891 38
32086 0
32782 29
32980 0
33045 32
33180 0
33494 31
34327 37
34956 0
34982 29
35700 38
36019 0
36345 32
36353 29
36474 0
36476 37
36478 0
36528 38
36577 0
37454 32
37864 0
37998 31
38133 0
38185 37
39198 38
39496 0
39534 32
40411 0
40514 29
40808 0
40819 32
41236 32
41611 0
42067 31
42131 0
42349 31
42946 32
43530 0
43940 29
44837 38
45093 0
45105 38
45161 0
45298 29
45538 0
45668 31
45678 0
45812 38
46018 38
46584 31
46697 0
46718 37
46827 37
46849 29
47284 0
47433 29
48102 0
48598 32
48628 31
49185 0
49205 38
49345 38
49668 0
49730 37
49847 38
49970 0
50307 31
50797 38
50885 32
51281 0
51799 37
52235 0
52569 32
52842 0
52956 31
53887 0
54160 32
54343 31
54365 0
54938 31
54982 37
55631 0
55715 38
55732 0
55912 37
56315 0
56496 31
56535 0
56543 31
56777 0
56965 38
57499 0
58319 31
58445 31
60008 37
60919 0
61105 32
61337 0
61553 32
61645 0
61762 38
62053 0
62124 32
62450 0
62600 32
62663 31
62735 0
63049 29
63054 0
63189 31
63396 38
63585 0
63671 38
64087 0
64210 29
64233 37
64455 29
64832 0
64885 32
65760 0
65844 38
66028 0
66359 31
66691 0
66781 32
67253 0
67879 31
68133 37
70300 0
70394 38
70402 0
71504 31
71640 29
71982 0
71995 32
72392 38
72989 37
73749 37
74146 32
74356 29
74601 0
74717 32
74797 31
75182 0
75236 37
75319 0
75806 29
75957 0
76268 29
76423 0
76711 38
76901 0
77484 32
77615 0
78402 32
78447 37
78551 0
78621 37
78772 0
79414 38
79884 0
80120 31
80148 0
80652 29
80848 0
81523 29
81778 32
82139 0
82338 31
82403 0
82927 32
83079 0
83234 38
83278 29
83348 37
83361 0
83441 37
84043 0
84049 31
84081 0
84088 29
84309 0
85090 31
85515 0
85770 32
85865 0
86310 38
86520 0
86539 38
87132 0
87142 29
87462 0
87620 31
87834 37
88163 32
88542 0
88658 31
88824 38
89085 0
89513 29
89531 31
89816 0
90057 38
90370 0
91451 37
91528 37
91684 0
91793 38
91884 0
92183 32
92271 0
92482 37
93100 0
93256 31
93922 0
94399 29
95014 0
95025 38
95458 32
95542 38
95904 0
96053 29
96159 0
97024 31
97231 0
97291 32
97313 0
97519 29
97719 0
98178 32
99003 0
99043 37
99082 0
99367 32
99498 0
99741 38
445 events for 5
46 39
469 0
554 39
615 43
833 0
835 39
836 0
1182 43
1232 0
1504 39
1597 39
2542 45
2604 0
2679 45
3342 43
3376 39
3420 0
3513 44
3533 0
3540 38
3719 0
4093 40
4143 42
4211 0
4231 45
4647 0
4677 39
5269 0
5382 44
5550 43
5771 39
5857 0
5923 45
6245 0
6344 40
6520 0
6672 39
6878 0
6940 39
7136 0
7397 39
7420 0
7569 44
7625 0
7873 42
8024 0
8159 39
8226 0
8266 40
8553 39
8970 43
8975 0
9238 42
9642 40
9649 0
9747 42
9783 0
10144 44
10191 0
10763 39
11117 0
11167 39
11714 0
11778 39
11808 38
12136 0
12395 39
13004 39
13168 0
13202 39
13259 40
13375 0
13671 39
13979 0
14751 42
15481 0
16265 42
16267 38
16298 0
16381 39
16725 0
16941 39
16945 0
17187 45
17482 43
17618 39
17744 0
17786 42
17891 0
17950 39
18137 0
18528 39
18589 0
18828 39
19251 0
20052 39
20449 0
20649 40
20913 0
20940 38
21517 0
21966 38
23127 39
23526 0
23553 43
23592 39
23811 39
23836 39
23876 0
23887 39
24410 0
24673 39
24683 0
25085 40
25351 45
25775 0
25891 39
26020 0
26124 38
27169 0
27254 39
27576 0
27687 44
28185 0
28327 39
28490 0
28791 39
29012 0
29089 45
29165 39
29273 0
29285 38
29416 0
29547 39
30017 0
30204 38
30424 0
30870 40
31059 0
31205 45
31264 0
31693 39
31721 0
31951 39
32268 39
32459 0
32661 39
32959 0
32965 39
33077 0
33181 39
33375 0
33552 40
33568 0
33872 42
33893 0
34256 42
34278 0
34457 43
35186 0
35392 39
35657 39
35734 0
35828 39
35863 42
36003 0
36024 39
36046 0
36272 42
36883 39
37094 0
37246 45
37426 0
37511 44
37581 45
37666 0
37728 44
37806 38
38226 39
38702 0
39013 44
39063 0
39069 42
39356 0
39375 40
40202 0
40589 45
41048 0
41335 42
41471 0
41502 45
41746 39
42058 0
42331 39
42535 0
42674 39
42680 0
42776 39
42836 0
43256 39
44045 0
44147 44
44871 0
45134 38
45158 0
45171 45
45247 39
45605 0
45732 39
46502 40
46554 0
46748 45
46961 0
47166 45
47336 44
47737 0
48149 44
48291 0
48704 42
48887 0
49160 39
49860 39
49912 0
50230 42
50473 38
50735 0
51112 40
51198 0
51411 39
51472 0
51743 39
52037 0
52190 39
52744 38
53487 0
53628 38
54361 0
54715 39
55123 39
55147 0
55450 38
55569 0
55956 39
55960 0
56085 39
56143 0
56370 44
56515 0
56555 39
56663 0
56983 42
57018 39
57033 0
57206 43
57797 39
58041 42
58137 43
58380 0
58472 39
58535 0
58617 45
59755 0
59780 45
59911 0
60032 39
60066 0
60083 39
60101 0
60283 44
60350 0
60400 38
60542 39
60548 0
60951 45
61524 45
61716 0
61923 39
62251 43
62261 0
62728 45
62945 44
63144 0
63308 40
63477 39
63664 39
63686 0
64332 39
64487 0
64497 43
64530 0
64715 45
64894 40
64911 0
65204 39
65269 39
65497 0
65634 39
65743 39
66172 0
66336 43
66603 0
66723 40
66938 0
67155 45
67455 0
67767 39
67991 0
68330 43
68468 0
68622 38
68730 43
68765 0
69008 39
69085 0
69881 39
70757 0
70998 39
71229 0
71351 43
71618 0
72017 39
72363 0
72714 45
73204 0
73372 42
73747 39
73900 0
73999 39
74114 0
74327 44
74517 40
74803 0
74828 40
74907 0
75301 39
76106 0
76410 40
77151 0
77180 39
77210 0
77304 40
77419 0
77570 40
77577 0
77678 39
77760 0
78011 43
78522 0
78560 45
78668 0
78838 39
78953 0
79194 39
79426 0
79436 39
79688 0
79837 45
79899 0
79969 43
80132 39
80205 0
80325 39
80390 39
80412 0
80433 39
80838 39
80987 38
81042 0
81282 40
81473 39
81499 0
81745 45
81783 43
81830 0
82353 45
82599 0
82641 39
82725 0
83273 42
83379 40
83615 0
83796 42
83878 0
84087 45
84276 0
84471 42
84963 0
85701 44
86040 0
86193 40
86371 0
86555 38
86704 0
86736 44
87486 0
87896 42
88017 43
88630 40
88928 0
88970 38
89032 0
89150 40
89180 0
89532 44
89548 39
89642 43
89713 0
89764 44
90212 0
90608 38
91027 0
91367 45
91591 40
91753 0
91901 45
92423 0
92450 45
92603 44
92806 45
92890 0
92985 45
93032 39
93879 0
93882 39
94098 0
94695 40
94868 0
95315 39
95500 0
95559 38
95697 0
96200 40
96543 43
96916 0
97521 39
97587 0
97692 42
97740 0
97911 42
98343 0
98471 44
98927 0
99011 39
99512 39
99906 0
824 events for 6
65 74
86 0
331 41
464 0
622 66
665 0
689 56
784 0
919 74
1030 0
1102 74
1228 0
1257 54
1273 0
1276 41
1390 0
1621 41
1701 0
1891 54
2153 0
2187 54
2211 0
2339 91
2372 91
2519 66
2704 0
2803 56
3017 0
3044 74
3053 0
3334 41
3359 41
3384 0
3404 56
3628 0
3632 91
3650 0
3653 54
3691 0
3725 91
3736 0
3768 56
3806 0
3842 56
3906 0
4018 54
4033 0
4061 74
4197 0
4229 66
4255 0
4281 54
4530 41
4676 0
4952 54
5027 0
5063 66
5101 41
5316 41
5375 41
5412 0
5739 74
6235 0
6343 54
6664 56
6814 56
6920 0
6973 41
7051 41
7075 74
7123 0
7140 54
7186 0
7468 91
7532 0
7703 41
7810 0
7824 56
7882 41
7886 0
8356 56
8381 0
8683 66
8688 0
9155 91
9429 56
9592 0
9628 66
9633 0
9696 41
9955 0
9976 74
10028 56
10334 91
10335 91
10423 74
10592 0
10680 41
10689 91
10727 0
10728 41
10825 41
11273 0
11346 41
11394 0
11430 54
11511 91
11535 66
11657 0
11846 91
12186 41
12313 0
12344 41
12386 41
12484 41
12506 0
12535 41
12762 56
13148 0
13670 54
13716 74
13881 0
13941 91
14147 0
14251 74
14733 0
14756 74
14802 0
14852 41
14907 0
15735 74
15996 41
16029 0
16061 66
16076 0
16115 41
16560 0
16568 54
16652 0
16748 41
16840 56
16995 0
16997 41
17200 0
17244 41
17512 0
17569 54
17586 41
17689 0
17807 66
17864 0
17876 41
17931 0
17932 66
17949 0
18246 56
18498 0
18683 41
18699 0
19343 54
19691 0
19725 56
19910 41
19931 0
19966 56
20031 91
20204 0
20271 91
20327 0
20446 54
20561 0
20723 41
21018 0
21133 74
21763 0
21862 56
22638 0
22902 41
23319 41
23458 0
23522 74
23592 0
23674 41
24326 0
24411 54
24485 0
24713 91
24932 41
24996 0
25174 54
25257 54
25353 0
25401 74
25430 0
25779 41
25896 0
26038 74
26048 0
26167 91
26366 0
26461 66
26770 66
26812 0
26885 54
27353 0
27525 91
27556 0
27797 56
27834 91
27949 0
27972 66
28197 66
28232 0
28265 41
28395 0
28432 91
28547 0
28586 91
28864 0
28878 56
28882 66
28887 0
28899 41
28920 74
29109 0
29200 66
29461 0
29735 54
30050 0
30193 91
30443 91
30607 0
30814 41
30854 0
31006 91
31096 0
31157 66
31207 0
31350 91
31369 41
31472 0
31546 91
31560 0
31621 54
31658 0
31871 54
32061 0
32103 41
32299 0
32402 41
32583 0
32593 66
32620 54
32643 41
32675 0
32723 41
32764 0
32820 66
32838 0
32879 41
32961 91
32972 0
33036 74
33043 0
33048 74
33190 0
33461 56
33584 66
33786 0
33849 91
33875 0
34171 41
34178 0
34411 74
34421 0
34541 74
34599 91
34733 74
34912 0
34959 74
35234 0
35262 54
35412 0
35744 41
35800 0
35944 41
35961 0
36097 74
36130 0
36170 56
36388 66
36620 0
36693 66
36810 66
37102 0
37147 66
37219 0
37763 66
37854 41
37960 0
38073 41
38106 56
38215 74
38393 0
38418 91
38450 91
38502 56
38992 0
39158 41
39173 0
39415 74
39447 0
39629 41
39843 0
40198 41
40263 54
40365 0
40499 54
40622 0
40658 41
40737 41
40795 0
41114 66
41253 56
41402 0
41557 74
41703 0
41730 91
41808 91
42070 0
42247 74
42265 91
42328 0
42366 54
42499 0
42532 56
42533 0
42948 56
42961 0
43061 56
43241 0
43313 91
43316 0
43397 56
43589 41
43657 74
43755 54
43928 0
44036 66
44076 0
44141 91
44284 0
44304 41
44309 0
44425 74
44524 0
44605 54
44699 41
45302 74
45345 0
45446 41
45501 0
45554 66
45573 41
45613 0
45673 74
45882 0
45979 41
46089 0
46277 74
46291 0
46316 41
46340 41
46415 66
46468 0
46480 56
46623 0
46790 54
46818 0
47120 54
47122 0
47123 74
47134 0
47159 66
47421 0
47547 66
47743 54
47869 0
47910 41
48130 0
48268 74
48275 0
48379 41
48503 56
48567 0
48641 66
48659 0
48878 91
48912 0
48963 66
48994 66
49639 0
49646 74
49717 0
50053 66
50439 56
50630 56
50765 74
51369 0
51453 41
51552 66
51704 0
51887 91
51975 0
51976 54
52021 41
52094 54
52464 54
52541 0
52583 91
52588 0
52634 41
52747 41
52754 0
53029 74
53039 74
53119 0
53122 41
53415 0
53610 74
53727 0
53734 41
53747 0
53787 41
53811 54
54031 56
54041 0
54110 91
54139 41
54181 0
54220 41
54331 0
54335 74
54567 0
54631 41
54786 41
54823 66
54956 91
55190 0
55424 91
55718 0
55994 54
56011 0
56104 66
56189 0
56672 54
56784 0
56854 41
56857 0
57080 74
57153 74
57248 0
57352 56
57429 0
57656 56
57772 91
58055 0
58162 41
58241 0
58289 54
58309 0
58310 41
58331 0
58347 66
58497 41
58703 0
58776 74
58880 66
58990 0
59254 41
59371 0
59474 56
59773 0
59849 74
60132 66
60141 0
60202 74
60340 0
60346 74
60509 0
60845 41
61178 0
61301 41
61512 56
61724 91
61753 0
61778 91
61873 0
62033 91
62112 74
62119 0
62178 91
62484 74
62901 0
62928 54
63210 41
63238 41
63294 66
63330 0
63501 41
63696 0
63697 91
63815 0
63874 74
63897 0
64064 54
64086 0
64175 41
64207 0
64436 66
64594 41
64685 0
64698 91
65382 0
65384 74
65610 56
65679 0
65901 91
66164 0
66165 91
66176 0
66184 91
66197 0
66232 91
66640 56
66861 54
66952 56
66961 0
67165 56
67270 0
67330 41
67493 0
67576 74
67631 0
67855 41
67886 0
67937 56
67961 0
68032 56
68070 0
68231 54
68242 66
68265 0
68271 41
68351 0
68423 74
68497 66
68591 54
68857 0
68947 54
69205 0
69255 54
69298 0
69328 56
69387 0
69468 54
69532 0
69720 41
69730 0
69806 54
69816 0
70029 54
70035 0
70300 74
70468 91
70579 0
70624 54
70850 0
71128 74
71225 0
71326 56
71359 66
71466 0
71593 56
71688 0
71853 91
71919 54
71941 0
72068 41
72076 0
72110 41
72129 91
72593 0
72634 66
72735 0
73007 54
73102 0
73237 54
73334 74
73385 0
73402 56
73440 0
73596 56
73644 0
73803 54
73841 0
74037 66
74140 0
74166 74
74296 41
74645 0
74860 41
75020 0
75092 41
75147 41
75182 0
75305 56
75357 74
75379 0
75450 66
75530 0
75649 41
75759 41
75815 0
75826 91
75829 0
75909 56
76276 0
76305 74
76391 0
76432 41
76600 0
76749 41
76857 0
77059 56
77210 0
77225 54
77228 0
77379 56
77445 0
77478 41
77484 41
77544 0
77628 41
77636 0
78168 41
78580 56
78670 0
78773 41
78774 0
79075 41
79098 0
79148 74
79161 0
79227 41
79611 74
79661 0
79704 56
79896 0
79923 74
80039 0
80067 66
80725 0
80728 66
80929 66
81172 74
81245 0
81297 54
81500 0
81584 41
81676 56
81690 0
81896 66
81933 0
81996 41
82125 74
82230 74
82291 54
82705 0
82868 41
83149 56
83259 0
83409 74
83447 0
83454 54
83476 0
83519 54
83760 41
84018 54
84214 0
84351 66
84520 41
84528 0
84634 56
85043 0
85074 74
85080 66
85083 0
85093 41
85276 0
85388 41
85526 0
85718 74
85750 0
85797 54
85844 0
86538 56
86573 0
86805 91
86844 0
86911 41
87005 0
87044 66
87747 41
87790 0
87889 91
87934 91
88045 66
88187 54
88385 0
88612 66
88752 41
88920 66
89040 0
89191 74
89240 0
89284 91
89319 0
89377 91
89617 91
89752 41
89794 0
89831 54
89922 0
90014 54
90067 0
90081 56
90214 0
90381 74
90433 66
90550 0
90627 41
90798 0
90929 56
91136 0
91168 74
91361 54
91418 0
91820 41
91937 0
91979 91
91993 41
92033 0
92038 41
92057 0
92064 66
92124 54
92456 0
92521 91
92543 54
93057 0
93107 54
93186 41
93224 0
93277 66
93352 0
93362 74
93400 0
93513 54
93642 0
93784 56
93798 0
93956 66
94153 0
94459 91
94498 0
94629 56
94686 0
94730 41
94825 0
94963 54
95032 66
95055 0
95098 41
95120 0
95232 54
95382 0
95615 91
95833 0
95878 41
95886 54
96185 66
96384 0
96458 41
96590 0
96822 91
96823 0
96849 54
97022 0
97101 54
97293 0
97322 56
97324 0
97396 56
97484 0
97513 54
97791 0
97908 66
97962 56
98163 56
98307 0
98347 66
98355 0
98418 41
98642 0
98680 41
98716 0
98740 66
99147 74
99171 0
99389 56
99624 66
99758 56
99858 0
329 events for 7
224 30
280 30
345 0
486 47
793 0
1149 47
1393 0
1673 47
2358 0
2475 47
2558 0
2690 30
2950 0
3400 30
3653 47
4457 30
4468 0
5172 30
5364 0
5927 30
6395 0
6868 47
7791 0
8610 30
8747 0
9212 30
9350 0
9750 30
10409 0
10552 30
10610 0
10668 47
10999 47
11291 0
11931 30
12281 30
12834 47
13284 0
13299 47
13339 0
13353 47
13535 0
13621 47
13938 47
13979 0
14023 30
14039 47
14081 0
14772 47
15557 0
15656 30
16034 0
16481 47
16864 0
17644 30
17727 0
17745 30
17844 0
17967 30
18176 0
18617 30
18792 47
19252 30
19561 47
20264 0
20648 47
21153 0
21349 47
21412 0
22539 47
22669 0
22835 30
23363 47
24159 47
24179 47
24356 0
24481 47
24619 0
25103 30
25121 0
25182 30
25195 0
25259 47
25658 0
25686 30
26279 0
26754 47
26850 47
27325 0
28314 47
28362 0
28584 30
28638 0
29007 47
29018 0
29350 47
29684 0
29925 47
30034 0
30043 47
30156 30
30166 47
30435 0
30622 47
31120 47
31466 0
31834 30
32780 0
33520 30
33951 0
34012 30
34098 0
34129 47
35632 47
35648 0
36002 47
36563 0
36773 47
37337 0
37570 30
37689 30
37756 0
38503 30
38707 0
38927 47
39225 30
39236 0
39243 47
39343 30
39839 0
40117 30
40230 47
40398 30
40501 0
40893 47
42262 0
42437 47
42656 47
43086 0
43303 47
43354 0
43637 30
43743 0
43824 30
44380 30
44662 0
44905 30
45460 0
45937 30
46154 47
46237 47
46300 0
46385 30
46591 30
47134 0
47409 47
48140 47
48347 0
49142 30
49767 30
49770 0
49905 47
50675 0
50916 47
51541 0
51961 47
52006 0
52172 30
52508 0
53006 47
53310 0
53357 47
53492 0
53671 30
53825 0
54169 30
54450 0
54972 47
55440 0
55816 47
55825 0
56200 47
56756 0
57215 47
57575 47
57716 0
57755 47
57948 0
58520 30
58626 0
58630 30
58905 0
59399 30
59693 0
59985 30
60074 0
60132 30
60334 30
60335 0
60505 30
60511 0
61492 30
61599 0
61662 47
61793 0
61951 47
62532 30
62935 0
63006 47
63662 30
63952 30
64374 0
65481 30
65937 0
65939 30
65977 0
66058 30
66185 0
66644 30
66649 0
67320 30
67465 0
67809 30
67942 0
67943 47
68402 0
68659 30
68871 0
69363 30
69576 0
69682 47
69685 0
69820 30
70339 0
70422 30
70708 0
70710 30
70847 0
70916 47
71605 0
72201 30
72685 0
72967 30
72992 30
73173 0
74059 30
74491 30
75092 47
75356 0
76413 47
76737 0
77151 30
77560 0
77592 47
77938 30
78127 0
78226 30
78502 30
79452 47
79777 47
80386 47
80686 0
81592 30
81752 0
82044 30
82234 0
82458 30
82619 0
83109 47
83324 47
83431 0
84555 47
85057 0
85568 30
85729 0
85732 47
85855 0
85950 30
86505 0
86625 47
86668 0
86870 30
86914 0
87256 47
87874 47
88086 0
88281 47
88561 30
88713 0
88921 47
89074 0
89517 30
89572 0
89923 30
90226 0
90284 30
90318 0
90632 30
90651 0
90833 30
90847 47
91404 47
91870 30
91979 47
92147 0
92414 47
92845 0
93114 30
93229 30
93393 0
93787 30
94590 0
94870 47
95054 47
95089 47
95281 0
95412 30
95424 47
95655 0
95679 30
96630 30
96816 0
96866 30
96927 0
98687 47
98788 0
99251 47
99401 0
99636 47
965 events for 8
206 86
381 0
531 86
628 0
763 55
813 0
859 61
891 48
963 0
1059 71
1143 61
1210 0
1292 61
1607 0
1623 55
1666 0
1728 61
1734 55
1739 71
1750 0
1769 48
1881 0
2135 71
2180 0
2241 77
2272 0
2323 48
2339 0
2379 48
2391 77
2451 61
2511 0
2532 77
2595 0
2759 71
2860 55
2864 0
2956 86
3207 0
3614 48
3636 0
3644 77
3685 0
3714 86
3770 0
3830 55
3885 0
3927 61
4117 86
4128 71
4155 0
4272 86
4273 61
4402 0
4611 61
4770 0
4898 48
4968 0
4976 86
5006 0
5044 71
5164 0
5222 77
5380 0
5524 77
5615 0
5742 55
5774 0
5849 71
5996 0
6173 77
6510 0
6617 71
6759 0
6792 48
6973 0
7066 77
7192 0
7284 86
7319 0
7442 86
7538 0
7549 71
7625 0
8153 77
8513 86
8785 0
8938 48
8961 0
9008 86
9096 0
9168 71
9586 0
9671 48
9694 55
9900 0
9943 55
10104 0
10166 86
10698 0
11148 61
11207 0
11332 71
11556 0
11704 48
11753 0
11962 86
11981 0
12283 86
12305 55
12308 0
12358 86
12612 86
12634 48
12660 61
12844 0
12964 48
13098 0
13203 48
13206 0
13292 86
13532 0
13547 48
14112 0
14144 71
14205 77
14236 61
14404 0
14406 61
14593 55
14609 77
14645 71
14675 0
14970 61
14993 0
15060 48
15392 0
15450 61
15609 0
15630 86
15637 0
15649 48
15657 77
15739 77
15858 0
15965 77
16173 0
16182 77
16298 71
16719 0
16764 55
16851 0
16871 61
16921 0
16967 48
17012 0
17014 71
17078 55
17170 0
17171 55
17294 48
17363 0
17536 71
17570 55
17614 0
17807 86
17930 0
17934 61
17977 86
18145 0
18200 77
18219 0
18355 55
18363 0
18461 71
18541 0
18613 48
18726 0
19015 77
19133 0
19204 48
19538 71
19619 77
19666 0
19691 71
19834 61
20005 71
20127 0
20451 77
20455 86
20495 0
20538 48
20692 0
20703 61
20919 86
21125 0
21253 86
21285 0
21296 61
21301 0
21316 55
21324 0
21333 86
21459 0
21503 77
21583 0
21585 77
21680 61
21749 0
21830 86
22004 0
22028 55
22054 55
22390 55
22433 0
22534 77
22549 0
22669 48
22854 0
23117 86
23181 0
23236 86
23308 0
23400 48
23429 0
23481 71
23576 0
23808 71
23815 55
23982 0
23988 61
24062 0
24152 86
24180 0
24321 86
24337 0
24514 61
24697 0
24732 55
24778 0
24873 48
24931 0
25008 71
25207 0
25328 55
25349 0
25435 55
25570 0
25582 77
25616 0
25715 48
25726 71
25728 0
25780 77
25846 71
26107 86
26299 0
26404 55
26440 0
26486 86
26495 0
26510 55
26634 61
26670 86
27141 48
27143 0
27154 77
27182 0
27254 71
27302 0
27400 61
27421 0
27446 55
27506 77
27691 0
27703 61
27725 61
27818 0
28199 48
28472 71
28516 0
28596 77
28640 55
28690 0
28701 55
28732 0
29038 61
29061 0
29200 55
29233 0
29331 77
29347 0
29367 55
29413 61
29456 0
29505 48
29545 0
29734 48
29766 61
29946 0
29947 55
30158 0
30304 48
30401 61
30486 0
30671 71
30683 0
30779 86
31060 77
31075 71
31183 0
31213 55
31216 0
31252 86
31366 0
31448 86
31615 0
31820 61
31946 0
31961 61
31969 0
32043 55
32090 0
32231 71
32244 0
32322 55
32543 0
32589 55
32794 0
32896 61
32989 0
33084 86
33164 0
33373 71
33542 0
33548 86
33645 0
33712 61
33784 0
34112 48
34132 61
34388 86
34424 77
34442 55
34642 0
34775 71
34795 0
34938 71
35138 0
35288 71
35294 48
35619 86
35679 0
36295 77
36523 61
36813 71
36856 0
36887 77
36948 0
37095 77
37103 0
37203 77
37249 0
37297 71
37414 0
37616 61
37749 0
37916 77
38050 0
38082 86
38279 0
38436 71
38558 0
38636 61
38958 61
38989 55
39041 0
39047 48
39147 0
39202 48
39272 0
39308 77
39376 0
39423 71
39481 61
39720 77
39940 0
39965 48
40101 0
40150 48
40183 0
40226 48
40437 0
40452 61
40531 0
40663 55
40789 0
40809 48
40905 0
40988 61
41172 0
41400 48
41525 0
41677 71
41939 0
41991 61
42008 77
42088 0
42107 48
42124 0
42143 48
42152 77
42235 0
42344 86
42380 0
42382 71
42478 0
42774 77
42790 0
42934 86
43033 77
43260 48
43263 61
43314 0
43375 55
43432 0
43549 71
43664 0
43665 48
43718 0
43725 77
43898 86
44187 0
44344 48
44361 0
44485 77
44579 0
44590 77
44759 0
44789 71
44801 61
45022 0
45190 48
45280 0
45334 71
45363 77
45394 0
45667 48
45707 0
45742 71
45948 61
45980 0
45997 71
46002 0
46068 77
46153 0
46326 48
46331 0
46360 55
46387 0
46480 77
46638 77
46783 0
46831 86
46984 0
47009 48
47020 0
47152 61
47233 0
47247 77
47294 0
47639 71
47644 0
47768 55
47951 0
47992 86
48017 0
48201 48
48204 0
48397 48
49052 61
49305 0
49664 86
49674 86
49805 0
49862 71
50281 0
50316 71
50338 0
50431 77
50494 0
50570 71
50651 0
50680 55
50707 86
50859 0
50948 86
51094 0
51214 86
51472 55
51988 55
52048 0
52054 55
52185 55
52193 0
52323 55
52423 0
52436 61
52460 0
52563 86
52964 0
53115 71
53262 86
53349 71
53475 0
53488 77
53495 0
53513 77
53583 0
53701 77
53714 86
53767 86
53865 0
53898 61
54051 0
54318 55
54417 0
54602 71
54891 0
55063 86
55198 71
55256 61
55293 86
55333 71
55600 77
55820 0
55858 77
55914 0
56077 61
56128 0
56228 61
56793 71
56871 0
56950 86
57079 71
57357 0
57420 55
57421 61
57517 71
57623 0
57782 71
57801 0
57895 61
57900 48
58146 86
58161 0
58251 61
58289 0
58329 61
58335 0
58699 71
58749 55
58768 48
58795 0
58897 61
59124 0
59158 77
59369 0
59492 61
59554 0
59918 61
60118 86
60135 0
60291 86
60301 0
60381 71
60440 0
60487 55
60618 0
60644 61
60690 0
60760 86
60812 0
61015 55
61176 0
61194 48
61355 0
61425 77
61464 86
61468 0
61469 55
61525 86
61801 0
61832 71
61995 61
62050 0
62062 77
62105 0
62150 77
62206 0
62427 55
62446 55
62501 48
62504 0
62626 61
62638 55
62702 0
62912 61
62944 0
62945 71
63018 0
63169 48
63193 0
63246 55
63411 86
63552 0
63795 86
63890 61
63962 86
64021 0
64243 77
64326 0
64661 86
64664 0
64674 71
64821 0
64884 61
64955 0
65123 71
65248 55
65280 0
65322 86
65324 48
65413 0
65421 55
65721 0
65724 55
65747 71
65767 0
65811 48
65851 0
65903 55
65967 0
66157 77
66176 0
66222 71
66286 0
66587 61
66610 0
66632 71
66696 0
66990 71
67068 77
67244 0
67467 71
67548 0
67566 55
67588 0
67721 71
67729 0
67919 71
68006 0
68146 55
68378 48
68489 0
68573 77
68622 0
68638 48
68921 0
68931 71
68969 0
69200 55
69211 0
69301 86
69504 0
69636 86
69700 0
69796 48
70024 0
70053 55
70126 48
70500 0
70620 61
70847 0
71032 77
71077 0
71094 86
71448 0
71592 61
71694 0
71709 55
71754 0
71774 86
71836 0
72137 55
72170 0
72291 61
72376 0
72443 71
72492 0
72524 77
72637 0
72839 71
72849 55
72947 0
72985 61
73088 0
73123 55
73138 0
73227 86
73317 71
73385 71
73610 77
73712 0
73796 55
74058 77
74477 0
74575 48
74608 0
74679 55
74874 0
74893 77
74894 0
75164 71
75249 0
75437 55
75689 0
76030 86
76309 0
76339 71
76620 0
76630 77
76684 0
76804 86
76923 0
76927 86
77035 0
77037 55
77079 0
77090 48
77223 0
77234 71
77307 0
77429 48
77793 0
78088 61
78129 0
78148 48
78349 77
78420 71
79021 0
79055 86
79066 0
79232 71
79351 77
79416 55
79702 61
79819 0
79925 77
80222 0
80324 77
80327 55
80378 0
80432 61
80593 0
80619 86
81401 0
81502 55
82078 0
82332 48
82395 61
82398 71
82409 0
82451 48
82453 0
82654 61
82818 0
82898 71
82960 86
83047 0
83481 48
83571 0
83960 86
84211 0
84305 61
84410 0
84417 48
84478 0
84560 61
84829 0
84834 71
84839 0
84884 71
84912 0
85204 77
85225 86
85462 0
85537 71
85555 0
85633 71
85846 0
85912 55
86079 0
86165 61
86202 0
86446 77
86468 55
86549 0
86569 55
86705 0
86774 55
86801 61
86812 0
86835 61
86900 0
87061 77
87091 0
87267 86
87338 0
87534 55
87567 86
87568 0
87633 77
87696 0
87718 55
87756 0
87881 71
88000 77
88010 0
88046 77
88166 0
88232 86
88298 0
88311 55
88409 0
88469 48
88543 0
88567 55
88660 0
88683 71
88709 0
88757 61
88809 48
88988 0
89001 86
89140 0
89207 77
89371 77
89486 86
89580 0
89664 71
89759 86
89784 0
89805 48
89943 0
89948 55
90149 0
90167 61
90270 71
90573 86
90581 0
90587 48
90775 0
90788 61
90826 0
90961 55
91002 71
91062 0
91077 71
91101 0
91115 77
91171 48
91202 77
91793 0
91932 61
91933 48
91987 48
91999 0
92406 77
92423 0
92707 55
92738 0
92768 61
92805 0
92809 86
92934 0
93000 48
93177 0
93196 86
93233 0
93273 71
93308 0
93366 86
93377 0
93464 77
93708 0
93867 71
94325 0
94330 86
94401 0
94414 55
94580 0
94649 55
94797 48
94858 77
94884 0
94977 61
95060 86
95065 0
95075 86
95144 0
95184 61
95265 0
95315 77
95547 61
95704 48
95758 71
95774 86
95838 77
96111 0
96227 77
96294 0
96379 71
96612 0
96647 61
96672 61
96725 0
96759 86
96805 0
97021 71
97097 0
97172 77
97292 0
97334 55
97381 61
97461 0
97470 48
97881 0
97921 71
97925 0
97938 77
98074 61
98082 0
98092 55
98195 0
98322 86
98345 0
98364 55
98427 71
98434 0
98441 77
98461 71
98507 0
98576 48
98638 0
98665 55
98823 77
99167 0
99552 86
99565 0
99648 86
99725 0
99803 71
99854 0
99940 77
906 events for 9
31 60
158 0
213 58
234 60
403 60
413 70
485 59
514 0
577 58
775 58
809 58
977 59
1124 0
1131 70
1242 0
1609 59
2011 0
2191 58
2600 70
2665 0
2740 58
2754 0
2799 70
2965 0
3024 60
3048 0
3114 70
3232 0
3391 70
3490 0
3622 60
3643 59
3763 0
3852 70
4023 0
4126 60
4343 59
4358 60
4520 58
4537 70
4587 0
4646 58
4677 0
4741 60
4803 60
4821 0
4906 70
5019 0
5290 60
5328 0
5368 60
5711 0
5768 58
5781 58
6090 0
6177 70
6283 0
6310 60
6435 58
6502 59
6675 58
6711 58
6713 0
6971 59
7132 0
7150 59
7257 0
7348 59
7373 58
7408 0
7462 60
7747 0
7907 60
8058 0
8168 59
8224 0
8279 60
8431 0
8464 58
8594 0
8758 58
8993 58
9104 0
9169 58
9279 60
9348 0
9526 70
9644 60
9678 70
9869 0
9888 58
10006 0
10228 70
10363 0
10505 59
10627 0
10646 70
10727 0
10730 59
10885 58
10905 70
11026 0
11149 59
11459 70
11633 0
11765 70
11820 0
11877 58
12071 0
12110 59
12344 0
12352 60
12365 58
12452 0
12485 58
12764 0
13018 70
13049 70
13298 0
13388 58
13565 0
13584 58
13611 0
13720 70
13784 0
13837 60
13919 0
14028 60
14120 60
14478 0
14563 70
14698 0
14888 70
14900 0
15039 70
15193 60
15323 70
15328 0
15386 70
15397 0
15466 59
15687 60
15870 58
15912 0
16091 59
16273 58
16323 0
16352 60
16393 58
16677 0
16717 59
16876 0
16943 60
16945 0
17001 58
17029 0
17201 59
17245 0
17270 59
17631 59
18064 0
18072 70
18722 60
18729 0
18791 59
18812 0
18842 58
19008 0
19138 59
19329 70
19447 70
19562 0
19610 70
19636 0
19750 59
19832 0
19841 59
19890 59
20016 0
20138 60
20206 0
20209 59
20240 0
20322 59
20480 0
20485 59
20530 0
20557 60
20617 0
20754 70
20891 60
20984 0
21156 70
21288 0
21688 58
21777 0
21854 58
21869 0
22087 60
22130 0
22363 60
22373 0
22536 59
22645 59
22809 0
22876 58
23007 0
23126 58
23261 0
23473 60
23530 70
23622 70
23802 0
23813 58
23892 0
23927 59
24025 0
24161 59
24229 0
24428 60
24608 59
24661 60
24681 0
24698 70
24704 0
24877 58
24895 70
25208 60
25258 0
25275 59
25529 0
25536 70
25567 0
25672 60
25734 70
25943 0
26003 58
26099 60
26202 70
26268 0
26311 59
26372 0
26651 58
26673 0
26705 60
26840 0
26932 70
27008 0
27045 59
27081 58
27197 0
27207 70
27300 59
27317 0
27544 58
27712 70
27844 0
27966 59
28213 59
28345 0
28358 60
28371 70
28522 0
28656 58
28710 0
28748 60
29100 59
29429 0
29459 59
29571 59
29650 0
29775 60
29945 58
30043 0
30091 70
30149 0
30235 58
30320 0
30333 60
30560 58
30689 0
30785 60
30846 0
31125 60
31163 0
31238 59
31381 0
31573 58
31673 70
31704 0
31790 59
31973 0
32183 60
32237 0
32298 70
32328 0
32464 58
32565 0
32799 58
32824 70
32991 0
33196 59
33364 0
33387 58
33397 0
33423 60
33678 0
33843 58
34026 59
34334 0
34384 60
34418 0
34582 60
34736 59
34814 59
34852 0
34978 58
35071 70
35076 58
35104 0
35162 58
35184 0
35382 58
35452 0
36052 58
36271 60
36379 58
36559 0
36594 70
36706 0
36721 70
36804 0
36834 60
36982 0
37049 58
37476 70
37696 70
37806 0
37858 70
38032 0
38069 59
38081 0
38124 70
38211 59
38330 0
38472 59
38525 0
38559 59
38985 0
39009 60
39212 70
39351 70
39361 0
39462 60
39564 58
39614 0
39620 70
39766 59
39819 0
39948 59
40092 59
40325 0
40641 59
40777 59
40895 0
41039 70
41091 0
41114 58
41126 59
41154 0
41316 60
41441 59
41476 58
41516 0
41651 58
41745 0
41938 60
41988 0
42051 58
42111 58
42162 0
42292 60
42309 0
42400 60
42405 0
42515 60
42703 0
43074 60
43132 0
43250 59
43443 58
43498 0
43565 59
43608 59
43832 0
44240 58
44325 0
44378 59
44395 0
44691 60
44830 0
44868 60
44874 70
44996 70
45203 0
45427 70
45442 0
45470 58
45635 70
46046 60
46100 70
46131 59
46148 0
46404 60
46498 0
46650 58
46748 60
46809 60
46813 60
47020 58
47480 0
47623 58
47644 0
47734 70
47860 59
47916 59
47974 70
48202 0
48239 58
48254 0
48372 60
48384 0
48440 58
49038 60
49133 0
49216 58
49356 58
49412 0
49485 59
49669 0
49674 58
49945 0
50053 59
50073 0
50144 60
50163 0
50270 58
50379 0
50473 60
50635 0
50755 70
51015 0
51246 70
51281 0
51310 70
51328 0
51375 59
51437 59
51548 60
51783 0
52093 58
52095 0
52230 70
52261 0
52389 59
52422 0
52436 59
52489 0
52524 58
52764 59
52830 59
52900 0
53125 60
53231 0
53233 60
53266 0
53440 59
53496 59
53513 60
53732 60
54101 0
54190 59
54245 0
54303 70
54419 60
54454 58
54522 0
54580 59
54671 58
54799 0
54919 58
54966 0
55124 70
55139 0
55203 70
55505 0
55670 58
55711 0
55714 70
55798 70
55976 58
56082 60
56130 58
56175 0
56285 60
56299 0
56453 58
56497 0
56567 59
56684 60
56781 0
56898 70
56952 70
56969 0
57056 70
57139 0
57141 70
57281 0
57391 70
57425 0
57731 70
57740 0
57793 60
57813 0
57934 60
58203 0
58352 70
58458 0
58497 70
58604 58
58695 0
58763 60
59040 60
59129 59
59166 60
59574 0
59596 59
59640 58
59668 0
59686 58
59708 60
59791 0
59838 60
59907 0
60001 70
60018 59
60306 58
60317 0
60408 60
60702 0
60916 59
61091 60
61273 0
61288 70
61303 0
61323 60
61497 0
61557 59
61646 0
61756 60
61880 0
62038 60
62176 0
62188 58
62353 0
62366 58
62482 70
62529 60
62578 0
62593 60
62740 0
62814 60
62852 0
63115 60
63352 0
63361 58
63435 0
63479 70
63491 0
63579 58
63606 0
63633 60
63847 0
63870 60
63888 58
64022 70
64086 0
64096 58
64117 58
64227 0
64246 58
64285 60
64458 0
64460 70
64566 0
64605 60
64638 0
64678 59
64745 0
64954 70
64970 0
65174 70
65280 0
65316 59
65641 0
65714 58
65804 58
66033 60
66051 60
66116 58
66288 70
66429 0
66457 58
66555 0
66667 59
66679 70
66898 0
67006 70
67194 0
67234 70
67297 0
67612 60
68207 0
68256 59
68417 0
68575 60
68734 0
69033 59
69078 60
69127 58
69327 0
69396 70
69448 70
69449 60
69639 0
69742 70
69757 0
69839 60
69870 58
70080 58
70214 70
70771 59
70849 0
70937 59
71368 0
71505 58
71511 0
71534 60
71586 58
71635 59
71659 0
71828 60
71952 0
71960 59
72121 0
72152 59
72406 60
72436 60
72726 0
72947 70
72982 0
73075 58
73114 0
73165 59
73174 70
73219 0
73551 60
73614 0
73631 58
73719 0
73881 70
74103 0
74198 59
74455 0
74530 60
74657 58
74663 0
74737 58
74785 0
74791 58
74810 0
74885 59
74895 0
74934 60
75027 60
75186 60
75195 70
75277 70
75446 0
75469 59
75588 60
75826 0
75839 59
75871 0
75924 58
76010 60
76136 0
76290 58
76451 0
76626 60
76795 59
76844 0
76900 70
76984 0
76993 60
77041 0
77164 60
77195 0
77444 60
77476 0
77501 70
77556 59
77596 0
77597 70
77717 0
78006 70
78135 0
78239 59
78286 0
78341 60
78550 0
78616 58
78830 70
78869 58
79007 0
79021 70
79113 0
79415 60
79731 0
79834 59
79850 0
80007 70
80022 0
80160 60
80173 0
80203 60
80956 0
80970 58
81073 0
81186 60
81256 0
81463 58
81601 0
81716 59
81752 0
81932 58
81960 0
82088 70
82266 60
82284 60
82597 0
82721 58
82791 60
82794 70
82826 0
82839 60
82877 60
82923 0
82927 58
83054 0
83109 60
83202 0
83418 58
83483 0
83654 59
83899 59
83995 0
83999 58
84046 0
84150 59
84252 0
84260 59
84304 0
84327 70
84440 0
84483 58
84505 0
84706 58
84793 0
84876 60
84917 70
84951 0
84981 58
85040 0
85319 59
85338 59
85368 58
85426 0
85434 60
85681 0
85733 58
85962 0
86099 59
86146 0
86177 58
86239 60
86428 70
86445 0
86467 59
86496 0
86573 70
86617 58
86760 0
86874 59
87005 60
87055 70
87123 0
87173 60
87308 0
87624 58
87627 0
87661 70
87666 0
87725 60
87799 58
87969 0
88248 59
88361 0
88958 70
89029 0
89261 60
89513 0
89526 59
89682 0
89726 70
89776 70
90016 0
90062 70
90317 60
90509 0
90576 59
90952 0
91027 58
91181 0
91426 58
91484 70
91575 0
91637 58
91832 59
92183 60
92184 0
92367 70
92659 0
92796 58
92809 0
92864 70
93309 0
93362 59
93481 0
93504 70
93612 0
93725 59
93730 58
93773 59
93838 0
93887 58
93964 0
94037 60
94314 0
94356 60
94662 0
94683 60
94874 0
95091 58
95179 0
95236 58
95373 70
95399 0
95713 59
95863 0
96396 60
96502 58
96572 0
96647 70
96658 0
96721 70
96790 0
97004 60
97128 0
97152 58
97174 0
97216 60
97317 0
97444 70
97680 0
97838 58
97999 70
98418 0
98452 58
98527 58
98651 0
98692 58
98900 0
99072 70
99204 58
99247 0
99389 58
99401 0
99466 60
99477 0
99511 59
99606 0
99608 59
99617 58
99936 0
99975 70
332 events for 10
592 22
627 0
1543 65
2778 52
3027 52
3147 0
3252 52
3256 33
3696 0
4030 52
4127 51
4471 0
4927 33
4929 0
5043 33
5521 0
5585 66
5677 65
6125 0
7143 51
8239 0
8411 22
8655 0
8805 51
8933 0
8997 65
9019 0
9219 66
9263 0
9730 33
9976 0
10068 22
10191 0
10425 65
10535 0
10574 65
11557 0
11677 66
12039 33
12188 65
12366 0
12414 65
12550 0
12627 66
12953 0
13686 51
14072 22
15397 33
15623 0
15667 51
15856 0
16004 22
16029 0
16161 22
16308 65
16466 0
17472 66
17632 66
18229 0
18658 22
18803 51
19545 0
19804 52
19897 0
20231 66
20359 66
20707 0
20928 65
21071 0
22011 52
22182 0
22262 52
23101 0
23347 33
24360 0
24883 66
25460 0
25779 66
26133 65
26306 0
26388 51
26888 0
27013 22
27044 51
27069 51
27629 65
27683 51
27698 0
27888 52
28203 52
28215 66
28353 0
29141 33
29275 0
29558 22
30823 33
31412 52
31745 0
32137 22
32146 66
32204 0
32941 66
32963 0
33209 33
33238 0
33590 33
34034 22
34103 0
34113 22
34639 0
34818 52
35325 33
35688 0
35838 51
36155 0
36239 33
36353 0
37119 66
37153 0
37657 65
38159 33
38550 33
38604 0
38605 22
38901 51
39135 0
39386 51
39606 66
39685 0
40104 22
40495 0
40739 66
41059 0
42388 65
42561 33
42669 22
42913 22
42922 0
42930 22
43798 0
43829 52
43834 0
43978 52
45022 0
45070 66
45505 0
45697 65
45723 0
45824 33
45915 0
46398 66
46491 0
46598 33
47044 0
47109 33
47348 0
47649 51
47766 0
47783 65
48056 66
48326 0
48542 65
49648 0
49815 22
49885 0
50738 22
50914 0
51363 66
51592 0
52192 66
52659 0
52799 52
53128 33
53318 51
53424 0
53997 22
54205 0
54232 66
54524 0
54818 22
55245 0
55525 33
55529 0
55718 51
55825 0
56104 52
56190 0
57488 51
58584 0
58602 66
59081 65
59224 0
59268 66
59341 0
60025 51
60862 65
61137 0
61318 22
61556 0
61747 22
61893 33
62317 0
62346 33
62550 33
62772 65
63649 0
63755 22
64697 0
65101 22
66610 33
66767 0
66863 51
67079 22
67249 0
67276 52
67330 0
68123 66
68346 0
68626 51
68654 22
68661 0
69234 52
70212 0
70244 51
70257 0
70827 22
70868 0
71507 65
72163 0
73047 33
73266 52
73944 0
73992 52
75208 0
75745 65
76088 0
76290 52
76294 52
76514 65
76566 0
77268 51
77525 0
77826 51
78037 0
78101 22
78282 0
78842 66
78966 51
78983 0
79200 51
79471 51
79634 22
79758 0
80377 51
80659 0
80933 33
81753 0
81806 65
81924 0
82049 22
82726 0
82815 33
83160 0
83498 66
83573 0
83648 66
83682 0
83749 33
84102 0
84299 22
84466 0
85043 66
85183 0
85327 51
85439 0
85476 33
85601 65
85646 0
85856 22
86327 0
86442 51
86831 0
87481 33
87487 0
87785 52
88401 0
88876 22
89358 0
89416 22
89492 66
89713 0
89885 66
89896 0
90318 22
90933 0
91275 33
91581 65
91835 0
91995 52
92122 0
92248 51
92425 51
92657 0
92970 51
93279 0
93477 51
93775 66
93933 0
94026 51
94268 66
94640 22
94735 0
94985 51
95377 0
95439 33
95970 0
96127 66
96449 51
96619 0
96639 51
97190 0
97459 65
97616 0
97622 22
98158 65
98299 0
98551 51
98689 0
98973 33
99902 0
99965 52
99999 0
288 events for 11
224 62
727 75
799 0
910 75
1095 0
1941 91
2057 0
2076 91
2270 0
2710 70
2723 0
3005 62
3431 0
3773 70
4317 75
4533 0
4545 70
4597 70
4630 75
4808 0
4964 91
5030 0
5366 70
5487 0
6901 62
6941 0
7561 70
7595 70
7914 0
8134 91
8447 91
8783 91
8813 0
8967 75
8969 0
9000 62
9159 0
9219 70
9434 0
10038 75
11890 0
13035 75
14016 91
14141 62
14354 70
15121 62
15468 0
15787 70
15932 75
16323 0
16341 75
16463 0
16646 91
17075 0
17262 70
17717 62
18156 0
18617 91
19484 75
19777 0
19884 62
20155 75
20369 75
20511 0
20652 62
21233 75
21747 91
21923 0
22793 62
23307 62
23540 0
23581 70
23976 0
24540 62
24585 0
24858 62
25182 0
25209 91
25336 75
25549 0
26532 75
27360 0
27531 75
28309 75
28684 0
28742 75
29849 0
29918 62
31319 0
31648 75
31785 75
32003 0
32158 75
32174 91
32460 0
32897 70
33622 91
33697 0
35365 70
36365 0
36840 75
36924 0
38028 62
38146 0
38246 91
38537 0
39437 62
39707 91
39850 62
39939 0
40796 62
40893 0
41025 91
41817 0
41966 70
42384 0
42731 62
43000 0
43055 70
43453 62
43580 0
43594 70
44028 75
44132 0
44318 62
44789 0
44843 91
45030 75
45052 0
45286 91
45378 62
45723 0
46275 75
47490 75
47624 0
47817 62
48158 0
48226 91
48321 0
48477 91
49213 0
49290 62
49472 91
49561 0
49604 75
49772 0
49856 91
49962 0
50142 70
50333 0
50736 91
51284 0
52689 70
53032 0
53636 91
53993 0
54381 91
54608 75
54908 0
54936 70
55250 0
56198 62
56410 62
57544 0
57841 75
57847 62
58577 0
59427 91
59728 0
61256 62
61476 0
62676 62
62909 0
63829 75
64116 0
64146 62
64225 0
64226 75
64561 75
64610 0
64836 70
65975 0
66168 75
66459 70
66590 0
66809 91
67014 62
67113 0
67332 91
67428 70
67602 0
67739 62
68419 0
68480 75
69225 0
69314 91
70564 70
71848 0
71894 62
71988 62
72424 0
72513 70
73307 91
73587 0
73681 91
74008 0
74437 62
75272 91
75344 0
75821 70
76282 0
76578 62
76684 0
76735 70
76745 62
77159 0
77275 91
77536 0
78028 70
78215 0
78250 62
78654 0
78689 75
79943 0
80567 70
80626 0
80702 75
81057 0
81187 70
81574 91
81925 0
82873 70
82897 0
83882 91
84489 62
84840 0
85093 75
85398 0
85465 75
85504 0
86717 75
86721 91
86818 75
87258 91
87371 75
87663 0
87664 62
87672 0
88153 75
88460 91
89143 0
89671 62
89680 0
89829 75
89951 0
90083 70
90249 0
90723 62
91253 0
91709 62
92079 0
92163 70
92191 0
92340 62
92649 0
92805 91
93274 0
93362 75
93672 0
93844 62
94231 0
94596 75
95501 0
95756 62
96205 0
96279 62
96514 0
96654 91
97223 0
98003 62
98145 0
98210 75
98793 62
98877 0
99141 75
99330 0
99423 70
99765 91
171 events for 12
424 41
556 0
896 41
929 41
1235 0
1589 41
1898 0
2462 41
2993 41
3516 0
4296 41
4610 0
5830 41
6217 41
6476 0
6769 41
6859 41
7236 0
7395 41
7752 0
7853 41
8964 0
10121 41
10464 0
11206 41
11522 0
11853 41
12322 0
12744 41
13416 41
15489 0
15709 41
16152 0
16468 41
18070 0
18188 41
18696 41
18780 0
18845 41
19526 0
20108 41
21089 0
21220 41
22034 0
22220 41
22446 41
23301 0
24031 41
24895 41
25291 0
25622 41
26430 41
28347 0
28803 41
28868 0
30208 41
31091 0
31191 41
32206 41
33014 41
33349 0
33918 41
35850 0
36067 41
40019 41
41272 0
41412 41
42517 41
42862 0
43623 41
43830 0
44568 41
44869 41
45288 41
46091 0
47309 41
48396 41
48675 0
48684 41
48773 41
49092 41
49234 0
49637 41
51397 0
52758 41
53466 41
54436 41
54469 41
54488 0
54826 41
55242 41
56507 0
56778 41
57127 0
57434 41
57625 0
57733 41
58472 0
59245 41
59860 0
61325 41
61533 0
62434 41
62885 0
63521 41
65216 0
65575 41
65809 41
67636 41
67690 0
67917 41
68046 0
68609 41
68848 0
70838 41
71365 0
71559 41
72569 0
72712 41
72797 41
73019 41
73084 0
73757 41
73821 41
74340 0
75357 41
75839 0
77027 41
77451 41
77743 41
78282 41
78553 0
79047 41
79205 0
80030 41
80114 0
82849 41
82885 0
83256 41
83327 0
83440 41
83821 0
84995 41
85766 0
85834 41
86586 0
87399 41
87625 0
87949 41
88492 41
88558 0
89624 41
90317 0
90869 41
91547 0
91764 41
92772 0
93443 41
93883 0
94493 41
94731 0
95895 41
95903 0
95976 41
98936 0
98956 41
99089 0
99312 41
99380 0
99460 41
99719 41
629 events for 13
153 55
269 0
348 55
393 83
431 83
447 0
626 83
651 0
779 55
844 0
898 83
972 83
1064 0
1109 55
1143 59
1367 0
1541 59
1580 0
1648 59
2278 83
2433 0
2528 83
2839 0
2843 55
2962 83
3090 0
3111 83
3534 0
3642 83
3767 0
3830 83
4286 83
4459 0
4565 59
4626 55
4689 0
4869 59
5171 0
5270 55
5582 0
5589 55
5603 0
5695 55
5760 0
5989 83
6074 0
6218 83
6389 0
6423 83
6481 59
6490 59
6743 0
6751 83
6784 0
6874 55
7296 0
7440 55
7508 83
7569 0
8120 55
8144 0
8348 55
8578 83
8628 0
8685 83
8689 0
8892 59
9142 0
9199 55
9570 59
9596 0
9726 55
9894 0
9960 59
10028 59
10190 55
10472 0
10513 55
10720 0
10753 59
11211 0
11219 59
11427 83
11621 0
11830 83
12030 0
12149 59
12344 55
12354 83
12438 0
12559 83
12574 0
12898 83
13414 59
13949 0
14165 55
14383 0
14452 59
14483 0
14765 83
14783 0
14788 83
14867 0
15134 59
15382 0
15507 55
15886 0
16568 83
16648 55
16895 0
16925 59
17048 0
17340 83
17375 0
17594 59
17971 0
18404 55
18427 59
18582 0
18652 59
18959 0
19035 83
19131 0
19205 55
19374 0
19391 55
19525 0
19689 59
19889 55
19931 0
19951 83
19982 0
20184 83
20407 0
20628 59
20646 83
20950 0
21208 55
21260 0
21324 59
21368 0
21467 83
21507 55
21530 0
21668 83
21767 0
21945 83
22198 0
22291 59
22342 0
22905 83
23017 83
23051 0
23794 59
23806 0
23895 59
24469 55
24617 0
24728 55
24901 0
24950 59
25038 0
25141 83
25388 0
25490 83
25849 0
26135 83
26604 0
26846 55
27192 0
27215 83
27282 0
27314 55
27500 55
27600 0
27846 55
28205 59
28230 83
28474 59
28486 59
28538 59
28559 0
29060 59
29314 0
29836 83
30133 0
30284 55
30348 0
30535 59
30635 0
30654 55
30680 0
31163 83
31175 0
31472 55
32083 0
32371 55
32416 0
32472 83
32510 0
32737 59
33039 0
33049 59
33079 0
33491 55
33531 0
33906 55
33954 0
34044 55
34099 59
34499 0
34715 59
34838 0
34988 55
35135 0
35152 55
35460 0
35619 55
35644 0
35662 83
35819 0
35890 55
35892 0
36122 83
36396 55
36414 0
36426 83
36616 0
36689 83
36869 0
36890 59
36954 0
37048 83
37058 0
37091 59
37192 0
37270 55
37445 55
37463 0
37574 55
37684 59
37832 0
38283 83
38309 0
38341 55
38352 0
38399 59
38495 0
38708 83
38764 0
38916 55
39172 0
39184 55
39358 83
39430 0
39576 59
39599 59
39756 55
39776 0
39778 59
39946 0
40482 59
40659 83
41425 0
41604 59
41610 0
41697 55
42096 83
42169 0
42557 55
42691 0
42781 55
43248 0
43353 83
43791 0
43823 83
43967 83
44058 59
44176 0
44416 59
44456 0
44864 83
45063 0
45164 59
45239 0
45330 83
45503 0
45607 83
45691 83
45729 83
45826 0
47003 59
47084 0
47114 83
47210 0
47325 59
47452 0
47580 83
47612 0
47616 55
47624 0
47754 83
48024 0
48078 59
48138 83
48598 0
48624 83
49056 59
49378 55
49448 59
49650 55
49748 0
49906 59
49956 0
50089 83
50129 59
50398 0
50570 55
51229 0
51395 83
51505 0
51617 55
51722 0
51739 83
51964 0
51970 59
52044 0
52380 59
52847 0
53061 55
53067 0
53104 59
53199 0
53234 55
53621 0
53672 83
54324 0
54379 59
54455 83
54515 0
54842 55
55821 0
55875 59
56174 0
56307 83
56430 83
56642 55
56795 0
56950 59
57140 55
57195 0
57310 55
57330 83
57404 0
57586 59
57673 0
57814 59
57854 0
57902 55
57972 55
58082 0
58107 59
58282 0
58303 83
58507 0
58516 55
58748 0
58872 83
58906 83
59023 0
59136 55
59701 0
60191 59
61164 55
61219 59
61226 83
61262 0
61368 55
61405 0
61427 55
61502 0
61697 55
61894 0
61947 59
61987 59
62030 55
62380 59
62445 0
62477 55
62655 0
62670 83
63013 0
63018 55
63105 0
63210 55
63216 0
63795 59
63942 0
64321 55
64331 0
64500 59
64636 0
65068 59
65139 0
65408 55
65555 0
65766 59
65777 0
65990 83
66191 0
66221 59
66294 0
66348 83
66512 0
66729 83
66763 0
66770 83
66785 83
66951 0
67302 59
67487 0
67501 55
67544 83
68064 0
68118 55
68755 0
68759 83
69173 55
69268 0
69436 59
69548 55
69669 83
69672 59
69799 0
70105 83
70733 0
70763 55
71025 0
71108 55
71188 59
71329 59
71380 0
71397 55
71436 0
71440 59
71818 0
71852 59
71931 83
72053 0
72110 59
72272 0
72961 59
73215 59
73293 0
73313 55
73559 0
73636 55
73672 55
73731 0
73794 55
73831 0
73856 83
73974 0
74020 83
74354 83
74552 0
74774 83
74849 0
74933 55
75143 0
75500 59
75669 0
75729 55
75785 59
76028 83
76322 0
76380 55
76395 0
76447 55
76680 0
76847 83
76971 0
77016 59
77049 0
77090 55
77557 0
77865 83
78106 0
78234 59
78265 83
78368 83
78442 0
78649 59
78673 55
78698 55
78757 83
78898 0
79147 55
79367 0
79498 59
79518 59
79650 59
79797 59
79897 0
79920 83
79989 0
80191 55
80262 0
80381 55
80501 0
80821 83
80883 0
80917 59
80981 55
81032 0
81087 83
81232 83
81392 55
81433 0
81911 83
81944 0
81976 55
82122 0
82142 83
82153 0
82308 83
82353 0
82572 55
82875 0
82977 83
83116 0
83243 55
83586 55
84089 59
84102 55
84319 83
84532 59
84565 0
84584 83
84659 83
84670 0
84741 55
84774 0
84849 55
85129 0
85411 55
85452 0
85713 55
85739 59
85784 0
85901 59
86112 0
86329 55
86354 0
86505 59
87141 0
87614 55
87764 83
87814 0
88276 55
88512 59
88604 59
88857 55
88972 0
89284 59
89310 0
89435 55
89675 0
89706 59
89730 0
90048 83
90116 0
90217 83
90450 0
90457 55
90767 0
91163 83
91172 0
91381 59
91382 0
91489 55
92580 0
92672 83
92714 55
93026 55
93229 0
93231 55
93419 0
93460 59
93562 0
93953 59
93986 0
94025 55
94175 0
94187 55
94253 59
94319 55
94585 59
94888 0
95260 83
95332 55
95429 0
95671 55
95681 0
95798 83
95804 59
96230 0
96298 83
96442 83
96485 55
96492 83
96569 55
96659 0
96716 55
96717 83
96793 59
96945 0
96994 59
96995 0
97488 83
97512 55
97672 0
97900 55
98196 0
98571 83
98972 55
99350 0
99594 83
99646 0
403 events for 14
467 30
662 0
787 35
1739 0
2435 35
2659 0
3004 35
3795 58
3899 58
4156 0
4357 56
4776 58
4833 0
5023 30
5077 0
5093 35
5120 0
5578 58
6005 0
6054 54
6259 0
7159 30
7366 0
7706 58
7939 0
7968 35
8015 0
8134 54
8412 0
8530 35
8701 0
9199 58
9539 0
9861 58
9950 30
9954 35
10443 0
10595 30
10600 0
10622 35
10986 54
11483 0
11513 58
11535 0
11621 35
11691 0
12250 58
12619 0
12810 35
12913 58
13055 0
13152 30
13326 0
13419 30
13541 0
13582 58
13613 0
13671 35
13916 54
14276 0
14662 56
14698 0
15349 30
16320 0
16514 35
16641 58
16937 0
16963 58
17610 0
18170 35
18384 0
18488 58
18550 0
18832 54
19628 54
19785 0
19864 35
19940 0
19977 30
20097 35
20179 35
20310 0
20671 30
20727 35
20776 0
21248 35
21294 0
21443 30
21570 0
21627 58
21848 0
22067 58
22618 35
22765 0
22916 58
23044 0
23078 54
23209 0
23236 54
23353 0
23413 35
23890 30
23946 0
24029 35
24547 0
24559 58
24668 54
24876 0
24946 56
25123 0
25151 30
25400 0
26059 35
26110 0
26183 58
26448 0
26759 30
26816 0
27140 58
27637 0
28158 56
28304 0
28692 35
28991 30
29036 0
29061 56
29223 35
29449 0
29451 35
29958 0
30572 30
30865 0
31270 54
31489 0
31882 58
31927 0
32083 54
32447 54
32616 0
32818 58
33397 0
33485 54
33527 0
33681 58
34487 0
34956 56
35153 0
35232 30
35272 58
35294 0
35369 58
35413 0
35509 35
36189 0
36512 54
36555 56
37009 58
37185 0
37202 58
37339 0
37458 35
37707 0
37912 56
37986 30
38169 0
38176 58
38259 0
38581 35
38662 30
38799 30
39158 0
39182 58
39458 0
40005 56
40184 58
40635 0
40716 56
40857 0
41330 30
41582 56
41593 0
41712 56
41856 0
41860 56
42608 0
42861 56
43062 0
43381 58
43790 0
43828 54
43846 54
44491 0
45231 30
45333 0
45408 54
45752 0
47130 58
47628 0
47839 58
48155 0
48247 54
48253 0
48619 35
49011 0
49202 56
49279 0
49389 58
49579 0
49945 54
50711 0
50718 56
50883 54
51343 0
51936 56
52024 58
52494 0
53272 58
53389 0
53438 30
53474 0
54382 58
54405 0
55201 58
55501 0
55669 58
55729 0
55860 58
56102 0
56137 58
56303 58
56384 0
56586 35
56827 58
56839 58
57080 0
57210 58
57215 0
57384 54
57950 0
58038 35
58114 0
58504 35
58736 0
58994 35
59062 54
59174 0
60267 35
60314 35
60494 0
61393 54
61421 0
61520 56
61596 35
61649 35
61723 58
61806 0
61818 58
61928 0
62252 54
62639 58
62754 56
62772 0
62889 58
63236 0
63564 35
63729 0
64579 56
64708 0
64744 56
65020 0
65533 35
65803 35
65913 0
66154 30
66322 30
66629 0
67104 58
67321 0
67323 54
67591 0
68373 58
68813 56
69115 56
69305 30
69503 0
69687 58
69761 35
70712 0
70793 30
70951 0
71492 58
71633 0
71835 56
72007 56
72620 0
73129 58
73376 0
74002 58
74306 0
74340 56
74362 30
74770 0
75036 54
75234 0
75256 54
75337 35
75558 0
76110 35
76360 0
76383 58
76547 0
76557 54
76896 0
76915 35
77061 35
77083 30
77111 0
77350 35
77903 0
77944 58
78429 0
78552 58
78713 0
78805 58
79170 54
79274 0
79336 30
79475 0
79489 58
79727 0
79829 35
80251 0
80543 54
80838 0
81173 56
81364 0
81777 58
81789 0
82081 35
82111 0
82502 54
82717 0
82723 58
82816 0
83321 30
83509 0
83557 58
83728 0
84262 30
84436 54
84494 56
85135 0
85346 35
85726 58
86131 0
86143 58
86561 0
87087 54
87106 54
87954 35
88478 0
88633 56
88926 0
89086 30
89207 0
89447 58
89789 0
89998 30
90156 0
91107 54
91205 0
91309 30
91526 0
92154 58
92156 0
92612 56
93429 56
93470 0
93555 54
93780 0
94130 30
94508 0
94519 58
94602 0
94618 35
94655 0
95114 58
95375 0
95736 58
95892 0
95944 30
96348 0
96679 35
97570 0
97886 58
98035 35
98351 0
98902 35
98982 0
99008 35
99715 0
99882 58
99932 0
729 events for 15
315 22
404 0
596 66
931 0
1107 39
1143 0
1782 39
1807 31
2040 0
2150 66
2324 0
2417 31
2441 0
2494 58
2553 58
2810 0
2902 39
2938 22
3030 0
3053 58
3274 0
3373 66
3463 0
3533 39
3757 0
3774 58
3868 0
3954 66
4001 0
4061 31
4113 0
4142 39
4259 58
4372 58
4451 0
4495 31
4754 0
4993 39
5048 0
5287 22
5444 0
5592 22
5655 0
5663 58
5735 0
5739 58
5871 0
6050 58
6069 0
6160 31
6230 0
6637 22
6841 0
6939 58
7077 0
7271 31
7492 30
7739 0
7828 30
7874 0
7933 31
7993 0
8124 39
8153 0
8167 66
8459 0
8596 22
8918 58
8987 30
8991 0
9103 22
9296 0
9388 31
9418 66
9429 0
9559 30
9833 31
9930 0
10000 39
10087 0
10298 39
10650 31
10790 39
10890 0
11165 39
11179 0
11180 39
11483 0
11506 22
11549 0
11607 39
11611 0
11676 22
11798 58
12075 0
12159 39
12212 30
12231 0
12434 58
12575 30
12992 30
13563 0
13639 39
13741 0
13787 58
14065 0
14130 30
14143 0
14374 22
14604 30
14621 0
14660 31
14691 30
14792 58
15120 0
15191 30
15242 0
15302 66
15332 31
15371 0
15606 66
15630 0
15641 39
15697 0
15930 31
16205 0
16395 39
16684 0
16707 66
16906 0
16919 39
16931 0
16979 39
17176 0
17376 31
17402 0
17595 22
17605 31
17613 0
17695 31
17838 0
17856 66
17865 0
17901 30
17908 58
18024 0
18396 39
18400 0
18536 31
18631 39
18767 30
18855 0
18858 22
18894 58
19170 22
19203 0
19321 22
19729 58
19740 22
20027 66
20471 0
20497 66
20582 0
20676 39
20895 39
21241 0
21397 58
21407 66
21526 31
21559 0
21636 58
21770 0
21825 30
21853 66
22045 58
22060 0
22130 58
22353 0
22580 30
22646 0
22673 22
22859 0
23151 31
23435 0
23541 22
23894 0
24038 66
24140 0
24149 30
24153 0
24270 39
24337 0
24512 31
24513 0
24867 66
24961 22
24974 31
25429 0
25535 39
25757 0
25772 31
26054 66
26701 0
26802 30
26859 0
26928 31
26993 0
27002 66
27082 0
27153 22
27196 0
27854 66
27972 0
28054 30
29131 0
29249 66
29422 58
29427 0
29478 22
29712 39
29771 0
29956 66
29991 0
30026 58
30243 0
30276 22
30326 30
30370 0
30821 39
30893 39
31037 0
31685 30
31918 0
31947 30
32057 0
32165 66
32385 0
32387 58
32390 22
32398 0
32495 31
32532 0
32539 22
32633 0
32754 22
32762 0
32937 30
32976 0
32998 22
33033 22
33045 31
33065 0
33190 31
33285 0
33288 58
33487 0
33496 22
33564 66
33628 0
33634 30
33885 66
33969 58
34207 30
34609 0
34833 39
34875 66
35011 31
35018 0
35172 22
35236 0
35314 22
35351 0
35532 39
35597 58
35794 0
35855 31
35871 0
35881 39
36072 0
36143 39
36466 0
36668 30
37011 66
37124 0
37195 58
37299 0
37315 39
37321 0
37388 22
37403 0
37472 22
37763 0
38145 58
38359 0
38478 39
38486 0
38562 39
38709 0
38990 58
39013 30
39679 0
40001 58
40159 0
40205 58
40293 0
40358 31
40612 0
40639 22
40647 39
40687 0
40697 39
41329 0
41341 58
41505 66
41597 0
41640 31
41678 58
41747 0
41757 30
41780 0
41981 30
41998 0
42025 39
42204 66
42344 0
42497 39
42541 0
42550 58
42739 58
42943 31
43086 0
43246 22
43329 0
43454 30
43582 0
43798 58
44064 0
44168 31
44195 0
44575 30
44744 0
44915 31
44924 0
45096 30
45203 0
45564 31
45681 0
45841 30
46148 0
46164 66
46463 0
46581 39
46614 0
46730 39
47107 66
47511 0
47731 30
47923 0
47991 58
48027 0
48132 58
48283 39
48349 31
48367 0
48470 66
48586 0
49166 58
49459 66
49854 0
49901 30
50121 31
50180 0
50200 30
50260 0
50455 58
50897 0
51044 22
51063 0
51330 39
51576 0
51610 30
51691 0
51776 39
52057 0
52064 39
52173 0
52357 22
52480 0
52588 66
53050 0
53298 58
53471 58
53513 58
53655 0
53724 39
53842 31
54125 58
54314 30
54430 0
54435 66
54501 0
54965 30
55060 0
55184 31
55229 0
55374 31
55634 0
55642 39
55687 66
56188 0
56200 30
56265 0
57025 58
57104 0
57294 31
57463 0
57797 39
57921 0
58050 66
58259 0
58603 30
58668 39
58703 0
58856 30
59215 0
59267 66
59703 0
59957 39
60061 0
60336 31
60877 0
61118 66
61147 39
61212 0
61282 30
61295 0
61330 39
61493 0
61592 39
61783 22
61909 58
61967 66
62131 0
62209 31
62351 22
62785 22
63289 31
63318 0
63390 30
63423 0
63926 58
63985 0
64102 22
64304 0
64331 31
64346 39
64392 0
64665 66
64736 0
64825 31
64885 39
64889 0
64892 39
65119 39
65324 0
65411 66
65763 0
65807 58
65832 0
65845 66
65864 0
65925 22
66019 0
66262 58
66321 0
66378 39
66780 0
66794 39
66846 0
66882 31
66950 0
67024 66
67072 66
67108 0
67279 58
67286 30
67432 0
67856 66
67919 0
67991 30
68096 0
68430 58
68623 0
68842 58
69038 0
69169 58
69203 0
69206 58
69227 0
69558 66
70029 30
70075 66
70084 39
70409 0
70421 66
70651 0
70851 31
70863 0
71276 58
71296 0
71436 39
71546 58
71870 0
71878 66
72312 58
72535 0
72725 39
72815 0
72816 31
72904 0
73118 31
73252 0
73562 66
73575 22
73655 31
73721 0
73751 39
73755 66
73772 0
73817 39
73924 0
74170 30
74184 0
74188 58
74351 30
74385 0
74401 22
74674 0
74777 31
74885 22
74893 0
75031 66
75114 30
75194 0
75338 58
75360 31
75707 0
75754 22
76158 0
76290 58
76472 0
76735 39
76771 22
76852 0
76927 58
77005 30
77130 39
77488 0
77634 22
78022 22
78229 0
78783 22
78798 0
78968 66
79072 0
79326 39
79417 0
79525 66
79551 22
79733 0
80027 31
80035 0
80079 22
80085 0
80230 30
80886 31
80922 0
81046 30
81123 0
81137 66
81362 31
81455 0
81661 39
82366 22
82612 31
82636 0
82787 39
82884 0
82893 30
83026 58
83031 39
83049 39
83184 0
83187 66
83210 0
83295 66
83321 0
83659 58
83776 0
83812 22
84016 22
84212 39
84233 0
84257 66
84284 39
84307 0
84310 31
84388 0
84477 58
84517 30
84722 30
84800 58
84921 0
84986 30
85097 0
85122 39
85206 0
85327 58
85328 39
85459 30
85531 0
85697 31
85892 31
86042 0
86181 30
86380 30
86484 0
86746 30
86787 0
86941 66
87206 0
87242 39
87297 0
87388 31
87648 0
88207 66
88496 0
88584 30
88600 0
88630 22
88739 39
89000 0
89041 31
89446 31
89490 0
89567 66
89593 0
89719 30
90050 30
90060 0
90109 22
90204 39
90214 0
90259 22
90563 30
90745 0
91013 39
91110 39
91229 0
91245 31
91313 0
91509 39
91558 0
91688 39
91751 0
91822 58
92002 0
92044 31
92094 0
92508 30
92612 0
92616 22
92838 0
93017 39
93381 0
93482 66
93555 0
93785 30
93859 22
94114 0
94171 39
94191 0
94236 39
94396 31
94516 0
94755 22
94920 58
95088 0
95182 39
95464 0
95496 30
95611 22
95752 0
95756 39
95909 0
95969 58
96025 30
96104 0
96359 39
96439 0
96491 58
96617 0
96654 58
96900 30
96937 0
96978 39
97039 0
97100 66
97517 0
97622 31
97709 0
97718 30
97748 0
97759 66
97766 58
97854 0
98003 58
98102 0
98171 31
98356 0
98359 31
98589 0
98597 30
99012 0
99018 58
99348 0
99380 31
99773 0
99944 31
