16 buffers
80200 2163
91275 5457
45520 2635
171169 25629
149866 23622
118205 12026
103181 1798
111758 16355
181094 24419
109785 2470
189629 13399
23197 2631
56893 10635
65805 3879
151200 25369
120159 21477
80 downlinks
0 188 1250 587
1 1438 2500 585
2 2688 3750 649
3 3938 5000 554
4 5188 6250 447
5 6438 7500 479
6 7688 8750 599
7 8938 10000 612
8 10188 11250 542
9 11438 12500 659
10 12688 13750 513
11 13938 15000 614
12 15188 16250 466
13 16438 17500 509
14 17688 18750 622
15 18938 20000 649
16 20188 21250 476
17 21438 22500 463
18 22688 23750 470
19 23938 25000 662
20 25188 26250 497
21 26438 27500 466
22 27688 28750 641
23 28938 30000 525
24 30188 31250 457
25 31438 32500 471
26 32688 33750 617
27 33938 35000 543
28 35188 36250 626
29 36438 37500 576
30 37688 38750 507
31 38938 40000 624
32 40188 41250 531
33 41438 42500 606
34 42688 43750 585
35 43938 45000 618
36 45188 46250 476
37 46438 47500 616
38 47688 48750 630
39 48938 50000 447
40 50188 51250 587
41 51438 52500 610
42 52688 53750 528
43 53938 55000 515
44 55188 56250 560
45 56438 57500 468
46 57688 58750 622
47 58938 60000 618
48 60188 61250 508
49 61438 62500 450
50 62688 63750 473
51 63938 65000 633
52 65188 66250 519
53 66438 67500 496
54 67688 68750 534
55 68938 70000 652
56 70188 71250 666
57 71438 72500 534
58 72688 73750 613
59 73938 75000 558
60 75188 76250 475
61 76438 77500 581
62 77688 78750 556
63 78938 80000 637
64 80188 81250 502
65 81438 82500 599
66 82688 83750 513
67 83938 85000 625
68 85188 86250 468
69 86438 87500 609
70 87688 88750 502
71 88938 90000 640
72 90188 91250 644
73 91438 92500 579
74 92688 93750 607
75 93938 95000 630
76 95188 96250 634
77 96438 97500 589
78 97688 98750 593
79 98938 100000 612
641 events for 0
108 49
154 0
328 50
711 0
832 49
1013 0
1137 48
1260 0
1327 48
1471 0
1554 50
1587 0
1653 49
1708 0
2004 53
2163 0
2179 50
2792 0
2852 47
3246 49
3255 0
3679 50
4085 48
4103 0
4267 47
4357 49
4557 47
4584 0
4625 47
4697 0
4775 47
4787 0
4811 49
5394 0
5558 47
5743 0
5923 53
6161 47
6176 0
6192 50
6527 50
6530 0
6541 47
6726 48
6786 0
6797 49
6870 0
6910 47
7024 49
7137 0
7227 49
7497 0
7795 47
7954 0
8049 50
8347 0
8375 49
8433 0
8435 47
8566 0
8748 47
8765 0
9013 49
9197 0
9515 49
9636 0
9724 47
9959 0
9990 47
10325 0
10964 47
11085 48
11541 0
11833 47
11844 47
11846 0
11909 48
12030 0
12060 47
12598 47
12729 47
12907 0
13113 47
13445 0
13477 53
13690 47
13718 47
14058 0
14155 53
14346 0
14688 48
14972 0
15129 50
15219 47
15456 0
15551 53
15828 50
16204 0
16477 47
16500 0
16508 47
16630 0
16641 47
16734 0
16871 50
16876 0
16965 47
17046 0
17143 47
17222 0
17703 49
17880 0
18029 53
18091 49
18092 0
18137 47
18483 0
18609 47
18616 0
18753 47
19222 0
19261 47
19541 48
19691 49
19828 0
19833 48
19984 0
20195 48
20383 0
20527 49
20584 0
20590 47
20618 0
20624 47
20635 0
20699 47
20710 47
21150 0
21456 47
21462 0
21589 47
21593 0
21759 49
21896 0
22082 47
22434 0
22835 48
22968 0
23299 50
23378 0
23585 47
23727 0
23797 49
23880 0
23974 49
24049 0
24140 49
24962 53
25064 0
25254 47
25593 0
26126 50
26513 0
27169 49
27257 0
27461 49
27910 0
28239 53
28316 0
28489 49
28634 0
28898 53
29109 47
29149 0
29168 49
29184 0
29335 47
29386 47
29431 0
29469 53
29922 0
30042 47
30296 0
30433 49
30470 0
30505 49
30521 0
30715 47
30785 47
30814 49
30916 47
31008 0
31087 47
31349 49
31355 0
32040 49
32197 0
32210 48
32262 0
32529 47
32777 48
33572 0
33904 48
34077 0
34249 50
34256 0
34373 53
34489 0
34722 47
34837 0
34941 48
35223 0
35329 48
35354 49
35431 0
35493 47
35692 0
35756 53
35927 0
35935 49
35988 0
35997 53
36086 0
36335 48
36474 47
36481 0
36856 50
36983 0
37024 49
37074 49
37131 0
37301 48
37424 0
37434 47
37632 0
37686 53
38113 0
38502 53
38661 47
38696 0
38991 50
39095 0
39404 49
39661 49
40182 0
40184 47
40268 0
40330 49
40586 49
40652 0
40730 47
40982 0
41025 48
41026 47
41171 0
41238 47
41534 0
41574 49
41663 0
41677 48
41718 0
41800 47
41870 0
42146 48
42224 0
42538 50
42630 0
42680 49
42702 50
42807 0
42845 47
43048 0
43277 50
43281 0
43542 49
43658 0
43692 53
43868 0
44038 47
44936 0
44950 47
44973 49
45094 0
45144 47
45187 0
45216 49
45258 0
45270 53
45433 0
45896 50
46174 53
46851 0
46980 50
47142 47
47259 48
47442 49
47544 0
47785 49
47791 0
47872 49
48170 53
48491 0
48547 47
48813 0
48925 47
48938 0
49087 50
49115 47
49196 0
49202 48
49364 0
49591 47
49594 53
49614 0
50445 47
50723 47
50801 47
50853 0
50962 48
51108 0
51120 53
51591 0
51811 48
51862 49
51917 0
52007 47
52115 0
52447 50
53075 49
53114 49
53469 0
53501 47
53775 0
53853 49
53942 0
53946 47
54008 0
54223 49
54293 0
54363 50
54415 0
54482 53
54614 0
55096 49
55180 50
55196 47
55199 47
55701 0
56011 48
56326 0
56458 48
56824 0
57019 47
57064 49
57302 50
57365 0
57774 47
58100 50
58153 0
58555 47
58719 47
58992 0
59222 47
59326 0
59351 53
59531 0
59681 48
60217 47
60408 47
60416 0
60419 49
60497 0
60572 47
60759 0
60963 49
60968 0
61356 49
61519 47
62206 49
62512 0
62671 49
62763 50
62780 47
63104 0
63234 53
63299 47
63367 0
63379 50
63432 49
63433 0
63644 50
63919 0
64028 47
64067 0
64099 49
64197 0
64250 47
64296 49
64731 49
64867 0
65082 50
65843 0
65852 48
65985 0
66035 47
66051 0
66087 47
66089 0
66114 47
66356 0
66426 47
66987 0
67183 48
67389 0
67463 49
67569 0
67592 53
67930 49
68017 49
68268 0
68336 49
68340 47
68455 0
68494 47
68514 0
69177 50
69389 0
69743 48
69765 47
69901 0
70318 49
70380 0
70524 49
70748 49
70756 47
70809 49
70830 0
70893 50
71007 0
71395 48
71730 49
71934 0
72125 47
72348 0
72434 50
72445 0
72653 48
72784 0
72817 47
72855 0
72971 48
73081 0
73270 48
73287 0
73306 49
73378 53
73608 47
73677 0
73688 50
73711 0
73850 49
74061 0
74101 53
74365 48
74574 0
74643 47
74887 47
75107 0
75225 47
75450 53
75636 47
75705 0
75808 47
75819 0
76183 48
76196 50
76307 0
76635 48
76698 49
76700 0
76735 47
77093 0
77253 47
77717 47
77805 0
77814 48
78434 0
78435 47
78446 0
78565 47
78592 0
78718 49
78962 0
79267 50
79314 0
79328 49
79336 47
79713 0
79776 49
79890 0
80043 47
80444 47
80717 49
81099 0
81245 48
81566 0
81583 49
81775 0
82166 47
82225 0
82331 48
82408 0
82696 49
82790 0
82812 47
82904 0
83117 47
83309 47
83368 0
83425 49
83509 0
83526 47
83696 0
83805 50
84061 0
84513 50
84610 0
84728 49
84730 0
84859 47
85047 0
85231 49
85311 0
85527 49
86122 47
86153 53
86169 0
86390 47
86415 0
86487 47
86605 0
86904 47
87037 0
87137 49
87359 0
87915 50
87956 53
88346 0
88440 49
88514 0
88529 49
88545 0
88819 50
89024 0
89079 53
89601 0
89668 50
89760 0
89868 47
89875 0
90207 50
90251 0
90415 47
90424 47
91043 0
91074 49
91116 0
91182 47
91188 49
91275 53
91361 49
91474 0
91548 50
91622 0
92023 49
92066 47
92145 0
92159 49
92452 0
92465 49
92530 0
92611 47
92761 0
92894 48
92951 0
92965 47
92972 0
93013 49
93277 0
93568 47
93672 0
93687 49
93771 0
93990 49
94112 0
94264 50
94341 0
94800 47
94952 0
94996 49
95028 0
95038 49
95170 50
95335 0
95541 47
95542 0
95558 47
95631 0
95872 49
95892 0
96087 49
96209 49
96263 0
96430 47
96451 0
96493 48
96535 0
96974 48
97168 0
97765 49
97787 0
97932 48
97983 0
98012 49
98215 0
98231 49
98330 0
98438 47
98469 0
98477 53
98487 0
98602 53
98733 0
98853 50
98903 47
99356 0
99395 49
99503 0
99526 47
99608 53
99629 0
156 events for 1
520 34
1201 28
1317 0
1913 28
3007 0
3475 16
3653 0
4942 24
5021 0
5871 16
6513 27
6640 37
7228 0
9001 28
9506 0
9719 24
10949 0
11198 43
11281 0
11586 27
11895 0
12574 16
14129 0
14329 28
14519 0
15195 53
15256 34
17155 37
18092 0
18150 28
18178 0
18722 43
19028 24
19720 34
19914 0
20048 28
21127 0
21313 28
22200 0
23270 34
23334 0
24722 53
27134 0
27371 37
27375 0
27538 43
28442 0
29593 28
30430 0
31274 53
31689 0
32227 27
32843 0
35294 53
36421 0
38219 24
38817 0
38973 24
39937 0
40052 27
40421 43
40437 16
40772 0
40827 53
40917 0
41417 37
41919 0
42117 34
42168 0
42332 37
42547 34
45645 0
45662 24
46718 0
46870 16
49658 34
49931 0
50917 53
51225 0
51250 43
51801 0
53596 27
53891 51
54054 34
54070 0
55347 24
56515 0
57886 16
60131 43
60245 0
61523 24
62108 0
62375 24
62858 0
63167 43
63559 0
63671 37
63680 0
64026 51
65091 53
66106 28
67414 24
67513 0
67626 37
67632 0
67735 43
67961 0
68173 16
68542 0
69320 24
70584 0
71870 27
73616 28
75580 0
77226 53
78194 43
78199 24
78560 0
78612 43
80415 0
80845 34
81043 0
81276 28
81307 0
81339 16
81676 0
81734 43
82640 0
83107 53
83511 0
83683 43
83717 0
83968 27
85026 0
85293 16
87438 27
88341 16
92780 24
92836 0
92922 27
93181 37
93423 0
93646 24
93668 0
94866 34
94966 0
96203 53
97517 24
98236 24
98293 0
98366 24
98571 51
99286 0
99354 37
99659 0
99946 53
531 events for 2
253 20
259 0
488 27
536 0
583 20
911 0
969 11
1103 0
1291 27
1292 0
1595 27
1597 0
1724 11
1882 0
1990 11
2159 11
2177 20
2200 20
2417 11
2580 0
3092 20
3241 11
3624 0
3673 20
4192 0
4259 11
4379 0
4691 20
4869 11
4934 0
4935 27
5167 0
5439 20
5490 20
5585 0
5800 20
6274 0
6781 20
6847 0
7173 20
7362 27
7529 11
7599 0
7665 27
7733 0
7941 20
8080 27
8252 0
8289 20
8779 0
9636 20
9982 20
10167 20
10290 0
10433 27
10437 11
10717 0
10722 20
10778 0
11130 27
11548 0
11674 20
11915 0
12015 27
12058 11
12233 20
12291 27
12600 0
12856 20
12900 0
12974 20
13101 0
13326 11
13823 0
13950 27
14101 20
14131 0
14620 27
14964 20
14974 0
14999 20
15268 0
15318 27
15325 20
15710 0
15733 20
15940 0
16010 11
16294 0
16372 20
16532 0
16690 11
17413 27
17426 27
17460 0
17714 11
17903 20
18047 11
18053 11
18081 0
18220 20
18315 0
18569 11
18843 0
19416 11
19428 11
19462 0
19799 11
19857 20
19971 0
20124 20
20476 0
20600 20
20679 0
21004 20
21490 0
21791 27
22101 11
22134 0
22426 27
22447 0
22512 11
22658 0
22662 11
23057 0
23108 11
23114 0
23258 27
23316 0
23489 11
23614 20
23749 0
24055 20
24117 20
24418 20
24659 0
25504 11
25723 0
25749 11
25899 20
25967 0
26217 20
26403 27
26429 0
26557 20
26704 0
26740 27
27268 0
27274 27
27696 0
27742 11
27776 0
27931 11
28117 20
28600 11
28630 0
28908 11
28998 20
29784 0
30065 20
30182 0
30285 27
30613 20
30625 0
30657 20
31016 0
31178 11
31479 0
31481 20
31606 0
31870 27
32314 0
32676 20
32745 0
33271 11
33457 0
33682 27
33693 0
34231 20
34289 0
34755 27
35000 0
35128 20
35190 0
35233 11
35242 20
35422 0
35592 27
35691 27
36482 0
36626 20
36837 27
36976 20
36984 11
37142 27
37323 0
37387 20
37461 0
37542 20
37746 0
38395 20
38544 0
38802 20
38821 0
39526 20
39644 20
40123 0
40418 11
40670 27
40873 0
41296 11
41329 0
41373 11
41551 0
41562 20
42225 11
42509 0
42714 20
42856 0
43086 27
43152 0
43265 20
43350 0
43361 27
43451 0
43476 27
43538 20
43549 0
43576 27
43602 0
43752 27
43832 0
44237 20
44640 11
44992 0
45056 20
45097 0
45201 20
45215 27
45228 27
45415 0
45437 27
45478 0
45505 27
45517 0
45990 27
46032 27
46045 20
46189 0
46395 20
46505 11
46547 0
47178 27
47258 0
47313 11
47498 0
47560 20
47608 20
47639 0
47740 20
47780 20
47877 0
48026 20
48399 0
48880 20
49010 0
49036 11
49172 0
49292 20
49397 0
49437 20
49551 0
49680 20
49694 0
49792 11
49883 0
49944 20
50078 20
50092 0
50481 20
50619 27
50743 0
50854 20
50897 20
50941 0
50964 20
50968 0
51029 27
51324 0
51382 20
51401 27
51629 20
52537 0
52540 11
52746 27
52915 0
54414 20
54467 0
54639 20
54699 27
54867 20
55034 0
55081 27
55135 0
55557 27
55840 0
55858 20
56061 0
56423 20
56645 0
57440 20
57471 0
57488 20
57679 20
57691 0
57710 20
57732 0
57985 11
58010 0
58272 27
58304 0
58975 27
59079 0
59302 20
59881 0
60472 20
60757 20
60767 0
60934 27
61017 0
61050 11
61350 27
61486 0
61593 27
62315 0
62388 20
62539 0
62543 20
62990 0
63158 11
63203 0
63246 27
63453 0
63495 27
63652 0
63982 20
64138 20
64194 0
64212 11
64219 0
64242 11
64755 11
64851 20
65119 0
65197 27
65414 20
65429 0
65814 27
65975 0
65978 20
66154 0
67023 27
67273 0
67299 27
67899 0
67994 20
68676 0
68726 20
68754 0
68832 20
69015 0
69093 20
69338 20
69359 0
69631 20
69843 0
69846 27
69913 0
70262 20
70295 0
70383 20
70438 0
70515 20
70686 0
70883 20
71088 20
71407 0
71901 27
71935 0
72227 27
72468 0
72545 11
72738 0
72744 20
72788 0
72988 11
73042 20
73739 0
73744 20
74262 0
74529 20
74590 0
75033 20
75045 0
75320 20
75524 0
75843 27
75939 0
76350 27
76457 27
76634 0
76771 20
76885 0
76960 27
76993 0
77378 20
77536 0
77539 20
77708 0
77919 27
77947 0
78024 20
78090 20
78659 20
78783 0
79838 11
79855 0
79867 20
79923 27
79927 0
80116 20
80141 0
80242 27
80432 20
80592 0
80647 20
80800 0
80819 20
81355 0
81384 20
81531 11
81666 0
81720 20
81787 0
82155 20
82302 0
82305 11
82517 0
83505 11
83660 20
83742 0
83937 20
84504 27
84545 0
84879 20
85018 0
85024 11
85415 0
85768 20
86222 20
86225 0
86291 20
86656 0
86878 20
86899 0
86931 20
87117 0
87184 11
87304 20
87383 0
87401 27
87780 0
88026 20
88787 0
88963 20
89104 0
89236 20
89242 0
89480 27
89802 0
90051 11
90086 0
90220 20
90570 0
90626 20
90666 20
90685 0
90861 20
91346 11
91748 0
91789 27
92195 20
92211 0
92246 27
92358 0
92655 20
93007 0
93175 11
93547 0
93612 11
93859 0
93985 27
94448 0
94633 11
94947 20
95134 0
95157 27
95217 0
95284 27
95446 0
95752 20
95831 0
96377 27
96484 0
96804 27
97090 0
97129 27
97234 0
97462 27
97593 11
97983 0
98109 27
98249 0
98289 27
98411 0
98501 11
98789 0
99077 27
99329 0
99342 27
99601 11
578 events for 3
46 84
693 0
700 82
974 0
1010 84
1124 0
1265 84
1376 82
1434 0
1444 82
1466 0
1512 84
1517 0
1611 82
1657 0
2185 82
2275 0
2395 82
2590 0
2675 82
2686 0
2697 82
2704 0
2909 84
3456 0
3465 84
3571 84
3726 0
3741 84
3756 0
4250 82
4495 84
4643 84
4735 82
4746 0
4982 84
4998 82
5415 0
5797 84
5924 82
6108 0
6112 84
6138 0
6470 84
6760 0
6992 82
7007 84
7094 0
7193 82
7404 84
7807 84
7868 0
8045 82
8294 0
8629 84
8641 0
8663 82
9063 0
9236 84
9353 82
9471 0
9518 82
9612 0
9755 82
9899 0
10071 84
10632 84
11399 0
12095 84
12252 0
12298 84
12460 0
13079 84
13222 84
13646 84
14167 84
14463 84
14518 0
14585 84
14798 0
14875 84
15199 0
15316 82
15344 0
15403 84
15464 0
15529 84
15901 0
16119 84
16403 0
16405 84
16432 84
16676 82
16755 82
16865 84
16936 0
17037 84
17105 0
17431 84
17448 0
17589 84
17779 84
18000 0
18003 82
18307 0
18529 84
18668 0
18853 84
19040 84
19405 0
19415 84
19588 0
19780 84
19830 0
19966 84
20398 84
20528 82
20549 84
20756 0
20846 84
21012 82
21330 0
21434 84
21565 0
21704 84
21785 0
21853 84
21922 0
21939 82
22150 84
22294 0
22407 84
22445 0
22493 84
22527 84
22627 0
22653 82
22797 0
22805 82
22975 0
23229 84
23580 82
23756 82
23900 0
23915 82
23956 0
24249 84
24554 0
24674 84
24812 84
24883 0
25045 84
25219 82
25346 84
25400 82
25628 0
25935 84
26029 0
26138 84
26464 82
26788 0
27054 84
27348 0
27449 84
27593 0
27779 82
28210 0
28335 84
28569 0
28593 84
28608 0
28709 84
29111 0
29179 82
29325 0
29440 84
29482 0
29764 82
30044 0
30168 84
30479 0
30643 84
31156 84
31162 84
31274 84
31331 82
31445 0
31457 84
31514 0
31861 84
31919 0
32058 82
32224 0
32573 82
32910 0
33001 84
33469 84
33526 0
33748 84
34045 84
34122 0
34508 84
34638 0
34694 84
34852 0
35119 84
35823 0
35909 84
36118 0
36425 84
36562 0
36685 84
37076 0
37091 84
37549 84
37571 0
37671 82
37762 0
37768 82
38094 0
38143 84
38233 82
38242 84
38484 82
38585 0
39470 84
39522 0
39625 84
39647 0
40126 82
40460 0
40793 84
40802 84
40814 82
41290 0
41418 84
41507 0
41844 84
41927 0
41964 84
42073 0
42082 84
42111 82
42218 0
42268 84
42520 0
42538 82
42638 84
42684 0
42923 82
43010 82
43087 0
43121 84
43202 82
43239 0
43665 84
43723 82
43859 0
43979 82
44260 84
44292 82
44501 84
44542 82
44700 0
44722 84
44892 82
44969 84
44985 0
45167 84
45236 0
45537 82
45830 0
45895 82
45897 0
45948 82
46038 0
46184 84
46319 84
46477 84
46614 84
46635 0
46639 84
47533 84
47695 84
47702 0
47705 82
47729 0
47811 82
47851 0
47904 84
48337 0
48349 84
48376 0
48461 84
48479 84
48595 0
48627 84
48678 0
48736 84
49488 0
49498 84
49738 0
49768 82
49922 0
50047 84
50279 0
50399 84
50632 0
50917 84
50992 0
51211 84
51427 82
52334 82
52487 0
52766 84
52849 82
52881 82
53102 0
53341 82
53693 84
53973 84
54081 84
54442 82
54542 0
54659 84
54908 82
55071 82
55573 84
55850 0
55855 82
55868 82
56223 84
56260 84
56629 84
56721 84
56734 0
56939 84
57301 0
57600 84
57629 0
57701 84
58466 0
58580 84
58671 84
58862 0
59120 84
59127 0
59194 84
59199 0
59320 84
59337 82
59343 0
59840 84
60348 0
60353 84
60368 0
60701 84
60813 0
61156 82
61324 0
61821 84
61857 0
61886 84
61957 84
62124 0
62348 82
62616 84
62653 0
62843 84
63192 0
63406 82
63543 84
63786 0
63796 82
63852 0
63854 84
63971 0
64141 84
64322 0
64405 84
64475 0
64556 82
64763 0
65379 82
65581 84
65651 0
65660 84
65664 0
65935 84
65968 0
66066 84
66299 82
66507 84
66564 84
66698 84
66736 84
66837 0
67065 84
67229 0
67514 84
67535 0
67634 84
67736 0
67782 84
67898 0
67947 84
68324 0
68513 82
68587 84
68831 82
68873 0
69049 84
69099 0
69685 84
69709 0
69869 84
69948 84
70016 84
70056 0
70254 84
70604 82
70714 82
70784 0
70796 82
70974 0
71010 84
71188 84
71563 0
71687 84
71787 0
72179 82
72268 0
72436 82
72448 84
72477 0
72776 82
73306 0
73440 82
73506 0
73944 84
73945 0
73983 84
74027 0
74343 84
74345 84
74399 0
74780 84
74806 0
75075 82
75114 84
75149 0
75218 84
75222 84
75582 0
75898 82
76122 0
76356 82
76389 0
76401 82
76410 0
76598 84
76836 0
76866 84
77269 0
77530 84
77716 0
77828 84
77970 0
78031 84
78935 0
78961 84
78991 0
79180 82
79498 0
79684 84
79818 0
79854 84
79955 0
80010 84
80061 0
80413 82
80425 0
80775 84
80834 0
81028 84
81379 0
81637 84
82192 82
82218 84
82918 0
82996 84
83045 84
83092 0
83214 84
83613 0
83724 84
83736 0
83850 82
84040 82
84107 0
84244 84
84818 84
85099 0
85306 84
85322 0
85568 82
85583 84
86230 84
86252 0
86296 84
86364 84
87174 0
87987 84
88147 0
88230 84
88475 0
88476 84
88481 84
88961 0
89375 84
89406 0
89771 84
89801 84
89834 0
90048 84
90189 0
90419 84
90490 84
90961 0
91152 84
91478 0
92265 82
92547 0
92746 84
92959 0
93176 84
93305 0
93453 84
93562 82
93709 0
93757 84
93780 0
93898 82
93948 84
94046 84
94201 84
94560 0
94899 84
95233 0
95274 84
95495 84
95505 0
95884 84
95940 0
95944 82
96147 0
96362 84
96651 0
96724 84
97246 0
97272 84
97360 0
97405 82
98289 0
98351 84
98849 0
98861 84
99105 84
99335 0
99420 84
99531 0
99618 84
99666 0
99752 84
99806 0
99866 84
99868 82
99923 0
612 events for 4
70 52
508 71
511 0
554 57
570 0
773 58
1166 52
1217 0
1513 57
1961 0
2287 57
2336 62
2391 71
2490 58
2512 0
2578 71
2624 0
2721 71
2748 57
2796 0
2834 57
2969 0
3416 56
3628 56
3755 0
3786 58
3902 0
3956 52
4386 0
4728 52
4886 0
4917 57
5200 0
5305 56
5422 58
5805 0
5822 57
5832 0
6605 62
6658 0
6682 58
7232 0
7393 75
7745 0
8059 58
8459 0
8630 52
8969 0
9133 58
9192 0
9292 58
9390 0
9430 75
9538 75
9663 0
9848 56
9998 0
10020 62
10168 0
10173 75
10283 75
10368 0
10407 52
10682 0
10831 56
10967 0
11185 57
11198 58
11220 57
11243 56
11549 0
11719 58
11870 0
11918 75
11945 0
12024 75
12181 0
12424 52
13208 0
13260 62
13596 0
13642 75
14063 0
14136 58
14341 0
14425 58
14657 0
14664 52
14719 0
14742 58
14831 0
14839 58
14924 0
15156 58
15387 62
15415 0
15541 56
15676 0
15971 57
16005 0
16146 71
16325 0
16599 52
16625 58
16695 0
16848 71
17463 0
17880 75
17899 0
17927 52
18071 0
18087 56
18149 0
18298 71
18324 52
18356 0
18377 75
18506 0
18551 75
18597 0
18889 56
19223 58
19398 0
19793 56
19838 0
19921 56
19972 0
19998 57
20382 0
20596 58
20611 0
20616 71
20628 0
20723 52
20728 0
20864 57
20874 57
21043 0
21267 71
21554 52
21596 71
21733 0
21897 58
22096 0
22173 71
22217 52
22464 75
22800 58
22975 0
22977 58
22987 0
23079 57
23126 0
23178 62
23256 0
23968 58
23969 57
23992 57
24017 62
24203 57
24436 52
24764 58
24866 0
25594 62
25709 71
26028 57
26159 0
26264 62
26437 0
26512 71
27041 0
27116 56
27476 0
27615 62
27898 0
27955 52
28342 0
28510 52
28591 0
29114 57
29171 0
29317 58
29339 0
29545 58
29644 0
29883 56
29893 0
29980 62
30642 0
30714 75
30742 0
30847 58
31350 0
31390 57
31492 0
31711 52
31745 0
31919 56
31978 0
32170 58
32211 0
32262 58
32367 0
32373 58
32377 0
32640 58
32682 0
32862 58
33247 0
33462 62
33470 0
33517 62
33717 0
33726 62
33798 0
33932 71
33960 62
33979 0
34165 71
34309 57
34321 0
34426 58
34459 0
34723 58
35061 0
35080 58
35467 0
35485 58
35788 0
35962 57
36227 0
36301 52
36322 0
36582 71
36604 0
36783 58
36903 58
37095 58
37205 75
37660 75
37675 0
38031 58
38330 58
38692 0
38881 58
39084 57
39469 0
39628 56
39715 0
39806 56
40697 0
40805 58
40890 0
41016 75
41065 62
41175 57
41211 0
41351 58
41854 0
41918 62
41919 52
42014 71
42493 0
42541 56
42636 75
42805 0
43062 52
43745 0
43963 71
43999 75
44550 0
44847 57
44892 0
44942 75
44959 0
45114 71
45357 0
45575 52
45606 0
45650 62
45710 0
46100 52
47176 0
47193 62
47650 58
47667 0
48010 58
48394 58
48420 0
48533 57
48640 0
48836 62
49107 0
49131 56
49256 0
49659 58
49963 75
50042 0
50098 71
50122 0
50233 62
50258 0
50301 52
50355 0
50470 58
50512 52
50622 56
50760 75
50873 0
51010 56
51038 0
51248 62
51628 58
51733 0
51875 56
52092 0
52107 58
52143 0
52184 58
52336 62
52410 0
52734 52
52986 0
53069 62
53806 58
53849 71
54255 0
54301 52
54615 0
54764 52
55154 0
55162 71
55195 0
55305 62
55388 75
55484 75
55547 57
55791 0
55829 71
55923 57
56339 57
56401 58
57076 0
57088 75
57162 0
57542 62
57611 71
57616 0
57743 62
57931 0
58067 71
58093 58
58095 0
58393 58
58417 0
58622 56
58699 0
58715 71
58746 0
58850 58
58874 75
59118 0
59500 75
59624 0
59834 62
59855 58
59976 57
59987 0
60368 62
60492 0
60747 75
60885 0
60921 75
60942 58
61152 0
61379 62
61546 0
61776 71
61936 0
62073 71
62317 52
62351 58
62427 75
62651 71
62769 0
62871 58
63193 58
63597 0
63780 56
63783 58
63912 0
63917 56
63985 0
64028 56
64091 0
64407 58
64449 0
64583 57
64733 62
64770 0
65051 52
65185 0
65266 75
65311 0
65338 58
65400 0
65418 52
65472 0
65926 57
66338 58
66384 0
66527 57
66749 58
66821 58
66964 0
67227 57
67304 62
67601 0
67709 75
67731 0
67761 52
68016 0
68066 56
68075 0
68082 58
68470 0
68588 62
69062 0
69160 62
69203 0
69480 62
69580 52
69789 0
69837 75
70401 0
70502 58
70627 57
70823 0
71024 57
71290 0
71295 57
71325 0
71334 62
71434 0
71544 75
71589 0
71619 62
71691 0
72009 71
72172 0
72229 75
72257 0
72359 62
72392 0
72506 62
72535 75
72545 56
72591 0
72679 58
72709 0
72745 62
72818 58
72846 58
72985 0
73499 52
73574 71
74735 56
74743 62
74753 71
74846 0
74902 75
74932 0
74968 56
75329 0
75356 58
75636 0
75680 62
75739 0
75968 52
75973 0
76091 58
76185 52
76384 0
76431 56
76465 0
76502 75
76525 0
76678 57
76746 0
76769 75
76985 0
77293 71
77309 52
77333 0
77427 58
78147 0
78452 75
78533 0
78870 58
79017 57
79357 57
79556 58
79608 0
79856 52
79917 0
79966 52
80050 0
80389 62
80625 0
80867 71
80931 58
80943 0
81051 71
81364 0
81382 56
81396 62
81613 62
81701 0
81855 52
81966 0
82351 62
82381 0
82687 52
82764 0
82917 52
82968 0
83327 58
83623 62
83701 0
83816 75
83911 0
84191 62
84693 57
84939 58
84967 0
85032 71
85606 0
85618 58
86313 0
86360 56
86373 0
86456 58
86473 0
86484 56
86518 57
86605 0
86628 57
87029 52
87412 0
88077 52
88108 0
88116 71
88345 0
88461 58
88486 0
88522 56
88546 0
88601 71
88784 0
89161 56
89372 0
89852 71
89925 0
89958 58
90220 0
90363 56
90395 0
90402 71
90575 0
90692 56
91205 0
91590 52
91627 0
91935 57
92017 0
92056 58
92127 0
92419 58
92568 71
92690 0
93338 71
93361 57
93674 0
94040 58
94481 0
94674 57
94675 0
94739 71
94820 0
94907 75
94980 58
95437 0
96429 75
96736 71
97280 58
97283 71
97395 0
97603 57
97688 0
97728 58
97872 0
97901 58
97949 0
98042 56
98286 0
98393 52
99094 0
99129 62
99197 0
99220 56
99231 71
99985 0
276 events for 5
372 51
424 0
472 60
832 0
1505 51
1722 0
2457 60
3103 0
3267 60
3414 0
3637 60
3889 0
3978 60
5317 0
5673 60
5756 60
5924 0
6173 51
6594 0
7115 60
8452 51
9257 0
9888 60
10893 0
10978 60
12227 60
12336 0
12418 60
12766 0
14236 60
14429 60
14543 60
15091 0
15475 60
15497 60
16552 0
17118 51
17188 0
17822 60
19157 0
20280 60
20564 0
20922 60
21231 0
21711 51
22783 51
23026 60
23472 0
23694 51
23977 0
24326 60
24415 60
24490 0
24598 60
24667 0
25000 60
25160 0
25826 60
26890 0
27089 51
27409 51
27665 0
28392 51
28560 0
28655 51
28733 60
28897 0
29225 60
29739 51
30039 0
30522 60
30574 0
30639 51
30756 0
31072 60
31523 0
31651 60
31664 0
31690 51
31710 60
32180 60
32280 0
33996 51
34157 0
34939 60
34973 60
35248 60
35309 51
35363 0
35606 60
36387 0
36516 51
36896 51
36897 0
37003 60
37161 60
37462 0
37781 60
37847 0
38096 60
38358 0
38378 60
38403 0
38741 60
38848 60
39561 0
39946 60
40195 51
40223 0
40879 60
41910 60
42007 0
42093 51
42126 0
42333 51
42696 51
42918 51
43252 0
43994 60
44120 0
44549 60
44803 0
44968 60
45168 51
45290 0
45410 60
46525 60
46636 60
47325 0
47459 51
47651 0
48849 51
48954 0
49195 51
49386 60
49550 0
49583 51
50166 0
50571 60
50756 60
50922 60
51041 0
51396 60
52050 0
52108 60
52182 0
52725 60
53028 0
53184 51
53842 0
54368 51
55168 0
55291 60
56540 0
56772 51
57153 0
57243 51
57608 0
58333 60
58339 60
58408 0
58486 60
58657 0
58727 60
58771 0
59289 51
59468 60
60313 0
60533 60
61053 0
62190 51
62556 0
62805 51
62940 0
63790 60
63982 0
64053 51
64515 0
64585 51
64812 0
64845 51
65356 60
66179 0
66627 51
66629 0
67610 51
68030 60
68522 60
68597 60
68663 0
69110 60
69460 0
70296 60
70418 0
70425 51
70526 51
70620 0
70656 60
70861 0
71063 60
71328 0
71551 60
71778 0
72287 60
73127 0
73940 51
74805 0
75131 60
75816 0
77356 60
77502 0
78031 60
78197 0
79060 60
79080 51
79955 0
80539 51
80587 51
80593 0
80623 60
81304 0
82012 51
82134 51
82269 0
82508 60
82888 0
83359 60
84124 60
84377 60
84497 0
85319 60
85683 51
86336 0
86721 51
86851 60
87023 0
87187 51
87260 60
88149 0
88282 60
88370 0
88467 60
88767 0
89002 60
89243 60
89382 51
89806 60
89962 60
90231 60
90303 0
90685 60
90742 0
90809 60
91466 0
91856 60
92394 0
92680 51
92949 0
93344 60
93673 0
93958 51
94160 60
94219 0
95024 60
95141 0
95160 60
95252 0
96097 60
96591 0
96846 60
97028 0
97507 51
97514 0
98475 51
98520 60
99537 60
167 events for 6
202 23
243 0
1397 49
1522 0
3379 32
3457 0
4151 23
4585 0
4610 32
5294 0
5780 49
6655 0
6734 57
6824 0
7834 49
8468 0
8631 57
8963 0
9036 32
9885 0
10009 49
10396 0
12284 57
12393 0
13188 23
13449 0
14530 57
14536 0
15505 53
15678 28
15747 32
16088 32
17790 23
18641 49
18703 0
21029 49
21089 0
21638 53
22990 53
23467 0
23575 57
24811 0
24828 57
25197 53
26148 28
26520 0
26730 53
26978 0
26982 23
27007 0
29206 53
30203 0
30757 49
31278 57
31562 0
32308 23
32488 53
33042 0
33211 53
33338 0
33562 57
33806 0
34063 57
34984 0
35702 28
36053 0
37890 49
38266 23
38386 0
38437 28
38750 0
39252 53
39524 0
40022 32
40897 32
41256 53
41463 49
42006 49
43128 53
43142 0
44535 23
44581 49
44994 0
45973 23
46571 0
46719 49
48541 0
48545 49
49483 0
49617 32
50750 0
50840 57
51828 23
52625 0
53273 53
53746 0
53948 49
53965 0
55139 28
55412 0
56020 32
57308 0
57334 53
57651 0
58251 49
59046 23
59931 0
60271 49
60968 0
61028 53
62083 53
62770 0
63030 23
63272 28
63810 0
64083 32
64758 0
64882 53
65801 23
66163 0
66605 49
66796 0
67238 28
68733 0
68808 57
69030 0
69593 23
70310 0
71809 57
72442 0
73077 53
73694 0
75357 23
75980 0
76154 32
76307 0
77801 28
77993 0
80145 57
80320 0
82108 28
82354 0
82735 32
84997 0
86047 28
87010 23
87925 0
88559 57
89200 0
89916 28
90079 53
90236 0
90525 53
90575 0
90692 53
91487 0
91596 32
92403 28
92705 0
94356 23
95272 0
95735 32
95799 49
97286 0
97358 57
98761 0
99033 57
803 events for 7
64 37
84 30
162 0
257 30
384 0
543 62
576 0
650 37
651 0
982 37
1006 72
1319 62
1364 0
1562 37
1566 0
1657 30
1760 0
1811 30
1856 62
1988 0
2041 62
2054 0
2516 62
2563 37
2593 0
2976 30
3093 0
3278 30
3382 0
3423 30
3487 0
3539 30
3569 62
3589 30
3723 0
3730 62
3775 0
3940 62
4191 30
4207 37
4220 0
4237 72
4525 0
4758 30
4763 0
4941 72
5172 0
5286 30
5452 62
5836 0
5970 30
5987 37
6083 62
6159 62
6648 0
6661 62
6775 0
7061 62
7125 0
7147 30
7340 0
7374 30
7516 0
7613 30
7870 0
8239 72
8320 0
8385 30
8549 0
8848 72
8968 0
9025 30
9344 0
9538 62
9667 0
9894 62
9992 0
10111 62
10117 0
10300 62
10672 30
10690 0
10780 37
10958 62
10983 0
11111 37
11209 30
11553 62
11579 0
12144 30
12336 62
12581 72
12662 0
12696 72
12965 0
12985 72
12996 0
13216 37
13287 0
13431 72
13635 0
13658 30
13711 0
13832 62
13890 0
13907 72
14003 0
14007 37
14218 0
14413 30
14502 0
14516 72
14568 0
14595 72
14861 0
15058 30
15358 0
15399 37
15408 0
15417 37
15663 0
15728 62
15733 0
15743 72
15823 0
15973 72
16117 72
16328 0
16374 30
16701 0
16905 72
16971 0
16996 62
17083 72
17147 30
17195 0
17320 72
17590 0
17689 37
17889 72
17952 0
17984 37
18124 62
18216 0
18324 72
18353 0
18355 72
18417 0
18501 30
18737 0
18771 72
18785 37
18855 0
18959 62
19002 0
19004 72
19093 0
19117 30
19154 0
19287 30
19377 30
19456 62
19556 0
19648 37
19726 0
19750 72
19805 62
19818 62
19888 37
19931 0
19974 37
19978 72
20158 0
20189 62
20239 37
20356 0
20579 72
20592 0
20685 62
20750 0
20930 30
21091 0
21121 72
21170 0
21243 30
21324 62
21457 0
21761 72
21787 0
21796 72
21907 62
22294 72
22381 0
22423 30
22658 0
22710 72
22771 30
22843 37
22901 0
22919 62
22969 0
23243 72
23693 0
23752 37
23804 72
23956 0
24107 72
24158 0
24238 72
24340 0
24487 30
24565 0
24592 37
24631 0
24866 30
24908 0
25170 72
25248 0
25290 37
25417 0
25629 62
25691 0
25749 62
25883 0
25934 37
26008 37
26196 0
26215 30
26246 0
26330 30
26362 37
26482 30
26496 0
26501 30
26533 0
26587 62
26957 0
27040 37
27191 0
27259 72
27336 0
27535 30
27608 0
27618 72
27724 0
27841 62
27843 37
28030 0
28178 72
28238 0
28270 72
28712 30
28813 0
28948 72
29101 0
29355 30
29477 0
29577 62
29798 0
30153 72
30429 62
30472 37
30697 0
30806 30
31099 30
31100 0
31138 30
31355 0
31461 72
31483 0
31490 72
31582 0
31600 30
31628 72
32332 0
32396 72
32483 0
32605 62
32750 0
32752 37
32922 0
32949 30
33048 62
33118 37
33130 0
33135 30
33304 72
33370 0
33551 37
33647 62
33813 30
33990 0
34046 62
34148 0
34183 30
34239 0
34249 37
34405 0
34470 62
34686 0
34704 30
34934 0
34975 72
35027 0
35299 72
35596 0
35769 62
35932 0
36063 62
36198 62
36219 30
36365 0
36499 72
36652 0
36856 37
36861 0
36872 37
36889 0
36961 37
36990 37
37025 30
37401 0
37460 30
37501 0
37504 72
37519 0
37600 72
37667 0
38000 72
38026 0
38037 37
39000 72
39057 0
39113 62
39436 0
39808 30
39891 0
39973 37
40084 0
40187 37
40222 0
40299 72
40430 72
40438 62
40504 37
40618 0
40729 37
40888 0
41011 30
41138 0
41245 30
41278 37
41656 0
41892 62
41894 0
42039 62
42298 0
42315 30
42325 30
42445 72
42522 0
42537 30
42569 37
42637 0
42714 62
42890 72
42965 0
43128 62
43181 30
43294 62
43447 0
43456 37
43666 0
43904 37
44388 37
44435 0
44438 62
44483 0
44530 30
44686 0
44784 72
44900 0
45251 62
45263 0
45265 62
45767 30
45828 0
46422 72
46567 0
46592 37
46672 0
46687 72
46945 0
47166 30
47384 0
47411 30
47591 37
47812 37
47984 72
48009 0
48115 37
48159 62
48331 0
48333 72
48438 0
48474 30
48742 0
48765 72
48766 0
48881 30
49011 62
49043 0
49247 30
49565 0
49820 30
50004 0
50039 37
50111 0
50128 72
50158 37
50260 37
50341 0
50446 37
50824 0
50857 37
50858 0
51274 72
51749 0
51828 37
52099 0
52240 37
52431 0
52452 37
52590 0
52627 72
52697 72
52730 0
52908 30
53034 62
53110 72
53564 0
53661 37
54007 62
54111 30
54277 0
54400 62
54607 0
54744 30
54891 62
54974 37
55001 0
55347 72
55537 62
55564 0
55619 37
55635 0
55833 37
55889 0
56219 62
56287 37
56325 37
56364 0
56457 30
56510 30
56807 0
56831 72
56930 30
57090 0
57252 37
57541 30
57687 0
57849 72
57865 30
57934 0
58076 72
58170 37
58503 37
58720 0
58803 72
58878 0
59097 72
59124 0
59369 72
59405 62
59528 0
59551 62
59730 30
59743 30
59858 0
59949 62
60121 0
60379 37
60414 0
60607 72
60713 62
60901 0
61373 62
61434 30
61447 0
61532 30
61569 30
61701 0
61760 30
61921 0
62005 30
62031 0
62131 37
62294 0
62478 30
62511 0
62563 37
62599 37
62682 0
62806 30
62839 72
63045 0
63074 72
63124 72
63408 0
63431 37
63480 0
63512 62
63531 0
63543 62
63722 0
63732 72
63862 0
63982 62
64015 0
64075 72
64148 62
64233 62
64437 0
64444 62
64629 0
64672 72
64987 0
65197 30
65416 0
65513 72
65586 72
65743 0
65762 37
66230 0
66666 62
66778 0
66806 72
66853 37
66951 0
66959 37
67020 0
67311 30
67463 0
67466 30
67553 30
67719 0
67776 72
67853 0
68057 37
68089 0
68175 37
68468 62
68597 0
68725 37
68935 0
69064 72
69157 0
69291 62
69418 0
69426 62
69645 0
69763 72
70020 0
70085 37
70231 0
70344 72
70456 0
70503 62
70548 62
70638 0
70639 72
70818 0
70821 30
70833 62
71075 30
71092 0
71127 72
71158 0
71195 37
71476 62
71630 0
71723 30
71748 0
71859 62
71905 0
72072 30
72163 0
72320 37
72500 0
72505 30
72894 0
73114 62
73235 62
73303 0
73331 62
73355 72
73565 30
73691 30
73934 0
73958 72
74001 0
74121 37
74147 0
74213 30
74270 0
74305 37
74559 0
74579 30
74644 0
74845 62
75047 0
75074 37
75084 0
75182 72
75317 0
75382 30
75475 30
75538 0
75867 62
76026 0
76173 37
76199 0
76590 37
76650 62
76661 0
76798 62
77057 0
77153 37
77315 62
77348 0
77430 37
77560 0
77721 72
77733 37
77964 0
78022 37
78057 0
78236 30
78250 72
78446 0
78459 72
78649 0
78691 30
78733 0
79093 37
79524 72
79790 30
80156 0
80182 62
80299 72
80428 0
80436 62
80510 30
80551 0
80886 62
81012 72
81092 0
81375 30
81591 37
81710 0
81727 37
82047 0
82175 30
82563 0
82878 72
83171 0
83402 37
83454 62
83478 0
83502 30
83587 0
83713 30
83756 0
83974 30
84470 62
84585 37
84698 0
85039 62
85053 0
85315 37
85501 0
85761 62
85767 0
86382 37
86726 0
86966 62
87679 0
87828 72
87904 0
87928 62
87970 30
87971 0
88058 30
88165 0
88277 72
88420 0
88530 72
88562 37
88738 0
89136 72
89357 37
89362 0
89803 72
89879 0
90093 37
90129 30
90476 0
90501 30
90540 37
90590 0
90728 62
90969 0
91100 30
91185 0
91436 30
92008 0
92077 37
92113 0
92190 30
92298 62
92414 37
92426 0
92455 62
92511 0
92547 30
92554 0
92665 62
92936 30
93014 0
93060 72
93264 0
93355 30
93471 0
93558 30
93590 30
93745 72
93785 0
93833 37
94205 0
94242 62
94780 0
94862 30
94865 0
94940 30
95352 0
95776 62
95794 37
95912 0
95965 37
96023 62
96074 72
96210 0
96278 72
96560 0
96596 72
96747 0
96879 72
96930 0
96938 30
97008 37
97083 0
97197 30
97567 0
97782 37
97824 0
97978 30
97980 0
98156 72
98322 0
98352 72
98516 0
98563 62
98573 62
98588 0
98641 30
98656 0
98671 72
98758 0
99206 62
99233 0
99280 72
99416 0
99478 37
99526 0
99529 37
99534 0
99583 37
99590 0
99658 30
99691 0
99718 72
99819 0
99941 37
903 events for 8
169 74
188 0
219 74
361 74
371 0
559 74
561 0
562 78
710 0
779 78
972 0
1039 78
1042 0
1062 74
1712 0
2028 45
2121 0
2218 78
2521 45
2670 0
2690 74
2804 0
2883 74
3029 45
3141 74
3298 0
3449 45
3721 78
3734 74
3812 0
3890 74
4119 0
4142 78
4172 0
4190 74
4232 0
4342 78
4473 0
4546 78
4634 0
4710 74
4798 45
4807 0
5092 45
5109 0
5359 78
5512 0
5567 45
5611 0
5916 45
6201 0
6766 74
6840 0
7135 74
7137 0
7181 74
7249 0
7433 74
7436 0
7532 74
7566 0
7576 78
7604 0
7609 45
7947 0
7978 74
8102 0
8116 78
8197 0
8253 78
8455 0
8500 45
8560 0
8612 74
8750 74
8910 0
9030 74
9038 78
9056 0
9137 74
9151 0
9264 45
9376 0
9480 74
9608 0
9619 78
9670 0
9771 74
9827 0
9830 45
10101 0
10206 45
10340 0
10430 45
10490 0
10608 78
10658 0
10669 74
10763 0
10832 45
11460 0
11560 74
11725 78
11788 0
11959 74
12006 45
12041 0
12077 78
12179 0
12235 78
12451 0
12499 74
12676 0
12814 74
12841 0
12881 74
13429 0
13515 78
13638 74
13800 0
14016 78
14021 74
14115 0
14151 78
14214 0
14303 45
14315 0
14362 78
14382 78
14499 45
14609 45
14832 0
14935 45
15083 0
15094 74
15191 74
15503 0
15521 78
15775 0
15835 45
15887 0
15921 78
15947 74
15953 0
16259 74
16266 0
16646 45
16771 0
16906 78
16910 45
17033 78
17233 0
17298 78
17414 45
18023 0
18034 78
18060 0
18321 74
18456 0
18464 78
18481 0
18494 78
18597 0
18768 74
18932 0
18977 74
18979 0
19127 78
19163 74
19545 0
19585 74
19675 78
19833 0
19895 45
19971 0
19986 45
20179 0
20322 45
20448 78
20479 0
20573 45
20592 74
20759 78
20881 74
20919 78
21077 0
21090 78
21196 0
21264 74
21390 74
21870 0
21887 74
22042 45
22103 0
22165 45
22193 0
22275 78
22833 0
22885 74
23075 74
23121 74
23135 0
23291 78
23300 45
23341 74
23666 0
23833 74
24249 0
24741 45
24897 0
25037 74
25309 0
25324 78
25364 0
25941 45
25942 0
26002 45
26065 0
26520 74
26737 74
26986 78
27099 0
27134 74
27202 45
27310 0
27981 74
28204 74
28286 45
28374 0
28410 78
28434 0
28634 74
28730 0
28772 74
28803 0
28865 74
28891 78
28990 0
29011 45
29016 0
29271 74
29373 0
29384 45
29492 0
29724 74
29725 0
29754 74
29879 0
29897 78
29983 0
30052 74
30091 45
30217 74
30343 0
30389 45
30391 0
30403 45
30494 0
30545 78
30601 0
30811 74
30906 0
31082 74
31167 74
31394 0
31408 78
31481 0
31774 74
31881 0
31999 45
32009 0
32328 78
32329 0
32405 74
32435 45
32462 0
32494 45
32558 0
32700 78
32704 74
32782 78
32837 0
32845 45
33305 0
33391 78
33562 0
34209 74
34279 0
34308 45
34369 74
34618 0
34624 78
34640 0
34748 45
34773 0
34778 74
35079 78
35229 0
35260 74
35265 0
35397 78
35830 0
35912 74
36071 45
36133 0
36312 45
36563 0
36607 78
36790 45
36877 0
36914 74
36944 0
36957 78
37077 0
37161 78
37194 0
37238 78
37324 0
37365 74
37536 74
37652 0
37755 78
37931 0
38199 45
38210 0
38215 78
38405 74
38411 0
38504 45
38578 0
38650 78
38727 0
38865 78
39040 0
39366 74
39471 78
39512 78
39720 0
39742 74
39765 74
39774 0
39792 74
39860 0
39883 45
40038 0
40112 74
40296 0
40317 78
40324 0
40338 78
40593 0
40631 74
40651 0
40666 45
40769 0
40919 78
40932 78
40944 78
41041 78
41301 0
41416 78
41520 0
41652 78
41714 0
41847 45
41978 0
42024 78
42028 0
42109 74
42313 78
42474 0
42509 74
42555 0
42559 45
42621 0
42771 78
42854 0
42882 78
42920 0
43027 78
43172 0
43294 45
43360 0
43499 78
43538 0
43566 45
44013 74
44039 0
44095 78
44336 45
44458 0
44518 74
44649 0
44652 74
44717 74
44719 0
44792 45
45023 0
45203 74
45236 0
45285 45
45447 78
45879 0
45907 78
46015 0
46196 45
46252 0
46382 74
46534 74
46612 0
46693 45
46733 0
46759 45
47240 0
47346 45
47465 0
47478 78
47583 0
47706 45
47733 0
48201 74
48406 74
48443 0
48475 74
48646 0
48706 78
48914 0
49062 78
49108 78
49197 0
49285 78
49378 78
49415 0
49520 74
49753 0
49776 78
50087 0
50149 78
50191 45
50194 45
50211 0
50213 78
50406 74
50472 78
50484 0
50626 78
50648 74
50651 74
50702 0
50717 78
50729 0
50855 74
50885 0
50950 45
50976 0
51059 45
51072 45
51162 0
51266 45
51329 0
51592 45
51734 45
51741 0
51750 74
52262 0
52334 45
52379 45
52405 0
52528 74
52539 0
52596 45
52664 0
52687 78
52693 0
52751 45
52820 45
52900 0
52932 45
53229 0
53292 78
53319 0
53427 78
53498 0
53504 78
53729 78
53812 0
53825 74
53966 0
54094 74
54330 45
54334 45
54466 0
54502 78
54577 74
54587 0
54627 45
54714 0
54807 45
55006 0
55243 45
55391 74
55398 74
55583 0
55764 74
55783 0
55909 45
56621 0
56629 78
56631 0
56769 78
56794 0
57276 74
57366 0
57454 78
57483 0
57798 74
57834 0
57848 74
57884 0
57887 74
57890 78
57941 74
58200 45
58256 0
58282 74
58426 0
58453 74
58522 0
58676 78
59136 45
59205 0
59220 74
59281 0
59286 78
59360 78
59429 45
59509 45
59531 0
59586 45
59742 45
59796 0
59908 78
59917 0
60231 78
60387 0
60639 78
60706 45
60734 0
60772 45
60813 0
60817 74
61038 45
61127 78
61212 0
61338 78
61886 45
61895 0
61979 78
62025 0
62093 45
62438 0
62526 78
62540 0
62572 45
62615 45
62629 0
62695 78
62865 0
62906 78
63080 0
63085 78
63151 45
63216 78
63235 0
63441 74
63538 0
63837 45
64046 0
64059 45
64101 0
64169 45
64291 0
64469 74
64881 0
65022 74
65024 45
65053 78
65094 0
65120 74
65234 0
65576 45
65697 78
65784 0
65790 78
65915 0
66022 45
66237 0
66247 78
66277 0
66380 74
66407 0
66453 45
66728 45
67020 0
67030 78
67049 0
67215 78
67295 78
67307 45
67372 0
67431 74
67599 0
67612 74
67623 78
67666 0
67919 78
68087 45
68095 45
68133 0
68199 78
68262 0
68311 78
68415 0
68479 78
68882 0
68924 45
68933 0
69052 78
69057 0
69102 74
69243 0
69293 78
69319 0
69379 74
69380 78
69470 45
69657 0
69743 74
69846 74
69928 0
70021 45
70140 0
70184 78
70216 0
70411 45
70489 74
70634 0
70825 45
71079 0
71393 45
71517 0
71558 74
71573 78
71662 74
71849 0
71860 45
71888 45
71899 0
71928 45
71932 0
72198 78
72351 0
72604 74
72697 45
72839 0
72901 74
73162 0
73365 74
73447 0
73790 45
74148 0
74266 45
74334 0
74370 78
74439 45
74512 74
74523 0
74609 45
74708 0
74713 78
74753 0
74800 74
74819 0
75075 45
75193 78
75285 0
75301 45
75329 0
75342 78
75353 74
75361 0
75440 74
75585 0
75601 78
75695 0
75774 74
76009 0
76059 78
76070 0
76159 78
76164 0
76203 74
76245 0
76370 78
76624 0
76754 45
77030 78
77068 78
77121 45
77190 45
77242 78
77244 0
77267 78
77610 0
77673 45
77831 0
78125 45
78208 0
78472 74
78567 0
78800 45
78862 74
79021 0
79721 45
79788 0
79874 74
80035 74
80139 45
80377 0
80396 74
80401 0
80426 74
80471 0
80659 78
80749 0
80812 78
80886 0
81297 78
81348 0
81373 45
81404 0
81410 74
81455 0
81509 74
81728 0
81811 45
81953 0
82089 45
82090 78
82125 45
82136 45
82157 78
82195 0
82268 74
82421 0
82461 45
82632 0
82709 78
83160 74
83309 0
83312 45
83364 74
83700 0
83731 74
83783 0
83838 45
83869 0
83969 74
83971 0
84021 74
84022 45
84289 0
84405 74
84432 0
84586 45
84639 0
84709 74
84784 0
84848 74
85159 45
85259 0
85270 78
85273 74
85393 0
85406 74
85589 0
85687 74
85951 74
86292 0
86320 45
86386 0
86769 78
86845 0
86907 78
87039 78
87150 0
87413 45
87489 0
87549 45
87615 74
88077 0
88265 74
88291 0
88337 78
88538 0
88546 45
88623 0
88638 45
88697 0
89038 45
89109 0
89240 78
89267 0
89344 45
89425 0
89553 45
89749 0
89768 45
89797 0
89827 74
89924 0
90015 78
90068 0
90167 74
90185 0
90286 74
90311 45
90422 0
90449 78
90525 0
90589 74
90626 45
90794 0
90941 74
91236 0
91327 45
91690 74
91789 0
91980 74
92005 0
92144 74
92408 45
92497 0
92579 45
92638 0
92694 78
92739 45
92783 78
93132 0
93216 74
93499 0
93501 74
93711 78
93750 0
93914 45
93972 0
93981 74
94056 0
94116 74
94232 0
94233 74
94683 74
94790 0
94882 74
95154 45
95214 0
95294 45
95345 78
95375 0
95582 78
95660 45
95804 78
95870 0
96006 74
96128 0
96470 74
96588 78
96797 78
96857 0
97063 45
97271 0
97487 74
97615 45
97707 74
97710 0
97762 78
97893 0
97926 74
97943 0
98090 74
98178 0
98368 78
98804 0
99430 45
99554 78
99573 0
99574 45
99635 78
99638 45
99644 0
99689 74
99706 0
99962 74
218 events for 9
1233 55
1324 64
1527 0
3019 55
3454 55
3753 0
3961 48
4132 40
4367 0
4473 55
4750 0
4994 40
5508 0
6139 53
6396 64
6797 0
6828 53
6878 0
7630 64
7740 0
7783 48
7843 0
8006 40
8266 0
8677 64
9041 48
9972 53
10449 0
10488 40
10818 0
11191 64
11538 0
12446 55
12620 55
12688 64
13057 0
13087 48
13750 0
13907 48
14357 0
15745 40
17342 0
17450 55
17865 0
18195 48
18257 0
18439 53
19883 48
19950 53
20166 64
20408 40
21526 0
21541 64
21599 0
22442 64
23856 0
23995 53
24730 0
25206 53
25530 0
25602 53
25779 0
25844 48
25846 0
26575 48
27151 0
28877 64
28908 40
29917 53
30118 0
30179 64
31468 0
31618 55
31664 40
32089 0
32185 48
32369 0
33045 53
33140 0
33770 55
34386 0
34525 40
34671 0
35287 55
35986 0
36961 48
37358 0
38524 48
38532 64
38595 0
39056 64
39116 64
39901 0
40043 48
40430 0
40790 53
40944 0
41211 48
41336 0
41374 64
42006 0
42750 64
43067 0
43486 64
43567 0
43665 64
43807 0
43892 40
44806 0
45198 53
45779 0
46755 53
47229 0
47391 40
47732 0
47910 40
48843 0
49074 48
49215 0
49666 48
49757 0
49826 40
49873 0
52775 55
53331 0
54068 64
55148 0
55423 48
55544 53
55857 0
56414 64
56465 0
56556 55
58236 55
59016 0
59754 53
60296 0
60382 53
60906 53
61909 55
61970 0
62351 48
62965 0
64568 53
64764 0
64881 40
65460 0
65956 53
66010 40
66226 0
66341 55
66479 53
67600 0
67888 48
68251 0
68798 53
69112 0
69902 53
70286 64
70440 0
71693 55
71703 0
71723 55
71943 0
72027 48
72084 0
73662 40
74005 0
74365 53
74432 0
75775 64
75953 0
76817 48
77006 0
77823 64
78321 0
78550 53
78918 0
79167 64
79318 64
79647 0
80338 64
80670 0
81800 55
81899 53
83121 0
83712 64
84297 0
86122 53
86893 0
87067 64
87571 0
88079 53
88195 0
88740 40
89695 0
90313 40
91092 0
91699 55
92040 64
92520 0
92738 64
92805 53
93516 40
94960 0
95253 55
95877 0
96276 64
96566 0
96952 40
97748 0
97763 48
98147 0
98434 53
98619 0
98887 64
98984 0
99756 40
266 events for 10
767 77
1581 0
1668 67
1913 0
1932 77
2021 0
2347 77
2538 0
2911 67
3363 0
3927 77
4570 0
4791 77
7473 0
7937 77
8166 0
8591 77
8974 0
9682 67
9779 67
10482 0
10965 77
10968 0
11448 67
11692 0
11811 67
12287 0
13328 77
13806 0
13855 77
14388 77
16034 0
16106 77
16240 0
16515 67
16516 0
17342 77
17515 0
17536 67
17711 0
17833 77
18117 77
18220 77
18397 0
18466 77
18919 67
19269 0
19434 67
20220 77
21150 0
21512 67
21550 0
21797 67
21890 0
22127 77
22296 0
22334 77
23042 0
23479 67
23621 0
25012 77
25043 0
25555 67
25583 67
25644 0
26984 67
27122 0
27190 67
27410 67
27738 0
28615 67
29313 77
29578 0
29748 67
29893 0
29919 77
29974 0
30170 67
31009 0
32032 67
32234 0
32430 77
33145 0
33509 67
34288 0
34705 67
36674 67
37455 0
38139 67
38312 0
38422 67
38612 0
39007 77
39821 0
40433 67
41249 0
41587 77
41642 0
41924 77
42375 0
42521 67
42633 0
42771 67
42837 0
43489 77
43531 77
43805 0
43942 67
44015 0
44087 77
44569 67
45710 0
46042 67
46173 67
46586 0
46825 77
46874 77
48053 0
48195 77
48284 67
49164 0
49763 67
50378 0
50511 67
50673 67
50852 0
50994 67
51262 0
51489 67
52312 0
52512 67
52843 0
53394 77
53625 0
53661 77
54640 0
54676 67
55019 77
55385 0
55407 67
55731 0
56924 77
57412 0
57652 67
58054 67
58062 0
58164 67
58629 0
58711 77
58855 77
59149 0
59254 77
59444 77
59553 0
60117 77
60322 0
61000 67
62221 0
62670 77
62819 77
63070 77
63233 77
63461 0
63470 67
64545 0
65599 67
65959 0
66338 77
66464 0
67038 67
67120 0
67364 77
67535 0
67982 67
68001 0
68225 77
68238 0
68536 77
69061 0
69544 67
69766 0
70237 67
71058 0
71156 67
71274 0
72022 77
72443 67
72676 67
72703 0
72824 67
73191 0
73225 67
73448 0
74056 77
74104 67
74246 77
74721 67
75176 0
75387 67
76510 77
76603 0
76761 77
77126 0
77205 77
77231 77
77326 0
77622 67
77671 0
77712 77
77795 0
77990 77
78869 0
79098 67
79638 0
79804 67
81400 0
81491 67
81884 67
82294 0
83210 77
83479 0
84653 67
84782 0
85586 67
85899 0
86055 67
86425 0
86801 67
86855 0
86908 67
87375 0
87430 67
88477 0
89317 67
89385 77
89574 0
89679 77
89810 0
90358 77
90455 0
91008 77
91351 0
91648 67
92246 0
92412 77
92829 0
93142 67
93720 0
93901 67
94334 0
94500 67
96166 0
96607 67
96780 0
96865 67
97133 0
97182 77
97343 0
97554 67
97746 0
98209 77
98249 0
98386 67
99294 77
99384 0
99485 77
659 events for 11
130 14
346 0
389 14
470 0
485 11
583 14
597 0
663 16
673 0
959 16
975 11
1112 0
1178 16
1728 0
2161 14
2512 0
2610 11
2722 16
2777 0
2988 14
3004 0
3237 14
3512 0
3560 11
3580 0
3955 14
3974 0
4022 14
4070 0
4175 16
4418 11
4490 0
4539 16
4712 11
4996 0
5211 11
5580 16
6145 0
6336 14
6797 0
6969 14
7205 0
7334 14
7457 0
7511 11
7558 0
7681 16
7901 0
7921 16
8013 0
8325 11
8326 0
8418 11
8484 0
8553 14
8662 0
8781 14
8974 0
9059 14
9137 0
9171 14
9229 0
9464 14
9834 14
10274 0
10395 11
10415 0
10423 16
10443 16
10833 0
10835 16
11387 0
11477 11
11539 11
11737 0
11891 14
11972 14
12495 0
12506 14
12574 0
12624 14
12672 16
12850 0
13154 14
13325 0
13506 16
13877 0
13984 14
14085 0
14144 14
14239 0
14343 16
14375 0
14779 16
15110 0
15364 16
15607 0
15626 16
15746 0
15772 14
15961 0
16055 11
16289 0
16478 14
16496 0
16812 11
16846 11
17142 0
17176 16
17368 0
17791 16
17894 0
17907 16
18000 0
18083 14
18085 0
18257 14
18429 14
18639 0
19204 14
19433 0
19449 16
19467 0
19545 14
19712 0
19724 16
19991 0
20021 16
20041 0
20173 16
20239 0
20289 14
20354 11
20474 0
21189 16
21420 0
21589 14
21925 0
22031 11
22241 16
22763 0
22797 16
22807 0
22927 16
22948 0
23155 11
23234 0
23305 14
23533 0
24092 16
24340 0
25027 16
25120 0
25177 11
25196 16
25201 11
25231 0
25341 11
25537 0
25642 14
25994 0
26058 14
26370 0
26469 11
26687 0
26884 14
27769 0
28146 11
28437 0
28481 14
28509 16
28647 0
28712 16
28734 14
28750 14
28768 0
28940 16
29014 0
29089 11
29090 16
29578 0
30016 11
30030 0
30071 16
30232 0
30457 14
30514 16
30748 14
30806 0
30882 11
30916 0
30994 14
31709 14
31827 0
31924 16
32015 14
32111 14
32129 0
32277 16
32739 16
32853 0
33072 11
33183 0
33207 11
33335 0
33486 16
33501 0
33515 11
33561 0
33596 11
34000 0
34228 11
34295 11
34433 0
34570 11
34582 11
34602 0
34678 16
34736 0
35186 16
35241 0
35899 16
35929 0
35999 16
36045 0
36199 11
36256 0
36662 16
36788 11
36817 14
36869 11
36883 0
36941 16
37070 0
37263 14
37269 0
37478 11
37554 0
37752 16
38001 0
38041 11
38314 0
38656 14
38739 0
38751 14
38801 0
38945 14
39105 14
39108 0
39113 16
39183 0
39493 11
39576 0
39624 16
40443 16
40711 0
40790 16
41091 14
41305 0
41389 11
41655 0
41781 16
41990 16
42026 16
42140 16
42229 16
42590 11
42622 14
42700 0
42827 14
42851 0
42915 16
43226 14
43443 0
43452 16
43647 14
43711 16
43798 0
44356 11
44499 0
44549 14
44887 0
45134 14
45153 0
45818 11
45853 0
46236 11
46437 0
46449 14
46484 0
46727 14
46842 11
47272 0
47280 14
47301 16
47358 11
47428 0
47966 16
48109 0
48217 11
48245 0
48429 16
48528 0
48787 16
48933 14
48998 0
49433 14
49460 0
49758 14
49865 0
49974 14
50128 0
50170 11
50191 0
50476 16
50527 0
50581 14
50624 14
50792 0
50880 16
50888 0
50904 11
51234 0
51493 11
51595 0
51691 16
51943 0
51987 16
52019 0
52057 16
52106 0
52178 14
52230 14
52293 0
52310 14
52328 0
52351 14
52666 0
52709 11
52789 0
52965 14
52983 0
53129 16
53236 14
53255 0
53334 16
53639 14
53865 0
54037 16
54272 16
54982 0
55215 16
55382 0
55394 11
55395 11
55683 0
55717 14
55736 16
55792 14
56216 11
56433 0
56501 14
56658 0
56669 11
56816 0
56886 16
56905 11
56955 0
57046 11
57190 0
57480 14
57508 0
57606 14
57664 0
57981 11
58147 0
58269 16
58382 0
58633 14
58705 16
58856 0
59038 16
59056 11
59226 11
59300 0
59349 16
59402 0
59712 16
59776 0
60074 16
60158 14
60339 11
60417 14
60550 16
60565 0
60802 11
61095 0
61712 11
62065 0
62112 16
62264 0
62534 11
62746 11
62976 0
63121 11
63215 11
63284 0
63340 11
63425 0
63632 16
63720 0
63782 11
63984 0
64136 14
64160 0
64185 14
64270 0
64301 14
64384 14
64451 0
64484 11
64495 0
64688 16
64928 0
65049 14
65163 14
65191 16
65563 11
65644 0
65732 11
65772 11
65840 11
66015 0
66035 16
66506 0
66626 14
66714 11
66848 16
66854 0
66960 11
67184 0
67191 16
67248 11
67427 14
67495 0
67508 11
67718 0
68159 14
68174 0
68202 11
68289 0
68341 14
68421 0
68690 11
68692 0
69121 11
69134 11
69898 0
69910 14
70051 0
70432 11
70948 0
70969 14
71127 0
71327 14
71515 16
71874 0
72026 16
72168 0
72239 16
72288 0
72330 11
72650 11
72655 0
72676 16
72679 11
73074 16
73178 0
73306 11
73450 16
73545 0
73595 16
73752 14
73791 0
74173 11
74264 0
74315 11
74471 11
75055 0
75073 14
75317 0
75574 14
75586 14
75775 0
75878 11
75986 0
76080 16
76382 0
76944 14
77035 0
77164 11
77277 0
77564 14
77609 14
77773 0
77996 16
78053 0
78135 11
78344 0
78361 11
78381 0
78388 14
78425 16
78489 11
78845 11
78866 0
78973 16
79035 0
79614 11
79691 16
79815 0
80134 11
80244 16
80598 0
80800 14
80859 0
80933 14
81043 0
81051 11
81064 11
81261 0
81452 14
81540 0
81640 16
81855 0
81874 16
81885 0
82100 16
82176 0
82458 14
82468 14
82520 0
82715 16
82734 14
82766 0
82845 16
82988 0
83172 14
83263 0
83358 14
83484 0
83907 16
83913 0
83917 14
83961 16
84218 0
84248 11
84249 0
84296 11
84528 16
84712 0
84739 16
84748 0
84763 11
84992 0
85252 14
85291 0
85332 11
85431 0
85445 14
85531 14
85648 0
85649 16
85744 16
85755 0
85807 14
85826 0
86051 11
86186 0
86366 14
86594 0
86754 14
86837 16
86846 0
86882 14
87216 16
87302 14
87724 16
87763 11
87770 11
87854 0
87882 14
88041 0
88048 11
88313 14
88439 0
88460 16
88708 11
89028 0
89261 11
89670 0
90258 16
90615 0
90631 16
90869 0
90914 16
90984 0
91002 14
91094 0
91097 16
91181 0
91494 14
91551 14
91557 0
91638 14
91820 0
91830 16
91920 0
92028 14
92508 11
92574 0
92631 16
92643 0
92736 14
92954 0
92963 16
93184 0
93329 11
93349 0
93608 14
93742 0
93843 16
94059 0
94319 16
94346 14
94419 16
94527 0
94588 11
94722 0
94762 14
94839 0
94848 16
95072 0
95127 16
96309 16
96416 0
96445 14
97667 0
98154 14
98210 16
98253 0
98561 14
98938 11
99181 11
99346 0
99665 11
99759 0
99923 16
99991 11
429 events for 12
1169 32
1470 0
1661 33
1675 33
2021 0
2041 37
2139 37
2174 32
2241 37
2553 0
2650 33
2652 0
3042 33
3230 0
3254 37
3274 32
3298 32
3485 0
3792 32
3838 0
3944 37
3987 0
4461 32
4804 32
5662 0
5928 33
6129 0
6251 33
6785 0
6837 32
6960 0
7302 33
7325 0
7610 32
7624 0
8607 32
8957 0
9190 32
10000 0
10078 32
10287 0
10370 33
10754 0
11491 32
11687 0
11906 33
12022 32
12043 33
12113 0
12137 32
12352 37
12367 37
12677 0
12690 37
12922 0
13232 33
14243 0
14383 32
14385 0
14390 37
14409 0
14477 32
14702 0
14907 37
16293 32
16496 0
16685 32
16747 0
16812 33
16981 32
17600 0
18075 33
18236 37
18247 33
18261 0
18511 32
18676 0
18869 37
19509 33
19522 0
19636 37
20211 0
20593 33
20867 0
20944 37
20962 0
21025 33
21159 0
21444 33
21449 32
21767 0
21814 33
21932 0
22679 32
22907 33
23221 0
24071 37
24264 0
24290 32
24399 37
24403 0
24494 32
24570 37
24860 0
24941 37
25220 32
25241 0
25328 33
25647 0
25650 33
25658 0
26237 37
26265 32
26378 33
27647 0
27736 37
27921 32
28338 33
28418 33
28711 37
28951 0
28958 32
29055 0
29080 37
29172 0
29281 37
29411 0
29736 37
29907 0
29936 37
30232 0
30875 32
30901 0
30938 37
31179 0
31223 37
32012 0
32426 32
32765 0
33200 32
33364 0
33400 32
34236 32
34918 0
36058 37
36066 0
36161 32
36328 0
36505 32
36583 0
36897 37
36906 37
37111 0
37161 32
37232 0
37258 33
37327 33
37929 32
39362 32
39630 0
40356 37
41020 0
41202 32
41616 0
41809 33
42078 33
42253 0
42855 32
42884 32
42888 0
42902 32
43066 0
43252 33
43255 0
43863 33
44031 0
44097 37
44231 37
44236 0
45036 33
45688 0
45863 37
45905 0
46031 32
46173 0
46203 32
46545 0
46647 32
46700 0
47361 32
47563 0
47642 32
47653 0
47683 37
48167 0
48544 37
48642 0
48774 32
48785 0
49038 37
49058 32
49449 32
49627 0
49660 32
49776 0
49813 32
50081 33
50526 0
50579 37
50580 32
50769 0
51256 32
51560 0
51865 37
52136 0
52227 32
52325 37
52818 32
52872 33
54031 0
54032 37
54188 37
54437 32
54465 0
54491 32
54675 0
54680 37
54806 33
54858 0
54938 37
54974 0
55922 37
56235 0
56326 32
56452 37
56578 0
56654 32
56799 0
56811 32
57033 33
57152 0
57378 32
57548 33
57640 0
57652 33
57674 0
57683 37
57887 33
57914 0
58448 37
58527 33
58964 0
58970 37
59074 0
59257 33
59576 37
59618 0
59710 32
59799 0
60143 37
60627 0
60766 33
61105 0
61439 37
62260 0
62336 37
62672 0
62782 32
62937 0
63012 32
63277 0
63514 33
63522 0
63671 32
63857 0
63969 37
63988 32
64079 0
64244 37
64460 37
64668 0
65316 33
65524 32
65718 0
65764 32
65927 0
66124 33
66233 0
66594 33
67180 0
67243 37
67443 0
67515 37
67810 0
68057 33
68321 0
68532 33
68681 0
69088 33
70156 32
70473 0
70557 33
71029 32
71109 0
71558 37
71806 0
71811 33
72659 0
73354 37
73611 0
73615 33
74188 0
74487 32
75054 0
75075 33
75184 0
75343 33
75361 0
76052 32
76246 0
76528 33
77230 0
77258 37
77298 0
77693 33
77746 37
77873 0
77985 37
78041 0
78386 32
79671 0
79754 33
79772 0
80002 37
80073 0
80074 33
80759 37
80907 0
80909 33
80953 37
81501 37
81663 33
82483 0
82709 37
82816 0
82871 33
83090 0
83373 33
83433 0
83611 33
83716 0
83721 32
83804 0
83818 33
83874 37
83900 37
84277 32
84724 0
84740 33
85057 0
85169 37
86068 32
86594 0
86796 33
87574 0
87731 32
88128 0
88172 37
88387 33
88488 37
88524 0
88905 33
89035 0
89117 32
89196 37
89217 0
89260 37
89423 32
89496 37
90185 33
90527 0
90560 33
90609 0
90745 32
91030 0
91217 32
91282 0
91442 37
91746 32
92058 0
92238 33
92388 0
92390 33
92490 0
93107 32
93537 0
93605 32
93728 0
93796 32
93825 0
93914 37
94190 0
94305 33
95039 0
95990 37
96541 0
96655 37
96845 0
96908 32
96934 0
97313 37
97354 0
97705 33
97799 0
98259 33
98267 0
98297 33
98443 0
98515 32
98739 37
98787 0
98906 32
98907 0
98991 32
99021 0
99072 33
99336 0
99739 37
99972 32
818 events for 13
358 40
531 0
608 47
614 31
650 0
669 36
708 34
737 0
771 47
978 0
979 36
1178 0
1259 34
1308 0
1383 34
1418 40
1546 0
1636 31
1998 0
2239 47
2263 0
2496 34
2577 0
2793 36
2882 34
2919 0
2926 36
3022 0
3023 47
3293 0
3410 40
3433 34
3702 0
3735 29
3958 0
3964 40
4108 40
4124 24
4299 0
4512 24
4641 0
5142 29
5334 0
5382 47
5700 34
5703 0
5712 36
5764 36
5867 36
5924 0
6022 34
6156 0
6160 31
6166 0
6180 36
6316 0
6395 34
6409 0
6724 36
6999 34
7135 0
7222 31
7238 0
7365 36
7685 0
7879 36
8200 0
8335 36
8339 34
8724 0
8748 47
8776 0
8809 34
8958 0
9262 31
9291 0
9303 29
9366 0
9402 40
9410 36
9415 0
9664 29
9923 36
10087 0
10095 34
10106 40
10275 34
10350 0
10489 31
10505 0
10556 40
10568 40
10687 0
10737 24
10944 29
11042 34
11168 0
11242 34
11540 0
11595 24
11649 36
11882 0
11964 40
12019 0
12476 29
12537 0
12629 47
12769 29
12969 0
13311 36
13420 0
13578 31
13609 34
13677 0
13679 31
13682 36
13841 0
13994 34
14124 0
14196 47
14284 0
14334 34
14420 0
14449 36
14593 47
14595 34
14737 0
14748 47
14778 0
14815 34
14999 36
15035 31
15258 0
15364 31
15510 0
15659 36
15740 0
15858 34
15983 34
15997 29
16085 0
16089 29
16106 0
16136 36
16212 0
16230 36
16404 0
16420 36
16509 0
16933 34
17082 0
17096 29
17436 36
17498 0
17511 36
17824 0
17959 34
17960 47
18011 0
18024 47
18123 0
18124 36
18147 40
18246 0
18433 36
18497 0
18549 36
18791 0
18900 34
18992 0
19113 29
19179 0
19275 36
19617 40
19648 0
19961 24
20029 0
20220 31
20304 0
20334 29
20574 40
20680 40
20809 29
20838 0
20863 40
20872 0
20938 34
21346 0
21353 34
21645 47
21694 0
21828 34
21960 0
21984 29
22088 34
22144 0
22179 36
22307 47
22326 0
22466 34
23205 0
23254 36
23276 0
23384 40
23418 0
23420 34
23453 0
23618 29
24169 0
24177 36
24399 36
24478 0
24504 36
24621 0
24842 34
25078 40
25080 47
25204 0
25273 36
25279 0
25356 34
25532 0
25620 40
25655 29
25683 0
25920 24
26065 0
26209 34
26218 0
26471 34
26488 0
26547 36
26626 40
26712 0
26739 36
26744 0
26767 29
26774 0
26955 47
27246 36
27431 0
27491 36
27568 0
27606 36
27614 36
27781 0
27957 24
28039 47
28060 36
28258 0
28298 29
28338 29
28618 0
28647 34
28730 0
28764 40
28774 0
28917 24
29012 0
29034 34
29078 0
29115 34
30282 0
30370 29
30391 36
30512 0
30786 29
30845 0
31140 47
31363 29
31426 34
31557 0
31562 36
31622 34
31703 0
31770 24
31797 0
32194 47
32328 0
32739 31
32797 36
33063 36
33109 0
33375 34
33405 0
33571 34
33618 24
33687 34
33795 0
33809 34
33930 0
34003 36
34203 0
34551 34
34690 0
34810 31
34887 36
34894 0
34922 31
35091 34
35184 24
35323 0
35505 29
35737 0
35779 34
35791 34
35875 0
36160 29
36161 0
36524 36
36536 31
36565 47
36684 0
36694 36
36851 0
36933 36
37160 0
37216 31
37268 0
37410 40
37529 31
37546 31
37665 0
37674 36
37959 0
38002 29
38182 36
38207 36
38339 24
38382 0
38718 24
38745 0
38803 29
38829 0
39012 34
39441 34
39536 0
39576 34
39591 40
39632 0
39889 47
40223 47
40309 36
40867 34
41029 0
41146 36
41152 29
41413 0
41422 36
41586 0
41971 34
42398 0
42417 36
42535 0
42668 34
42669 0
42698 34
42810 0
43000 29
43071 40
43244 0
43426 34
43432 0
43547 36
43552 0
43607 24
44158 47
44237 0
44260 29
44393 34
44395 0
44668 34
44677 40
44770 34
44843 34
44944 0
45055 36
45221 0
45966 40
46058 0
46090 47
46245 0
46310 40
46408 34
46530 0
46737 29
46740 0
46746 31
47064 34
47113 47
47170 31
47230 0
47348 40
47425 0
47499 34
48117 0
48213 31
48286 0
48407 40
48619 0
48700 40
48706 0
48778 47
48812 24
48870 0
48899 34
48972 0
49126 36
49129 0
49331 36
49353 0
49435 34
49500 0
49696 36
49800 0
49892 34
50035 40
50275 34
50408 0
50502 40
50569 0
50689 29
50780 47
50822 0
50894 24
50945 0
51073 31
51406 0
51459 34
51524 0
51638 24
51670 0
51730 24
51829 0
51951 34
51967 40
52164 0
52443 40
52568 31
52590 0
52673 31
52809 0
52875 47
53049 29
53074 34
53178 0
53348 36
53428 0
53486 40
53491 0
53534 31
53573 0
54071 31
54317 0
54365 40
54430 34
54600 0
54652 34
54765 34
54772 24
54874 0
54940 31
54962 0
55078 29
55331 36
55538 0
55711 40
55733 0
55758 29
55839 0
56082 34
56173 0
56351 47
56566 0
56653 31
57244 0
57254 29
57264 0
57685 34
57687 0
57906 29
58172 0
58982 31
58989 0
59004 36
59264 0
59436 36
59684 31
59884 34
60290 0
60506 31
60644 47
60705 0
61019 34
61099 0
61123 31
61217 40
61433 0
61439 47
61650 0
61865 31
61971 0
62024 36
62054 24
62148 0
62152 47
62403 40
62438 0
62653 40
62811 34
62840 40
62860 0
62862 29
62889 40
63188 31
63247 0
63252 40
63296 0
63316 31
63329 0
63388 31
63397 0
63735 36
63828 34
63850 36
63855 40
63978 40
64185 47
64202 47
64411 0
64501 24
64696 0
64744 47
64763 0
64799 47
64950 0
64973 34
65082 0
65084 40
65228 31
65399 0
65478 36
65589 24
65779 0
65794 36
65860 0
65874 40
65951 0
66014 31
66056 24
66146 36
66149 34
66215 47
66402 0
66580 40
66638 0
66715 34
67928 0
68208 40
68226 0
68620 40
68660 34
68791 0
68863 40
69019 31
69083 0
69114 34
69215 24
69308 0
69620 36
70320 0
70969 34
71084 0
71145 31
71147 0
71420 34
71534 36
71769 0
71938 36
71988 34
72186 0
72195 47
72271 0
72279 36
72387 40
72445 0
72479 24
72554 36
72642 0
72676 24
72707 0
72883 24
72936 0
73044 47
73076 0
73593 34
73746 24
73789 40
74051 0
74293 31
74490 0
74662 40
75150 0
75592 47
75732 0
75741 36
75774 0
76012 34
76041 0
76102 36
76107 0
76234 31
76261 34
76480 0
76484 34
76638 0
76671 34
76705 40
76708 0
76734 47
76798 36
77102 0
77210 36
77566 0
77805 36
77873 0
78274 31
78389 0
78402 47
78454 34
78481 34
78512 0
78574 34
78878 0
78932 31
79227 0
79400 47
79463 0
79612 34
79913 0
79921 31
80063 47
80217 0
80432 31
80918 0
81143 36
81155 47
81303 0
81523 40
81536 0
81647 24
81759 0
81899 24
82048 0
82125 34
82185 0
82294 29
82505 0
82507 34
82553 0
82654 29
82729 29
82736 40
82758 34
82835 0
82863 40
82967 0
82991 24
83022 0
83151 36
83306 0
83596 29
83762 29
83795 0
83862 36
83955 40
83965 0
84129 36
84141 0
84263 34
84471 31
84477 0
84996 36
85018 0
85077 36
85368 0
85458 34
85645 24
85708 34
85735 36
85799 0
85863 36
86051 0
86282 24
86481 31
86511 0
86576 24
86624 0
86631 36
86656 0
86713 34
86975 0
87090 24
87100 36
87106 47
87190 0
87462 36
87626 0
87769 31
87812 36
87843 0
88012 36
88097 34
88169 0
88236 29
88361 34
88444 0
88645 40
88905 24
88926 0
89187 34
89474 29
89643 0
89679 36
89681 0
90031 34
90123 29
90143 0
90243 34
90276 0
90318 40
90420 0
90456 36
90589 0
90614 31
90894 0
91121 36
91194 29
91282 0
91337 36
91372 0
91584 34
91891 0
92052 31
92107 36
92140 40
92480 0
92515 29
92520 0
92550 36
92596 0
92665 34
92676 0
92728 36
92747 40
92790 0
93094 47
93416 0
93431 29
93530 34
93715 47
93975 0
94076 36
94332 31
94452 29
94535 0
94549 34
94660 0
95323 36
95331 24
95533 29
95626 31
95929 47
95991 0
96105 40
96198 36
96775 34
96910 0
96952 24
97025 47
97257 0
97375 34
97497 0
97518 29
97519 0
97568 34
97614 0
97633 36
97756 0
97760 47
97916 0
97948 40
97960 0
97997 34
98076 36
98102 31
98112 0
98154 34
98375 0
98552 29
98633 0
98850 36
98918 0
99052 34
99124 0
99128 34
99151 0
99166 40
99197 0
99223 36
99326 0
99439 34
99455 0
99588 34
99773 0
99794 40
99973 34
99985 0
686 events for 14
120 65
145 66
321 0
339 65
484 0
547 66
635 0
821 66
1185 66
1209 0
1631 65
1726 0
2018 65
2180 65
2374 66
2409 66
2497 0
2664 66
2770 65
3009 65
3042 0
3362 65
3633 66
3676 0
3912 66
4062 0
4156 65
4241 66
4345 0
4413 65
4532 0
4622 66
4716 0
4724 66
4884 0
4967 66
5003 0
5112 66
5225 0
5300 65
5347 66
5368 0
5472 65
5512 0
5554 65
5947 0
6100 65
6161 66
6370 0
6460 65
6549 65
6835 0
6926 66
7183 66
7240 65
7314 0
7494 66
7653 65
7697 65
7739 65
7804 0
7887 66
7986 0
8365 65
8372 0
8531 65
8532 0
8630 65
8758 0
8777 66
9053 0
9220 66
9365 0
9392 65
9646 0
9760 65
9944 0
10314 66
10701 0
10775 65
10869 0
10940 65
10993 0
10994 65
11293 0
11377 65
11419 0
11652 66
11738 65
11839 66
11948 66
12094 66
12191 0
12618 65
12915 66
13161 0
13228 66
13542 0
13778 66
14239 66
14274 65
14309 0
14506 65
15082 0
15153 65
15225 0
15409 66
15456 0
15946 65
16135 0
16146 66
16327 65
16358 0
16484 66
16521 66
16560 65
16813 0
16991 65
17105 0
17245 66
17427 65
17720 0
17905 66
18078 66
18185 66
18220 65
18666 0
19012 66
19109 0
19245 65
19327 0
19431 65
19518 0
19574 65
19606 0
19609 66
19658 0
19915 66
19956 0
20398 66
20831 0
20952 65
20972 66
21248 0
21280 65
21281 66
21564 65
21601 0
21602 65
21718 65
21784 0
21897 65
22071 0
22089 65
22159 0
22288 65
22572 0
22611 66
22928 65
22960 0
23053 66
23184 0
23241 66
23370 0
24351 66
24611 0
24618 66
24648 65
24685 65
24774 0
24963 65
25034 0
25195 65
25226 0
25329 66
26062 66
26147 0
26227 66
26229 65
26305 65
26326 65
26377 66
26505 0
26673 66
26906 0
27382 66
27458 66
27637 65
27769 0
27850 65
28069 0
28146 66
28306 0
28522 65
28597 0
28985 65
29024 0
29245 65
29331 0
29440 65
29458 0
29534 65
29713 0
29756 66
29802 0
29982 66
30170 0
30200 65
30241 0
30330 65
30333 0
30345 65
30423 66
30427 0
30538 66
30561 0
30671 65
30681 0
30694 65
30751 0
30944 66
30956 0
31073 65
31250 0
31950 66
32116 0
32421 66
32524 0
32928 65
33391 0
33512 65
33533 0
33548 66
33576 0
33706 65
33870 0
34063 65
34280 65
34484 0
34572 65
35081 0
35087 65
35143 0
35396 66
35502 65
35649 0
35973 65
36047 66
36064 65
36139 65
36177 0
36276 66
36556 0
36802 65
36825 66
36966 66
37112 0
37129 66
37239 65
37462 65
37603 0
37940 65
38020 65
38317 0
38387 65
38592 0
38713 65
38798 65
38808 0
39019 65
39278 0
39548 66
39615 0
39750 65
39771 66
40067 0
40540 65
40590 0
40657 65
40787 0
40946 65
41033 0
41054 65
41417 66
41623 0
41868 66
42352 0
42680 66
42799 0
42857 66
42957 0
43009 66
43066 0
43119 65
43304 65
43343 0
43392 65
43754 0
43921 65
43984 0
44066 66
44187 0
44219 66
44347 0
44450 66
44569 0
44754 66
44845 0
45355 66
45432 0
45491 65
45492 0
45626 66
45833 0
45947 65
46095 0
46224 66
46428 0
46584 65
46604 0
46727 65
46835 66
47529 0
47696 66
47763 66
47862 0
48011 65
48279 0
48440 65
48462 0
48519 65
48574 0
48688 66
48719 0
49016 65
49115 0
49208 66
49322 0
49356 65
49434 0
49614 66
50096 65
50106 66
50339 0
50546 65
50751 66
50783 66
50799 0
50866 65
51238 65
51366 0
51476 65
51587 0
51792 65
51803 65
51988 0
52030 66
52043 66
52172 0
52253 65
52310 0
52400 66
52431 0
52645 66
52828 0
52928 66
53087 0
53200 65
53224 65
53507 66
53517 0
54392 66
54548 0
54606 66
54620 0
54977 65
55019 0
55304 65
55839 0
56141 66
56193 65
56292 0
56317 65
56343 0
56355 66
56470 66
56952 0
57101 65
57115 0
57619 66
57711 0
57876 66
57895 0
58039 66
58065 0
58388 66
58470 0
58704 65
58827 0
58852 66
58855 0
59220 66
59264 66
59311 65
59342 65
59367 0
59416 65
59951 0
60063 65
60200 0
60305 66
60440 65
60519 0
60810 65
61159 0
61366 66
61429 0
61936 65
62011 0
62135 65
62234 0
62260 66
62302 0
62375 65
62467 0
62926 65
63073 66
63091 0
63130 66
63388 66
63656 0
64057 66
64120 0
64264 66
64559 65
64575 65
64702 0
64789 65
64848 0
64883 66
64995 0
65054 65
65061 65
65215 0
65316 65
65324 0
65547 65
65557 0
65844 65
65880 65
65952 0
65978 65
66392 66
66445 0
66811 66
66846 66
67095 0
67273 65
67521 0
67600 66
67731 0
68093 65
68200 0
68356 66
68684 0
68791 66
68816 66
68859 0
69025 66
69110 0
69357 65
69820 0
69835 66
69899 0
70248 65
70548 0
70558 65
70566 0
70773 65
70843 0
70963 66
71216 0
71234 65
71305 0
71856 66
71864 66
71968 0
72105 66
72153 0
72165 65
72497 66
72799 0
72936 65
73105 0
73203 65
73205 0
73339 65
73491 65
73539 0
73592 65
73608 65
73924 0
73961 65
74299 0
74526 66
74542 0
74604 65
74666 65
74900 0
75091 66
75246 66
75291 65
75368 0
75571 66
75856 0
75946 66
76270 0
76303 65
76570 0
76618 65
76644 0
76656 65
76928 66
77146 0
77193 66
77318 0
77320 65
77803 0
77963 66
78254 0
78326 66
78508 65
78682 0
78781 66
79045 0
79061 65
79177 0
79194 66
79269 0
79311 66
79395 0
79448 66
79480 0
79922 66
80187 0
80378 65
80410 66
80458 65
80477 0
80530 65
80605 0
80724 65
81050 0
81222 65
81237 0
81382 66
81422 65
81709 0
81838 65
81861 0
82440 66
82812 0
82832 65
83328 66
83475 0
83571 66
83722 66
83781 0
83789 65
83867 0
83968 65
84276 0
84281 65
84379 66
84418 0
84500 66
84578 65
84595 0
84854 65
84938 0
85021 66
85069 66
85088 0
85309 65
85380 66
85471 0
85540 65
85656 0
85807 65
85890 0
85919 66
85941 0
86245 65
86286 0
86676 66
86695 0
87526 65
87636 65
87951 0
88252 65
88444 0
88629 66
88722 65
88840 0
88900 65
89205 0
89222 66
89411 0
89449 66
89676 0
89865 66
90021 66
90209 0
90451 66
90655 0
90701 65
90719 0
90781 65
90785 65
90787 0
91006 65
91261 0
91509 65
91780 0
91869 66
92092 66
92408 0
92411 65
92538 0
92584 66
92890 0
93268 65
93280 0
93502 66
93522 0
93545 65
93997 66
94155 0
94286 66
94425 0
94602 66
94706 0
94919 65
95000 65
95156 0
95268 66
95431 66
95432 65
95477 0
95612 65
95951 0
96066 65
96183 0
96272 66
96345 0
96403 66
96420 0
96787 65
96832 65
96997 0
97112 65
97121 0
97172 65
97199 0
97218 66
97546 0
97787 65
97956 0
97978 66
98140 0
98402 66
98428 65
98462 0
98485 65
98544 0
98577 65
99027 0
99034 65
99047 66
99163 0
99185 65
99239 0
99357 66
99384 0
99491 66
99524 65
439 events for 15
48 70
94 0
117 70
316 0
878 73
1082 0
1218 78
1801 70
1896 0
2221 78
2514 0
2645 73
2890 0
2990 69
3205 0
3372 70
3447 0
3520 70
4023 69
4698 69
4738 70
5516 69
5581 70
5607 0
5679 78
5728 73
5984 78
6538 70
6623 0
6929 69
6938 0
7401 73
7657 78
7680 0
7698 73
7795 0
7825 78
8306 73
8408 0
8463 78
8785 78
8901 0
9109 73
9889 0
9894 73
10068 73
10549 70
10573 0
10899 73
10950 0
11066 69
11365 0
11380 73
11382 69
11397 78
11469 0
11596 70
11936 0
11974 70
12041 0
12123 70
12457 73
12636 0
12791 70
12942 73
12957 0
13126 70
13474 0
14044 73
14196 0
14288 73
14673 70
14784 0
14903 78
14949 0
14960 69
14976 0
14979 69
15008 0
15036 73
15068 0
15091 73
15229 0
16015 73
16147 69
16638 0
16674 70
17639 73
17768 78
18261 0
18919 78
19396 70
19419 70
19685 0
19712 73
19790 0
20157 73
20208 0
20408 70
20881 0
20914 78
20923 0
21340 70
21367 0
21539 73
21657 0
21683 69
22188 0
22229 73
22258 0
22369 73
22392 0
22403 78
23323 0
23324 73
23399 78
23589 0
24914 73
25136 0
25247 73
25617 0
25913 69
26622 0
27072 70
27507 78
27800 0
28014 70
28289 0
28398 78
28505 73
28706 0
29071 70
29446 0
29685 70
29814 0
29964 73
30158 0
30467 69
30634 0
30655 73
30670 0
30713 78
30902 0
31011 73
31174 0
31432 73
31511 0
31629 73
32037 0
32782 78
32825 0
32881 78
33279 0
33353 70
33402 0
33500 73
33638 0
33717 69
33979 69
34278 0
34354 69
34438 0
34534 73
34758 0
34780 70
35039 0
35365 78
35756 0
36148 73
36172 70
36474 0
36599 69
36880 0
36976 69
37021 73
38125 0
38235 78
38493 0
38507 78
38523 0
38553 69
38560 73
38621 73
39179 0
39512 73
39684 0
39748 69
39805 0
40092 78
40184 0
40388 70
40396 0
40452 78
40526 0
40932 73
41025 0
41074 73
41509 73
41870 73
42414 73
42761 0
43204 73
43565 0
43647 69
44358 0
44719 78
44750 0
45019 73
45310 0
45493 73
45876 73
46171 0
46219 73
46309 0
46346 73
46406 0
46610 73
46841 0
47674 73
47745 73
47864 0
48072 78
48651 0
48728 78
48750 0
49105 70
49220 0
50049 73
50074 73
50657 0
50927 70
51127 0
51218 73
51301 0
51373 73
51481 0
51891 78
52083 0
52276 78
52630 78
54274 0
54355 69
54602 0
54742 73
54951 0
54957 73
55066 0
55386 69
55583 70
55721 73
55846 0
55864 73
56057 0
56081 73
56088 70
56179 69
56286 0
56594 73
57586 0
57687 69
57903 78
58148 0
58178 70
58640 0
58946 73
59204 0
59217 69
59430 0
59457 69
59605 69
59671 0
59931 78
60013 0
60020 69
60996 69
61077 0
61231 73
61702 73
61725 69
62341 70
62574 73
62642 73
62679 0
62966 78
63232 0
63616 73
63657 0
63686 70
63758 0
63826 78
64264 0
64547 78
64786 0
64943 70
65953 0
66458 70
66545 0
66589 78
66943 0
67241 69
67682 0
68304 69
69558 0
69705 73
69802 0
69858 73
70398 73
70722 73
70774 0
70787 73
71032 0
71348 69
71855 73
72008 0
72138 73
72164 0
72282 70
72628 78
72701 0
72888 73
72986 0
73095 73
73374 70
73435 0
73452 73
73471 0
73610 69
73706 0
73741 69
74032 0
74195 73
74496 0
74564 69
74738 0
74821 73
74937 0
75169 78
75358 0
75752 73
75905 0
75980 69
76006 0
76220 70
76354 0
76378 69
76436 0
76619 73
76651 0
76711 73
76733 69
76752 0
77112 73
77389 0
78031 78
78406 0
79028 70
79198 73
79390 73
79452 0
79503 73
79703 0
79767 78
79773 0
79960 73
80007 0
80202 73
80232 0
80695 78
81451 0
81682 78
82498 73
82764 0
82781 73
83214 73
83386 73
83422 0
83460 73
83792 70
84014 78
84376 0
84514 73
84594 0
84809 69
84957 0
85011 78
85111 0
85188 73
85739 0
86174 73
86239 70
86287 0
86501 70
86703 0
86830 73
87098 0
87321 73
87430 69
87476 73
87723 73
87744 0
87853 78
87935 70
88193 0
88819 73
89115 0
89354 73
89704 0
90136 73
90309 0
90774 73
91115 0
91178 73
91627 78
91788 0
92833 69
92869 0
93056 73
93210 0
94056 73
94640 0
95159 69
95378 0
95575 69
95629 0
95782 70
95934 69
96557 78
96668 0
96703 70
97086 0
97150 73
97605 0
97670 73
97732 73
97941 0
98021 73
98706 0
98854 73
99496 0
