8 buffers
72198 5479
101836 5925
105392 5754
63206 10617
207393 32423
166314 26251
128831 12366
105072 20806
80 downlinks
0 188 1250 253
1 1438 2500 304
2 2688 3750 331
3 3938 5000 357
4 5188 6250 271
5 6438 7500 358
6 7688 8750 353
7 8938 10000 319
8 10188 11250 363
9 11438 12500 326
10 12688 13750 342
11 13938 15000 278
12 15188 16250 360
13 16438 17500 299
14 17688 18750 300
15 18938 20000 339
16 20188 21250 288
17 21438 22500 303
18 22688 23750 296
19 23938 25000 354
20 25188 26250 354
21 26438 27500 303
22 27688 28750 363
23 28938 30000 341
24 30188 31250 327
25 31438 32500 355
26 32688 33750 362
27 33938 35000 266
28 35188 36250 358
29 36438 37500 255
30 37688 38750 274
31 38938 40000 297
32 40188 41250 323
33 41438 42500 253
34 42688 43750 349
35 43938 45000 366
36 45188 46250 265
37 46438 47500 341
38 47688 48750 263
39 48938 50000 290
40 50188 51250 271
41 51438 52500 306
42 52688 53750 289
43 53938 55000 362
44 55188 56250 370
45 56438 57500 355
46 57688 58750 294
47 58938 60000 319
48 60188 61250 361
49 61438 62500 268
50 62688 63750 303
51 63938 65000 314
52 65188 66250 260
53 66438 67500 354
54 67688 68750 343
55 68938 70000 280
56 70188 71250 316
57 71438 72500 313
58 72688 73750 366
59 73938 75000 282
60 75188 76250 345
61 76438 77500 309
62 77688 78750 357
63 78938 80000 307
64 80188 81250 268
65 81438 82500 332
66 82688 83750 279
67 83938 85000 361
68 85188 86250 289
69 86438 87500 357
70 87688 88750 295
71 88938 90000 309
72 90188 91250 367
73 91438 92500 274
74 92688 93750 262
75 93938 95000 309
76 95188 96250 267
77 96438 97500 366
78 97688 98750 251
79 98938 100000 357
992 events for 0
10 28
166 28
262 0
571 28
782 0
794 29
897 28
929 0
996 29
1010 0
1012 29
1407 0
1464 29
1595 0
1717 29
1736 0
1784 29
1793 0
2034 29
2059 29
2189 0
2251 29
2352 0
2386 29
2852 0
3061 29
3082 29
3297 29
3327 0
3345 29
3400 0
3403 28
3404 0
3619 29
3669 0
3808 29
3821 0
3957 28
4102 29
4142 28
4253 0
4276 29
4312 28
4425 0
4444 29
4458 28
4524 29
4550 0
4802 29
4837 0
4840 29
4986 0
5050 29
5215 28
5293 0
5340 29
5659 28
5746 29
5787 28
5901 0
5943 28
5995 0
6294 29
6303 0
6343 29
6574 0
6710 29
6940 0
7044 29
7202 29
7357 0
7535 28
7625 0
7856 29
7931 29
8101 29
8124 29
8207 0
8245 29
8340 28
8514 29
8529 29
8556 28
8624 0
8631 28
8768 0
9119 29
9223 0
9614 29
9623 0
9643 28
9705 0
9745 29
9911 0
10039 29
10186 0
10340 28
10395 0
10410 29
10558 29
10866 0
10910 29
10990 0
11180 28
11182 0
11303 28
11324 0
11383 29
11457 29
11614 0
11649 29
11683 0
11716 29
11928 0
11971 28
12056 0
12140 29
12148 0
12243 29
12263 0
12293 29
12317 28
12333 0
12450 28
12475 0
12510 29
12550 0
12690 29
12742 0
12753 28
12821 0
13389 29
13521 0
13702 29
13782 0
14004 29
14112 0
14160 29
14166 0
14198 29
14325 0
14387 29
14432 0
14469 29
15000 0
15049 29
15072 0
15091 29
15104 29
15123 0
15403 28
15532 0
15566 28
15622 28
15655 28
15693 0
15951 29
15957 0
16025 28
16143 0
16281 29
16312 0
16354 29
16463 29
16557 0
16582 29
16592 29
16663 0
16747 29
16758 0
16852 29
16992 0
17165 29
17290 0
17680 28
17703 0
17711 29
18062 0
18088 29
18197 29
18255 0
18502 29
18546 0
18674 29
18782 0
18787 28
18886 29
19019 0
19041 28
19043 0
19107 29
19247 0
19286 29
19294 0
19442 29
19598 0
19758 28
19848 0
19883 28
19970 0
19991 29
20098 29
20132 28
20288 0
20344 29
20380 0
20476 28
20489 0
20743 29
20843 29
20937 0
20998 29
21148 0
21179 29
21187 0
21235 29
21255 0
21432 29
21554 0
21653 28
21730 0
21811 29
21842 0
21861 29
21885 0
22028 29
22137 0
22209 28
22215 0
22362 29
22365 0
22460 29
22667 0
22733 28
22790 0
22840 29
22923 0
22967 29
23007 0
23010 28
23349 0
23509 29
23549 29
23628 29
23842 0
23844 29
24149 28
24167 0
24328 28
24560 0
24685 29
25074 0
25158 28
25343 0
25448 28
25604 0
25637 28
25721 0
25736 28
25752 0
25892 28
26033 0
26176 29
26182 29
26208 0
26232 29
26271 0
26310 28
26328 0
26552 29
26650 0
26664 29
26834 0
26855 29
26895 29
26929 0
27316 28
27342 0
27419 28
27441 0
27484 29
27555 0
27648 28
27701 0
28125 29
28282 29
28290 0
28480 28
28719 0
28922 29
28935 29
28986 0
29047 29
29076 28
29453 0
29458 28
29543 0
29810 28
29835 0
29918 29
29994 0
30010 29
30025 0
30049 29
30608 0
30613 28
30785 0
30822 28
30904 0
31005 28
31016 0
31020 28
31152 0
31331 29
31516 0
31612 29
31625 0
32247 28
32249 0
32363 29
32509 29
32942 0
32960 29
32980 0
32982 29
33155 0
33214 28
33395 0
33492 29
33543 0
33651 29
33727 0
33987 29
34124 0
34143 28
34170 29
34298 29
34607 0
34743 29
35079 0
35143 29
35449 0
35557 28
35638 0
35924 29
36094 0
36205 29
36328 0
36439 28
36753 0
37026 29
37076 29
37114 29
37205 28
37319 0
37394 29
37405 29
37424 0
37525 29
37579 0
37643 29
37762 0
37965 29
38021 0
38030 28
38079 0
38249 28
38439 0
38760 29
38852 0
38921 29
39053 0
39093 29
39271 29
39298 0
39312 28
39398 0
39747 28
39864 0
39865 28
40392 0
40404 29
40698 0
40763 28
40961 28
41013 0
41283 28
41295 0
41303 28
41409 28
41482 0
41506 29
41591 0
41635 29
41839 0
42003 29
42187 29
42404 0
42541 29
42586 28
42739 0
42765 29
42942 0
43140 28
43208 0
43294 28
43481 0
43511 28
43668 28
43676 0
43759 29
44174 0
44264 29
44376 28
44417 0
44485 29
44664 0
44825 29
44983 0
45071 28
45119 0
45124 28
45580 0
45634 29
45740 0
45785 29
45902 0
46006 29
46044 0
46169 29
46293 0
46337 29
46389 0
46412 29
46476 0
46943 29
46956 0
47004 28
47127 0
47190 28
47272 29
47321 0
47467 29
47545 29
47595 0
47633 29
47936 0
47945 29
47989 29
48079 0
48221 28
48232 0
48278 29
48290 29
48353 0
48365 28
48739 0
48788 28
49005 29
49031 29
49054 29
49067 0
49151 29
49218 0
49448 29
49498 0
49703 28
49881 0
50100 28
50108 0
50109 29
50119 0
50413 29
50422 0
50537 28
50604 29
50663 0
50735 29
50812 28
50848 0
50911 28
51013 0
51132 29
51338 0
51420 29
51435 29
51577 0
51606 29
51750 29
51842 0
52273 29
52290 0
52435 29
52453 0
52479 29
52495 0
52545 28
52569 28
52590 0
52718 29
52769 0
52871 29
53150 0
53213 28
53304 0
53414 29
53505 0
53674 29
53722 29
54036 0
54105 28
54135 28
54188 0
54252 29
54403 29
54430 0
54436 29
54451 0
54469 28
54504 0
54603 29
54804 0
54931 29
55053 0
55062 28
55086 28
55170 0
55312 28
55376 0
55386 29
55473 28
55518 0
55693 29
55715 0
55952 29
56009 29
56026 0
56063 29
56152 28
56198 29
56211 29
56253 29
56390 0
56469 28
56548 0
56557 29
56770 0
56805 28
56814 28
56844 0
57067 29
57078 0
57187 29
57205 0
57246 29
57254 28
57291 29
57302 0
57321 29
57367 0
57478 28
57521 0
57565 29
57672 0
57741 28
57743 0
57857 28
58022 29
58342 0
58520 29
58529 28
58610 29
58658 29
58665 0
58678 29
58795 0
58851 29
58891 0
58907 29
58927 0
58929 29
59019 28
59067 0
59160 28
59215 0
59350 29
59381 0
59544 29
59671 0
59691 29
60020 0
60068 29
60088 28
60125 29
60133 0
60143 29
60208 0
60347 28
60369 0
60432 29
60551 0
60625 29
60633 0
60698 29
60699 0
60919 29
61003 0
61057 29
61098 0
61117 29
61300 0
61336 28
61358 0
61501 29
61660 0
61741 29
61853 0
61918 29
61969 0
61990 29
62033 0
62073 29
62178 0
62310 29
62341 28
62401 29
62435 0
62477 29
62489 0
62696 29
62875 0
62901 29
63018 0
63022 29
63222 29
63290 0
63305 28
63308 29
63352 29
63618 29
64081 29
64259 0
64278 29
64506 29
64582 0
64666 29
65020 28
65039 28
65073 28
65179 0
65213 28
65245 0
65341 28
65536 0
65673 29
65816 0
66005 28
66075 29
66119 28
66173 0
66174 28
66213 0
66264 29
66374 0
66390 29
66465 29
66480 0
66615 29
66674 0
66795 29
67184 0
67200 28
67259 28
67380 28
67398 28
67442 0
67620 29
67810 29
67831 28
67944 28
68078 0
68094 29
68137 0
68915 28
68927 0
68933 28
69026 29
69084 0
69088 28
69161 0
69373 29
69674 29
69768 29
69795 28
69805 0
69878 29
69940 0
70041 29
70051 0
70283 28
70507 0
70549 29
70625 0
70635 28
70716 28
70975 0
71006 29
71067 0
71104 29
71182 0
71280 29
71304 0
71354 29
71420 0
71633 29
71717 28
71778 0
71847 29
71862 0
71924 28
71937 29
72006 0
72158 29
72379 0
72569 28
72664 0
72744 29
72872 0
73007 29
73076 0
73099 29
73173 0
73255 29
73345 29
73452 0
73544 28
73561 0
73640 29
73712 0
73786 29
73921 29
74076 0
74078 29
74093 29
74258 0
74392 28
74524 0
74595 29
74630 0
74826 29
74840 0
74858 29
75017 0
75064 29
75085 0
75125 29
75199 0
75293 29
75567 0
75670 29
75732 28
75810 0
75937 29
75985 0
76170 29
76245 0
76292 28
76344 0
76700 28
76713 0
76736 29
76848 28
77010 0
77025 29
77043 0
77075 29
77119 0
77224 29
77259 0
77354 29
77502 29
77514 0
77718 28
77755 29
77944 0
77957 29
78073 29
78207 0
78310 29
78317 0
78407 29
78612 29
78704 29
78839 0
78917 29
79238 0
79376 28
79398 0
79601 28
79680 0
79883 28
79953 0
79957 29
80018 0
80205 29
80356 0
80400 29
80526 0
80530 28
80644 0
80926 29
81069 29
81087 29
81096 29
81206 0
81257 28
81305 0
81394 29
81478 0
81584 29
81726 29
81753 0
81945 29
81957 0
82006 29
82091 0
82307 29
82330 29
82420 29
82517 0
82568 28
82589 29
82620 29
82652 0
82662 28
82709 29
82800 0
82826 28
82849 0
83083 28
83125 0
83223 28
83339 0
83446 28
83470 0
83491 28
83518 29
83612 0
83627 29
83821 0
83883 29
83940 0
83972 29
83984 0
84210 29
84442 0
84618 28
84803 0
84897 28
84993 0
85030 29
85066 0
85169 29
85602 0
85681 28
85703 0
85754 29
86038 0
86085 29
86092 0
86150 29
86155 0
86261 29
86606 0
86624 28
86861 0
86864 29
86895 29
86980 28
87002 0
87168 28
87270 0
87334 29
87506 0
87591 28
87684 0
87852 29
87961 0
88046 29
88126 29
88128 0
88131 29
88196 29
88308 29
88389 28
88391 29
88397 0
88549 29
88563 0
88616 29
88646 29
89049 0
89399 28
89447 0
89617 28
89679 0
89870 28
90026 0
90570 29
90931 0
91279 28
91292 0
91299 29
91475 29
91519 0
91568 29
91695 0
91813 29
92296 0
92303 29
92487 0
92687 28
92725 29
92794 0
93010 29
93024 0
93059 29
93150 0
93396 29
93507 0
93530 29
93702 0
93840 29
94091 29
94139 0
94192 29
94250 28
94267 29
94273 29
94316 0
94442 29
94446 0
94536 28
94560 0
94665 29
94734 0
94791 29
94921 0
95316 28
95361 0
95401 29
95500 0
95555 29
95594 28
95746 0
95901 29
96165 0
96282 29
96333 0
96351 29
96511 0
96601 28
96671 28
96894 29
97019 0
97105 29
97220 28
97333 0
97506 28
97572 0
97675 28
97772 29
97847 0
97869 29
98197 0
98258 28
98401 0
98492 29
98674 28
98684 28
98763 0
98956 29
99039 0
99201 29
99463 0
99491 29
99516 0
99570 29
99777 0
99797 28
99871 0
99881 29
709 events for 1
229 52
281 48
284 49
336 0
479 59
779 0
1145 59
1192 59
1263 0
1316 53
1421 48
1511 0
1515 48
1570 59
1770 0
1803 59
1872 0
1918 59
1937 0
1965 59
2059 48
2121 56
2407 0
2636 48
3034 48
3181 0
3544 59
3773 0
3860 52
3865 53
3987 0
4029 52
4182 0
4214 59
4518 0
4607 53
4634 0
4878 56
4894 0
5148 56
5178 0
5711 59
5756 0
5799 59
6103 0
6358 56
7089 0
7203 48
7460 48
7969 48
8104 48
8224 0
8264 48
8325 0
8536 49
8549 49
8937 0
8957 49
9187 0
9308 53
9329 0
9370 48
9556 0
9593 59
9762 48
9821 0
9839 53
9935 0
10113 48
10136 0
10268 56
10279 0
10481 56
10685 48
10691 59
10711 53
10742 0
10823 59
10955 0
11142 53
11362 0
11549 49
11718 48
11921 0
11931 52
11952 59
12032 0
12148 52
12231 49
12243 0
12286 59
12624 59
12664 53
12926 59
13073 0
13359 52
13413 48
13508 0
13524 48
13660 48
13820 0
13922 52
14092 0
14216 59
14269 59
14397 49
14510 0
14766 48
15360 0
15497 48
15543 0
15652 52
15676 0
15756 56
16047 48
16184 0
16360 48
16512 0
16884 48
16920 59
16937 0
17035 48
17194 59
17323 0
17424 59
17633 0
17819 48
17856 0
17995 48
18444 0
18677 52
18687 0
18732 49
18735 0
18814 53
18885 53
18934 0
19131 56
19156 0
19236 56
19277 52
19427 56
19490 0
19778 48
19877 49
20093 52
20220 0
20392 59
20485 0
20633 48
20680 0
20836 59
21050 0
21189 48
21281 0
21556 48
21629 0
21786 59
22095 0
22112 48
22246 0
22468 56
22593 0
22722 53
22742 49
22896 52
23186 48
23219 49
23573 0
23598 52
24098 48
24339 0
24369 48
24492 0
24502 56
24824 0
24935 48
25173 56
25235 0
25244 52
25290 0
25377 53
25388 0
25480 49
25817 49
26042 0
26624 52
26650 53
26715 0
26879 53
27136 0
27281 48
27356 0
27488 59
27551 0
28188 56
28341 0
28550 59
28588 0
28690 59
28813 0
29135 52
29257 53
29341 53
29358 0
29380 59
29393 56
29502 49
29772 52
30301 0
30627 59
31157 0
31173 52
31223 0
31409 56
31436 0
31580 56
31920 48
32229 49
32625 0
32632 48
32745 0
32779 52
32802 0
32922 48
32991 53
33075 0
33280 56
33354 0
33466 59
33528 0
33555 53
33624 0
33798 59
33815 56
33849 0
33968 59
33984 0
33994 49
34082 0
34131 48
34172 59
34277 0
34477 48
34738 0
34976 48
35027 0
35069 59
35174 0
35215 59
35225 0
35490 52
35515 0
35552 52
35598 0
35973 49
36021 0
36356 49
36530 0
36568 53
36732 0
36774 53
36822 0
37175 48
37255 0
37608 59
37914 0
37956 56
37988 59
38007 0
38158 56
38281 0
38315 56
38339 0
38553 53
38559 53
38659 49
39402 0
39436 53
39836 53
39875 0
40041 48
40209 0
40213 56
40421 0
40452 48
40503 0
40608 56
40614 56
41211 0
41473 48
41708 0
41807 59
41810 52
41822 52
42068 0
42547 49
42978 52
43329 0
43336 56
43342 0
43429 49
43484 0
43592 56
43702 0
43897 56
44239 52
44347 0
44709 53
44779 59
44900 0
44913 56
45030 0
45126 48
45209 0
45345 59
45486 0
45561 48
45731 0
45961 59
46094 0
46106 59
46205 0
46276 49
46325 0
46837 59
46881 0
46902 56
47225 52
47270 0
47426 59
47688 0
48021 56
48158 0
48163 49
48313 48
48438 0
48444 59
48459 48
48517 0
48583 59
48911 0
49180 59
49693 0
49914 48
50328 0
50359 52
50402 53
50438 0
50528 59
50622 0
50714 48
50834 59
50916 0
51105 59
51604 0
51718 48
51778 48
51845 59
52233 0
52283 56
52491 0
52860 56
53106 56
53300 0
53500 53
53592 59
53621 59
53690 0
53966 59
54143 59
54246 53
54351 0
54451 49
54522 53
55209 0
55422 56
55541 0
55592 48
55596 0
55714 53
56180 0
56458 59
56785 59
56932 0
56957 49
57007 0
57029 49
57040 0
57324 59
57343 0
57378 48
57447 0
57513 52
57813 0
57841 48
58351 0
58358 48
58415 0
58558 52
58567 0
58690 49
58733 0
58768 52
58894 0
58961 56
59082 0
59311 59
59394 0
59579 48
59623 0
59843 56
59880 59
60114 0
60278 49
60365 0
60444 52
60491 0
60492 49
60523 0
60747 59
60771 48
60818 49
61053 0
61196 53
61210 0
61300 59
61333 0
61958 48
62176 0
62218 59
62439 56
62525 52
62594 0
62793 48
62992 0
63306 59
63787 0
63954 53
64082 49
64329 0
64485 53
64878 0
64906 59
65061 0
65426 59
65455 0
65833 52
65913 0
65968 52
65996 0
66030 52
66385 0
66864 59
66921 0
66970 59
67192 0
67235 52
67272 48
67432 49
67552 48
67577 0
67802 48
67847 0
68090 56
68292 49
68350 0
68433 48
68859 0
68926 48
69002 0
69347 56
69351 49
69711 0
70106 49
70503 0
70707 59
71043 0
71344 59
71611 0
71709 59
71769 0
71850 59
71856 0
71924 59
71926 59
71966 0
71969 48
72004 0
72007 48
72135 59
72142 0
72173 48
72394 0
72402 59
72657 0
72680 48
72758 0
72795 49
72871 48
73310 0
73357 52
73468 0
73779 56
73891 0
73941 48
73962 0
73981 48
74062 53
74119 56
74139 0
74333 48
74421 49
74739 0
74767 49
74999 0
75073 53
75121 0
75342 48
75413 0
75599 59
75754 0
76033 59
76056 0
76120 59
76122 0
76282 59
76642 0
76645 56
76919 0
76937 53
77030 0
77133 48
77378 0
77456 59
77675 48
77866 0
78137 52
78163 0
78199 59
78315 0
78325 59
78689 0
78722 56
78766 0
78839 59
79061 0
79062 48
79116 0
79198 59
79513 0
79763 49
80023 0
80275 49
80352 0
80476 52
80566 0
80662 53
80737 53
80881 59
81126 59
81172 0
81236 59
81350 0
81376 48
81432 53
81673 0
81757 53
81813 0
81892 49
82170 49
82308 59
82321 0
82411 49
82434 0
82698 59
82927 0
83017 48
83178 0
83298 59
83315 59
83341 0
83507 48
83509 0
83613 49
83723 0
83731 48
83810 0
84086 48
84188 0
84332 56
84363 0
84394 53
84564 59
84587 0
84740 48
84832 0
84898 56
84920 0
84956 56
85214 0
85349 48
85754 0
85803 52
85862 0
85898 52
85915 0
86037 56
86165 0
86298 59
86743 0
86755 59
86863 0
86962 48
87592 0
87600 48
87761 0
87795 53
87855 0
87866 53
88008 0
88305 48
88490 0
88508 59
88543 0
88801 49
88927 59
88969 0
89094 48
89366 0
89451 53
89550 0
89579 56
89618 49
89756 0
89849 48
89851 0
89852 53
89945 0
89961 53
90186 0
90191 59
90419 48
90425 0
90725 56
90911 52
91702 0
91800 59
91818 0
91863 48
91916 48
91926 0
92097 49
92155 0
92246 56
92368 0
92443 49
92603 59
92706 0
92750 59
92886 59
93005 0
93153 48
93361 0
93435 56
93734 0
93743 53
93851 0
94157 48
94160 0
94284 48
94577 0
94738 48
94909 0
94912 52
95057 52
95142 0
95268 59
95269 0
95455 48
95928 0
95935 59
96368 56
96508 0
96613 59
96628 0
96667 48
96741 0
96772 48
96806 0
96846 52
96980 53
96984 49
97208 0
97236 53
97552 49
97590 0
97768 53
97801 48
98522 0
98700 48
98998 0
99076 59
99171 48
99299 0
99397 59
99628 0
99642 56
99861 0
409 events for 2
190 44
333 0
780 77
791 83
1259 0
1363 83
1428 0
1667 44
2105 0
2127 51
2300 0
2334 94
2556 0
2608 77
2716 51
2996 83
3040 0
3095 94
3098 0
3214 83
3592 51
4400 37
5086 0
5087 37
5222 77
5363 77
5627 48
5751 44
6107 0
6400 37
7533 48
7823 94
7983 0
8053 48
8635 0
8830 37
9004 0
9015 94
9224 77
10147 0
10186 48
10424 0
10453 44
10532 0
10694 77
10768 0
10946 44
11012 0
11299 37
11651 63
11867 0
12010 77
12156 0
12231 37
12498 0
12750 37
12755 77
12792 0
13004 63
13646 0
13840 94
13988 63
14015 0
14058 94
14406 63
14429 48
14432 77
15445 0
15589 37
15646 0
15695 51
16298 0
16327 94
16348 0
16756 37
16781 94
16902 0
17049 63
17143 0
17458 37
18025 37
18186 37
18586 0
18692 83
19467 0
19806 63
19842 94
19858 0
20105 63
20156 0
20282 83
20533 0
21156 94
21167 0
21265 83
21271 0
21339 37
21593 63
21775 63
22040 83
22103 0
22298 44
22378 0
22845 77
22990 0
23458 37
23980 0
24243 83
24372 0
24429 63
24690 0
24764 37
25086 0
25210 44
25413 94
25606 0
26006 48
26385 0
26503 37
26556 0
26708 37
27095 0
27397 44
27476 0
27480 77
27487 0
27647 77
27749 0
28874 51
28935 0
29075 37
29104 0
29318 48
30107 0
30949 37
31325 0
31661 37
32265 0
32925 83
33398 0
33625 63
33626 0
34247 77
34995 0
35941 63
36257 0
36572 77
36685 0
36993 83
37073 0
37081 37
37266 0
37307 63
37614 83
37733 37
37830 0
38039 48
38101 0
38150 48
38286 0
38332 83
38784 0
38830 83
38948 0
39397 94
39416 0
39998 37
40037 0
40581 94
41005 94
41433 77
41891 0
42063 37
43438 51
44089 0
44094 37
44155 0
44199 63
44272 0
44311 63
44405 94
44407 0
44586 94
44806 0
45308 37
45518 77
45614 0
45938 77
46824 0
47380 83
48505 83
48902 0
49238 48
49300 0
49587 44
49682 0
49703 37
49951 0
50210 44
50258 0
50725 44
51110 0
51608 83
51852 0
51854 44
51912 0
52889 94
53487 0
53623 37
53776 0
54067 63
54267 44
54462 63
54475 94
54485 44
54936 0
55016 63
55017 0
55224 77
55471 0
55683 63
55830 63
56089 0
56819 94
57271 0
57808 44
57897 0
57970 44
58252 0
58285 37
58454 0
58541 77
58666 0
58889 77
59080 0
59214 44
59787 0
59877 83
60172 0
60224 44
60849 37
60907 0
61041 44
61187 0
61337 83
61421 0
61535 94
62159 0
62530 44
62572 0
62944 37
63101 51
63113 0
63183 77
63310 0
63373 63
63533 0
63725 94
64233 0
64344 44
64470 0
64517 37
64834 77
65492 51
65536 0
65575 94
65964 0
66446 83
66751 63
66853 0
67167 51
67584 0
67684 94
67731 0
67814 44
67964 0
67969 51
68189 0
68311 63
68521 0
69084 44
69320 0
69637 94
69922 63
69990 94
70239 0
70512 77
70709 0
70741 83
70987 44
71647 51
71745 0
72164 63
72375 0
72861 44
72868 0
73078 94
73180 0
73517 77
73521 48
74125 0
75274 83
75312 0
75424 51
75448 0
76063 77
76065 0
76508 94
76523 0
76557 48
76669 51
76750 0
76799 77
76937 0
77046 48
77627 0
77652 37
77831 63
78049 0
78650 44
78793 0
78921 77
78925 0
78960 51
79639 0
80061 77
80351 63
80406 0
80458 51
81013 0
81724 63
81842 0
81956 94
82098 0
82414 51
82470 0
82668 63
82933 0
83035 63
83363 0
83429 63
83849 0
84011 37
84100 0
84123 37
85153 77
85534 0
85535 51
85626 51
85844 0
85900 37
86100 63
86168 0
86319 48
86374 0
86820 44
86992 0
87270 44
87850 48
87874 0
88053 83
88064 44
88361 0
89124 94
89507 0
89650 77
89792 0
89853 37
90388 0
90571 77
90600 0
91264 48
91589 63
91940 48
92380 0
92708 37
92889 0
93017 44
93126 0
93692 83
93712 0
93770 63
94081 0
94097 51
94102 0
94165 37
94241 0
94524 48
94707 0
94784 37
95331 0
95389 94
96544 0
96552 44
96880 0
97018 94
97103 0
97304 44
97561 0
97899 77
98291 0
98522 48
99021 37
99175 0
99242 77
99334 0
99343 94
99521 0
99894 48
695 events for 3
110 51
113 0
529 39
928 0
1056 51
1526 51
1559 60
1770 0
1797 23
2654 0
2689 60
2746 51
2887 0
2898 51
2938 51
3065 0
3102 51
3127 0
3141 51
3166 0
3219 39
3299 0
3355 60
3415 0
3636 23
3729 0
4074 39
4113 0
4335 23
4392 51
4513 0
4750 51
4824 60
5490 0
5517 51
5574 0
5869 60
5880 0
6117 51
6322 0
6507 60
6755 0
6793 51
6845 0
7479 23
8206 51
8285 0
8291 60
8485 0
8508 39
8625 0
8824 39
9005 0
9017 39
9139 60
9245 51
9277 0
9281 39
9439 60
9462 0
9742 23
9900 0
10020 60
10134 0
10186 23
10354 0
10443 51
10473 0
10485 23
10655 23
10684 0
10805 23
10819 0
10866 51
10926 0
11099 39
11145 0
11230 39
11327 23
11347 0
11435 60
11486 0
11525 51
11716 0
11718 39
11723 0
11734 51
11917 51
11952 0
11985 60
12027 23
12105 0
12137 39
12216 39
12334 23
12458 23
12530 51
12546 51
12947 0
13037 51
13234 0
13429 51
13644 39
13743 0
13779 23
13781 0
13822 23
14058 0
14147 51
14239 0
14301 51
14395 39
14687 0
14688 51
14732 0
14827 60
14980 0
14985 51
15027 39
15095 0
15342 60
15669 0
15693 23
15759 0
16158 60
16198 0
16390 51
16576 39
16912 0
17153 51
17272 0
17328 60
18023 60
18135 0
18173 51
18222 0
18243 23
18596 0
18641 60
18833 0
18903 39
18986 0
19014 60
19046 39
19104 0
19162 23
19706 0
19736 51
19863 0
19893 39
19911 60
19983 0
19986 51
20061 0
20831 60
20836 0
20961 23
21183 23
21578 0
21917 51
22102 60
22337 0
22569 23
22592 0
22696 51
22703 60
22730 0
23358 39
23502 0
23724 39
23905 0
23945 51
24108 23
24121 0
24125 23
24184 0
24220 23
24828 0
24848 23
24947 51
25142 23
25154 0
25206 60
25257 0
25337 60
25538 0
25581 60
25636 0
26117 23
26211 0
26449 51
26628 0
26629 51
26659 60
26661 60
26700 23
26744 0
26787 23
26911 0
27210 51
27312 0
27551 23
27648 0
28170 23
28228 0
28596 23
28884 0
28895 60
29023 0
29351 60
29736 60
29984 60
30183 51
30396 0
30402 23
31456 0
31520 23
32537 39
32932 0
32965 60
33246 0
33260 39
33347 0
33428 51
33806 0
34080 60
34376 51
34396 0
34422 51
34716 23
35057 60
35444 0
35578 23
35658 0
35739 51
35805 60
35960 0
36696 51
36707 23
36811 0
36987 39
37063 51
37114 39
37199 0
37358 60
37627 0
37711 60
37717 0
37810 23
38083 0
38103 51
38361 0
38448 51
38754 60
38769 0
38864 39
38876 0
39067 23
39088 0
39103 39
39186 0
39218 39
39294 0
39543 51
39763 0
39890 60
39908 39
40011 0
40183 23
40262 0
40322 23
40405 0
40768 51
40924 60
41066 39
41132 0
41177 60
41194 0
41238 23
41630 0
41860 51
41879 0
41968 39
42262 60
42367 0
42423 39
42600 0
42797 51
43352 51
43721 39
43726 0
43820 51
44103 0
44233 60
44382 60
44392 0
44548 60
44629 23
44669 0
44697 60
44771 0
44774 51
44895 51
44925 0
45195 51
45225 0
45289 51
45713 0
46101 23
46166 0
46177 60
46546 0
46572 39
46582 0
46592 23
46684 0
46756 60
46814 0
46942 51
47007 0
47125 60
47166 0
47621 39
47940 23
48068 0
48102 51
48154 0
48408 39
48479 39
48591 0
48597 23
49101 0
49186 51
49189 23
49244 0
49375 39
49449 0
49702 60
49713 0
49811 60
49909 0
50025 39
50135 0
50186 60
50382 39
50447 0
50642 39
50725 0
50767 60
50938 0
50946 39
51008 0
51178 60
51216 51
51353 0
51435 51
51837 0
52378 23
52601 23
52755 0
52776 51
52846 0
52853 39
52983 0
53042 39
53296 60
53442 0
53505 60
53563 51
53803 0
54250 23
54400 0
54518 39
54853 39
54929 0
55021 23
55041 0
55069 39
55131 23
55276 60
55350 23
55409 23
55541 0
55583 23
55689 0
55934 23
55956 0
55978 23
56029 51
56212 0
56571 23
56851 0
57005 51
57032 0
57398 51
57665 0
57669 60
57712 0
57720 51
57850 51
58036 0
58355 51
58371 23
58523 51
58591 0
58607 51
58678 60
58911 0
58997 51
59010 0
59314 51
59376 0
59496 39
59621 60
59706 0
59789 60
60058 0
60218 51
60291 0
61025 39
61267 0
61368 39
61398 0
61463 23
61633 0
61734 51
62067 0
62413 23
62487 0
63250 51
63467 60
63582 0
63703 23
63745 0
63780 51
63872 0
64198 51
64273 0
64427 51
64853 0
64884 39
65005 0
65039 23
65087 0
65167 39
65177 0
65621 60
65917 0
66144 51
66164 0
66213 39
66310 0
66403 60
66662 0
66718 51
66899 0
66939 51
67006 39
67189 0
67237 51
67246 0
67356 39
67414 0
67454 60
67545 0
67894 39
68031 0
68218 39
68697 0
69177 60
69243 0
70258 51
70322 0
70379 60
70500 0
70931 60
70952 51
70956 0
71090 51
71287 0
71578 23
71772 0
71859 51
71973 0
72037 23
72142 0
72152 23
72218 0
72286 23
72475 0
72537 60
72844 23
73056 0
73174 39
73450 0
73567 39
73755 23
74133 0
74174 60
74366 0
74375 39
74497 0
74966 23
75036 60
75201 0
75374 23
75481 0
75552 51
75587 0
75771 51
75840 0
76157 60
76184 0
76252 39
76353 0
76607 39
76620 0
76627 60
76652 0
76679 23
76691 0
76845 23
77012 0
77145 60
77176 0
77197 39
77211 0
77370 51
77436 0
77512 51
77637 0
77644 51
77782 0
77856 60
77895 0
78102 39
78196 0
78224 23
78257 0
78380 51
78517 0
78522 39
78602 0
78694 60
78719 0
78889 23
78910 0
79329 39
79517 0
79571 23
79789 0
79805 23
79818 39
79822 23
80132 0
80181 39
80224 0
80528 23
80687 0
80704 23
80805 0
80819 39
80868 0
81061 23
81216 0
81636 39
81799 0
81957 39
81966 0
82177 60
82327 0
82721 23
82773 0
82970 39
83003 0
83124 60
83141 0
83248 51
83443 39
83471 51
83743 0
83752 23
83830 0
83858 51
84045 0
84299 39
84336 0
84345 39
84623 0
84749 23
85023 0
85051 51
85228 0
85506 39
86391 0
86569 23
86593 23
86773 23
86881 0
86937 60
86952 0
87018 39
87282 0
87377 39
87596 23
87853 39
87890 0
87925 39
88021 39
88081 0
88229 60
88547 0
88549 23
88870 0
88997 39
89015 0
89306 39
89329 0
89364 39
89542 39
89571 0
89627 23
89646 39
89671 0
89890 60
89933 0
90187 39
90195 0
90287 51
90816 60
90838 0
90976 60
91209 0
91368 23
91408 0
91590 39
91604 51
91663 51
91786 0
91830 23
91858 0
91989 39
91998 0
92105 51
92192 23
92270 60
92287 0
92513 60
93086 60
93180 0
93442 23
94027 0
94324 51
94337 0
94441 60
94531 0
94686 51
94697 0
94724 60
94767 0
94770 39
95030 0
95033 39
95091 0
95433 60
95809 0
96121 39
96137 0
96161 51
96204 0
96431 39
96510 39
96708 39
96762 60
96778 0
96823 60
97294 23
97386 0
97501 60
97554 0
97557 23
97759 0
97813 23
97933 0
98125 23
98333 0
98374 23
98643 0
99294 23
99406 0
99663 51
99711 0
99793 51
99982 51
99989 60
425 events for 4
7 100
288 0
756 100
1129 100
1199 100
1311 99
1385 0
1430 100
1477 0
1608 100
1774 0
1835 99
2158 99
2441 0
2737 99
2873 0
3000 100
3598 0
3681 100
3849 0
3981 99
4482 0
4537 100
4597 0
4649 100
4704 0
4749 99
4931 0
4996 100
5094 100
6057 100
6446 100
6474 0
6722 100
6726 99
6734 0
6847 99
7126 100
7168 0
7362 99
7403 0
7675 99
7774 0
8184 100
8198 100
8285 0
8951 100
8978 0
9392 99
9575 99
10236 0
10326 100
10610 99
10648 0
11132 100
11609 0
11777 100
11922 0
11950 100
12000 0
12016 100
12081 0
12236 99
13326 100
13327 99
13328 0
13330 100
13372 0
13921 100
14604 0
15207 100
15409 99
15476 0
15755 100
15852 0
15965 99
16247 0
16268 100
16442 0
16476 99
16531 0
16666 99
16733 100
17554 0
17701 100
17831 0
18147 99
18200 100
18270 100
18968 0
18979 100
19233 0
19300 100
19412 0
19501 99
19735 0
20000 99
20074 0
20559 100
20656 0
20695 100
20791 99
20868 0
21278 99
21282 0
21292 99
21437 0
21490 100
21492 0
21532 99
21989 0
22012 99
22349 0
22435 100
23418 0
23604 99
23652 0
23837 99
24925 0
24933 100
24948 0
24994 99
25256 0
25832 100
26043 0
26581 99
26768 0
26813 100
27003 0
27141 100
28157 100
28175 0
28176 99
28361 0
28640 100
29089 0
29121 100
29495 0
29619 100
29790 0
29832 99
30214 100
30469 0
30564 99
30970 0
30971 100
31128 0
31340 100
31754 0
31868 100
32003 0
32437 100
32493 100
33560 0
34065 100
34075 0
35004 99
35404 0
35960 100
36100 0
36169 100
36468 0
36700 100
36864 0
37238 100
37457 100
37626 99
37862 0
38089 99
38209 100
38973 99
38990 0
39768 100
40007 0
40037 99
40158 100
41124 100
42268 0
42310 100
43056 100
43160 100
43309 100
43387 99
43480 0
43823 100
44401 99
44933 100
45118 0
45345 100
46231 0
46296 100
46800 0
46866 99
46905 0
47004 100
47123 0
47333 99
47580 99
47644 0
47822 99
47842 0
48146 100
48546 0
48603 99
48837 99
48845 0
48912 99
49043 99
49194 100
49278 0
49503 99
49524 0
49556 100
50010 99
50058 0
50632 100
50805 99
50954 0
51074 100
51143 0
51363 99
51437 0
52121 99
52492 100
52570 99
53163 0
53332 100
53564 0
53692 99
53885 0
54016 100
54132 0
54245 100
55140 0
55175 100
55361 0
55570 100
55896 0
56213 100
56345 100
56528 0
56848 100
56975 99
56990 100
57052 99
57344 0
57525 100
57844 0
58074 99
58554 99
58794 100
58873 0
59237 100
60173 0
60217 100
60278 0
61209 100
61931 0
62060 100
62988 100
63035 0
63042 100
63239 0
63270 100
63435 99
63723 99
64131 99
64187 0
64237 100
64367 100
64550 100
64572 100
64846 0
65064 100
65380 0
65515 100
65532 0
66079 100
66389 0
67206 100
67329 0
67380 100
67428 99
67577 99
68076 99
68443 0
68653 100
68664 100
69338 0
69366 100
69447 0
69748 100
69776 0
69915 100
70297 0
70402 100
70950 0
71067 100
71218 100
71228 0
71645 100
71792 0
72142 100
72171 100
72543 0
72719 99
72731 0
72845 100
73102 0
73154 100
73233 0
73509 100
73933 0
73990 100
74533 0
74736 100
75051 100
75103 0
75120 99
75490 0
75494 100
75598 0
75602 100
75768 0
76196 100
76302 0
76357 100
76586 100
76949 0
77046 99
77124 0
77181 100
77317 0
77665 100
77737 100
77871 100
78031 99
78667 0
78775 100
78826 0
79067 100
79070 99
79277 0
79296 99
79577 99
80020 0
80344 100
80410 0
80653 100
80752 100
80805 100
80825 0
81076 100
81620 0
81708 100
81726 0
81961 100
81987 100
82064 0
82071 100
82725 0
82821 99
82997 100
83052 0
83339 100
83492 0
83700 100
83939 0
84077 99
84115 0
84348 100
84455 99
84593 0
84728 100
85345 0
85409 99
85466 0
85520 99
85830 0
86557 100
87202 99
87462 0
88247 99
88291 0
88614 99
88872 99
89207 99
89657 0
89669 99
89819 100
90289 0
90541 100
90648 0
90752 100
91027 0
91068 99
91602 0
92052 100
92164 0
92191 100
92331 0
92724 100
93420 0
93448 100
93505 0
94301 100
94407 100
94576 100
94634 0
95643 100
96047 0
96098 100
96327 100
96349 0
96624 100
96644 0
97004 100
97128 0
97303 100
97397 0
97641 100
99002 0
99221 100
99438 0
99946 100
799 events for 5
6 70
329 0
377 70
387 0
457 42
492 0
499 42
675 0
815 71
879 0
952 70
1100 0
1501 42
1705 0
1846 70
1920 71
2140 70
2316 0
2456 71
2798 0
2828 39
3013 0
3105 71
3112 0
3184 70
3224 0
3280 39
3441 0
3637 39
3719 42
3838 0
4182 39
4241 70
4255 0
4287 42
4349 0
4514 42
4685 0
4757 39
4771 42
5167 0
5174 71
5552 0
5588 39
5640 42
5831 70
5992 0
6064 71
6157 0
6748 71
6800 0
6854 71
6916 71
6931 71
6942 0
6958 39
7227 71
7242 0
7470 42
7666 0
8088 70
8321 39
8323 71
8442 0
8625 39
8735 39
8978 0
9059 42
9064 0
9232 39
9388 0
9532 39
9646 0
9871 42
9909 0
10034 71
10061 0
10364 71
10420 0
10496 39
10722 71
10770 0
10789 42
10841 0
10900 70
10944 0
11001 70
11008 42
11059 42
11306 42
11476 0
11601 71
11612 0
11635 39
11831 0
11857 71
12339 0
12366 42
12605 0
12634 39
12903 0
13027 42
13118 0
13169 70
13215 0
13276 42
13343 0
13452 39
13632 0
13702 42
13725 0
13755 39
13935 70
14238 0
14457 70
14667 0
14920 42
14947 39
15131 0
15529 71
15531 39
15656 0
15665 39
15751 0
15815 70
15949 71
16049 0
16089 70
16171 0
16436 71
16542 39
16690 0
16737 70
16942 0
16945 70
17041 0
17065 42
17216 0
17388 71
17442 0
17471 71
17490 42
17499 42
17589 0
17770 39
17785 0
17806 42
17823 0
17880 71
18004 0
18159 39
18253 71
18319 0
18476 71
18777 0
18805 42
18910 0
19301 70
19850 70
19864 0
19951 39
20038 0
20080 71
20218 42
20304 0
20650 39
20732 0
20820 70
20994 0
21199 70
21588 0
21953 39
22072 42
22113 42
22655 0
22801 39
22867 0
23036 70
23097 71
23108 0
23600 71
23687 0
23806 39
23830 0
23964 39
24009 0
24415 39
24462 70
24631 0
24662 71
24862 0
24900 39
25062 0
25072 39
25343 0
25580 70
25612 70
25765 39
26017 0
26297 39
26318 0
26371 70
26535 0
26664 71
26751 0
26766 42
26933 42
27070 0
27191 71
27193 0
27216 70
27319 39
27395 0
27414 42
27573 0
27716 42
27731 0
27740 70
27818 0
27981 70
27983 42
29388 0
29456 71
29599 42
29693 70
29818 71
29899 0
29932 42
29967 0
30164 39
30182 0
30200 42
30541 0
30617 71
31206 71
31212 0
31544 70
31562 0
31629 42
31673 42
32032 71
32127 42
32137 0
32372 70
32522 0
32667 71
32777 0
32997 70
33066 39
33148 0
33214 70
33248 0
33323 70
33472 0
33564 71
33592 0
33789 70
34280 0
34365 70
34645 0
34772 71
34841 0
34870 42
34923 71
35130 42
35138 0
35211 70
35607 0
35877 39
36280 0
36329 39
36839 42
36971 0
36999 39
37056 0
37127 42
37214 42
37320 0
37660 39
37741 0
37786 42
37945 0
37969 70
38105 0
38430 71
38483 0
38560 71
38690 70
38806 0
38910 42
38921 39
39013 0
39055 42
39086 0
39089 39
39103 0
39537 71
39609 0
39732 71
39741 0
39761 70
39848 39
39884 71
40148 0
40163 39
40313 0
40597 42
40698 0
41095 39
41658 0
41800 42
41913 0
41917 42
42044 0
42088 71
42272 0
42536 71
42559 71
42610 42
42773 0
42792 71
42818 71
42891 0
42920 39
42955 42
43112 0
43268 39
43476 42
43540 0
43665 42
43701 0
43768 70
43906 39
44038 39
44051 42
44335 71
44580 42
44619 71
44930 0
44998 70
45065 0
45094 71
45105 0
45149 70
45362 0
45403 42
45515 70
45618 0
46076 70
46090 0
46205 70
46276 0
46396 39
46411 0
46520 71
46722 0
46767 39
46832 0
46845 39
47032 0
47195 42
47269 0
47317 42
47345 39
47591 0
47724 39
47725 0
47782 70
47872 0
47978 39
48139 0
48208 42
48506 0
48797 42
48876 0
48982 70
49044 42
49113 71
49125 0
49146 42
49289 0
49439 39
49550 71
49570 71
49824 0
49826 39
49997 0
50330 71
50416 0
50591 42
50613 0
50670 39
51059 0
51230 71
51278 0
51439 39
51523 0
51554 70
51657 0
51743 70
52014 0
52205 39
52286 0
52350 39
52398 70
52717 0
52724 71
52747 71
52750 0
52910 42
52935 71
53122 0
53372 70
53461 0
53572 42
53642 0
53741 39
53844 0
53862 39
54029 0
54123 70
54246 0
54299 39
54362 0
54487 71
54531 0
54662 39
54754 0
54760 42
54932 0
54937 42
55001 0
55130 70
55235 0
55287 39
55420 0
55440 71
55441 0
55612 70
55618 0
55738 71
55796 0
55880 42
55890 0
55936 70
55945 0
56017 71
56160 0
56239 42
56278 42
56668 0
56829 42
56842 0
56915 42
56939 70
57049 0
57198 42
57199 0
57222 39
57316 0
57407 71
57475 0
57538 71
57612 70
57778 0
57844 42
58133 39
58219 42
58285 0
58408 39
58538 0
58563 42
58564 42
58729 0
58758 42
59083 42
59110 0
59159 42
59169 70
59264 0
59318 42
59360 39
59418 71
59580 0
59607 70
59653 0
59718 70
60084 70
60087 39
60275 71
60295 0
60426 39
60531 0
61059 42
61118 0
61158 71
61488 0
61632 71
62013 42
62036 0
62058 71
62131 0
62192 71
62230 70
62304 70
62400 71
62477 0
62508 70
62516 0
62591 71
62597 0
63081 42
63552 0
63565 42
63614 0
63707 71
63983 0
64002 71
64024 0
64059 42
64318 0
64598 39
64816 0
64902 71
64960 0
65096 70
65117 0
65154 70
65191 0
65397 71
65694 0
65895 42
66109 0
66194 71
66277 0
66395 70
66463 39
66602 0
66643 71
66779 71
66942 70
66954 0
67125 42
67231 0
67293 39
67603 0
67711 70
68017 70
68042 0
68050 70
68097 0
68159 42
68165 0
68331 39
68603 71
69098 70
69200 42
69562 39
69648 71
69911 0
69916 39
69969 0
70002 42
70024 42
70071 39
70111 39
70297 71
70302 0
70445 70
70541 0
70551 71
71140 39
71202 42
71936 0
72100 71
72134 0
72286 39
72402 0
72467 71
72621 0
72786 42
73236 71
73258 39
73320 0
73446 39
73573 0
73976 70
73992 70
74053 42
74295 0
74405 70
74508 42
74934 70
75049 70
75133 42
75214 0
75220 70
75487 0
75533 70
75696 0
75755 71
75814 42
75941 0
76033 42
76057 0
76222 71
76251 0
76303 39
76369 71
76483 0
76545 71
76579 0
76615 70
76746 0
76788 71
76840 0
76842 39
76896 0
77465 42
77563 0
77950 71
78142 0
78294 42
78463 0
78512 42
78514 0
78678 71
78912 39
79057 0
79088 39
79157 0
79159 42
79441 0
79474 39
79486 0
79510 42
79798 0
79917 42
80122 0
80212 71
80384 0
80596 39
80733 42
80892 0
80968 71
81142 0
81170 71
81342 39
81486 42
81844 70
81927 0
82122 42
82348 0
82461 42
82657 0
82681 71
82772 70
83092 42
83161 71
83275 0
83469 39
83504 71
83702 71
83727 0
83785 39
83897 0
84156 70
85068 0
85150 70
85241 0
85290 71
85299 71
85446 39
85488 0
85489 71
85551 0
85630 42
85807 0
86010 71
86102 0
86147 70
86171 0
86531 71
86625 0
86730 71
87154 39
87300 39
87355 0
87363 70
87551 0
87562 70
88253 0
88519 39
89106 0
89360 70
89478 0
89533 70
89558 71
89729 0
89803 71
89993 0
90036 70
90109 0
90122 39
90124 70
90147 0
90304 42
90374 0
90431 70
90614 70
90795 0
90839 71
91001 0
91015 71
91239 42
91545 0
91577 39
91779 71
91839 0
91915 70
91970 71
92015 0
92057 39
92130 0
92161 39
92213 70
92286 0
92320 39
92454 70
92518 0
92669 42
92939 0
93081 70
93250 0
93294 39
93502 0
93567 39
93716 0
93883 42
94005 0
94057 70
94081 39
94131 70
94291 0
94355 71
94436 0
94576 42
94867 39
94993 39
95024 0
95151 70
95188 0
95346 71
95350 0
95465 39
95508 39
95828 0
96134 42
96305 42
96416 42
96549 0
96605 71
96616 0
96629 71
97044 0
97049 39
97075 0
97104 42
97274 0
97276 39
97413 0
97738 70
97778 0
97833 71
97947 0
97992 71
98013 39
98016 0
98091 70
98121 71
98165 0
98436 39
98451 39
98640 0
98756 71
98839 0
99118 71
99132 0
99273 71
99311 0
99350 70
99400 0
99403 70
99459 0
99536 42
99544 0
99587 39
99908 39
99917 0
120 events for 6
2078 43
2820 0
3053 43
4319 0
4752 58
4755 0
5265 58
5581 0
5640 43
8130 61
9699 0
9827 58
10023 58
10147 0
10200 43
11214 0
11527 48
12785 0
13157 58
13899 0
15242 61
17137 47
18136 48
19966 0
20188 58
20352 0
20602 43
20821 0
21172 43
23976 0
24609 58
24644 0
26540 58
28266 43
29564 0
29906 47
30605 0
31598 48
33203 0
33597 43
35482 0
35630 58
35790 0
37282 47
38238 0
38496 58
39930 47
40219 0
40295 43
41851 43
41871 0
43447 58
44450 43
45127 43
45277 0
45409 48
45575 0
46582 48
47803 0
49658 43
49942 61
54249 43
54778 58
57691 43
57802 0
58564 47
61520 0
61580 58
62448 0
63897 43
64219 0
64514 47
66512 0
69346 48
69861 0
70685 47
70961 61
71797 0
72385 43
72775 58
72897 0
74807 48
74872 0
75070 43
77347 0
79407 61
79901 0
79945 58
80402 0
81231 43
81476 48
82597 0
83366 43
83963 0
84251 47
84260 48
84296 0
84630 43
85102 61
85757 43
86907 0
88417 47
90316 48
90603 43
91601 0
91616 58
92255 43
93894 48
94157 0
94503 61
94996 47
95664 58
95767 0
96328 61
96508 58
97130 0
97973 47
98030 0
98095 58
99739 0
101 events for 7
208 22
291 36
769 0
812 36
2670 0
3332 36
5217 36
5377 22
6733 0
7299 36
8187 0
8535 22
9088 0
9372 29
9742 0
10608 45
12515 29
13259 0
14577 45
14767 0
15359 45
15366 29
18790 45
20587 0
21030 22
23508 0
24245 22
24545 36
25158 45
25767 36
26271 36
27234 0
27329 36
28231 0
28281 36
29019 0
30078 45
31636 0
34175 36
34401 0
34603 45
35154 0
37703 29
40056 0
40151 36
41129 0
41880 36
44041 22
47944 0
49302 45
52097 0
53528 45
54611 29
56600 0
57526 22
57563 0
58743 29
60602 29
60636 0
61256 36
62172 45
63432 22
65494 0
65815 45
66184 0
66460 36
66876 22
67001 0
67200 22
67744 0
68365 45
69358 0
71726 45
72432 0
72992 29
73759 36
74245 0
74442 29
75509 0
75855 36
76327 0
77760 22
78547 0
79644 36
81497 0
82522 22
82961 29
83175 0
83265 36
85025 0
85334 29
88786 45
89729 45
93896 0
94140 36
95019 0
96634 36
97883 0
98563 45
98696 45
99617 0
