16 buffers
1019441 36985
190563 22515
237092 20970
500920 94390
591758 36856
643169 3221
192551 18953
396645 58999
538510 14287
567232 71939
439381 50557
620892 3687
321045 46220
322795 9159
857550 894
359017 71707
20 downlinks
0 750 5000 555
1 5750 10000 656
2 10750 15000 551
3 15750 20000 682
4 20750 25000 577
5 25750 30000 668
6 30750 35000 661
7 35750 40000 664
8 40750 45000 539
9 45750 50000 486
10 50750 55000 534
11 55750 60000 662
12 60750 65000 541
13 65750 70000 623
14 70750 75000 560
15 75750 80000 615
16 80750 85000 682
17 85750 90000 652
18 90750 95000 597
19 95750 100000 495
676 events for 0
26 95
52 0
287 95
341 0
463 93
594 0
958 98
1277 97
1458 0
1462 98
1690 0
1692 98
2084 0
2098 95
2270 0
2606 95
2713 0
2719 93
2868 0
3005 93
3241 0
3254 95
3458 89
3504 0
3523 89
3615 93
3635 0
3883 95
4156 0
4237 98
4294 0
4645 93
4991 0
5154 89
5309 0
5313 98
5383 0
5585 93
5607 0
5668 98
5754 0
5764 98
5788 0
6070 89
6345 0
6455 93
6605 97
6658 0
6762 97
7119 0
7248 89
7294 95
7337 0
7485 86
7535 0
7551 89
7564 98
7629 89
7645 0
7676 89
7786 0
7794 98
8091 0
8428 93
8513 0
8737 98
8969 98
9078 93
9157 0
9206 97
9496 0
9668 93
9717 0
9934 95
9998 0
10225 89
10248 0
10313 98
10462 0
10626 93
10804 0
10879 98
10908 98
11420 0
11441 97
11498 0
11904 98
11933 97
12154 86
12438 0
12484 95
12502 97
12601 0
12935 98
13501 93
13611 98
13632 0
13676 93
14128 0
14201 89
14268 0
14531 98
14553 93
14734 0
15010 97
15048 0
15081 95
15383 0
15658 86
15689 98
16151 0
16350 89
16591 0
16964 89
17048 0
17102 89
17209 89
17291 0
17433 98
17446 0
17483 98
17729 98
17787 0
17913 98
17952 0
18021 93
18122 0
18242 86
18269 0
18397 97
18537 0
18545 98
18564 0
18743 93
18797 0
18885 97
19088 0
19155 86
19490 0
19505 97
19622 98
19652 0
20113 93
20393 0
20550 89
20614 95
20644 98
20884 93
21257 0
21287 93
21452 0
21514 93
21550 93
21783 0
21828 93
21848 0
21858 86
22187 0
22239 86
22377 95
22481 0
22572 93
22844 89
22971 0
22984 98
23176 0
23193 89
23552 0
23585 89
23647 0
23662 93
23859 0
23899 97
24048 89
24055 86
24080 0
24507 98
24537 0
24638 97
24781 98
24828 0
24899 98
24920 98
24961 0
25254 93
25361 0
25402 89
25906 0
26250 98
26327 0
26455 95
26557 0
26851 93
27220 95
27288 89
27422 98
27535 0
27656 97
27752 98
27779 0
27840 86
28046 95
28213 0
28420 97
28538 0
28781 93
29020 0
29079 98
29301 0
29350 89
29365 0
29449 95
29486 95
29521 0
29651 98
29713 0
29838 93
29884 0
29961 98
30255 0
30287 93
30323 0
30461 95
30619 97
30768 0
30783 98
30787 0
30909 98
30930 0
31109 86
31137 98
31294 0
31608 93
31614 0
31639 95
31722 86
31804 0
32307 95
32519 0
32763 98
32802 0
32826 93
32981 0
33138 98
33185 93
33396 0
33921 97
34003 98
34101 0
34142 95
34148 98
34255 0
34340 97
34937 97
35287 0
35530 97
35690 97
35704 97
36110 0
36309 93
36354 0
36400 89
36430 0
36523 93
36756 0
36810 98
36852 0
36935 97
36986 0
37064 93
37083 0
37147 93
37635 89
38226 0
38458 86
38664 0
38783 93
38917 95
38930 98
39002 98
39138 93
39274 0
39288 86
39475 98
39594 0
40335 97
40414 0
40416 93
41247 0
41306 93
41515 0
41597 93
41869 0
42067 95
42129 0
42375 97
42478 0
42532 97
42560 98
42708 0
42925 93
42960 0
43036 97
43296 0
43310 95
43571 98
43612 0
43825 93
43836 97
44127 0
44265 89
44467 0
44616 97
44723 0
44903 86
44965 0
45112 98
45192 0
45648 95
45679 0
45875 93
46036 0
46084 86
46136 0
46195 97
46310 86
46407 0
46451 95
46804 0
46900 93
47092 0
47172 93
47598 0
47647 93
47699 86
47738 86
47768 89
47823 0
48092 89
48388 98
48804 98
48815 97
48898 0
48919 98
49024 0
49121 97
49304 0
49405 95
49546 0
49636 98
49678 0
49807 98
49910 0
49928 98
50082 0
50092 95
50386 0
50448 89
50511 0
50901 98
51080 0
51362 89
51681 0
51766 98
52344 0
52358 98
52432 0
52492 93
52723 0
52985 93
53276 0
53419 98
53434 0
53481 89
53494 0
53744 95
54149 0
54370 98
54379 0
54540 93
54580 0
54865 93
55100 0
55157 93
55313 97
55809 93
56043 0
56096 98
56107 0
56135 86
56249 0
56378 86
56422 0
56519 98
56911 98
57036 0
57577 86
57651 0
57731 93
57899 0
57991 93
58455 0
58547 93
58557 0
59075 98
59107 0
59136 93
59452 0
59677 98
59726 95
59731 86
59865 0
60087 93
60211 0
60330 89
60436 0
60605 98
60641 86
60672 89
60692 95
60827 0
61239 93
61629 93
61850 0
62075 95
62208 0
62227 93
62405 0
62442 98
62542 95
62844 0
63034 93
63103 98
63321 0
63836 97
63939 0
63970 93
64105 97
64214 97
64477 95
64672 0
64682 89
64877 93
64970 98
65046 93
65308 0
65481 95
65558 89
65637 0
65645 93
66091 0
66347 97
66369 0
66391 93
66551 0
66645 93
66744 0
66817 97
66837 86
66850 0
66920 86
66956 0
67156 98
67463 0
67764 95
67851 0
68069 93
68261 93
68788 0
69197 86
69229 0
69341 93
69475 97
69982 0
70240 93
70439 0
70461 86
70742 0
70880 89
70990 0
71063 89
71103 0
71119 93
71154 0
71250 93
71304 0
71422 93
71435 0
71658 97
71821 0
71866 95
72133 95
72353 0
72383 93
72400 0
72446 95
72612 0
72776 93
72833 93
72843 93
73190 93
73286 89
73651 98
73816 0
73819 98
74059 0
74224 86
74393 0
74613 89
75207 0
75585 89
75694 0
75973 93
76157 0
76172 89
76303 0
76795 95
76813 0
76942 98
77049 97
77055 0
77103 86
77154 0
77185 98
77198 0
77199 95
77239 0
77336 98
77927 0
78139 97
78291 0
78461 95
78637 0
79326 97
79661 0
79745 98
79888 95
80394 0
80471 98
80606 98
80608 95
80733 0
81049 95
81175 0
81211 86
81550 0
81563 98
81577 93
81772 0
82166 97
82170 97
82264 0
82524 98
82568 0
82569 93
82585 0
82593 98
82836 93
82996 0
83271 93
83321 0
83348 98
83391 0
83400 86
83574 0
83736 98
84118 0
84189 98
84449 0
84594 89
84954 93
85213 0
85224 93
85237 0
85405 98
85796 0
85918 86
85991 0
86111 93
86431 0
86470 86
86574 0
86775 98
86833 0
86860 95
86913 0
86969 97
87074 93
87150 93
87268 0
87344 98
87604 93
87643 0
87644 93
87692 0
87762 86
87914 0
88004 93
88191 93
88199 0
88393 97
88428 0
88554 97
88607 0
88691 97
89112 0
89190 95
89419 93
89492 0
89526 95
90054 89
90400 0
90598 98
90958 0
91011 89
91113 0
91166 97
91281 97
91399 0
91563 95
91866 0
91998 89
92059 97
92136 0
92145 93
92176 0
92362 86
92595 0
92804 98
92877 95
93084 0
93570 97
93651 0
93746 86
93753 97
93946 0
94166 93
94184 98
94437 0
94733 93
94879 0
95213 97
95223 0
95297 89
95302 0
95472 98
95489 97
95536 0
95552 93
95568 95
95876 0
96224 98
96327 97
96412 0
96530 98
96630 0
96665 93
96887 93
97010 95
97642 0
97792 98
98165 0
98266 86
98421 0
98514 89
98628 98
98684 0
98691 89
98712 0
98938 86
98993 0
99366 97
99384 0
99396 98
99739 0
99920 97
402 events for 1
337 24
473 0
722 24
871 0
1087 25
1827 25
1860 0
1870 25
2280 25
2853 0
3130 25
3228 0
3287 24
3314 0
3389 25
4075 25
4093 25
4240 0
4325 25
4521 0
4731 25
5222 0
5463 24
5538 25
5758 0
5908 24
5943 0
6096 25
6193 25
6452 0
6527 24
6530 0
6591 25
6592 0
6672 24
7342 0
7351 25
7728 0
7789 24
7959 24
8154 0
8611 24
8788 0
9239 24
9623 25
9645 0
9911 25
9979 0
10490 24
10577 24
11163 25
11254 0
11264 24
11272 0
11275 25
11625 0
11758 25
11802 0
11917 24
13005 0
13254 24
13326 0
13994 25
14054 0
14117 25
14394 0
14644 24
14736 0
14972 25
15793 0
15852 25
15920 24
16183 0
16240 25
16443 0
16610 24
16919 25
17190 0
17236 25
17238 25
17333 0
18581 25
19032 24
19235 0
19465 25
19512 24
19673 0
19981 25
20168 0
20223 24
20436 25
20559 0
20813 24
21078 0
21113 24
21126 0
21141 25
21214 0
22141 24
22273 24
22745 25
22832 24
23581 24
23839 0
23840 25
24058 24
24358 0
24530 24
25001 24
25112 0
25819 24
26428 0
26637 24
26688 0
27206 24
27895 0
28166 24
28406 0
28491 24
28543 24
28872 0
29337 24
29500 24
29597 0
29614 24
29702 0
30073 25
30076 24
30217 25
30395 0
30600 25
30616 0
30767 25
31151 0
31197 24
31510 0
32471 24
32612 0
32666 24
32840 0
33167 24
33210 0
33802 24
33839 0
34094 24
34172 0
34274 24
34558 0
34589 25
34957 0
34999 24
35199 0
35366 24
35483 25
35530 0
35775 25
35852 24
36389 24
37206 0
37451 25
37757 24
38267 0
38367 25
38640 0
38708 24
39189 0
39294 24
39705 25
39721 0
39819 25
39867 0
40028 25
40297 0
40329 25
40406 24
40433 0
40592 24
40864 0
40914 24
40948 0
41435 24
41759 0
42164 24
42400 0
42459 25
42538 0
42661 25
43267 0
43464 25
43541 24
43957 0
44132 25
44168 24
44600 0
44711 24
45432 24
45752 25
46385 0
46408 24
46468 24
46474 25
46678 0
46957 25
47033 0
48311 25
49466 0
49632 25
49929 0
50310 25
50397 0
50733 24
50771 25
50774 0
50958 25
51352 0
51375 25
51570 24
51695 0
52215 25
52336 25
52350 25
52594 0
53524 24
53531 25
53831 0
53846 24
53894 0
54382 24
54958 25
54996 0
55113 24
55131 24
55828 0
55915 24
56002 0
56149 25
56295 24
56532 0
56945 24
57163 0
57737 24
57969 0
58456 25
58884 0
58942 24
59250 0
59457 24
59741 0
60226 25
60271 25
60334 0
60357 24
60546 0
60572 25
60616 0
61108 24
61423 0
61494 24
61551 0
62135 24
62299 24
62325 0
62421 24
62446 0
62481 24
62586 0
62602 24
62631 0
62714 24
63005 0
63327 24
64232 0
64540 25
64754 0
64825 24
64833 25
65077 25
65480 0
65762 24
66062 0
66213 25
66238 0
66494 25
66539 0
66812 24
67053 0
67309 24
67339 0
67342 25
67402 0
67746 25
67861 0
67892 25
68367 0
68549 24
68666 24
69947 24
70176 0
70798 25
71327 0
71340 24
71619 0
71694 24
72636 25
72768 24
73210 0
73240 24
73358 0
73519 24
73575 0
73780 25
73888 24
74219 25
74246 0
74306 24
74810 24
75060 0
75411 25
75557 0
75658 25
76290 0
76497 25
76757 0
77097 25
77131 25
77191 0
77286 24
78506 0
78542 25
78670 0
78797 24
78813 0
80091 24
80126 25
80363 24
80709 25
80789 0
81174 25
81400 25
81629 0
81746 25
83048 0
83519 24
84363 24
84528 0
84536 25
84684 0
84937 25
85048 0
85246 25
85634 24
85868 0
86183 24
86223 0
86268 24
86704 0
86759 25
86993 0
87072 25
87373 0
87479 25
87712 0
87951 25
88475 0
88635 24
88732 0
89348 24
89715 0
90066 25
90826 0
91079 24
91087 0
91218 24
91441 0
91489 25
91750 0
92717 24
92863 25
92908 25
93470 0
93742 24
93972 25
94591 0
94955 24
94994 0
95046 24
95855 24
96203 24
96218 0
96512 25
96560 0
96724 24
96996 0
97808 25
97886 25
97984 0
98016 24
98671 24
98760 0
99286 24
99868 0
99979 24
589 events for 2
80 17
99 17
215 17
444 0
454 25
524 25
783 0
1006 25
1091 25
1480 17
1981 0
2097 17
2767 25
2798 0
2915 17
2929 0
3107 25
3148 0
3167 25
3601 0
3627 17
4042 17
4075 0
4123 25
4477 17
4491 0
4499 25
4564 25
4764 0
4805 25
5118 25
5221 0
5297 25
5335 0
5382 25
5540 0
5552 25
5608 25
5716 0
5772 25
6003 0
6041 25
6088 0
6123 17
6576 0
6586 25
6722 0
6726 17
6861 0
6896 17
7167 0
7432 25
7639 0
7693 25
7974 17
8236 0
8264 25
8279 25
8364 0
8519 17
8549 0
8837 17
8898 0
8904 25
9235 17
9262 0
9308 25
9366 0
9482 25
9496 25
9528 0
9999 17
10038 25
10111 0
10437 17
10446 25
10472 0
10785 17
10882 17
10928 25
11211 25
11281 0
11304 25
11325 0
11354 17
11414 0
11926 17
11931 25
11982 0
12174 25
12506 0
12903 25
13150 0
13205 25
13453 0
13581 17
13687 0
13697 25
13802 0
14007 17
14166 0
14220 17
14684 17
15180 0
15757 25
16439 0
16508 17
16752 0
16793 17
17043 0
17086 17
17223 0
17493 17
17615 0
17723 25
17829 0
17854 25
18058 0
18141 17
18213 0
18443 25
18667 0
18705 17
19208 0
19220 25
19262 0
19342 25
19538 0
19660 25
19675 17
19714 0
19800 17
19891 0
20260 25
20303 17
20459 0
20547 17
20882 0
21235 25
21254 17
22060 25
22348 25
22351 0
22380 17
22439 0
22890 25
22926 0
22931 25
22934 0
22996 25
23088 0
23093 25
23192 0
23262 17
23339 0
23657 25
23767 0
23884 17
23927 0
24013 17
24030 17
24060 0
24076 25
24493 17
24781 17
24802 0
25028 17
25186 0
25208 25
25296 17
25365 17
25581 17
25987 0
26295 25
26347 25
26525 0
26891 17
26902 0
27420 17
27472 17
27536 0
27682 25
27706 0
27709 25
27716 0
28019 17
28180 0
28500 17
29011 0
29248 25
29361 0
29784 25
29881 17
29935 0
30504 17
30546 25
30770 0
31104 25
31165 25
31722 0
31827 25
32198 0
32261 25
32536 17
32676 0
33047 25
33239 0
33621 17
33870 0
34002 17
34403 0
34542 25
34852 0
35174 25
35427 0
35456 25
35663 0
35813 17
35862 17
35912 0
36107 17
36173 0
36197 17
36400 17
36562 25
36730 0
36779 17
36970 0
37014 25
37132 0
37232 17
37434 0
37913 25
38166 25
38405 0
38461 17
38530 25
38741 0
38956 17
38980 0
39150 25
39466 25
39474 25
39929 0
40015 25
40137 0
40160 25
40497 17
40498 0
40515 25
40557 0
40646 25
40687 0
40752 25
41135 0
41223 25
41438 0
41672 25
41870 0
41881 25
42033 0
42209 25
42400 0
42525 25
43029 0
43112 25
43712 0
43830 25
44026 0
44138 25
44180 0
44311 25
44466 0
44509 25
44605 17
44979 17
45254 17
45294 0
45422 17
45550 0
45598 17
45836 0
45938 17
46150 0
46389 17
46443 17
46536 0
46551 17
46589 17
46613 17
47154 0
47160 25
47532 0
47806 25
47831 0
47863 17
47971 17
48008 0
48093 25
48155 0
48260 17
48283 0
48297 25
48306 0
48414 25
48561 0
48713 25
48759 25
48761 0
48811 25
49255 0
49256 25
49266 0
49340 17
49528 0
49605 17
49683 0
49727 25
49853 0
50047 25
50618 25
50621 0
51363 25
51707 0
51725 17
52186 0
52309 17
52425 25
52771 0
52963 17
53011 0
53116 25
53267 0
53442 25
53544 17
54861 0
55080 25
55306 0
55362 25
55890 0
56201 17
56214 0
56271 17
56284 0
56638 25
56729 0
57327 17
57332 17
57628 0
57912 17
58143 0
58241 17
58254 0
58276 17
58341 0
59283 17
59301 0
59452 25
59615 0
59758 17
59893 0
60013 17
60082 0
60474 25
60707 0
60717 25
60964 0
61630 25
61713 0
61810 17
62196 0
62280 17
62305 0
62504 25
62724 0
63026 25
63072 25
63189 0
63414 17
63420 0
63644 25
64472 17
64999 0
65000 17
65115 0
65251 25
66180 17
67033 0
67164 25
67734 25
67994 0
68243 25
68366 0
68649 25
69157 0
69242 17
69307 0
69429 25
69481 0
69583 17
69777 0
69831 25
69969 17
70084 0
70153 25
70223 0
70311 17
70686 0
70912 25
71115 0
71135 25
71153 17
71355 0
71496 25
71653 25
71654 0
71887 25
71998 0
72066 17
72272 25
72364 0
72571 25
72922 0
73070 17
73584 17
73794 25
73956 0
74053 17
74055 0
74155 25
74251 0
74620 17
74804 0
74893 17
75043 0
75077 25
75158 0
75258 17
75402 0
75466 17
75498 25
75761 0
75871 25
75936 0
76000 17
76324 0
76442 17
76498 25
76678 0
76764 17
76886 0
76943 17
77010 17
77481 25
77668 25
77726 0
77836 17
77853 25
77872 25
77880 0
77939 25
78398 17
78449 17
78464 0
78776 25
78783 0
78941 25
79081 17
79206 0
79742 25
79991 0
80150 17
80483 17
80690 0
80709 17
80819 17
80827 0
81108 17
81415 0
81517 17
82013 0
82021 17
82551 17
82603 0
82743 25
82919 0
82936 17
83442 0
83667 25
83775 0
83869 25
83910 0
84224 17
84317 0
84388 25
84433 17
84863 0
85267 17
85463 0
85516 17
85826 0
85907 25
86336 17
86886 0
86896 25
86900 25
87090 25
87132 0
87291 17
87733 0
87800 17
87830 0
88059 25
88181 0
88211 17
88421 0
88454 17
88580 0
88725 25
88978 25
88998 0
89072 17
89433 17
89645 25
89763 25
89800 0
89818 17
90145 17
90294 0
90448 25
90563 0
90653 25
90817 0
90840 25
90887 0
90888 25
90943 17
91367 0
91504 17
91523 0
91712 25
91785 0
91867 17
92430 0
92653 25
92895 0
92942 25
93068 17
93082 0
93108 25
93119 0
93154 17
93691 0
93748 25
94035 0
94368 25
94432 0
94522 25
94647 0
94819 25
95037 0
95142 25
95214 17
95526 0
95535 25
95637 0
95718 25
95915 0
96127 17
96142 0
96523 17
96534 0
96778 25
96938 0
96964 17
97332 0
97522 17
97984 17
98519 0
98556 17
98807 0
99101 25
99268 0
99429 17
99471 17
99552 25
99579 0
99626 25
99956 0
775 events for 3
10 64
291 62
335 0
342 64
352 64
487 0
984 64
1255 0
1308 62
1386 0
1475 62
2089 0
2094 62
2235 62
2285 62
2541 62
2549 0
2724 64
3064 64
3102 62
3117 0
3179 62
3222 0
3390 64
3433 0
3555 64
3704 0
3848 62
3929 64
4333 0
4721 62
4745 0
4783 62
4796 0
4885 62
5118 0
5158 62
5291 0
5490 62
5796 0
6097 64
6129 62
6218 0
6291 62
6425 0
6558 62
6588 0
6826 62
7035 62
7139 0
7356 64
7414 0
7415 62
7497 62
7510 64
7526 0
7914 64
7993 0
8170 64
8208 62
8223 0
8297 64
8300 64
8414 0
8487 64
8525 0
8590 64
8644 0
8685 64
8822 62
8939 62
9139 0
9573 62
9601 0
9990 64
10141 64
10331 0
10445 62
10766 64
10773 0
11178 62
11192 0
11247 64
11289 0
11365 62
11395 0
11537 64
11891 0
12035 64
12238 0
12553 64
12626 0
12796 62
12881 0
12983 62
13195 0
13484 64
13503 0
13627 64
13707 0
13911 64
14093 62
14196 0
14209 64
14661 0
14798 62
14991 64
15007 0
15144 64
15308 62
15583 64
15598 0
15678 64
15778 64
15926 0
15962 64
16096 62
16262 0
16409 64
16702 0
16715 62
16728 0
16782 62
16837 64
16938 0
17198 62
17233 62
17421 0
17516 62
17686 0
18372 62
18637 64
18765 0
18923 64
18964 0
18966 64
18996 64
19169 0
19502 64
19735 0
20010 62
20262 0
20421 64
20476 0
21111 64
21170 0
21213 64
21493 64
21538 62
21542 0
21776 64
21834 0
21950 64
22231 0
22271 62
22440 0
22698 62
23007 0
23037 62
23083 62
23100 62
23279 64
23566 0
23586 64
23657 0
23787 64
23993 0
24163 62
24194 0
24346 62
24534 0
25136 62
25324 0
25638 64
25673 0
25928 62
26024 0
26323 64
26421 64
26467 0
26509 62
26737 0
26747 62
27353 0
27533 62
27631 0
27641 64
27653 0
27670 64
27680 64
27772 64
27796 0
28216 64
28263 64
28438 0
28472 64
28521 62
28684 64
28695 0
28723 62
28852 0
28924 62
28934 62
29135 0
29525 64
29722 0
29855 64
29886 64
29893 0
30147 62
30200 64
30253 0
30275 64
30532 0
30605 64
30620 0
30690 64
30792 0
30844 64
30886 0
30905 62
31069 0
31157 64
31350 64
31471 0
31495 64
31498 62
31500 0
31597 62
31661 0
31807 64
31876 0
31924 64
31949 64
31963 0
32057 64
32139 62
32222 0
32226 62
32239 0
32407 64
32411 0
32456 62
32551 0
32565 64
32732 0
32808 62
32821 0
32841 64
32976 64
32986 0
33004 64
33095 0
33413 64
33429 0
33502 62
33596 0
33619 62
33657 0
33685 64
33713 0
33795 62
33802 64
33918 0
33986 64
34023 0
34070 62
34120 0
34191 64
34212 64
34731 64
34811 0
35185 64
35194 0
35301 62
35371 0
35665 62
35678 0
35695 62
35710 0
36042 64
36052 0
36244 62
36503 62
36598 62
36700 0
36947 62
37115 0
37187 64
37309 64
37333 0
37354 64
37510 0
37514 64
37554 64
37578 0
37786 62
37905 0
37960 64
38165 0
38833 64
39107 0
39184 62
39247 0
39314 64
39726 0
40051 62
40168 0
41031 64
41125 0
41234 62
41321 64
41474 0
41606 64
41792 64
42050 64
42425 0
42496 62
42646 0
42756 62
42885 62
43007 64
43044 0
43307 64
43378 64
43390 0
43490 62
43588 0
43790 64
43874 64
43880 0
44010 62
44058 0
44215 62
44274 0
44346 62
44500 64
44568 0
44853 62
45140 0
45225 64
45534 0
45682 64
46025 0
46192 62
46216 0
46294 62
46366 0
46599 64
46645 0
46820 64
46977 0
47067 62
47102 62
47134 64
47777 0
48156 64
48315 0
48503 62
48606 0
48719 62
48741 62
48788 0
48819 62
48858 0
48900 62
48954 0
48975 64
49200 62
49227 62
49306 0
49446 62
49647 62
49665 0
49941 62
49996 0
50007 62
50273 0
50340 64
50605 0
50711 62
50788 0
51124 62
51259 0
51273 62
51398 0
51540 64
51822 64
51851 0
51880 62
52038 0
52234 64
52250 64
52332 64
52440 0
52454 64
52466 64
52490 0
52512 64
52548 0
52599 64
52631 0
52633 62
52724 0
52793 64
52794 64
53083 0
53222 64
53242 0
53362 64
53490 62
53561 64
53569 0
53641 64
53770 0
53821 64
53823 0
54140 64
54164 62
54354 0
54412 62
54439 0
54494 64
54885 62
55188 0
55223 62
55300 0
55362 62
55449 0
55459 62
55527 0
55601 62
55701 64
55994 64
56013 0
56161 64
56324 0
56350 64
56514 62
56528 0
56584 64
56642 64
56683 0
56727 64
56817 62
56866 0
57010 62
57057 0
57291 64
57325 0
57361 64
57637 0
57874 64
57927 0
58181 62
58218 0
58365 64
58496 0
58605 62
58734 0
58918 62
58922 0
58959 62
59050 62
59188 0
59191 64
59494 0
59552 64
59788 0
59889 62
59932 64
60066 0
60103 64
60476 0
60747 62
60762 0
60807 64
60978 0
61020 64
61059 62
61184 62
61238 0
61279 62
61310 0
61362 62
61363 0
61384 64
61481 0
61556 62
61630 62
61688 0
61778 62
62034 0
62754 62
62797 64
62877 62
62939 62
63016 64
63437 0
63440 64
63563 64
63611 62
63696 0
63715 64
63927 0
63940 62
64084 64
64090 62
64371 0
64445 64
64703 62
64911 62
65018 64
65085 62
65269 0
65403 62
65438 0
65621 64
65660 62
65854 64
65855 62
65946 62
66076 0
66080 62
66171 0
66239 64
66403 0
66597 62
66652 0
66711 62
66847 64
66928 0
67051 62
67064 0
67169 64
67208 64
67224 64
67403 64
67487 62
67500 62
67617 64
67639 0
67784 62
67821 0
67825 62
67847 0
68008 62
68064 0
68077 64
68078 0
68279 62
68567 0
68699 64
68934 0
69018 64
69100 62
69186 0
69476 64
69572 0
69811 64
70036 0
70080 62
70095 0
70108 64
70150 0
70199 64
70375 0
70474 62
70648 0
70752 64
70780 62
70884 0
70998 64
71132 0
71215 64
71248 64
71468 64
71600 0
71645 64
71715 0
71895 62
71938 0
72029 62
72106 0
72214 64
72234 0
72281 64
72358 0
72612 62
72669 0
72830 62
72902 62
73868 62
73954 0
74149 62
74176 0
74209 62
74300 64
74315 62
74482 0
74537 62
74583 0
74691 62
74707 0
74816 64
74826 0
75017 64
75135 0
75302 62
75462 0
75501 62
75575 0
75653 62
75903 0
76176 64
76232 0
76255 62
76398 0
76438 62
76503 0
76549 62
76829 0
76944 62
77244 62
77264 0
77269 64
77451 0
78225 62
78305 64
78416 64
78662 0
78669 62
78802 62
79060 0
79147 64
79233 0
79257 64
79395 0
79644 62
79724 0
79795 64
80109 64
80155 0
80276 62
80484 62
80872 62
81091 64
81093 0
81185 64
81221 0
81357 62
81632 0
81765 64
82276 0
82320 64
82360 0
82364 64
82529 0
83131 62
83498 0
83799 64
83878 0
84126 64
84142 64
84213 0
84249 62
84254 62
84462 0
84478 64
84588 0
84898 62
84902 0
85142 64
85165 0
85192 62
85279 0
85328 62
85330 0
85471 64
85547 0
85904 64
86058 0
86138 64
86227 0
86358 62
86475 0
86496 64
86532 0
86546 64
86656 0
86780 64
87056 64
87133 62
87218 0
87556 64
87803 0
88101 62
88152 62
88278 62
88288 0
88585 64
88726 0
88782 62
89225 0
89226 64
89273 64
89283 0
89359 64
89470 0
89491 62
89499 0
89565 62
89979 62
90059 0
90060 62
90376 0
90405 64
90462 64
90651 64
91670 62
91687 0
91987 64
92127 0
92360 62
92718 0
92914 64
92954 0
92994 62
93097 64
93207 0
93364 62
93385 0
93420 64
93442 62
93456 0
93501 64
93699 0
93778 62
93813 0
94513 64
94763 62
94800 64
94879 0
94925 64
94966 64
94967 0
95002 64
95113 64
95953 0
96140 64
96364 0
96461 62
96715 64
96818 62
96863 0
96914 62
97145 0
97460 62
97597 0
97620 62
97664 62
98259 0
98452 64
98471 0
98834 62
98895 0
98946 64
99031 0
99265 64
99443 64
99498 0
99801 64
99841 0
99851 62
99885 0
750 events for 4
111 79
154 0
196 78
211 0
294 51
339 0
442 79
905 0
954 78
989 76
1047 0
1175 78
1350 0
1361 82
1402 82
1438 86
1440 59
1463 76
1494 0
1511 86
1679 0
1789 78
1810 0
1828 74
1953 78
2043 0
2104 78
2219 74
2292 0
2481 51
2720 0
2747 82
2796 74
2811 82
2867 0
2889 51
3067 74
3125 0
3135 51
3209 0
3289 63
3353 0
3501 79
3632 0
3769 78
3962 0
4410 74
4605 78
4614 79
4759 0
4821 76
5182 76
5232 0
5277 86
5340 59
5368 0
5407 63
5434 51
5454 0
5908 86
5920 0
5994 82
6049 0
6080 86
6299 0
6409 86
6588 0
7287 63
7324 0
7389 59
7434 0
7493 86
7762 0
7775 59
7835 78
8093 0
8117 51
8187 0
8469 59
8484 51
8517 0
8523 63
8784 0
8822 86
8927 0
8958 78
9672 63
9673 0
10053 74
10268 0
10277 76
10411 78
10471 51
10588 63
10851 0
10925 82
10975 63
11024 0
11071 59
11086 0
11103 59
11120 79
11421 0
11471 51
11669 0
11726 79
11743 0
11981 82
12045 0
12119 78
12172 0
12224 82
12227 0
12395 78
12551 0
12557 76
12637 0
12726 74
12954 0
12956 86
12989 0
13006 51
13165 0
13413 59
13481 0
13530 63
13612 0
13623 78
13646 0
13701 51
13761 59
13814 0
13926 51
14266 51
14294 0
14408 79
14423 0
14653 78
14781 63
15175 0
15179 79
15202 0
15290 82
15297 0
15322 51
15355 0
15392 86
15401 0
15468 74
15574 0
15638 51
15639 0
15699 59
15792 0
15990 59
16207 63
16273 0
16279 78
16453 82
16857 0
16991 63
17209 86
17226 0
17404 74
17487 0
17818 76
18082 63
18270 51
18334 0
18460 79
18670 0
18829 59
18889 0
19584 74
19778 0
19821 78
19859 51
20002 0
20100 79
20158 0
20167 74
20305 0
20386 74
20538 51
20769 0
21192 78
21203 0
21205 79
21211 78
21213 0
21230 79
21296 51
21333 78
21359 0
21364 74
21384 0
21564 51
21572 0
21637 78
21805 74
21828 76
22012 0
22023 59
22057 0
22082 51
22122 0
22202 63
22396 0
22489 74
22756 0
22814 74
23088 0
23113 78
23116 0
23282 78
23822 0
24064 76
24232 79
24288 78
24347 0
24475 78
24700 74
24872 0
25172 78
25195 0
25266 79
25282 0
25305 82
25514 0
25690 51
25698 76
25796 0
26024 63
26274 0
26544 74
26850 0
27024 82
27209 0
27458 86
27673 74
27806 0
27862 74
27922 0
28098 74
28192 0
28196 79
28286 0
28497 86
28621 0
28963 51
28964 0
29114 82
29344 78
29427 0
29664 78
29774 0
29805 79
30138 0
30141 63
30183 0
30201 63
30444 0
30531 86
30731 0
30768 86
31133 0
31134 79
31265 0
31277 79
31443 0
31608 74
31782 0
32063 74
32211 0
32334 76
32362 0
32506 74
32904 0
33303 74
33387 74
33444 0
33803 79
33864 0
33910 79
34151 0
34354 79
34739 0
34810 78
35004 0
35061 59
35064 0
35092 63
35138 0
35144 51
35322 0
35448 59
36071 82
36074 0
36695 78
37013 0
37063 51
37316 0
37731 74
37811 86
37982 0
38053 76
38076 0
38294 76
38314 0
38349 63
38370 0
38483 79
38500 0
38684 74
38694 0
38776 59
38852 76
38897 0
38925 82
38994 0
39300 78
39354 0
39385 82
39765 0
39819 82
40074 0
40219 79
40583 0
40708 82
41220 0
41234 59
41349 51
41521 0
41660 76
41697 0
41982 63
42031 76
42254 0
42409 63
42632 0
42707 51
42746 0
42867 59
42898 51
43083 0
43139 76
43502 82
43587 0
43599 63
44159 0
44181 59
44553 82
44751 63
44814 0
45129 86
45171 0
45369 82
45810 0
46122 76
46124 0
46899 63
47033 59
47282 0
47291 51
47690 0
47919 79
48135 0
48288 51
48425 0
48489 59
48578 51
48748 0
48894 86
48973 0
49489 78
49569 0
49828 51
49977 0
49993 86
50043 51
50045 0
50207 78
50258 0
50266 82
50372 0
50409 82
50734 76
50889 0
51119 82
51346 74
51362 0
51396 78
51621 0
51690 86
51922 0
51931 63
52003 0
52069 78
52398 51
52575 0
52578 82
52620 0
52644 86
52681 0
52861 63
52900 0
52928 82
52987 0
53074 86
53091 0
53139 76
53538 86
53613 79
53685 82
54157 0
54160 79
54186 0
54336 59
54376 74
54488 74
54623 0
54787 76
55069 51
55206 0
55650 82
55724 0
55969 76
56060 74
56133 0
56170 78
56324 0
56678 76
56691 82
57016 0
57215 51
57398 0
57582 59
57666 0
57672 74
57832 86
57896 0
57924 74
58019 59
58153 0
58616 51
58704 82
58771 0
58883 51
58908 0
59099 59
59115 0
59275 63
59471 0
59530 86
59810 0
60066 59
60205 0
60485 74
61193 0
61295 63
61508 63
61516 0
61880 59
62307 0
62375 82
62476 0
62558 59
62609 0
62681 76
62745 0
62858 76
62997 0
63081 79
63085 86
63301 0
63693 63
63699 0
63712 63
63918 59
63921 0
64176 82
64286 0
64485 63
64583 0
64916 82
64938 0
65052 79
65075 0
65165 76
65223 79
65369 0
65569 76
65583 0
65822 78
65902 86
65977 0
65993 78
66079 0
66476 82
66498 0
66577 78
67348 59
67429 0
67471 59
67732 0
68104 78
68177 0
68308 63
68446 86
68556 0
68641 79
68673 0
68989 82
69006 82
69577 0
69588 74
69640 79
69666 0
69709 78
69722 0
69735 82
70151 79
70205 0
70310 86
70430 0
70455 86
71464 0
71504 76
71654 0
71688 79
71798 0
71825 76
71846 0
72022 82
72029 74
72379 0
72403 86
72454 0
72694 82
72851 0
72982 74
73027 0
73104 74
73459 59
73479 0
73566 79
73708 0
73735 79
73738 0
73772 59
73780 0
73913 74
73981 0
74151 59
74379 78
74500 0
74661 78
74875 0
74876 76
75022 0
75054 86
75176 0
75604 59
75704 79
75750 0
75942 78
76049 59
76104 0
76140 63
76184 0
76199 59
76215 74
76298 0
76409 76
76620 0
76926 76
76951 0
77071 74
77141 59
77419 51
77476 0
77648 86
77770 0
77802 74
77926 63
77929 0
78010 59
78182 0
78321 86
78368 0
78519 79
78624 0
78707 74
78804 0
78863 78
79240 0
79351 79
79866 86
79884 0
79949 59
80015 0
80131 76
80243 86
80406 0
80529 59
80602 0
80685 51
80936 51
81102 63
81123 0
81166 82
81307 0
81425 74
81443 76
81664 0
81954 59
82112 0
82153 76
82256 0
82279 86
82460 0
82503 74
82826 0
82858 86
82866 0
83072 78
83095 0
83198 86
83329 0
83579 82
83639 79
83775 0
83869 78
84145 0
84448 63
84873 0
84906 63
84962 0
85046 63
85382 74
85393 0
85418 76
85452 0
85509 74
85524 0
85675 63
85744 63
85960 0
86228 79
86367 82
86401 0
86554 82
86729 63
86861 0
87040 82
87155 0
87683 51
87764 0
88033 82
88083 79
88379 0
88402 86
88622 0
88646 74
88737 0
88771 76
88910 0
89224 63
89301 0
89347 59
89507 0
89536 51
89538 0
89556 51
89652 0
89689 51
89889 0
89953 51
90225 0
90380 76
90382 0
90456 86
90549 0
90554 59
90982 0
91504 78
91582 59
91838 0
91856 79
91871 0
91965 79
92005 63
92061 0
92089 76
92436 0
92441 63
92661 0
92712 59
92797 0
93194 76
93341 0
93687 86
93792 51
94196 0
94407 86
94454 0
94509 74
94809 0
94852 86
94886 0
94955 59
95097 0
95148 59
95225 51
95324 79
95416 63
95546 0
95574 86
95699 74
95847 82
95894 0
96368 63
96519 0
96547 74
96685 0
96718 51
96908 0
96956 82
96970 0
97152 63
97178 86
97194 0
97421 82
97927 0
98126 59
98256 63
98259 82
98351 59
98681 0
98780 86
98980 0
99087 74
99289 0
99291 63
99386 0
99540 78
99817 0
99856 82
99867 0
99926 78
482 events for 5
156 63
243 63
561 61
790 0
805 61
835 0
1373 76
1651 0
1767 61
1778 0
1793 76
1798 0
1935 61
2055 76
2197 0
2469 63
2630 76
2692 76
2730 0
2765 61
2849 0
3081 61
3282 0
3337 76
3503 0
3732 76
3763 0
3826 61
3987 0
4050 61
4455 0
4460 80
5321 0
5629 61
6051 0
6118 63
6367 0
6878 76
6907 0
7382 63
7546 61
8089 0
8246 80
8279 0
8593 76
8654 80
8879 0
9027 61
9360 0
9442 80
9659 63
9933 0
9985 76
10094 0
10194 80
10350 80
10831 0
11014 61
11130 0
11168 80
11793 63
11957 76
12321 80
12349 61
12713 63
13059 0
13103 76
13262 0
14036 63
14490 0
14652 63
15083 76
15311 0
15538 76
15886 0
16154 80
16271 0
16296 61
16330 0
16863 61
16997 0
17281 61
17442 0
17445 61
17521 0
17614 61
17615 63
17645 63
17804 0
18202 63
18256 80
18837 61
19073 0
19204 61
19727 61
19796 80
20053 61
20130 0
20174 61
20287 63
20442 0
20789 61
20856 0
21317 63
21588 80
22079 0
22180 61
22253 0
22327 63
22472 80
22588 0
22827 63
23368 0
23410 76
23440 0
23478 61
23577 0
23721 76
23830 80
23888 0
24060 61
24310 0
24660 80
24970 0
25223 80
25499 63
26299 0
26611 80
26748 63
26933 0
27035 63
27093 0
27212 80
27232 0
27520 76
27570 0
27733 76
28075 61
28657 0
28668 76
28922 0
28947 76
28966 0
29156 61
29322 0
29608 80
29662 0
29693 80
30238 80
30350 80
30830 0
30877 63
30897 0
31071 61
31356 0
31617 76
31745 0
31834 63
31917 0
31942 63
32288 0
32454 76
32844 76
32928 0
33186 76
33484 0
33497 61
33806 0
33869 80
33871 0
34400 80
35292 0
35466 80
35592 80
35680 80
36133 80
36161 61
36721 0
36863 80
37279 63
37369 76
37811 0
38100 61
38138 0
38459 76
38617 0
38664 63
39052 0
39825 80
39830 76
39831 61
39936 0
39968 63
40036 0
40235 63
40247 0
40296 80
40386 76
40483 61
40621 0
40691 80
40789 0
40906 76
40953 61
41214 80
41271 0
41681 61
43201 0
43282 61
43529 0
43630 80
43765 0
43794 63
43850 76
43868 0
43875 80
43930 0
43955 80
44042 0
44215 76
44218 0
44270 61
44350 0
44492 76
44540 0
44698 76
44909 80
45071 0
45407 76
45517 0
45524 76
46118 0
46376 80
46862 61
47807 0
48152 76
48507 0
48536 80
48739 0
48850 76
48925 0
49199 63
49564 0
49662 76
49852 76
50134 0
50183 63
50314 76
50382 0
50428 63
50878 0
51154 63
51290 0
51506 80
51766 0
52028 80
52497 0
53322 63
53722 0
53908 61
54361 63
54480 0
54491 63
55017 61
55204 80
55601 63
55604 0
55781 63
55882 0
55958 61
55978 0
56367 76
56462 63
56699 0
56784 76
56832 63
56834 0
57085 61
57188 0
57461 63
57856 0
58171 76
58268 0
58339 63
58444 0
58502 63
58673 0
58717 76
58776 0
58898 63
58996 0
59108 61
59283 0
59507 80
59664 0
59749 63
59751 0
60397 76
60784 0
60991 76
61244 0
61386 63
61735 80
62048 0
62368 63
62375 0
62520 61
62733 0
62777 80
63067 61
63093 80
63217 76
63381 0
63509 76
64146 80
64466 63
64582 0
64711 63
64728 0
65129 76
65131 0
65327 63
65479 0
65838 76
66229 63
66481 0
66842 80
66858 76
67198 0
67346 61
67502 76
68084 0
68143 76
68543 0
69527 61
69764 0
69773 76
69810 0
70158 63
70202 0
70590 63
70695 0
70710 76
71083 76
71104 0
71270 80
71923 76
72030 63
72091 0
72345 80
72520 0
72680 61
72705 0
72742 63
73221 0
73328 76
73701 0
73772 80
73783 0
73924 80
73945 0
74147 63
74217 61
74576 0
74712 80
75138 61
75527 0
75610 80
76148 61
76170 0
76232 76
76672 61
77147 63
77151 80
77154 61
77656 0
77907 76
78018 0
78119 76
78188 0
78235 76
78252 0
78308 63
78809 76
79425 0
79494 80
79496 0
80887 63
80906 0
81486 76
81537 63
81983 0
82043 61
82130 0
82180 63
82589 63
83155 0
83504 63
83708 0
83823 76
83889 61
83929 0
84171 63
84246 0
84740 76
84986 61
85308 0
85885 80
86080 0
86196 80
87153 0
87250 76
87498 80
87517 0
87633 63
87964 80
88090 0
88818 76
89014 0
89117 76
89142 0
89785 76
89825 0
89841 61
89889 0
89897 63
90035 76
90161 0
90297 61
90487 0
90628 61
90916 0
90925 76
90965 0
91058 76
91116 0
91200 80
91302 61
91457 0
91468 63
92045 0
92222 63
92224 0
92274 63
92505 0
92674 80
92997 0
93396 63
93416 0
93499 76
93689 80
93974 0
94246 76
94419 76
94434 0
94691 76
94854 0
95176 63
95233 61
95302 0
95547 80
95561 0
95997 61
96014 0
96068 76
96137 63
96422 0
97261 76
97327 80
97542 0
97663 63
97989 0
98077 80
98156 0
98187 76
98191 80
98360 63
98374 0
98442 76
98940 0
99235 76
99679 0
266 events for 6
83 23
720 25
955 0
1041 28
1287 0
1615 23
2382 0
2418 23
2775 0
3081 26
3150 28
3416 27
3758 0
4319 26
5746 0
6088 23
6575 28
6865 25
8172 23
8709 25
8897 28
9656 0
10933 25
11423 26
11919 0
12268 26
12347 0
12977 25
13153 0
13253 23
13358 0
14013 25
14489 0
14817 23
15236 0
15341 25
15413 0
15518 23
15660 0
16733 25
16986 0
17118 28
17370 0
17408 23
17939 25
18549 25
19417 0
19529 23
19936 25
20149 0
21046 28
23259 0
23476 26
23589 26
24000 25
24017 0
24823 27
25238 0
25361 23
25412 0
25954 25
26418 0
26522 28
27001 0
27323 26
27519 0
27700 26
27810 0
28202 28
28257 0
28432 25
28633 0
29016 23
29146 27
29161 0
29378 26
29426 0
30058 28
31032 0
31530 23
31684 0
31989 23
32234 0
33161 26
33794 0
34102 23
34253 23
34443 0
34684 23
34754 0
34791 25
35937 26
36305 25
36687 0
36990 23
37512 0
37553 28
37688 0
37814 26
38319 28
39268 26
39379 0
39462 26
39588 0
40004 25
40611 26
40831 0
41201 23
42352 26
42559 0
42666 28
43398 23
44130 0
44635 27
45044 0
45550 28
45634 0
45808 23
46097 28
46287 0
46384 25
46955 0
47519 26
48088 0
48143 23
48330 0
48442 26
48675 0
48751 25
49593 0
49810 25
50087 0
50422 28
51112 0
51490 23
52584 25
52632 0
52708 25
52712 25
52809 0
53101 25
53662 27
53967 23
54199 0
54748 25
54852 0
55026 27
55108 0
55251 23
55896 0
56934 26
57095 0
57217 28
57418 0
57566 23
57629 0
57796 25
58023 0
58219 28
60140 0
60282 28
61076 23
61137 25
61484 0
61582 23
62630 27
64941 0
65214 25
66328 0
66461 26
66591 0
67266 28
68079 25
68140 0
68482 23
68873 0
69215 26
69324 27
69588 27
69879 0
69986 27
70067 0
70171 27
70580 0
70655 28
71895 0
72317 28
72826 0
73099 23
73245 23
73666 0
73835 23
73976 26
74135 28
74334 0
75368 25
75384 0
75517 23
75725 0
76351 23
76721 25
77509 25
78320 0
79233 23
79369 0
79703 25
79820 0
80292 26
80679 0
81183 25
81575 0
82528 25
82602 0
82619 27
82965 0
83285 27
83570 26
83806 0
83838 28
84173 0
84982 23
85216 0
85879 23
85914 0
86121 26
86189 0
86435 26
86833 0
87116 23
87124 0
87251 28
87355 0
87704 25
88630 25
88645 0
88790 23
88851 0
89323 25
89690 0
90070 27
91142 26
91179 0
91340 23
91505 23
91705 0
91804 27
91821 23
91940 26
92383 27
93125 0
93858 28
94189 23
94693 0
95582 27
96902 0
96925 23
96927 0
96958 25
96987 0
98177 26
98400 25
98435 0
98871 25
99008 0
99075 25
99912 0
334 events for 7
322 68
423 83
434 0
521 21
1568 0
1798 21
1838 0
1996 81
2073 0
2096 26
2104 19
2375 21
2670 0
3234 21
3722 19
3817 0
4787 68
4988 21
5215 0
5364 19
5588 0
5663 21
6234 0
6862 83
7285 19
7817 19
8055 0
8345 26
8426 21
8611 21
9250 19
9455 19
9460 0
9554 26
11054 0
11223 19
11835 0
12081 21
12581 55
13345 55
13749 0
13869 26
14173 21
14299 0
14641 77
14999 0
15041 68
15400 21
15430 0
15606 81
15775 0
16160 26
16470 19
16521 0
16585 19
16701 0
16889 26
16993 0
17241 21
17308 83
17340 0
17343 19
17781 83
18688 0
19274 77
19602 19
19741 19
19947 0
19969 77
20073 21
20284 0
20325 21
20623 0
21059 19
21534 0
21743 55
21751 0
22064 81
22115 0
22405 26
23368 21
23409 0
23461 55
23540 0
24456 21
24514 0
24888 68
25551 81
25727 0
26332 19
26798 81
26871 0
27769 83
28175 0
28199 77
28346 0
29095 81
29232 0
29383 19
30809 0
30866 19
30883 0
31387 77
32485 81
32628 0
33431 77
33453 0
33471 55
33494 0
34228 55
34625 0
34927 19
35092 0
35220 21
35706 0
35921 21
36127 0
36319 55
36513 19
36560 0
37146 68
37318 21
37460 55
37668 26
37742 21
37753 0
38176 77
39004 68
39151 77
39533 0
39586 19
39884 0
41272 26
42147 0
42166 68
42281 0
42376 77
42960 0
42968 68
42969 0
43119 68
43629 0
43672 21
44113 77
44168 0
44797 21
44809 0
44850 21
45303 0
45382 21
45474 0
45560 83
46135 81
46624 0
47123 26
47795 0
48808 81
48911 0
49027 81
49402 0
49441 19
49822 0
49985 55
50581 0
50618 21
50785 0
50834 77
51040 68
52366 0
52486 19
52891 21
52949 0
53112 55
53358 0
53363 21
53523 77
53668 81
53771 0
54073 77
54533 0
54580 68
54651 0
54961 55
55456 0
55644 21
55856 0
56319 26
56380 26
56583 0
56637 83
56715 0
56871 19
56884 0
56907 55
56992 0
59006 21
59277 0
59627 19
59903 81
59937 83
60097 0
60346 19
60521 0
60591 19
60722 19
60822 0
60936 26
61200 0
61561 19
61602 0
62157 68
62256 0
62771 21
63390 19
63458 0
64022 77
64085 0
64605 77
65088 0
65262 21
65675 0
66129 81
66286 0
66800 21
66892 0
66982 81
67454 21
67557 0
67743 55
68425 19
68661 0
69191 19
69337 0
69937 83
70742 68
70806 77
71232 0
71350 68
72118 0
72261 21
72674 0
72741 83
73049 0
73353 77
73572 0
73601 81
73750 68
73757 0
74443 81
74540 0
74563 77
74834 0
74882 19
75869 68
76099 19
76191 0
76417 83
76836 0
77182 26
77426 0
77540 19
77934 0
78250 55
78541 0
78555 55
78685 0
78826 77
79286 21
79786 81
80180 0
80617 26
81102 81
81852 0
82010 81
82209 0
82813 81
83342 77
83421 0
83441 21
83739 21
84033 55
84097 55
84155 0
84239 21
84443 0
85040 68
85127 0
85658 21
85954 0
86739 81
86881 0
87007 21
87063 77
87358 0
87586 19
87805 0
88136 77
88225 0
88442 21
89158 0
89362 55
89494 0
89503 19
89715 55
90498 0
90577 55
91306 0
91671 83
91724 0
92908 19
93098 0
93218 26
93349 0
94044 19
94117 0
94411 21
94701 68
95136 21
95505 0
95849 81
95914 81
96042 0
96436 77
96694 0
96739 21
96990 0
97417 68
98269 77
98428 0
98975 21
99051 0
99380 83
99644 83
99904 0
465 events for 8
97 58
357 0
373 36
800 0
808 58
878 0
994 36
1079 0
1475 72
2839 0
3248 72
3515 0
4005 72
4088 0
4225 58
5232 36
5448 0
5562 72
5569 0
5598 72
5896 36
5979 36
6077 0
6454 72
6623 72
6982 0
7288 72
7422 0
8292 72
8552 0
8917 58
9049 0
9318 58
9496 0
9659 36
9714 0
9757 36
9806 0
10022 36
10150 0
10481 58
11038 0
11057 58
11162 0
11394 36
11441 36
12265 0
12555 58
12656 72
13056 0
13121 36
13149 0
13152 36
13473 0
13585 72
13925 0
14266 36
14527 72
14534 58
14716 0
14805 72
15002 58
15192 36
15495 0
15861 58
15865 0
16085 72
16232 36
16586 0
16671 72
17188 0
17992 36
18034 0
18035 72
18045 0
18278 58
18332 0
18743 58
18827 0
18922 72
19509 58
19560 0
19600 72
20068 0
20144 72
20147 58
20241 0
20257 58
20284 36
20654 58
20758 0
21025 72
21475 36
21483 0
21590 72
21688 0
21750 72
21781 72
21838 0
22165 72
22169 0
22281 72
22659 58
22689 36
23280 0
23618 36
23752 0
24433 72
24978 36
25144 0
25178 72
25261 72
25276 0
25455 58
25981 0
26823 58
26877 72
27057 36
27258 72
27756 0
28128 72
28466 36
28481 0
28780 36
28860 0
28951 36
29306 0
29365 72
29751 0
29974 58
30203 36
30228 0
30238 58
30476 0
30553 72
30632 0
30706 58
30872 36
32523 0
32709 72
33241 58
33802 58
34062 72
34149 0
34268 58
34326 0
34417 58
34508 0
34913 58
35517 36
35675 0
35712 36
35841 58
36039 0
36146 72
36419 0
36427 58
36523 58
37240 0
37471 36
37574 0
37614 72
37647 0
37660 58
38037 0
38130 58
38286 0
38307 72
38431 58
38460 0
38594 58
38679 36
38712 0
39019 72
39031 58
39250 0
39295 58
39309 0
39505 58
39549 0
39795 58
40268 0
40552 58
40778 0
40803 58
40967 72
41177 0
41551 36
41877 72
42247 0
42389 72
42493 36
42586 58
42980 0
42991 36
43166 36
43276 0
43281 72
43553 0
43596 58
43918 0
44011 72
44027 0
44038 72
44063 36
44424 0
44443 36
44727 0
44844 72
45061 36
45225 0
45320 58
45685 0
45777 36
45927 72
46160 0
46316 36
46524 0
46850 36
47374 0
47709 36
47730 72
47763 0
48026 36
48185 58
48277 72
48398 0
49079 36
49255 72
49343 0
50080 72
50083 0
50249 72
50300 0
50454 58
50455 58
50603 0
50847 72
51631 58
51790 0
51802 36
52100 0
52144 36
52402 0
52502 36
52634 72
52678 36
52709 36
52724 0
52730 72
52931 0
52976 58
53003 0
53099 72
53129 0
53241 36
53457 0
53578 36
53889 0
54218 36
54402 0
54818 58
55023 0
55197 36
55209 0
55407 58
55637 0
55799 58
55837 36
55840 36
55995 0
56043 58
56103 0
56230 58
56242 58
56454 36
56553 0
56692 36
56958 0
57390 36
58028 0
58373 58
58634 0
58643 58
58852 58
58965 0
59328 36
59723 0
59938 36
59954 0
60115 58
60116 72
60408 0
60594 72
60603 0
60856 72
60977 0
61285 58
61655 0
62542 58
63085 0
63510 36
63524 36
63652 72
63986 0
64172 58
64664 0
64691 58
64724 0
64725 36
65059 0
65126 72
65169 0
65341 72
65667 36
65709 0
65735 58
65864 58
66050 72
66112 0
66182 36
66452 0
66530 36
66630 0
67522 72
67570 36
67677 0
67809 36
67877 72
67953 36
68070 0
68175 58
68354 0
68705 58
68720 36
68736 0
69603 36
69693 72
69720 0
70517 58
70771 58
70787 0
70945 58
71233 0
71609 58
71614 0
71622 36
71763 0
72419 72
72512 0
73200 58
73314 72
73723 0
73754 36
74153 0
74249 72
74257 72
74260 0
74328 36
74645 36
74780 0
75164 36
75436 0
75611 58
75815 58
76084 0
76324 58
76586 0
76663 58
76925 72
76938 0
76962 36
77294 0
77517 36
77523 36
77720 0
77974 36
78344 0
78425 36
78463 0
78516 72
78686 0
79413 72
79417 0
79424 36
79462 0
80147 58
80331 0
80429 58
80607 72
80973 0
80992 36
81773 0
81800 58
81868 0
82145 36
82493 0
83502 58
83750 0
83849 72
84047 0
84094 72
84454 0
84817 36
84991 0
85084 36
85195 0
85553 58
85593 58
85832 0
85970 58
86034 0
86070 36
86424 72
86475 0
86602 58
86617 0
86747 72
86897 0
86915 58
86919 0
87154 72
88324 0
88498 36
88679 0
88686 58
88777 0
88988 58
89804 0
90816 58
91544 72
91548 0
91659 58
92128 0
92143 72
92196 0
92212 72
92587 36
92596 0
92665 58
93158 36
93403 0
93461 72
93540 0
93674 72
94201 0
94234 58
94744 0
94990 58
95009 0
95473 72
95723 58
96286 0
96471 72
96867 0
97052 58
97121 72
97301 58
97309 0
97526 72
97610 0
97773 36
97814 0
98321 36
99364 72
716 events for 9
261 57
573 0
581 58
678 71
1146 0
1274 57
1465 71
1588 0
1809 58
2218 0
2231 71
2458 58
2621 58
2634 0
2635 71
2686 0
2823 71
2971 0
3002 71
3292 0
3552 71
3779 0
4008 57
4098 71
4311 0
4372 58
4474 0
4615 57
4891 0
4944 71
5009 58
5089 0
5330 58
5680 0
5799 57
6157 0
6200 71
6482 71
6571 0
6625 57
6765 71
7033 0
7049 71
7095 71
7132 0
7202 71
7218 0
7220 57
7713 0
7729 58
7748 0
7836 57
7896 0
7951 71
8066 0
8120 58
8458 0
8505 57
8722 0
8800 58
8990 0
9360 57
9442 0
9564 58
9600 0
9682 58
9916 0
10090 58
10241 57
10341 71
10358 0
10378 57
10426 0
10442 57
10688 57
11007 0
11021 58
11033 0
11104 71
11135 0
11174 58
11250 0
11351 57
11540 0
11966 57
11992 58
12026 0
12048 58
12152 0
12166 57
12387 0
12724 57
12833 0
12952 57
12986 71
13238 58
13325 0
13353 57
13720 57
13808 0
14056 71
14324 0
14326 71
14341 0
14373 71
14386 0
14544 71
14817 0
14895 57
14983 0
15278 58
15475 0
15609 71
15986 0
16222 58
16496 0
16519 58
16607 0
16634 58
17171 58
17269 0
17355 71
17515 0
17549 58
17555 0
17577 71
17776 0
17836 57
17838 0
18049 57
18053 57
18105 71
18145 0
18304 57
18588 0
18637 58
18788 0
18875 57
18880 71
19119 0
19258 71
19268 0
19395 71
19629 57
20399 57
20538 0
20873 58
20898 0
21089 71
21738 0
21832 58
21867 58
21912 0
22396 58
22552 57
22639 57
22798 0
22872 58
22957 0
23255 58
23356 0
23419 58
23422 58
23656 57
23774 0
23896 58
24001 0
24195 71
24290 57
24377 0
24410 58
24490 0
24500 58
24704 0
24718 57
24921 0
24940 58
24981 0
25043 58
25059 0
25247 71
25664 58
25700 57
26073 0
26332 57
26348 0
26387 58
26492 0
26727 57
26777 0
26822 71
26825 0
26857 71
26940 0
27212 58
27293 0
27352 57
27462 57
27490 0
27841 71
27944 0
27947 57
28081 0
28144 57
28155 0
28196 57
28853 0
28948 71
28971 0
29198 71
29239 58
29492 0
29511 58
29681 0
29744 57
29994 57
30154 0
30281 58
30356 0
30384 71
30414 0
30437 71
30653 0
30709 58
30716 0
30734 71
30951 0
31084 58
31115 0
31158 58
31173 57
31542 0
31824 71
31854 71
31914 0
32126 58
32177 0
32283 71
32306 58
32336 0
32647 57
32695 57
32858 58
33148 0
33503 58
33508 0
33613 58
33656 0
33831 57
33988 0
34088 58
34252 0
34324 58
34381 57
34399 0
34549 71
34721 57
34772 0
34873 71
35039 0
35068 57
35167 0
35734 71
35808 0
35813 71
35819 0
35846 58
35903 0
36267 57
36277 0
36390 57
36429 57
36500 0
36594 57
36675 0
37304 58
37327 0
37579 57
37791 0
37797 58
37861 0
38160 71
38301 57
38453 71
38500 0
38553 57
38684 0
38757 57
38806 0
38845 57
38983 0
39037 57
39442 0
39462 71
39484 57
39546 58
39632 0
39766 71
39829 0
40084 57
40118 0
40711 58
40808 0
40958 57
41176 0
41177 71
41301 0
41368 71
41496 0
41692 58
41865 0
41867 58
41925 0
42032 71
42253 0
42506 58
42808 58
42925 0
43122 57
43129 0
43264 58
43267 0
43474 71
43628 0
43735 57
43781 0
43835 58
43917 0
43930 57
43978 0
43994 58
44168 58
44490 0
44545 57
44606 0
44722 57
44983 0
45157 58
45158 0
45902 58
46095 0
46115 58
46363 58
46804 0
46819 71
47349 0
47581 58
47596 0
47726 71
47730 0
47790 57
48123 0
48124 57
48156 0
48290 57
48694 57
48833 58
48849 58
48920 58
49015 0
49083 71
49286 0
49365 71
49605 0
49782 71
49799 0
50115 71
50131 0
50139 58
50281 0
50299 57
50574 0
50665 57
50938 58
50964 0
51344 57
51366 0
51458 57
51845 0
52011 58
52174 0
52208 57
52493 0
52531 57
52779 0
52860 57
52990 0
53110 58
53123 0
53206 71
53219 0
53366 71
53459 0
53658 57
53864 0
53891 58
54094 0
54191 57
54244 0
54259 71
54662 0
54884 57
54984 0
55280 58
55374 58
55409 0
55520 71
55528 0
55614 71
55664 58
55828 0
55849 57
55858 0
56174 57
56439 57
56612 0
57134 57
57236 0
57562 57
57582 0
57706 71
57823 0
57825 71
58064 0
58395 71
58551 0
58775 58
58916 0
58943 58
59678 71
59792 0
59948 57
60039 0
60163 58
60694 57
60846 0
61323 58
61424 71
61770 0
61812 57
61820 0
61838 57
61881 0
61902 71
61996 58
62060 58
62151 0
62354 58
62512 0
62631 71
62687 57
62802 0
62881 71
63040 71
63219 0
63251 71
63360 0
63601 58
63656 0
63965 71
63994 57
64374 0
64436 57
64460 0
65280 58
65363 0
65615 71
65658 0
65670 71
65781 0
65947 58
66125 0
66221 57
66231 0
66259 57
66624 0
66727 71
66981 71
67160 71
67174 71
67189 71
67285 0
67421 57
67960 0
68246 71
68501 0
68543 71
69236 0
69406 71
69504 71
69712 71
69817 0
69921 57
70009 57
70068 0
70112 71
70590 57
70650 0
70776 58
70777 0
70833 71
70988 0
71119 57
71176 71
71309 0
71633 57
71714 58
71791 0
71804 58
71958 0
71969 58
71997 58
72065 0
72129 71
72199 0
72424 57
72680 0
73012 57
73014 0
73102 57
73203 71
73263 0
73763 58
74021 0
74049 58
74250 0
74302 57
74404 57
74427 0
74711 71
74764 0
74841 71
74886 0
74931 57
74951 0
75073 71
75075 58
75126 0
75136 57
75171 0
75238 57
75449 0
75655 71
75703 0
75708 57
75718 0
76249 58
76286 0
76609 58
76824 0
76893 57
77316 0
77334 57
77449 71
77757 0
77761 57
78406 0
78422 57
78467 0
78582 57
78682 0
78712 58
78780 57
78869 0
79150 57
79160 58
79163 0
79212 71
79216 71
79361 71
79378 0
79475 57
79857 57
79907 0
79929 58
80059 0
80394 57
80709 57
80765 71
81129 58
81404 57
81512 0
81862 58
81909 0
82105 57
82157 0
82415 71
82607 71
82702 0
82730 57
82760 71
82762 58
82907 0
83014 58
83221 0
83663 58
83872 71
83975 0
84045 71
84148 0
84224 57
84266 0
84276 71
84280 0
84388 71
84426 58
84507 71
84709 0
84857 57
84894 0
84928 71
85122 0
85200 57
85228 0
85247 57
85319 0
85349 71
85358 58
85644 0
85752 57
85904 58
86196 0
86273 58
86326 0
86347 71
86400 58
86656 0
86698 57
86976 58
87103 0
87203 57
87245 0
87308 58
87373 0
87529 57
87602 0
87806 58
87991 0
88017 57
88209 0
88404 71
88513 71
88674 0
88768 57
89166 0
89255 57
89419 0
89527 58
89550 0
89804 57
89807 0
89997 71
90166 0
90421 58
90688 58
90872 0
90917 58
90997 58
91108 58
91295 0
91405 57
91425 57
91439 0
91441 57
91448 71
91810 0
91875 71
91884 0
92075 57
92329 0
92339 71
92820 0
92824 71
92862 71
93097 0
93238 57
93253 0
93347 58
93522 0
93601 58
93741 0
93876 58
93955 0
93958 71
94040 0
94066 71
94528 0
95369 57
95591 0
95651 58
95885 57
96404 57
96735 0
97477 57
97525 0
97598 58
97618 0
97686 71
97795 71
97866 0
98032 57
98138 71
98194 0
98225 57
98381 0
98557 71
98609 0
98653 71
98742 0
98749 71
98832 0
98867 58
98902 58
99215 0
99386 57
99727 0
821 events for 10
323 39
398 0
739 39
768 39
824 39
830 39
1018 39
1046 0
1120 39
1365 0
1620 39
1631 39
1661 0
1680 39
1798 0
1833 39
2055 0
2230 39
2239 0
2628 39
2701 39
2720 0
2769 39
3184 0
3207 39
3254 0
3320 39
3361 39
3577 0
3621 39
3643 39
3786 0
3798 39
3847 0
3980 39
4149 39
4163 0
4381 39
4396 39
4462 0
4554 39
4624 0
4910 39
4920 0
5053 39
5310 0
5374 39
5405 0
5471 39
5474 39
5523 39
5823 39
5851 0
5865 39
5901 39
5929 0
6043 39
6381 39
6548 0
6561 39
6621 0
6624 39
6672 0
6694 39
6835 0
6908 39
7101 39
7112 0
7564 39
7684 0
7766 39
7927 0
7967 39
8204 0
8236 39
8280 0
8374 39
8469 0
8494 39
8509 0
8567 39
8769 39
8806 0
9040 39
9105 39
9271 0
9277 39
9299 0
9697 39
9757 0
9763 39
9773 0
10003 39
10037 39
10183 39
10270 39
10400 0
10489 39
10944 39
10984 0
11145 39
11156 39
11596 0
11657 39
11710 0
12003 39
12077 0
12127 39
12239 39
12467 39
12666 0
12843 39
12861 0
12881 39
13020 0
13061 39
13293 0
13488 39
13516 39
13621 0
13673 39
13945 39
14087 0
14100 39
14131 39
14481 39
14501 39
14737 0
14872 39
14887 0
15049 39
15341 39
15387 39
15519 0
15550 39
15600 0
15672 39
15832 39
15874 39
16038 39
16057 39
16209 0
16223 39
16240 0
16400 39
16712 0
16732 39
16756 0
16781 39
16858 0
17150 39
17200 0
17506 39
17616 39
17646 0
17736 39
17918 0
18032 39
18057 0
18386 39
18511 0
18698 39
18885 0
19330 39
19341 39
19479 0
19626 39
19665 39
19773 0
19879 39
19895 0
19923 39
19930 39
19999 0
20022 39
20076 39
20476 0
20478 39
20599 0
20986 39
21034 0
21279 39
21588 0
22322 39
22468 0
22659 39
23038 0
23139 39
23257 39
23322 0
23508 39
23531 39
23549 39
23606 0
23667 39
23685 0
23920 39
24031 0
24248 39
24284 0
24400 39
24437 0
24653 39
24700 0
24725 39
24747 0
24775 39
24943 0
24983 39
25056 0
25125 39
25419 0
25617 39
25630 0
25811 39
25906 0
26135 39
26258 39
26267 39
26551 0
26602 39
26615 0
26646 39
26706 39
26710 39
26785 0
26832 39
26879 39
26974 0
27028 39
27080 0
27149 39
27164 0
27486 39
27591 0
28012 39
28039 0
28170 39
28206 39
28220 0
28258 39
28387 0
28682 39
28935 0
29171 39
29173 0
29243 39
29269 0
29405 39
29659 39
29671 0
29799 39
29892 39
29921 0
30037 39
30086 0
30136 39
30175 0
30223 39
30238 0
30291 39
30525 39
30725 0
30761 39
31000 0
31091 39
31147 0
31185 39
31186 39
31306 0
31413 39
31418 0
31447 39
31588 39
31738 0
31832 39
31912 0
32059 39
32097 39
32191 39
32310 39
32503 39
32822 0
33067 39
33154 0
33422 39
33425 39
33434 0
33488 39
33516 0
33580 39
33599 0
33813 39
33824 0
33915 39
34008 39
34103 39
34134 0
34162 39
34232 0
34248 39
34296 0
34313 39
34359 39
34414 39
34507 0
34515 39
34551 39
34778 0
34856 39
35234 0
35719 39
35865 0
36112 39
36119 0
36253 39
36293 0
36400 39
36468 0
36502 39
36541 39
36573 0
36702 39
36784 0
36948 39
36974 0
36999 39
37186 39
37566 0
37601 39
37649 39
37740 0
37943 39
37998 39
38040 0
38280 39
38805 0
38986 39
39296 0
39633 39
39759 0
39785 39
40299 0
40508 39
40539 39
40640 0
40723 39
40898 0
41096 39
41429 0
41460 39
41547 39
41842 0
41866 39
41882 0
41957 39
42235 0
42495 39
42502 0
42553 39
42762 39
42921 0
43157 39
43187 39
43206 39
43282 0
43358 39
43484 0
43532 39
43545 0
43865 39
43978 0
44019 39
44189 0
44286 39
44390 39
44467 0
44654 39
44781 0
44830 39
44928 0
44972 39
44998 0
45151 39
45179 0
45402 39
45406 0
46013 39
46075 0
46163 39
46308 39
46345 39
46682 0
46900 39
47282 39
47359 0
47716 39
48010 0
48292 39
48337 39
48527 0
48741 39
48824 0
48833 39
48880 0
48986 39
49017 0
49097 39
49230 0
49500 39
49540 39
49726 39
49758 0
50037 39
50038 0
50059 39
50086 39
50269 0
50297 39
50480 0
50621 39
50737 0
50870 39
50980 0
50991 39
51333 39
51644 0
51661 39
51709 39
51837 0
52054 39
52328 0
52460 39
52724 39
52837 0
52943 39
53610 0
53755 39
53818 0
54179 39
54225 0
54235 39
54458 39
54532 0
54615 39
54841 39
54904 0
54929 39
55015 0
55028 39
55289 0
55813 39
55870 39
55977 0
56196 39
56231 0
56248 39
56305 0
56311 39
56368 0
56537 39
56714 0
56751 39
57195 0
57257 39
57392 39
57471 39
57804 0
57916 39
57940 0
57963 39
57975 39
58114 39
58295 0
58428 39
58456 0
58472 39
58562 0
58724 39
58757 0
58850 39
58957 0
58964 39
59084 39
59238 0
59429 39
59463 39
59472 0
59533 39
59614 39
59645 0
59670 39
59686 39
59738 0
59823 39
59966 0
60028 39
60130 39
60483 0
60758 39
60834 0
61046 39
61261 0
61281 39
61488 0
61551 39
61590 0
61595 39
61886 39
61914 0
62048 39
62086 0
62300 39
62328 0
62389 39
62501 39
62592 0
62612 39
62655 39
62825 39
62862 39
63194 0
63211 39
63301 0
63339 39
63848 39
63894 0
63979 39
64333 39
64430 0
64739 39
64844 39
64908 0
64972 39
64975 0
64991 39
65247 39
65455 39
65546 0
65667 39
65718 0
65749 39
65929 39
65938 0
65987 39
66104 0
66205 39
66250 39
66429 39
66590 0
66644 39
67020 0
67121 39
67145 0
67157 39
67614 0
67776 39
67785 39
67848 0
68037 39
68129 0
68326 39
68731 39
68873 0
68897 39
68935 0
68936 39
68969 39
69306 0
69363 39
69438 0
69527 39
69541 0
69566 39
69582 0
69615 39
69649 39
69689 0
69980 39
70057 39
70105 39
70279 39
70333 0
70438 39
70913 39
71283 0
71363 39
71438 39
71508 0
71555 39
71573 0
71576 39
71792 0
71797 39
71834 0
72033 39
72172 0
72249 39
72310 0
72506 39
72609 39
72622 0
72820 39
73081 0
73152 39
73337 39
73380 0
73444 39
73532 0
73570 39
73679 39
73691 39
73754 0
73794 39
74136 0
74177 39
74229 0
74398 39
74423 39
74754 0
75338 39
75382 0
75614 39
75714 39
75766 0
75844 39
76108 39
76203 0
76208 39
76452 0
76587 39
76624 0
76683 39
76734 0
76793 39
76830 39
76868 0
77272 39
77979 39
78176 39
78267 39
78287 0
78892 39
78939 0
78952 39
79006 0
79063 39
79087 39
79128 39
79310 39
79560 39
79648 0
79869 39
79952 0
80036 39
80512 0
80523 39
80580 0
80668 39
80761 0
80786 39
81156 39
81192 39
81214 0
81303 39
81333 39
81511 0
81758 39
81919 0
82002 39
82291 0
82297 39
82343 0
82390 39
82393 39
82447 0
82501 39
82724 0
82815 39
82827 0
83175 39
83177 0
83208 39
83232 0
83233 39
83601 0
83837 39
83916 0
83936 39
84028 0
84166 39
84219 39
84334 0
84363 39
84381 0
84437 39
84789 0
84897 39
85048 39
85101 39
85191 0
85298 39
85305 0
85332 39
85433 39
85492 39
85581 39
85690 39
86088 39
86461 39
86512 0
86526 39
86834 0
86857 39
86893 39
86929 0
87026 39
87085 39
87273 0
87575 39
87589 0
87621 39
87779 39
87829 0
88068 39
88075 0
88147 39
88190 0
88301 39
88330 0
88479 39
88529 39
88631 0
88653 39
88718 39
88746 39
89054 0
89347 39
89473 0
89644 39
89990 39
90284 0
90291 39
90352 0
90408 39
90464 39
90593 0
90673 39
90697 0
90734 39
90749 0
91104 39
91174 0
91206 39
91313 0
91553 39
91607 0
91646 39
91727 0
91754 39
91920 39
92226 39
92383 39
92600 39
92620 0
92624 39
92876 0
92897 39
92944 39
93018 0
93020 39
93091 39
93158 0
93345 39
93410 0
93536 39
93696 0
93975 39
93994 0
94134 39
94254 0
94542 39
94578 0
94625 39
94629 0
94635 39
94729 0
94742 39
94933 39
95477 0
95724 39
96458 39
97032 0
97038 39
97058 0
97201 39
97328 0
97340 39
97429 0
97505 39
97531 39
97613 0
97721 39
97741 39
97798 39
98047 0
98097 39
98268 39
98386 39
98530 0
98606 39
98669 0
98717 39
99071 0
99114 39
99161 0
99193 39
99374 0
99567 39
99607 0
99857 39
925 events for 11
50 77
78 0
347 77
387 0
442 77
664 0
719 77
822 0
1055 72
1057 0
1134 65
1149 0
1204 66
1286 0
1585 66
1615 0
1628 66
1677 0
1740 69
1766 66
2046 0
2052 70
2080 0
2369 72
2443 0
2558 69
2618 0
2830 66
2999 0
3066 69
3105 0
3203 70
3216 0
3641 66
3691 0
3845 66
3861 0
3972 77
3995 0
4025 77
4236 0
4255 65
4275 0
4342 77
4470 0
4759 66
4769 69
4915 77
4934 0
5033 65
5161 0
5170 77
5517 0
5582 70
5857 77
5985 0
6015 65
6179 0
6295 69
6328 65
6884 0
7196 70
7272 0
7427 70
7465 69
7591 69
7605 0
7784 77
7913 0
7955 72
8347 0
8385 70
8387 0
8549 66
8850 0
8860 77
8885 0
9081 69
9093 0
9240 70
9272 0
9276 77
9353 0
9591 70
9782 72
9845 77
10227 0
10353 70
10891 70
10943 70
11015 0
11050 77
11181 0
11225 70
11275 0
11320 66
11352 65
11435 0
11482 77
11511 0
11819 70
12184 0
12256 77
12262 0
12294 66
12312 77
12443 0
12458 70
12708 0
12837 77
13138 0
13145 77
13197 0
13417 69
13581 0
13602 77
13636 65
13661 0
13948 77
14126 0
14161 69
14183 0
14197 72
14359 0
14382 65
14390 0
14394 65
14538 66
14614 0
14638 77
14697 0
14741 72
14809 0
14861 70
14911 66
15024 77
15279 0
15350 77
15434 0
15544 69
15592 0
15700 65
15806 77
15967 0
16130 77
16154 0
16213 66
16356 0
16475 65
16499 0
16546 66
16552 0
16607 72
16905 0
16936 66
17029 0
17169 77
17235 0
17280 70
17789 72
17804 0
17846 72
18113 0
18347 70
18424 0
18645 72
18841 0
19017 66
19177 0
19221 66
19338 0
19376 72
19605 0
19750 77
19790 77
19884 0
19919 70
20085 0
20093 77
20125 70
20245 0
20344 77
20384 0
20445 66
20493 0
20666 77
20696 0
20764 66
20909 70
20926 0
21123 65
21147 0
21151 72
21166 77
21271 70
21915 0
21930 66
22021 65
22282 0
22311 77
22370 0
22540 77
22672 0
22705 77
22748 65
22822 0
22941 70
22960 66
22988 0
23026 69
23469 0
23544 65
23585 0
23593 72
24282 66
24286 70
24308 65
24400 0
24533 77
24596 0
24683 70
24805 0
24865 66
24882 0
24968 72
25003 69
25037 65
25048 0
25214 77
25227 0
25310 66
25382 0
25591 77
25747 0
25863 69
25948 0
26023 77
26031 77
26103 0
26131 69
26757 0
26909 70
27277 65
27522 69
27600 0
27626 70
27861 0
27878 70
27900 0
27907 66
27972 69
28059 0
28126 77
28202 0
28337 77
28387 66
28474 0
28536 72
28902 0
29070 72
29078 77
29129 65
29193 0
29196 77
29314 0
29397 70
29537 0
29655 69
29668 0
29713 72
29937 0
29955 69
29981 0
30012 77
30146 0
30323 69
30324 70
30407 0
30485 77
30508 69
30662 65
30707 0
30719 72
30803 0
30946 72
30976 0
30980 70
31188 69
31254 70
31356 0
31366 69
31403 77
31609 0
31872 77
31979 70
32190 65
32249 66
32393 0
32395 69
32491 0
32502 69
32599 0
32665 77
32729 0
32941 65
33019 0
33102 65
33149 0
33325 72
33735 0
33795 65
34004 77
34022 66
34118 0
34135 77
34172 0
34411 69
34626 72
34673 65
34683 0
34697 69
34704 0
34818 77
34879 0
35119 65
35190 69
35193 0
35294 69
35298 0
35482 69
35601 0
35707 66
35808 0
35857 69
35863 0
35953 72
35968 0
36095 66
36225 69
36232 0
36387 70
36538 0
36583 77
36618 0
36654 72
36759 0
36769 66
36953 0
36971 66
37019 65
37076 0
37130 66
37304 0
37396 66
37572 0
37606 77
37701 77
37842 70
37901 0
37942 65
38201 0
38595 65
38639 0
38718 66
38745 0
38794 77
38886 0
39010 70
39075 0
39117 72
39149 0
39261 72
39456 0
39480 65
39509 0
39677 66
40179 0
40194 72
40209 69
40484 70
40520 0
40634 77
40700 0
40868 69
40916 0
40924 65
40964 0
40967 69
41137 72
41276 0
41340 69
41363 0
41392 70
41573 0
41788 72
41795 77
41824 0
41873 65
41877 0
42159 65
42234 0
42282 72
42334 77
42420 0
42490 70
42503 0
42527 72
42775 0
43297 70
43366 77
43477 0
43587 65
43726 69
44086 70
44087 0
44448 72
44727 0
44885 70
44966 0
45124 70
45304 72
45401 77
45484 0
45578 77
45702 0
45801 77
45851 0
45969 69
45975 0
46091 65
46168 0
46344 70
46519 0
46520 72
46541 77
46590 0
46602 77
46923 0
46928 77
46991 0
47033 69
47271 0
47448 69
47477 0
47647 65
47744 0
47841 70
47962 66
48024 0
48334 72
48584 0
48638 77
48863 0
48918 66
49009 0
49019 66
49245 69
49337 0
49514 77
49570 0
49708 77
49956 0
50073 72
50096 0
50100 69
50112 0
50390 70
50415 0
50548 65
50621 70
50737 65
51009 65
51350 0
51467 77
51637 0
51866 77
51966 0
52188 77
52424 66
52534 0
52743 70
52773 0
53033 65
53080 0
53107 77
53282 0
53362 77
53400 0
53491 65
53647 0
53936 77
54081 77
54207 0
54219 72
54274 0
54566 66
54693 69
54710 0
54754 69
54788 0
54810 72
54964 0
55063 69
55065 70
55345 0
55394 69
55822 66
56059 77
56096 0
56240 66
56390 0
56435 72
56462 66
56501 72
56543 0
56641 77
56664 0
56846 77
56950 0
57129 77
57395 77
57458 0
57676 65
57817 0
57893 77
57937 0
58029 72
58096 0
58099 72
58140 0
58425 77
58551 0
58614 77
58652 0
58707 66
59301 0
59393 66
59419 0
59438 72
59800 0
59853 77
59897 0
60065 70
60152 0
60210 72
60251 0
60515 66
60581 69
60616 0
60898 65
60937 0
60950 65
60985 77
61024 70
61213 0
61283 69
61330 0
61341 69
61441 0
61760 69
61772 70
61835 0
61877 70
61969 70
62419 0
62527 77
62572 0
62720 66
62788 0
62994 66
63100 0
63161 70
63212 0
63480 70
63647 0
63730 65
63745 0
63766 66
63862 0
64381 72
64432 0
64449 69
64516 70
64545 66
64576 66
64688 0
64792 72
64803 0
64832 69
64866 77
65046 0
65488 77
65491 0
65493 66
65702 0
65798 65
66050 0
66191 65
66251 65
66430 0
66508 72
66636 0
66643 77
66650 77
66659 0
66704 70
66738 0
66778 69
66795 77
67032 66
67066 70
67094 0
67110 77
67353 0
67408 66
67528 0
67540 66
67686 77
67902 0
68144 77
68156 0
68215 69
68346 0
68366 65
68584 69
68921 0
68941 70
69198 0
69233 77
69448 0
69468 77
69479 72
69617 72
69665 0
69713 77
69770 0
70206 72
70311 0
70404 66
70544 0
70800 72
70854 70
70948 72
70957 0
71053 69
71079 72
71206 66
71328 69
71656 0
71846 65
72043 0
72175 77
72253 65
72523 0
72676 69
72746 0
72765 66
72876 0
73345 77
73402 0
73569 69
73616 0
73689 72
73795 0
73811 72
73838 0
73860 77
73886 77
73948 0
73992 77
74282 0
74300 72
74339 0
74350 65
74361 0
74418 72
74500 0
74542 65
74669 0
74849 70
75024 0
75062 66
75293 77
75310 0
75514 66
75602 0
75727 77
75785 0
75944 70
76261 0
76424 66
76462 0
76510 65
76626 0
76692 77
76726 0
76742 65
76849 0
76864 72
76870 0
77059 77
77091 0
77337 69
77340 0
77359 70
77459 0
77467 77
77499 70
77614 72
77679 66
77829 69
77879 0
77907 70
77921 0
78333 69
78569 0
78606 69
78697 0
78737 77
78954 72
79065 77
79633 0
79636 77
79698 0
79708 72
79859 0
80271 70
80380 77
80400 0
80436 77
80696 0
80910 77
81130 77
81415 0
81452 66
81687 0
81717 70
81786 0
81822 70
81963 0
82016 70
82060 0
82062 77
82172 0
82241 72
82312 0
82329 70
82333 0
82409 70
82519 0
82546 69
82618 77
82622 72
82647 0
82680 70
82737 0
82870 66
82915 0
83046 77
83060 0
83103 77
83442 0
83478 66
83496 69
83660 0
83777 66
83959 0
84048 66
84169 0
84265 65
84280 0
84302 69
84306 0
84336 77
84554 0
84636 77
84806 77
85014 0
85055 77
85447 0
85550 77
85555 0
85594 77
85611 0
85674 66
85866 0
86095 77
86283 0
86349 66
86427 0
86429 70
86570 0
86648 77
86679 0
86831 77
87013 0
87056 69
87066 77
87088 77
87139 69
87154 72
87210 0
87265 70
87298 0
87575 77
87724 0
87744 72
87766 69
87815 0
87930 70
87938 77
88015 0
88110 72
88133 0
88163 77
88294 0
88372 70
88695 0
88799 72
89373 0
89440 69
89634 0
89721 72
89822 77
89834 0
89837 77
89849 0
90018 66
90141 0
90166 70
90243 0
90273 65
90522 66
90556 0
90608 72
90756 0
90828 77
90872 0
90999 77
91010 77
91012 0
91048 72
91060 0
91113 77
91197 0
91231 72
91537 0
91697 70
91803 0
91816 77
91833 65
91989 0
92075 77
92111 66
92113 0
92126 70
92233 0
92314 69
92315 0
92638 70
92702 65
92767 0
92781 77
92804 0
92833 69
92929 0
93089 72
93203 77
93258 72
93340 0
93367 65
93540 0
93654 70
93731 70
93755 0
93817 70
93884 0
94085 70
94312 0
94626 70
94649 0
95046 72
95192 77
95357 0
95444 72
95600 0
95682 72
95741 0
95743 66
95928 69
96078 0
96111 77
96181 70
96234 66
96445 0
96500 65
96528 70
96587 0
96695 70
96872 69
96881 0
96974 77
97043 0
97074 77
97217 0
97417 72
97472 66
98246 0
98492 70
98643 0
98721 72
98747 0
98806 65
98831 70
98876 0
98979 69
99219 0
99352 72
99601 0
99802 72
99828 0
99855 77
99883 0
99904 66
99921 72
745 events for 12
4 35
266 0
429 35
522 0
576 47
642 0
702 47
854 0
954 35
1061 0
1401 47
1526 55
1700 0
1737 35
2282 0
2356 47
2461 35
2732 47
3331 0
3359 35
3426 0
3550 47
3575 55
3838 0
3856 47
3896 0
4259 47
4470 0
4529 47
4552 35
4750 47
4815 0
4851 35
4884 0
5001 35
5246 0
5275 47
5401 0
5478 35
5496 0
5507 47
5596 47
5636 47
5779 0
5902 35
6012 0
6072 55
6073 0
6095 47
6169 0
6243 47
6461 0
6524 35
6882 0
7079 35
7162 47
7601 47
7708 55
7768 0
8129 55
8276 47
8350 0
8409 47
8663 0
8982 55
9074 0
9094 55
9177 0
9186 47
9220 55
9259 0
9297 47
9308 0
9394 55
9472 0
9481 35
9485 0
9667 55
9899 0
9905 35
10016 0
10299 47
10310 0
10420 35
10572 35
10671 0
11049 35
11055 47
11068 0
11148 47
11202 0
11267 47
11319 0
11568 47
11747 0
11762 47
11815 0
11923 47
12023 0
12314 35
12401 55
12433 47
12442 35
12584 0
12696 35
13160 0
13240 35
13254 0
13405 47
13474 47
13526 55
13573 47
13932 35
14269 0
14285 35
14288 35
14357 47
14503 0
14545 47
14566 55
14576 0
14933 35
14969 0
15186 35
15357 35
15413 0
15479 35
15516 47
15704 0
15782 55
15872 0
16419 47
16852 35
16987 0
17026 35
17030 0
17117 35
17223 0
17321 47
17343 0
17513 47
17825 0
18006 35
18228 35
18238 55
18285 0
18312 47
18322 0
18370 47
18790 0
18838 47
18971 0
19070 35
19080 0
19121 47
19199 55
19272 0
19448 47
19859 0
20317 55
20528 0
20574 47
20679 0
20772 35
20976 0
21077 35
21136 47
21373 55
21516 0
21577 35
21813 0
21905 47
21934 0
21937 47
22756 0
22762 35
22775 0
22939 35
23076 0
23250 47
23338 0
23392 35
23410 35
23586 0
24734 55
24760 35
24869 47
25056 35
25074 0
25142 35
25282 35
25533 0
25558 55
25669 0
25670 35
25860 0
26013 47
26182 0
26346 55
26477 0
26512 35
26539 47
26645 0
26657 55
26767 0
27065 35
27073 0
27259 35
27289 0
27452 35
27524 35
27748 0
27933 35
28057 0
28107 35
28520 0
28557 47
28576 0
28727 35
28780 0
29419 47
29699 0
29738 55
29796 47
29905 0
29907 47
29994 0
30115 47
30125 0
30164 47
30243 0
30417 47
30599 0
30609 55
30823 0
30985 47
31097 0
31211 47
31406 47
31613 0
31807 35
31888 0
32214 55
32266 0
32363 55
32573 35
32681 0
32802 47
32807 0
32840 55
32910 35
33303 0
33357 35
33426 0
33446 35
33500 0
33577 47
33857 55
34531 0
34546 35
34598 0
34852 35
35135 0
35297 47
35374 0
35542 35
35545 0
35624 55
35651 0
35652 35
35999 35
36010 0
36278 47
36297 0
36563 35
36718 0
36975 35
37001 47
37008 47
37011 0
37133 35
37447 0
37755 47
37938 0
38015 35
38234 47
38305 0
38475 35
38718 0
38792 35
38880 0
38944 35
39119 0
39139 47
39146 35
39160 0
39377 47
39522 0
39673 47
40164 0
40199 55
40361 0
40495 47
40590 0
40754 47
40755 0
41166 35
41316 0
41341 35
41355 0
41384 55
41755 0
41964 35
42003 0
42054 35
42583 0
42645 35
42837 0
42856 47
42944 0
42981 35
43253 47
43303 0
43345 47
43353 0
43599 55
43683 0
43752 47
43862 47
43892 0
43925 55
43946 55
43976 0
44246 47
44295 0
44465 35
44468 0
44701 35
45186 0
45250 47
45638 35
45697 0
46385 35
46397 35
46453 47
46459 0
46611 35
46827 47
46850 0
46952 35
46969 0
47395 47
47560 0
47618 47
47689 0
47753 47
48143 47
48164 0
48221 55
48345 0
48481 55
48563 35
48639 0
48740 35
48743 0
48764 47
48808 47
48902 0
48918 55
49175 0
49237 35
49270 0
49571 35
49607 0
49609 35
49831 55
49957 0
49978 47
50160 47
50310 0
50470 47
50482 35
50543 55
50698 0
50725 47
50876 35
50890 0
50999 55
51164 0
51195 55
51207 47
51319 0
51806 55
52518 0
52576 35
53017 55
53082 0
53117 35
53118 0
53198 35
53223 0
53236 47
53666 0
53802 35
53830 35
53961 0
53994 35
54047 0
54054 35
54169 0
54179 55
54211 0
54532 35
54778 47
54807 0
54887 35
54904 0
54918 35
54958 35
55239 0
55285 55
55469 0
55486 47
55491 0
55536 47
56120 0
56361 47
56466 0
56571 47
56584 0
56900 55
56931 35
57014 0
57142 47
57249 0
57257 55
57457 0
57463 35
57573 47
57590 0
57821 47
57924 0
57957 35
58101 0
58226 35
58287 0
58299 55
58409 0
58498 35
58569 0
58712 47
58801 0
59107 47
59446 0
59603 35
59655 0
59881 47
59986 47
60084 0
60088 35
60368 0
60470 35
60517 47
60615 35
60693 0
60802 47
60868 0
60927 47
60957 0
61066 35
61195 0
61270 47
61775 0
62309 47
62362 0
62469 47
62623 55
62897 0
63023 35
63029 0
63557 35
63633 0
63724 55
63805 0
63850 47
63956 0
64129 35
64190 47
64225 35
64448 47
64618 0
65004 35
65084 47
65086 47
65257 0
65338 47
65351 0
65487 47
65787 0
65860 55
66029 47
66230 55
66475 55
66561 47
66950 55
67034 0
67072 55
67188 0
67202 47
67390 0
67554 55
67635 0
67717 47
67795 0
67931 47
68119 55
68125 0
68318 55
68683 47
68840 35
68953 0
69369 35
69453 0
69549 55
69562 0
69684 55
69933 0
70447 47
70507 0
70662 35
70692 0
70788 47
70804 0
70996 35
71352 0
71463 35
71678 0
71728 35
71790 0
72108 35
72424 55
72445 0
72474 35
72550 0
72639 47
72714 0
72741 35
72962 35
73085 35
73289 0
73588 47
73690 55
73703 0
73720 35
73769 0
73783 35
73985 0
74063 55
74357 0
74637 35
74755 0
74787 55
74985 0
75097 35
75168 0
75376 35
75473 47
75916 0
75964 47
76043 0
76222 55
76334 0
76356 47
76422 0
76506 55
76582 0
76932 47
77102 47
77108 0
77181 35
77338 35
77526 0
77655 35
77680 0
77750 47
77938 35
78020 0
78064 47
78065 0
78465 55
78531 47
78536 0
78718 47
78792 0
79165 35
79315 0
79326 47
79774 47
79789 0
79796 55
80075 55
80266 0
80359 47
80408 0
80556 47
80565 0
80670 35
80826 0
80853 35
81101 47
81139 0
81153 47
81305 0
81356 35
81392 0
81521 35
81755 47
82276 47
82324 0
82369 55
82534 0
82648 35
82668 47
82819 0
83210 47
83325 0
83596 35
83715 55
83900 0
84004 35
84100 35
84136 0
84373 35
84817 0
84876 47
84901 55
85059 47
85121 0
85325 55
85353 0
85354 35
85716 35
85896 0
85957 55
86075 35
86136 0
86154 55
86480 55
86583 0
86628 35
86665 0
86913 47
86916 47
87065 0
87071 35
87129 0
87277 47
87547 0
87594 47
88001 0
88153 47
88174 47
88342 47
88539 55
88627 0
88923 35
89669 0
90063 55
90086 35
90464 0
90664 47
90686 0
90958 47
91150 0
91224 35
91261 0
91391 47
91500 0
91531 55
91591 0
91862 47
91864 35
91908 0
92004 47
92077 47
92157 47
92209 0
92366 47
92377 0
92570 47
92631 47
92658 0
92966 35
93167 47
93192 47
93296 0
93463 55
93539 0
93673 55
93832 0
94150 55
94230 47
94236 35
94458 35
94761 55
94769 47
94868 0
95361 55
95543 0
95633 35
95985 35
96145 0
96164 47
96232 0
96406 55
96458 0
96573 47
96740 0
96962 35
97047 47
97135 35
97276 47
97405 35
97411 0
97646 47
97834 0
97913 35
98006 0
98045 55
98156 0
98244 47
98288 35
98824 55
98958 35
99023 0
99148 35
99213 0
99227 55
99370 0
99547 35
99559 0
99649 47
99755 0
99819 47
99983 0
925 events for 13
32 34
45 30
124 0
209 36
210 34
512 0
545 39
656 0
660 34
734 0
1140 38
1161 38
1183 38
1191 0
1270 38
1517 34
1638 0
1760 38
1761 0
1849 36
1926 0
1965 36
1986 38
2043 34
2215 34
2284 30
2375 34
2438 38
2516 34
2538 0
2670 36
2863 0
2970 36
3003 0
3082 38
3163 0
3232 36
3383 0
3442 38
3637 0
3671 38
3682 0
3740 38
3808 0
3889 34
4010 0
4122 39
4162 0
4286 38
4306 0
4335 39
4410 0
4526 34
4672 36
4755 0
4760 34
4820 38
4835 0
5249 36
5256 0
5549 30
5835 38
5839 0
5947 39
6402 0
6404 36
6450 34
6466 0
6479 38
6645 0
6661 34
6785 38
6801 39
6802 0
6841 38
7014 0
7039 38
7156 0
7184 34
7677 0
7882 36
7895 0
7913 38
7921 0
7940 39
7975 0
8083 39
8110 0
8365 30
8477 0
8749 38
8775 0
8854 34
8982 0
9255 39
9365 0
9690 34
9703 0
9971 34
10262 0
10308 36
10554 39
10557 0
10563 38
10593 38
10654 39
10783 0
10834 34
10919 0
10978 39
11048 0
11089 30
11091 0
11251 34
11392 0
11450 30
11681 36
11895 38
11968 0
11982 34
12111 36
12133 0
12322 38
12404 0
12531 39
12598 0
12823 38
12829 34
12922 0
12925 36
12937 0
13212 34
13249 0
13299 30
13569 0
13804 38
13834 36
14261 0
14508 36
14521 38
14591 0
14712 34
14885 0
14976 30
15032 0
15144 38
15175 0
15180 30
15205 36
15241 0
15303 36
15322 0
15446 30
15648 0
15651 38
15656 0
15836 38
15940 36
15956 0
15995 30
16173 0
16452 38
16456 0
16496 36
16730 38
16981 0
17039 36
17223 0
17273 38
17286 0
17385 38
17479 0
17519 38
17524 0
17743 30
17910 0
18046 38
18123 0
18249 36
18308 0
18360 38
18395 34
18431 36
18470 0
18757 38
18761 39
18932 0
18985 38
19027 39
19065 0
19123 39
19187 0
19281 36
19314 0
19340 34
19410 38
19518 0
19591 38
19666 0
19682 39
19727 0
19793 39
19980 0
20104 34
20174 0
20180 39
20194 0
20288 38
20327 0
20339 34
20430 0
20485 34
20893 38
20941 0
21015 39
21023 0
21046 38
21151 30
21269 0
21424 39
21436 0
21546 36
21570 0
21594 39
21676 0
21682 30
21716 0
21778 38
21822 0
21976 34
22219 0
22466 34
22536 0
22582 30
22821 0
22880 34
23000 0
23007 34
23232 0
23362 36
23492 0
23520 38
23723 0
23898 38
23921 0
23951 34
24389 0
24534 39
24719 0
24741 34
24858 0
24945 36
25274 34
25349 0
25474 34
25609 38
25665 0
25862 34
25879 38
25887 0
26029 38
26231 39
26449 0
26776 38
26907 0
26962 34
27252 0
27275 38
27286 0
27344 30
27363 38
27477 0
27623 30
27910 0
27951 39
28045 0
28060 34
28344 36
28391 39
28525 34
28622 0
28848 34
28960 0
29190 34
29227 38
29325 0
29448 39
29804 0
29879 30
30205 39
30355 0
30499 38
30577 0
30629 34
30663 0
30682 38
30788 0
30894 34
31150 38
31350 0
31404 34
31526 0
31575 36
32177 0
32259 39
32353 0
32408 30
32593 0
32652 34
32671 0
32695 34
32700 39
32812 0
32849 34
32870 0
33170 34
33192 0
33508 34
33530 0
33531 38
34122 0
34236 36
34351 0
34405 36
34530 36
34721 0
34747 38
34851 0
34876 34
34921 0
35071 38
35135 0
35151 30
35193 0
35212 34
35357 0
35431 39
35546 39
35863 38
35934 36
35961 0
35989 38
36164 0
36368 36
36414 38
36460 0
36595 36
36632 0
36653 39
36698 0
36712 39
36724 0
36751 34
36991 0
37052 34
37266 34
37275 34
37278 39
37545 38
37753 0
38084 39
38189 34
38531 0
38588 34
39055 0
39122 36
39429 30
39495 0
39586 36
39598 0
39672 39
39797 38
40021 0
40451 34
40509 0
40522 39
40600 36
40613 0
40662 30
40674 39
41227 36
41244 0
41293 39
41408 0
41549 34
41591 30
41794 0
41812 36
42269 34
42271 0
42388 30
42444 39
42493 0
42617 38
42866 0
42909 39
43095 0
43360 38
43406 39
43567 34
43655 0
43799 34
43863 36
43881 0
44165 30
44246 34
44288 0
44324 36
44407 0
44501 38
44537 0
44585 38
44776 0
44780 30
44810 38
44951 39
44973 0
45026 34
45124 39
45260 0
45425 30
45663 0
45724 38
45755 0
45890 39
46001 38
46167 0
46487 38
46520 0
46622 36
46705 0
46827 34
47253 38
47319 38
47453 0
47797 36
47889 0
47907 39
48007 0
48239 34
48284 0
48304 30
48342 0
48378 36
48411 0
48459 36
48469 0
48516 34
48596 0
48663 34
48690 0
48701 34
48707 34
48934 0
49035 34
49164 0
49184 34
49361 0
49481 38
49504 36
49533 38
49555 0
49617 36
49646 34
49765 34
49791 30
49888 34
49967 0
50093 36
50123 0
50270 34
50281 30
50302 34
50306 38
50347 39
50464 0
50482 38
50744 0
50799 34
50848 0
50911 39
51122 36
51159 0
51196 34
51283 0
51596 36
51627 0
51829 36
51948 0
52250 38
52335 0
52412 39
52461 30
52498 0
52505 39
52555 0
52559 30
52677 0
52687 38
52727 0
53169 38
53188 0
53247 38
53283 0
53357 36
53437 0
53707 34
53797 0
54015 38
54109 34
54164 0
54318 34
54404 0
54420 38
54431 0
54598 39
54777 0
54937 30
55064 0
55193 39
55199 34
55506 34
55730 0
55765 38
55783 34
55952 0
56012 39
56204 0
56363 34
56480 0
56523 38
56656 38
56840 0
56859 38
57038 0
57125 34
57184 0
57195 34
57262 39
57311 0
57453 34
57468 0
57469 36
57476 0
57698 30
57715 0
58025 34
58121 0
58128 38
58240 0
58303 38
58593 0
59168 39
59346 0
59374 36
59399 0
59513 34
59601 0
59877 38
60005 30
60056 0
60111 34
60205 0
60569 39
60581 30
60612 0
60615 30
60671 0
60689 38
60862 0
60868 38
61049 30
61120 0
61272 38
61363 0
61591 34
61621 30
61776 38
61817 0
61831 38
61956 0
61978 34
62150 34
62168 34
62191 38
62255 0
62348 38
62406 0
62723 39
62952 0
63005 38
63159 39
63166 0
63178 39
63611 0
63647 38
63759 0
63760 30
63926 0
64022 38
64072 39
64164 0
64212 36
64220 34
64545 0
64606 34
64699 0
64826 39
64876 0
64904 39
64912 38
64995 0
65064 34
65209 0
65477 34
65667 39
65669 0
65773 36
65839 0
65841 38
65877 0
65952 38
66011 39
66090 38
66226 30
66231 0
66241 34
66375 0
66488 34
66824 0
66857 38
66881 0
66941 34
67208 36
67223 36
67238 0
67290 36
67488 30
67635 0
67847 36
68493 0
68524 38
68526 34
68663 0
68833 39
68887 34
68913 0
68937 34
69102 0
69460 34
69641 0
69653 38
70021 39
70087 0
70092 34
70189 39
70286 0
70568 34
70996 0
70998 34
71295 38
71374 0
71406 34
71482 36
71644 0
71740 36
72018 0
72058 39
72064 0
72097 30
72188 36
72200 38
72255 30
72290 38
72311 0
72552 39
72663 0
72667 30
72855 0
72883 30
72905 0
72934 36
72982 34
73018 0
73518 38
73542 0
73631 39
73675 34
74063 0
74088 30
74480 38
74936 38
74947 0
75072 30
75087 39
75311 0
75418 38
75550 0
75603 38
75673 0
75734 34
75753 0
75779 36
75781 0
75989 34
76315 0
76444 36
76479 34
76543 0
76578 30
76691 0
76718 38
76789 0
76843 38
76913 0
77023 38
77129 0
77557 38
77559 0
77766 38
77904 0
77916 30
77985 39
78174 0
78346 36
78393 38
78500 34
78690 38
78792 0
78897 39
79007 34
79055 0
79077 39
79138 0
79213 34
79318 0
79501 30
79760 38
79970 0
80060 30
80118 0
80224 36
80252 36
80308 0
80476 39
80496 39
80547 30
80843 34
80940 0
81041 36
81422 34
81435 36
81437 0
81493 36
81666 0
81866 38
81924 30
81965 34
82054 34
82141 0
82178 30
82229 0
82527 39
82543 0
82567 38
82737 0
82815 38
82904 0
82950 38
83073 0
83169 30
83192 0
83263 30
83582 0
83945 38
83994 0
84048 30
84129 36
84349 0
84407 34
84454 0
84466 38
84495 0
84515 34
84618 30
84813 0
84853 34
84948 34
85039 39
85064 0
85126 34
85147 0
85204 38
85251 0
85349 34
85377 0
85393 38
85468 34
85544 38
85560 0
85831 36
85851 0
86107 30
86111 0
86284 38
86410 0
86441 39
86920 0
86978 36
86993 0
87006 34
87044 0
87063 38
87120 0
87275 38
87309 0
87357 39
87654 36
87745 0
87861 36
87890 0
88014 36
88076 0
88187 38
88236 0
88253 30
88311 0
88331 30
88393 0
88432 38
88533 36
88612 0
88624 36
88681 38
88842 0
88929 34
89210 34
89225 0
89315 38
89408 34
89445 0
89549 36
89553 0
89787 30
89823 0
89893 38
90196 0
90334 36
90564 0
90620 38
90644 0
90787 38
90952 0
91000 34
91079 0
91318 34
91338 0
91720 39
92163 0
92316 38
92351 34
92395 0
92489 38
92551 0
92638 38
92652 0
92723 34
92885 38
92912 0
92942 34
93118 0
93215 39
93243 0
93298 34
93350 0
93386 34
93491 0
93668 30
93723 0
93907 30
94016 0
94125 39
94218 0
94230 30
94422 0
94543 30
94761 0
94823 34
94824 0
94907 34
94957 0
94979 38
95234 39
95244 0
95301 39
95446 38
95458 38
95716 0
95851 38
95957 0
96013 39
96053 0
96184 38
96193 0
96369 34
96467 34
97042 0
97259 30
97330 38
97599 0
97952 38
97979 39
98440 0
98565 34
98630 0
98673 34
98696 0
99067 36
99117 38
99130 0
99148 38
99361 34
99612 0
99697 34
99806 0
158 events for 14
56 78
535 0
1603 78
2491 0
3133 65
3469 0
3834 56
3892 78
3944 48
4396 56
4712 80
5211 0
6225 73
7302 0
8083 73
8229 0
8262 65
9139 48
10017 0
10192 65
10355 0
10471 48
12049 78
12470 78
13060 0
13882 80
14418 78
14605 0
15894 65
17437 0
17948 48
18822 0
19884 48
21820 0
23086 80
23244 0
23303 78
23609 0
23938 86
24210 80
24335 0
24352 86
24409 0
24673 73
25743 0
26624 86
26714 0
26890 65
26945 0
27329 86
29920 0
30360 56
31124 48
31269 0
31488 48
32153 73
33178 0
33951 48
36721 0
36860 86
36866 0
39692 48
40504 0
40881 86
41615 0
42223 78
43727 0
44020 86
44787 0
46054 65
46910 0
47630 48
49048 86
49503 0
50192 80
52322 0
52642 73
52905 0
53758 86
55225 0
55680 65
55743 0
55764 65
56082 0
56294 65
56395 0
56528 65
57192 0
57664 78
58771 73
61021 0
61046 56
61136 0
61554 56
61676 0
62185 48
62986 0
63131 78
63848 0
64380 48
64644 78
65064 0
65108 78
66539 65
66750 0
66778 86
66799 48
67060 0
68068 65
69943 0
70987 78
72324 48
72333 0
73463 56
73494 78
73928 0
74270 73
74433 0
74485 65
74511 0
75139 80
75593 0
75740 86
76085 0
76327 80
77027 0
77738 80
77855 86
78221 0
78287 73
78401 80
78446 65
78453 0
79347 73
79379 0
79743 65
80740 80
82543 80
83192 48
83901 0
84326 86
85126 0
85222 78
86579 56
86945 48
91346 0
92246 65
93533 86
95269 80
96403 0
97047 65
97497 0
97590 86
97706 0
97834 86
98238 0
98347 80
99377 0
332 events for 15
551 70
1030 0
1721 37
1765 0
2058 37
2291 0
2597 37
2688 37
3200 39
4027 0
4457 26
5012 0
5044 66
5123 41
5499 0
5722 72
6189 0
6315 77
6415 0
7432 66
7734 26
8687 66
8704 0
8730 66
9518 0
9664 26
9900 37
10318 70
10442 72
10574 0
12004 77
12067 70
12408 42
12741 0
12760 74
12851 0
13241 41
13602 0
13640 70
15091 74
15121 0
15255 26
15464 0
15605 37
15658 0
15685 72
16017 72
16191 39
16280 0
16298 77
16329 74
16507 0
16646 41
17286 0
17380 66
17406 0
17664 72
17801 41
18462 0
18600 26
18638 41
19344 0
19507 72
19943 0
19970 66
20002 0
20101 39
20105 41
20186 0
20379 39
20421 0
20533 37
20757 0
21302 41
21883 0
22123 74
22346 0
22666 66
23121 0
23144 37
23230 0
23377 70
23421 66
24258 0
24320 42
24506 0
24985 41
25333 0
25361 26
25381 0
25959 37
26081 0
26475 72
26542 0
26845 26
26921 74
27154 0
27421 39
27429 39
28781 0
28856 42
29297 77
29462 70
29824 42
30349 0
30361 72
30467 0
30610 39
30863 26
30937 39
31007 0
31011 74
31123 0
31216 70
32223 0
32538 39
33007 0
33209 77
33851 26
33858 0
33891 37
34098 77
34527 0
34996 39
35064 0
35217 72
35882 70
35967 0
36045 77
36484 0
36602 37
36616 0
36886 37
36955 0
37262 72
37380 41
37440 0
37474 26
37882 0
37996 41
38785 26
38842 0
38906 70
38972 66
39642 0
39701 41
39736 0
39765 42
39778 37
39849 0
40196 66
41313 0
41425 42
41999 0
42342 41
42842 0
43545 72
43693 0
44033 42
44107 0
44413 74
44493 0
44944 66
45013 0
45186 42
45481 0
45742 70
47258 0
47300 42
47368 0
47737 74
47885 0
48193 26
48421 0
48450 77
48790 0
48864 74
49054 37
49430 0
49505 42
49621 0
49712 37
49914 26
50012 0
50629 41
50982 77
51010 0
51379 37
52712 0
52813 74
52885 0
53157 37
53823 0
53893 42
54436 26
54548 0
54865 72
55188 0
55334 42
55598 0
55813 41
55976 0
56779 26
57039 0
57941 42
58343 0
59232 39
59247 0
59704 70
59754 0
59973 39
60113 0
60124 37
60171 0
60202 42
60295 0
60362 72
61188 26
61521 0
61590 42
61714 0
61723 42
62368 0
62819 37
62865 0
63159 39
64170 72
64772 0
64983 66
65856 0
66331 41
66337 74
66991 39
67663 72
68324 0
68389 37
68522 0
68532 37
68619 26
68666 0
69759 77
70115 0
70428 66
71516 0
71866 41
73457 0
74396 77
74608 0
75333 37
75412 0
75615 39
75859 66
76236 66
76627 0
77012 39
77305 26
77645 74
78072 37
78194 39
78482 0
78666 42
78747 0
78977 77
79260 37
79348 70
80217 0
80454 41
80951 0
81083 37
81490 0
81913 70
81929 0
82752 37
83140 0
83499 26
83625 0
83638 39
83732 0
83858 72
84259 0
84731 66
84838 0
84930 74
85425 0
86218 42
86526 0
86700 39
86910 77
87173 0
88701 70
88815 0
89244 77
89438 0
89601 72
89602 37
89644 26
89681 0
89700 42
90209 42
90292 0
90337 77
90362 0
90446 41
91689 0
91946 26
92195 0
93384 70
93398 74
93802 0
93813 72
93844 0
94305 39
94551 0
94868 72
94922 0
95269 70
95518 74
95532 0
95687 70
96671 0
97023 42
97151 0
98274 70
98420 77
98463 0
98634 39
99585 0
99625 66
99665 0
99711 66
99840 0
99951 39
