16 buffers
144027 13199
263583 28762
139113 26677
139575 22143
290935 54973
278554 31758
279960 32720
171169 2574
503142 50140
158409 8087
281905 16435
222531 42308
451516 13906
390055 69688
285020 37949
151088 9287
40 downlinks
0 375 2500 583
1 2875 5000 708
2 5375 7500 720
3 7875 10000 597
4 10375 12500 546
5 12875 15000 594
6 15375 17500 755
7 17875 20000 590
8 20375 22500 649
9 22875 25000 528
10 25375 27500 581
11 27875 30000 773
12 30375 32500 728
13 32875 35000 554
14 35375 37500 747
15 37875 40000 612
16 40375 42500 594
17 42875 45000 659
18 45375 47500 760
19 47875 50000 786
20 50375 52500 560
21 52875 55000 527
22 55375 57500 773
23 57875 60000 713
24 60375 62500 656
25 62875 65000 616
26 65375 67500 621
27 67875 70000 607
28 70375 72500 749
29 72875 75000 561
30 75375 77500 631
31 77875 80000 741
32 80375 82500 679
33 82875 85000 728
34 85375 87500 683
35 87875 90000 694
36 90375 92500 561
37 92875 95000 714
38 95375 97500 770
39 97875 100000 700
680 events for 0
55 40
109 34
180 0
199 35
250 0
580 40
653 40
767 0
1372 29
1559 40
1576 0
1581 34
1693 0
1756 35
1854 0
1864 29
1878 34
1930 0
1998 40
2186 0
2437 35
2449 0
2732 29
2870 34
3439 40
3521 0
3664 29
4099 0
4575 34
4843 35
4872 0
5067 40
5101 0
5355 40
5485 0
5506 34
5611 0
6007 40
6162 0
6181 35
6271 40
6407 0
6586 34
6713 40
6827 0
6907 34
7294 0
7873 34
8203 0
8430 35
8450 0
8575 40
8674 0
8688 35
8752 0
8911 40
8964 35
9286 0
9342 40
9487 35
9530 35
9575 34
9784 35
9831 0
9855 29
9886 0
9898 29
9998 0
10182 35
10282 0
10503 40
10702 0
10920 34
11087 0
11267 34
11367 0
11393 40
11424 40
11503 0
11711 29
11835 0
11860 29
12096 0
12115 40
12165 40
12169 0
12203 35
12213 0
12265 29
12403 35
12569 0
12582 40
12765 0
12945 40
13060 40
13379 40
13446 34
13530 0
13540 35
13655 0
13824 34
13920 35
14125 0
14136 34
14391 0
14841 35
15183 29
15453 0
15626 34
15669 0
15816 34
15848 0
15969 40
16038 0
16241 34
16247 0
16488 34
16631 0
16738 35
16789 0
16882 34
16902 29
17010 0
17142 29
17571 0
17634 35
17733 0
17819 34
18097 40
18257 0
18375 40
18804 35
19022 34
19241 0
19460 40
19645 0
19654 34
19796 40
19838 0
19889 40
19903 0
19969 34
20175 40
20179 34
20211 0
20223 40
20326 0
20388 40
20442 0
20461 35
20552 40
20654 34
20880 0
20987 40
20994 0
21066 35
21113 0
21752 29
21905 29
22099 0
22301 34
22679 35
22837 35
22864 40
22967 0
23157 40
23367 0
23371 40
23513 0
23747 29
23843 35
23882 0
24127 40
24140 0
24206 40
24431 0
24451 40
24765 0
24930 35
24973 40
24977 0
25177 40
25178 0
25196 34
25433 0
25572 29
25629 35
25670 0
26001 40
26039 0
26243 40
26287 0
26456 34
26460 0
26782 40
26903 0
27007 29
27041 29
27279 40
27299 0
27342 40
27714 34
27759 0
27852 29
28094 40
28560 40
28620 40
28915 40
28986 0
29033 35
29173 0
29206 35
29398 0
29480 34
29598 35
29612 40
29946 0
29953 34
30038 0
30099 34
30197 29
30281 0
30526 34
31032 40
31289 0
31390 29
31501 0
31681 40
31739 35
31779 40
31854 0
32285 35
32675 0
33044 35
33050 0
33467 40
33537 34
33709 0
33802 40
34356 0
34624 35
34649 0
35018 40
35040 40
35106 29
35165 0
35217 40
35282 0
35322 35
35432 0
35532 34
35563 0
35785 35
35789 0
35795 29
36123 40
36175 0
36205 40
36619 0
36692 40
36693 0
36853 35
37077 0
37131 40
37161 29
37386 0
37564 29
37739 0
37940 34
38107 0
38254 29
38454 29
38480 0
38483 34
38780 0
38816 34
38934 0
38958 34
39012 40
39234 0
39275 40
39394 0
39472 34
39584 0
39855 40
39953 0
40149 35
40168 0
40173 34
40194 0
40899 35
40932 0
41390 34
41394 0
41467 35
41510 0
41555 35
41558 40
41620 0
41688 40
41920 0
42160 40
42310 0
42365 34
42412 0
42460 34
42691 0
42720 35
42805 0
42874 35
42936 40
43131 34
43168 34
43188 40
43276 29
43529 0
43660 40
43826 0
44081 35
44166 34
44388 0
44538 40
44779 0
44888 34
45006 0
45047 40
45081 0
45176 34
45305 0
45351 29
45621 0
45834 40
45953 0
45981 40
46021 29
46081 34
46217 34
46371 40
46539 35
46585 40
46598 0
46834 35
46850 0
47118 34
47193 0
47383 40
47576 0
47837 34
47952 0
48417 35
49486 0
49513 40
49739 0
49754 40
49832 0
50081 29
50447 40
50499 0
50544 40
50587 0
50948 35
51034 0
51088 35
51342 34
51378 0
51397 35
51536 34
51566 0
51577 34
51833 0
51843 40
51962 35
52118 0
52412 40
52514 0
52799 34
52839 0
52929 40
53077 0
53184 40
53260 0
53287 40
53350 0
53446 34
53543 40
53665 0
53958 40
54035 0
54064 40
54199 40
54269 0
54443 34
54505 0
54822 34
54854 0
55008 40
55310 0
55373 40
55623 0
56127 35
56624 0
56732 40
56790 34
56956 0
57241 35
57368 34
57425 40
57725 0
57766 35
58282 0
58378 40
58495 0
58530 40
58715 0
59273 40
59307 0
59416 34
59422 0
59667 34
59684 40
59730 0
59774 35
59798 35
60326 34
60329 40
60360 0
60580 35
60587 0
60765 34
60975 0
61056 40
61275 0
61304 34
61765 0
61766 35
61960 0
62067 34
62511 40
63390 0
63694 34
63930 0
64005 34
64208 0
64333 34
64551 0
64597 40
64740 0
64747 40
64752 0
64806 35
64958 34
65415 0
65627 40
65780 0
66072 40
66159 0
66808 35
66827 0
67162 34
67342 0
67414 40
67541 0
67860 40
67920 35
68040 34
68049 29
68289 0
68684 40
68886 0
69121 34
69143 0
69498 35
69585 34
69634 0
69641 40
69944 0
70028 35
70295 29
70299 0
70351 34
70441 0
70714 34
70804 0
70961 35
71006 0
71032 40
71202 0
71878 35
71906 0
72162 34
72201 0
72333 34
72390 29
72665 0
72675 40
72734 35
72927 0
72993 40
73008 29
73135 0
73269 40
73376 0
73402 29
73561 34
74013 0
74127 40
74276 40
74278 0
74298 35
74299 0
74387 40
74448 0
74459 40
74748 0
75039 40
75161 0
75227 35
75259 0
75667 34
75992 0
76100 29
76534 0
76746 40
76852 0
77166 34
77288 40
77329 0
77677 29
77744 0
77802 40
77850 0
77876 40
78240 0
78329 40
78438 0
78465 35
78698 0
78873 34
78944 40
79109 34
79135 0
79392 34
79402 0
79549 40
79593 0
79697 34
80460 29
80690 0
81945 34
81988 40
82246 0
82279 35
82378 0
82889 34
83175 0
83296 40
83623 0
83652 40
83724 34
84303 0
84388 29
84442 0
84490 40
84524 0
84840 34
84956 40
85297 0
85341 35
85395 0
86588 29
86659 0
86876 40
86938 0
87591 40
87608 0
87785 29
87873 40
88278 0
88676 40
88707 0
88869 35
89045 0
89123 29
89200 0
89216 35
89262 0
89388 35
89563 34
89577 0
89622 34
89631 0
89638 40
89790 40
89815 0
89890 29
90040 0
90128 40
90389 40
90523 29
90554 0
90596 40
90603 0
90759 40
90845 0
90933 35
91050 0
91243 34
91316 0
91336 29
91354 34
91599 0
91768 40
92111 34
92141 35
92234 0
92236 40
92297 0
92534 40
92800 0
92930 40
92984 0
93080 40
93115 0
93210 34
93419 0
93476 34
93518 34
93582 0
93948 35
94113 0
94312 34
94438 40
94632 0
94642 40
94658 35
94807 0
95070 29
95243 40
95412 0
95555 35
95578 35
95612 40
95657 0
95793 40
96288 40
96630 0
96633 35
96822 0
96877 40
96911 34
96934 29
97057 0
97158 35
97232 40
97493 34
97547 34
97560 0
97901 29
97987 0
98018 34
98258 0
98310 40
98401 40
98532 34
98565 40
98572 0
98653 34
98678 0
99035 35
99092 0
99116 40
99123 0
99211 40
99300 35
99421 0
99567 34
99655 40
99720 0
99820 40
99863 0
828 events for 1
249 27
273 0
295 60
605 0
952 27
1087 0
1653 61
1818 0
1972 61
2053 0
2115 60
2233 0
2417 27
2433 0
2532 60
2762 0
2766 61
2844 27
2970 0
2995 27
3152 0
3174 61
3343 61
3721 0
3896 60
3928 0
3972 60
4066 0
4092 60
4099 0
4128 27
4230 27
4324 0
4359 61
4397 0
4615 27
4659 0
4777 61
5007 0
5186 60
5248 60
5353 27
5610 61
5750 0
5892 27
6365 0
6402 61
6576 0
6611 60
6652 0
6685 27
6696 60
6767 0
6809 27
6823 0
7151 60
7239 60
7264 0
7267 60
7393 60
7793 61
7809 0
7917 27
7977 61
8051 0
8183 27
8638 0
8715 61
8729 0
8766 61
8846 0
8849 60
8873 0
8884 27
8947 61
9023 27
9204 0
9531 61
9819 60
9861 0
9902 61
10455 0
10473 61
10501 0
10607 60
11224 27
11522 0
11556 27
11582 0
11590 60
11685 0
11737 27
11745 0
11987 60
11989 0
12282 27
12359 0
12442 61
12507 0
12773 61
12783 0
12845 60
12903 61
12977 0
13064 61
13099 0
13499 61
13563 60
13680 0
13691 61
13710 0
14151 27
14330 0
14694 27
14696 0
14820 61
14982 0
15111 60
15183 0
15220 27
15224 61
15339 27
15523 0
15544 27
16128 0
16139 61
16252 0
16349 60
16372 0
16479 27
16586 27
16719 0
16924 61
16977 0
17061 27
17264 0
17281 61
17617 60
17845 0
17859 60
17931 0
18136 60
18324 61
18457 0
18618 61
18652 0
18709 61
18749 0
19020 27
19086 0
19193 60
19284 0
19301 60
19351 0
19463 61
19741 0
19990 60
20141 0
20148 60
20215 0
20297 27
20429 0
20588 27
20602 60
20640 0
20745 61
20752 0
20808 27
20830 0
20964 61
21014 0
21021 61
21029 0
21362 61
21366 0
21408 61
21410 60
21438 0
21443 61
21584 0
21681 61
21826 0
21945 61
22032 0
22091 61
22421 0
22579 60
22624 0
22705 60
22767 0
22792 27
22869 0
23026 60
23088 0
23164 60
23266 0
23643 60
24027 27
24174 61
24220 0
24392 27
24486 0
24561 60
24692 0
24898 61
24951 0
25122 61
25336 0
25578 61
25646 0
25811 60
26176 60
26210 0
26303 60
26425 60
26584 0
26632 61
26636 60
26668 61
26707 0
26716 61
26808 0
26844 61
26862 60
26887 61
26932 0
26965 27
27074 60
27085 60
27210 27
27518 0
27602 27
27758 61
27767 0
27810 60
27993 27
28059 61
28069 27
28116 27
28462 60
28526 0
28614 61
28867 0
28954 61
29042 60
29533 0
29588 60
29708 60
29852 0
29894 60
30034 0
30099 60
30138 0
30504 60
30689 0
30772 61
31033 27
31104 0
31489 27
31491 60
31584 60
31745 0
31840 61
31878 0
31889 60
32002 0
32243 61
32260 0
32457 27
32569 0
32582 27
32653 0
32759 27
32871 61
33063 0
33202 27
33215 0
34606 27
34611 0
34679 61
34704 0
34873 27
34879 61
34899 0
35021 61
35181 61
35865 27
35886 0
35969 60
36018 0
36083 60
36121 0
36209 60
36244 0
36658 27
36772 61
36928 27
37007 0
37009 61
37015 0
37304 61
37386 0
37424 61
37592 0
37720 60
37722 61
37752 0
38390 61
38480 61
38524 0
38596 60
38607 61
38632 27
38679 0
39059 61
39061 0
39306 27
39329 0
39370 60
40378 60
40690 0
40795 61
40860 0
40878 27
41068 0
41126 27
41144 60
41186 61
41377 0
41459 60
41479 0
41558 27
41702 61
41916 0
42075 27
42124 0
42341 27
42517 0
42574 27
42616 60
42700 0
42889 27
42921 0
42997 61
43102 0
43226 60
43242 61
43265 0
43411 61
43449 0
43655 27
43767 0
43818 61
43853 0
43889 27
43899 0
44234 27
44309 0
44381 60
44570 60
44847 60
44966 27
45211 0
45550 60
45557 0
45672 61
45677 60
45731 0
45739 61
45749 0
45834 61
45851 0
45865 61
45882 0
46109 60
46112 0
46150 27
46279 27
46325 0
46441 60
46446 0
46735 60
46760 0
46775 27
46838 27
46945 0
47005 61
47257 0
47294 60
47369 27
47418 0
47488 60
47618 61
47785 60
47815 0
48023 61
48035 0
48071 27
48167 27
48171 0
48557 27
48719 27
48758 0
48857 61
49027 0
49235 27
49415 60
49416 61
49437 0
49463 27
49485 0
49510 60
49864 27
49940 60
50021 0
50051 27
50149 60
50150 0
50222 61
50227 61
50404 61
50496 0
50950 61
50990 0
51183 27
51348 60
51756 0
52045 60
52091 0
52158 60
52207 0
52344 27
52555 0
52647 27
52761 27
53147 0
53349 60
53374 61
53477 0
53548 60
53803 0
53839 27
53960 60
54021 0
54035 60
54040 0
54179 27
54234 0
54259 60
54400 0
54582 27
54780 27
54822 0
54921 27
55655 61
55740 0
55805 27
56044 0
56274 60
56334 0
56475 61
56631 61
56792 0
57229 61
57364 0
57637 61
57801 0
57830 60
58123 0
58143 27
58183 27
58193 0
58383 60
58460 61
58533 0
58753 60
58784 0
58881 27
58895 60
59049 0
59171 61
59203 0
59264 27
59308 60
59337 60
59360 27
59398 0
59410 61
59617 27
59690 60
59906 60
60056 0
60765 60
60797 0
60868 60
60877 0
61055 60
61078 60
61270 0
61274 61
61330 0
61665 61
61880 0
61930 61
62151 61
62375 60
62448 0
62456 60
62560 0
62631 27
62775 0
62856 61
63332 0
63686 27
63722 0
63773 61
63850 60
63967 0
63980 61
64195 0
64246 27
64303 27
64354 0
64472 61
64549 60
64670 0
64701 61
64750 0
64768 61
64940 0
65279 27
65339 0
65382 61
65384 61
65613 0
65762 60
65778 0
65785 27
65903 0
65931 60
65965 0
66004 27
66043 27
66229 0
66337 61
66706 0
66710 60
66950 0
67087 60
67189 27
67214 61
67255 61
67392 61
67406 0
67471 27
67521 0
67535 27
67578 0
67746 60
67816 0
67942 27
68047 0
68057 61
68218 61
68232 0
68291 60
68541 0
68558 60
68624 0
68625 27
68651 0
68776 60
68787 27
68832 0
69027 61
69132 0
69148 60
69387 0
69725 61
69754 0
69795 27
69888 0
69942 27
69963 0
70123 27
70288 0
70412 60
70422 0
70566 27
70600 61
70606 0
70614 27
70711 0
70895 60
71221 0
71685 61
71804 0
72023 60
72331 0
72500 61
72784 0
73005 27
73060 0
73147 60
73270 60
73288 61
73342 27
73518 0
73961 27
74235 27
74444 0
74456 27
74888 61
74907 0
75048 61
75071 0
75087 60
75379 0
75395 61
75448 0
75512 60
75637 60
75754 0
75881 60
76025 0
76058 60
76072 0
76080 27
76191 0
76259 61
76308 0
76442 27
76508 0
76654 61
76751 0
76767 27
77018 0
77204 60
77231 0
77233 60
77299 0
77409 27
77417 60
77468 0
77540 61
77990 0
78009 61
78279 0
78371 27
78481 61
78613 27
78618 27
78677 0
78876 61
78928 27
79026 61
79106 0
79224 27
79291 0
79324 27
79432 0
79510 61
79612 61
79710 0
79769 27
79944 61
80077 0
80192 60
80792 0
80800 61
81249 0
81283 61
81409 0
82002 61
82075 27
82102 0
82195 61
82455 0
82504 60
82537 0
82585 27
82615 0
82630 60
82654 0
82667 61
83036 0
83038 60
83085 0
83110 61
83358 61
83376 0
83481 27
83545 0
83656 60
83662 0
83767 27
83782 61
83931 0
84035 27
84308 27
84614 0
84800 60
84813 27
84923 0
84940 60
84970 0
84992 61
85324 60
85519 0
85868 27
86032 61
86057 0
86303 27
86320 0
86371 27
86464 61
86662 0
87090 27
87165 0
87286 60
87351 27
87477 60
87543 0
87591 61
87601 61
87679 0
87872 27
87990 0
88087 61
88241 0
88359 60
88367 0
88438 61
88600 0
88687 61
88799 0
88981 61
89522 0
89602 60
89701 0
89759 60
89816 0
89882 61
89902 0
89959 60
90648 0
90740 27
90938 60
90941 0
90977 27
90985 0
91294 61
91327 0
91357 60
91585 0
91671 27
91788 0
91828 60
92273 0
92419 27
92457 61
92635 0
92717 60
92744 60
92809 0
92899 61
92903 0
93077 27
93112 60
93205 0
93227 60
93347 0
93358 61
93513 61
93590 0
93640 61
93657 0
93742 61
93772 0
93818 27
93825 0
93848 27
93930 0
94448 61
94471 0
94534 60
94600 0
94697 27
94942 0
95170 61
95198 0
95307 60
95376 60
95732 0
95821 27
95832 0
95938 61
96243 0
96630 27
96731 0
96899 60
96919 0
97382 60
97444 61
97657 0
97689 61
97827 0
97834 61
97937 0
97960 61
98194 0
98231 60
98366 60
98549 0
98586 61
98625 0
98705 61
98712 60
98730 0
98845 60
98981 27
99208 0
99393 60
99585 0
99594 60
99648 60
99760 27
99823 60
617 events for 2
91 35
220 14
255 0
346 35
496 14
537 0
574 14
1473 0
1943 35
1967 0
1971 35
2070 35
2360 0
2424 35
2497 14
2748 0
2769 14
2826 0
2913 35
2995 14
3342 0
3592 14
3761 0
3874 14
4073 0
4094 14
4173 0
4214 35
4530 0
4762 14
4991 14
4998 0
5008 35
5014 14
5274 35
5401 0
5466 35
5549 35
5583 0
5876 14
6281 14
6504 0
6513 14
7052 0
7067 14
7071 0
7133 14
7215 0
7891 35
8205 14
8337 35
8616 0
9241 14
9468 14
9537 0
9643 35
9746 0
10073 14
10124 0
10198 35
10306 14
10706 0
10814 35
11148 14
11282 0
11326 14
11330 35
11347 0
11364 35
11428 0
11659 35
11676 0
11846 35
12085 0
12272 14
12710 0
13274 35
13364 0
13416 35
13649 0
13771 35
14034 0
14261 35
14441 14
14681 14
14753 14
15613 0
15669 35
15711 0
15738 35
15875 0
15928 35
15937 0
16157 35
16376 0
16450 35
16527 0
16569 14
16617 0
16721 35
16830 0
16921 14
17152 0
17244 14
17947 0
17963 35
18001 0
18160 35
18391 14
18396 35
18401 0
18442 35
18840 0
18882 14
18942 35
19068 0
19104 14
19115 14
19506 0
19543 14
19590 0
19618 35
19782 35
19822 35
19877 35
19957 0
20332 14
20470 14
20666 0
20697 35
20950 0
21152 35
21235 0
21764 14
21812 35
22155 35
22249 35
22276 0
22367 35
22377 0
23070 35
23317 35
23457 14
23597 14
23751 0
23894 14
24021 35
24178 0
24320 35
24460 0
24467 35
24532 14
24537 35
24712 0
24842 35
24901 0
24915 35
25062 0
25161 14
25173 0
25262 14
25698 0
25742 35
25750 0
26045 14
26263 14
26395 14
26502 14
26757 0
26776 14
26874 0
27168 14
27348 0
27544 14
27694 0
27697 35
28109 0
28426 35
28537 0
28673 35
28734 0
28930 35
29193 0
29327 14
29515 0
29655 14
29699 0
29815 35
29870 0
30199 14
30426 0
30484 14
30812 0
30815 14
31174 14
31278 14
31397 0
31448 14
31525 14
31887 14
32062 0
32145 35
32481 0
32550 14
32698 0
32724 35
33204 14
33218 0
33240 14
33395 0
33482 35
33562 0
33699 14
33892 0
34177 14
34464 14
34486 35
34770 0
34806 14
34881 0
34886 14
35481 35
35564 0
36059 14
36600 0
36862 35
37133 14
37518 0
37562 14
37589 35
37712 0
37723 14
37777 0
37853 35
37898 35
38139 35
38359 0
38513 35
38522 0
38607 35
38958 0
39033 14
39355 0
39489 35
39634 0
39659 14
39712 0
39775 14
39797 0
39823 35
39850 35
39949 35
39964 14
40203 0
40253 14
40348 0
40480 14
40492 0
40673 14
40839 0
40854 35
40888 0
41294 14
41491 0
41798 35
41825 0
42221 14
42261 35
42431 0
42518 14
42665 0
42719 14
42820 0
42932 14
43246 0
43461 14
43543 0
43661 35
43790 35
43973 0
44208 35
44242 35
44286 14
44448 0
44512 14
44625 0
44637 14
44638 0
44724 14
44796 14
44972 0
45333 14
45514 0
45556 14
45803 14
45921 0
45926 14
46256 35
46489 0
46551 35
46791 0
46989 35
47134 0
47185 14
47243 14
47289 0
47495 35
47804 35
48237 0
48312 35
48380 14
48390 0
48983 35
49106 0
49142 35
49522 0
49738 35
49748 0
49781 35
50142 35
50363 0
50499 35
50592 0
50711 35
50963 0
51029 14
51247 0
51374 35
51692 0
52090 14
52204 0
52427 35
52473 35
52878 0
53367 14
53528 0
53658 35
53745 0
53759 14
53786 14
53970 0
54028 35
54124 0
54182 14
54293 0
54458 14
54607 0
54797 14
54958 14
55054 35
55704 0
55912 35
55973 35
56059 0
56079 35
56114 0
56198 14
56199 0
56209 35
56381 0
56519 35
56585 14
56673 0
56719 14
57387 14
57662 35
58017 0
58088 14
58203 0
58411 14
58639 0
58676 35
58919 0
58938 35
58958 0
59146 14
59268 0
59565 14
59582 0
59697 14
59750 0
59817 14
59907 14
60086 0
60691 35
60701 0
60779 35
60789 0
61431 35
61452 0
61476 35
61690 35
61922 35
62231 0
62236 14
62386 0
62449 35
62545 0
62804 35
62854 0
63006 35
63239 0
63852 14
63932 0
64109 14
64253 0
64776 35
64932 0
65154 35
65182 0
65285 35
65448 0
65659 35
65837 0
65994 14
66117 0
66343 14
66401 0
66597 35
66636 0
66685 35
67447 0
67496 14
67612 0
67760 14
67780 35
67919 0
67925 14
68243 0
68291 35
68350 0
68456 14
68490 0
68746 35
68783 35
68859 0
68979 35
69019 0
69153 35
69601 14
69660 14
69691 0
69700 35
69733 0
69734 35
70429 35
70984 14
71084 0
71239 14
71320 0
71383 35
72182 0
72223 35
72278 0
72323 35
72393 0
72454 35
72523 0
72638 35
72672 14
72816 0
72927 35
73082 0
73147 14
73270 0
73334 14
73570 14
73871 35
74148 0
74471 14
74628 0
74783 35
74899 0
75009 14
75068 35
75151 0
75412 35
75529 0
75635 14
75983 0
76502 14
76593 14
77107 0
77311 14
77322 0
77478 35
77510 35
77580 35
77749 0
77920 14
77976 0
78479 35
78584 14
78836 14
78867 0
78941 14
78966 0
79032 35
79065 14
79091 0
79148 35
79174 0
79395 14
79518 0
79937 14
80088 0
80509 35
80637 0
80708 14
80896 14
81017 0
81153 14
81417 0
81578 35
81621 14
81872 0
81886 35
82166 35
82417 0
82460 14
82676 14
82702 14
83073 35
83147 0
83425 35
83772 0
83786 14
84126 14
84163 35
84235 0
84322 35
84347 0
84629 14
84804 0
85030 14
85180 14
85195 0
85223 14
85302 0
85466 35
85615 0
85927 35
86073 0
86197 35
86474 14
86532 0
86591 14
87325 0
87712 14
87718 14
87806 0
87859 35
88043 0
88058 35
88184 35
88244 14
88273 0
88653 14
88895 0
89011 35
89190 0
89310 14
89428 14
89628 0
89799 14
89813 35
89877 0
90207 35
90506 0
90551 14
90699 0
90777 14
90902 0
91113 35
91558 0
91725 14
91733 0
92004 35
92129 0
92147 14
92150 35
92506 0
93365 14
93582 14
93591 0
94559 14
94651 0
94920 14
94961 0
95100 35
95240 35
95550 0
95686 35
95942 0
96046 14
96285 0
96331 14
96702 0
96822 35
96829 0
96949 35
97104 0
97440 14
97473 35
97547 0
97873 35
98283 0
98315 35
98575 0
98860 14
98932 0
98980 14
99463 35
99613 0
99764 14
99875 0
99999 35
818 events for 3
41 51
56 35
164 0
454 36
471 0
589 47
606 0
626 32
660 0
924 33
1108 35
1221 0
1344 27
1535 0
1572 27
1828 23
1876 35
1938 0
2122 32
2558 0
2581 23
2711 0
2906 23
3455 0
3503 27
3571 0
3702 51
3874 0
3941 27
3963 0
4049 51
4205 0
4325 32
4346 0
4425 36
4439 0
4444 47
4454 0
4629 35
4654 0
4769 36
5043 0
5070 33
5080 0
5283 23
5820 0
5830 51
5915 33
6138 0
6295 18
6296 0
6466 36
6467 0
6505 47
6890 18
6900 0
6965 35
7252 51
7413 0
7415 35
7622 35
7667 0
7850 18
8241 0
8300 18
8335 51
8346 0
8370 27
8745 0
8891 36
9121 0
9694 36
9796 18
9939 0
9991 18
10105 0
10160 27
10238 0
10339 36
10399 23
10599 0
10815 35
10886 0
10906 33
11010 0
11036 27
11322 0
11478 18
11590 0
11640 18
12053 0
12066 32
12080 0
12122 51
12269 27
12276 0
12532 47
12679 0
12794 33
12925 0
13284 35
13303 51
13368 0
13481 47
13493 33
13574 0
13633 35
13812 0
14109 51
14252 18
14304 0
14400 47
14469 0
14471 35
14506 0
14543 35
14573 0
14738 47
14911 0
14946 47
15125 0
15282 33
15291 0
15343 32
15426 0
15545 18
15568 0
15845 47
15884 0
15913 47
15955 0
15981 36
16069 0
16090 35
16324 0
16398 35
16484 0
16617 36
16695 0
16982 23
17008 0
17102 36
17110 0
17400 36
17516 47
17526 51
17530 0
17638 27
17686 33
17847 0
18144 27
18231 0
18424 51
18704 0
18800 47
18937 36
19003 23
19011 0
19069 23
19189 0
19243 27
19244 0
19306 32
19309 0
19330 35
19395 0
19536 32
19544 23
19711 0
19945 47
20135 0
20141 33
20271 0
20441 27
20786 0
20803 18
20872 0
21146 18
21184 0
21209 23
21584 0
21872 27
21942 47
22244 0
22483 32
22560 35
22616 27
22963 0
23107 27
23119 0
23217 18
23251 0
23687 23
23738 0
23874 35
23898 0
24033 32
24053 33
24112 0
24180 35
24234 0
24381 27
24767 23
24772 0
24776 33
25016 0
25060 47
25079 0
25130 32
25242 33
25260 0
25444 27
25825 33
25945 0
26046 35
26098 32
26312 0
26321 36
26457 0
26616 47
26648 35
26904 35
26963 35
26976 0
27015 47
27016 0
27520 32
27933 0
27959 51
27979 0
28124 18
28406 23
28453 0
28516 32
28541 0
28873 18
28985 0
29367 27
29373 0
29495 18
29529 23
29531 0
29536 35
29752 0
29964 23
30125 18
30134 0
30154 33
30206 0
30318 36
30376 0
31163 18
31254 0
31280 51
31295 36
31410 32
31437 0
31782 18
32010 27
32052 0
32066 51
32263 0
32484 47
32486 0
32497 27
32719 0
32731 33
32899 0
32913 35
32938 0
33003 27
33067 0
33078 47
33140 0
33177 35
33266 0
33391 27
33507 18
33651 0
33689 32
33921 0
34141 23
34282 0
34329 36
34524 35
34595 0
34794 18
34852 27
34886 51
35075 47
35171 0
35178 23
35504 0
35539 32
35589 0
36141 23
36317 0
36399 33
36473 0
36532 23
36727 0
36881 36
36897 0
36953 33
37045 0
37246 36
37247 32
37346 0
37565 35
37620 0
37692 35
37720 0
37852 33
37897 0
37983 35
38031 0
38046 47
38154 0
38339 36
38367 0
38537 23
38558 0
38626 33
39219 0
39315 51
39353 0
39442 18
39488 32
39521 27
39558 0
39969 23
39991 0
40080 47
40082 0
40336 32
40437 51
40524 0
40669 47
40851 27
40923 0
41244 35
41250 0
41264 51
41308 0
41659 35
41946 0
42074 51
42080 33
42187 23
42513 0
42541 33
42627 0
42679 47
42690 36
43142 0
43482 47
43545 0
43590 23
43709 0
43738 27
43926 0
44035 36
44115 0
44139 51
44263 0
44425 27
44687 32
44760 35
45472 0
45526 51
45533 0
45539 32
45558 0
45568 51
45845 47
45895 51
45925 0
45999 33
46007 0
46013 32
46050 0
46131 35
46134 0
46182 51
46370 0
46565 36
46618 0
46887 32
46950 0
47082 23
47278 47
47349 51
47392 0
47457 36
47496 0
47655 23
47673 0
47848 47
48091 0
48382 32
48436 51
48497 0
48506 36
48583 0
48693 18
48744 0
48818 23
48938 0
49105 18
49432 27
49434 47
49723 23
49796 27
49836 0
49837 35
49853 18
49936 23
49985 0
50280 33
50435 0
50633 33
50954 23
50986 0
51410 47
51560 0
51919 23
51997 0
52106 32
52294 0
52388 51
52594 36
52606 0
52765 51
52823 27
52874 0
52926 23
53402 0
53468 35
53598 0
53817 36
53886 0
53966 35
54013 0
54040 33
54269 0
54328 33
54344 0
54623 27
54726 18
54738 0
54741 33
54793 32
54863 35
54989 0
55031 18
55173 0
55277 47
55542 33
55790 0
55875 47
56025 0
56098 33
56138 0
56140 47
56456 0
56467 23
57208 0
57227 51
57341 0
57423 36
57580 0
57914 27
58107 47
58250 0
58331 36
58579 18
59063 0
59136 47
59332 36
59668 0
59714 47
59730 0
59899 47
60154 0
60239 18
60500 0
60876 51
60990 51
61068 0
61082 27
61460 0
61576 18
61948 47
62010 32
62059 0
62158 33
62225 0
62725 36
63135 0
63139 32
63179 27
63183 0
63360 18
63427 33
63524 35
63553 0
63619 23
63708 0
63836 36
64255 0
64264 27
64332 0
64359 18
64785 0
64864 35
64905 36
65307 0
65451 35
65822 0
65929 36
65940 18
66045 0
66103 33
66544 0
66709 51
66716 32
66813 0
66939 51
66956 0
67010 32
67143 35
67159 32
67341 18
67342 0
67382 18
67501 0
67505 32
67634 23
67725 0
67778 32
67811 0
67897 47
67938 0
68151 51
68152 0
68272 18
68418 35
68459 0
68555 23
68606 0
68665 47
68688 0
68788 27
68817 0
68840 23
68891 33
68944 33
68986 0
69215 35
69283 0
69398 51
69535 18
69739 0
69753 35
69924 0
70361 51
70479 0
70650 27
70746 33
70769 0
71067 36
71086 33
71127 51
71202 27
71335 0
71564 33
71692 0
71943 36
72016 0
72173 47
72228 0
72233 32
72442 0
72523 47
72546 0
72811 51
72834 0
73012 32
73207 51
73433 0
73514 27
73570 47
73715 32
73810 0
73836 47
73845 0
73911 23
74099 0
74307 35
74622 0
75296 32
75370 0
75421 33
75484 0
75491 32
75554 0
75648 36
75691 0
75773 27
76004 0
76037 27
76211 27
76346 0
76466 47
76492 47
76561 0
76729 35
77059 0
77128 32
77240 0
77385 33
77981 0
78127 23
78239 47
78324 27
78451 23
78491 35
78543 0
79051 36
79103 0
79253 33
79392 0
79420 51
79473 27
79485 0
79550 27
79554 0
79624 18
79697 0
79699 23
79718 0
80246 33
80448 0
80464 23
80632 35
80737 0
80846 35
80965 47
81003 27
81123 0
81180 36
81187 0
81254 51
81291 32
81309 0
81866 35
81933 0
82024 35
82032 0
82136 32
82142 0
82229 23
82233 0
82298 32
82325 23
82335 0
82419 33
82558 0
82810 32
82879 47
82925 0
82947 35
83087 0
83121 33
83273 0
83442 35
83660 47
83726 0
83766 27
83876 0
83898 32
83905 0
83938 18
83960 33
84013 23
84062 0
84273 51
84353 36
84731 0
84855 18
85155 0
85347 51
85355 36
85493 0
85520 47
85562 47
85647 0
85724 51
85822 0
85940 32
85975 0
86213 51
86389 0
86441 35
86553 0
86979 18
87266 0
87323 23
87335 35
87364 0
87524 51
87676 27
87708 0
87810 35
87959 47
88045 0
88089 33
88122 51
88175 0
88329 23
88366 23
88465 23
88766 0
88810 23
88903 0
89115 27
89138 36
89240 0
89244 35
89518 0
89522 33
89539 0
89578 36
89785 0
89871 27
89914 0
89967 51
90014 0
90036 35
90052 27
90192 0
90206 47
90303 0
90508 18
90514 0
90545 32
90561 0
90649 51
90682 0
90702 32
90828 18
90834 0
91198 27
91268 0
91274 27
91316 36
91508 0
91588 33
91740 32
91919 0
92229 36
92349 36
92406 0
92799 36
92987 0
93152 32
93199 27
93276 0
93527 18
93582 0
93701 33
94003 0
94149 23
94210 0
94444 33
94523 0
94640 35
94708 0
94929 23
95013 33
95082 36
95141 47
95213 0
95271 27
95327 0
95626 23
95862 0
96008 47
96048 0
96120 18
96209 0
96486 27
96801 36
96837 33
96906 0
96979 35
97467 0
97495 35
97515 33
97835 27
97935 32
97995 0
98307 27
98420 32
98620 33
98652 33
98653 0
98821 23
99035 0
99139 35
99196 0
99214 36
99572 0
99628 35
99844 0
99866 32
99875 0
99983 36
648 events for 4
218 76
338 0
401 76
678 69
737 0
862 82
977 0
1026 62
1028 78
1412 0
1478 79
1505 78
1510 0
1637 79
1661 0
1868 76
1969 0
1982 76
2253 0
2405 69
2496 62
2573 78
2618 0
2829 62
3241 0
3524 76
4069 0
4077 69
4094 0
4144 76
4234 0
4408 79
4479 0
4640 82
4702 0
4862 79
5254 0
5369 62
5522 0
5740 82
5882 82
6073 78
6088 0
6383 62
6432 69
6476 69
6592 0
6641 79
6696 0
6748 79
6798 0
6843 69
6872 0
6884 62
7078 62
7094 0
7160 69
7191 62
7198 78
7409 82
7489 0
7530 82
7620 76
7659 82
7883 0
7984 78
8084 0
8197 76
8228 62
8260 0
8630 79
8792 79
8803 78
8916 76
9151 0
9228 78
9385 0
9533 76
9680 0
9774 76
9872 0
10187 69
10418 0
10549 62
10995 69
11052 0
11080 62
11121 0
11437 78
11587 0
11631 62
12187 79
12524 0
12699 79
12785 76
13023 0
13103 69
13697 0
14099 62
14137 0
14149 76
14186 0
14267 76
14387 0
14439 78
14496 78
14565 0
14777 79
15025 0
15192 69
15219 0
15481 78
15969 0
16004 82
16008 0
16292 79
16782 0
16788 62
17023 62
17093 78
17101 78
17389 0
17924 62
17932 0
18067 78
18125 76
18239 0
18365 79
18427 69
18614 0
18816 69
19039 0
19077 79
19242 0
19284 76
19751 0
19839 76
19871 0
20219 62
20225 78
20425 0
20542 76
20664 82
20777 82
20814 69
20831 0
20879 78
20960 0
21091 62
21199 0
21394 78
21409 69
21786 0
21882 78
22080 0
22472 79
22522 0
22568 82
23084 0
23140 62
23218 0
23230 69
23844 82
23993 0
24024 82
24432 0
24497 62
24925 0
25271 78
25295 78
25397 0
25971 79
26222 0
26556 62
26561 0
26585 79
26604 0
26615 78
26653 79
26946 0
27032 79
27279 0
27701 76
28079 0
28148 79
28276 79
28385 0
28394 79
28563 0
28613 62
28675 0
28805 69
29090 0
29348 76
29809 0
29897 62
29951 82
29985 0
30156 76
30363 0
30378 76
30389 82
30471 0
30940 79
31457 0
31501 82
31555 82
31585 76
31709 0
31791 78
32105 0
32147 76
32169 0
32364 78
32461 76
32561 0
32647 82
32956 79
32967 76
33174 0
33260 78
33336 0
33365 82
33737 62
33856 0
33989 78
34081 62
34089 0
34496 69
34499 0
35005 82
35025 78
35799 0
35948 76
36174 0
36207 62
36304 0
36451 69
36721 76
36824 82
36885 0
36925 79
36954 0
37029 62
37111 78
37146 69
37166 62
37422 0
37463 69
37601 0
37647 79
38007 79
38382 0
38448 62
38491 0
38783 62
38975 0
38994 76
39077 82
39202 76
39406 0
39416 78
39586 79
39699 0
39766 69
39836 0
40540 79
40644 0
40755 69
40843 0
40927 69
41087 0
41429 79
41457 0
41476 82
41666 69
41860 0
41887 76
42500 0
42507 76
42512 0
42778 78
42837 82
42962 82
43003 0
43013 76
43022 0
43050 78
43160 0
43163 62
43339 0
43480 79
43912 0
44278 78
44335 69
44498 76
45154 0
45237 79
45291 0
45341 69
45377 0
45521 79
45543 0
45600 69
45978 69
46034 82
46177 0
46206 79
46495 0
46566 78
46898 0
47532 78
47624 82
47667 0
48023 79
48090 78
48373 0
48618 76
48636 0
48648 62
48962 0
49179 82
49184 0
49245 62
49283 0
49364 76
49365 0
49775 82
49796 0
49973 62
50114 0
50160 79
50571 0
50773 62
50845 76
50981 0
51110 62
51241 0
51318 69
51338 0
51407 82
51418 0
51549 78
51614 0
51682 69
51707 0
51870 82
52012 0
52108 79
52209 69
52238 0
52270 76
52410 0
52496 76
52656 0
52660 62
52684 0
52846 82
52886 62
52930 0
52940 78
53228 79
53263 0
53354 62
53438 0
53922 78
54328 69
54512 0
54740 78
54819 0
54858 78
54937 0
55059 69
55113 0
55178 82
55367 69
55431 69
55485 0
55503 78
55582 0
55821 62
55911 79
55923 0
56014 78
56024 0
56245 79
56298 62
56352 0
56493 79
57015 69
57072 62
57170 69
57249 79
57488 0
57543 79
57588 79
58346 0
58631 79
58712 76
58743 0
58764 82
59019 0
59025 76
59026 0
59353 79
59503 0
59646 69
59951 0
60038 69
60486 0
60654 69
60714 0
60958 79
61137 0
61223 62
61385 0
61612 79
61731 0
61884 79
62249 0
62355 69
62383 78
62736 78
62789 0
62878 62
63118 69
63175 0
63357 79
63480 0
63540 62
63872 69
63911 76
64024 0
64076 69
64507 0
64587 76
64605 0
64678 78
64735 0
64833 78
64851 0
64905 69
64916 0
64977 79
64983 82
65078 62
65223 0
65341 69
65378 0
65454 82
65476 0
65574 69
65824 69
65844 0
65880 82
66053 0
66148 82
66370 82
66406 82
66525 0
66749 78
66798 76
66859 0
66886 69
66905 0
66942 82
67084 0
67296 79
67379 0
67409 62
67503 0
67539 69
67663 78
67719 0
67908 82
67934 0
68233 69
68615 0
68698 78
68699 0
69231 79
69419 0
69493 79
69529 0
69853 69
69881 62
70242 0
70336 79
70690 0
70892 76
71104 79
72206 78
72280 0
72429 79
72491 82
72529 0
72545 82
72958 0
72969 79
73208 62
73617 0
73838 78
74259 78
74625 0
74629 79
74763 0
74854 76
74974 79
75208 78
75566 79
75626 69
75832 0
75876 82
75898 82
75918 78
75933 78
76131 62
76495 0
76966 76
77019 82
77207 0
77256 62
77305 79
77399 0
77510 78
77659 79
78332 0
78352 78
78427 79
78666 0
78776 79
78806 0
78879 79
79428 78
79611 0
79765 62
80206 0
80561 79
80719 82
80799 79
80807 76
80872 62
81113 69
81390 0
81513 79
81637 0
81769 78
82156 0
82392 76
82496 0
82582 69
82590 0
82640 69
82694 76
82753 0
83162 79
83520 78
83760 0
83799 62
83808 78
84238 76
84288 0
84318 69
84367 82
84375 0
84551 78
84667 0
84695 69
84744 0
84855 69
84875 0
85427 62
85492 76
85670 0
86293 78
86477 78
86860 0
87084 79
87242 0
87335 62
87402 62
87427 0
87543 82
87576 62
87617 78
87996 82
88008 78
88066 0
88201 79
88541 0
88836 79
88864 69
89061 0
89196 78
89316 0
89559 82
89841 0
89859 62
90086 0
90166 82
90337 0
90753 62
90825 76
90881 0
90911 78
91189 78
91580 0
91898 76
91954 78
92119 0
92460 82
92488 78
93026 82
93877 0
94323 76
94575 76
94849 0
94923 82
95097 0
95126 82
95158 79
95348 0
95486 62
95696 0
95780 82
95806 0
95848 78
95886 78
96239 82
96633 0
96801 62
96881 0
97250 79
97264 62
97286 79
97682 0
97965 69
98026 0
98150 78
98497 78
98507 0
98778 62
98903 0
98969 79
99213 69
99417 78
99594 0
99780 78
711 events for 5
67 53
84 0
325 53
504 0
748 53
807 0
922 53
966 53
1108 0
1406 53
1466 0
1597 53
1885 53
1986 0
2098 53
2322 0
2878 53
3019 53
3097 0
3215 53
3399 0
3568 53
3796 0
3887 53
3980 0
4075 53
4267 53
4403 53
4701 53
4891 0
5083 53
5094 0
5283 53
5500 0
6281 53
6484 0
6514 53
6528 53
6543 53
6852 0
6957 53
7117 0
7167 53
7237 0
7306 53
7330 53
7745 53
7944 0
8354 53
8455 53
8466 53
8493 0
8560 53
8608 0
8758 53
9202 53
9304 0
9331 53
9447 0
9457 53
9526 0
9929 53
9935 53
10284 0
10325 53
10380 53
10417 0
10460 53
10866 0
11309 53
11577 53
11662 0
11810 53
11900 0
12026 53
12263 0
12430 53
12492 0
12533 53
12767 53
12810 0
13014 53
13286 0
13358 53
13492 53
13564 53
13797 0
13885 53
13974 53
14284 0
14539 53
14560 0
14638 53
14657 0
14707 53
15060 0
15085 53
15141 53
15144 0
15269 53
15478 53
15554 53
15811 0
15832 53
15862 0
15867 53
16012 0
16382 53
16608 0
16862 53
17140 0
17192 53
17372 53
17525 0
17613 53
17951 53
17989 0
18113 53
18131 0
18242 53
18523 0
18575 53
18718 0
19111 53
19161 53
19243 0
19671 53
19780 0
19795 53
19819 0
19937 53
19989 53
20387 0
20423 53
20672 0
20866 53
20871 0
21014 53
21333 0
21498 53
21535 0
21642 53
21751 53
21820 0
21957 53
21989 0
22137 53
22372 0
22607 53
22613 0
23432 53
23620 0
23679 53
23739 0
23761 53
24136 53
24280 53
24312 0
24582 53
24609 0
24638 53
24699 0
24893 53
24947 0
24987 53
25216 0
25233 53
25260 0
25367 53
25493 0
25568 53
25626 0
25791 53
25881 0
26019 53
26070 53
26207 0
26249 53
26893 0
26998 53
27223 0
27360 53
27462 0
27492 53
27593 53
27703 0
28109 53
28166 0
28214 53
28622 53
28642 0
28668 53
28698 0
28868 53
29026 53
29178 53
29214 53
29240 0
29697 53
29744 0
29920 53
29972 0
30062 53
30438 0
30703 53
30790 0
31322 53
31610 53
32034 0
32101 53
32118 0
32179 53
32218 0
32374 53
32517 53
32630 0
32651 53
32815 0
32821 53
32895 0
32904 53
32909 53
32995 0
33154 53
33206 0
33326 53
33506 53
33521 0
33617 53
33799 0
33827 53
34032 0
34055 53
34067 0
34082 53
34111 0
34112 53
34116 53
34281 53
34760 0
34870 53
34991 0
35384 53
35626 53
35777 0
35781 53
35784 53
36267 0
36309 53
36332 0
36429 53
36489 53
36536 53
36571 0
36749 53
36920 0
36925 53
37099 0
37110 53
37298 53
37401 0
37557 53
37564 0
37657 53
37711 0
37741 53
37905 0
38000 53
38108 0
38401 53
38566 53
38826 0
38929 53
39148 53
39359 0
39516 53
39600 0
39806 53
39850 53
39942 0
40100 53
40312 0
40385 53
40446 0
40490 53
40583 0
40634 53
40718 53
40868 53
41065 0
41240 53
41336 0
41353 53
41400 53
41473 0
41723 53
41731 53
41789 0
41907 53
42079 0
42374 53
42526 0
42666 53
42686 0
42832 53
42857 53
43085 0
43447 53
43484 0
43652 53
43708 53
43804 0
43824 53
43952 0
44472 53
44779 53
44983 53
44989 0
45053 53
45108 0
45656 53
45853 0
45866 53
46968 53
46969 53
47136 0
47374 53
47545 53
47561 53
47693 0
47909 53
48180 53
48255 0
48373 53
48625 0
49062 53
49075 53
49475 53
49507 0
49531 53
49750 0
49843 53
50009 53
50252 0
50306 53
50476 0
50512 53
50556 0
50601 53
50967 0
50995 53
51131 0
51393 53
51458 53
51543 0
51587 53
51631 0
51977 53
51987 0
52038 53
52257 0
52329 53
52968 0
53344 53
53360 0
53459 53
53462 0
53673 53
53788 53
53837 0
53886 53
53957 53
54003 0
54031 53
54182 0
54205 53
54209 0
54282 53
54539 53
54700 0
54701 53
54724 0
55065 53
55109 0
55168 53
55214 53
55220 0
55471 53
55527 0
55548 53
55727 0
55815 53
55996 0
56104 53
56190 53
56412 0
56457 53
56500 0
56571 53
56581 0
56700 53
57406 0
57434 53
57447 53
57713 0
57718 53
57732 0
57759 53
57787 0
57834 53
57864 0
57937 53
58009 53
58184 0
58359 53
58418 0
58797 53
58824 0
58969 53
58988 0
59252 53
59439 0
59442 53
59614 0
59770 53
60107 53
60227 53
60424 0
60547 53
60610 0
60665 53
60882 0
61278 53
61395 0
61800 53
62002 0
62180 53
62261 0
62548 53
62716 0
62836 53
62903 0
63068 53
63233 53
63324 0
63838 53
64195 53
64260 53
64565 53
64860 53
65078 0
65174 53
65300 53
65481 0
65494 53
65532 0
66091 53
66431 0
66685 53
66775 0
67063 53
67161 53
67324 0
67501 53
67570 53
67648 0
67670 53
67801 0
68082 53
68198 0
68306 53
68377 0
68516 53
68583 0
68864 53
68961 53
68975 0
69089 53
69381 53
69415 0
69603 53
69700 0
69810 53
70079 0
70138 53
70194 0
70243 53
70386 0
70541 53
70575 0
70792 53
70825 53
71049 53
71106 0
71141 53
71222 0
71345 53
71379 0
71411 53
71568 53
71571 0
71611 53
71623 53
71661 0
71707 53
71851 53
71887 0
72221 53
72226 0
72354 53
72389 0
72423 53
72457 0
72561 53
72617 53
72792 0
72843 53
73023 0
73386 53
73566 0
73703 53
73832 53
73905 0
74050 53
74131 0
74389 53
74433 0
74442 53
74777 0
74790 53
74822 0
75005 53
75361 0
75464 53
75597 53
75699 0
75757 53
75929 0
75942 53
76082 0
76207 53
76444 0
76609 53
76710 53
77153 53
77193 0
77201 53
77290 0
77591 53
77616 53
77650 53
77804 53
78026 53
78052 0
78597 53
79375 0
79412 53
79561 53
79686 0
80101 53
80185 0
80191 53
80198 0
80594 53
80627 0
80665 53
80682 0
80696 53
80900 0
80926 53
80940 0
81325 53
81332 0
81451 53
81568 0
81719 53
82178 0
82185 53
82308 0
82455 53
82506 53
82623 0
82934 53
83100 53
83171 53
83186 0
83244 53
83246 0
83340 53
83365 53
83781 0
83882 53
84076 0
84269 53
84315 0
84366 53
84378 0
84765 53
84940 53
85006 0
85010 53
85252 0
85403 53
85640 53
85729 53
85918 0
86160 53
86222 0
86420 53
86470 0
86511 53
86778 53
86900 0
87046 53
87072 0
87105 53
87557 53
87665 53
87771 0
87901 53
87955 0
88129 53
88162 0
88278 53
88445 0
88531 53
88585 0
88822 53
88853 0
88860 53
88909 0
89021 53
89379 53
89411 0
89448 53
89609 53
89781 0
89848 53
90142 0
90174 53
90175 53
90624 53
90778 0
91071 53
91447 0
91588 53
91661 0
91931 53
91976 0
92065 53
92127 0
92420 53
92432 53
92919 0
93161 53
93347 0
93495 53
93638 53
93877 53
93888 0
93895 53
93966 0
93981 53
94124 0
94150 53
94293 0
94317 53
94393 53
94475 0
94527 53
94552 53
94673 0
94773 53
94834 53
95134 53
95296 0
95316 53
95648 0
95695 53
95972 53
95999 0
96002 53
96147 53
96383 0
96448 53
96741 0
97046 53
97169 53
97222 0
97241 53
97262 53
97323 0
97374 53
97532 53
97653 53
97797 0
97871 53
98037 0
98096 53
98247 0
98272 53
98291 0
98435 53
98550 0
98738 53
98753 53
99012 53
99062 53
99690 53
99821 0
99963 53
156 events for 6
2150 72
2496 0
2880 86
3748 72
3788 86
5647 0
5701 72
5859 91
8956 86
9073 0
10155 72
10407 0
10516 91
11446 0
11691 86
13672 0
13720 91
14120 0
14577 86
14706 86
15411 0
15481 72
15892 72
16594 0
17513 86
17663 0
17827 86
17962 0
19234 72
20975 72
21404 0
21537 81
23256 0
24469 86
24677 72
26174 91
26799 91
27251 0
27328 91
27602 0
28323 86
28580 0
28802 81
28936 0
29047 72
29134 0
29905 72
30092 0
31418 81
32462 72
32769 81
32813 72
33594 0
34032 91
34287 72
34993 0
35586 86
36519 0
36857 72
36958 81
37424 86
37512 0
37943 91
38162 0
39066 72
39095 86
39176 0
39384 72
39385 0
39862 86
39886 0
39964 72
40349 0
40609 91
40786 72
42446 0
43297 81
43568 91
43582 86
43791 0
44167 86
44669 0
45281 91
45379 0
45775 86
45896 81
46052 0
46576 72
47854 91
47878 0
49718 86
50589 0
52334 86
53550 0
54394 81
54871 86
55042 0
56460 91
57074 91
57588 0
58290 86
58508 0
58604 81
59905 0
59915 81
61845 0
61868 91
62314 0
63540 81
64048 0
64097 86
64775 72
64934 0
66416 72
66714 0
67084 72
67162 0
68818 91
69171 72
71125 0
71287 81
72675 0
73754 86
74742 91
76683 0
77475 91
78011 81
78595 91
79101 0
79194 81
80587 0
81387 81
82090 81
82825 86
82957 0
83070 86
85040 0
85757 81
87696 0
88144 86
88783 0
89691 81
91863 91
92505 0
92711 86
93275 0
93394 86
94039 0
94739 72
94884 0
95906 72
96798 0
97004 91
97821 72
99255 0
99506 72
703 events for 7
123 38
311 37
601 0
688 37
919 0
1123 50
1151 0
1302 59
1442 0
1734 50
1832 0
1837 50
1861 0
1907 50
1990 60
2024 0
2651 37
2662 0
2708 36
2717 0
2736 50
3357 0
3696 85
3992 0
4023 60
4032 0
4077 73
4177 0
4306 38
4473 50
4652 0
4680 60
4820 85
5031 0
5042 60
5113 0
5185 36
5454 37
5569 37
5608 59
5712 0
5751 37
5760 0
5830 38
5847 0
6034 85
6133 0
6188 60
6334 0
6378 38
6386 0
6412 73
6470 0
6509 60
6660 38
7195 0
7221 73
7267 73
7345 38
7528 0
7543 38
7934 0
8022 37
8125 0
9444 38
9528 0
9590 37
9851 0
10267 73
10275 0
10333 38
10466 50
10867 0
11206 38
11238 0
11468 38
11694 0
11796 73
11847 60
11907 0
12014 37
12032 0
12096 59
12169 0
12392 85
12414 60
12464 0
12542 73
12928 0
12942 60
13030 0
13093 73
13198 0
13402 85
13583 0
13773 50
13785 38
14068 38
14134 38
14151 0
14160 37
14819 0
15093 73
15114 36
15355 0
16031 73
16112 36
16119 0
16155 85
16471 50
16571 0
16726 60
17235 85
17515 0
17622 37
17635 59
17821 0
17937 36
18019 50
18075 0
18101 36
18233 37
18285 0
18289 38
18355 0
18458 59
18946 0
19435 50
19812 0
19873 37
19887 0
20091 73
20315 0
20491 85
20877 0
20910 36
21029 73
21091 0
21199 60
21349 0
21589 73
21742 0
21752 36
21773 37
21857 0
21902 36
21916 0
21934 60
22139 0
22165 60
22172 38
22227 0
22295 85
22418 0
22973 36
23020 0
23232 73
23367 38
23455 0
23526 36
23647 36
23770 36
23842 0
23947 60
23957 0
24248 36
24266 0
24363 38
24421 0
24467 37
24592 37
24835 0
25188 50
25245 0
25790 73
26113 0
26154 60
26159 0
26246 73
26314 73
26428 38
26465 0
26542 59
26555 0
26653 59
26803 0
26901 36
26938 37
27120 0
27121 73
27129 0
27160 38
27283 85
27288 0
27342 36
27358 0
27497 36
27512 0
27726 60
28174 37
28195 0
28220 85
28380 0
28467 60
28470 0
28914 59
28960 0
29101 50
29122 85
29181 0
29506 37
29833 0
29966 38
30078 0
30150 37
30309 59
30519 36
30536 37
30744 37
30766 0
30963 59
31013 0
31292 36
31305 0
31619 36
31699 73
31734 38
31771 0
31776 50
32037 60
32129 60
32281 0
32389 38
32463 0
32509 50
32650 85
32662 0
32803 37
32807 0
32859 37
33052 37
33150 0
33494 59
33501 37
33612 38
33735 0
34173 37
34185 0
34386 73
34609 73
34804 0
34889 73
35001 60
35059 37
35161 73
35167 60
35237 60
35301 85
35412 0
35440 38
35458 50
35545 0
35628 73
35760 37
35834 0
35945 38
36183 0
36251 73
36263 0
36460 38
36577 0
36766 36
36781 50
36855 37
36924 0
36931 37
37008 0
37142 38
37312 0
37338 38
37491 0
37566 73
37571 60
37649 0
38297 50
38371 0
38453 37
38525 0
38652 38
38863 0
38872 60
38901 0
39028 37
39331 0
39574 73
39603 59
39620 0
39769 38
39782 0
39784 36
39797 0
40211 60
40357 37
40466 73
40528 0
40918 36
41266 37
41294 73
41619 0
41764 36
41834 60
42012 38
42390 0
42850 38
42905 0
43232 38
43480 50
43496 0
44321 38
44485 0
44528 59
44820 0
45085 59
45089 0
45137 85
45264 0
45399 59
45637 0
45978 50
46014 0
46768 60
46839 0
47628 37
47827 0
47872 59
47957 0
48068 73
48151 0
48190 59
48725 50
48880 0
48889 37
48895 0
48919 59
48988 0
49064 85
49169 0
49217 38
49231 0
49316 38
49339 0
49367 60
49395 0
49495 38
49606 85
49664 37
49794 50
50103 0
50127 38
50149 38
50282 0
50610 50
50681 0
51060 59
51114 0
51144 37
51247 0
51279 38
52035 60
52150 0
52192 73
52201 0
52527 38
52726 59
52772 0
52977 38
53031 0
53082 37
53918 85
53980 0
54054 38
54160 0
54172 38
54468 0
54674 36
54918 0
55135 37
55301 0
55389 50
55503 73
55522 0
55696 73
55775 0
55856 37
55879 0
56149 38
56219 60
56238 36
56286 36
56358 0
56367 36
56368 0
56624 59
56819 0
57555 38
57918 50
57966 0
57989 85
58030 38
58052 0
58172 73
58424 0
58466 59
58562 0
58575 38
58666 0
58869 85
59014 0
59131 50
59141 0
59181 36
59223 0
59247 37
59800 0
59843 38
60003 73
60083 0
60225 38
60246 0
60419 36
60530 0
60546 59
60580 0
60708 38
60747 0
60875 38
61079 0
61179 60
61399 0
61453 85
61692 73
61694 0
61704 73
61953 0
62233 38
62292 36
62601 0
62665 85
63347 0
63431 36
63656 0
63669 85
63720 37
63974 0
64277 37
64317 0
64340 73
64407 0
64432 38
64473 38
64481 0
64483 85
64595 37
64842 0
64995 37
65018 0
65844 36
66205 0
66262 38
66319 0
66572 60
66588 37
66591 0
66914 50
67006 0
67170 37
67294 0
67362 60
67463 36
67535 37
67825 0
68053 36
68307 38
68391 0
68474 38
68527 0
68545 37
68874 59
69193 0
69320 36
69418 0
69527 38
69577 0
69742 38
70008 0
70054 73
70340 0
70410 73
70479 38
70483 50
70675 0
70818 37
71079 59
71253 0
71293 59
71452 0
71524 37
71629 59
71740 0
71813 59
71908 0
72108 37
72615 0
72672 50
72822 0
72985 38
73151 0
73209 50
73313 0
73406 59
73424 59
73428 0
73602 60
73711 0
74097 36
74126 37
74396 85
74510 37
74804 0
74835 37
75500 0
75597 59
75708 0
75710 59
75736 37
75807 0
75859 59
76187 0
76242 85
76315 38
76555 0
76623 36
76637 85
76886 0
76937 85
77319 50
77335 37
77357 59
77499 38
77515 0
77581 85
77603 37
77852 0
77905 60
78295 38
78431 0
78625 38
78772 0
78780 37
78811 0
79079 36
79178 38
79342 0
79661 37
79675 0
79800 37
80001 0
80129 37
80131 85
80267 0
80398 60
80406 0
80544 60
80562 0
80768 60
81162 0
81404 36
81604 0
81755 85
81783 0
81827 85
82313 0
82331 36
82396 36
82583 0
82987 59
83151 0
83163 37
83202 0
83225 37
83279 0
83293 73
83347 0
83500 73
83503 0
83540 73
83782 0
83798 37
83947 0
83987 73
84007 0
84272 37
84563 0
84745 50
84968 0
85026 50
85143 0
85437 37
85619 0
85797 59
85978 0
85986 37
86122 0
86371 50
86612 0
86624 59
86821 0
86944 50
86964 0
87143 38
87364 0
87470 38
87860 0
87872 36
87882 0
88016 37
88017 0
88276 59
88333 0
88567 38
88828 0
88943 38
89134 38
89203 0
89529 38
89547 37
89754 59
89953 50
90043 0
90482 85
90579 0
90594 37
90833 0
90900 37
91072 36
91170 38
91180 0
91230 60
91307 85
91434 36
91495 0
91529 60
91589 0
91811 73
92076 59
92100 38
92217 85
92375 0
92898 38
93126 37
93400 50
93484 37
93605 0
93808 37
93996 0
94239 36
94563 0
94607 73
94690 0
95170 85
95390 0
95594 38
95625 0
95633 60
95647 0
95768 73
95807 0
95821 37
96041 85
96089 0
96223 60
96556 0
97184 36
97544 0
97681 37
97889 0
97928 50
97968 0
98118 73
98163 0
98274 85
98283 50
98314 73
98417 0
98602 37
98622 0
98726 73
98762 0
99469 38
99527 37
99614 85
99702 0
99836 38
848 events for 8
63 100
320 100
332 0
360 92
556 0
588 92
762 92
822 100
905 100
1095 0
1436 92
1511 0
1514 92
1609 100
1621 0
1690 92
1711 0
1800 92
1809 0
1810 92
2409 92
2637 0
2649 100
2985 0
3319 100
3655 0
3811 100
3892 0
3932 92
4012 0
4060 92
4068 0
4164 92
4213 92
4397 0
4831 92
5101 0
5165 100
5251 0
5403 100
5406 0
5452 92
5480 100
5556 100
5594 0
5598 100
5630 0
5663 92
5754 0
5848 92
5895 0
5986 92
6081 0
6197 92
6202 0
6229 92
6334 0
6437 92
6528 92
6591 0
6818 100
6975 0
7007 100
7046 0
7050 92
7074 0
7095 92
7321 100
7453 0
7581 92
7619 0
8006 100
8161 100
8170 0
8174 92
8256 0
8473 92
8508 100
8621 100
8838 0
9087 100
9097 0
9147 100
9154 0
9446 100
9553 92
9962 92
10046 92
10126 0
10134 92
10336 0
10500 92
10526 0
10600 92
10786 0
10820 100
11009 0
11019 100
11291 92
11316 0
11372 92
11720 0
11953 100
11967 0
11979 92
12064 0
12090 100
12315 92
12602 92
12904 92
12916 0
13156 92
13183 0
13295 100
13382 92
13466 0
13505 92
13578 92
13699 0
13782 92
13843 0
13913 100
13983 100
14027 0
14149 92
14263 0
14387 92
14472 0
14473 100
14774 100
14780 0
14845 100
15029 0
15591 92
15784 100
16236 0
16350 92
16495 92
16610 0
16766 92
16992 92
17012 0
17108 92
17196 0
17669 92
17717 0
17914 92
17944 0
18059 100
18303 0
18441 100
18462 0
18467 100
18553 0
18603 92
18625 0
18771 100
18979 100
19008 92
19027 0
19111 92
19419 100
19437 92
20111 0
20260 100
20267 0
20272 100
20332 0
20359 92
20427 0
20463 92
20493 0
20571 92
20632 0
21130 92
21131 92
21247 0
21261 92
21369 0
21384 92
21403 0
21642 92
21751 0
22411 92
22635 0
22739 100
22763 0
23073 100
23123 92
23455 100
23542 0
23574 100
23577 0
23631 92
23847 0
23973 100
24037 92
24153 0
24369 92
24484 0
24544 100
24723 92
24730 0
24803 100
24822 100
25048 0
25171 92
25284 0
25308 100
25370 0
25695 92
25706 0
25738 100
25755 0
25835 92
26060 0
26205 100
26224 92
26292 92
26407 100
26631 0
26667 92
26877 0
26901 92
26939 92
27010 0
27081 100
27090 0
27188 92
27436 0
27818 92
28097 92
28433 92
28468 0
28469 100
28563 0
28579 92
28999 0
29114 92
29315 0
29485 100
29710 0
29741 100
29748 92
29825 0
29882 92
30044 0
30073 100
30156 92
30268 0
30366 92
30493 92
30507 0
30537 100
31268 100
31324 92
31330 100
31506 0
31523 100
31689 0
32067 100
32099 0
32112 100
32283 0
32296 92
32317 0
32397 92
32465 0
32510 92
32559 0
32578 100
32627 100
32637 0
32741 92
32755 92
32762 92
32990 100
32992 0
33101 100
33113 0
33696 92
34399 100
34442 0
34538 92
34789 92
34878 0
34909 92
34952 100
34956 100
35193 0
35540 92
35593 0
35738 100
35818 0
35916 100
35968 0
35971 100
36035 0
36164 100
36227 0
36292 100
36389 100
36409 0
36433 92
36499 0
36982 92
37071 92
37104 0
37173 100
37184 92
37322 100
37446 0
37502 100
37531 0
37692 92
37754 92
37910 0
38064 100
38217 0
38441 92
38461 0
38470 100
38514 0
38631 92
38828 0
39111 100
39385 0
39465 92
39494 0
39534 92
39597 100
39690 0
39699 92
39813 100
39855 0
39945 100
40014 92
40171 0
40363 92
40414 0
40844 100
40979 0
40996 100
41033 0
41232 92
41331 0
41412 100
41435 0
41516 92
41553 0
41649 100
41707 0
41755 100
41776 92
41826 100
41857 0
41893 100
42016 92
42025 0
42057 100
42113 0
42192 92
42211 0
42330 100
42365 0
42494 92
42760 0
42824 100
42862 100
42945 0
42963 92
42982 100
43131 0
43368 92
43725 0
43790 100
43798 0
43830 100
44031 0
44045 92
44133 0
44201 100
44224 0
44312 92
44842 0
44890 92
45053 0
45278 100
45445 0
45578 92
45699 92
45826 0
45874 100
45920 0
46171 92
46244 0
46504 100
46608 92
46627 0
46728 92
46891 92
46925 0
47003 92
47034 0
47290 92
47295 0
47399 92
47461 100
47493 0
47523 92
47591 0
47895 100
48054 0
48084 92
48123 0
48260 100
48396 100
48409 100
48442 0
48452 100
48639 0
48891 92
48967 0
49274 100
49326 0
49386 100
49418 0
49616 100
49767 0
49798 92
49869 0
50286 92
50333 92
50369 0
50433 100
50617 92
50713 0
50731 92
50834 92
50921 100
50997 100
51092 0
51188 92
51363 0
51444 92
51446 0
51464 92
51560 0
51901 100
52095 0
52164 100
52258 92
52381 0
52539 92
52567 0
52600 92
52623 0
52722 92
52797 0
52886 100
52965 0
53165 100
53317 0
53382 92
53620 92
54018 0
54095 100
54297 0
54327 92
54511 100
54755 0
54851 100
54856 92
54959 0
54992 92
55031 0
55080 92
55130 0
55184 100
55335 100
55388 92
55390 100
55538 0
55693 100
55699 0
55769 100
55784 0
55875 100
55894 0
55900 92
55979 0
56011 100
56269 100
56296 100
56381 0
56432 92
56625 92
56630 92
56683 0
56787 92
56924 92
57034 0
57037 92
57130 0
57158 92
57179 0
57499 92
57516 0
57697 100
57915 0
57946 100
57970 92
58026 0
58102 92
58172 0
58335 100
58384 0
58529 92
58533 100
58745 0
58766 92
58995 100
59026 100
59060 0
59084 92
59180 100
59223 0
59477 100
59534 0
59642 92
59780 0
59862 100
59951 0
59960 100
60134 0
60298 92
60535 100
60545 0
61210 100
61381 92
61557 0
61679 92
61687 0
61786 92
61961 0
62064 92
62068 0
62106 100
62107 100
62169 0
62251 92
62420 0
62670 100
62671 92
62859 0
62869 100
62876 0
62984 92
63085 92
63105 92
63273 0
63306 92
63394 0
63446 100
63492 0
63496 100
63565 0
63571 92
63575 0
63647 92
63755 0
63799 92
63820 0
63934 100
64141 0
64201 100
64275 0
64367 92
64859 0
64865 92
65170 0
65235 92
65265 0
65325 92
65383 0
65689 92
65864 92
65942 0
66205 92
66211 0
66258 100
66309 0
66388 100
66416 0
66427 92
66461 0
66463 100
66588 0
66664 100
66745 92
67334 0
67560 92
67804 0
67878 92
67893 0
67920 100
68083 0
68200 92
68347 0
68769 100
68969 92
69294 0
69516 100
70376 0
70587 100
70612 0
70706 92
70783 0
70866 92
70883 0
70973 100
71052 0
71308 92
71444 0
71473 100
71768 100
71932 0
72267 100
72375 0
72676 92
72846 0
72952 92
72972 0
72995 100
73095 92
73730 0
73735 100
73915 0
74324 92
74405 0
74897 100
75000 0
75078 100
75127 0
75198 92
75235 0
75291 92
75374 0
75437 92
75709 0
75865 92
75937 0
76191 92
76368 100
76411 0
76433 100
76541 0
76696 92
76732 0
76950 92
77102 0
77167 92
77348 0
77402 92
77500 0
77549 100
77628 0
77644 92
77881 92
78078 0
78230 92
78327 0
78366 100
78472 0
78501 92
78579 100
78772 0
78874 92
78930 100
79108 0
79181 100
79217 0
79390 100
79575 92
79605 92
79666 92
79670 0
79758 100
79785 0
80061 92
80129 0
80151 92
80206 100
80212 0
80272 100
80288 0
80410 100
81249 0
81270 100
81294 100
81300 0
81327 92
81375 0
81446 92
81513 0
81646 92
81667 92
81763 100
81834 0
82133 100
82205 0
82553 100
82653 100
82935 92
83106 0
83107 100
83654 0
83730 92
83774 100
83997 0
84182 92
84238 0
84240 100
84293 0
84498 100
84558 0
84611 100
84729 0
84805 92
84921 0
85266 100
85422 0
85560 92
85608 0
85611 100
85859 92
85884 100
85898 0
85934 92
85950 92
86178 100
86263 0
86274 100
87016 0
87206 92
87290 92
87309 100
87480 0
87718 92
87816 92
87908 0
87934 92
88053 0
88070 92
88097 100
88212 0
88240 92
88356 0
88679 100
88835 0
88940 92
89010 0
89085 92
89120 0
89158 100
89472 92
89575 0
89646 92
89730 0
89821 92
89909 92
90052 0
90060 92
90136 100
90181 0
90398 100
90500 0
90644 92
90768 100
90825 0
90865 100
90978 0
91006 100
91059 0
91081 100
91089 92
91095 100
91170 0
91267 100
91551 0
91642 100
91699 100
91969 0
91980 92
92203 0
92303 92
92467 100
92499 0
92685 100
92688 0
92863 92
93036 92
93114 0
93374 92
93509 100
93517 0
93574 100
93918 0
94134 100
94152 0
94362 92
94429 0
95008 100
95036 0
95471 92
95829 0
95869 92
95881 100
96046 0
96752 92
96762 0
97032 100
97052 100
97120 0
97186 100
97220 0
97468 100
97501 0
97699 92
97816 0
98157 92
98218 0
98293 92
98378 0
98545 92
98672 100
98674 0
98710 92
98861 100
99110 0
99114 92
99392 92
99404 0
99691 92
99693 0
99713 100
99716 0
99786 92
972 events for 9
78 26
141 0
185 50
243 17
286 0
297 50
312 0
372 33
425 0
471 17
671 0
728 50
828 0
1098 36
1109 33
1173 0
1264 31
1298 31
1303 0
1365 36
1378 0
1511 26
1626 0
1772 50
1845 0
1881 31
2104 0
2106 36
2132 36
2244 0
2539 33
2547 36
2576 0
2726 33
2772 0
2910 31
2957 0
3029 37
3097 0
3125 50
3198 37
3264 0
3324 37
3426 31
3456 0
3575 17
3695 0
3894 36
3905 0
3914 17
3983 0
4067 50
4078 0
4229 37
4267 0
4558 17
4577 31
4581 0
4661 50
4846 0
4888 50
5006 37
5065 0
5186 33
5389 33
5460 0
5491 37
5745 0
6121 17
6123 0
6180 26
6216 0
6320 26
6374 0
6572 17
6790 0
6829 37
6887 26
6912 0
6950 26
6991 0
6994 50
7055 17
7163 36
7245 0
7324 31
7736 0
7796 50
8052 36
8072 0
8087 36
8198 0
8430 31
8500 0
8520 26
8626 0
8873 36
8962 36
9002 0
9048 17
9198 0
9253 26
9353 0
9495 17
9800 0
9921 36
10180 0
10199 17
10312 33
10337 0
10462 17
10731 0
10751 50
10779 0
10854 36
10882 0
10944 33
10977 0
11174 37
11190 0
11364 50
11412 0
11550 26
11658 0
11973 17
12610 0
12623 17
12910 0
12966 36
13010 0
13057 26
13131 0
13153 17
13247 26
13459 0
13471 17
13649 26
13703 0
13753 31
14357 0
14362 17
14424 0
14495 37
14560 0
14722 50
14726 0
14795 33
14939 0
15355 33
15477 0
15547 36
15562 36
15658 0
15707 50
15825 0
16122 26
16208 0
16236 50
16303 0
16315 31
16502 0
16521 50
16635 0
16821 50
16886 0
16904 33
16918 0
16967 50
17085 0
17237 36
17267 0
17837 17
17886 0
18018 50
18063 31
18194 0
18263 50
18280 0
18538 33
18719 31
18746 26
18762 0
19013 31
19067 0
19296 26
19447 37
19476 0
19689 26
19727 26
20173 0
20204 37
20273 0
20367 26
20408 0
20534 36
20802 0
20808 50
21039 0
21088 33
21246 0
21328 31
21332 0
21429 36
21471 0
21492 37
21633 37
21805 17
22011 50
22429 0
22509 37
22527 0
22606 37
22686 31
22689 0
22925 36
23231 0
23312 36
23497 0
23500 36
23507 0
23620 31
23644 0
23813 17
23847 0
24005 33
24045 37
24132 0
24162 50
24304 0
24482 37
24534 0
24547 33
24690 0
24697 33
24786 0
24788 33
24989 0
25037 17
25108 0
25297 50
25482 31
25500 0
25510 37
25558 0
25671 17
25753 31
25810 0
25853 50
25895 0
26103 36
26142 0
26303 26
26333 0
26463 37
26510 0
26598 37
26661 0
26733 37
26762 36
27013 0
27111 17
27205 0
27577 50
27605 31
27627 0
27818 26
27862 0
27910 33
27930 0
28102 31
28131 0
28284 50
28328 0
28351 36
28376 31
28554 0
28610 17
28885 0
28890 17
28925 0
28933 33
28943 0
28987 31
29074 31
29083 0
29106 26
29128 0
29324 31
29351 0
29484 50
29501 26
29512 33
29558 37
29618 0
29727 37
29728 0
29777 36
30034 0
30189 17
30253 0
30260 26
30608 26
30757 0
31266 33
31459 0
31496 50
31745 0
31847 26
31906 0
32053 17
32167 0
32179 37
32226 36
32351 0
32412 26
32439 0
32844 37
32856 0
32910 37
32960 0
33003 37
33181 0
33209 26
33248 0
33352 31
33472 0
33562 37
33747 17
33796 0
33824 17
33838 0
33878 33
33924 0
33931 50
34002 37
34054 0
34062 31
34160 0
34443 26
34614 0
34616 33
34640 0
34794 37
34883 0
34905 17
35231 31
35600 0
35610 33
35669 26
35685 36
35799 33
35815 0
35859 36
35865 0
35873 33
36003 17
36123 0
36553 26
36745 31
36747 26
36759 0
36777 31
36914 0
36969 31
37607 0
37667 37
37735 33
37773 0
37874 17
37948 0
38051 31
38476 17
38798 0
38923 31
38934 0
38942 50
39120 0
39194 36
39528 0
39604 50
39618 37
39715 0
39735 31
39804 0
39939 31
40256 0
40328 17
40360 36
40447 0
40462 33
40591 0
40614 33
40846 31
40940 0
40994 36
41008 0
41060 26
41146 0
41178 50
41237 0
41275 33
41300 0
41319 37
41412 31
41518 33
41808 26
41850 0
41905 31
41922 0
41991 33
42120 36
42283 36
42344 0
42443 31
42450 0
42488 36
42571 17
42582 37
42670 0
42695 36
42748 0
42963 17
43063 0
43269 26
43349 37
43401 0
43554 26
43559 37
43641 0
43746 17
43789 31
43886 0
44059 31
44145 0
44236 33
44293 26
44300 0
44313 50
44326 0
44332 36
44333 0
44348 31
44387 31
44528 31
44574 50
44737 36
44796 0
44963 37
44987 50
45119 0
45150 17
45241 0
45318 26
46000 17
46002 0
46155 33
46203 0
46465 50
46561 33
46720 17
46741 36
47245 26
47309 0
47419 50
47563 0
47612 36
47630 50
47756 0
47892 31
47968 50
48084 0
48325 50
48516 37
49059 50
49446 0
49448 26
49832 31
49860 31
49997 0
50114 37
50118 0
50245 50
50388 36
50397 0
50404 37
50771 0
50903 31
51180 0
51195 36
51233 33
51270 0
51345 17
51466 0
51579 50
51649 37
51824 37
52023 0
52043 26
52331 33
52465 37
52765 0
52837 17
52853 0
53106 50
53216 0
53275 26
53530 0
53563 50
53686 0
53853 31
54003 50
54034 0
54146 17
54155 33
54272 17
54416 0
54423 37
54742 0
54774 17
54881 50
55073 17
55183 0
55269 37
55342 0
55398 31
55491 0
55759 17
55763 0
55805 26
55848 0
55857 26
55910 36
55930 36
56011 31
56083 0
56101 50
56133 37
56260 0
56420 50
56474 0
56613 31
56822 0
56925 17
56931 0
56980 50
56984 31
57259 31
57311 0
57421 36
57567 50
57597 0
57604 37
57974 0
57986 26
58019 0
58112 36
58192 0
58376 33
58453 0
58531 50
58559 17
58564 0
58666 37
58784 0
58950 31
59146 33
59401 50
59402 0
59413 26
59414 0
59726 33
60019 17
60022 37
60039 26
60070 0
60129 33
60167 31
60229 0
60645 31
60655 0
60667 36
61040 0
61046 33
61121 31
61130 33
61335 0
61386 37
61522 0
61525 26
61724 0
62033 36
62128 0
62236 37
62315 17
62423 26
62759 0
62761 37
62792 0
62933 26
62972 0
63030 50
63330 36
63389 0
63557 26
63584 0
63612 17
64009 0
64040 37
64102 0
64284 33
64342 0
64508 37
64639 0
64991 37
65051 0
65123 33
65138 17
65184 0
65191 33
65308 0
65312 36
65448 17
65514 0
65667 31
65728 0
65985 26
66032 50
66106 37
66117 0
66220 26
66246 33
66266 0
66562 17
66591 0
66670 26
66725 33
66834 0
67004 33
67058 26
67088 0
67129 33
67322 0
67333 50
67339 0
67871 36
68232 0
68297 17
68362 37
68372 26
68413 0
68693 31
68812 0
69026 17
69196 0
69251 17
69273 31
69276 0
69292 33
69349 0
69607 33
69655 0
69785 17
69869 0
70056 33
70120 0
70139 33
70309 37
70385 17
70573 0
70622 50
70728 36
70848 17
71006 0
71008 26
71014 37
71202 0
72068 37
72287 0
72322 17
72336 0
72393 17
72459 0
72483 26
72699 0
72822 31
73232 26
73351 50
73453 33
73536 0
73697 36
73839 26
73869 50
73880 0
73898 37
73993 33
74172 0
74292 17
74309 0
74404 33
74443 0
74542 37
74845 0
74894 50
74908 0
74941 37
75022 0
75108 37
75113 17
75256 0
75281 31
75333 0
75385 50
75624 0
75748 50
75869 0
76208 50
76273 0
76293 26
76534 0
76640 36
76707 0
76724 31
76730 0
76784 26
76786 33
76895 0
76913 31
76915 0
76935 26
77277 0
77301 37
77355 0
77356 36
77509 0
77552 26
77660 0
77761 31
77874 0
78056 26
78079 0
78492 36
78555 17
78635 0
78889 50
78895 0
78981 31
79536 36
79663 0
80007 36
80016 0
80247 36
80355 0
80440 26
80453 0
80538 17
80591 50
80667 0
80832 31
80856 33
81226 0
81330 26
81406 31
81410 17
81584 0
81592 31
81608 0
81756 33
81778 0
81906 36
81921 0
82008 33
82207 26
82288 0
82324 50
82352 0
82355 37
82647 0
82648 26
82673 0
82699 36
82932 26
82995 0
83116 26
83129 0
83386 50
83413 0
83642 17
83737 26
83773 0
83856 33
84101 0
84129 31
84139 0
84140 31
84206 0
84222 26
84310 26
84350 0
84514 33
84572 36
84820 50
84939 0
85184 33
85446 26
85577 0
85584 36
85618 0
85833 36
85916 0
86045 37
86175 0
86177 50
86196 36
86224 17
86231 0
86375 50
86600 0
86624 50
86671 37
86734 0
86790 33
87210 17
87241 0
87438 26
87511 36
87549 0
88020 37
88117 17
88138 37
88395 33
88441 0
88493 33
88553 0
88630 37
88712 0
88758 37
88901 0
88940 33
89193 0
89235 36
89271 31
89403 0
89696 37
89831 0
89891 31
89990 0
90010 33
90011 0
90127 36
90370 31
90452 0
90510 33
90611 0
90678 33
90716 0
90759 33
90800 0
90842 50
90886 0
90950 36
90979 36
91028 0
91031 17
91314 0
91320 36
91414 0
91451 17
91534 0
91624 33
91685 33
91712 0
91837 36
91916 36
92075 0
92111 33
92139 33
92406 33
92482 0
92533 31
92641 26
92776 0
92865 26
93103 0
93331 17
93341 0
93366 17
93367 37
93403 0
93443 31
93447 26
93495 17
93586 0
93636 26
93646 0
93682 50
93712 0
93953 37
93994 0
94016 17
94223 50
94234 0
94246 37
94525 31
94545 0
94582 36
94591 0
94609 37
94944 0
95061 50
95207 33
95278 0
95320 33
95442 0
95457 26
95492 0
95547 50
95603 36
95631 0
95810 17
95838 0
95865 17
95911 0
95918 31
95937 26
95942 36
96064 17
96120 0
96310 36
96344 0
96463 17
96469 31
96548 0
96552 17
96725 0
96841 26
97010 0
97026 31
97081 26
97259 0
97549 33
97669 50
97694 0
97846 37
97884 0
97892 31
97899 0
97949 33
98139 0
98316 17
98408 31
98553 0
98628 31
98724 26
98780 17
98794 36
98816 26
98930 0
98976 37
99031 0
99042 50
99224 0
99240 26
99306 50
99308 0
99469 17
99562 37
99596 0
99704 31
99737 50
99844 0
99937 36
99985 26
944 events for 10
349 51
362 0
394 71
468 0
538 71
699 86
839 0
868 96
995 0
1302 96
1510 0
1600 51
1607 96
1683 0
1838 86
1918 0
1929 60
2027 71
2229 71
2325 96
2403 51
2460 0
2478 51
2584 86
2809 71
3028 0
3189 96
3424 0
3906 71
3989 96
4018 0
4149 60
4282 0
4413 86
4841 0
5253 51
5314 0
5374 51
5525 0
5567 60
5730 0
5771 60
5933 0
5938 96
6111 0
6131 60
6185 0
6225 96
6452 0
6507 60
6836 60
6876 0
6888 51
7003 0
7159 71
7231 0
7538 86
7557 0
7590 96
7607 51
7861 60
7945 96
8005 0
8048 51
8051 0
8172 51
8232 0
8477 96
8545 60
8674 51
8764 60
8827 86
8875 86
8912 0
9130 60
9462 51
9594 0
9754 86
9907 0
10085 71
10339 86
10343 0
10413 96
10575 0
10632 96
10662 0
10829 86
10919 86
10937 86
11217 0
11227 86
11382 0
11403 71
11490 0
11824 96
11973 86
12098 0
12165 96
12218 0
12327 51
12357 86
12425 0
12447 60
12558 86
12583 0
12634 71
12648 60
12660 0
12774 71
12810 60
12867 0
12992 71
13482 0
13598 86
13604 0
13706 60
13829 0
13841 86
13976 60
14067 0
14098 60
14196 0
14215 71
14473 0
14493 60
14601 0
14658 96
14738 0
14865 86
14882 96
14937 0
15093 71
15130 0
15168 86
15212 71
15283 86
15299 0
15396 60
15426 0
15473 86
15475 0
15618 51
15714 86
15865 96
15906 0
15940 86
15942 86
16189 51
16417 0
16448 86
16503 86
16552 0
16709 71
16732 0
16852 86
16989 0
17153 86
17189 96
17198 71
17277 71
17552 51
17658 0
17699 71
17827 0
17887 60
17889 0
17933 96
17964 0
18044 96
18048 0
18146 96
18217 0
18225 86
18236 71
18248 0
18253 51
18318 86
18346 0
18637 51
18673 0
18861 71
18880 0
18947 96
19122 0
19151 86
19205 0
19211 86
19575 0
19946 71
19983 0
20207 86
20265 0
20420 51
20521 0
20559 86
20623 0
20917 86
21039 0
21119 51
21171 0
21320 60
21644 60
21670 51
21710 86
21748 0
21802 86
21883 0
22012 51
22013 0
22131 86
22153 0
22329 60
22353 0
22364 51
22389 86
22425 0
22580 51
22632 0
22646 96
22737 71
22941 86
22991 86
23150 0
23328 86
23448 0
23547 86
23614 60
23785 0
23805 86
24049 96
24138 51
24474 0
24555 71
24580 96
24636 0
24674 60
24738 0
24783 71
24799 0
24802 51
24923 51
25017 86
25039 0
25045 60
25066 0
25082 51
25165 0
25287 71
25397 60
25449 71
25678 60
25731 0
25868 60
25947 0
25981 60
26111 86
26119 0
26164 86
26235 0
26375 96
26396 0
26435 86
26491 71
26514 0
26787 96
27037 0
27053 86
27068 0
27071 86
27085 0
27548 71
27925 0
28032 60
28106 0
28287 60
28332 0
28335 86
28494 0
28672 71
28696 86
28894 0
29198 71
29436 0
29799 96
29890 0
30014 51
30122 0
30143 86
30214 0
30323 71
30422 0
30481 60
30774 0
30795 86
30835 51
30865 86
31077 0
31132 96
31261 0
31428 71
31454 51
31645 0
31827 86
31856 0
31986 86
32058 0
32080 86
32349 86
32381 0
32395 86
32422 0
32735 71
32762 0
33074 86
33077 0
33214 86
33540 0
33677 86
34003 0
34041 51
34057 86
34159 0
34761 60
34808 0
34811 51
34941 0
34952 86
35051 0
35335 60
35397 0
35398 86
35473 0
35552 71
35614 0
35695 86
35828 0
35858 86
35909 51
35928 86
36155 0
36171 71
36193 0
36252 96
36386 0
36399 51
36404 0
36441 96
36487 86
36521 0
36669 86
36682 71
36732 71
36868 0
36887 86
36910 0
37141 86
37328 0
37404 86
37455 0
37737 60
37848 96
38053 0
38098 86
38163 0
38729 96
38896 0
39019 60
39393 86
39428 0
39439 96
39487 0
39703 60
39750 96
39880 60
39915 0
39959 86
40012 60
40183 0
40201 51
40236 96
40283 0
40364 86
40470 96
40497 0
40501 96
40561 71
40573 0
40807 60
40829 0
40868 51
40869 0
40897 96
40898 0
41129 96
41173 0
41232 51
41244 71
41375 0
41400 60
41507 0
41522 86
41683 0
41714 71
41742 60
41813 86
41826 96
41871 0
41972 86
42001 86
42026 0
42256 86
42349 0
42860 71
43013 0
43069 60
43258 86
43456 0
43627 71
43741 0
43884 51
44161 0
44346 51
44349 0
44422 51
44584 0
44595 71
44855 0
45164 96
45314 51
45369 96
45370 60
45482 0
45542 86
45564 0
45913 60
46000 71
46103 0
46154 51
46181 0
46288 51
46316 86
46370 0
46499 86
46501 0
46665 86
46667 0
46952 86
47180 0
47330 51
47358 60
47420 0
47503 86
47579 51
47668 96
47963 0
48030 96
48055 0
48233 96
48270 0
48543 96
48597 0
48742 96
49268 0
49290 86
49333 60
49386 0
49428 86
49451 51
49546 51
49742 71
49802 51
49938 0
50263 96
50329 86
50399 0
50441 96
50519 0
50593 51
50648 86
51348 60
51452 0
51560 51
51711 0
51731 86
51751 51
51803 0
51808 86
51817 0
51976 71
51998 71
52052 0
52236 60
52272 86
52339 0
52666 51
52712 0
52925 60
52930 0
52982 86
53120 0
53160 96
53207 0
53362 86
53436 0
53704 86
53735 0
54076 51
54158 0
54172 60
54294 0
54436 71
54524 0
54637 51
54832 0
55014 96
55196 0
55284 86
55342 0
55382 60
55418 60
55452 0
55470 71
55494 0
55524 51
55583 86
55584 0
55634 86
55681 0
55867 86
56106 0
56186 60
56190 0
56256 71
56654 0
56664 96
56879 0
56899 86
56901 0
57173 96
57303 51
57365 51
57676 51
57684 0
57711 96
57867 86
57928 0
57934 71
57972 0
58092 86
58120 0
58133 96
58144 0
58217 71
58333 86
58399 96
59204 0
59295 96
59718 0
60036 51
60121 0
60252 86
60310 0
60432 60
60493 0
60625 51
60779 0
60902 86
60914 60
61335 0
61353 86
61443 60
61671 86
61708 0
61723 71
61731 0
61821 60
61873 0
61916 86
61928 86
62009 86
62183 60
62295 0
62326 86
62333 0
62490 86
62621 0
62761 86
62918 0
62954 60
63274 96
63296 0
63561 96
63581 0
63642 86
63669 0
63784 86
63866 0
64026 51
64197 0
64230 86
64447 0
64520 71
64628 0
64677 86
64718 0
64730 96
64769 96
64958 0
65150 71
65451 0
65661 60
65891 0
65920 60
66106 0
66128 96
66195 86
66380 0
66548 51
66562 0
66673 60
66735 0
66994 60
67090 71
67189 86
67330 51
67373 0
67523 86
67558 0
67593 86
67648 51
67857 0
68051 86
68083 51
68301 0
68313 60
68429 0
68622 60
68657 0
68721 51
68746 0
69021 71
69115 0
69224 96
69228 0
69331 71
69649 71
69750 60
69776 51
69843 86
69863 86
69864 0
69918 96
70002 0
70066 86
70198 0
70258 86
70502 60
70627 0
70679 86
70862 0
70958 96
70965 0
71027 86
71145 0
71174 71
71373 0
71381 60
71663 0
71706 86
71715 0
71759 86
71773 0
71856 96
71966 0
72012 60
72014 0
72072 96
72365 0
72412 71
72589 0
72718 60
72849 0
72996 60
73291 0
73308 71
73360 86
73375 0
73553 71
73630 0
73663 86
73731 0
73820 96
73824 51
73918 0
73948 86
73989 60
74094 86
74130 60
74171 86
74220 0
74232 86
74402 0
74593 96
74693 0
74743 71
74803 71
74951 0
75035 71
75200 0
75273 86
75320 0
75377 60
75544 0
75563 71
75653 0
75705 51
75842 0
75866 96
76032 0
76067 86
76227 60
76421 60
76494 0
76590 51
76685 0
76709 86
76741 0
76794 51
76806 0
76929 71
77022 86
77204 0
77236 60
77355 86
77365 0
77390 71
77459 51
77753 71
77799 71
77928 0
78172 86
78295 86
78347 86
78554 0
78594 51
78635 0
78922 86
78999 0
79055 86
79129 96
79454 0
79807 96
79818 0
79947 71
79952 0
79957 96
79968 0
80133 51
80147 0
80208 71
80268 71
80379 51
80464 86
80496 0
80758 60
80822 86
80870 0
80950 71
81060 51
81064 0
81178 86
81497 0
81545 86
81554 96
81654 0
81779 86
81873 0
81925 71
82000 60
82007 96
82229 0
82341 51
82382 0
82499 51
82661 71
82703 0
82756 86
82762 60
83097 96
83126 51
83145 0
83443 60
83492 0
83550 96
83896 0
83941 86
84204 0
84223 96
84287 0
84371 51
84489 86
84593 0
84620 51
84912 0
84976 51
85163 0
85242 96
85440 0
85452 86
85471 0
85545 71
85618 96
85775 96
85833 86
85909 0
86026 86
86309 0
86384 86
86423 0
86604 96
86651 0
86696 86
86874 86
87071 0
87086 86
87135 0
87200 86
87245 86
87313 86
87665 0
87685 51
87692 0
88038 96
88051 0
88422 86
88493 0
88845 86
88897 0
88953 86
88975 0
89090 86
89174 86
89392 0
89420 86
89498 51
89547 96
89575 71
89582 0
89718 51
89841 86
90008 0
90043 86
90118 0
90286 60
90299 96
90307 0
90333 51
90439 0
90516 71
90660 0
90676 86
90759 0
90765 71
90956 0
90997 60
91062 0
91089 86
91177 0
91398 60
91426 60
91711 86
91774 0
91797 51
92009 0
92027 71
92030 0
92034 86
92150 0
92445 96
92529 86
92613 86
92736 0
92800 51
92842 0
93063 86
93064 0
93173 71
93414 0
93962 86
93969 96
94022 0
94276 51
94312 0
94347 60
94435 86
94579 86
94829 0
95278 96
95459 0
95522 86
95597 0
95763 60
95808 0
95994 86
96006 0
96131 71
96198 0
96272 71
96395 0
96397 86
96491 0
96536 86
96589 51
96708 0
96787 86
97055 86
97285 0
97447 51
97461 0
97476 86
97587 0
97992 71
98041 0
98148 96
98200 0
98328 71
98432 0
98468 71
98491 96
98549 0
98742 96
98857 0
98951 71
98998 71
99077 71
99125 0
99188 86
99343 0
99433 51
99560 0
99599 96
99686 0
99715 86
99720 71
562 events for 11
111 59
126 0
412 59
421 0
574 54
618 0
953 54
1122 0
1344 54
1480 0
1840 66
2130 55
2555 64
2681 0
2883 54
2931 54
3087 54
3509 0
3550 66
3589 0
3796 54
3857 0
4138 59
4171 0
4188 66
4339 54
4343 0
4467 54
4475 0
4927 59
5002 0
5330 55
5350 55
5618 54
5735 0
5775 55
5828 0
5878 54
6745 0
6798 59
6955 0
7168 54
7331 0
7368 64
7556 0
7656 54
7844 0
7961 64
8086 0
8250 55
8629 0
8839 66
8934 0
9039 64
9195 0
9200 66
9395 0
9637 66
9702 0
9739 55
10361 54
10539 0
10699 55
10905 0
10957 54
10988 0
11248 55
11461 55
11584 59
11664 0
11855 66
11984 66
12183 0
12397 64
13138 59
13753 0
13783 64
13813 59
13871 0
14085 66
14772 54
14947 66
15026 0
15072 64
15381 55
15465 0
16256 64
16299 0
16392 59
16429 0
16554 64
16596 0
16620 59
17059 0
17306 66
17397 0
17612 55
18297 0
18400 59
18418 0
18477 66
18696 0
18766 59
18832 66
18901 0
19295 66
19438 0
19899 55
19944 64
20151 0
20248 55
20295 0
20306 66
20427 59
20684 0
21117 54
21322 0
21813 55
22040 0
22110 59
22309 0
22408 59
22458 0
22468 59
22532 0
22855 64
22896 0
23219 55
23311 0
23380 54
23382 66
23552 66
23625 0
23724 55
23769 0
23867 59
23879 0
23953 64
24070 0
24076 55
24098 0
24188 66
24473 0
24595 59
24619 0
24816 64
24915 0
25197 64
25318 0
25434 64
25697 0
25969 59
26277 54
26518 0
26834 64
27072 0
27138 66
27170 0
28567 55
28627 0
28629 54
29081 59
29253 66
29844 64
29867 0
29887 54
30201 0
30221 66
30436 0
30886 66
30908 0
30997 59
31177 66
31196 0
31978 54
32270 0
32370 59
32982 0
33536 64
33724 59
33741 0
33870 59
33884 0
33906 64
33959 0
34065 59
34107 0
34201 66
34209 0
34261 66
34327 0
34840 64
35002 0
35176 64
35287 0
35320 55
35521 0
35575 64
35660 0
35670 64
35752 0
35854 55
36027 0
36137 59
36680 55
36747 0
37216 66
37224 66
37739 64
37817 55
37848 0
37854 55
38014 0
38088 66
38115 0
38161 59
38191 0
38423 55
38580 0
38677 55
38753 0
38780 59
39213 0
39267 66
39419 0
39493 66
39826 0
39858 55
39873 0
40013 55
40043 0
40075 54
40257 0
40397 59
40677 59
40912 0
41258 55
41262 0
41355 64
41657 64
41947 0
42191 64
42197 66
42980 0
43135 66
43364 0
43596 59
43752 66
43775 55
43891 0
43977 64
44027 54
44054 0
44057 54
44223 0
44244 55
44428 0
44433 66
44521 0
44756 54
44772 59
44855 0
44889 55
44952 54
45006 0
45009 64
45132 66
45248 0
45318 59
45319 59
45825 55
45907 55
46043 0
46236 64
46285 0
47024 66
47051 55
47224 59
47379 0
47831 66
47843 0
47869 59
48148 59
48308 64
48505 59
48592 0
48720 59
48987 0
49381 54
49479 0
49507 66
49730 64
49992 0
50160 64
50196 54
50350 0
50397 55
50444 0
50928 66
51136 54
51607 0
51651 64
51827 54
51870 66
52162 0
52347 55
52661 0
52778 64
53096 0
53238 66
53335 0
53461 54
53634 0
53785 66
53914 0
53983 59
54289 55
54526 59
54660 0
54754 64
55066 0
55069 59
55085 0
55181 66
55385 0
55418 59
56265 0
56286 64
56332 64
56637 55
56649 0
56724 54
57093 59
57111 59
57184 0
57463 66
57635 0
57719 55
57776 0
57916 59
58190 0
58302 64
58357 0
58469 54
58481 54
58734 0
58741 64
58775 0
58838 66
58869 59
59490 0
59516 54
59598 0
59693 64
59809 66
59810 55
59832 66
59878 0
60333 59
60526 55
60898 0
61253 66
61373 0
61452 54
61585 0
61690 64
61708 0
61737 59
61760 0
62082 55
62132 54
62665 54
63065 66
63099 66
63221 0
63591 66
63946 59
64006 54
64552 64
64794 54
64969 64
64993 0
65221 54
65500 0
65609 64
65659 0
65679 59
65902 0
66069 55
66175 0
66334 66
66592 54
66765 0
67051 66
67250 0
67377 59
67437 0
67797 59
67820 0
67907 55
68330 0
68367 59
68667 66
68868 0
68946 66
69166 0
69582 64
69589 0
69650 64
69752 0
70017 59
70250 0
70622 66
70964 0
71059 64
71080 0
71252 59
71341 0
71490 59
71872 0
72066 59
72099 0
72159 64
72279 0
72326 59
72622 0
72637 54
72672 0
72988 66
73176 0
73995 64
74150 0
74911 64
75347 0
75659 64
75677 0
75722 59
76219 66
76412 0
76691 55
76756 0
76959 55
77058 54
77106 0
77158 55
77323 0
77570 66
77664 64
77679 0
77750 54
77781 66
78176 0
78288 66
78506 54
78546 0
78630 55
78739 0
79570 64
79580 0
79673 66
79894 0
80076 66
80291 54
80388 0
80429 55
81146 0
81364 55
81735 55
81915 0
81960 55
82357 0
82532 64
82691 0
82815 55
83302 0
83817 66
83974 0
84507 64
84895 0
85088 64
85306 59
85365 55
85610 0
85708 55
86044 0
86172 55
86276 59
86467 0
86819 66
86870 0
87049 59
87509 0
87604 59
87685 0
87755 54
88066 59
88143 0
88239 54
88430 59
88454 54
88507 54
88509 0
88659 59
88729 0
88759 64
88809 55
89005 66
89025 0
89465 54
89528 54
89639 0
89778 54
89896 0
90062 64
90231 0
91227 59
92233 0
92364 59
92492 0
92648 59
93193 0
93207 64
93265 66
93696 0
93878 54
94044 64
94412 0
94663 66
94878 0
94893 66
95186 0
95691 64
95694 0
95889 66
95949 66
96362 0
96467 54
96683 0
96741 64
96872 0
97558 59
97605 0
97925 64
98009 0
98111 66
98140 0
98273 59
98377 0
98560 54
98654 0
98846 64
99018 64
99033 0
99044 54
99074 59
99125 0
99338 59
99385 0
99605 55
99760 0
99768 54
99779 0
272 events for 12
390 96
594 0
835 90
1152 90
3117 0
3394 90
3648 90
3649 0
3859 90
3888 0
3924 96
4043 0
4361 90
4720 0
5077 90
5348 0
5900 96
5952 90
6616 0
6838 96
7685 0
9596 96
9690 0
9746 90
9933 0
10044 96
10187 0
10332 96
10372 90
11188 0
11879 96
11904 0
12085 96
13103 0
13652 96
14011 90
14237 0
14408 90
14930 90
15420 96
15833 0
15867 96
16645 0
16980 90
17081 0
17385 90
17762 0
17826 90
18516 96
18862 0
18921 90
19256 0
19585 90
20335 96
20394 0
20603 96
20715 0
21040 96
21161 0
21780 96
21953 0
22125 90
22193 0
22526 90
22973 90
23164 0
24310 90
24717 96
25126 96
25134 0
26193 96
26370 0
26527 90
26917 96
27330 0
27442 90
27592 96
27917 0
29577 96
29817 0
29891 90
29917 0
30377 90
30410 90
30695 90
30705 0
31323 90
32445 90
32637 90
32639 0
32648 96
32801 0
33620 96
34083 0
34173 90
35726 0
35746 90
35996 96
36070 0
36534 90
36917 90
37219 96
37285 0
37523 90
37746 0
37961 90
37992 0
37998 90
38233 90
39093 0
40021 90
40407 90
40739 0
41112 90
41798 0
41947 90
41974 0
42286 90
43259 0
43302 90
43387 0
44032 96
44842 0
44908 96
44928 0
45792 90
46147 90
46381 0
46931 90
47358 0
48135 96
48260 0
48510 90
48540 0
48850 90
48997 0
50154 90
50243 0
50515 90
50808 0
50827 96
50833 0
50948 90
51159 0
51278 96
51475 90
51893 0
51944 90
52207 0
52268 90
52393 90
52763 90
53353 90
54210 90
54448 90
54502 0
54725 90
54895 96
54917 96
54997 96
55484 0
55684 90
55900 0
55979 96
58199 96
58481 90
58593 0
59289 96
61031 0
61163 96
61519 0
61743 90
62058 0
62122 90
62271 0
62385 90
62435 0
62728 96
62944 0
63032 96
63086 0
63126 90
65292 0
65299 90
66115 96
66369 0
66437 90
66893 96
67204 0
67422 90
67501 96
68896 90
69165 0
69454 90
69470 0
69670 90
69900 0
69951 90
69964 90
70188 0
70338 96
70704 0
70743 96
70864 0
71200 96
71433 0
71584 96
71770 90
72893 0
72932 96
74113 0
74524 90
74628 96
74909 0
75777 96
76000 0
76208 90
76507 0
77643 90
77851 0
78572 96
78901 0
79201 90
80157 0
80236 96
80354 90
80616 90
80722 0
80870 90
80877 0
80973 90
80991 0
81206 96
81476 0
81605 90
82396 0
83130 90
83203 0
83912 90
84273 0
84692 96
85806 0
85957 90
87488 96
87992 90
89006 90
89839 0
89929 90
90279 0
90821 90
91117 96
91216 0
91332 90
91385 0
91687 96
91740 0
91794 90
92371 90
92720 0
92827 90
94987 96
95676 0
96055 90
96172 90
97663 90
97917 0
98072 90
98102 0
98118 90
98407 0
98772 90
99562 0
394 events for 13
182 89
288 0
406 89
671 89
673 0
742 84
1203 0
1381 88
1917 0
2295 89
2460 84
2473 89
2640 89
2738 0
2820 84
3265 0
3375 88
3590 0
3672 89
4064 84
4105 0
4118 88
4774 88
4863 0
5372 84
5565 0
5617 89
5702 0
6125 89
6380 0
6383 84
6568 0
7447 88
7456 0
8006 89
8327 0
8335 89
8888 89
8966 89
9297 0
9455 89
9538 88
9566 89
9696 0
9752 89
10109 0
10209 84
10282 0
10823 89
10835 0
10870 88
11067 0
11691 84
11830 0
11944 89
12303 0
12536 89
13331 0
13395 88
13487 0
14064 89
14181 88
14823 0
14943 89
14974 89
15100 0
15230 88
15525 0
15749 84
16804 0
16945 84
17705 89
17732 88
18069 88
18211 0
18438 84
18510 89
18795 0
18882 89
19154 0
19208 89
19294 0
19416 89
19801 0
20032 88
20267 0
20394 89
21488 0
21624 89
22216 84
22238 0
22514 89
22578 0
22593 88
22614 0
22936 89
22986 88
23016 0
23027 89
23263 0
23372 88
24171 88
24294 0
24646 84
24823 0
24878 88
25045 84
25168 89
25260 89
26309 0
27138 89
28421 0
28970 89
29163 0
29312 88
29627 0
30188 84
30245 0
30566 89
30582 0
30630 84
30747 0
31022 88
31188 0
31786 89
32009 0
32289 89
32347 0
32377 88
32441 0
32561 84
32569 89
32724 0
32980 84
33207 0
33562 88
33575 0
33711 89
33899 0
33978 84
34505 0
34647 89
35254 0
35765 88
37092 0
37142 84
37852 89
37924 0
37958 88
37978 0
38268 88
38572 0
38659 84
38668 89
38766 89
38812 0
38831 89
38888 0
39032 89
39046 0
40381 89
40553 0
40813 89
41087 0
41179 84
41711 0
41851 84
42166 88
42867 0
43005 88
43027 88
43213 89
43924 0
44027 84
44301 0
44804 89
45129 0
45286 89
45783 89
45837 0
45931 84
46033 88
46066 89
46073 0
46305 84
46324 0
46907 84
47366 84
47698 0
47940 88
47966 0
48086 89
48444 0
48558 89
48584 89
48659 89
48810 84
48822 88
49145 84
49727 0
49993 89
50056 89
50137 88
50350 0
50713 84
50733 88
50834 84
51039 89
51512 0
51548 88
51721 0
52113 84
52684 84
53723 0
54302 89
54567 0
54602 84
54687 0
54710 84
54715 0
54897 89
54993 0
55123 88
55428 0
56035 84
56301 89
56313 84
56781 0
56930 88
57040 0
57224 88
57270 0
58082 89
58219 0
58321 84
58422 0
58467 84
58500 88
59340 84
59363 89
59509 0
59630 89
60148 0
60164 89
60219 0
60400 88
60518 0
60942 89
61163 0
61822 84
61858 0
62544 88
63059 0
63277 89
63340 88
63542 84
63758 0
63800 88
64350 88
64519 84
64779 0
65093 89
65267 0
65501 89
65978 0
66230 89
66397 89
66990 0
67277 84
67292 0
67647 88
67964 89
68115 0
68451 84
68796 89
68928 0
68964 89
69018 0
69122 89
69189 0
69331 89
70040 89
70088 0
70100 84
70130 84
70475 0
71275 89
71724 84
72069 0
72253 89
72424 0
72448 84
73355 0
74022 89
74153 88
74574 0
74620 89
74731 0
75413 89
75683 0
75741 84
75757 0
75759 89
76205 0
76245 89
76288 0
77148 89
77365 0
77500 89
77505 0
77553 84
77741 88
77903 89
78853 0
79238 84
79365 0
80757 88
80808 0
80957 89
81130 0
81176 89
81264 84
81423 0
82034 88
82102 0
82308 88
82537 89
82552 0
82683 84
83041 89
83217 0
83359 89
83428 84
83455 0
83536 84
83976 89
84085 0
84315 89
84955 89
85056 0
85489 89
86331 89
86386 0
86405 89
86484 0
86654 84
87105 89
88181 0
88183 84
88295 0
88458 84
88502 84
88559 0
88603 89
88795 0
88885 84
89353 0
89643 88
89669 0
89681 89
89738 0
89899 89
90287 88
90903 0
91316 88
91415 0
91763 88
91897 84
91907 0
92256 89
92324 89
92330 0
92365 89
92644 0
93377 88
93995 84
94128 0
94534 84
95840 0
97207 89
97390 0
97648 89
97843 0
97916 88
97940 0
98083 88
98182 0
98331 84
98817 0
98942 88
99082 0
99384 89
99554 0
99657 89
824 events for 14
96 58
263 0
398 66
405 0
645 63
709 63
722 0
917 74
919 0
947 63
966 0
1009 66
1247 0
1294 58
1552 69
1645 0
1650 66
1680 58
1767 61
1776 0
1799 58
2229 69
2231 0
2260 54
2325 58
2329 0
2393 63
2604 0
2716 63
3395 0
3627 68
3659 0
4043 58
4459 0
4469 54
4757 0
4769 69
4869 58
5119 61
5124 61
5238 0
5307 54
5348 0
5471 66
5637 0
5800 69
5959 0
6040 61
6249 0
6297 69
6474 68
6555 0
6611 63
6710 0
6720 61
6759 69
6763 0
6833 68
6845 69
6923 0
6959 54
7130 54
7359 0
7515 61
7528 0
7568 54
7780 0
7828 63
7869 0
8012 69
8046 0
8117 63
8286 63
8327 0
8337 68
8347 0
8432 61
8436 0
8448 61
8459 63
8644 0
8748 54
8820 0
8920 54
9244 0
9451 74
9758 0
10024 54
10041 0
10049 61
10122 0
10123 69
10337 0
10844 61
10899 69
11234 0
11261 68
11311 0
11320 54
11429 61
11639 0
11751 58
11794 0
11803 68
11955 0
12490 54
12571 69
12720 0
12739 54
12754 0
12785 63
13112 69
13137 0
13214 69
13401 0
13557 63
13722 61
13764 0
13797 69
13961 0
14118 54
14271 61
14389 66
14453 68
14781 0
15044 61
15394 61
15545 0
15578 63
15582 0
15879 68
15972 0
16001 69
16159 0
16247 63
16297 0
16376 61
16392 58
16460 0
16473 63
16809 0
16818 61
16915 69
16971 0
17044 63
17068 0
17122 61
17336 0
17378 68
17468 61
17529 0
17546 54
17625 0
17853 61
17907 61
17960 54
18360 61
18417 0
18541 69
18664 0
18668 61
18777 0
18822 69
18912 68
18925 58
18958 0
19123 58
19373 0
19454 74
19484 0
19667 61
19796 0
20001 66
20101 0
20142 66
20334 0
20511 63
20651 74
21058 0
21106 74
21124 69
21200 0
21685 68
21707 0
21708 66
21893 63
21932 0
21964 69
22153 63
22184 69
22283 0
22317 61
22395 0
22562 68
22636 61
22686 0
22726 61
22897 0
23068 58
23154 0
23486 58
23539 0
23596 61
23725 0
23887 61
23940 0
24184 54
24267 58
24452 0
24734 58
24780 0
24818 69
25196 0
25496 69
25511 69
25833 0
25885 58
25887 74
26074 0
26196 74
26254 0
26280 61
26390 0
26400 61
26514 0
26683 63
26702 0
26970 54
27013 74
27036 0
27090 54
27097 0
27227 61
27306 0
27311 63
27470 0
27718 74
27840 66
27953 0
28163 61
28425 61
28444 0
28734 58
28869 0
28965 68
29003 0
29061 74
29158 0
29256 61
29295 0
29325 66
29426 0
29635 69
29960 0
30196 74
30318 0
30351 74
30521 0
30544 61
30556 0
30750 61
30763 0
30764 66
30804 69
30899 0
31036 66
31146 0
31149 74
31185 0
31290 58
31533 0
31557 58
31589 0
31698 61
32094 68
32101 0
32143 58
32330 0
32370 54
32505 61
33155 74
33298 0
33364 58
33424 0
33896 61
33920 0
34106 61
34184 63
34294 0
34376 58
34380 0
34485 61
34622 63
34761 0
34858 68
34921 69
34944 66
35073 0
35119 66
35174 69
35432 66
35444 0
35461 54
35507 69
35764 0
35770 68
35823 0
36174 63
36824 66
36862 0
37057 61
37295 0
37330 69
37541 74
37584 0
37708 68
37819 0
37830 69
38017 61
38296 74
38395 0
38495 69
38524 0
38779 66
38787 0
38889 61
38900 0
39038 68
39112 61
39239 0
39375 74
39519 54
39760 61
39866 0
39875 63
40064 0
40170 54
40213 0
40538 61
40793 54
40945 0
41058 58
41517 0
41570 66
41676 61
41968 0
41999 54
42054 0
42132 66
42782 61
42802 69
42851 0
42871 61
43099 0
43190 66
43695 68
44123 58
44269 0
44301 54
44344 61
44429 0
44583 61
44832 61
44848 54
45008 0
45035 61
45039 0
45088 61
45126 0
45301 68
45320 0
45389 63
45407 0
45511 66
45537 0
45774 61
45819 0
45842 61
45966 69
46003 0
46067 69
46079 0
46383 69
46395 0
46442 61
46510 68
46638 0
46710 68
46842 0
46880 69
46914 0
47042 66
47125 0
47146 58
47251 0
47278 63
47291 74
47564 0
47648 61
47746 0
47753 66
47791 0
47855 58
48141 0
48262 63
48298 0
48433 68
48440 0
48687 61
48744 0
49142 69
49558 61
49654 0
49781 61
49786 0
49792 58
49908 68
50192 54
50444 54
50766 0
50813 58
50881 0
50887 61
50899 0
50956 54
50957 0
50991 58
51070 54
51283 69
51395 0
51457 61
51560 0
51830 66
51836 0
51927 58
51960 0
52067 74
52146 0
52351 68
52501 0
52551 61
52565 0
52587 63
52653 0
52740 74
52844 54
53062 0
53201 58
53282 63
53397 0
53441 58
54189 0
54481 61
54503 0
54514 74
54650 0
54684 58
55082 61
55326 61
55446 61
55477 0
55590 61
55743 0
55771 61
55843 0
55965 69
55990 0
56127 61
56145 0
56188 58
56212 54
56292 0
56322 63
56412 0
56543 74
56604 74
56810 69
56811 63
56878 61
57358 0
57391 66
57402 0
57765 54
57792 0
57939 63
58017 0
58034 74
58194 0
58266 61
58333 61
58400 0
58466 74
58554 0
58558 69
58710 0
58740 58
58922 0
58989 61
59004 54
59253 0
59343 63
59598 68
59829 0
60480 63
60607 0
60681 69
60721 0
60893 69
61051 54
61094 0
61326 61
61346 0
61671 61
61766 61
61998 0
62544 63
62693 63
62780 0
62851 61
62884 0
62888 66
62915 63
63248 63
63391 0
63413 63
63603 0
63797 66
63922 69
63981 58
63997 0
64053 61
64195 0
64270 68
64287 0
64399 69
64711 0
64723 54
64796 0
64823 61
64946 0
65025 58
65076 0
65451 58
65661 0
65672 61
65928 0
66039 61
66194 0
66367 74
66415 0
66485 63
67058 0
67213 58
67329 0
67400 61
67461 0
67493 63
67773 0
67780 54
67962 54
67978 0
68225 54
68378 0
68552 63
68589 0
68699 66
68725 0
68952 61
69099 0
69270 66
69285 0
69377 66
69487 0
69873 63
69914 0
70056 74
70065 0
70075 61
70097 68
70302 0
70542 68
71107 0
71194 63
71252 74
71338 66
71352 0
71562 68
71708 0
71714 66
71886 0
71972 61
72051 0
72167 61
72450 0
72660 66
73048 0
73368 54
73461 0
73596 69
73727 0
73815 66
73867 66
73996 61
73998 0
74068 69
74329 63
74491 0
74574 68
74603 61
74736 0
74751 63
74854 61
74894 0
74966 61
75047 0
75054 66
75063 0
75148 58
75155 0
75335 66
75344 0
75400 54
75404 54
75513 0
75611 58
75636 68
75700 66
76011 68
76149 63
76177 0
76491 63
76492 61
76533 54
76871 0
77070 61
77107 0
77539 68
77621 0
77761 63
77831 74
77963 0
77999 74
78213 0
78227 63
78865 0
78883 69
78887 0
78901 63
79198 0
79428 61
79466 0
79693 58
79774 0
79820 74
79832 0
79903 69
79971 0
80038 54
80199 0
80329 61
80374 58
80382 0
80456 74
80522 0
80766 74
80794 74
80829 0
80868 74
80938 68
80988 74
81078 0
81301 61
81302 69
81644 0
81652 69
81737 0
81968 68
82270 66
82277 63
82310 0
82460 69
82780 0
83028 68
83470 0
83666 61
83697 0
83830 66
83888 0
83959 63
84165 0
84186 66
84344 69
84498 74
84705 0
84767 58
84878 0
85047 74
85216 69
85423 0
85973 63
86030 0
86164 66
86171 68
86286 63
86418 0
86846 69
86897 58
87109 0
87225 69
87253 61
87370 0
87375 69
87655 0
87669 69
87804 0
87992 69
88197 0
88207 66
88215 0
88311 69
88351 0
88404 61
88675 0
88722 63
88765 0
88832 68
88899 0
88917 74
89338 0
89352 54
89361 0
89428 69
89498 0
89645 58
89943 0
90074 61
90096 58
90107 0
90204 61
90314 0
90364 61
90396 0
90460 58
90717 0
90889 61
90997 0
91180 54
91258 0
91405 61
91408 0
91428 58
91704 63
91902 0
91910 74
92067 0
92109 61
92192 0
92264 61
92773 0
92801 63
92888 66
93032 69
93237 0
93295 61
93400 74
93409 0
93426 61
93472 0
93578 54
93619 0
93835 68
93943 0
93989 63
93992 68
94167 0
94201 68
94264 0
94340 61
94435 0
94493 54
94560 74
94703 0
94721 61
95105 61
95148 0
95206 66
95286 0
95364 66
95575 63
95583 0
95746 61
95783 0
95797 61
95915 0
95987 58
96082 0
96231 68
96254 0
96353 61
96395 0
96463 63
96641 0
96643 54
96950 0
96981 66
97174 0
97198 54
97261 0
97287 68
97468 68
97574 61
97780 0
97896 68
97967 0
98085 66
98102 0
98263 66
98621 58
98863 0
99153 58
99181 0
99477 66
99533 0
99996 74
209 events for 15
170 22
878 0
1124 18
1235 0
1942 22
2273 0
3102 22
3404 0
3547 38
3894 22
4583 0
4967 18
6740 0
7352 38
8221 0
8412 18
8551 22
8793 18
8975 18
9501 0
10170 18
10369 0
11333 58
11649 0
11670 58
12734 0
12802 58
12805 0
12895 38
13004 22
14432 58
15142 58
16648 38
16941 0
17111 38
17882 58
17942 0
20366 22
20592 0
21394 22
22083 0
22954 22
23230 22
23275 0
24445 18
24746 22
24907 0
25044 38
25242 0
25345 38
25653 0
26310 18
26449 0
26837 22
26877 22
27103 0
27241 18
27933 0
28018 38
28541 0
29256 38
29681 38
31033 0
31061 22
31137 0
31623 58
32168 0
32701 58
34090 0
34451 22
35381 58
35500 0
36022 38
36139 0
36389 38
36439 22
36795 38
37206 0
38100 22
38779 0
39379 22
41525 0
42203 38
42531 0
43711 58
43720 0
44010 18
46307 18
46508 22
46578 0
47559 22
47766 0
47903 38
48077 0
48241 38
48864 0
49172 22
49802 0
50006 38
50204 0
50530 58
51081 0
51809 22
51973 0
52103 58
53117 0
53119 38
53534 0
55607 22
56356 0
57034 38
58265 0
59137 22
59140 58
59356 0
59414 38
59514 18
60111 0
60134 22
60981 0
61226 58
61290 0
63223 38
63408 0
63553 38
64012 0
64526 18
64619 0
64695 38
64723 0
65214 18
65237 0
65699 38
66070 0
66279 22
66460 0
66467 22
68211 0
69146 18
69555 0
69574 22
69788 0
70442 22
70838 38
70851 0
71236 38
71608 0
71637 18
72202 0
72391 18
72914 0
73492 58
73517 22
73539 0
73564 22
74097 0
74396 22
74921 0
75409 22
75781 0
75910 58
75991 0
76735 38
76852 58
77323 38
77554 0
78088 22
79730 0
80075 38
80677 0
81223 38
81525 0
81822 22
81839 0
82900 58
84053 0
84155 18
84213 0
84838 58
85068 0
85514 18
86158 38
86598 0
86972 22
87056 0
87389 22
87735 0
87884 38
87951 0
88383 22
89164 0
89473 18
89948 58
90353 0
90385 38
90852 18
94336 22
94380 0
94560 22
94710 18
95137 0
95615 18
95898 0
96392 22
96642 0
97197 18
98444 0
99038 22
99322 0
