16 buffers
157645 11321
32017 3053
138630 10205
194833 17384
122292 14207
158728 7050
96476 13447
158115 10957
106752 10337
126897 3514
92172 7168
153485 30671
172974 6099
207551 39304
77726 8654
139189 6222
60 downlinks
0 250 1667 550
1 1917 3334 571
2 3584 5001 515
3 5251 6668 587
4 6918 8335 613
5 8585 10002 576
6 10252 11669 514
7 11919 13336 559
8 13586 15003 582
9 15253 16670 450
10 16920 18337 591
11 18587 20004 506
12 20254 21671 609
13 21921 23338 465
14 23588 25005 492
15 25255 26672 437
16 26922 28339 590
17 28589 30006 645
18 30256 31673 448
19 31923 33340 511
20 33590 35007 588
21 35257 36674 564
22 36924 38341 439
23 38591 40008 526
24 40258 41675 619
25 41925 43342 570
26 43592 45009 570
27 45259 46676 649
28 46926 48343 575
29 48593 50010 469
30 50260 51677 571
31 51927 53344 473
32 53594 55011 597
33 55261 56678 525
34 56928 58345 511
35 58595 60012 606
36 60262 61679 478
37 61929 63346 437
38 63596 65013 625
39 65263 66680 599
40 66930 68347 506
41 68597 70014 581
42 70264 71681 552
43 71931 73348 617
44 73598 75015 457
45 75265 76682 533
46 76932 78349 443
47 78599 80016 594
48 80266 81683 558
49 81933 83350 569
50 83600 85017 613
51 85267 86684 558
52 86934 88351 495
53 88601 90018 440
54 90268 91685 474
55 91935 93352 451
56 93602 95019 473
57 95269 96686 433
58 96936 98353 595
59 98603 100020 461
857 events for 0
148 64
315 0
351 60
418 0
770 64
869 0
1196 64
1560 60
1775 60
1937 60
1942 0
2174 64
2300 60
2363 0
2423 64
2546 0
2566 64
2661 60
2736 0
2909 60
3118 0
3361 60
3406 64
3412 64
3733 60
3763 0
3792 60
3842 0
4058 60
4116 0
4127 60
4365 0
4464 64
4470 0
4532 60
4632 60
4860 60
4932 0
4934 64
5357 0
5374 60
5388 64
5525 0
5591 64
5758 64
5937 0
5984 60
6279 64
6421 60
6426 0
6442 64
6511 0
6582 60
6615 0
6795 60
6840 60
7026 60
7323 64
7330 64
7344 0
7455 64
7456 0
7522 64
7542 0
7624 60
7641 0
8011 60
8112 0
8139 60
8254 60
8280 64
8495 0
8527 60
8864 0
9074 64
9302 0
9438 60
9801 0
9820 64
10003 0
10123 60
10154 64
10184 0
10272 64
10516 0
10521 60
10837 0
10888 64
11185 0
11378 64
11615 64
11918 0
11950 64
11969 0
12044 60
12109 0
12165 64
12197 0
12206 64
12314 0
12526 64
13073 60
13259 64
13337 0
13468 64
13588 0
13900 60
13920 64
14028 60
14239 0
14301 64
14544 0
14634 60
14639 0
14944 60
14989 0
15018 60
15667 60
15684 0
15849 60
15912 0
16073 60
16329 0
16699 64
16721 0
16787 64
16898 0
16949 64
17098 0
17111 64
17189 0
17275 60
17373 60
17499 0
17724 60
17813 0
17974 64
18001 60
18032 0
18139 64
18168 0
18272 64
18291 0
18466 60
18491 0
18762 64
18772 0
18927 64
19050 60
19159 0
19644 64
19810 64
19972 0
20071 60
20117 64
20245 0
20433 60
20494 60
20786 0
21244 64
21284 60
21356 60
21429 64
21444 64
21552 0
21583 60
21944 60
22220 0
22539 60
22669 0
22756 64
23291 0
23384 64
23463 0
23685 60
24015 0
24195 64
24349 60
24858 0
24889 64
24911 0
24981 60
24993 0
25011 64
25148 0
25487 60
25552 0
25606 64
25621 0
25704 64
25733 60
25757 64
25969 0
26026 60
26044 0
26154 64
26308 60
26309 0
26327 64
26482 60
26483 0
26497 60
26527 0
26550 60
26579 0
26776 64
26921 0
26930 60
26934 0
27000 64
27002 0
27061 60
27209 0
27218 60
27507 0
27526 64
27576 60
27594 0
27670 64
27747 0
27867 60
27901 0
28143 60
28154 0
28353 60
28366 0
28564 64
28635 0
28674 60
28771 64
28853 64
28978 60
29057 64
29161 0
29198 60
29300 0
29340 60
29499 60
29655 60
29720 0
29763 60
29817 0
29904 64
30062 64
30105 0
30239 60
30458 64
30723 0
30874 64
30953 64
31050 64
31053 60
31552 64
31651 0
31681 64
31692 0
31828 64
32144 0
32213 64
32328 0
32425 64
32467 0
32535 64
32589 0
32810 60
32845 0
33158 60
33226 60
33269 0
33281 60
33449 60
33992 0
34037 60
34220 0
34472 60
34962 64
35250 0
35262 60
35276 0
35341 60
35404 0
35433 64
35626 0
35990 60
36321 0
36572 64
36581 64
36653 0
36698 60
36813 64
36977 60
37062 0
37137 60
37334 0
37464 60
37491 60
37558 0
37720 60
37779 0
37934 64
37995 0
38137 60
38443 0
38643 60
38652 64
38653 0
38656 60
38732 0
38894 60
39172 0
39265 64
39307 64
39330 60
39548 0
39643 64
39665 0
39947 60
40190 0
40252 60
40335 60
40369 0
40632 60
40642 0
40766 64
40859 0
40884 64
40899 0
40947 60
41022 60
41183 0
41282 60
41510 0
41812 60
41871 0
41872 64
41874 0
42061 64
42095 0
42208 64
42267 0
42269 64
42384 0
42402 64
42525 60
42636 64
42850 0
42862 64
42903 0
43086 64
43218 64
43309 0
43452 64
43506 0
43722 64
44191 0
44365 60
44650 0
44665 60
44681 64
44718 0
44731 64
44807 0
44856 60
44951 0
45112 64
45181 64
45267 64
45293 0
45340 60
45388 0
45452 64
45488 0
45558 60
45559 0
45622 60
45793 0
46222 60
46354 0
46628 60
46650 0
46739 60
46987 0
47179 60
47761 0
47817 60
47843 60
47895 64
48043 64
48145 0
48238 64
48282 0
48298 64
48333 0
48382 60
48465 64
48526 0
48530 64
48541 0
48579 60
48605 64
48873 0
48926 64
48993 0
49020 64
49233 60
49374 60
49443 60
49611 60
49733 60
49824 0
49890 60
50049 0
50125 60
50132 64
50146 0
50179 60
50353 60
50362 0
50417 60
50701 0
50705 60
50827 0
50947 64
50977 0
50989 60
51248 0
51254 64
51276 64
51414 0
51516 60
51568 0
51658 64
51737 64
51751 0
51908 64
52071 0
52087 64
52437 0
52844 60
52948 60
53071 60
53283 0
53317 60
53408 0
53450 64
53640 0
53715 60
53937 64
53995 0
54056 60
54169 0
54172 60
54265 64
54687 64
54688 0
54808 64
54922 0
55628 64
55782 0
55862 64
55930 64
56168 0
56303 60
56333 60
56385 0
56488 64
56564 0
56622 64
56733 0
56777 60
56961 60
56984 64
56997 0
57024 60
57046 60
57286 0
57296 60
57308 0
58099 60
58148 0
58313 64
58584 0
59254 60
59435 64
59458 64
59587 0
59694 64
59730 0
59753 60
59759 0
59950 64
60045 64
60151 0
60168 60
60185 60
60538 0
60598 60
60727 0
60881 60
61035 0
61161 60
61264 0
61354 64
61448 60
61672 60
61743 64
61764 64
62516 0
62866 60
62907 0
63021 60
63082 60
63101 0
63235 64
63252 0
63261 60
63262 0
63346 60
63440 0
63801 64
63804 0
63835 64
63989 0
64030 64
64221 60
64224 60
64492 64
64608 60
64625 0
64714 60
64884 0
65173 64
65192 0
65222 60
65242 0
65363 64
65386 0
65487 64
65536 0
65537 60
65642 0
65698 64
65771 0
65796 60
66126 64
66132 64
66353 64
66446 0
66647 64
66682 0
66778 60
66894 0
67023 60
67140 0
67285 60
67394 0
67629 60
67943 0
67953 64
68333 0
68392 64
68687 0
68886 64
69099 64
69339 60
69467 0
69515 64
69517 60
69578 64
69640 60
69764 60
69925 64
70023 0
70159 60
70334 0
70403 64
70503 0
70589 60
70596 0
70607 64
70641 0
70650 64
70679 0
70728 64
71043 0
71048 60
71212 0
71548 60
71846 0
71875 60
71890 0
72007 64
72037 64
72175 0
72393 60
72418 0
72641 64
72666 0
72813 64
72903 0
72919 60
73011 0
73124 60
73209 0
73219 64
73644 0
73826 64
74040 60
74114 0
74226 64
74283 0
74504 64
74563 0
74771 60
74784 64
74918 0
75260 60
75389 0
75513 60
75554 0
75561 64
75755 64
75775 0
75894 64
76027 0
76045 64
76069 60
76171 0
76271 64
76357 0
76643 60
76795 0
76847 64
77056 0
77110 64
77136 0
77231 60
77327 0
77422 64
77474 60
77483 60
77520 60
77581 0
77591 60
77593 0
77609 64
77728 0
77754 64
77763 0
77834 60
77900 64
77955 0
78032 64
78147 0
78296 60
78317 60
78372 60
78509 0
78523 60
78649 0
78690 64
78734 0
78936 60
78940 0
78942 64
78945 64
79043 0
79286 64
79530 60
79572 0
79655 60
79878 0
80008 64
80143 0
80152 64
80179 64
80305 64
80320 0
80436 64
80508 60
80549 0
80572 64
80817 0
80889 60
80939 0
80985 60
81046 64
81141 64
81146 60
81217 0
81327 60
81439 0
81515 64
81691 60
81716 0
81727 60
81758 0
81767 60
81786 0
81821 60
81999 0
82024 60
82166 0
82271 60
82551 60
82593 0
82712 60
82764 0
82797 64
82821 60
82827 0
82956 60
83239 0
83404 64
83539 64
83574 0
83690 64
83773 64
83777 0
83824 60
83863 0
84399 60
84637 0
84641 64
84853 0
85062 60
85072 60
85108 0
85136 60
85322 0
85337 64
85383 0
85433 60
85540 0
85734 64
85755 64
85968 0
86214 64
86340 60
86366 60
86523 60
86665 0
86978 60
86990 0
87273 64
87346 0
87369 64
87387 0
87442 60
87484 0
87496 64
87500 0
87521 60
87609 64
87781 0
88309 60
88379 0
88456 60
88581 0
88668 64
88708 0
89150 60
89208 0
89217 64
89229 0
89431 60
89515 0
89607 64
89709 64
89749 0
89835 60
89978 0
90066 60
90402 60
91090 0
91266 60
91352 0
91465 60
91746 0
91869 60
92148 0
92388 64
92430 0
92532 64
92670 0
92721 60
92787 0
92964 60
93236 64
93267 64
93321 0
93359 60
93450 0
93556 64
93654 0
93664 60
93704 0
93886 60
94197 60
94221 0
94293 64
94318 0
94401 60
94463 0
94534 60
94586 0
94706 60
94733 0
94829 64
94971 0
94994 60
95057 60
95068 0
95129 64
95400 0
95423 64
95629 0
95658 60
95706 60
95784 0
95855 60
95872 0
96147 64
96359 0
96425 60
96435 64
96581 0
96754 64
96769 60
96774 0
96777 60
96781 0
96888 64
97564 0
97669 60
97747 0
97818 64
97886 64
98006 0
98063 64
98182 0
98244 64
98291 0
98345 60
98519 64
98613 0
98786 60
98798 0
98861 64
98937 0
99056 60
99417 0
99528 60
99599 64
99700 0
99882 60
99935 0
579 events for 1
336 11
446 0
564 14
635 0
773 12
776 13
1582 0
1771 12
2127 13
2135 0
2429 11
2822 0
3202 14
3501 13
3539 0
3955 13
4272 13
4367 0
4725 13
5003 0
5621 11
5694 0
5752 14
5893 14
6029 0
6071 11
6309 0
6342 11
6451 0
6684 11
6948 0
7096 12
7328 11
7565 14
7664 0
7672 11
7742 0
7795 14
7996 11
8046 0
8226 14
8419 0
8714 13
9059 0
9107 13
9309 13
9372 11
9498 12
9544 14
9610 11
9734 0
10108 11
10263 14
11130 14
11188 12
11255 0
11514 11
12171 0
12253 14
12425 0
13441 11
13449 0
13574 13
13579 0
13773 11
13921 0
14082 12
14138 14
14183 11
14377 0
14423 13
14526 0
15673 13
15801 12
16300 14
16329 0
16458 14
16480 13
16490 0
16639 12
16742 0
16795 14
16797 0
17051 11
17097 0
17554 13
18050 0
18129 12
18321 0
18518 13
18519 13
18769 11
18788 0
18815 14
18909 0
19128 14
19172 0
19224 13
19352 0
19647 14
20028 0
20288 14
20373 0
21207 13
21328 12
21365 13
22047 13
22075 0
22184 13
22322 14
22353 0
22616 14
22793 13
22883 0
23095 12
23451 0
23805 14
24066 0
24098 14
24228 0
24424 14
24566 0
24688 11
24798 0
24914 11
24979 11
25983 11
26292 0
26431 12
26509 11
26635 0
26677 14
27076 0
27086 11
27184 0
27196 11
27401 14
27635 0
27636 11
27641 0
27780 12
27972 0
28326 14
28537 0
28727 12
28741 0
29079 11
29164 0
29259 13
29314 14
29370 0
29440 13
29883 13
30045 14
30049 11
30099 0
30265 12
30280 14
30487 14
30568 14
30569 0
30570 14
30927 13
31052 11
31135 0
31161 14
31202 11
31223 0
31454 13
31499 0
31515 13
31802 0
32068 13
32119 0
32298 14
32462 0
32752 13
33005 0
33186 13
33212 0
33295 14
33552 0
33750 11
33942 13
33956 0
34053 11
34171 0
34227 11
34401 14
34408 0
34429 12
34492 0
34538 11
34556 13
34895 0
34898 12
35276 0
35285 13
35641 0
35905 14
35975 14
36015 14
36322 14
36346 0
36893 14
37114 0
37220 14
37307 0
37351 11
37420 0
37525 14
37703 0
37811 11
37923 0
38159 14
38235 0
38563 13
38787 0
38820 14
39054 0
39131 12
39466 0
39499 14
39504 13
39736 13
40466 0
40478 13
40482 0
40549 13
40793 0
41417 13
41642 14
41771 11
41933 14
42018 0
42204 11
42293 13
42410 11
42575 12
42610 0
42690 13
42974 0
43122 12
43139 0
43146 12
43175 13
43355 13
43591 0
43605 11
43661 0
43816 11
43924 0
44318 14
44807 0
44810 11
44841 0
45195 14
45224 0
45344 13
45531 0
45706 13
45711 0
45788 13
45990 0
46315 12
46391 0
46468 11
46958 0
46962 11
47061 0
47067 13
47090 14
47491 13
47598 11
47665 0
48210 11
48314 12
48331 0
48428 11
48454 0
48478 14
48606 14
48681 0
48778 13
49325 0
49677 11
50085 0
50087 13
50314 0
50436 13
50920 0
50931 11
51106 0
51116 14
51444 13
51553 14
51594 0
51618 11
51902 11
51937 13
51961 0
52531 14
52567 0
52570 11
52706 0
53022 14
53671 0
53913 12
53965 0
54018 14
54063 14
54092 0
54663 11
54758 0
55084 12
55124 0
55231 13
55272 12
55285 0
56239 14
56412 0
56652 11
56912 11
56924 0
56932 11
57122 14
57317 14
57320 0
57360 13
57912 0
57953 14
57962 0
58236 13
58474 13
58502 0
58605 11
58691 0
58753 11
58839 0
59027 12
59039 14
59835 0
60184 12
60403 11
60523 11
60558 0
60647 11
60718 0
60725 14
60740 0
60929 12
61077 0
61193 11
61303 14
61435 12
61514 0
61565 14
61662 0
62159 11
62186 0
62231 11
62347 0
62401 13
62557 0
62673 13
62749 14
63154 0
63408 14
63681 14
63871 14
63983 0
64052 14
64248 0
64677 13
64686 14
64689 13
65343 0
65401 14
65491 14
65530 14
65658 12
65730 14
65843 0
65860 11
66026 14
66076 0
66351 12
66562 0
66570 13
66874 0
67168 14
67862 0
67960 11
68010 12
68093 0
68327 14
68424 0
68655 14
68753 0
68947 12
68989 14
69108 0
69177 13
69202 0
69397 13
69634 0
69653 11
69962 13
70458 11
70805 0
71192 14
71250 12
71296 14
71455 0
71663 11
72029 0
72163 11
72172 0
72468 12
72640 0
72840 11
72943 0
73009 14
73131 14
73206 11
73551 0
73776 11
73784 0
73796 13
73920 0
74771 11
74852 0
74934 12
75197 14
75237 14
75371 0
75434 11
75564 0
75582 14
75759 13
75775 0
75797 12
75880 11
76031 0
76554 13
76703 14
77126 0
77320 11
77356 0
77437 11
77672 0
77720 11
77860 0
78003 14
78138 0
78838 12
78934 0
79408 11
79525 0
79540 14
79617 11
79698 0
80113 13
80175 0
80194 11
80199 0
80338 12
80409 0
80529 11
80702 14
80774 0
80831 11
81011 0
81126 13
81182 0
81472 13
81642 0
81803 11
82025 11
82097 0
82185 13
82747 0
83103 13
83225 0
83241 14
83318 0
83602 14
83703 13
83792 0
84166 12
84409 0
84870 11
84956 0
85064 13
85385 0
85549 12
85739 0
86129 13
86519 14
86620 0
86814 13
87068 0
87302 12
87439 0
87655 13
87911 0
88291 11
88303 11
88331 0
88367 11
88455 0
88705 12
88720 0
88875 14
88889 0
89157 11
89190 0
89565 13
89935 0
89965 13
90066 0
90115 13
90116 0
90124 11
90130 0
90184 13
90271 0
90535 13
91115 11
91191 11
91605 12
91706 0
91771 13
91884 0
92024 11
92270 0
92445 12
92498 11
92642 0
92883 14
92898 0
92921 11
92961 0
93135 14
93387 13
93640 0
93943 14
94082 14
94194 0
94424 11
94446 0
94859 14
95293 0
95618 14
95678 0
95878 12
96171 0
96181 14
96240 0
96320 11
96738 0
96760 13
96823 11
97041 11
97166 0
97196 14
97204 0
97300 11
97414 0
97498 14
98142 0
98303 11
98673 12
98809 11
98973 0
99210 14
99664 0
99681 13
99954 0
827 events for 2
23 45
27 45
176 45
228 0
300 45
360 45
521 0
640 45
675 0
726 45
958 45
969 0
1189 45
1338 0
1626 45
1693 0
1736 45
1967 45
1986 0
1989 45
2063 0
2149 45
2231 0
2489 45
2525 0
2539 45
2650 45
2680 0
2774 45
2779 0
2784 45
2981 45
3332 0
3334 45
3350 0
3538 45
3602 45
3723 0
3974 45
3975 0
4188 45
4326 0
4349 45
4772 0
5194 45
5196 0
5261 45
5752 0
5766 45
6224 0
6248 45
6254 45
6455 45
6468 45
6470 0
6514 45
6525 45
6556 0
6569 45
6640 0
6765 45
6869 45
6872 0
6911 45
7082 45
7101 45
7166 0
7190 45
7298 0
7385 45
7446 0
7492 45
7546 45
7568 45
7589 0
7682 45
7751 0
7802 45
7873 45
7940 0
8020 45
8119 0
8457 45
8482 0
8641 45
8829 0
8847 45
8943 0
9150 45
9207 45
9282 45
9349 0
9352 45
9372 0
9580 45
9810 0
9897 45
10038 0
10198 45
10276 0
10420 45
10465 0
10516 45
10828 0
10848 45
10920 0
11050 45
11057 45
11069 0
11277 45
11290 45
11325 0
11354 45
11656 0
11957 45
11990 45
12156 45
12268 0
12333 45
12334 0
12431 45
12650 45
12867 45
13005 0
13052 45
13072 0
13172 45
13553 0
13590 45
13592 45
13606 0
13668 45
13869 45
13966 0
14224 45
14300 45
14418 45
14580 0
14698 45
14854 0
15119 45
15635 45
16079 0
16129 45
16213 0
16557 45
16597 0
16800 45
16819 0
17023 45
17033 0
17107 45
17116 0
17177 45
17363 45
17766 0
17793 45
18089 0
18096 45
18288 0
18311 45
18354 0
18423 45
18616 45
18644 45
18803 0
19057 45
19681 0
19764 45
19843 45
19896 0
20084 45
20155 0
20224 45
20315 0
20564 45
20831 0
20944 45
20970 0
21236 45
21273 0
21280 45
21321 0
21668 45
21713 0
21737 45
21795 0
21809 45
21841 0
22009 45
22069 0
22099 45
22159 0
22270 45
22305 45
22364 45
22387 0
22738 45
22800 45
22847 45
22987 0
23038 45
23173 0
23225 45
23540 0
23584 45
23686 0
23721 45
23745 0
23925 45
24062 45
24204 0
24243 45
24308 0
24330 45
24354 0
24572 45
24790 0
24976 45
25040 0
25063 45
25168 0
25173 45
25279 0
25478 45
25563 0
26125 45
26132 45
26804 0
26878 45
26907 0
27197 45
27204 0
27222 45
27356 0
27391 45
27587 0
27619 45
27685 45
27691 0
27981 45
28496 0
28550 45
28612 0
28625 45
28749 0
28934 45
29098 0
29138 45
29371 0
29382 45
29396 45
29554 0
29605 45
29674 0
29902 45
29907 0
29934 45
30011 0
30032 45
30049 0
30129 45
30344 0
30355 45
30370 45
30559 45
30571 0
30629 45
30859 0
31048 45
31086 0
31214 45
31314 0
31382 45
31773 45
31890 0
31937 45
31993 0
32446 45
32491 0
32637 45
32757 0
32836 45
32859 0
32913 45
33043 0
33311 45
33405 0
33663 45
33687 45
33705 0
33785 45
33920 0
34014 45
34137 45
34169 0
34260 45
34331 0
34423 45
34515 0
34700 45
34718 45
34726 0
34828 45
34916 0
35101 45
35218 45
35290 0
35306 45
35307 45
35385 0
35424 45
35447 0
35633 45
35680 0
35721 45
35795 0
35839 45
35865 0
35945 45
36154 0
36208 45
36309 0
36318 45
36453 0
36478 45
36823 45
36857 0
36875 45
37061 45
37132 0
37399 45
37529 0
37571 45
37756 45
37787 45
37905 0
38103 45
38131 0
38132 45
38148 45
38152 0
38181 45
38232 0
38273 45
38310 0
38336 45
38341 0
38388 45
38471 0
38604 45
38612 45
39075 0
39085 45
39216 0
39231 45
39393 0
39419 45
39429 0
39475 45
39567 0
39634 45
39668 0
39882 45
39883 0
40074 45
40136 0
40517 45
40541 0
40695 45
41097 45
41388 0
41417 45
41462 0
41665 45
41925 0
42119 45
42230 45
42347 45
42358 45
42425 0
42564 45
42790 0
42971 45
42980 0
43002 45
43051 45
43103 0
43116 45
43134 0
43285 45
43405 0
43563 45
43659 45
43664 45
43678 0
43803 45
43807 45
43900 0
44223 45
44226 0
44460 45
44619 0
44994 45
45029 0
45228 45
45461 0
45513 45
45538 0
45632 45
45902 0
45996 45
46115 0
46775 45
47020 0
47079 45
47128 0
47210 45
47242 45
47322 45
47338 0
47377 45
47503 0
47506 45
47610 45
47681 0
47885 45
47901 45
48392 45
48582 0
49146 45
49155 0
49166 45
49190 0
49215 45
49378 45
49556 0
49745 45
49836 45
49993 0
50099 45
50276 0
50539 45
50639 0
50658 45
50688 45
50746 0
50832 45
51110 45
51409 45
51466 0
51572 45
51599 45
51738 0
51917 45
52020 45
52036 0
52301 45
52661 45
52820 0
52867 45
53120 0
53174 45
53188 0
53207 45
53850 0
53879 45
53900 0
53921 45
54197 0
54204 45
54234 0
54315 45
54325 0
54384 45
54401 45
54746 0
54950 45
55052 0
55122 45
55243 45
55328 45
55401 0
55508 45
55534 0
55772 45
55830 45
56203 0
56548 45
56622 0
56627 45
56821 0
57032 45
57094 0
57124 45
57212 0
57244 45
57340 0
57474 45
57513 0
57580 45
57983 0
58235 45
58517 0
58889 45
58992 0
59023 45
59100 0
59214 45
59280 0
59333 45
59346 0
59444 45
59451 0
59801 45
59830 0
59930 45
60105 0
60130 45
60152 45
60218 0
60587 45
60629 45
60650 45
60768 0
61383 45
61500 0
61615 45
61668 0
61681 45
61785 45
61858 0
62016 45
62087 45
62144 45
62210 0
62672 45
62913 0
63330 45
63434 0
63500 45
63644 0
63695 45
63843 0
64018 45
64057 45
64325 0
64368 45
64449 0
64515 45
64532 45
64603 45
64618 45
64790 0
64792 45
64806 0
64854 45
64874 0
64907 45
65075 45
65311 45
65682 0
65730 45
65748 45
65845 45
65991 45
66005 0
66011 45
66116 0
66523 45
66733 45
66812 0
66926 45
67064 0
67065 45
67171 45
67207 0
67252 45
67443 0
67571 45
67677 45
67841 0
67973 45
68156 45
68197 0
68286 45
68686 0
68692 45
68899 45
69166 0
69174 45
69181 0
69366 45
69440 0
69510 45
69753 45
69885 0
69905 45
70159 0
70440 45
70636 0
70725 45
70751 0
70810 45
70975 0
71040 45
71060 0
72066 45
72110 45
72333 0
72446 45
72569 0
72634 45
72774 0
72990 45
73127 0
73281 45
73486 45
73537 0
73550 45
73743 45
73830 0
73845 45
73922 45
74056 0
74135 45
74360 0
74507 45
74694 0
74765 45
74876 0
74924 45
75258 45
75293 0
75573 45
75851 45
75899 0
76003 45
76099 0
76133 45
76233 0
76356 45
76425 45
76515 0
76590 45
76654 0
76993 45
77033 45
77204 0
77217 45
77260 0
77271 45
77416 0
77476 45
77560 45
77635 45
77670 0
77742 45
77895 0
78130 45
78181 45
78236 0
78322 45
78787 0
78851 45
79079 45
79195 45
79311 0
79449 45
79791 0
79826 45
79914 45
79963 45
79983 0
80202 45
80226 0
80280 45
80322 0
80495 45
80586 0
80716 45
80808 0
80900 45
80952 45
80972 0
81006 45
81188 45
81232 0
81317 45
81467 0
81490 45
81795 0
81827 45
82486 0
82557 45
82649 45
82935 0
83111 45
83250 0
83549 45
83698 45
83786 0
83847 45
83885 0
84474 45
84627 0
84653 45
84756 45
84859 0
85012 45
85022 0
85144 45
85225 0
85297 45
85746 45
85758 0
85867 45
85912 0
85950 45
86124 0
86189 45
86542 45
86567 45
86623 0
86648 45
87149 0
87284 45
87305 0
87308 45
87346 45
87399 0
87553 45
87812 0
88049 45
88082 0
88137 45
88215 0
88879 45
89190 0
89359 45
89549 0
89588 45
89620 0
89961 45
90378 0
90381 45
90588 0
90915 45
90985 0
91020 45
91045 45
91108 0
91157 45
91190 0
91454 45
91483 0
91653 45
91914 45
92006 0
92032 45
92218 0
92268 45
92402 0
92461 45
92513 0
92629 45
92849 0
92941 45
93145 0
93191 45
93390 0
93482 45
93731 0
94020 45
94208 0
94270 45
94311 0
94370 45
94411 0
94457 45
94465 0
94560 45
94650 45
94713 45
94771 45
94974 45
95132 0
95268 45
95272 45
95339 0
95695 45
95775 0
95837 45
95941 0
95960 45
95965 45
96228 0
96291 45
96401 45
96446 0
96460 45
96474 0
96695 45
96711 0
97237 45
97256 0
97285 45
97558 45
97678 45
97744 0
97995 45
98086 0
98125 45
98149 0
98150 45
98308 0
98553 45
98669 45
98807 45
98829 0
98997 45
99007 0
99056 45
99280 45
99418 45
99801 0
99886 45
193 events for 3
1173 47
1787 0
1925 52
2047 0
2339 47
2652 0
2694 47
3447 58
3907 0
4582 58
4728 49
4764 0
5363 67
5393 0
6294 68
6904 61
7419 0
7474 52
7977 0
8281 54
8356 0
9371 47
10961 67
12712 0
12879 68
12915 0
12983 47
13116 0
14432 67
14916 0
15210 67
15467 61
15591 0
16591 61
17019 0
17138 58
17417 47
18379 67
18503 49
18639 0
20142 49
20368 0
20594 68
21115 54
21599 0
22419 61
23473 0
23662 47
24136 52
24190 0
24395 49
24803 0
24958 58
27663 47
27977 0
28408 47
28931 0
29518 47
30152 68
30528 0
30646 47
31075 0
32621 68
34001 0
34049 54
34315 0
34474 47
34808 58
34866 47
34959 0
35145 47
35392 47
37155 0
38141 58
38303 49
38922 67
39452 0
39630 52
39998 47
41928 0
42370 49
45065 47
45305 0
45628 61
46493 0
46882 47
47229 0
47855 49
48400 58
48632 58
49157 67
49350 67
50142 0
50574 58
50944 0
51282 52
51877 0
52055 61
52815 0
52844 47
53123 0
53419 68
53481 52
54246 0
54292 47
55063 0
55257 47
55785 54
57493 47
57572 47
58876 47
58939 0
59261 67
59706 0
59937 68
60468 0
60825 58
60902 0
60938 47
60992 0
61073 52
61288 68
61317 0
61546 49
61547 0
62663 47
63610 58
63850 0
64117 52
64850 0
64878 47
66361 0
66385 61
66435 0
66464 58
67337 61
67535 0
68079 47
68121 68
68661 0
68979 52
69648 0
70516 68
71593 0
72489 49
73455 0
75511 58
75602 0
75727 61
76429 0
76764 52
77086 0
77996 47
80366 0
83204 58
84539 61
85663 0
85812 61
86201 0
86316 58
86702 0
86793 47
86916 0
87494 52
87678 0
88036 49
88173 0
88322 52
89352 0
89400 49
89402 0
90424 67
91406 61
91539 0
91601 47
91604 0
92606 68
93131 0
94029 47
94093 0
94114 68
94246 0
94398 52
94647 0
94740 49
94970 68
95268 47
96380 47
96497 58
96506 0
96567 58
96921 68
99557 0
381 events for 4
113 70
124 70
230 0
370 70
735 0
767 57
834 0
1187 70
1414 0
1489 61
1655 61
1862 0
2560 70
2699 0
2929 57
2984 0
3131 57
3231 0
3305 70
3384 0
3442 61
3550 0
3561 61
3833 0
3922 70
4120 0
4182 61
4202 0
4244 61
4549 0
4659 70
4689 0
4973 70
6490 0
6765 70
7008 0
7197 57
7674 0
7748 70
7984 0
8438 57
8777 0
9012 70
9162 0
9181 70
9770 0
9980 57
10013 70
10115 0
10197 57
11380 57
11673 0
11741 61
11811 0
11995 57
12060 0
12071 61
12077 0
12079 70
12119 0
12411 70
12586 57
12942 0
13090 61
13312 0
13653 61
14385 0
14476 61
14787 0
14968 57
15511 0
15515 70
15718 0
15805 70
15909 0
16458 70
17000 57
17546 0
17603 61
17623 0
17781 61
17819 0
18200 57
18523 0
18560 61
18711 0
18748 70
19764 57
19971 0
20225 70
20244 70
20923 0
20977 61
21298 0
21330 70
21620 0
22039 61
22207 0
22268 61
22399 70
22475 0
22602 61
23627 57
23673 61
24903 0
25081 61
25166 0
25360 70
25734 0
26796 57
26895 0
26940 61
27054 0
27714 61
27734 0
28134 61
28177 0
28352 70
28753 0
29397 57
30173 0
30233 57
30251 70
30368 0
30585 70
31296 70
31320 0
31853 61
32030 0
32491 57
33102 0
33651 57
33785 0
34228 61
34552 0
34838 61
35158 0
35512 61
35548 57
35644 0
36268 70
36451 0
36852 57
36853 0
36888 61
36991 0
37262 61
38029 0
38051 70
38294 0
38324 57
39164 0
39452 61
40001 0
40029 61
40215 0
40217 57
40385 0
40971 70
41191 0
42049 70
42321 0
43030 57
43047 0
43312 57
43684 0
43978 61
44602 0
44638 70
44674 70
44704 0
44715 70
44800 0
45599 57
45899 0
46108 57
46412 0
46755 57
47001 0
47092 57
47224 70
47339 0
47929 70
47970 0
47988 61
48204 0
48615 61
48884 57
49500 0
49893 70
50158 70
50595 0
50824 70
50985 0
50989 61
51024 0
51527 61
51582 0
52215 61
52831 0
53064 57
53071 70
53267 0
53457 57
53488 0
53526 57
53643 0
53818 61
53976 57
54101 0
54293 57
54301 0
54593 61
54904 0
55109 57
55274 57
55468 0
55670 70
55967 57
55998 70
56163 70
56373 0
56484 61
56903 61
56942 70
57208 70
57855 0
58592 70
59009 0
59501 61
59625 0
59759 70
59806 0
60378 70
60509 0
60654 70
60909 0
60911 70
61062 70
61090 0
61361 70
61412 0
62851 61
63053 0
63270 57
63500 70
63513 61
64309 61
64588 0
64799 61
65048 70
65120 0
65125 70
65134 0
65497 70
65604 0
66196 57
66197 0
67279 61
67362 0
67740 70
67820 0
68336 61
68339 61
68575 0
68937 61
69084 0
69101 70
69406 61
69447 0
69670 61
69757 0
69899 57
69971 0
70648 57
71453 57
71550 57
71592 0
71734 61
71820 0
71826 70
72713 70
73365 0
73472 61
73748 0
74215 57
74241 0
74281 57
74433 0
74611 57
74816 61
74959 70
75444 0
75715 57
75796 0
76357 61
76814 0
77576 61
77627 0
78358 57
78751 0
78916 57
78946 0
79432 61
79461 0
79820 61
79991 57
80072 0
80174 61
80429 0
80607 57
80615 57
80930 0
80954 57
81379 0
81825 61
81904 57
82089 61
82142 0
82428 61
82692 0
83824 61
84394 0
84403 70
84446 70
85013 61
85331 0
86055 61
86420 0
86833 57
87156 0
87501 61
87770 0
88942 61
88964 0
89239 61
89392 0
89645 70
90725 0
90849 61
90945 70
91197 57
91839 0
91951 57
92095 0
92114 57
92908 0
93011 61
93324 0
93377 70
93452 0
93908 57
93913 57
94061 0
94211 61
94610 61
94904 0
95016 70
95259 0
95321 70
95633 0
95641 70
95650 0
96170 70
96406 61
96452 0
96859 57
96964 0
97207 57
97427 0
97500 61
97870 0
98241 57
98313 0
98524 57
98998 0
99355 57
99578 0
99722 70
99727 0
99858 57
496 events for 5
331 48
400 0
536 56
626 0
659 57
804 0
948 35
1104 0
1527 36
1572 0
1871 57
2001 0
2736 56
2870 0
2924 57
2934 0
3019 35
3108 0
3320 35
3376 0
3845 36
3885 61
3944 0
4040 48
4084 44
4199 0
4230 61
4709 0
4712 61
4745 0
4799 44
4938 0
4949 48
4999 0
5004 36
5101 0
5451 44
6019 0
6090 36
6118 0
6140 36
6307 61
6366 61
6444 0
6698 48
6988 0
7219 35
7450 0
7456 44
7577 0
7709 35
8430 61
8461 0
9059 57
9367 0
9620 48
9940 0
10478 57
11008 0
11142 57
12014 0
12072 57
12662 0
12689 35
13066 0
13166 35
13297 0
13397 56
13541 0
13578 56
13783 0
13896 48
14142 56
14441 0
14486 35
15050 0
15171 48
15300 0
15381 44
15567 0
15589 48
15727 0
16017 35
16056 44
16203 0
16320 35
16364 0
16587 48
17461 0
17632 36
17855 36
18178 0
18210 44
18419 0
18479 61
18710 0
18716 35
18720 0
18874 57
18883 0
18955 44
18958 0
18972 44
18979 57
19010 0
19455 61
19486 0
19531 36
19619 0
20024 48
20354 0
20419 36
20651 0
20845 36
20925 0
21305 35
21325 56
21522 0
21628 44
21914 48
22771 0
22789 44
23035 57
23145 36
23216 48
23347 61
23355 0
23671 57
23783 0
23807 61
23811 0
23938 44
24046 0
24786 57
24962 36
25255 56
25441 0
25727 56
25875 0
25982 36
26178 0
26278 56
26581 0
26595 57
27177 0
27386 61
27466 0
27970 61
27995 0
28040 57
28133 44
28182 0
28374 48
28500 0
28513 61
29086 0
29270 56
29289 0
29652 44
29840 0
29854 36
30297 0
30346 57
30368 0
30463 56
30896 0
31147 57
31462 0
31465 36
31599 57
31805 0
31845 36
31952 36
32637 0
32726 61
32763 0
33152 57
33252 48
33353 35
33355 0
33513 44
33536 0
33571 35
33998 0
34313 48
34476 0
34524 56
34542 0
34749 48
34774 0
34995 48
35207 0
35345 57
35646 48
35831 61
36033 0
36073 61
36396 0
36420 61
36825 0
37028 48
37303 0
37327 61
37623 57
37729 0
38088 48
38201 0
38266 36
38581 56
38760 0
38834 56
39123 0
39230 57
39705 48
39865 48
40422 48
40556 35
40927 0
41100 48
41140 48
41625 0
41755 35
42008 0
42257 35
42973 57
43118 0
43257 35
43328 0
43611 56
43896 0
43924 61
43957 61
43978 0
44553 36
44727 0
44904 61
44927 0
45106 44
45382 61
45557 35
45825 0
45877 57
46388 0
46615 61
47100 0
47193 48
47270 0
47349 35
47476 0
47986 44
48196 0
48517 35
48744 0
48978 48
49020 36
49637 0
49998 48
50156 0
50199 35
50277 0
50288 57
50335 0
50361 57
50404 48
50753 0
50846 61
51343 61
51385 0
51423 57
51506 0
51654 48
51785 0
52005 36
52602 0
53198 44
53323 61
53565 0
54065 48
54279 0
54285 48
54662 0
54710 35
54746 0
54844 56
55157 0
55240 61
55259 44
55388 0
55483 35
55513 0
55633 57
55857 0
55938 48
56367 48
56516 0
56865 35
57569 0
58237 48
58403 44
58513 0
58559 48
58615 0
58764 57
58805 0
58890 48
59399 0
59504 36
59630 44
59890 0
60190 44
60292 0
61060 48
61191 0
61271 35
61598 0
61752 48
62100 0
62128 48
62256 0
62676 61
62712 48
62731 0
62732 36
63215 0
63296 61
63715 0
63818 57
64017 0
64143 61
64223 0
64411 48
64446 0
64465 61
64561 48
64820 0
64976 44
65113 0
65176 48
65286 0
65490 44
65669 0
65690 48
65757 0
65960 48
66142 0
66743 48
66976 36
67395 0
67492 36
67894 0
68129 48
68317 56
68526 0
68723 36
68835 0
68890 48
69271 48
69354 0
69401 57
69432 0
69521 61
69619 61
69793 0
69827 36
69838 0
69844 44
69943 0
70078 48
70125 0
70179 48
70222 0
70301 61
70655 0
70806 48
71798 56
71875 0
72204 44
72292 0
72939 36
73845 0
74082 35
74092 48
74120 0
74174 61
74794 0
75661 57
76448 0
76659 56
76770 0
77062 35
77185 48
77326 0
77717 36
77751 48
78150 57
78265 0
78299 44
78368 0
78485 35
78497 35
78841 56
78892 0
79059 61
79131 36
79323 35
79442 36
79847 0
80101 35
80290 0
80476 36
80794 0
80932 56
81321 0
81368 48
81564 48
81954 44
82275 0
82465 44
82520 0
82593 56
82637 48
82725 0
82729 48
82942 0
83083 44
83264 48
83557 0
84641 36
84684 0
84706 56
84751 0
84803 44
85043 0
85321 48
86019 61
86244 0
86374 48
86476 0
86553 61
86662 0
86877 56
86888 0
86971 56
87232 36
87289 0
87957 36
88359 0
88970 57
89298 36
89432 48
89508 0
89634 35
89890 0
89918 44
90183 44
90213 0
90274 35
90427 0
90956 44
91376 61
91400 0
92021 56
92315 56
92328 0
92359 36
92413 56
92778 0
92801 57
93456 0
93458 35
93593 36
93855 57
94095 0
94464 36
94712 0
94995 56
95197 56
95215 0
95354 48
96111 36
96184 0
96386 61
96870 0
96919 36
97536 0
97783 36
97938 48
98098 0
98443 56
98904 0
99019 35
99184 0
99205 56
99691 0
99802 57
99965 35
903 events for 6
39 36
175 0
189 34
265 26
266 36
374 26
409 24
440 0
515 36
577 0
745 47
782 33
1030 36
1179 0
1272 26
1394 0
1526 24
1700 0
1727 36
1988 33
2112 0
2137 26
2203 36
2400 0
2550 33
2935 0
3122 34
3242 0
3277 24
3352 0
3506 34
3597 0
3664 26
3901 0
4029 47
4243 24
4336 24
4496 0
4607 47
4786 0
5027 24
5034 33
5045 0
5231 47
5454 0
5533 34
5692 24
5713 0
6001 26
6074 36
6099 0
6118 24
6153 0
6213 47
6301 0
6334 36
6640 33
6727 36
6795 34
6899 0
7194 26
7225 26
7259 0
7368 26
7578 0
7609 47
7767 0
7861 24
8014 34
8025 24
8327 0
8345 24
8474 33
8642 47
8668 0
8669 34
8806 24
8834 0
8920 24
8924 0
9065 34
9311 0
9377 47
9529 0
9687 34
9733 0
9746 34
9879 47
10001 0
10024 36
10090 47
10094 0
10111 36
10399 36
10414 33
10521 26
10565 0
10702 34
10755 0
11029 26
11201 0
11228 24
11232 36
11257 0
11271 36
11534 0
11740 26
11741 0
11860 24
11900 26
12062 0
12344 24
12454 26
12520 0
12571 34
12728 0
12739 26
12864 0
12923 24
12924 33
12947 0
13018 47
13272 33
13347 0
13507 36
13543 0
13568 24
13687 33
13776 0
13787 33
14005 0
14122 34
14277 0
14302 33
14339 26
14370 0
14448 24
14490 33
14512 0
14520 33
14871 0
15086 47
15468 0
15568 47
15659 0
15722 24
15948 0
15973 33
16121 0
16135 24
16217 0
16480 26
16586 0
16606 36
16747 47
16820 0
16849 24
16855 26
16858 0
17088 34
17146 0
17163 47
17168 0
17257 36
17273 0
17314 47
17329 26
17613 0
17648 47
17990 0
18124 36
18144 0
18210 36
18264 0
18436 26
18579 0
18758 47
18760 0
18995 36
19468 0
19533 24
19737 0
19820 24
19852 0
19917 47
20155 33
20293 0
20317 33
20355 36
20389 0
20484 47
20668 26
20788 0
20799 26
20939 0
21015 34
21084 26
21114 47
21260 26
21760 0
21804 34
21877 0
22059 24
22090 33
22095 0
22219 33
22573 26
22667 0
22697 36
22826 0
22870 36
22890 36
22975 0
22996 33
23112 0
23121 24
23125 0
23153 47
23444 0
23530 26
23875 36
24030 24
24598 0
24762 47
24790 0
24893 36
25049 0
25349 36
25359 24
25383 0
25446 36
25868 33
25877 47
25885 0
25930 24
25983 0
25987 34
25989 0
26031 47
26114 0
26204 24
26266 36
26274 26
26354 0
26422 36
26513 0
26570 34
26696 0
26697 24
26727 0
26896 34
27016 0
27238 26
27253 0
27291 34
27307 0
27327 24
27637 0
27719 26
27749 26
28045 36
28096 47
28162 0
28248 26
28469 0
28545 34
28611 0
28673 33
28758 33
28769 0
29067 26
29268 33
29389 0
29395 33
29521 34
29592 0
29685 26
29796 34
29809 0
29989 34
30059 0
30088 34
30120 0
30448 47
30517 26
30524 0
30528 36
30732 36
30877 0
31005 47
31029 0
31041 47
31043 0
31051 26
31151 0
31211 47
31374 0
31491 26
31649 33
31762 26
31928 0
32003 47
32195 26
32198 36
32238 0
32390 34
32514 0
32534 36
32637 0
32870 34
33004 0
33101 47
33171 47
33373 0
33769 26
33852 0
33872 26
34043 36
34061 0
34102 47
34301 26
34471 0
34473 33
34537 0
34639 24
34861 24
34938 0
35075 47
35240 0
35384 36
35536 34
35600 36
35609 26
35649 0
35678 26
35726 0
36154 33
36374 0
36615 36
36666 0
36697 26
36776 0
37036 47
37473 0
37513 34
37569 36
37647 47
37793 0
37931 33
38172 0
38363 34
38388 0
38802 36
38822 0
38824 34
38850 0
38887 33
38902 36
38998 0
39116 33
39157 0
39361 36
39373 36
39433 0
39445 33
39516 0
39595 24
39666 0
39674 33
39844 26
39937 0
40004 34
40215 0
40305 33
40489 36
40499 0
41049 47
41198 0
41230 36
41242 0
41280 33
41292 0
41317 26
41462 34
41635 0
41826 34
41883 36
41959 0
42067 34
42071 0
42103 47
42186 0
42496 33
42573 47
42627 47
42645 0
42765 34
42793 0
42950 26
43075 0
43200 33
43244 33
43452 0
43665 26
43675 0
43730 34
43907 0
43982 26
44119 0
44266 36
44293 0
44360 33
44444 0
44508 33
44557 26
44645 24
44704 0
44849 34
44894 47
44907 0
45126 34
45299 0
45341 34
45467 0
45579 24
45644 0
45669 26
45779 0
45791 33
45967 36
46140 0
46212 47
46291 0
46645 47
46830 0
46855 36
47053 0
47138 34
47189 36
47981 0
48043 36
48192 0
48430 34
48637 0
48901 33
49033 24
49071 0
49180 26
49271 0
49368 47
49373 0
49428 33
49677 0
49821 47
49828 0
49901 36
50015 0
50033 33
50181 0
50305 26
50386 26
50518 0
50519 26
50567 0
50679 34
50699 34
50840 0
50941 36
51058 0
51183 26
51196 24
51311 33
51323 0
51421 24
51635 33
51727 0
51747 36
51834 33
51914 33
51943 0
52148 34
52174 0
52361 33
52459 24
52475 0
52542 33
52748 0
52774 34
52921 47
52922 36
53144 24
53764 24
54011 0
54073 26
54238 0
54358 47
54603 24
54644 0
54664 34
54758 0
54850 24
54882 0
54997 33
55053 0
55173 47
55203 0
55249 26
55337 0
55512 24
55687 0
55867 36
55879 0
55884 36
56026 26
56051 0
56137 36
56177 0
56216 26
56224 0
56335 34
56418 34
56532 0
56795 26
56857 0
56896 36
56983 34
56984 26
57030 0
57050 34
57098 0
57331 24
57540 0
57760 26
57768 24
57785 0
57848 33
57868 0
57876 33
57901 0
58253 47
58512 47
58534 0
58560 36
58619 24
58827 0
58919 24
59123 0
59166 34
59275 0
59591 34
59797 0
59917 47
60191 33
60427 0
60696 24
60884 0
60887 47
60888 0
61129 36
61248 36
61375 0
61460 36
61461 0
61463 26
61534 24
61777 0
61812 34
61906 0
62138 26
62255 0
62301 33
62317 34
62419 0
62457 34
62607 36
62669 0
62685 24
62774 0
62893 47
62922 24
63047 0
63150 26
63257 0
63395 34
63429 0
63661 47
63846 0
64177 47
64180 0
64346 24
64432 36
64453 36
64494 0
64997 33
65112 0
65307 36
65368 33
65373 0
65587 33
65628 0
65719 47
65774 0
65797 47
65873 33
65876 0
66020 26
66082 0
66105 33
66124 0
66131 34
66165 47
66231 0
66289 33
66320 24
66327 0
66400 24
66531 0
66669 26
66962 0
67157 34
67187 0
67438 33
67481 0
67574 26
67631 0
67668 24
67868 0
67978 36
68124 0
68143 34
68173 33
68426 0
68597 47
68647 0
68671 34
68688 33
68812 0
68836 24
68842 24
68872 0
68913 33
68915 0
68916 26
69089 0
69107 47
69135 0
69261 26
69348 34
69506 0
69574 26
69643 0
69788 47
69789 0
70065 47
70068 0
70394 33
70527 0
70628 26
70850 0
70911 36
71059 34
71479 0
71533 36
71724 34
71785 0
71802 26
72663 0
72806 34
72975 0
72977 26
73101 0
73394 34
73563 0
73636 33
73639 0
73773 33
73908 0
74057 36
74149 0
74215 34
74330 0
74467 33
74724 0
74774 33
74847 0
74993 36
74995 0
75283 24
75318 0
75516 36
75623 36
75640 0
75694 36
75722 0
75730 33
75857 0
75863 34
76148 0
76231 36
76455 0
76665 36
76940 0
77001 47
77222 36
77280 24
77360 0
77511 36
77514 0
77642 24
77927 0
78011 33
78098 0
78148 36
78180 0
78276 47
78386 34
78465 0
78517 34
78868 0
78913 33
79053 34
79250 47
79273 26
79277 0
79361 47
79815 0
79893 26
80033 0
80078 24
80242 24
80283 0
80323 24
80544 26
80580 24
80587 0
80764 26
80949 0
81056 26
81320 0
81441 24
81485 0
81655 26
81680 0
82064 47
82220 0
82357 33
82416 0
82429 36
82441 0
82701 24
82786 0
82938 24
82952 0
82983 24
83110 0
83122 26
83204 0
83242 33
83621 0
83757 34
84105 0
84174 33
84221 0
84249 26
84270 33
84273 0
84404 24
84440 47
84444 33
84510 33
84554 0
84588 33
84740 0
84767 26
84931 0
85044 24
85132 0
85269 36
85355 0
85424 24
85485 0
85553 26
85686 0
85886 34
85937 0
85995 36
86165 34
86168 0
86176 34
86252 0
86516 47
86528 36
86648 0
86741 24
86768 24
86851 0
86904 26
86955 0
87253 34
87324 0
87370 33
87373 34
87404 0
87409 33
87451 0
87650 36
87669 33
87765 24
87882 0
87998 24
88483 34
88515 0
88658 47
88683 0
89008 34
89343 34
89606 33
89692 0
89799 34
89800 0
89804 33
89942 0
90050 26
90142 0
90165 26
90181 0
90319 26
90574 24
90598 0
90644 34
90662 0
90897 33
90933 0
91016 47
91172 33
91339 0
91418 34
91598 33
91745 33
91987 0
92005 34
92340 0
92354 24
92466 0
92767 36
92826 0
92889 24
93185 0
93397 47
93467 0
93838 36
93884 0
93946 34
93994 47
94038 26
94401 0
94513 24
94573 0
94738 24
94962 0
95006 34
95171 34
95247 0
95327 33
95412 0
95439 47
95599 0
95839 36
95866 0
95904 47
96378 0
96483 34
96541 26
96582 0
96597 36
97045 0
97138 47
97253 0
97549 24
97764 0
97862 26
97898 0
98003 47
98061 0
98145 36
98247 0
98284 47
98289 0
98478 36
98627 0
98680 36
98703 0
98798 26
98816 0
98985 36
99037 0
99262 34
99269 0
99496 26
99576 26
99653 0
99857 47
99922 24
129 events for 7
1055 81
1427 82
2858 68
3875 0
4137 82
4544 70
4656 0
4820 86
5236 0
6458 82
6797 68
6933 0
7604 86
8834 81
10612 81
11937 0
13255 86
13895 86
14372 0
14686 82
14921 0
15282 81
17681 81
19688 0
19996 82
20110 0
23475 81
25033 0
25810 82
25840 86
26203 0
26776 68
26812 0
27043 86
27330 0
27339 81
27408 0
28209 81
28494 81
28789 0
30454 86
30747 0
32480 82
33339 70
33986 0
34527 68
34920 86
35171 0
35303 81
36652 0
38402 70
38695 0
40638 68
41535 0
42970 86
43373 0
44715 68
45776 81
45816 0
45919 68
47392 0
47494 70
48789 0
48980 82
49262 81
49662 82
51396 0
51564 70
51660 68
51725 0
52062 82
53658 0
53853 82
54093 0
54226 70
54371 70
55098 0
56082 68
56757 0
57148 81
57564 0
58322 81
59039 0
60344 81
61293 0
61522 68
62061 0
62132 70
62818 70
63102 0
63573 86
65687 68
67259 0
67931 68
68042 0
69959 82
71210 68
72163 81
72842 0
73948 68
74027 0
79078 81
79100 0
79691 82
80447 0
81456 68
83855 0
84576 82
85365 0
85750 86
86728 82
87992 0
88800 70
89682 86
92328 0
92386 81
93362 0
93933 81
94026 0
94902 82
95509 68
96369 0
96673 82
97083 0
97463 68
97636 0
97908 68
98310 0
99640 82
555 events for 8
189 34
256 0
615 16
883 0
1230 16
1236 0
1275 47
1409 0
1787 47
1818 0
1979 41
2250 0
2254 34
2486 0
2575 16
2826 0
2927 47
3432 34
3641 0
4035 34
4045 0
4096 34
4875 0
5252 47
5320 0
5367 31
5432 0
5493 16
5632 0
5705 34
6043 0
6097 16
6306 0
6379 16
6420 0
6823 34
6965 0
7068 16
7321 0
7344 31
7457 0
7531 31
7635 0
7641 47
8074 0
8085 31
8253 0
8415 34
8723 0
8794 41
9076 41
9326 16
9515 41
9531 0
9646 16
9971 0
10293 34
10705 0
10755 16
10871 0
11010 47
11821 31
11943 31
12200 0
12453 41
12486 0
12491 41
12914 0
13031 16
13217 41
13479 0
13570 16
13901 0
14164 47
14350 0
14377 16
14451 0
14736 31
14877 0
15263 47
16458 0
16551 41
17008 0
17099 16
17222 0
17260 34
17445 0
17462 41
17509 0
17675 34
17932 0
17989 34
17994 0
18045 41
18175 0
18308 34
18459 0
18601 41
18844 0
19011 34
19177 31
19561 0
19600 41
19687 0
20132 47
20305 0
20330 41
20406 41
20434 0
20462 47
20502 0
20563 47
20577 0
21248 41
21412 0
21721 41
21987 0
22206 31
22361 0
22379 16
22496 16
22727 0
22843 47
22858 31
23057 31
23058 16
23110 0
23139 47
23236 0
23266 34
23437 34
23637 0
23751 47
24510 0
24589 41
24639 31
24805 0
24925 16
24955 34
25110 0
25210 31
25223 0
25405 16
25672 0
25858 34
26269 16
26647 0
26897 47
26975 41
27018 0
27041 16
27167 0
27178 47
27626 0
27849 34
27851 0
27856 47
27907 0
28149 34
28184 47
28321 0
28423 34
28744 47
28888 0
29026 16
29134 0
29365 47
29483 0
29552 41
29661 0
29688 34
29813 16
29840 0
29884 31
30163 0
30327 16
30331 34
30356 0
30374 31
31055 0
31273 31
31489 34
31780 16
32325 41
32394 0
32671 41
32734 0
32818 47
32847 0
33234 16
33434 47
33443 47
33448 0
33718 47
33835 0
33921 47
33998 0
34091 47
34187 0
34343 34
34346 41
34436 0
35050 34
35304 0
35362 47
35375 0
35754 41
35866 0
36172 47
36336 0
36409 31
36432 47
36643 0
36927 41
37374 0
37620 16
37675 16
37998 0
38047 41
38217 41
38389 0
38454 47
38571 16
38746 0
38916 34
39124 16
39208 0
39274 31
39422 0
39463 16
39509 16
39520 41
39586 34
39593 0
39622 47
39835 34
40005 0
40058 41
40169 0
40180 47
41002 31
41146 0
41212 31
41292 0
41659 34
41690 0
41736 16
41802 0
41886 31
42138 0
42235 41
42361 0
42549 31
42604 0
42735 47
43025 0
44502 34
44717 0
44750 16
45472 0
45513 34
45669 0
45867 41
45975 47
46110 0
46142 47
46150 31
46396 0
46480 31
46578 0
46665 47
46863 0
46948 16
47358 0
47431 31
47525 0
47627 16
47719 0
47914 34
48207 0
48384 34
48433 0
48435 34
48460 0
48462 41
48633 34
48756 0
49220 47
49266 0
49329 31
49546 0
49650 16
49830 0
50082 47
50453 41
50511 0
50922 34
51027 47
51046 0
51129 16
51259 41
51492 31
51539 34
51556 0
51768 41
51896 16
52000 0
52404 16
52508 0
52818 47
53043 0
53125 31
53126 16
53208 0
53267 34
53646 41
53659 0
53695 31
53716 0
53813 47
54184 41
54407 31
54467 0
54641 47
54793 0
54854 16
54889 0
55108 16
55319 0
55481 31
55621 0
55824 34
55931 0
56407 41
56568 0
56852 41
56866 0
56951 47
57005 0
57037 47
57239 16
57300 0
57498 41
57536 0
57893 41
58345 41
58523 0
58606 34
58852 34
58858 47
58904 0
58982 34
59157 47
59425 0
59581 16
59933 0
60028 31
60478 0
60812 34
60967 31
61049 16
61091 0
61339 16
61516 0
61715 31
61774 0
62094 31
62194 0
62668 47
62766 34
62926 0
62951 34
63346 34
63374 0
63574 41
63681 34
63751 31
64058 0
64582 31
64782 0
64844 41
64911 0
65279 41
65280 16
65281 0
65294 41
65387 0
65701 47
66187 0
66315 41
66505 0
67176 41
67354 0
67975 41
68364 0
68393 16
68900 0
68961 34
68973 0
69081 31
69308 0
69540 16
69968 0
70156 34
70753 16
70768 0
70782 16
70868 16
71277 0
71335 47
71467 0
71734 31
71799 0
71867 34
72062 34
72242 47
72270 41
72309 0
72415 47
72699 0
72769 41
72876 0
72888 41
72995 0
73066 41
73368 34
73458 0
74030 41
74325 31
74639 0
75366 41
75446 47
75518 0
75545 41
75695 47
76408 0
77126 34
77355 0
77381 47
77436 0
78512 34
78514 47
78536 0
78552 16
78576 34
78736 0
78763 31
78808 0
79179 41
79445 0
79559 34
79763 0
79802 47
80027 0
80463 47
80793 0
81104 34
81334 31
81633 0
81638 34
81903 0
82144 47
82151 0
82193 31
82216 0
82427 41
82897 0
82926 16
83122 0
83124 47
83279 0
83281 16
83461 34
83492 31
84027 0
84210 41
84327 31
84368 47
84423 0
84499 16
84669 0
85070 31
85711 0
86115 34
86391 0
86592 47
86608 0
86647 34
86735 16
87130 34
87873 0
87997 16
88148 47
88205 0
88469 47
88519 0
88648 41
88775 31
89001 47
89006 0
89091 16
89158 16
89219 0
89373 41
89401 0
89955 41
89982 0
90577 41
90609 0
91084 41
91110 0
91342 16
91444 0
91554 31
91602 0
91916 41
91970 0
92297 41
92298 0
92429 31
92539 47
92938 0
93153 41
93305 0
93439 16
93445 41
93514 0
93526 47
93610 0
93775 34
93816 0
94109 31
94236 34
94336 0
94388 47
94669 31
94869 16
94933 0
95146 34
95247 41
95753 0
95851 31
96408 0
96419 31
96645 0
96693 31
97992 0
98071 31
98149 0
98301 41
98531 47
98594 0
98636 16
98771 34
99369 0
989 events for 9
4 42
214 53
236 47
298 44
372 0
497 47
558 0
595 41
603 53
631 0
782 53
816 0
844 47
1174 42
1369 0
1380 47
1481 0
1513 42
1585 0
1642 53
1908 0
1993 44
2083 38
2124 0
2162 41
2402 0
2461 38
2722 47
3051 53
3280 0
3310 44
3357 0
3462 45
3553 38
3663 44
3704 44
3849 45
3900 47
3927 0
4003 44
4098 0
4133 38
4372 0
4461 41
4516 0
4588 44
4605 38
4617 45
4675 0
4801 42
5044 53
5273 0
5588 41
5599 0
5611 42
5751 0
5923 45
6315 0
6453 53
6758 0
6976 45
7000 0
7192 53
7356 45
7369 41
7465 0
7722 44
7800 47
7824 0
7873 44
7957 0
8051 45
8072 0
8205 45
8304 0
8448 47
8566 0
8598 42
8664 0
8698 42
8787 0
8803 38
8813 45
8920 0
9000 53
9110 0
9355 41
9433 0
9470 41
9733 42
9747 0
9760 38
9777 0
9825 38
10007 44
10135 0
10561 53
10773 0
10873 38
10910 0
10934 53
11160 53
11248 0
11263 42
11291 0
11297 38
11402 44
11445 38
11767 42
11865 53
11878 0
12020 45
12112 0
12118 53
12155 0
12828 45
12865 38
12882 0
13082 38
13135 0
13139 41
13377 45
13384 0
13641 44
13647 45
13712 53
13773 38
14010 0
14228 47
14236 53
14266 0
14273 41
14397 0
14436 41
14456 0
14498 53
14501 42
14581 41
14656 45
14770 0
14874 38
14900 45
14912 0
15058 53
15108 0
15457 45
15743 45
15766 47
15821 0
15897 53
16157 44
16200 0
16257 45
16263 44
16799 41
17009 47
17030 0
17084 41
17163 0
17204 53
17332 0
17550 47
17560 0
17691 53
17802 0
17807 45
17843 0
17885 44
17977 0
17979 53
18154 0
18229 44
18379 53
18383 53
18387 0
18498 44
18578 0
18816 47
18958 0
19083 42
19208 0
19350 42
19441 0
19536 41
19681 0
19687 44
19821 0
19892 42
20296 47
20509 0
20561 47
20567 0
20639 47
20712 0
20724 42
20771 0
20924 38
20966 0
20999 47
21085 0
21114 38
21186 0
21316 47
21365 38
21420 0
21467 47
21537 0
21623 38
21759 53
21783 0
22238 47
22400 38
22441 41
22562 0
22736 38
22919 0
23030 44
23076 0
23098 44
23111 0
23372 38
23626 0
23632 53
23717 47
23825 0
23955 38
24147 44
24149 0
24194 42
24198 0
24255 42
24493 47
24590 0
24605 47
24610 0
24738 41
24770 44
24795 0
24885 42
24904 0
24971 45
25018 0
25294 41
25505 0
25531 42
25654 0
25683 53
25755 0
25808 45
25837 44
25866 47
25869 38
25940 0
25972 38
26009 0
26046 38
26191 47
26253 41
26262 0
26331 41
26549 0
26601 41
26661 45
26903 45
26915 47
26978 0
27217 45
27221 53
27232 0
27263 53
27325 0
27484 42
27506 0
27683 38
27775 0
27976 42
27984 41
28002 53
28071 0
28271 44
28381 47
28425 0
28481 53
28562 0
28585 41
28704 45
28735 53
28889 0
28903 41
28908 0
28971 47
29041 0
29158 41
29203 0
29370 38
29566 38
29581 42
29740 0
29778 44
29854 0
30011 41
30256 0
30597 45
30612 0
30797 44
30847 0
30870 53
31066 0
31097 41
31120 0
31242 47
31280 0
31461 45
31628 0
31692 41
31731 0
31913 53
31979 45
32018 0
32101 41
32225 0
32446 41
32448 0
32477 44
32558 0
32614 44
32823 45
32838 0
32870 53
33069 0
33099 47
33111 0
33191 53
33250 0
33340 53
33621 0
33646 44
33850 0
33886 44
33894 0
33930 38
34035 0
34047 38
34053 0
34360 44
34526 47
34677 0
34841 53
35017 0
35097 38
35155 0
35394 44
35479 44
35514 0
35889 45
35913 0
35952 42
36030 0
36143 53
36179 47
36313 41
36314 0
36326 41
36415 0
36462 41
36490 0
36599 42
36746 38
36871 47
36894 0
37107 47
37147 0
37250 41
37595 42
37707 0
37722 47
37809 0
37882 47
38148 0
38418 53
38519 44
38522 0
38572 41
38605 0
38744 44
39042 47
39179 44
39216 53
39265 0
39511 44
39617 0
39699 44
39702 0
39721 41
39753 0
39822 41
39824 0
39848 38
39900 45
39962 0
40032 45
40332 0
40348 42
40483 0
40489 44
40662 0
40809 53
40889 0
40899 45
40931 0
40955 38
41154 0
41156 44
41278 0
41349 42
41391 0
41394 47
41566 0
41701 42
41741 0
41742 47
41992 0
42026 45
42094 0
42385 47
42504 44
42590 53
42655 0
42807 42
42884 0
43094 47
43259 0
43448 41
43581 44
43662 0
43744 38
44098 0
44125 45
44217 0
44284 45
44443 53
44500 0
44507 47
44526 0
44545 42
44547 0
44551 53
44710 0
44950 41
45043 41
45176 0
45204 38
45223 0
45314 41
45359 0
45425 41
45644 0
45674 53
45676 0
45739 44
45790 0
45823 53
45858 0
45938 47
45993 0
46000 53
46114 0
46149 45
46263 45
46525 0
47052 47
47084 38
47307 0
47325 38
47370 0
47800 53
47858 0
47946 42
48213 0
48288 42
48666 0
48897 53
49302 0
49462 53
49655 38
49762 0
49821 44
49833 0
49871 45
49908 0
49919 44
50052 0
50080 42
50116 0
50134 45
50145 0
50268 53
50288 0
50323 44
50681 0
50855 45
50878 0
51158 45
51214 44
51237 0
51349 38
51521 0
51638 38
51759 0
51773 38
51848 0
51938 44
51948 41
51967 0
52287 47
52359 41
52399 0
52461 53
52477 45
52521 53
52721 0
53003 41
53013 47
53042 0
53114 44
53242 0
53258 53
53447 38
53556 47
53594 0
53597 41
54042 0
54301 45
54362 0
54486 47
54834 0
54863 44
54873 44
55311 0
55391 42
55498 47
55763 47
55831 0
55965 47
56308 0
56480 42
56557 38
56777 0
56847 53
56964 0
57003 45
57200 0
57268 45
57332 0
57412 44
57452 0
57599 44
57708 0
57733 41
57809 0
58152 38
58195 0
58223 53
58553 0
58642 42
58689 0
58717 44
58732 0
59030 45
59109 0
59144 44
59176 0
59261 45
59496 0
59592 53
59640 41
59716 0
59738 41
59976 0
60076 41
60245 45
60386 0
60391 53
60559 0
60576 42
60583 0
60630 47
60636 0
60709 41
60726 47
60747 0
60753 53
60780 0
60781 45
60941 0
60957 53
60963 42
60999 41
61004 0
61087 38
61108 0
61153 42
61361 44
61537 0
61597 41
61657 0
61685 42
61696 0
61880 44
61895 0
62087 41
62088 44
62091 53
62167 53
62191 45
62310 0
62356 47
62370 0
62445 42
62580 0
62605 42
62624 53
62734 0
62745 44
63064 53
63097 47
63173 0
63253 42
63325 0
63441 38
63514 0
63575 47
63781 45
63876 0
63910 53
63958 53
64119 0
64221 53
64383 47
64629 0
64636 53
64664 44
64672 0
64946 42
65011 0
65723 38
65796 0
65820 45
66107 0
66139 44
66290 0
66596 47
66634 0
66774 38
67110 0
67161 53
67396 0
67468 47
67599 0
67652 41
67829 0
67933 42
67981 45
68076 0
68195 42
68325 45
68350 45
68380 0
68387 41
68510 0
68884 45
68887 0
68910 53
68916 0
69046 38
69099 0
69158 45
69206 0
69281 45
69326 45
69729 45
69743 0
69750 38
69975 0
70011 53
70172 0
70243 42
70332 0
70395 47
70532 0
70722 44
70725 41
70726 0
70728 53
70742 0
70766 44
70809 45
71003 38
71055 44
71143 0
71340 38
71580 0
71847 44
71860 47
71876 0
71902 47
72013 0
72124 53
72166 0
72352 47
72382 0
72454 47
72525 0
72742 44
72747 0
72759 41
72831 0
72913 38
73069 42
73198 0
73255 47
73285 0
73511 45
73512 38
73530 0
73582 44
73589 0
73675 42
73801 53
74010 0
74045 41
74234 0
74314 44
74428 0
74665 45
75089 0
75108 42
75229 0
75231 47
75296 38
75319 47
75369 0
75549 41
75573 0
75704 53
75895 0
75955 41
76005 0
76051 47
76098 45
76449 42
76628 0
76879 42
76892 0
77097 38
77102 0
77135 38
77138 42
77284 38
77301 0
77310 47
77314 38
77483 45
77556 0
77677 42
77752 42
77846 0
78112 45
78272 0
78375 42
78376 0
78502 53
78532 0
78612 38
78719 0
78835 47
78859 0
78884 47
78888 45
78913 0
79071 38
79073 0
79104 41
79179 44
79252 0
79256 47
79262 0
79355 42
79548 0
79581 38
79585 53
79638 42
79665 0
79835 42
80141 0
80260 53
80444 0
80472 45
80511 47
80660 47
80704 45
80805 47
80874 0
80876 53
80991 0
81074 44
81409 0
81582 45
81660 0
81663 38
81785 0
81821 53
81846 0
81856 42
81877 0
82194 38
82235 41
82249 53
82356 0
82736 44
82833 42
83144 47
83263 0
83303 44
83426 41
83617 0
83683 53
83783 0
83931 53
84048 0
84205 38
84223 0
84419 45
84425 53
84462 44
84480 38
84620 0
84963 45
84984 0
85023 44
85068 0
85129 45
85175 47
85295 0
85376 53
85377 0
85389 38
85440 45
85508 38
85516 44
85583 0
85729 41
85807 0
85841 53
85979 0
86207 45
86231 47
86367 0
86405 41
86407 0
86434 45
86561 47
86888 0
87012 41
87137 38
87491 0
87532 38
87548 0
87703 41
87760 0
88008 44
88180 53
88367 0
88435 42
88476 47
88545 41
88564 0
88689 42
88836 0
88858 44
89221 0
89269 41
89286 0
89300 47
89327 0
89667 42
89697 0
89722 42
89828 53
89936 0
90223 47
90282 0
90289 45
90459 41
90549 0
90782 41
91008 0
91026 41
91515 0
91679 45
91790 0
91803 41
91900 42
91904 0
92177 41
92184 0
92245 42
92402 0
92407 45
92439 0
92604 41
92643 0
92742 41
92789 0
92849 44
92933 47
92954 41
93097 0
93152 41
93324 0
93376 41
93482 53
93519 47
93912 0
94137 53
94262 0
94266 53
94287 41
94456 0
94552 47
94586 0
94889 38
94992 0
95002 45
95086 47
95188 0
95209 47
95258 0
95327 45
95338 0
95361 42
95429 0
95469 53
95549 45
95671 42
95729 0
95808 38
95898 38
96195 47
96229 38
96265 0
96374 53
96421 0
96463 42
96465 0
96541 45
96647 0
96728 41
96805 0
96989 42
97065 0
97348 38
97350 0
97355 42
97360 0
97554 47
97594 0
97644 44
97648 0
97803 45
97958 0
98074 53
98178 0
98285 45
98316 0
98461 42
98533 0
98596 45
98896 53
98935 0
98941 44
99083 0
99124 47
99268 0
99354 45
99463 0
99538 41
99880 0
99929 45
931 events for 10
38 21
147 0
229 26
691 0
881 34
968 0
1105 26
1336 0
1452 26
1539 26
1540 34
1594 21
1845 0
2013 34
2053 26
2166 0
2243 34
2419 26
2813 0
2865 34
2937 21
3163 0
3308 26
3375 0
3607 26
3725 0
3787 34
3865 0
3922 34
4200 0
4251 26
4309 0
4329 34
4407 0
4446 26
4526 0
4664 34
4787 34
5034 21
5053 0
5100 26
5148 0
5164 26
5187 0
5191 34
5217 0
5344 34
5551 0
5606 34
5927 0
6158 21
6171 0
6271 26
6315 26
6451 0
6467 26
6476 0
6484 26
6531 0
6605 26
6731 0
6805 26
6854 0
6877 21
6886 21
7169 0
7174 34
7292 0
7629 26
7753 0
7816 34
8295 26
8325 0
8420 34
8462 0
8467 21
8547 0
8585 26
8629 0
8908 26
8965 0
9345 26
9613 0
9729 34
9804 0
10132 21
10221 0
10226 34
10358 0
10391 21
10619 0
10745 21
10954 0
11061 26
11421 0
11580 26
11636 0
11680 34
11707 21
11843 0
11875 26
12043 0
12066 21
12150 26
12180 34
12334 0
12339 26
12401 0
12476 21
12519 0
12534 26
12570 0
12588 34
12815 0
13002 34
13152 34
13161 0
13203 26
13243 0
13307 21
13346 0
13368 21
13508 0
13511 34
13544 26
13635 34
13675 0
13997 26
14116 0
14121 21
14225 0
14260 21
14333 34
14478 0
14502 26
14523 21
14548 0
14710 26
14918 26
14928 0
14954 26
15169 34
15197 26
15203 0
15303 21
15360 0
15383 21
15883 0
16059 26
16078 0
16168 26
16265 0
16704 34
17005 0
17008 34
17062 0
17220 21
17332 0
17481 21
17666 0
17737 26
17753 0
17759 21
17901 0
17921 26
17937 34
17941 0
18023 26
18028 21
18304 0
18318 26
18334 0
18388 34
18517 0
18540 26
18580 0
18651 34
18687 21
18880 0
19110 26
19347 0
19369 34
19470 0
19478 21
19501 0
19661 26
19719 0
19889 34
20232 0
20245 21
20345 34
20561 21
20649 0
20678 21
20883 34
20910 0
20960 34
20964 0
21096 34
21100 0
21146 21
21183 0
21254 21
21289 26
21311 0
21461 26
21532 21
21849 26
21903 21
21981 21
22059 0
22158 26
22221 34
22338 0
22454 26
22549 0
22601 34
22649 21
22716 0
22837 34
22989 0
23072 34
23097 21
23246 0
23516 21
23537 0
23706 26
23743 0
23746 34
23894 0
23945 21
24115 0
24287 34
24479 0
24664 34
24734 21
24948 0
24950 26
25006 0
25172 21
25182 0
25350 34
25702 21
25721 0
25742 21
25771 0
25789 21
25828 0
25846 21
26061 0
26062 21
26066 0
26076 26
26154 21
26447 0
26547 26
26583 0
26611 21
26627 21
26724 26
27027 34
27179 0
27273 34
27342 0
27708 26
27771 0
27852 26
27896 0
28064 26
28068 0
28084 26
28085 21
28195 0
28242 34
28289 21
28503 0
28534 26
28600 0
28675 26
28759 0
28929 21
29213 34
29262 0
29343 21
29361 0
29439 21
29620 21
29635 0
29931 26
29961 0
30105 34
30163 0
30248 34
30388 0
30521 26
30554 26
30604 0
30687 21
30707 0
30810 34
31085 21
31158 21
31236 0
31282 26
31311 0
31318 21
31421 34
31597 0
31682 34
31724 34
31800 0
31832 21
31869 0
31967 26
32117 0
32149 34
32163 0
32197 34
32316 0
32468 21
32537 0
32602 26
32676 0
32750 26
32827 0
32917 21
33147 21
33252 0
33546 26
33901 0
33915 21
34179 21
34248 0
34328 34
34962 0
34988 21
35275 0
35428 34
35557 0
35747 21
35825 0
35888 21
36119 0
36192 26
36239 0
36255 26
36280 0
36323 26
36404 21
36405 0
36464 34
36581 21
36600 0
36613 34
36652 0
37126 21
37163 0
37179 21
37258 21
37280 26
37323 0
37342 26
37443 0
37494 21
37518 0
37581 26
37608 21
37722 26
37749 0
37755 34
37832 26
37874 0
38010 26
38312 0
38427 26
38467 0
38603 21
38750 0
38799 21
38803 0
39017 21
39525 26
39529 0
39649 34
39709 0
39755 34
40188 0
40280 34
40290 26
40293 0
40362 21
40515 0
40540 26
40565 0
40597 21
40599 21
40600 0
40655 21
40679 0
41039 34
41168 26
41182 0
41213 26
41222 0
41371 21
41401 0
41561 21
41564 0
41724 21
42175 26
42310 0
42438 34
43073 0
43087 21
43405 0
43643 21
43938 34
43997 0
44170 26
44204 0
44237 21
44308 0
44355 26
44397 0
44401 34
44504 0
44902 34
44961 0
45127 26
45390 26
45397 21
45475 0
45723 21
45912 0
46023 21
46257 0
46460 26
46494 0
46523 26
46538 0
46903 34
47042 0
47104 26
47221 0
47233 34
47337 0
47363 21
47379 0
47472 34
47503 0
47582 34
47586 0
47593 26
47632 21
47718 26
47794 0
47825 26
47837 0
47992 34
48010 0
48099 34
48106 0
48248 26
48266 0
48430 34
48517 0
48617 34
48729 0
48751 21
48923 0
48993 26
48996 0
49327 21
49346 0
49503 26
49632 0
49636 34
49654 21
49661 0
49909 26
49988 0
50038 26
50224 21
50435 0
50473 34
50478 0
50481 26
50655 0
51210 34
51430 0
51433 26
51555 34
51768 0
51948 21
52031 0
52040 34
52206 0
52229 21
53150 26
53369 0
53462 26
53841 0
53842 26
53907 0
53909 21
54024 34
54224 0
54263 26
54459 0
54466 26
54476 34
54569 34
54674 0
54687 34
54858 0
55100 26
55117 0
55317 21
55389 0
55407 21
55492 0
55686 21
56022 0
56367 21
56506 21
56517 0
56527 26
56553 34
56592 34
56612 0
56734 26
56952 0
57409 34
57688 0
57744 26
57868 0
57995 21
58028 21
58063 21
58188 26
58208 0
58262 26
58264 0
58274 21
58332 0
58403 21
58413 26
58483 0
59087 34
59101 0
59370 34
59528 0
59561 34
59674 21
59690 0
59768 21
59814 0
59999 26
60520 0
60582 26
60618 26
60627 0
60711 34
60790 0
60799 26
61121 0
61137 21
61180 21
61292 0
61321 26
61418 21
61431 0
61446 34
61572 0
61712 21
62071 0
62338 21
62449 0
62458 21
62574 21
62849 0
62906 34
62924 0
63075 34
63086 0
63122 26
63206 34
63472 0
63474 26
63531 0
63582 21
63726 21
63773 0
63849 21
64031 26
64058 26
64328 26
64432 0
64449 21
64484 0
64509 34
64674 34
64913 0
64928 34
65031 0
65055 34
65070 0
65256 34
65485 0
65678 21
65816 0
65985 34
66042 0
66081 34
66151 0
66222 21
66305 26
66588 0
66655 21
67031 0
67178 26
67238 21
67362 21
67368 0
67603 21
67730 34
67800 0
67834 21
67882 34
67891 0
67961 21
68053 21
68123 26
68198 21
68738 34
68804 0
68924 21
68953 0
69213 21
69264 26
69348 0
69359 21
69362 0
69482 34
69752 0
69954 34
70219 0
70224 34
70288 21
70381 0
70528 26
70676 0
70681 21
70682 21
70940 26
71249 0
71295 21
71417 21
71553 0
71623 21
71849 0
72009 26
72133 0
72205 21
72277 0
72407 34
72481 0
72532 21
72538 0
72672 34
72715 21
72856 0
72966 34
73003 0
73239 26
73307 0
73435 21
73473 26
73479 0
73571 26
73788 0
73828 21
74074 0
74092 34
74215 0
74502 26
74579 0
74710 34
75064 0
75116 21
75196 0
75406 21
75410 0
75430 34
75439 0
75553 34
75593 0
75658 34
75669 21
75701 0
75975 34
76422 0
76635 21
76725 0
76783 34
76983 0
77145 34
77322 0
77397 34
77473 0
77540 26
77568 0
77672 34
77725 0
77843 21
78143 21
78236 0
78303 21
78356 0
78390 26
78515 0
78546 26
78575 21
78794 0
79289 34
79451 34
79568 0
79655 34
79814 21
79920 21
79953 0
80017 34
80072 34
80076 0
80101 21
80180 26
80336 0
80372 21
80741 0
81092 34
81225 21
81252 0
81276 21
81337 34
81401 0
81416 21
81438 0
81458 21
81491 0
81567 34
81655 26
81732 0
82038 34
82046 0
82087 26
82156 26
82284 0
82339 21
82417 0
82526 34
82698 0
82703 21
82838 0
82847 26
82858 21
83076 0
83111 26
83112 0
83156 21
83181 0
83379 21
83668 26
83696 0
83767 21
83802 21
83841 0
83941 34
83973 0
83985 26
84190 0
84210 34
84271 0
84353 26
84557 0
84571 21
84650 0
84914 21
85035 0
85201 34
85208 0
85351 26
85422 0
85571 21
85641 0
85693 21
85850 0
85872 26
86155 0
86177 34
86290 0
86477 21
86507 34
86588 0
86596 21
86648 34
86695 0
86756 26
86758 0
86776 26
86783 0
86944 26
87336 0
87388 26
87466 0
87523 26
87534 21
87545 0
88185 26
88376 0
88484 21
88497 21
88855 0
88907 21
89219 0
89234 34
89336 0
89485 34
89574 0
89758 21
89793 26
89872 21
89918 0
90016 34
90032 0
90070 34
90123 0
90239 34
90581 0
90717 26
90759 34
90812 34
90998 21
91000 0
91005 34
91149 0
91648 21
91721 0
91736 21
91789 21
91942 26
92026 0
92036 26
92130 0
92162 21
92253 0
92309 26
92873 34
92922 0
93007 26
93112 0
93160 26
93214 0
93331 26
93335 0
93482 26
93514 0
93564 34
93614 34
93615 0
93945 26
93970 0
94076 34
94077 21
94464 0
94526 26
94613 0
94650 34
94869 0
94876 26
95418 0
95821 34
95836 0
95947 21
95959 21
95993 0
96056 21
96254 0
96431 26
96458 34
96474 0
96486 26
96494 0
96511 26
96601 0
96660 21
96698 21
96717 21
96801 26
96845 0
96882 26
97057 0
97105 34
97156 26
97334 0
97378 21
97400 0
97425 34
97455 0
97516 26
97531 0
97583 21
97609 0
97832 21
97910 0
97947 21
97972 34
98002 0
98318 21
98329 26
98439 0
98447 21
98483 0
98606 21
98636 21
98725 0
98889 21
99020 0
99023 21
99235 0
99488 26
99751 0
367 events for 11
116 73
506 83
941 56
1530 61
1549 61
1660 0
1899 61
1960 0
2036 62
2319 0
2378 56
2385 63
2689 0
2965 64
2966 0
3489 55
4077 0
4112 63
4267 0
4993 61
5019 0
5115 61
5597 0
5718 62
6528 0
7050 83
7206 0
7260 56
7331 73
7887 0
8412 64
8584 63
8622 61
8901 55
9020 0
9736 64
9842 0
9884 73
10282 0
10725 73
10890 0
10991 73
11583 0
12034 55
12312 0
12313 73
12943 72
12975 72
13290 73
13484 0
13669 61
14255 0
14292 83
14400 0
14639 72
14724 0
14816 63
15367 55
15540 72
15884 0
17177 56
17302 61
17441 0
17470 61
17476 64
17520 0
17702 64
17815 0
17894 61
17994 0
18185 56
18611 0
19132 64
19280 0
19676 64
20156 0
21138 55
21600 0
21686 56
21845 0
22031 61
22187 0
22341 56
22588 61
22600 0
22943 63
23078 73
23153 61
23247 0
23320 64
23823 0
24140 83
24279 56
25089 0
25248 63
25464 0
25529 61
25557 55
25656 0
26228 62
26433 0
26522 72
26609 55
28269 0
28288 55
28457 0
29488 72
29808 0
30073 55
30493 0
31130 61
31515 0
31939 61
32066 62
32118 0
32487 72
33221 72
33385 73
33403 0
33571 62
33642 0
33869 56
34085 55
34402 0
34953 56
34975 0
35260 56
35474 0
35556 64
35925 0
35931 56
36114 56
36925 0
37009 55
37159 0
37223 61
37549 83
37555 55
37731 0
37779 61
38110 0
38286 83
38709 0
38954 61
39196 64
39664 0
40277 63
40962 56
41023 83
41296 72
41570 0
41787 83
42276 0
42870 55
42941 64
42979 0
43104 61
43237 55
43527 72
43697 0
44494 83
44796 0
45152 56
45951 83
46107 0
46418 56
46519 0
47259 64
47296 61
47634 0
48288 83
48757 0
48840 61
50246 56
50434 55
50724 0
51122 62
51129 0
51938 56
52053 0
52111 64
52197 0
52252 61
52360 0
52876 63
53174 0
53288 73
54707 61
54870 61
54899 0
55352 83
55357 0
55746 55
55897 72
55906 0
56153 73
56273 0
57162 64
57512 0
57758 63
57838 83
57973 0
58336 61
58590 0
59106 56
59150 0
60288 73
60539 0
60559 61
60649 0
61149 73
61174 0
61425 56
62351 0
62546 83
62562 61
62926 0
62973 61
63220 0
63988 63
65488 0
65579 72
65710 0
65760 61
66061 0
66209 61
66578 0
66787 83
67185 0
67293 64
67344 61
68056 63
68189 0
68213 72
68370 0
68452 61
68561 0
68678 62
68858 0
68889 63
69123 83
69596 61
69745 0
69999 61
70089 0
70326 64
70384 0
70660 61
70951 0
71136 83
71328 61
71408 0
71420 63
71534 83
71736 64
71814 0
72055 83
72115 0
72223 56
72608 0
72733 56
73017 83
73080 0
73174 56
73483 0
74280 61
74311 72
74314 0
74519 55
74566 64
74567 0
74587 56
74623 0
74725 61
74928 63
74990 0
75107 72
75128 0
75314 56
75753 83
76003 64
76280 0
76680 61
77044 83
77229 0
77721 56
77805 72
77849 0
77940 61
78297 73
78350 73
78901 73
79383 0
79698 62
80256 0
80631 63
81188 0
82166 62
82379 0
82430 73
82451 0
82462 61
82509 0
82846 61
82873 0
83421 83
83463 61
83469 0
83830 62
83936 0
84055 62
84121 73
84607 55
84619 63
84752 0
84931 55
85052 55
85249 0
85399 62
85798 0
86432 73
86696 72
86714 0
86768 61
87175 0
87407 72
88004 0
88044 61
88077 0
88641 72
89072 61
89210 0
90316 62
91000 72
91664 72
92278 0
92556 61
92583 56
92676 0
92753 61
92860 0
93057 72
93441 0
93705 72
93879 0
94102 83
94131 0
94352 56
94453 56
94516 83
95057 0
95070 61
95198 0
95393 62
95593 56
95676 0
95915 61
96041 0
96319 61
96675 83
97526 63
97691 0
97752 62
98133 0
98837 83
99350 0
99633 55
853 events for 12
89 71
95 0
526 70
614 0
641 70
705 0
795 46
897 46
1063 0
1078 50
1206 0
1572 46
1806 50
1845 0
1916 46
2282 0
2303 49
2337 0
2339 71
2376 70
2444 49
2472 49
2552 46
2709 0
2783 49
2799 49
2923 49
3510 0
3642 46
3745 71
3818 0
4024 71
4057 0
4498 49
4524 0
4600 49
4694 0
4946 70
4954 46
5036 0
5049 70
5071 0
5078 50
5345 71
5456 0
5491 46
5794 49
5830 0
5953 46
5993 0
6003 50
6077 49
6243 0
6358 46
6371 0
6382 49
6760 49
6782 0
6950 49
7530 0
7580 50
7655 0
7710 71
7812 0
8074 49
8075 0
8260 50
8276 49
8416 0
8581 49
8912 50
8984 0
9236 46
9291 0
9364 50
9670 0
9706 50
9879 0
10438 71
10527 0
10633 50
10716 49
10834 71
10930 46
11004 0
11134 46
11331 0
11592 49
11618 49
11643 46
11681 46
11754 0
11783 71
11785 0
11836 46
11992 0
12094 49
12171 0
12304 49
12346 0
12836 70
12906 0
12966 50
13014 0
13093 50
13095 46
13172 0
13216 46
13222 0
13369 49
13383 0
13518 46
13639 0
13681 50
13696 0
13941 46
13956 0
14188 50
14197 0
14270 50
14365 0
14399 50
14411 49
14520 0
14815 46
14827 0
14886 71
15198 49
15214 0
15430 46
15470 0
15531 46
15637 0
15901 50
16179 71
16339 0
16529 49
16552 0
16790 70
16974 50
17026 0
17124 49
17221 70
17296 71
17320 50
17397 0
17602 70
17716 70
17903 0
18280 49
18380 0
18491 71
19097 0
19341 49
19645 71
19699 0
19758 50
19856 0
19899 49
20001 0
20042 50
20304 70
20376 0
20620 46
20629 0
20662 71
20765 0
20795 50
20797 0
20875 71
20895 0
21038 49
21126 49
21192 0
21202 46
21302 0
21385 71
21422 50
21479 46
21679 0
21808 71
21832 71
21849 49
22014 50
22550 46
22575 0
22613 46
22641 0
22768 71
22772 70
22910 0
22973 70
23108 0
23160 71
23247 70
23366 0
23875 50
23916 0
23950 49
24412 50
24439 50
24528 0
24623 46
24636 0
24847 49
24907 46
24954 49
25003 0
25186 49
25308 0
25790 71
25823 0
26023 70
26163 0
26433 50
26520 0
26562 46
26635 0
26667 50
26812 0
26892 50
26910 49
26913 0
26926 70
27131 0
27241 71
27399 50
27604 46
27753 71
27755 0
27863 50
27886 0
27941 46
27990 0
28058 50
28109 0
28149 49
28377 49
28438 0
28541 70
28619 0
28821 49
28823 49
28849 0
28897 50
28967 0
29136 49
29142 0
29255 71
29562 0
29939 50
29978 0
30043 50
30180 49
30222 0
30340 49
30440 46
30466 0
30579 71
30767 0
30826 49
30956 50
31170 0
31300 49
31568 0
31606 46
31638 49
31692 49
31721 49
31975 71
32036 71
32580 0
32670 71
32797 0
32954 70
32980 0
33194 70
33339 0
33403 50
33496 0
33533 71
33611 0
33809 46
33970 0
34380 50
34397 0
34443 71
34474 0
34606 70
34966 0
35054 71
35102 0
35321 71
35429 0
35695 50
35790 0
35900 49
36072 0
36218 70
36391 0
36406 70
36410 0
36426 46
36505 0
36527 71
36791 0
36824 71
37144 0
37200 50
37284 71
37308 0
37338 49
37364 0
37388 46
37421 0
37430 50
37560 0
38005 50
38057 70
38193 0
38247 46
38400 0
38465 70
38545 0
38609 50
38612 71
38674 0
38752 46
38793 70
38977 0
39043 70
39267 0
39303 70
39367 0
39545 71
39723 0
39830 70
40110 0
40171 49
40296 46
40472 0
40475 49
40522 0
40632 71
40684 0
40766 49
41306 70
41341 0
41486 70
41495 0
41530 46
41533 0
41562 46
41589 0
41873 70
41893 71
41977 0
41979 71
42017 0
42088 70
42218 0
42234 71
42236 0
42375 49
42411 49
42465 0
42600 71
42636 70
42779 70
42811 0
42830 71
42856 0
42913 49
42980 50
43026 0
43216 70
43291 49
43414 0
43599 49
43635 0
43780 46
44067 0
44219 71
44272 0
44513 50
44635 0
44903 50
44910 71
45016 0
45041 46
45178 0
45261 49
45268 70
45445 0
45690 70
45834 46
46052 71
46094 0
46165 50
46236 0
46275 50
46311 0
46331 70
46457 70
46575 71
46754 0
46873 46
46998 49
47092 0
47315 46
47445 0
47487 70
47489 0
47497 50
47838 49
47945 71
48250 49
48539 0
48543 71
48628 0
48704 71
48752 0
49057 70
49403 0
49568 71
49635 50
49637 49
49741 0
49744 49
49750 0
49873 71
49887 0
49965 70
50056 0
50105 46
50155 0
50249 50
50265 0
50295 50
50467 0
51329 49
51452 0
51672 50
51746 0
51941 71
51990 0
52003 49
52043 49
52093 0
52104 70
52210 0
52440 50
52448 49
52590 0
52824 50
52845 0
52901 70
53070 71
53146 49
53197 0
53280 71
53283 49
53342 0
53484 71
53513 49
53620 0
53817 46
53949 0
54294 70
54302 70
54469 0
54519 49
54526 0
54535 71
54575 0
54584 71
54596 0
55287 46
55340 71
55509 0
55576 50
55658 0
55710 70
55725 46
55829 0
55910 70
55997 46
56041 0
56254 71
56435 0
56437 49
56472 0
56534 46
56617 50
56797 0
56826 71
57103 0
57116 50
57262 0
57462 50
57551 70
57620 0
57653 70
57741 0
57770 70
57842 46
57901 0
58081 71
58110 0
58144 46
58146 71
58645 70
58776 0
58826 71
59076 49
59119 0
59172 46
59299 46
59383 50
59443 49
59450 0
59609 49
59641 49
59801 0
59857 70
59973 71
59995 0
60003 50
60077 0
60383 50
60427 0
60441 70
60533 71
60543 0
60717 49
60765 0
60777 70
60949 0
60968 50
61171 71
61541 0
61571 46
61577 0
61655 49
61688 0
61736 70
61890 0
61954 49
61956 46
62098 0
62290 71
62358 0
62384 49
62430 0
62478 46
62659 0
62768 70
62932 71
62950 0
62975 50
63150 49
63181 0
63309 46
63401 0
63480 71
63610 49
63642 0
63738 49
63755 0
63762 49
63884 71
63986 0
64098 46
64140 0
64179 50
64290 46
64581 46
64635 0
64756 46
64809 46
64864 0
64886 46
65041 70
65172 49
65207 46
65351 0
65713 70
65953 50
66129 0
66166 49
66273 50
66322 0
66415 71
66495 0
66677 70
66965 0
67007 46
67015 0
67083 70
67269 70
67453 70
67772 49
67938 50
68229 71
68483 70
68565 50
68829 46
68945 0
69276 50
69538 0
69593 71
69993 0
70145 70
70705 0
70834 71
70854 0
70918 49
71075 0
71078 49
71096 46
71160 0
71281 50
71471 0
71737 70
71812 0
71918 46
72017 70
72087 0
72121 70
72158 70
72210 50
72278 50
72512 71
72750 0
72779 71
72792 49
73017 0
73019 49
73028 71
73202 0
73521 46
73544 0
73622 70
73788 0
73986 70
74272 0
74317 70
74407 0
74495 50
74542 0
74707 46
75073 70
75079 46
75190 0
75220 49
75225 0
75333 46
75863 46
75948 0
75974 50
75991 0
75994 50
75997 0
76123 49
76166 0
76262 70
76364 0
76489 46
76496 0
76535 71
76819 0
76838 71
76869 0
77174 70
77180 0
77492 71
77697 0
77827 71
77857 0
77858 49
78047 46
78143 0
78187 71
78261 71
78567 0
78725 50
79106 0
79229 71
79334 0
79351 70
79463 0
79997 50
80095 0
80249 46
80400 0
80411 49
80616 70
80637 70
80777 0
80900 71
80999 0
81313 71
81888 0
81971 50
81995 70
82193 46
82206 0
82217 71
82392 0
82488 49
82519 0
82576 71
82781 71
82942 71
83035 70
83087 0
83095 70
83155 0
83371 71
83422 46
83837 0
84396 49
84483 0
84578 46
84715 0
84991 49
85068 70
85105 0
85154 71
85179 0
85208 71
85470 70
85473 46
85493 0
85537 71
85616 71
85660 0
85887 49
85928 0
86009 46
86301 0
86313 50
86459 46
86609 0
86772 71
86787 0
86963 71
87098 0
87149 49
87238 0
87252 71
87378 0
87446 49
87506 0
87639 50
88057 49
88076 0
88159 49
88215 0
88300 70
88308 0
88390 50
88419 71
88596 0
88973 71
89024 0
89070 70
89189 71
89240 0
89275 70
89280 0
89361 49
89502 0
89531 70
89609 0
89652 49
89697 70
89844 49
89919 0
90052 46
90197 0
90295 50
90372 46
90548 0
90619 49
90951 46
91035 0
91058 50
91222 0
91421 49
91663 0
91672 46
91795 0
91869 46
92139 0
92204 71
92277 0
92309 71
92475 71
92525 0
92526 46
92856 0
93000 46
93281 0
93570 49
93785 50
93833 0
93926 70
93985 0
94074 70
94217 0
94282 71
94409 70
94510 0
94568 46
94686 70
94889 0
94893 71
94927 71
95065 0
95121 49
95186 0
95722 49
95826 0
95885 71
95891 50
96266 0
96513 50
96710 0
96787 71
97052 46
97277 49
97310 0
97366 49
97380 0
97403 46
97517 71
97920 0
98091 46
98093 0
98390 50
98676 46
98909 0
98927 50
98934 0
99132 46
99312 46
99450 0
99645 50
99647 46
99681 71
99813 0
99877 71
982 events for 13
80 76
156 0
259 62
630 0
870 48
901 46
976 0
1117 62
1361 0
1463 73
1619 0
1829 73
1862 0
1969 70
2175 0
2458 48
3009 76
3051 0
3068 70
3102 73
3633 0
3652 52
3721 0
3890 52
3968 48
4007 52
4077 0
4183 75
4227 70
4261 0
4294 62
4329 76
4385 0
4446 48
4492 0
4585 52
4649 75
4711 75
4735 75
4855 0
4983 70
5182 45
5243 0
5353 52
5394 0
5414 70
5420 0
5457 62
5559 0
5593 45
5619 62
5733 62
5977 0
6299 76
6566 0
6652 62
6663 52
6766 0
6853 52
6889 0
6954 62
7099 0
7348 75
7566 62
7580 0
7604 76
7657 76
7764 0
7810 52
7872 52
7881 0
7886 52
7953 0
7961 75
7964 70
8031 0
8042 45
8054 73
8115 48
8171 0
8248 45
8268 0
8304 73
8416 52
8753 0
8850 62
8949 0
9028 76
9097 0
9237 45
9268 0
9524 73
9604 0
9724 76
9744 48
9875 0
9970 62
10066 0
10138 45
10266 0
10287 75
10343 48
10363 0
10465 70
10552 0
10561 73
10687 70
10786 0
11167 48
11199 0
11410 62
11461 52
11472 76
11776 0
11848 73
11857 0
12044 45
12057 0
12132 48
12151 0
12180 62
12357 48
12425 0
12598 52
12621 0
12734 70
12884 48
12899 46
12903 0
12907 46
12970 0
13025 75
13067 0
13224 75
13226 0
13242 46
13340 0
13361 45
13457 0
13463 70
13567 62
13662 0
13668 46
13906 0
14265 75
14476 0
14631 52
14695 0
14947 70
15033 0
15064 45
15086 45
15126 0
15313 62
15468 0
15679 75
15765 76
16167 0
16175 46
16204 75
16279 0
16408 70
16591 48
16643 0
16657 46
16689 0
16821 48
16830 0
16924 52
16971 62
17016 70
17096 45
17108 52
17267 48
17472 0
17479 70
17488 0
18075 62
18097 0
18271 46
18400 0
18413 70
18476 0
18729 73
18742 0
18788 73
18960 52
18970 62
19121 0
19149 48
19198 0
19200 45
19212 0
19235 52
19306 62
19338 70
19411 0
19473 76
19514 46
19898 0
19916 73
19926 0
19930 75
20163 0
20512 48
20529 0
20533 75
20794 48
20879 0
20892 70
21064 70
21158 46
21165 46
21244 0
21289 62
21317 0
21353 62
21387 0
21398 62
21694 0
21722 46
21877 0
21881 46
22017 0
22121 52
22172 0
22181 45
22278 0
22353 45
22370 0
22573 48
22964 73
23124 0
23243 75
23384 0
23396 62
23477 0
23611 52
23667 0
23813 76
24106 0
24293 75
24332 75
24610 0
24689 70
24811 73
24816 73
24843 0
24852 75
24989 0
24992 52
24997 70
25226 48
25244 70
25339 46
25537 0
25596 76
25614 0
25809 46
25883 0
25931 52
26153 73
26201 0
26208 46
26215 73
26308 0
26324 46
26374 0
26506 46
26541 0
26764 45
26799 0
27006 70
27029 0
27082 45
27142 0
27144 52
27248 0
27273 75
27442 0
27514 62
27673 0
27730 46
27958 0
28268 75
28349 0
28367 46
28380 0
28463 76
28502 48
28508 62
28579 0
28582 73
29137 0
29169 62
29170 73
29239 52
29283 0
29422 70
29432 46
29450 70
29608 0
29774 46
29850 70
30004 0
30035 70
30166 0
30232 73
30321 0
30325 62
30397 0
30565 48
30878 73
30975 0
30978 76
31032 0
31188 45
31347 0
31389 52
31531 0
31757 62
32268 0
32295 73
32351 0
32435 75
32640 0
32667 48
32737 0
32833 73
32934 0
33073 48
33077 0
33148 62
33171 0
33273 73
33303 0
33389 52
33469 0
33598 75
33692 48
33722 0
33727 46
33856 0
33871 62
33896 46
34286 0
34290 73
34320 0
34331 48
34341 0
34353 75
34497 0
34556 73
34576 75
34900 0
35140 62
35179 0
35244 76
35249 0
35608 52
35615 48
35739 0
35873 76
35881 0
36233 76
36270 0
36518 48
36617 0
36673 62
36690 76
36911 0
36935 70
37096 0
37149 46
37217 0
37229 45
37234 0
37365 45
37386 0
37855 46
37874 0
37998 75
38115 62
38262 0
38764 45
38772 0
38845 73
38991 0
39001 48
39245 0
39268 75
39291 0
39303 62
39399 0
39427 46
39467 45
39759 0
39808 62
39810 0
39980 73
39989 73
40027 70
40050 0
40065 46
40069 70
40070 0
40142 46
40301 0
40391 62
40503 48
40524 46
40584 0
40617 46
40649 0
40664 45
40693 0
40770 48
41109 0
41149 46
41394 70
41801 0
41807 46
41883 73
41884 0
42073 76
42088 48
42111 46
42633 0
42681 45
43001 0
43293 52
43378 52
43394 0
43479 48
43773 0
43819 76
43840 52
43983 76
44096 0
44137 73
44234 0
44390 70
44407 0
44715 48
44754 52
44780 0
44794 48
44888 0
44971 46
45085 0
45124 48
45187 0
45188 75
45252 0
45580 76
45629 0
46028 70
46086 0
46111 46
46145 0
46200 46
46530 0
46807 46
46851 0
46902 48
47120 52
47251 46
47484 48
47508 0
47598 70
47736 0
47869 62
47988 0
48101 76
48178 0
48211 75
48223 0
48242 52
48297 0
48337 62
48373 0
48400 52
48465 0
48502 70
48566 0
48719 62
48821 0
48822 62
48943 48
48958 70
49015 0
49092 62
49253 75
49363 46
49659 73
49727 76
49759 0
49783 73
49845 0
49878 45
49981 0
50036 52
50105 76
50129 0
50194 76
50272 0
50299 52
50459 70
50583 46
50590 0
50600 70
50635 0
50761 75
50879 0
50905 76
51001 73
51078 0
51157 73
51237 52
51345 0
51392 48
51439 0
51451 62
51477 0
51579 70
51837 0
51901 62
51912 70
51932 75
52259 0
52380 73
52588 0
52751 73
53042 0
53298 62
53318 70
53321 0
53340 75
53405 0
53479 45
53579 0
53705 52
53713 75
53793 62
53833 52
53914 0
54023 52
54169 0
54176 48
54214 75
54255 0
54379 48
54468 0
54828 62
54977 0
55203 75
55262 73
55282 52
55293 0
55498 73
55603 46
55613 62
55630 0
55693 45
55755 0
55887 46
56011 75
56017 0
56057 73
56060 0
56181 76
56189 0
56222 46
56386 48
56405 0
56561 75
56803 0
56864 70
57005 0
57078 52
57089 0
57107 75
57122 0
57330 46
57369 0
57434 73
57667 0
57973 75
57974 52
58040 0
58117 52
58139 45
58233 0
58474 70
58480 0
58584 62
58607 73
58822 0
59089 52
59338 70
59484 0
59771 70
59985 73
60089 73
60203 0
60355 48
60356 0
60849 46
61042 0
61274 45
61281 62
61285 0
61331 48
61480 0
61761 48
61902 45
62136 62
62178 0
62299 73
62340 62
62457 75
62509 48
62601 0
62717 62
62828 73
62832 0
63162 62
63360 0
63618 73
63704 0
63838 75
64037 0
64084 48
64328 0
64534 62
64591 62
64622 70
64629 0
64736 75
64795 76
64814 0
64854 46
64879 0
65119 75
65153 52
65215 75
65379 0
65463 48
65547 0
65584 75
65761 0
65778 73
65948 73
65952 0
66293 46
66325 0
66362 76
66397 0
66411 70
66480 0
66497 46
66522 0
66614 73
66670 0
66730 76
66800 75
67122 0
67187 46
67259 75
67281 0
67297 62
67403 0
67613 70
67643 0
67873 75
68120 0
68151 45
68251 52
68280 0
68334 73
68730 0
68823 76
68940 0
68969 70
68989 73
69082 48
69089 0
69101 73
69411 0
69452 76
69528 0
69568 70
69597 0
69703 62
69841 0
69996 73
70036 48
70055 76
70082 48
70181 52
70191 0
70199 48
70393 0
70422 70
70657 48
70757 0
70771 75
70882 73
70988 0
71066 73
71169 0
71260 48
71360 0
71567 76
71784 0
71866 46
71871 0
71877 73
71999 0
72002 48
72354 45
72388 62
72448 0
72455 48
72514 0
72584 52
72629 0
72758 62
72905 0
72941 45
72960 0
73032 62
73255 45
73264 0
73447 75
73476 0
73517 62
73528 70
73665 0
73730 73
73746 0
73817 70
74018 75
74207 70
74382 0
74569 46
74582 0
74585 73
74742 0
74811 75
74871 0
74915 62
74981 73
75099 0
75179 48
75273 0
75354 52
75521 0
75651 73
75838 0
75900 46
75967 0
75976 48
76089 75
76275 0
76295 45
76593 52
76649 0
76672 76
76705 73
76927 52
77057 0
77078 62
77097 0
77167 45
77191 46
77214 0
77404 45
77411 0
77493 70
77498 0
77669 76
77723 0
77759 46
77864 70
78500 0
78507 62
78554 45
78632 0
78645 52
78857 0
78858 48
78905 0
78958 70
78981 0
79056 76
79315 52
79381 45
79432 0
79453 46
79617 0
79654 52
79751 75
79758 62
79889 0
80081 48
80097 0
80653 46
80720 0
80736 70
80899 0
80964 48
81018 0
81021 45
81352 0
82083 45
82188 48
82240 0
82343 46
82505 0
82556 73
82631 0
82644 73
82798 0
83143 52
83150 0
83377 70
83449 0
83674 75
83850 0
83862 62
83985 70
83989 0
84131 76
84148 0
84150 75
84600 70
84701 0
84867 48
84979 0
85105 46
85124 0
85158 62
85255 0
85260 48
85355 48
85370 0
85446 62
85604 0
85621 52
85675 0
85795 45
85801 73
86006 62
86069 0
86142 52
86282 0
86373 75
86428 0
86612 46
86720 0
86756 75
86827 0
86911 45
86997 0
87002 48
87151 0
87163 73
87195 0
87315 52
87407 0
87448 73
87455 0
87477 73
87483 0
87498 62
87699 0
87722 73
87730 0
87780 73
87790 76
88055 70
88158 0
88295 73
88360 46
88401 73
88406 0
88550 76
88861 45
89181 48
89197 70
89431 0
89476 76
89590 0
89643 48
89680 46
89699 0
89720 62
89739 0
89760 45
89949 76
89953 0
90255 46
90258 0
90298 48
90357 0
90366 62
90408 73
90416 52
90443 0
90651 45
90812 0
90851 76
90914 0
90979 62
91212 0
91521 62
91993 0
92101 70
92141 76
92164 0
92227 70
92659 0
92701 75
92711 0
92825 52
93014 0
93263 70
93309 45
93313 0
93990 45
94226 75
94367 0
94384 48
94566 45
94603 0
94743 70
95180 0
95227 48
95254 45
95292 73
95296 0
95409 73
95592 0
95657 75
95761 0
96000 76
96078 0
96113 73
96205 0
96297 62
96310 0
96339 45
96502 52
96879 0
96978 75
97125 0
97160 46
97228 75
97308 0
97347 70
97403 0
97665 70
97689 0
97726 46
98008 0
98047 73
98307 45
98495 62
98520 0
98634 45
99214 0
99346 76
99399 45
99415 0
99499 48
99729 0
99740 52
99767 0
99847 75
99911 0
99944 75
766 events for 14
184 32
277 0
538 38
809 0
817 32
903 32
1111 0
1178 32
1699 0
1835 32
1849 0
2028 32
2048 38
2114 0
2291 32
2333 0
2446 32
2663 32
2788 0
2962 44
2983 0
2995 38
3024 0
3251 44
3273 0
3429 38
3431 32
3466 32
3579 0
3681 38
3809 0
4137 44
4207 38
4443 0
4721 32
4766 0
4874 32
4892 0
4954 32
4955 0
5014 32
5018 0
5259 32
5401 0
5576 44
5584 44
5613 0
5624 32
5769 38
5970 0
5973 32
6344 0
6408 32
6603 0
6658 44
6707 32
6884 0
6928 44
7025 0
7055 38
7240 0
7558 44
7693 0
7902 32
8130 0
8246 32
8275 44
8283 0
8366 44
8394 0
8458 32
8614 0
8725 38
8840 38
8968 0
9116 38
9222 44
9465 38
9493 0
9660 44
9689 0
9956 38
10057 0
10453 44
10484 38
10487 0
10719 32
10726 0
10792 38
10824 0
10999 38
11227 32
11636 0
11645 44
11647 38
11714 38
11866 0
11988 44
12016 0
12219 38
12499 0
12544 32
12662 0
12774 44
12846 0
13165 38
13625 0
13705 38
13784 0
13869 32
13885 0
13993 44
14288 0
14425 32
14543 0
14586 32
14767 0
14796 38
14801 0
15083 38
15687 0
15785 32
15820 32
15826 0
15827 44
16604 0
16780 44
16806 0
16902 38
17050 0
17191 44
17246 32
17438 0
17455 32
17483 44
17591 0
17680 44
17738 38
17854 0
18234 44
18439 0
18536 38
18798 0
18898 38
18942 0
18980 32
18995 32
19004 0
19224 32
19327 0
19437 44
19534 0
19601 44
19720 0
19775 44
19786 0
19834 32
20115 32
20120 0
20226 32
20384 0
20385 44
20423 0
20465 38
20516 0
20694 44
20704 0
20751 32
20790 38
20976 38
21117 32
21427 44
21448 0
21455 38
21515 38
21746 44
21837 44
21934 0
21956 32
22071 0
22077 38
22217 32
22273 38
22427 38
22452 0
22579 44
22690 32
22749 0
23058 38
23256 0
23326 38
23410 0
23425 32
23488 0
23547 44
23560 0
23691 38
23711 0
23745 38
23939 38
24107 0
24215 32
24222 0
24282 44
24358 0
24401 44
24490 32
24537 0
24982 32
24994 0
25086 38
25334 44
25356 0
25548 32
25619 0
25819 44
26031 38
26136 0
26318 44
26380 0
26396 38
26429 0
26499 44
26540 0
26607 44
26784 0
26897 32
26968 0
26984 32
27046 44
27091 0
27435 32
27703 0
28042 38
28075 0
28238 44
28279 32
28353 0
28422 44
28468 0
28557 38
28582 0
28840 32
28998 0
29063 32
29087 0
29127 38
29362 0
29392 44
29487 32
30015 0
30105 38
30196 38
30446 38
30507 44
30533 44
30535 0
30636 44
31466 0
31599 32
31620 0
31665 38
31678 0
31699 32
31748 0
31857 32
31915 0
31989 32
31996 0
32320 38
32672 32
32704 0
32751 32
32936 0
33105 38
33136 32
33247 0
33540 32
33700 0
33825 38
33844 38
33937 38
33953 32
34274 0
34358 38
34579 0
34689 32
34717 32
34770 0
34872 32
35012 32
35173 0
35192 32
35256 0
35282 32
35581 0
35703 44
36027 0
36138 32
36330 0
36351 32
36403 32
36532 0
36726 44
36732 0
36865 38
37182 0
37224 32
37328 0
37348 38
37856 0
37860 38
37863 0
38001 44
38291 0
38396 38
38457 38
38572 0
38699 32
38702 0
38740 32
38880 0
38918 32
39035 0
39094 44
39165 0
39176 44
39470 0
39720 32
39768 0
39789 38
40004 32
40016 0
40098 44
40423 0
40531 32
40561 38
40668 0
40730 32
40731 0
40772 32
40818 44
40904 32
40953 32
41110 0
41179 32
41201 0
41632 38
41794 44
41972 0
41989 38
42483 0
42599 38
42691 0
42754 32
42804 0
43155 32
43228 0
43256 32
43477 0
43519 32
43640 44
43643 44
43832 44
43992 0
44011 44
44041 0
44229 32
44322 38
44431 0
44743 32
44756 0
44788 44
44832 32
44833 0
44848 44
45075 0
45279 38
45640 0
46113 44
46183 44
46270 0
46439 32
46448 0
46495 32
46784 0
46921 38
47140 0
47371 44
47528 0
47589 32
47932 0
47986 32
48058 32
48180 0
48183 32
48321 32
48447 32
48448 44
48611 0
48877 32
48949 0
49084 32
49388 0
49396 32
49538 0
49742 32
49797 0
49800 32
50086 0
50177 38
50327 0
50340 44
50447 32
50600 0
50728 32
50797 38
50927 38
50944 44
50959 0
51467 32
51515 0
51546 32
51576 32
51605 0
51850 44
51929 0
52016 32
52020 0
52116 32
52194 0
52236 38
52431 0
52521 44
52608 44
52684 32
52746 38
53185 0
53207 32
53292 32
53440 38
53444 0
53507 32
53572 0
53874 38
54332 44
54549 0
54595 44
54738 44
54764 32
54804 0
55114 32
55219 0
55442 32
55671 0
55857 44
55915 0
55997 32
56131 0
56224 32
56495 0
56607 32
56769 0
57272 44
57298 0
57445 32
57961 0
58069 32
58109 0
58148 32
58332 38
58421 0
59035 38
59334 0
59386 32
59401 44
59546 32
59752 0
59784 32
59837 0
59862 32
60053 0
60158 32
60203 44
60286 0
60406 32
60556 0
60576 32
60602 44
60643 0
60845 32
61125 0
61179 44
61409 32
61439 44
61720 0
61778 44
61789 0
61925 32
61935 0
62084 32
62094 0
62126 32
62144 44
62196 0
62223 32
62390 0
62783 32
62864 38
62958 0
63065 38
63095 0
63202 32
63273 38
63560 0
63647 32
63760 0
63841 32
63926 0
63965 38
64065 0
64095 38
64296 0
64646 32
64651 0
64725 32
65247 0
65687 44
65885 32
65937 0
65948 32
65958 44
65966 0
66455 32
66509 0
66816 38
67285 0
67575 44
67764 0
67781 32
67863 0
67894 32
68020 0
68045 44
68428 32
68491 0
68508 32
68793 38
68917 32
69216 0
69297 32
69323 0
69376 44
69518 0
69537 44
69611 0
69620 32
69832 0
69866 44
70088 0
70153 32
70322 0
70371 32
70465 32
70526 0
70722 44
70730 0
71232 44
71234 32
71455 0
71515 44
71752 32
71875 32
71880 0
71942 38
71978 0
72136 32
72192 38
72379 0
72606 32
72919 0
73402 38
73439 0
73469 38
73712 38
73722 38
73916 44
74089 32
74163 0
74441 32
74619 32
74698 0
74712 38
74720 0
74726 38
74754 38
74785 0
74806 32
75105 0
75253 38
75411 0
75675 38
75976 44
76156 0
76393 32
76688 0
77005 32
77015 44
77033 0
77222 38
77291 0
77455 32
77609 0
77788 38
77800 0
78124 32
78127 0
78191 44
78201 32
78481 0
78755 44
78950 38
79317 0
79472 32
79782 0
80025 44
80147 0
80229 38
80311 0
80773 32
80799 0
80832 38
81171 0
81215 32
81227 38
81482 38
81817 0
81952 32
81955 0
81964 32
81970 0
82136 44
82424 0
82519 32
82807 38
83091 0
83189 32
83357 0
83938 38
84011 0
84079 38
84314 0
84344 32
84367 0
84402 32
84517 0
84568 38
84697 0
84780 32
84982 0
84985 32
85049 0
85055 32
85062 0
85214 38
85362 0
85365 32
85441 0
85620 38
85699 38
85745 0
86373 32
86629 0
86766 32
87362 0
87537 32
87723 38
87812 0
87980 32
88099 32
88435 0
88453 38
88479 0
88722 44
89206 44
89310 0
89316 32
89453 0
89539 38
89631 0
89646 44
89738 32
89927 0
90076 32
90130 0
90133 44
90253 0
90335 32
90408 38
90467 0
90634 38
90675 0
90705 32
91028 0
91037 32
91125 0
91140 32
91152 44
91166 44
91245 0
91724 44
91786 0
91811 32
91912 32
92010 44
92107 0
92332 44
92683 0
92938 32
92991 0
93046 38
93550 0
93587 38
93589 0
93605 32
93673 0
94157 32
94308 0
94715 32
94717 0
94864 32
94998 0
95054 44
95197 0
95416 44
95561 0
95762 44
95795 44
95829 0
95922 38
95972 0
96274 32
96305 0
96327 32
96365 44
96440 0
96473 44
96678 0
96761 32
96942 0
97093 44
97140 0
97344 38
97353 0
97415 32
97484 0
97640 32
97695 32
98098 0
98410 32
98473 0
98619 38
98675 0
98897 32
99422 38
99927 0
689 events for 15
152 58
201 0
273 76
496 0
600 76
608 0
633 76
722 0
759 76
1017 76
1075 55
1403 0
1572 76
1692 76
1771 0
1780 58
1842 0
1890 55
1936 0
2224 64
2279 0
2579 64
3166 53
3175 64
3609 0
3645 58
3746 0
3981 64
4214 53
4352 55
4522 58
4638 0
4673 55
5016 55
5175 64
5211 0
5823 58
6031 0
6047 53
6336 0
6348 76
6361 0
6419 64
6430 0
6990 64
7008 0
7108 76
7299 53
7479 0
7704 58
7711 0
7799 55
7803 64
7829 0
7915 55
8075 0
8163 55
8204 0
8279 64
8336 76
8466 76
8618 0
8679 76
8745 0
8813 53
8986 76
9069 0
9314 76
9552 0
9681 64
9716 0
9727 55
9791 0
9813 64
9971 0
10513 55
10640 0
10739 58
10917 0
11054 64
11143 76
11286 0
11479 76
11874 0
11885 55
11889 0
11936 76
11954 0
12272 76
12726 0
13100 64
13148 64
13257 0
13447 58
13522 64
13625 0
13641 58
14049 0
14075 64
14264 0
14286 64
14407 0
14533 53
14841 0
14909 58
14959 0
15324 76
15460 0
15597 53
15668 55
15686 0
15726 58
15754 0
15759 64
15942 64
15987 58
16100 55
16278 0
16321 64
16343 64
16528 0
16629 55
16708 0
16716 64
16816 0
17274 53
17280 0
17357 76
18098 0
18126 53
18474 0
18993 55
19161 0
19169 76
19285 0
19379 53
19435 64
19669 55
20061 0
20114 76
20305 0
20425 64
20456 76
20554 58
20737 0
20984 58
21300 0
21593 53
21676 0
22097 76
22727 0
22813 58
22930 53
22961 58
23061 0
23097 64
23547 0
23725 55
24300 76
24369 0
24531 64
24604 0
24658 55
25136 0
25228 76
25329 0
25388 55
25559 0
25975 53
26172 0
26188 53
26233 64
26354 0
26556 64
26684 0
26732 53
26762 64
26940 0
27056 53
27090 0
27182 58
27677 0
28026 64
28226 64
28466 0
28718 58
28807 0
29007 58
29042 0
29060 53
29068 55
29076 58
29090 58
29095 0
29205 58
29294 0
29932 55
29985 0
30041 55
30090 0
30093 76
30142 0
30505 55
30534 0
30708 76
31185 0
31258 58
31305 76
31320 0
31516 55
31526 0
31527 64
31534 53
31836 0
31954 53
31982 0
32005 53
32318 0
32359 53
32578 0
32650 76
32891 0
32909 58
32953 53
33200 0
33477 53
33509 55
33619 53
33651 55
33653 53
33758 55
33913 64
34158 0
34223 53
34286 0
34363 76
34377 53
34529 0
34548 58
34742 0
34955 55
34960 0
35132 76
35158 0
35427 58
35571 0
35833 64
36912 0
37100 64
37227 53
37252 76
37260 0
37847 58
37888 0
37947 64
38166 0
38177 76
38524 64
38600 0
38732 64
38910 53
38995 0
39017 58
39224 64
39273 76
39433 76
39520 53
39559 0
39708 64
39727 76
39867 0
39892 53
39993 64
40139 0
40292 55
40521 0
40892 53
41193 0
41252 58
41427 0
41444 76
41503 0
41515 53
41562 58
41842 0
41885 55
41895 0
42247 76
42370 0
42663 64
42712 0
42726 76
42735 0
42773 58
42780 58
42856 0
42871 55
42908 0
43241 55
43314 0
43458 55
43733 64
43761 0
43979 76
44124 0
44431 58
44473 58
44768 64
44989 0
45058 55
45205 53
45317 58
45319 0
45420 58
45560 64
45581 0
45822 58
45877 0
45922 76
46161 0
46189 53
46211 0
46378 64
46391 53
46405 58
46629 0
46810 55
46856 0
46911 53
46916 0
46943 64
47090 0
47117 64
47336 0
47499 58
47547 0
47601 58
47621 0
47695 64
47762 0
47811 58
47984 0
48069 76
48083 0
48367 53
48402 0
48522 64
48637 58
48667 0
48760 76
48855 0
48888 76
49044 0
49254 55
49469 58
49546 76
49573 0
49995 58
50218 0
50432 55
50735 0
50826 53
50831 0
50889 58
50897 53
50977 0
51053 55
51087 55
51092 58
51155 0
51217 55
51348 0
51421 64
51556 0
51589 53
51986 55
51990 0
52214 76
52243 0
52678 76
52706 0
52841 55
52855 58
52876 0
52965 53
53082 0
53091 55
53596 0
53611 55
54122 0
54150 64
54176 0
54237 64
54330 0
54517 55
54700 0
54756 58
54916 58
54953 64
54966 0
55047 64
55133 0
55307 76
55551 0
55760 58
55785 0
55808 55
56189 0
56316 53
56529 0
56927 64
56978 0
57077 58
57176 53
57208 0
57464 53
57818 58
57986 55
58111 55
58115 0
58180 53
58368 0
58669 76
58759 0
58838 53
58882 0
58944 55
59002 0
59111 76
59204 53
59304 76
59307 64
59412 0
59601 64
59618 64
59742 0
60249 76
60260 0
60283 53
60860 76
60874 0
60952 76
61198 53
61289 55
61313 0
61444 53
61511 55
61663 0
61824 55
62038 0
62072 76
62075 53
62766 0
62939 53
63067 0
63095 53
63100 0
63508 64
63566 0
63658 55
63811 0
64193 55
64211 53
64329 0
64686 58
64846 0
65098 53
65184 0
65295 55
65403 64
65445 76
65613 0
65681 53
65833 0
66069 64
66242 0
66410 53
66483 0
66597 55
66814 64
67173 55
67212 0
67373 58
67447 0
67509 58
67647 58
67826 0
67871 64
67915 0
68130 58
68265 0
68846 76
68863 0
68936 55
69148 0
69201 58
69387 55
69822 58
70675 76
70783 0
70806 58
70932 0
70946 55
70995 0
71081 58
71172 76
71256 58
71322 0
71535 53
71837 55
71876 0
71887 53
72030 0
72120 55
72304 0
72312 76
72672 0
72787 58
72986 55
73024 0
73190 76
73336 0
73502 58
73513 53
73591 0
73648 58
73734 58
73740 0
73840 64
74032 0
74133 64
74170 55
74867 0
75531 64
75546 0
76199 53
76364 0
76508 76
76582 0
76892 76
77034 64
77046 0
77127 64
77281 0
77312 76
77468 0
77498 58
77607 0
77674 53
77761 0
77803 55
77910 0
78111 76
78278 64
78287 0
78338 55
78449 0
79063 58
79117 0
79164 76
79185 0
79217 55
79693 0
79712 58
80002 0
80152 76
80296 58
80372 0
80507 76
80703 0
81023 76
81149 0
81166 55
81170 55
81597 53
81644 0
81746 55
81767 0
81937 64
82278 0
82280 53
82291 0
82574 64
82632 55
82748 0
82994 58
83023 0
83031 53
83151 0
83221 58
83442 0
83705 76
83959 0
84147 76
84189 55
84350 58
84399 64
84511 0
84689 64
84948 0
85262 76
85402 0
85407 53
85499 0
85515 64
85525 58
85532 0
85706 55
86318 0
86323 76
86398 58
86791 64
86852 76
86962 0
87809 58
87869 0
88161 76
88595 64
88598 55
88988 64
89141 0
89237 55
89381 0
89443 76
89599 0
89864 64
90331 58
90723 53
91044 58
91114 58
91122 0
91230 53
91428 64
91463 0
91494 76
91557 0
91728 53
91784 0
92055 64
92057 0
92156 76
92412 53
92768 0
92842 55
93286 0
93364 58
93489 0
93506 58
93582 0
93663 76
94139 64
94191 58
94258 0
94307 55
94453 0
94551 53
94554 58
94680 0
94751 55
94882 55
95046 64
95376 0
95924 55
96051 0
96081 53
96368 0
96489 58
96689 0
96852 53
96972 64
97316 58
97338 0
97346 58
97393 76
97546 0
97698 58
97900 64
98018 0
98070 76
98072 0
98195 76
98286 0
98383 58
98409 0
98525 55
98539 0
98571 53
99252 0
99616 64
