16 buffers
311718 30810
66115 993
272279 33767
100451 455
139019 13070
283218 52877
218316 20591
393310 32379
373084 25002
149826 13418
191875 6597
160933 25703
247646 1046
159702 23604
163757 18145
179891 23262
40 downlinks
0 375 2500 489
1 2875 5000 525
2 5375 7500 533
3 7875 10000 521
4 10375 12500 585
5 12875 15000 488
6 15375 17500 569
7 17875 20000 563
8 20375 22500 664
9 22875 25000 457
10 25375 27500 582
11 27875 30000 531
12 30375 32500 550
13 32875 35000 527
14 35375 37500 673
15 37875 40000 525
16 40375 42500 534
17 42875 45000 452
18 45375 47500 578
19 47875 50000 569
20 50375 52500 511
21 52875 55000 508
22 55375 57500 566
23 57875 60000 456
24 60375 62500 551
25 62875 65000 505
26 65375 67500 494
27 67875 70000 549
28 70375 72500 638
29 72875 75000 517
30 75375 77500 560
31 77875 80000 552
32 80375 82500 570
33 82875 85000 453
34 85375 87500 498
35 87875 90000 642
36 90375 92500 602
37 92875 95000 661
38 95375 97500 619
39 97875 100000 606
785 events for 0
343 82
426 0
457 80
505 0
532 80
560 0
1170 82
1256 0
1354 55
1399 0
1448 80
1522 0
1637 82
1856 0
1858 58
1907 0
2047 60
2160 0
2196 60
2330 0
2351 60
2405 0
2581 82
2627 0
2657 79
2722 60
2820 82
2877 0
3015 55
3179 80
3243 0
3845 60
4007 0
4221 60
4599 0
4600 82
4656 0
4843 58
4992 60
5152 0
5308 82
5593 0
5873 79
5908 0
6482 60
6586 0
6594 60
6784 0
6899 80
7121 0
7229 60
7446 55
7526 79
7563 0
7589 82
7608 0
7704 58
7772 82
8208 0
8275 80
8283 60
8531 0
8630 79
8665 0
8803 55
8808 60
8873 0
8887 82
8900 0
9034 79
9311 0
9689 55
9820 60
9835 80
9840 0
9926 55
9954 0
10048 55
10053 0
10151 82
10204 60
10218 60
10539 79
10632 0
11181 58
11236 0
11269 60
12027 0
12191 79
12328 0
12349 79
12469 0
12501 55
13006 0
13206 82
13310 55
13354 0
13419 60
13466 0
13488 80
13508 0
13957 60
14048 0
14103 58
14262 0
14270 80
14308 0
14419 79
14577 82
14592 55
14634 79
14747 0
14805 82
14910 80
15153 58
15318 0
15395 79
15401 0
15564 60
15571 0
15623 55
15788 0
15801 79
16287 60
16388 0
16392 58
16468 60
16564 0
16619 60
16645 0
16674 55
16739 0
16835 82
17007 0
17318 60
17404 0
17416 60
17517 0
17591 55
17654 0
17833 55
17970 0
18592 80
18698 0
18742 58
18876 79
19022 0
19071 58
19309 0
19663 79
19664 58
19703 58
19722 58
19830 0
19878 60
20042 0
20089 60
20180 55
20387 0
20510 60
20529 82
20565 0
20632 82
20646 60
20974 0
21083 82
21161 0
21235 80
21258 0
21267 82
21626 60
21983 79
22295 60
22508 0
22644 80
22673 60
22984 0
23193 60
23209 0
23248 80
23353 0
23513 82
23633 0
23740 80
24013 79
24084 0
24299 80
24314 80
24598 58
24680 0
24882 55
25007 60
25179 0
25363 82
25429 0
25597 79
25671 0
25697 55
25722 79
26136 55
26157 0
26189 55
26468 60
26577 0
26649 80
26791 0
26815 79
26896 55
27092 0
27146 55
27472 58
27645 0
27742 60
27760 0
27838 82
27878 58
28232 60
28255 0
28429 60
28431 0
28451 80
28682 0
28727 79
28782 0
28883 82
28917 58
28974 0
29106 60
29380 0
29473 60
29512 82
29520 0
29717 60
29724 79
29764 0
29977 60
30113 0
30263 58
30373 0
30377 80
30499 79
30603 0
30864 82
30976 60
31148 0
31185 55
31350 0
31391 60
31473 0
31513 79
31553 55
31649 55
31655 0
32346 60
32369 60
32415 0
32439 60
32543 0
32644 60
32850 0
32927 60
33004 0
33266 82
33329 79
33488 55
33503 55
33552 0
33809 58
33925 0
34231 82
34329 0
34422 55
34500 0
34623 80
34694 0
34743 60
34867 0
34959 55
34961 0
34966 60
34983 60
35002 0
35055 55
35078 0
35080 60
35389 58
35392 79
35420 0
35880 58
35953 58
35960 0
36361 58
36410 79
36450 60
36510 0
36536 55
36773 0
36796 79
36830 0
36848 55
36940 55
37196 0
37242 55
37372 55
37671 80
37862 0
37882 58
37960 82
38089 0
38185 79
38265 0
38548 79
38572 0
38589 79
38654 0
38681 82
38805 0
38993 55
39074 58
39116 0
39198 55
39260 0
39644 60
39650 0
39699 58
39725 0
39758 60
39787 55
39802 0
39944 55
40068 55
40105 0
40139 55
40276 0
40281 60
40367 79
40500 0
40505 80
40630 0
40828 55
41041 60
41071 0
41075 60
41129 82
41177 0
41178 58
41189 0
41194 82
41206 0
41210 80
41266 0
41562 82
41781 79
41890 0
41989 60
41999 0
42210 55
42218 60
42241 0
42503 58
42536 0
42627 82
42687 80
42912 79
42921 0
43146 58
43163 82
43306 0
43406 80
43429 0
43790 60
43881 60
44126 58
44164 0
44186 82
44301 0
44385 58
44780 58
44850 58
44887 0
44919 58
44955 0
44994 58
45191 0
45199 60
45316 0
45483 60
45551 0
45570 79
45621 0
45647 79
45715 0
45764 79
45866 0
45881 58
45949 0
46028 58
46119 0
46295 60
46375 80
46423 0
46479 80
46709 0
46874 79
46891 0
47247 60
47374 55
47448 79
47641 0
47649 60
47651 0
47767 80
47808 60
48375 60
48535 0
48894 60
48929 0
49043 82
49342 0
49464 60
49504 0
49590 79
49786 0
49922 55
50112 0
50136 82
50350 0
50381 60
50692 0
50811 58
50861 0
50910 82
50989 55
51059 0
51306 58
51414 60
51583 0
51622 60
51788 79
51939 0
52137 80
52204 82
52235 0
52247 60
52577 0
52694 55
52785 0
52789 60
53117 0
53588 55
53668 0
53769 58
53783 79
54078 58
54305 0
54396 82
54398 0
54421 58
54679 80
54706 58
54710 58
54776 60
54794 0
54844 58
54900 0
55099 58
55288 0
55364 58
55459 0
55519 79
55596 82
55648 0
55848 80
55973 80
55974 0
56048 55
56065 0
56148 82
56170 0
56214 55
56291 0
56538 60
56553 60
56751 0
56763 80
56825 0
56905 80
56980 0
57107 80
57392 0
57551 60
57956 0
58039 60
58064 0
58148 82
58182 0
58655 58
58864 0
58922 55
58990 0
59004 80
59068 0
59076 80
59223 0
59367 82
59374 0
60240 60
60298 80
60346 0
60685 60
60895 79
60969 0
61000 60
61289 0
61588 60
61770 0
61816 82
61978 0
62193 60
62375 0
62380 80
62706 80
62719 0
62891 60
62953 0
63200 58
63284 80
63431 60
63461 0
63659 60
63856 0
63873 55
63910 58
63970 0
64127 80
64162 60
64170 58
64197 0
64295 55
64310 82
64445 0
64463 58
64565 0
64666 60
64708 60
64736 0
64977 55
65491 0
65511 58
65527 0
65640 79
65695 0
65842 82
65848 55
65911 79
66060 0
66383 79
66452 0
66537 60
66713 0
66738 82
66780 0
66952 82
67078 0
67125 55
67557 0
67650 60
67692 0
67969 80
68094 0
68139 60
68184 0
68223 58
68495 0
68948 55
69005 58
69326 0
69515 55
69922 0
70019 79
70058 0
70059 60
70182 0
70214 60
70481 82
70535 0
70552 82
70871 0
70914 58
70993 0
71302 58
71418 79
71543 0
71589 60
71629 0
71890 60
72054 0
72102 82
72330 60
72478 60
72599 0
72725 55
72776 0
72975 82
73316 0
73384 60
73811 0
73841 60
74021 0
74077 55
74178 0
75092 82
75229 0
75452 58
75513 58
75912 60
75968 0
76091 80
76169 0
76237 60
76414 0
76427 82
76634 0
76672 55
77205 0
77206 60
77249 0
77325 60
77448 0
77742 60
78481 0
78705 60
78925 0
78951 55
79028 0
79276 58
79614 0
79681 79
79856 0
80085 60
80089 0
80132 60
80297 0
80843 80
81066 0
81102 58
81108 0
81216 60
81316 60
81570 0
81729 79
81855 55
82227 0
82650 80
83032 0
83157 60
83204 0
83328 60
83543 0
83641 58
83650 0
83872 60
83962 0
84564 79
84895 0
84896 55
85033 0
85078 80
85213 0
85485 79
85516 0
85601 55
85933 0
85938 80
85971 79
86055 80
86121 0
86270 60
86348 60
86368 60
86697 60
86727 79
86929 0
87053 58
87255 79
87292 0
87361 60
87869 60
88168 0
88247 60
88357 0
88398 60
88406 0
88473 58
88585 55
88586 58
88723 0
88897 55
88913 58
88994 82
89369 0
89373 80
89478 0
89569 60
89605 0
90013 60
90048 55
90510 55
90757 0
90779 55
90877 0
90891 55
91109 0
91343 79
91436 80
91443 0
91505 60
91567 80
91710 58
91838 0
91878 80
92059 55
92251 0
92439 79
92460 55
92690 0
92746 55
92768 58
92864 0
92887 82
93185 58
93298 79
93341 0
93606 60
93759 0
93794 82
93796 0
93838 60
94055 0
94088 79
94420 0
94520 79
94719 80
94765 0
94781 60
94933 0
95105 58
95112 0
95138 58
95196 55
95236 79
95274 55
95591 0
95840 60
95935 80
96060 0
96074 55
96168 0
96193 80
96341 0
96350 60
96495 0
96599 55
96604 0
96631 55
96874 0
96891 79
96961 0
97004 80
97009 0
97021 80
97104 0
97323 58
97468 82
97626 79
97730 0
97830 80
98014 80
98381 60
98985 0
99053 60
99321 0
99400 55
99796 0
99822 79
267 events for 1
197 22
495 20
528 0
986 19
1126 0
1227 20
1269 19
2505 0
2720 21
3578 0
3645 21
3774 0
4193 20
4454 0
4513 19
4582 21
4597 0
4872 22
6006 19
6272 0
6333 19
6732 22
6850 0
6884 19
6922 0
7011 19
7033 20
7469 20
7557 0
8217 21
8488 22
9531 0
9666 20
10586 0
11469 19
12288 0
12335 19
12642 0
13993 20
14235 0
14381 21
14451 0
14795 19
15361 0
15546 22
15563 19
16637 0
18284 20
19441 0
19444 19
19676 0
19702 22
21059 20
22433 0
23642 20
23702 0
24012 20
24121 19
24240 19
25128 0
25539 19
25689 0
26283 19
26542 0
26844 22
27230 0
27394 19
29061 0
29869 19
30010 0
30267 19
30291 0
30321 19
30986 0
31192 21
31349 0
31738 21
31803 0
32376 21
32400 0
32681 20
32778 0
32883 22
33322 0
34619 19
34814 22
34901 0
34961 21
35135 0
35393 19
35711 0
36276 19
37091 0
37308 22
37732 0
39144 21
39730 0
39880 19
40237 19
40623 19
41750 0
41840 22
41919 0
41954 19
42020 22
42054 19
42182 0
42352 19
42384 0
42414 22
42604 21
42709 0
42744 22
42866 0
43145 21
43757 0
45019 21
45180 0
45415 19
45876 0
46008 20
46443 0
46846 22
47200 0
47396 19
48043 0
49170 20
49961 0
50370 21
50512 0
50777 22
51572 0
51916 22
53155 0
53165 19
53353 0
53661 19
53811 20
54491 0
54770 22
55263 0
55389 20
55703 0
55940 19
56087 0
56210 19
56525 21
57714 0
57877 19
58137 0
58335 19
58399 0
58561 20
58777 0
59412 20
59871 0
60395 20
60458 19
60560 0
60607 21
60608 0
60655 20
61179 0
61563 21
62042 19
63575 19
63724 19
63982 0
64249 22
64294 0
64448 21
64771 0
64776 19
64834 0
66029 20
66864 0
66889 21
66896 22
67272 0
67888 19
67940 0
68483 19
69019 0
70105 22
70289 0
70596 21
70734 0
71181 19
71272 0
71404 19
71464 20
71790 0
71963 22
72292 22
72814 0
73532 20
73549 22
73551 0
73569 20
73661 19
74183 21
74960 0
75003 19
75333 0
75558 20
75754 19
76172 0
76248 21
76361 0
76417 21
76761 0
76942 20
77007 0
77972 19
78393 0
78760 19
78936 0
79476 21
80353 20
80858 0
80960 20
81054 0
81186 22
81434 19
82587 0
82800 21
83722 0
83819 22
83826 0
84078 22
84578 21
84583 0
85341 20
86004 0
86727 21
86926 0
87407 20
87434 0
87958 19
88419 20
88707 20
88990 0
91353 19
92028 0
92060 21
92061 0
92596 22
92802 0
93458 21
94675 0
94796 19
95405 22
95448 0
95825 22
95962 21
96174 0
96202 20
96573 0
96778 21
96913 0
97092 20
97817 0
97957 20
98413 22
98966 0
99452 19
99662 0
468 events for 2
102 71
165 0
419 71
725 0
790 71
807 0
996 71
1109 71
1132 0
1154 71
1214 0
1279 71
1544 0
1624 71
1842 0
1986 71
2176 71
2609 0
3168 71
3218 0
3236 71
3506 0
3534 71
3735 0
4312 71
4657 0
5007 71
5076 71
5131 0
5253 71
5543 0
5690 71
5939 71
6075 0
6495 71
6540 0
6951 71
7338 71
7632 71
7759 0
7862 71
7934 0
8308 71
8369 0
8736 71
8759 0
8826 71
8915 0
9061 71
9302 71
9439 71
9653 0
9778 71
10007 0
10345 71
10474 0
11027 71
11146 0
11168 71
11948 0
12151 71
12247 0
12336 71
12481 71
12992 0
13243 71
13771 71
14213 0
14672 71
14837 0
15352 71
15360 71
15400 0
15791 71
16424 0
16458 71
16563 0
16614 71
16686 71
17236 0
17248 71
17257 0
17316 71
17352 0
17673 71
18105 0
18390 71
18594 71
18850 0
18884 71
18954 71
19178 71
19504 71
19524 71
19681 0
19813 71
20075 0
20276 71
20520 0
20689 71
20731 0
21221 71
21601 0
21660 71
21746 0
22446 71
22546 71
22658 71
23231 71
23246 71
23423 71
23522 71
23569 0
23853 71
23917 0
24040 71
24210 0
24226 71
24305 71
24437 0
24518 71
25147 71
25559 0
25835 71
26129 0
26408 71
26543 0
26916 71
27088 0
27225 71
27293 71
27356 0
27588 71
28319 71
28861 0
29157 71
29384 71
29425 0
29553 71
29620 0
30132 71
30267 0
30318 71
30466 71
30512 0
30771 71
30803 0
30808 71
30961 71
30981 71
31930 0
32112 71
32171 0
32193 71
33218 0
33377 71
33779 71
34597 0
34705 71
34718 0
34872 71
34951 0
35040 71
35153 0
35359 71
35387 0
35395 71
35638 0
35643 71
35947 0
36788 71
36820 0
36833 71
37041 0
37187 71
37305 71
37398 71
37794 71
38460 0
38835 71
38906 71
39131 71
39208 0
39305 71
39621 0
39628 71
40043 0
40435 71
40720 71
41043 0
41080 71
41110 0
41541 71
42104 0
42202 71
42494 71
42815 0
43383 71
43807 0
43966 71
44136 71
44302 71
44436 0
44588 71
44770 71
44823 0
45063 71
45251 71
45587 0
45705 71
45791 71
46284 0
46642 71
46654 0
46773 71
46785 0
46816 71
47038 71
47148 0
47763 71
47836 0
47934 71
48145 71
48632 0
48738 71
48754 0
48781 71
48972 0
49454 71
49790 71
50331 0
50823 71
51071 0
51133 71
51403 0
51922 71
52116 0
52210 71
52500 0
52827 71
52937 71
52994 0
53135 71
53548 0
53644 71
53733 0
53858 71
54490 0
54851 71
54877 0
54891 71
55019 71
55080 0
55214 71
55381 71
55926 0
55980 71
56224 0
56234 71
56718 0
57151 71
57300 0
57827 71
57998 0
58196 71
58345 0
58437 71
59053 0
59096 71
59257 0
59360 71
59405 0
59494 71
59711 0
59892 71
60340 71
60545 0
60669 71
60864 0
60959 71
61133 0
61187 71
61199 0
61616 71
61620 0
61778 71
61839 0
61925 71
62103 0
62163 71
62260 0
62321 71
62336 0
62338 71
62433 71
62450 71
62525 0
62884 71
63355 0
63684 71
63732 71
63786 71
63900 71
64062 0
64944 71
65492 71
65594 0
65688 71
65944 0
66129 71
66736 71
66840 71
67053 71
67088 0
67200 71
67219 0
67314 71
67416 0
67680 71
67699 0
67911 71
68002 71
68043 71
68226 0
68647 71
69341 0
69956 71
69987 0
70660 71
70796 0
70852 71
71623 71
71662 0
71752 71
72119 71
72461 71
72469 71
72562 0
72579 71
72632 0
72741 71
72922 0
73083 71
73451 0
73865 71
73876 0
74265 71
74794 0
74927 71
74948 0
74971 71
74996 0
75048 71
75360 0
75448 71
75610 71
76117 71
76256 71
76268 0
76878 71
76890 0
77045 71
77122 71
77196 0
77263 71
77429 0
77471 71
77776 0
77883 71
78260 0
78315 71
78434 0
78605 71
78806 0
78856 71
79090 0
79091 71
79124 0
79556 71
79645 0
79684 71
79685 71
79899 0
80045 71
80165 0
80215 71
80584 71
80831 71
81865 0
81993 71
82500 71
82592 0
82930 71
83121 0
83122 71
83175 71
84047 71
84293 0
84446 71
84695 71
85328 71
85537 0
85570 71
85691 0
85697 71
86273 71
86519 0
87657 71
87805 0
88665 71
88937 0
89118 71
89233 0
89542 71
89573 71
89582 0
89688 71
89838 0
90025 71
90349 0
90415 71
90792 0
90861 71
91952 0
92176 71
92234 0
92533 71
92609 0
93272 71
93401 0
93408 71
93584 71
94015 0
94023 71
94054 0
94075 71
94444 0
94536 71
94591 0
95223 71
95365 71
95464 71
95486 71
95619 0
96290 71
96437 0
96514 71
96834 71
97571 0
97628 71
97676 0
97859 71
98088 0
98153 71
98191 0
98607 71
98838 71
98880 71
99050 0
99059 71
99080 0
99190 71
99238 0
99370 71
99625 71
99702 71
99882 0
99954 71
177 events for 3
2106 37
2325 0
3386 31
3545 0
3888 31
3953 0
4101 31
4473 0
4723 31
5765 0
6129 44
6700 0
6720 33
8369 0
8602 31
8801 0
8814 44
9791 31
10096 31
10554 0
10899 44
11372 37
13043 0
13086 37
13662 0
14221 31
14227 0
14235 33
15243 0
15665 33
16306 0
16486 31
17182 33
17548 31
18706 0
19076 31
19752 44
19956 0
20900 37
21376 31
21402 0
22137 37
22366 0
22441 31
23049 0
23585 31
25044 0
27249 31
29376 0
29664 31
29821 0
30065 31
30952 0
31997 31
32390 31
32981 0
33796 44
33970 0
34102 44
34292 37
34498 0
34935 33
36625 31
37209 0
37974 31
39376 0
39532 31
40091 0
40254 37
41797 0
42056 31
42419 0
42504 31
44372 0
44822 33
45698 0
46374 31
46408 37
46440 0
46500 44
46835 0
47843 33
47968 37
49331 0
50843 44
51007 0
51693 31
51976 0
52116 37
52384 31
53872 0
54681 33
55552 0
55756 37
57221 31
57298 0
57488 33
57787 0
57799 37
58428 0
58696 31
59545 0
59551 37
60134 0
60889 31
61421 0
62939 31
63098 0
65032 33
65374 0
65817 44
66085 0
66208 44
66290 0
67287 44
67504 0
67568 31
67698 37
68295 0
69311 31
69758 0
69865 31
69885 44
70124 0
70620 44
71174 0
71182 31
71483 0
71912 37
73560 0
73717 31
73796 0
75046 33
75446 0
76492 31
76737 37
77169 31
77303 31
78068 0
78155 31
78957 0
79153 44
79233 0
79244 37
79757 0
80210 44
80314 0
81044 44
81986 33
82205 37
82213 0
83284 33
83299 0
84721 37
84912 0
87559 44
88224 0
88493 33
88571 0
89134 31
89221 0
90054 31
91777 0
94023 33
94889 31
95248 0
95525 33
96144 0
96828 37
97053 0
97808 33
98082 0
98228 37
98265 37
98893 44
99254 0
99618 31
432 events for 4
478 46
621 0
697 34
710 0
746 47
776 0
815 47
957 0
1444 34
1581 0
1668 25
2087 0
2617 46
2853 0
4091 25
4328 0
4392 34
4572 0
5045 47
5120 0
5222 25
5388 34
5807 25
5932 0
7061 46
7354 0
7455 38
7582 0
7760 34
7765 0
7929 25
7938 0
8704 25
8994 25
9598 0
9691 47
9808 0
9899 46
10161 0
10292 47
10664 0
10710 38
10825 0
11135 47
11335 46
11664 34
11924 34
11981 46
12444 0
12461 34
12484 47
12944 34
12966 0
13580 38
13671 46
13849 0
14290 38
14626 0
14776 34
14929 0
15252 38
15403 0
15458 47
15754 0
16688 47
16938 0
17028 25
17629 46
19194 0
19525 38
19529 0
19886 34
19929 0
19988 25
20007 0
20546 34
20660 0
20739 46
20888 0
21205 25
21329 0
21528 38
21701 0
22130 38
22295 0
22674 25
22967 0
23123 38
23444 0
23946 34
24620 0
24651 25
24693 0
24803 46
24954 0
25948 25
26016 34
26240 0
26269 25
26503 0
26912 46
27013 0
27224 34
27299 46
27319 0
27359 34
27652 0
27993 47
28138 25
28316 38
28635 0
28660 47
28693 38
29048 0
29124 25
29154 0
29268 46
29763 46
30053 47
30135 0
30145 47
30224 0
30613 25
30746 46
31220 0
31249 47
31263 0
31309 38
31347 34
31390 38
31489 0
31792 25
31801 0
32278 38
32688 0
32696 38
33115 47
33126 0
33261 47
34130 0
34187 46
34369 0
34652 34
34902 47
35456 0
35495 25
35868 0
36263 38
36362 0
36732 25
36808 0
36817 47
37070 0
37621 47
37783 0
38041 46
38071 0
38162 38
38346 0
38454 46
38480 46
38825 0
38934 47
39241 0
39324 47
39932 0
40264 46
40583 0
40593 38
40890 0
41238 38
41383 0
41440 38
41454 38
41652 25
41677 46
42742 0
42783 38
43094 0
43231 25
44219 0
44462 46
44520 0
45083 34
45345 0
45540 25
46045 0
46389 46
46626 0
47094 25
47297 46
47318 0
47575 38
47603 34
47769 0
47898 47
48161 34
48315 25
48727 38
48914 0
49043 46
49387 0
49452 46
49583 0
49800 25
49857 0
49899 25
49912 47
50090 0
50104 38
50172 0
50237 46
50420 0
50523 25
50679 46
50774 0
50928 25
50969 0
51124 34
51223 46
51280 0
51671 47
51687 0
52147 34
52415 0
52588 38
53131 0
53263 34
53717 0
54347 34
54442 25
55721 0
55807 34
56061 46
56237 0
56268 46
56336 0
56645 38
56735 46
56770 25
56808 0
56911 38
56980 0
57482 38
57622 38
57701 0
57923 38
58182 0
58749 47
59066 0
59129 46
59319 0
59623 34
60138 0
60250 38
60452 0
60739 25
61791 0
62096 25
62464 46
62888 25
63038 0
63142 38
64361 0
64376 46
64580 38
64626 0
64765 47
64803 0
64875 47
65080 0
65273 38
65561 0
66177 25
66362 0
66394 25
66443 0
66635 38
66858 0
66968 34
67304 0
67412 46
67755 0
67964 46
68048 0
68116 34
68155 0
68172 34
68186 0
68246 38
68500 0
68813 47
68832 47
68839 0
68980 25
69027 0
69512 25
69554 0
69856 47
70180 0
70344 34
70680 0
70712 34
70782 0
71071 34
71113 0
71393 38
71400 34
71492 0
71502 46
72065 0
72251 47
72430 0
72758 25
72964 34
73586 0
73759 46
74087 25
74180 46
74219 47
75023 0
75481 34
75817 47
76371 0
76990 38
77150 0
77670 25
77748 0
78416 34
78613 47
78619 47
78917 0
79021 38
79033 0
79430 34
79647 34
79712 0
79998 47
80196 0
80623 25
80791 47
81158 0
81209 47
81244 46
81301 0
81442 38
81795 0
81846 46
82007 0
82303 25
82349 0
82508 25
82733 0
82963 46
83025 0
83043 34
83068 0
83259 25
83286 0
83295 25
83506 0
83870 25
84095 0
84346 47
84425 46
84498 0
84510 34
84688 34
84968 0
85525 25
86322 25
86800 0
86873 25
86879 0
86941 25
87010 0
87050 47
87200 0
87602 46
88078 25
88110 0
88201 38
88244 0
88424 25
88516 25
88698 0
88719 34
89215 0
89843 38
90043 0
90235 38
90361 46
90409 0
90477 25
90903 0
91152 34
91597 0
91640 38
91808 0
92149 38
92249 0
93043 46
93157 0
93186 47
93469 0
93554 38
93659 0
93751 38
93777 0
93818 47
94345 47
95036 25
95235 0
95392 34
95686 0
95861 46
96108 0
96481 25
96760 47
96828 0
96829 34
97093 0
97226 25
97249 47
97645 0
97724 25
98258 46
98319 47
98353 25
98678 0
99031 38
99367 46
402 events for 5
25 99
106 0
460 86
593 50
924 61
1238 0
1394 57
2049 0
2212 67
2221 0
2622 78
3269 0
3756 86
3958 0
4104 50
4646 61
4745 0
4800 86
5271 71
5403 0
5543 57
5789 57
6326 0
6382 61
6753 63
7036 61
7095 0
7114 50
7124 0
7257 99
7258 0
7306 99
7427 0
7728 50
7851 0
8282 86
8300 0
8590 71
8605 67
8609 0
9763 61
10454 0
10669 57
10924 0
10948 67
11484 0
12225 67
12734 0
12788 67
13140 0
13199 78
13785 0
14222 99
14384 0
14471 50
14520 0
14758 71
14866 67
14997 57
15140 0
15637 63
16359 0
16669 50
16769 57
17606 0
17915 57
17936 0
18116 65
18235 99
18799 67
18892 0
19186 78
19197 0
19351 71
19454 0
19534 57
19595 0
19923 65
20668 78
20677 0
21127 65
21566 0
21785 99
21885 0
22068 50
22259 0
22521 57
22995 0
23125 71
23207 99
23283 0
23291 65
23357 63
23813 65
24012 86
24291 0
24320 86
24934 86
25018 67
25410 65
25714 0
25846 57
26130 0
26180 86
26494 71
26916 78
27028 0
27230 57
27325 0
27354 86
27449 0
27589 65
28264 0
28457 67
29135 0
29404 57
29476 0
29688 78
29869 99
29879 0
30705 99
30717 67
31441 0
31643 50
31819 65
31823 0
31997 78
32236 0
32277 50
32358 61
32566 0
32635 63
32693 0
32751 65
32767 0
32944 71
33342 0
33671 78
33728 67
33762 61
33775 0
33926 99
33933 0
33990 65
34005 0
34315 99
34445 0
34663 61
35422 65
35627 0
35831 50
36312 0
36403 99
36415 0
36563 61
37275 0
37683 61
38036 0
38306 99
38362 99
38370 0
38429 63
38605 99
39043 0
39240 99
39506 57
39762 67
40127 0
40216 50
40452 0
40543 78
40611 0
40778 86
41577 0
41593 65
41994 0
42128 50
42238 0
42431 61
42533 71
42954 0
43488 50
43616 0
43745 63
43760 0
43773 63
44296 0
44572 65
45470 65
45725 0
45744 61
45890 86
46094 57
46267 0
46427 78
47884 0
48014 99
48129 99
48419 50
48814 0
48860 65
49503 0
49715 63
49757 99
50701 0
50702 71
51239 67
51401 50
51661 71
52528 0
52588 71
52640 61
53090 0
53691 71
53954 0
54411 61
54590 0
54643 78
54746 0
55144 61
55191 0
55681 63
55853 0
55856 57
56198 57
56446 0
56696 99
56699 50
56850 0
57080 61
57600 0
57634 50
57905 0
58148 86
58265 0
58519 63
58526 0
58531 63
58777 0
58787 71
59370 61
59762 71
59778 0
59915 71
60060 0
60195 99
60837 0
60928 50
61034 0
61161 65
61254 0
61651 71
61842 0
62167 61
62243 0
62273 67
62553 0
62564 65
62728 0
62810 50
63011 0
63242 86
63709 0
63743 99
64315 67
64320 0
64546 78
64654 0
64891 86
65166 0
66269 78
66549 63
66890 78
66911 61
66936 71
67098 0
67654 67
67872 0
68025 61
68082 0
68563 71
69100 0
69315 65
69739 0
69931 78
69945 0
69989 78
70142 0
70357 50
70520 78
70538 0
70899 86
71088 0
71210 65
71342 0
72733 99
72826 0
73011 99
73194 0
73395 61
73444 0
73603 57
73952 0
75307 63
75316 0
75496 78
75725 0
75848 86
76027 0
76782 78
76793 0
77009 65
77526 0
77705 61
77821 57
78063 0
78757 78
78774 0
78916 71
78954 57
79161 99
79178 0
79249 50
80398 0
80520 67
81134 0
81444 71
81815 61
81836 0
82272 63
82809 0
82814 61
83065 0
83109 86
83253 0
83314 50
83466 0
83491 86
84175 50
84339 0
84349 67
84695 99
84750 61
85013 0
85071 57
85588 0
85967 65
86091 0
86244 65
86284 0
86678 57
87894 0
87970 57
88469 71
88507 99
88508 71
89049 78
89092 0
89191 67
89422 0
89504 63
89584 0
89662 63
89708 61
89748 0
90131 65
90926 0
91110 67
92057 0
92216 57
92356 0
92962 78
93137 50
93994 0
94188 57
94307 0
94558 78
94769 0
94792 78
95190 65
95398 57
95550 0
95991 57
96515 0
96900 67
96931 0
97042 57
97448 63
98114 0
98175 65
98456 0
98498 50
98636 0
98776 65
99001 0
99257 63
99297 0
99350 86
99426 0
99464 50
99519 65
99632 0
956 events for 6
0 41
108 62
168 0
199 45
336 0
664 53
708 0
748 53
874 0
926 53
947 62
979 0
1048 41
1123 0
1204 62
1452 0
1583 50
2014 0
2064 53
2134 0
2359 53
2411 0
2497 41
2760 0
2999 53
3138 41
3253 0
3502 41
3665 0
3802 62
3925 41
4008 0
4045 53
4116 0
4199 62
4285 62
4300 0
4303 45
4657 62
4844 0
5079 62
5090 45
5213 0
5523 50
5540 0
5579 41
5581 45
5596 0
5609 53
5938 0
6156 45
6167 41
6183 0
6201 50
6315 0
6320 45
6334 0
6453 41
6636 0
6662 50
6775 0
6781 45
6828 0
6902 45
7024 41
7121 0
7307 41
7383 0
7407 53
7740 41
7839 0
7951 41
8005 0
8218 53
8318 53
8329 41
8491 0
8503 50
8514 53
8518 0
8533 41
8613 0
8928 45
8981 53
9006 0
9104 50
9114 0
9159 45
9320 0
9372 41
9419 41
9530 53
10067 0
10086 53
10307 0
10336 50
10360 0
10709 45
10786 0
10912 41
10915 41
10954 0
11060 62
11203 50
11363 0
11438 53
11563 0
11861 45
11875 0
12144 53
12148 0
12289 50
12347 0
12476 50
12639 0
12708 53
12724 0
12734 41
12898 53
13196 0
13219 41
13377 0
13544 41
13767 0
13814 53
14100 0
14324 50
14358 50
14516 41
14673 0
14735 50
14891 0
14893 41
14947 0
15046 41
15313 0
15426 41
15446 53
15479 0
15501 41
15511 0
15660 62
15674 0
15714 41
15728 41
15735 53
15935 0
15951 53
16004 41
16081 0
16297 50
16508 41
16648 0
16800 62
16831 41
16840 0
17047 41
17064 0
17144 53
17170 0
17357 50
17515 0
17547 41
17553 53
17650 0
17711 62
17750 0
17870 62
18751 0
18806 41
18842 41
18869 0
19011 53
19156 62
19330 0
19384 41
19436 0
19446 41
19856 0
19881 62
19967 0
19984 62
20028 0
20123 50
20150 0
20584 53
20643 0
20742 41
20795 50
20847 0
21365 53
22010 0
22270 53
22380 53
22405 0
22587 53
22588 41
22676 53
22737 0
22762 62
22986 0
23561 62
23611 0
23706 53
23757 0
24070 53
24279 0
24351 45
24355 0
24479 53
24642 0
24793 45
24808 41
24813 0
24895 62
25115 0
25158 41
25195 41
25233 0
25311 53
25708 41
25914 0
25989 41
26071 45
26108 0
26174 62
26193 0
26522 53
26621 62
26677 53
26712 0
26722 41
26761 0
26771 41
26932 0
27039 41
27206 53
27254 41
27316 0
27371 41
27478 0
27644 41
27728 0
27745 41
27839 0
28029 53
28172 53
28553 0
28687 45
28837 0
28898 50
28937 0
29081 41
29285 0
29434 50
29555 0
29695 50
29716 0
29742 53
29883 50
29919 0
29927 62
29963 45
30135 0
30243 53
30475 0
30612 45
30768 0
31005 62
31240 0
31400 53
31543 0
31559 53
31576 53
31589 41
31593 0
31741 41
31859 50
31949 0
31950 53
31955 0
31974 53
32045 53
32055 0
32222 53
32273 0
32319 41
32414 45
32466 50
32540 0
32544 53
32614 0
32621 53
32824 0
32853 53
33109 41
33125 41
33130 50
33153 0
33198 41
33223 50
33273 62
33323 0
33537 50
33568 0
33722 41
33808 62
33835 0
34000 53
34166 0
34224 50
34234 0
34262 41
34580 0
34595 53
34609 0
34688 41
34841 0
34862 62
34871 0
34891 41
35089 0
35250 41
35389 0
35409 41
35492 0
35543 53
35563 0
35594 50
35694 50
35856 62
35862 0
35984 53
36123 50
36458 53
36546 53
36990 41
37142 41
37249 0
37262 41
37292 0
37368 53
37383 0
37453 41
37517 0
37526 45
37631 0
37732 62
37816 53
37873 53
37897 53
38008 0
38022 53
38119 0
38124 62
38131 45
38154 0
38214 53
38252 45
38526 0
38740 45
38772 0
38943 45
39211 62
39251 0
39335 50
39366 0
39760 62
39787 62
39817 0
39845 50
40003 0
40029 45
40062 0
40071 53
40080 0
40483 62
40555 0
40747 53
40896 0
41014 53
41070 0
41152 41
41225 0
41235 53
41497 0
41762 53
41776 0
41796 41
41872 0
41879 50
41989 0
42224 62
42231 0
42351 41
42708 0
42750 53
42751 0
42854 41
43376 0
43482 41
43505 0
43583 53
43902 0
44095 45
44099 50
44113 0
44130 53
44140 0
44313 53
44350 0
44387 41
44463 53
44509 0
44565 53
44571 53
44595 62
44635 0
44788 41
44797 0
44836 53
44931 45
44968 0
44975 53
44997 0
45024 45
45114 41
45305 0
45330 50
45397 0
45406 41
45417 62
45489 45
45717 0
45813 53
45814 41
46048 0
46106 41
46376 50
46468 0
46489 53
46953 50
47430 45
47509 0
47609 53
47641 0
47650 45
47814 0
47939 41
47974 0
48148 41
48161 0
48228 41
48360 0
48390 53
48569 0
48678 41
49087 0
49126 41
49457 50
49671 53
49857 0
50008 62
50135 53
50269 41
50384 0
50385 41
50404 0
50489 53
50572 0
51258 45
51262 0
51289 62
51363 0
51466 41
51659 0
51975 45
52198 0
52304 50
52609 0
52671 41
52697 0
52768 50
52894 0
53014 62
53113 50
53119 0
53129 41
53649 41
53704 45
54086 53
54099 0
54432 53
54511 0
54562 41
54632 0
54685 45
54699 0
54719 53
54887 0
54966 62
54968 0
54974 53
54993 0
55057 62
55061 0
55234 53
55261 0
55619 62
55735 41
55741 0
56050 53
56120 0
56356 62
56400 0
56402 53
56438 45
56463 53
56464 45
56504 0
56613 41
56634 0
56641 41
56840 53
56921 0
57045 41
57435 0
57450 45
57592 41
57611 45
57622 53
57788 53
57789 41
57820 0
57981 41
58044 50
58060 0
58102 53
58134 41
58567 0
58626 50
58743 0
58858 53
58863 41
58882 0
58904 45
59030 0
59200 53
59518 41
59540 0
59703 50
59733 50
59857 0
59919 62
60008 0
60087 41
60233 0
60311 50
60318 0
60529 41
60605 0
60872 53
60908 0
60965 41
61071 0
61077 41
61079 0
61162 45
61465 53
61597 0
61707 50
61816 0
61835 41
61898 0
61909 41
61950 0
62396 41
62472 0
62559 41
63112 0
63113 41
63172 0
63219 53
63234 0
63238 53
63311 0
63612 62
63821 0
63866 53
63940 0
63972 53
63974 0
64031 41
64122 0
64190 45
64291 0
64379 53
64479 0
64541 45
64567 0
64606 62
64625 0
64642 41
64706 0
64723 41
64735 0
64860 41
64943 45
64973 0
65103 41
65222 0
65465 41
65552 0
65771 41
65841 45
65847 0
65952 53
65976 0
66027 50
66155 0
66209 50
66259 0
66332 50
66354 0
66401 50
66616 53
66668 0
66729 53
66921 0
67300 50
67461 0
67493 53
67525 0
67723 62
68313 0
68323 41
68514 0
68518 53
68626 0
68798 53
68979 0
68991 41
69233 0
69242 53
69278 0
69291 53
69462 0
69615 53
69649 0
69747 62
69869 0
69886 53
70064 41
70074 0
70116 45
70220 0
70247 41
70349 0
70397 53
70539 0
70575 41
70687 50
70827 0
70876 53
70892 0
70983 41
71033 0
71054 45
71260 41
71339 53
71412 41
71434 0
71467 62
71700 41
71754 0
71760 41
71816 0
71936 53
71937 50
72098 0
72103 62
72177 0
72206 50
72346 0
72814 41
72856 41
72867 62
72910 53
72936 0
72986 45
73051 0
73227 53
73256 0
73350 53
73422 0
73472 45
73504 0
73609 53
73699 41
73753 0
73778 45
73791 41
73795 0
73862 50
73881 0
73982 41
73993 0
74376 50
74544 0
74617 50
74654 53
74674 0
74765 45
74936 45
75186 41
75206 0
75264 53
75337 0
75431 45
75466 53
75468 0
75709 45
75757 0
76094 41
76133 0
76134 53
76184 0
76430 41
76709 53
76902 0
77127 53
77203 0
77234 45
77275 53
77295 0
77615 41
77888 0
77922 50
77949 53
77993 0
77996 45
78034 62
78067 41
78155 0
78171 45
78331 62
78408 0
78538 45
78785 53
79043 53
79096 62
79154 45
79317 0
79367 41
79403 0
79681 41
79995 45
80500 0
80541 50
80735 41
80803 53
80804 50
80848 0
80877 50
80902 0
81020 53
81441 62
81468 0
81716 53
81837 0
81898 50
81904 53
81983 0
82161 50
82264 53
82294 0
82374 62
82414 0
82417 41
82491 0
82516 53
82723 0
82826 50
82914 0
83012 45
83024 41
83134 0
83167 41
83171 62
83376 0
83428 41
83473 0
83623 53
83651 0
83663 53
83681 62
83709 0
83786 53
83799 0
83901 62
83935 50
83968 53
84056 0
84157 41
84243 0
84344 53
84457 0
84597 53
84933 62
84968 53
85050 50
85199 53
85291 0
85329 62
85374 0
85563 62
85615 0
85853 41
85974 0
86041 62
86071 0
86083 41
86098 0
86162 62
86186 41
86197 0
86223 53
86242 0
86329 62
86599 0
86618 45
86674 0
86732 50
86756 0
86883 62
86953 0
86983 41
87109 0
87217 53
87279 0
87342 41
87413 41
87430 0
87434 53
87441 0
87666 50
87701 0
87902 45
87919 0
88119 62
88303 53
88332 50
88334 41
88375 45
88456 0
88469 62
88531 0
88550 41
88557 50
89080 45
89547 0
89738 41
89787 53
89897 0
89933 50
90166 53
90245 62
90508 0
90579 53
90595 0
90721 41
90796 0
90871 53
91035 0
91092 41
91134 0
91158 53
91207 0
91505 53
91552 41
91638 0
91833 62
91850 0
92071 41
92228 0
92231 50
92367 53
92500 0
92623 62
92642 0
92748 62
92924 50
92953 0
93255 45
93423 0
93488 62
93536 50
93591 0
93679 41
93768 0
93858 53
93889 0
93943 45
93987 50
94125 53
94269 0
94505 45
94550 0
94846 41
94881 0
94965 53
94987 0
94999 41
95060 0
95067 53
95103 0
95189 62
95200 0
95314 41
95355 0
95808 53
96184 0
96228 53
96343 53
96596 53
96610 0
96623 53
96786 0
96791 45
96886 53
97010 0
97039 41
97227 0
97247 41
97386 0
97620 50
97768 0
97874 62
98021 0
98058 41
98099 0
98205 41
98221 62
98301 0
98425 41
98443 0
98520 50
98633 53
99286 0
99463 53
99613 0
99658 41
99678 0
99733 41
99826 0
99832 62
707 events for 7
57 77
65 77
155 77
182 0
288 77
390 77
444 0
462 68
530 0
840 68
1121 0
1295 68
1334 77
1427 0
1567 68
1731 68
1751 0
2077 77
2287 0
2329 77
2615 0
2638 77
2748 68
2816 68
3089 0
3180 77
3227 0
3245 68
3390 0
3771 77
4011 0
4012 77
4013 0
4225 68
4272 0
4311 77
5285 0
5576 68
5800 77
6244 68
6406 0
6436 68
6571 0
7151 77
7451 77
7475 77
7524 0
7667 68
7694 77
8241 68
8317 0
8371 68
8454 0
8458 68
8496 0
8838 77
8856 77
9020 0
9108 68
9425 0
9469 68
9503 77
10157 68
10262 0
10263 68
10616 0
10900 68
11024 0
11274 68
11561 0
11695 77
11928 0
12069 68
12263 0
12351 68
12384 68
12392 68
12593 0
12827 68
12847 0
12854 77
12954 77
13243 0
13299 68
13391 68
13589 77
13936 68
13940 0
14090 77
14440 0
14643 68
14668 68
14681 68
15030 0
15224 77
15615 77
15744 0
15910 68
15931 77
15991 0
16246 77
16420 0
16423 68
16454 0
16477 68
16490 0
16659 77
17007 0
17032 68
17236 68
17623 68
17638 0
17712 68
17924 0
17928 68
17992 0
18119 68
18206 0
18235 77
18324 0
18345 68
18372 77
18395 0
18629 68
19095 0
19266 77
19280 0
19290 68
19716 0
19975 68
20056 68
20078 68
20253 68
20292 0
20386 68
20449 0
20698 68
20824 0
20890 77
20927 0
21128 77
21344 77
21357 0
21369 77
21483 68
21946 0
22013 68
22181 0
22199 77
22215 0
22233 77
22371 0
22399 77
22409 0
22558 77
22590 0
22717 68
22749 0
23045 77
23522 0
23608 68
23627 0
23692 68
23707 0
23853 68
23936 68
23981 0
24011 77
24017 68
24104 0
24274 77
24384 0
24387 68
24441 0
24458 68
24981 0
25150 68
25437 0
25457 68
25749 0
25934 68
25978 0
26025 68
26030 0
26048 68
26152 0
26501 68
26654 0
26679 68
26807 68
26809 0
27342 68
27848 0
27873 77
28023 0
28043 77
28087 77
28112 0
28592 77
28775 0
28979 77
29052 0
29055 77
29065 0
29478 68
29540 0
29565 77
29592 68
29751 77
30514 0
30676 68
30735 68
30775 77
30862 0
30942 77
31013 0
31205 77
31239 0
31402 68
31465 0
31617 77
31769 0
31800 68
31830 0
32035 68
32109 0
32219 77
32286 77
32698 68
32866 0
32880 68
33145 0
33285 68
33412 0
33455 68
33619 0
33781 77
33867 68
34010 0
34263 77
34416 0
34441 68
34610 0
34760 68
35079 0
35210 68
35380 0
35394 77
35640 0
35650 68
35706 0
35723 77
36004 0
36011 68
36138 68
36575 0
36637 68
36953 0
37156 68
37263 0
37269 77
37421 0
37706 68
37855 68
38142 0
38290 68
38534 0
38547 68
38647 77
38707 0
38763 77
38868 0
38949 68
39292 0
39335 77
39396 0
39607 77
39939 0
40010 77
40045 0
40306 68
40416 0
40594 68
40718 0
40879 68
40928 0
40931 77
41215 0
41265 68
41509 77
41603 0
41808 77
42042 0
42362 77
42603 0
42742 68
42877 0
42918 68
42999 77
43055 0
43272 77
43301 0
43423 77
43504 0
43715 68
43737 0
43815 77
44186 0
44218 68
44520 0
44587 68
44609 77
44624 0
44665 68
44743 68
44883 0
44972 68
45633 0
45695 68
45725 68
45748 77
45828 0
45861 77
46229 0
46351 77
46389 68
46440 77
46455 68
46602 0
46659 68
46835 0
46957 77
47011 77
47245 68
47258 0
47494 68
47590 0
47609 68
47658 0
47684 68
47721 0
47866 77
48320 77
48379 77
48479 0
48502 77
48588 68
48730 0
48751 77
48987 77
49099 0
49116 68
49165 0
49189 77
49393 0
49683 77
49712 0
49842 68
49912 77
50060 0
50083 77
50266 0
50439 68
50551 0
50663 77
50671 77
50825 77
50991 0
51000 77
51167 0
51214 77
51222 0
51557 77
51566 0
51585 77
52122 77
52143 0
52187 77
52476 68
52708 0
52721 77
52727 0
52998 68
53409 0
53430 68
54555 0
54652 68
54866 68
55042 0
55068 77
55176 0
55870 77
55886 0
56107 68
56154 0
56224 68
56240 0
56247 68
56585 0
56586 77
56807 0
57146 68
57179 0
57235 77
57370 0
57382 77
57796 0
57889 77
58097 0
58109 68
58140 0
58265 77
58362 0
58546 68
58672 0
58917 77
59100 68
59101 0
59362 77
59576 77
59624 0
59796 68
59820 0
60114 68
60122 77
60156 0
60520 77
60815 0
60836 77
61066 0
61443 77
61539 68
61590 0
61770 68
61886 0
62013 77
62026 0
62116 77
62258 68
62608 77
62664 68
62715 77
63224 77
63349 0
63669 77
63708 0
63810 77
63952 0
64295 68
64369 0
64488 68
64509 68
64643 0
64645 68
64773 68
64846 0
64930 77
64950 77
65062 0
65117 77
65138 0
65567 68
65723 0
65839 68
65852 0
65922 77
66205 0
66271 77
66569 0
67095 77
67198 0
67322 68
67487 77
67494 0
67634 68
67710 68
68145 68
68314 0
68338 77
68513 0
68811 68
69575 0
70005 77
70151 0
70299 68
70577 68
70608 0
70706 68
70798 0
70905 77
70935 0
71016 68
71266 68
71339 0
71722 77
71989 0
72054 77
72100 77
72114 77
72154 77
72387 0
72463 68
72540 77
72794 0
72901 68
72903 0
72994 68
72996 0
73325 77
73342 0
73399 68
73517 0
73555 77
73672 68
73741 0
73750 77
73978 68
74145 0
74151 68
74168 0
74694 68
74741 0
74997 68
75175 77
75209 0
75309 68
75344 0
75357 77
75404 68
75793 0
75813 77
76255 0
76259 68
76382 0
76990 77
77683 0
77819 68
78098 0
78159 68
78202 0
78322 68
78354 0
78515 68
78650 0
78798 68
78860 0
79137 68
80044 0
80063 77
80086 77
80278 77
80362 0
80425 77
80877 68
81307 0
81514 77
81759 68
81836 77
81885 77
82040 68
82066 0
82077 77
82200 0
82826 77
83046 0
83170 68
83203 77
83395 68
83511 0
83641 77
83744 0
84090 77
84103 0
84188 68
84279 0
84433 68
84607 77
84617 0
84893 68
84977 68
84987 68
85024 68
85087 0
85088 77
85133 0
85148 68
85271 68
85273 0
85280 68
85416 68
85537 0
85571 68
85932 68
85937 0
86024 77
86061 77
86244 0
86276 77
86321 0
86337 77
86418 0
86442 68
86662 0
86723 77
86759 0
86887 68
86938 0
86965 68
87155 77
87500 0
87633 68
87641 0
87695 68
88073 0
88274 77
88299 77
88510 77
89323 0
89385 77
89509 77
89552 0
90210 77
90686 68
90731 0
90779 68
90926 77
91086 0
91179 77
91285 0
91381 77
91460 77
91772 68
92064 0
92073 68
92225 68
92371 0
92406 68
92575 68
92619 0
92874 68
92922 68
93091 0
93568 77
93603 0
93606 68
93635 0
93723 77
93762 0
93943 77
94153 0
94294 77
94679 0
94799 77
94817 0
94933 68
94959 77
95069 0
95303 77
95425 0
95427 77
95500 0
95712 68
95912 0
95962 68
95991 77
96068 68
96080 68
96151 68
96163 77
96196 0
96247 77
96453 0
96514 68
96638 77
96666 77
96718 0
96796 77
96973 0
97017 77
97062 77
97125 77
97172 0
97199 68
97240 0
97270 68
97282 0
97303 68
97341 0
97396 77
97431 0
97435 68
98078 0
98261 68
98402 0
98462 77
98585 77
98588 0
98612 68
98772 0
98922 68
99092 0
99107 68
99326 0
99688 68
99763 0
99813 77
99858 0
114 events for 8
138 83
563 0
966 78
4872 0
5755 80
5802 87
6335 0
6972 80
7552 0
8830 87
9190 0
9454 87
9921 77
10253 0
11308 77
13089 0
13543 86
14116 0
15193 80
15519 80
15584 86
17381 0
17691 86
19627 80
21602 0
22150 86
22320 0
23022 86
25409 0
25543 78
25576 0
25747 77
26928 0
27074 77
27289 0
27575 83
27594 0
27776 77
28234 78
29339 0
31778 77
31964 83
33069 0
33878 78
34569 0
34860 78
35387 0
39691 87
43542 0
43657 80
46352 77
47271 0
48521 78
48901 77
49091 0
51034 87
51264 0
51375 86
52070 88
52237 0
52517 80
52572 0
52644 83
52983 78
53449 0
54067 77
55689 88
56878 0
56957 77
59024 88
59101 0
60416 88
64229 0
64439 87
64604 0
64751 80
65794 0
66511 80
67415 0
67998 88
69056 0
70371 80
71924 0
72085 77
72153 83
72337 0
73144 83
74579 0
75222 86
76669 0
77265 77
78296 0
81967 83
82245 88
82769 87
83615 0
84386 83
84858 0
85789 80
86483 0
86698 83
86815 86
87051 0
87147 80
88059 0
89290 87
89439 0
90206 77
90690 0
94506 87
97629 0
98229 83
99331 87
99350 0
557 events for 9
214 47
228 0
229 47
638 0
646 47
966 38
1019 0
1265 40
1442 0
1488 38
1899 0
2040 40
2060 47
2106 0
2402 38
2470 40
2480 0
2706 30
3028 38
3306 0
3408 38
3525 0
3583 47
3721 0
3809 30
3857 0
4007 38
4606 0
5007 38
5267 0
5352 38
6195 38
6295 30
6344 47
6420 0
6613 47
6805 0
6836 30
7181 40
7381 0
7460 38
8318 0
8460 47
8500 0
8580 47
8962 40
9168 0
9285 38
9293 47
9317 0
9980 47
9996 0
10043 30
10059 0
10073 38
10088 0
10547 38
10596 0
10662 40
10795 40
10987 0
11915 40
12296 0
12755 47
12793 47
12879 0
13072 30
13148 38
13170 0
13603 38
13723 0
14306 38
14497 0
14817 30
14847 38
15007 0
15089 38
15198 0
15387 30
15595 0
15767 38
15856 0
16266 47
16600 0
16683 38
16793 0
16838 47
17077 0
17125 38
17157 0
17606 40
17921 0
18143 38
18304 0
18738 40
18951 0
19270 38
19332 38
19534 0
19572 38
19753 38
20081 0
20140 40
20194 0
20371 47
20383 0
20449 40
20717 38
20736 47
20796 0
20933 40
21031 38
21470 0
21567 38
21825 38
21850 40
22078 0
22261 40
22606 0
22709 30
23063 40
23127 38
23264 38
23266 40
23449 0
23459 30
23543 0
23568 47
23650 0
23658 38
23725 38
24570 0
24589 40
24719 30
24919 0
25199 38
25406 0
25481 30
25739 0
26144 47
26303 0
26443 30
26467 0
26506 30
26931 40
27010 0
27018 38
27131 0
27310 40
27507 0
27625 30
27666 0
27682 38
27968 0
28324 47
28452 0
28687 38
29755 38
30098 0
30654 47
30675 0
30692 38
30832 0
31200 47
31367 0
31399 30
31496 40
31513 0
31837 47
31879 38
32414 0
32708 30
32733 38
32759 0
32872 47
33061 0
33238 30
33364 0
33654 38
33665 38
33906 0
33933 40
33953 30
34073 0
34414 40
34661 0
34789 30
35023 0
35160 38
35167 0
35299 38
35407 38
35478 0
35542 38
35919 0
36046 40
36566 38
36582 38
36720 0
36757 47
36972 0
37134 38
37165 0
37243 47
37536 40
37550 30
37912 47
38024 0
38042 38
38055 0
38443 40
38727 47
38935 0
40300 47
40757 0
40898 38
41089 47
41356 47
41439 30
41554 0
41566 38
41914 0
42310 47
42537 0
42673 47
42946 0
43236 38
43419 0
43625 38
43645 0
43973 47
44885 0
44905 30
44947 0
45037 38
45165 40
45943 0
45963 30
46164 0
46374 38
46421 0
46459 47
46940 30
47133 47
47717 40
47758 0
47861 38
47864 30
48079 0
48286 38
48302 0
48510 40
48661 40
48691 0
48796 38
48886 0
49335 40
49500 0
49749 38
49856 0
49893 40
49925 38
50055 0
50235 38
50527 0
50747 40
50812 38
50981 38
51116 0
51202 40
51682 0
52164 38
52253 40
52275 0
52702 38
52859 0
53123 30
53131 0
53165 38
53234 38
53253 0
53344 38
53456 0
53622 40
53831 0
53848 40
53867 0
53994 38
54128 40
54140 0
54183 38
54382 0
54884 38
54925 0
55015 40
55239 38
55816 38
56071 0
56336 38
56632 0
56892 30
57113 38
57277 30
57407 40
57466 38
57591 0
58051 38
58320 0
58462 30
58537 0
58753 38
58983 38
58987 38
59501 0
59652 38
59759 0
59923 38
59971 38
59994 0
60093 47
60101 0
60619 30
60712 0
61081 40
61356 0
61436 47
61494 0
61761 30
61768 0
61896 40
62187 0
62435 40
62703 0
62923 30
62932 0
63118 47
63249 38
63536 38
64018 0
64182 47
64220 0
64274 40
64300 0
64378 38
64405 0
64647 38
64719 0
64998 30
65193 38
65318 0
65400 38
65451 38
65767 0
65776 40
65808 0
65816 40
65881 38
66018 0
66184 30
66257 0
66430 30
66645 47
66695 47
66766 0
67020 40
67210 0
67212 30
67462 0
67534 38
67545 0
68031 38
68071 0
68108 30
68258 47
68472 0
68521 40
68875 0
68983 47
69024 0
69186 40
69599 38
69753 0
70241 38
70475 0
70604 47
70811 0
70851 47
71004 0
71209 40
71235 38
71330 0
71635 47
71642 30
72015 0
72098 30
72246 0
72281 40
72286 0
72608 30
73249 0
73860 40
73925 0
74053 47
74056 40
74345 38
74409 0
74440 38
74445 0
74741 40
74811 0
74815 47
75099 0
75196 47
75889 0
75984 38
76043 0
76217 38
76338 30
76455 0
76550 38
76565 30
77728 0
77773 47
77824 0
77999 30
78191 0
78286 30
78989 40
79112 0
79115 47
79209 30
79343 30
79392 38
79538 38
79701 0
79899 47
80393 0
80424 38
80613 0
80838 30
81582 40
81934 38
82003 0
82086 40
82505 0
82639 38
82951 40
83281 0
83348 47
83440 0
83520 38
83564 0
83644 38
83689 0
84434 38
84616 0
84657 40
84945 0
84997 38
85134 0
85224 38
85510 0
85581 38
85892 0
86073 38
86089 30
86183 47
86215 47
86496 38
86551 40
86869 0
86950 40
87218 38
87916 47
87930 0
87970 38
88039 38
88118 0
88437 47
88534 0
88546 38
88736 30
88961 0
89055 47
89077 0
89081 38
89319 30
89867 0
90132 30
90149 0
90216 47
90346 0
90428 30
90573 0
90655 30
90805 0
91013 38
91129 0
91431 40
91456 0
91555 38
91609 0
91785 38
92324 0
92953 40
93048 0
93070 40
93086 0
93169 47
93207 0
93338 38
93357 0
93369 47
93457 0
93709 47
93809 38
93956 0
94233 30
94337 0
94505 38
94729 0
94971 47
95340 0
95489 40
95648 0
95968 47
96007 0
96032 38
96242 0
96360 30
96390 0
96446 38
96759 38
96767 30
96812 0
97260 40
97597 0
97727 40
97781 0
97962 40
98044 38
98231 0
98430 40
98488 0
98515 30
98557 38
99005 40
99308 38
99411 0
99554 40
99714 0
99718 47
99745 40
99753 0
99888 30
99897 0
99983 40
488 events for 10
163 43
231 0
376 39
490 53
1423 0
1529 53
1840 49
2015 0
2272 56
2426 0
2460 55
2526 50
2593 0
2821 43
3266 0
3275 53
3691 0
3696 41
3735 50
4062 0
4096 55
4104 0
4250 56
4379 0
4491 56
4841 0
5149 49
5169 56
5207 0
5562 39
5794 50
6187 0
6480 43
6834 0
7202 41
7312 50
7443 0
7576 55
7634 56
7919 53
7964 0
8041 55
8546 0
8553 50
8575 0
8939 43
9074 41
9109 0
9543 41
9622 0
9742 39
9884 56
10147 0
10351 56
10530 0
10855 53
11003 0
11068 50
11214 0
11295 41
11308 0
11339 55
11771 0
12143 50
12205 53
12344 41
12369 0
12573 56
12635 55
12735 43
12783 0
12919 39
13182 0
13355 53
13607 53
13861 0
14348 56
14397 55
15139 0
15190 50
15272 0
15305 41
15353 0
15361 50
15660 0
15735 43
15780 0
16233 49
16383 0
16397 49
16714 56
16748 55
16804 0
16996 53
17289 0
17786 55
17918 0
18031 39
19568 0
19628 41
19998 0
20129 43
20641 0
21198 56
21282 0
21422 41
21574 43
21635 0
21736 41
21924 0
22043 49
22201 0
22237 43
22238 41
22240 0
22448 56
22462 49
22508 0
22512 49
22536 0
22788 41
22827 0
23253 56
23294 50
23449 0
23658 49
23725 0
23738 56
23788 0
24407 39
25106 0
25407 43
26124 0
26280 49
26385 43
26403 41
26479 56
27231 50
27279 55
28098 49
28237 53
28478 0
28550 43
28618 0
28675 56
28697 55
28947 0
29040 39
29134 0
29145 50
29176 0
29228 49
29439 0
29452 56
29610 0
29753 53
29853 53
30120 41
30634 49
30897 43
31495 0
31641 56
31732 55
31843 0
31902 43
33049 55
33464 56
33528 53
33692 56
34345 0
34574 39
34859 0
35111 49
35200 0
35234 50
35235 0
36092 49
36515 0
36562 55
36585 53
36679 0
36811 56
36951 0
37179 56
37589 0
37678 50
37923 0
37980 41
38022 0
38309 39
39072 49
39091 50
39471 0
39534 53
39768 56
39823 50
40184 53
40220 0
40350 55
40538 0
40613 39
40969 0
41271 49
41354 0
41604 39
41758 0
42293 56
42625 0
42708 49
42910 0
43053 50
43165 0
43384 55
44031 56
44252 0
44270 49
44547 0
44597 53
44698 0
44772 49
45285 0
45373 56
45413 0
45440 41
45443 53
45475 0
45484 55
45512 0
45613 49
45656 0
45922 43
46056 53
46135 0
46195 56
46554 0
46583 41
46682 0
46691 43
46956 43
46988 0
47033 39
47251 0
47540 39
47857 0
48789 56
48796 0
48843 41
48900 0
49318 55
49344 0
49411 41
49622 0
49874 41
50030 0
50112 56
50114 0
50139 55
50651 0
50728 39
51510 49
51937 55
51938 50
51951 56
52135 0
53242 49
53803 53
53805 56
54616 41
54788 0
54935 39
55286 0
55396 39
55691 56
56159 0
56253 39
56346 53
56740 0
56799 55
56816 0
56977 39
57254 0
57258 53
57271 56
57286 0
58129 55
58138 0
58582 56
58624 0
58915 53
59390 39
59440 0
59587 53
59901 39
60155 0
60356 39
60395 0
60408 56
61077 39
61115 0
61152 56
61323 53
61451 50
61580 53
61840 0
61882 50
61962 53
62282 0
62591 55
62672 0
63010 53
63857 0
63914 41
64472 0
64564 53
64608 43
64702 43
64703 0
64891 56
64971 0
65110 41
65249 0
65264 49
65351 0
65545 43
65750 0
65801 53
66002 0
66069 56
66208 56
66300 0
66398 49
66474 0
66758 43
67035 0
67653 53
67740 0
67896 43
68106 0
68325 39
68598 0
68635 55
68916 49
69137 0
69467 55
69497 0
69734 50
70025 0
70075 49
70235 55
70351 43
70389 53
70428 56
70444 0
70491 53
70931 0
71275 49
71640 55
71699 56
71728 0
71862 41
72347 41
72420 0
72535 55
72743 0
73489 49
73577 55
73642 0
73816 53
73964 43
73966 0
73971 55
74151 56
74237 0
74384 53
74468 0
74498 50
74992 55
75761 0
75854 41
75871 0
75909 49
76269 0
76427 56
76834 0
76914 56
77346 0
77510 43
78593 0
78610 41
79054 0
79072 53
79163 0
79378 50
80611 0
80690 55
80832 0
81156 56
81387 0
81487 55
81570 0
81708 56
82082 0
82265 41
82695 56
82740 0
82833 50
82872 0
82950 43
83553 0
83571 53
83650 0
83665 43
83734 39
84319 43
84448 0
84450 43
84543 56
84717 50
84891 0
84988 49
85056 0
85621 56
86010 0
86230 43
86467 0
86561 56
86593 55
86637 0
87549 41
87720 0
87891 50
87962 0
87993 49
88018 0
88418 53
88603 55
88814 0
88910 55
89046 0
89454 50
89933 0
90047 41
90057 0
90205 49
90293 0
90583 55
90719 39
90971 0
91197 56
91365 0
92173 50
92183 56
92426 0
92513 41
93337 0
93444 50
93683 0
93744 55
93799 53
93994 0
94085 55
94110 0
94228 50
94529 0
94563 49
94792 0
94793 56
94833 0
94973 56
96181 0
96346 55
96484 56
96518 0
96650 50
96782 0
96865 56
97025 0
97234 55
97292 0
97298 39
97746 0
98032 41
98347 0
98608 50
98701 53
99406 0
99944 55
99978 0
784 events for 11
36 42
69 38
421 0
518 38
571 0
750 37
1107 42
1147 0
1284 38
1287 0
1314 56
1433 51
1488 0
1577 42
1662 0
1804 42
2324 0
2457 40
2554 0
2803 42
3165 0
3394 40
3699 0
3935 42
4131 0
4548 56
4801 0
4808 42
4846 37
5124 37
5141 0
5157 42
5164 37
5312 0
5374 38
5396 0
5532 40
5743 0
5839 37
6031 0
6141 37
6261 0
6279 38
6349 0
6431 37
6482 51
6779 0
6855 40
6897 0
7216 38
7357 0
7397 56
7417 37
7472 0
7797 56
8034 0
8148 51
8226 0
8278 40
8548 0
8572 37
8704 0
9643 38
9729 0
10004 42
10339 0
10686 38
10901 0
11031 51
11120 0
11367 38
11556 42
11593 0
11695 42
11739 42
11791 38
11927 0
12056 56
12283 38
12466 0
12498 40
12626 0
12857 40
12881 0
13072 37
13148 0
13151 56
13219 0
13261 40
13362 0
13364 40
13522 0
13696 38
14038 51
14339 0
14347 56
14408 0
14623 56
14631 38
14683 42
14770 0
14933 38
14938 38
15250 0
15333 56
15475 0
15665 38
15796 0
16028 40
16360 0
16441 40
16969 0
16994 37
17059 0
17243 37
17253 0
17345 42
17633 0
17816 51
17920 51
17922 40
18043 42
18085 0
18195 56
18232 0
18298 51
18681 42
18735 42
18939 0
18948 51
18953 0
19235 38
19598 42
19668 0
19776 40
19874 0
19878 40
19892 56
19958 0
19972 37
20277 42
20440 56
20531 0
20630 56
20806 0
20817 37
21071 0
21133 56
21135 0
21166 38
21238 0
21554 51
21573 0
21620 37
21737 0
21870 51
22094 0
22101 38
22121 56
22127 0
22254 42
22330 0
22336 40
22403 0
22684 56
22962 0
23101 38
23112 0
23128 51
23326 42
23332 51
23378 40
23533 40
23688 0
23735 56
23798 0
23894 40
24126 0
24202 51
24374 51
24394 56
24428 0
24575 40
24597 0
24964 38
24976 0
25102 37
25166 37
25236 0
25436 38
25578 0
25910 51
25922 0
26009 37
26125 37
26194 0
26392 42
26581 0
26738 42
26979 42
26996 40
27148 0
27276 38
27278 0
27541 56
27870 37
28056 0
28151 40
28462 0
28487 40
28567 0
29072 42
29308 0
29428 51
29618 38
29723 0
29759 37
29900 0
29970 51
30069 0
30129 38
30136 40
30488 42
30493 40
30712 0
30874 56
31261 40
31312 0
31372 38
31575 0
31610 56
31922 0
32024 56
32034 0
32119 38
32243 42
32341 38
32577 40
32618 0
33232 37
33583 51
33727 0
33738 56
34011 0
34163 42
34492 37
34520 0
34580 40
34623 42
34661 0
34701 51
34750 0
34920 56
34931 0
35071 40
35305 0
35410 37
35560 0
35739 38
35840 51
36225 37
36395 0
36406 51
36547 0
36800 37
36853 0
37198 40
37295 56
37297 0
37378 56
37394 0
37444 37
37492 0
37555 42
37668 0
37808 38
37843 40
38125 37
38327 56
38435 0
38464 56
38542 51
38621 0
38929 51
39091 42
39199 0
39307 56
39374 0
39425 51
39602 0
39759 40
40226 0
40277 40
40335 0
40355 56
40451 0
40745 51
40821 38
40976 0
41117 37
41625 0
41804 38
41866 0
41930 40
42072 0
42124 42
42144 0
42675 38
43158 0
43184 38
43356 0
43616 42
43782 0
43800 42
44081 37
44173 0
44248 38
44333 38
44423 0
44433 51
44918 51
45123 0
45347 51
45525 37
45678 0
45762 37
45909 0
45969 51
46298 0
46488 56
46612 0
46613 37
46638 0
46819 42
46928 0
47301 38
47460 51
47480 42
47510 42
47598 0
47779 38
47845 38
47874 0
47892 37
47924 0
48128 40
48154 0
48461 37
48624 38
48791 42
48907 0
49168 42
49186 0
49285 51
49488 40
49771 0
49998 42
50003 0
50123 56
50163 0
50175 37
50309 0
50400 40
50680 0
50718 51
50762 0
50894 42
51055 56
51090 42
51135 0
51170 56
51177 0
51232 56
51400 56
51467 38
51664 0
51708 38
51897 56
51948 51
51958 38
51963 40
51966 0
52062 42
52132 0
52201 56
52309 40
52401 0
52408 38
52621 0
52629 56
52632 0
52931 38
52988 0
53047 37
53386 0
53560 37
53660 0
53818 42
53836 0
53841 37
53856 0
53860 38
53880 0
53954 42
54056 40
54063 0
54286 51
54334 0
54400 37
54411 51
54536 37
54742 42
54776 0
54958 37
54997 0
55165 37
55209 42
55295 0
55300 38
55525 0
55573 37
55789 0
56119 40
56149 0
56220 38
56307 0
56485 40
56798 40
57014 0
57050 51
57136 0
57348 51
57440 0
57525 40
57568 40
57687 51
57692 56
57764 51
57904 0
58228 40
58304 0
58402 56
58575 40
58720 51
58766 0
58866 51
58976 0
59079 37
59128 0
59345 42
59612 0
59915 56
60018 0
60269 51
60339 0
60425 56
60474 0
60494 40
60750 0
60822 42
60833 0
60879 37
61196 0
61256 40
61277 0
61340 38
61462 0
61775 56
61807 0
62067 42
62161 0
62276 51
62297 51
62528 0
62638 38
63507 37
63710 0
63746 38
64211 0
64306 51
64319 0
64323 56
64385 0
64449 37
64632 38
64837 0
64894 56
65083 0
65182 38
65233 0
65242 51
65348 0
65399 56
65580 0
65945 37
66162 0
66208 51
66215 0
66339 40
66379 0
66524 40
66587 51
66606 0
66735 56
66835 0
66858 56
66887 0
66960 40
66994 0
67044 42
67090 42
67122 0
67350 42
67458 56
67484 42
67800 42
68056 0
68108 42
68166 38
68410 0
68442 42
68659 38
68734 0
68871 37
68954 0
68994 42
69126 0
69485 37
69486 0
69566 51
69684 0
70026 42
70075 51
70158 0
70708 37
70802 0
71181 38
71449 0
71464 40
71539 0
71581 40
71591 0
71604 42
71788 0
71823 42
72059 0
72340 51
72354 0
72541 51
72579 0
72702 38
72711 0
73035 51
73144 0
73167 42
73171 40
73217 0
73432 56
73469 0
73500 40
73501 38
73535 40
73824 0
73866 51
73968 38
74053 0
74102 42
74331 40
74443 0
74464 38
74528 56
74596 42
74836 0
74854 37
74882 51
74921 0
74924 51
75001 0
75003 56
75060 51
75249 0
75392 38
75531 0
75677 51
75682 42
75929 0
76019 38
76055 0
76220 37
76325 37
76496 0
76517 37
76576 0
76665 42
76710 0
76901 42
76986 42
77109 51
77227 0
77314 42
77359 0
77377 37
77499 37
77731 0
77771 51
77797 37
77994 56
78175 38
78275 0
78480 56
78635 0
78768 42
79227 37
79281 40
79491 38
79582 0
79585 56
79623 37
79660 0
79930 42
80034 0
80102 40
80127 42
80188 40
80647 0
80771 40
80883 0
80919 40
81159 42
81261 0
81336 38
81399 0
81541 40
81600 0
81722 56
81740 37
81842 0
81871 56
81873 0
81957 42
81991 42
82749 0
82756 42
82764 56
82859 0
82864 42
82904 0
82948 51
83046 40
83086 40
83298 51
83316 0
83386 40
83523 0
83835 37
83979 0
84129 56
84176 0
84178 42
84179 37
84325 56
84568 0
84688 51
84704 0
84777 40
84814 0
84999 56
85018 56
85078 0
85176 42
85199 0
85377 51
85416 0
85448 42
85625 0
85883 51
85945 0
86162 38
86219 0
86363 38
86546 0
86735 42
86778 0
86851 42
87008 0
87167 51
87241 0
87464 51
87506 0
87619 40
87867 0
87895 40
87930 0
87941 51
88242 0
88317 38
88465 0
88558 56
88622 38
88737 0
88822 56
88847 0
89032 56
89086 0
89142 40
89847 37
90010 0
90041 42
90106 0
90139 38
90509 0
90529 40
90683 0
90758 56
90764 0
90856 37
91027 51
91470 0
91521 56
91544 0
91757 51
91806 56
92005 0
92026 56
92177 0
92206 42
92226 38
92514 0
92795 38
92940 42
93238 40
93242 0
93252 37
93309 42
93328 0
93502 37
93535 51
93685 56
93709 0
93805 38
93890 0
94192 51
94215 42
94245 0
94436 38
94544 42
94776 0
95057 56
95453 0
95547 38
95568 0
95652 42
95659 42
95831 0
95912 37
96149 0
96289 42
96335 0
96565 56
96760 0
96775 51
96801 38
96819 51
97090 42
97332 0
97342 51
97584 42
97602 0
97610 56
97802 0
97813 38
98215 51
98377 0
98407 51
98463 0
98503 38
98607 38
98806 0
98807 42
98946 0
99017 56
99450 0
99526 56
99668 56
480 events for 12
57 36
786 0
1008 46
1094 45
1285 0
1320 45
1494 36
1648 0
1688 35
1870 0
1933 41
2054 0
2113 35
2518 0
2746 41
3778 0
3986 46
4084 36
4266 0
4351 46
4669 0
4985 36
5277 0
5453 41
5762 46
6392 0
6413 55
6484 0
6919 64
7006 0
7380 45
7599 64
7746 0
7882 55
7985 46
8085 0
8169 45
8589 0
8802 46
8969 35
9178 0
9784 62
10055 0
10143 64
10203 0
10852 46
10983 44
11043 0
11857 35
11885 41
11890 62
11955 64
12334 0
12397 35
12880 0
12997 46
13131 0
13538 41
13693 41
13832 0
13861 64
14051 41
14136 55
14535 0
14584 44
14597 0
14603 55
15013 0
15015 41
15272 36
15321 0
15766 55
15955 0
16033 45
16196 0
17092 46
17266 64
17271 0
17785 35
17801 0
17897 45
18392 0
18412 64
18427 0
18532 36
18743 0
18783 41
19385 0
19565 64
20397 0
20475 45
20516 46
20722 0
20890 36
20914 0
21166 46
21194 62
21215 45
21457 0
21483 62
21523 0
21571 62
21754 45
22132 0
22897 35
23248 0
23680 41
23743 0
23814 36
23817 0
23917 46
24087 0
24551 36
24820 0
24910 45
25200 0
25516 44
25608 0
26111 62
26215 55
26334 0
26926 36
26989 41
27178 0
27331 36
27353 0
28308 44
28410 0
28612 35
28995 0
28996 36
29499 0
29516 46
29526 41
29998 0
30264 55
30557 36
31010 0
31545 62
31872 46
32071 0
32124 35
32278 0
33602 46
34104 0
34114 44
34212 0
34243 41
34462 0
34710 64
34720 0
34805 36
34928 0
35010 36
35185 0
35331 45
36079 0
36317 45
36372 0
36507 46
36719 0
36766 44
36908 0
36972 35
37091 0
37204 35
37303 0
37791 64
37922 44
38827 0
39209 46
39433 62
39513 64
39637 0
39711 45
39978 0
40515 36
40710 41
40735 0
40905 45
41106 0
41145 46
41298 35
41328 0
41358 45
41513 0
41524 64
41584 0
41637 36
41985 0
42110 44
42485 0
42878 62
42988 0
43102 46
43225 0
43248 55
43351 0
44133 46
44367 0
44525 41
44646 0
44759 62
44877 0
45051 36
45171 0
45344 36
45420 62
45603 36
45609 0
46292 64
46526 0
46689 36
47237 35
47260 45
47572 36
47590 55
47897 0
47946 41
48245 0
48415 36
48526 0
48527 35
48594 0
48615 44
48651 45
48689 46
48807 0
48829 44
49239 0
49541 44
49584 41
50219 46
50687 62
50807 64
50841 0
51438 36
51467 0
52153 62
52156 0
52554 35
52647 46
53271 0
53293 41
53344 0
53675 41
53754 0
53969 44
54073 62
54635 35
54842 0
54851 41
54899 45
54907 0
55088 55
55515 0
55627 55
55736 35
56332 0
56338 44
56405 0
56660 64
56702 0
57049 41
57134 0
57344 46
57395 0
57526 64
57554 0
57563 44
57645 0
57688 55
57919 0
58162 44
58363 0
58602 35
58617 0
58697 35
59038 36
59136 0
59165 46
59334 62
59369 45
59456 0
59521 36
59536 36
59640 0
60017 41
60213 46
60788 0
60809 35
60893 0
61016 62
61503 0
61535 41
61592 0
61912 62
61915 0
62739 55
63671 45
63842 64
63927 0
63952 41
63959 0
64118 46
64546 0
64654 64
64777 41
64882 0
64890 44
64929 45
65111 0
65126 55
65587 62
65646 0
65774 45
65834 0
66475 46
66544 44
66749 36
66767 0
66813 46
67061 0
67730 41
67806 41
67985 0
68314 46
68773 0
70372 55
70511 55
70575 0
70671 35
71004 0
71032 36
71482 0
71589 55
71616 0
71754 62
71952 0
72048 35
72218 55
72768 0
72987 46
73346 0
73393 36
73577 0
73979 55
74090 0
74108 36
74375 0
74396 64
74667 0
74979 64
75019 0
75259 45
75369 64
75571 0
75794 35
75841 0
76024 45
76073 55
76281 0
76422 62
76460 0
76819 46
77019 64
77106 44
77188 0
77466 62
77618 35
77698 0
77730 55
77935 62
78698 46
78940 0
79323 44
79365 46
79440 0
79629 36
79716 0
79966 55
80043 0
80055 64
80503 0
80632 64
81337 64
81356 0
81486 35
81522 0
81669 35
81709 0
82057 55
82081 0
82242 44
82622 0
83014 64
83367 45
83487 0
83529 55
83746 36
83783 64
83948 0
84010 46
84014 41
84055 41
84379 0
84380 35
84715 0
84925 36
85432 0
85556 36
85560 0
85655 55
85961 41
86023 0
86047 62
86121 46
86292 44
86716 41
86828 0
86972 55
87038 55
87121 0
87186 46
87870 0
88138 64
88204 0
88410 55
88474 0
89115 35
89397 0
89452 41
89891 0
89921 44
90005 0
90203 55
90352 0
90502 45
90631 0
90862 45
91030 0
91440 64
92066 45
92682 55
93012 35
93081 0
93241 41
93530 55
93816 0
93954 44
94167 0
94426 44
94561 0
94615 36
94769 0
94880 64
95071 0
95343 35
95364 36
95487 0
95556 45
95681 0
95920 55
95943 0
96114 44
96162 36
96345 0
96939 41
97158 0
97260 41
97305 0
97436 62
97648 0
97709 46
97820 0
98207 64
98340 0
98517 44
99547 0
99619 55
635 events for 13
37 44
107 0
188 46
286 44
291 0
432 53
615 0
623 26
646 46
667 0
675 26
766 0
862 26
971 0
1110 46
1341 0
1369 26
1562 0
1682 26
1899 0
2013 20
2342 0
2377 44
2651 0
3179 46
3260 26
3406 0
3467 26
3828 0
3881 53
4000 55
4062 0
4238 46
4361 0
4398 20
4452 0
4785 44
4830 0
4920 55
4949 0
5146 20
5205 0
5331 20
5430 26
5456 0
5457 20
5695 53
5884 0
6111 44
6252 0
6306 26
6382 0
6801 55
6965 0
7390 44
7539 46
7829 20
7881 0
8074 26
8426 0
8499 46
8511 0
8661 44
8878 0
8965 44
9090 0
9334 20
9519 55
9656 0
10030 44
10035 55
10079 0
10350 44
10459 0
10539 53
10765 0
10855 53
10931 44
10955 0
11062 55
11275 0
11396 20
11423 20
11573 53
12031 0
12051 26
12469 26
12882 0
12885 20
12985 46
13015 0
13144 46
13224 0
13322 55
14032 55
14147 20
14503 0
14538 26
14626 55
14728 55
14948 46
15236 0
15960 46
15979 0
16101 26
16143 46
16151 26
16247 0
16258 55
16443 55
16492 46
16545 20
16640 0
16903 20
17026 0
17030 44
17281 0
17336 26
17465 0
17595 53
17817 0
18156 20
18182 0
18246 26
18317 0
18527 53
18962 0
19548 44
19983 44
20170 0
20327 46
20396 46
20399 0
20911 20
20915 44
20924 0
20943 55
21207 0
21372 44
21839 26
21881 26
21999 0
22236 44
22660 26
22670 0
22721 26
22788 0
22947 44
23061 0
23076 44
23103 26
23292 0
23322 26
23686 0
23707 44
23748 55
23773 0
23814 53
23820 0
24015 44
24031 0
24154 20
24221 55
24231 0
24328 53
24458 0
24589 44
24612 0
25152 20
25261 0
25619 26
25781 0
25835 20
26209 20
26227 0
26269 46
26328 0
26472 26
26543 55
26556 0
26557 44
27176 0
27287 46
27352 0
27380 26
27476 0
27724 46
27772 44
27829 0
27874 55
27970 0
27979 20
28009 0
28175 44
28247 0
28516 44
28652 0
28726 20
28778 55
29179 0
29460 26
29464 26
29633 0
29700 26
30044 46
30151 0
30211 53
30730 0
30776 53
30806 0
30997 55
31352 26
31469 46
31680 0
31737 55
31792 0
32080 20
32183 0
32406 46
32475 44
32654 0
32856 55
32908 0
33335 26
33337 55
33596 55
33935 0
34323 26
34567 0
34839 26
34922 0
35113 44
35198 0
35231 26
35242 0
35260 46
35267 0
35274 44
35376 0
35546 46
35567 0
35617 20
35819 0
35924 20
35976 53
36002 55
36091 0
36133 26
36157 0
36170 53
36282 0
36347 53
36573 0
36642 20
36669 26
36819 0
37365 55
37370 0
37513 26
37600 0
37609 53
37720 0
37851 44
38168 46
38280 0
38653 44
38886 55
39181 0
39186 55
39266 0
39460 26
39598 26
39781 20
39786 26
40229 44
40495 55
40500 0
40561 53
40679 0
40749 44
41064 20
41462 0
41464 20
41628 0
41672 55
41730 20
41777 0
41796 46
42272 0
42361 46
42368 0
42680 46
42682 0
42780 53
43001 0
43599 26
44002 0
44416 20
45014 0
45130 20
45322 0
45439 46
45605 44
45674 20
45734 53
45926 0
46364 46
46705 0
46808 26
46876 0
47215 46
47377 0
47401 26
47442 0
47520 46
47629 46
47861 0
47917 20
48505 0
48583 55
48691 0
49030 20
49211 0
49214 44
49280 0
49308 26
49361 55
49498 0
49567 46
49765 0
49998 44
50140 26
50218 0
50219 53
50263 0
50383 20
50761 0
50795 26
50978 0
51048 44
51082 0
51249 44
51507 0
51840 26
52047 55
52054 53
52128 0
52341 55
52563 26
52565 0
52733 20
52848 0
52966 44
53029 0
53395 20
54040 0
54094 55
54202 0
54313 44
54352 0
54515 46
54637 0
55019 53
55161 0
55329 55
55330 0
55414 55
55541 53
55550 26
56509 0
56579 53
56628 0
56666 46
56886 0
57382 55
57728 53
57855 0
57868 44
57952 0
58045 46
58067 0
58137 53
58235 44
58425 55
59185 55
59218 0
59359 20
59411 46
59486 0
59537 46
59548 26
59827 0
59841 55
59925 0
60026 20
60064 0
60272 55
60300 0
60570 20
60604 0
60640 20
60671 0
60807 44
60927 44
60952 0
61006 44
61241 0
61296 53
61620 0
61784 46
62000 0
62346 46
62538 0
62590 53
62642 0
62939 44
63009 26
63016 53
63162 0
63208 26
63321 53
63421 0
63545 44
63842 0
63923 55
63957 0
64006 46
64306 0
64363 53
64367 0
64408 55
64753 46
65495 0
65630 46
65936 0
66284 20
66388 46
66493 0
66623 26
66822 0
66869 46
67306 46
67387 0
67444 46
67485 0
67626 53
68358 0
68510 44
68551 0
68960 53
69189 0
69220 26
69223 46
69237 0
69420 44
69440 0
69622 26
69660 46
69682 0
69711 20
69727 44
69826 0
70531 44
70701 0
70858 55
71168 0
71172 55
71258 0
71441 26
71682 0
71753 55
71873 20
71948 0
72025 44
72496 0
72640 44
72776 0
72971 26
73087 0
73243 20
73393 0
73465 26
73615 0
73630 46
73684 0
73759 20
73976 0
73979 44
73982 46
74699 20
74729 0
74786 26
74789 0
74834 20
75029 44
75243 0
75453 55
75723 20
75754 0
75772 26
76081 55
76277 0
76489 53
76588 0
76723 53
76794 0
76817 44
76866 26
77088 0
77418 26
77455 0
77478 46
77574 0
77793 20
77992 55
78077 46
78138 0
78581 55
78615 0
78726 44
78884 0
78945 53
79114 20
79131 0
79176 53
79283 0
79645 46
79776 0
80538 44
80596 0
80780 53
81064 0
81154 20
81229 0
81679 53
81691 0
81716 20
81780 0
81832 53
81839 0
82150 44
82335 0
82586 44
82882 0
83117 53
83418 20
83560 20
83698 20
84129 20
84233 0
84382 20
84679 0
84738 53
84966 26
85068 0
85135 26
85186 0
85707 53
85731 0
85878 44
85987 0
86535 53
86543 0
86875 55
86886 46
86916 0
86945 46
87165 0
87925 44
88199 44
88466 0
88520 55
88567 0
88780 44
88901 0
89037 55
89321 0
89381 46
89457 55
89633 0
89815 20
89922 0
90128 26
90237 0
90307 20
90893 0
90936 26
91066 0
91464 53
91811 0
92465 53
92660 0
92823 55
93114 0
93405 53
93495 0
93979 20
94192 0
94616 46
94733 0
94788 44
94888 0
95116 46
95324 53
95363 0
95419 46
95506 55
95511 55
95544 20
95637 26
95762 20
95846 0
95978 46
95984 53
96286 0
96351 44
96368 0
96455 26
96477 0
96992 55
97291 0
98177 46
98433 0
98557 53
98624 0
98643 53
98663 53
98814 0
98836 20
98947 53
99048 0
99125 53
99214 0
99325 44
99719 0
960 events for 14
180 49
413 0
422 50
447 0
491 50
507 0
524 48
549 0
573 50
593 49
655 0
1038 48
1198 48
1224 0
1354 49
1515 0
1520 48
1733 50
1791 0
1870 49
2338 0
2376 49
2479 0
2590 49
2619 50
2622 0
2714 48
2769 0
2773 48
2899 0
3081 48
3269 49
3376 48
3488 0
3901 49
3939 0
4013 49
4106 49
4224 0
4236 49
4268 0
4306 49
4507 0
4531 48
4582 0
4641 48
4666 49
4948 49
5060 50
5106 0
5177 48
5208 0
5228 48
5263 0
5325 49
5447 48
5455 0
5466 50
5609 0
5635 50
5883 0
5964 48
6110 0
6118 49
6288 0
6544 48
6548 0
7150 48
7214 0
7278 50
7433 0
7480 49
7559 0
7627 50
7782 0
7891 49
8269 0
8341 49
8493 0
8549 49
8663 49
8950 49
9047 0
9210 49
9233 0
9247 49
9341 0
9431 49
9573 50
9775 49
9824 0
10148 50
10179 0
10261 48
10595 48
10813 0
10873 48
10928 0
10933 50
10999 0
11005 50
11042 0
11348 48
11560 0
11712 48
11769 0
11780 48
11797 0
11844 49
11968 49
12013 0
12016 48
12041 0
12090 50
12142 0
12214 48
12324 48
12339 0
12658 49
12731 49
12814 48
12885 0
13006 48
13061 48
13447 50
13568 0
13726 49
14251 0
14264 50
14284 49
14359 50
14521 0
14572 49
14582 0
14700 49
14777 0
14830 48
15075 0
15190 49
15215 0
15463 50
15515 0
15636 48
15728 50
15843 0
15900 50
15922 0
15974 49
16004 49
16111 0
16124 50
16269 49
16316 49
16340 48
16412 0
16461 49
16478 0
16610 50
16640 48
16650 0
16667 48
16841 0
16905 49
17009 0
17012 50
17061 0
17141 48
17171 48
17176 0
17229 50
17281 48
17330 50
17488 0
17594 48
17774 49
17812 50
17832 0
18204 48
18340 0
18570 49
18662 0
18754 50
18875 0
18877 49
18924 0
18952 49
19076 50
19086 0
19136 48
19164 49
19206 0
19246 50
19283 0
19407 49
19453 49
19628 0
19920 48
19949 49
20029 0
20051 49
20075 0
20280 49
20584 0
20628 48
20646 49
20661 0
20672 49
20936 0
21219 49
21266 49
21283 0
21416 50
21821 0
22002 49
22187 0
22312 49
22419 0
22539 49
22541 0
22611 50
22688 49
22785 0
22859 49
22862 49
22873 0
22918 48
23092 48
23327 0
23375 49
23482 0
23616 48
23628 50
23727 48
23757 0
23766 50
23786 0
23888 48
23981 0
24068 49
24083 49
24121 0
24174 48
24184 48
24185 48
24947 0
24971 48
24993 49
25062 0
25072 49
25206 0
25511 49
25535 49
25559 49
25943 0
26003 49
26088 0
26278 48
26397 0
26596 48
26755 0
26775 48
26839 0
26882 48
26934 0
26964 48
27081 0
27141 49
27279 0
27305 50
27379 0
27459 50
27476 0
27820 50
28232 0
28255 50
28387 0
28396 49
28417 0
28420 49
28448 0
28583 50
28637 49
28693 0
28749 49
29034 0
29121 49
29137 0
29510 49
29873 0
30375 48
30453 0
30460 48
30495 49
30527 50
30542 0
30569 49
30578 0
30908 48
31225 0
31330 48
31469 0
31541 49
31862 49
32068 0
32095 49
32104 0
32212 49
32297 0
32307 49
32558 0
32739 50
32765 0
32788 49
32899 0
32961 49
32991 48
33086 0
33114 49
33277 0
33298 48
33408 0
33434 48
33534 0
33604 49
33721 0
33967 49
33998 49
34039 0
34040 49
34221 48
34231 0
34337 48
34353 48
34487 0
34502 48
34579 50
34598 0
34669 49
34899 0
35091 49
35188 49
35383 0
35413 50
35454 49
35576 0
35676 49
35983 0
36197 49
36248 0
36417 49
36576 0
36847 48
37024 48
37243 0
37341 49
37407 0
37505 49
37522 50
37536 0
37659 49
37748 50
37945 0
37948 49
37954 0
37992 49
38209 0
38288 50
38314 0
38520 50
38609 49
38632 49
38937 0
39034 49
39098 0
39104 48
39224 48
39399 0
39642 50
39749 0
39968 49
40000 0
40029 48
40192 0
40258 49
40358 0
40481 49
40542 0
40608 50
40724 49
40897 0
40976 48
40980 50
41094 49
41102 0
41136 48
41211 0
41297 48
41335 49
41478 0
41541 49
42072 0
42555 49
42559 0
42566 48
42858 48
42885 0
42972 49
43036 0
43061 49
43164 0
43239 49
43419 49
43423 0
43464 48
43471 0
43555 50
43817 0
44107 48
44118 49
44209 49
44290 48
44715 0
45230 48
45280 0
45308 48
45312 0
45639 49
45750 0
45801 48
46119 0
46138 50
46226 48
46344 0
46408 49
46422 50
46465 50
46554 0
46622 50
46847 50
46869 0
46990 49
47022 0
47078 48
47087 0
47228 50
47421 48
47482 0
47709 49
47745 48
47805 49
47892 0
47973 49
48042 50
48055 0
48059 48
48093 0
48105 49
48117 0
48213 49
48221 48
48642 0
48805 49
48807 0
48902 49
49078 0
49422 48
49700 0
49811 50
49823 49
50160 50
50168 49
50321 0
50338 49
50347 0
50358 49
50449 0
51082 49
51390 0
51411 48
51593 49
51670 0
51760 49
52075 50
52127 49
52160 0
52365 50
52395 0
52821 48
52853 0
52991 48
53017 50
53028 0
53169 49
53215 50
53235 0
53388 49
53749 0
53816 49
53831 0
53923 49
53931 49
54048 0
54138 48
54157 0
54581 50
54592 48
54594 0
54639 49
54650 0
54731 49
54742 49
54835 0
54845 49
54881 0
54899 50
54990 0
55181 50
55224 0
55406 50
55625 0
55655 49
55762 0
55890 48
55989 0
56053 49
56532 49
56604 48
56790 49
56819 0
57205 49
57239 48
57279 0
57303 50
57313 0
57368 49
57403 0
57429 48
57563 0
57600 49
57693 0
57864 50
57884 49
58103 0
58241 50
58243 49
58265 0
58339 49
58735 0
58813 49
58938 0
59023 49
59065 0
59108 49
59118 0
59322 50
59483 0
59541 50
59655 0
59810 48
59837 0
60008 48
60037 49
60165 49
60419 0
60500 50
60793 0
60820 48
60867 0
61181 48
61230 0
61250 50
61705 0
61769 49
62240 0
62413 49
62604 0
62918 49
63081 0
63083 49
63091 49
63228 0
63639 48
63713 0
63949 48
64048 0
64054 48
64056 0
64084 48
64092 50
64153 0
64240 50
64338 49
64379 0
64380 49
64409 49
64452 0
64666 49
64687 0
64716 48
64726 49
64882 48
64897 0
64976 49
65047 0
65134 49
65142 0
65164 48
65169 48
65378 0
65407 49
65526 0
65539 48
65613 0
65729 48
65830 0
65957 49
66047 0
66081 49
66100 0
66287 50
66320 49
66401 0
66447 50
66498 0
66535 48
66577 49
66611 0
66646 48
66793 0
67005 49
67030 0
67102 49
67109 0
67169 49
67661 0
67796 50
67806 49
67886 0
67970 48
68094 0
68097 48
68185 0
68473 48
68586 0
68836 49
68877 0
68944 48
68959 0
69193 50
69334 0
69487 48
69579 0
69762 48
69779 48
69793 0
69807 50
69939 0
70061 48
70091 0
70112 49
70194 49
70314 49
70397 49
70685 0
70916 50
70977 49
71156 50
71248 48
71305 0
71365 50
71494 0
71592 48
72130 0
72379 48
72496 0
72500 48
72606 0
72654 49
73098 0
73434 48
73483 49
73489 0
73862 48
74070 0
74131 49
74169 0
74197 49
74681 49
74849 48
74856 0
74881 49
74977 0
75059 49
75279 49
75309 49
75357 0
75521 49
75524 0
75526 49
75709 0
76026 49
76155 0
76276 49
76280 0
76370 48
76546 0
76583 50
76915 0
76951 48
77093 0
77127 49
77143 0
77217 49
77236 50
77381 0
77437 49
77510 0
77910 49
77980 0
78063 49
78068 0
78474 49
78509 0
78771 48
78809 0
78814 48
78917 0
78936 48
78937 0
78972 49
79036 0
79131 48
79374 0
79496 50
79504 0
79569 49
79637 0
79774 49
79957 48
79983 0
80031 48
80054 0
80153 49
80266 0
80304 49
80498 48
80503 0
80631 48
80651 0
80842 49
80914 0
80993 48
81234 0
81275 49
81294 0
81403 49
81425 0
81464 50
81488 0
81715 50
81753 50
81778 50
81902 0
82016 48
82257 0
82291 48
82679 0
82739 50
82783 0
82988 50
83213 0
83254 50
83435 0
83718 48
83795 0
83824 48
83854 0
83914 48
83923 49
83982 0
84000 50
84100 49
84260 0
84295 49
84333 48
84369 49
84718 0
84732 49
84867 0
85019 49
85081 0
85292 48
85422 0
85477 49
85637 0
85762 48
85785 49
85825 49
85889 0
86032 49
86122 50
86167 48
86184 0
86403 48
86439 0
86825 49
86954 0
87005 49
87033 49
87062 0
87098 49
87106 0
87166 49
87185 0
87326 48
87407 0
87444 49
87472 50
87530 50
87563 48
87581 0
87669 49
87863 49
87900 48
88146 0
88294 48
88310 0
88451 50
88910 0
89041 48
89044 49
89192 0
89211 49
89314 0
89351 49
89377 0
89405 49
89464 0
89500 48
89561 0
89574 48
89661 0
89665 49
89918 0
90051 49
90170 0
90273 49
90433 0
90466 49
90645 48
90802 0
91076 49
91121 0
91126 50
91138 0
91170 49
91273 0
91536 48
91546 0
92130 48
92192 0
92230 50
92243 48
92406 0
92444 49
92583 0
92599 49
92735 0
92856 49
92872 0
92966 49
93022 49
93053 0
93083 50
93154 0
93223 49
93337 0
93427 48
93468 49
93469 0
93503 49
93543 0
93616 48
93670 49
93693 0
93799 49
94092 49
94096 0
94119 50
94127 49
94147 0
94174 49
94277 0
94331 49
94422 0
94472 48
94551 48
94661 0
94687 49
94767 0
94790 49
94821 48
94993 48
95085 49
95148 0
95258 50
95259 0
95378 49
95482 0
95561 48
95598 0
95821 49
95850 0
95861 48
95909 0
95937 50
96139 0
96349 48
96357 0
96448 49
96450 0
96978 49
97011 49
97028 50
97070 49
97106 0
97131 48
97395 0
97454 48
97490 0
97515 50
97599 0
97602 48
97691 49
97728 49
97775 48
97817 0
97840 50
97954 0
97967 49
97974 0
98133 48
98150 50
98178 48
98181 49
98863 0
98866 49
99152 49
99226 0
99349 48
99367 0
99423 48
99490 0
99499 49
99525 49
99705 0
99825 49
99968 0
99973 49
99976 50
788 events for 15
140 31
352 0
525 30
599 0
789 31
924 0
937 29
1184 0
1281 32
1333 0
1344 33
1529 0
1859 31
1864 0
1918 33
2079 31
2099 0
2108 37
2268 0
2299 38
2457 0
2487 31
2573 0
2592 38
2657 0
2668 38
2691 29
2771 0
2777 32
3316 0
3406 31
3590 32
3625 0
3719 38
3837 31
3895 0
3932 29
3977 0
4027 30
4126 0
4206 32
4382 31
4514 38
4556 0
4812 37
5254 0
5379 31
5573 0
5625 33
6129 38
6150 0
6167 29
6509 0
6640 33
6787 38
6995 0
7005 37
7027 0
7039 38
7137 31
7257 0
7327 33
7510 29
7759 33
7976 30
7977 31
7990 31
8238 0
8298 30
8665 0
8689 38
8872 0
8931 30
9396 0
9635 32
9675 0
9742 30
9766 0
9811 30
9970 0
10073 29
10078 30
10428 0
10614 33
10714 29
10815 0
10865 32
10950 0
11021 38
11056 0
11385 29
11506 0
11888 33
11955 0
12032 30
12133 0
12264 31
12319 0
12412 29
12491 0
12754 37
12843 0
12946 30
13016 32
13112 0
13115 33
13214 0
13237 37
13252 30
13291 0
13292 29
13618 0
13619 33
13778 0
13938 33
14399 0
14459 38
14502 0
14623 32
14714 0
14794 29
14843 32
14875 0
14913 37
14920 0
15176 33
15412 0
15600 33
15618 0
15740 37
15964 0
16005 37
16028 0
16365 37
16414 0
16665 33
16828 0
16952 30
16965 0
17064 30
17281 38
17404 38
17678 0
17826 33
17914 0
17931 31
18023 0
18341 33
18461 0
19076 30
19203 0
19337 37
19570 0
19683 30
19808 0
19840 37
19989 0
19991 30
20075 37
20172 0
20280 31
20344 33
20454 0
20723 38
20774 38
20858 0
21130 33
21258 0
21283 33
21659 30
21819 0
22317 32
22323 30
22476 0
22570 33
22741 0
23092 30
23257 0
23451 31
23711 0
23909 38
24116 33
24139 0
24161 33
24285 0
24355 31
24415 0
24487 29
24694 0
24699 29
24781 0
24783 31
24808 0
24822 29
24920 38
25132 0
25134 29
25438 0
25565 32
25839 0
25950 38
26559 0
26634 37
26752 0
26840 29
26925 0
26948 33
27041 0
27064 38
27070 0
27244 38
27382 0
27392 29
27464 0
27601 37
27838 0
27872 33
27912 29
28007 0
28028 37
28053 0
28148 33
28203 0
28605 38
28742 0
28805 31
28937 31
29111 0
29495 31
29671 32
29756 0
29801 37
29912 0
29916 30
29946 0
30020 37
30202 29
30249 0
30490 38
30524 0
30528 37
30640 30
31134 37
31343 0
31352 37
31472 0
31477 31
31587 0
31624 30
31640 0
31671 32
31751 37
31753 0
31824 31
31927 0
31972 33
31977 30
32029 0
32147 38
32404 0
32472 33
32712 0
32868 37
33025 38
33037 0
33251 33
33392 0
33477 32
33510 32
33640 29
33840 31
34092 33
34115 0
34199 32
34311 38
34333 0
34432 38
34434 0
34993 29
35388 38
35490 0
35571 31
35738 0
36043 30
36081 0
36132 38
36176 31
36449 0
36493 38
36702 31
36762 0
36879 33
37144 0
37231 29
37245 0
37271 33
37306 32
37355 0
37452 33
37507 0
37770 30
37836 0
37858 38
37945 0
38099 32
38100 0
38143 30
38247 32
38363 30
38790 31
39075 0
39108 32
39224 37
39229 0
39231 33
39281 0
39307 32
39313 0
39327 30
39391 0
39416 31
39442 0
39512 31
39584 0
39594 37
39608 0
39637 33
39710 0
39880 31
40061 0
40063 31
40351 0
40386 38
40734 32
40852 0
40941 37
40951 0
41048 38
41052 0
41360 38
41501 0
41598 31
41701 0
41777 38
41813 31
41845 38
41960 0
41982 29
42125 0
42279 32
42423 37
42495 0
42670 33
42895 32
42918 0
42945 29
43134 32
43141 0
43144 32
43200 0
43224 29
43225 0
43521 31
43655 30
43697 0
43907 29
44079 0
44171 37
44222 0
44266 38
44375 30
44440 0
44782 31
44797 0
44825 32
44935 0
44950 33
45026 37
45161 0
45311 37
45362 0
45367 37
45483 0
45518 33
45842 0
46059 30
46241 31
46878 29
46943 0
47237 29
47264 33
47801 29
47802 0
47911 32
48030 0
48291 31
48341 0
48376 32
48387 0
48402 30
48691 0
48856 37
49027 30
49041 0
49106 29
49167 32
49221 0
49266 30
49293 0
49300 38
49877 0
49943 31
50018 29
50021 0
50132 38
50245 0
50445 31
50460 0
50598 30
50608 0
50746 37
50838 0
50849 38
50975 0
51202 31
51261 38
51585 37
51599 0
51615 37
51953 0
52185 29
52201 38
52204 32
52465 0
52635 33
52856 0
53016 37
53344 37
53349 0
53699 37
53701 0
53748 38
53836 0
53882 33
54446 0
54464 33
54672 0
54709 38
54731 0
54811 31
54850 0
55272 37
55280 38
55343 0
55439 33
55541 0
55648 38
55770 29
55858 31
55918 0
55933 31
56038 0
56093 38
56257 0
56289 31
56443 0
56893 32
56994 29
57238 0
57282 29
57297 0
57318 37
57744 0
57940 32
58102 0
58142 32
58329 0
58676 33
58982 31
59145 0
59355 29
59449 38
59887 30
59953 0
59978 37
60052 0
60384 31
60458 0
60518 38
60924 0
61146 33
61203 37
61218 30
61352 0
61371 31
61504 0
61839 38
62144 0
62379 30
62431 0
62450 38
62469 29
62482 0
62641 33
62757 32
62904 0
62968 38
63120 0
63306 37
63348 0
63403 31
63518 0
63653 37
63727 29
63856 0
63952 32
64108 0
64121 38
64460 30
64481 0
64629 37
64892 0
64925 29
64937 0
65124 31
65221 30
65394 0
65651 38
65729 0
65817 38
66062 0
66139 37
66230 29
66387 0
66463 37
66779 38
67045 0
67062 32
67354 0
67359 37
67537 0
67610 37
67714 0
67729 37
67769 0
67800 31
68027 0
68066 31
68141 33
68237 0
68312 33
68347 0
68369 38
68613 38
68633 0
68684 31
68905 0
69169 38
69268 38
69371 0
70061 37
70133 0
70499 37
70506 0
70615 38
70700 0
70921 32
71021 30
71068 29
71091 0
71147 31
71224 0
71266 37
71336 31
71385 37
71537 0
71739 38
71762 33
71826 0
72030 38
72121 32
72475 0
72689 31
72873 0
72949 38
73014 31
73120 0
73470 29
73558 38
73629 0
73674 38
73680 0
73687 31
73735 0
73753 31
73875 0
74104 30
74265 0
74620 32
74758 32
74873 0
74933 38
75082 0
75087 37
75239 0
75297 31
75412 0
75566 32
75702 33
75863 0
75882 37
76334 0
76466 30
76636 31
76718 0
76944 30
77154 0
77318 38
77345 0
77654 37
77840 0
77841 32
78023 0
78106 38
78258 0
78418 32
78444 0
78482 30
78571 0
78719 31
78732 0
78743 33
78899 0
79113 37
79167 0
79267 33
79414 0
79457 32
79555 0
79770 38
79839 0
79912 32
80227 0
80294 29
80479 38
80517 0
80519 30
80553 29
80610 31
80835 0
80865 33
81013 0
81219 37
81557 0
81793 32
81828 0
82050 31
82070 0
82091 37
82166 32
82184 0
82313 37
82515 0
82680 32
82867 0
83009 30
83136 0
83240 37
83314 30
83353 0
83769 38
83956 0
84439 33
84443 37
84611 0
84614 33
84928 0
85123 37
85295 0
85310 38
85403 0
85441 37
85506 0
85562 31
85635 0
86115 37
86220 0
86290 33
86650 0
86683 29
86770 32
86805 0
87141 29
87146 32
87268 38
87295 0
87550 31
87947 30
88169 0
88219 31
88303 0
88385 31
88586 31
88678 0
88729 37
88776 38
88790 0
88960 30
89090 37
89102 0
89150 31
89383 30
89574 29
89733 38
89886 0
90011 31
90053 31
90075 0
90173 31
90185 0
90354 32
90455 0
90456 29
90512 32
90558 0
90623 30
90714 0
90715 29
90912 0
91063 38
91267 0
91283 31
91421 32
91633 0
91869 38
92056 30
92357 0
92546 38
92718 0
93460 29
93470 0
93501 37
93504 0
93899 29
93916 0
94017 32
94240 0
94340 33
94389 29
94434 0
94509 32
94536 0
94541 32
94627 0
94949 38
94952 0
94979 38
95228 0
95387 32
95538 0
95542 30
95580 0
95582 29
95638 0
95712 37
95982 31
96680 0
97064 33
97164 0
97354 37
97518 0
97582 32
97596 0
97633 29
97908 0
98203 29
98278 0
98350 30
98370 0
98752 33
99089 0
99169 30
99280 0
99289 30
99347 0
99425 31
99492 0
99668 30
