16 buffers
192727 33416
375936 14491
204111 6556
268108 2348
271386 26570
408899 6925
299317 12932
409324 30829
390607 73121
253904 20362
198789 4067
217277 2579
273421 21389
246965 15099
264865 16878
77068 9373
40 downlinks
0 375 2500 613
1 2875 5000 725
2 5375 7500 688
3 7875 10000 588
4 10375 12500 577
5 12875 15000 665
6 15375 17500 691
7 17875 20000 677
8 20375 22500 639
9 22875 25000 536
10 25375 27500 674
11 27875 30000 555
12 30375 32500 570
13 32875 35000 779
14 35375 37500 664
15 37875 40000 571
16 40375 42500 725
17 42875 45000 639
18 45375 47500 693
19 47875 50000 688
20 50375 52500 765
21 52875 55000 682
22 55375 57500 713
23 57875 60000 583
24 60375 62500 559
25 62875 65000 694
26 65375 67500 655
27 67875 70000 711
28 70375 72500 782
29 72875 75000 767
30 75375 77500 566
31 77875 80000 618
32 80375 82500 558
33 82875 85000 670
34 85375 87500 544
35 87875 90000 614
36 90375 92500 587
37 92875 95000 665
38 95375 97500 570
39 97875 100000 631
139 events for 0
95 38
564 0
1433 35
1694 0
3551 38
4231 0
4450 35
4799 38
6525 0
6721 22
6912 0
7349 38
10123 0
12126 38
13101 0
13163 38
14185 22
15574 0
15773 35
16885 38
17339 0
18212 22
18618 0
19321 35
19494 0
19583 38
21202 0
22809 38
23700 0
23784 22
24052 0
25132 35
25369 0
25519 38
25824 38
25883 38
26040 22
26482 0
27051 22
27543 0
28007 22
28358 0
29171 35
30656 0
30702 38
31139 0
32427 35
32483 22
32519 38
33656 0
33669 22
34377 35
35253 0
36482 38
36658 0
36730 35
37120 38
37984 0
38862 35
39886 0
42430 22
43027 35
43211 0
43307 35
43483 0
44090 38
44134 0
45297 22
45532 0
45583 38
46581 0
47531 38
48805 0
48924 38
50066 0
51273 35
51905 0
51916 38
52219 0
52356 35
53092 0
54623 35
55418 0
55692 35
57527 35
57880 0
58776 38
60275 0
60818 38
61218 0
63441 38
63959 35
67581 0
68731 22
69548 0
69550 35
70726 0
70897 22
70932 0
72694 35
72843 0
72859 35
74812 35
75026 0
76627 22
77235 0
77573 22
79765 35
80518 0
80604 38
81666 0
82259 35
84061 22
84473 0
84752 22
85374 0
85412 22
86645 0
89281 38
89622 0
89909 22
90197 0
90335 38
90388 0
91817 38
92171 35
92207 0
92774 22
93318 22
93600 0
93739 22
94109 0
94493 22
94928 38
95073 38
97961 35
98697 0
99410 35
99862 35
425 events for 1
64 91
273 0
379 91
616 0
1114 70
1752 0
1777 90
1981 91
2592 0
2699 71
2751 0
2774 49
2890 0
3263 50
3528 0
3534 71
3883 71
4279 50
4367 0
5038 54
5237 0
5347 49
5423 54
5606 0
5690 50
5748 0
5772 49
6222 91
6260 70
6266 0
6447 91
6899 0
7092 90
7173 0
7388 91
7661 0
7810 49
7832 50
8121 0
8585 49
9097 90
9178 70
9235 49
9653 90
9661 0
11202 91
11354 0
11393 54
11778 49
11858 0
12493 50
12841 0
12929 50
13103 0
13381 49
13497 70
13965 54
14020 0
14290 91
14371 0
14569 54
15060 0
15082 71
15101 90
15179 0
15242 91
15395 0
15639 54
15724 0
15820 54
16101 49
16510 0
16526 70
16583 0
16631 50
16723 0
17052 71
17924 54
18669 0
18753 71
18773 0
19193 91
19541 0
20119 70
20169 0
20218 54
20409 0
20662 70
20727 0
21002 90
21336 0
21719 54
22133 91
22251 0
23052 54
23079 0
23394 91
23406 0
23479 54
23540 0
23645 90
24512 0
24623 90
24646 0
25045 54
25153 0
25405 71
25527 0
25605 90
25778 0
26044 70
26069 0
26835 49
27138 0
27187 91
27273 0
27316 49
27630 91
27756 54
27798 0
27815 54
27837 91
27870 0
27898 91
27957 0
29033 54
29252 54
29253 91
29284 91
29288 54
29535 70
29720 0
29979 49
30242 0
30328 90
30584 49
30903 70
30921 0
31211 70
31372 0
32338 70
32740 54
32788 0
32823 91
32926 0
33023 54
33225 0
33275 70
33471 0
33745 91
33884 0
33938 54
34037 0
34098 91
34200 0
34621 91
34718 0
34860 70
35151 0
35308 49
35449 0
35487 71
35530 0
36031 54
36185 71
36287 0
36295 49
36385 0
36510 49
36734 70
37101 0
37175 49
37282 0
37592 91
37597 50
37845 0
38030 90
38359 0
38365 50
38932 71
39009 0
39010 90
39095 54
39265 90
39536 0
39684 90
39842 0
39853 91
40127 91
40310 0
40473 50
40644 91
41033 0
41189 70
41205 50
41369 0
41414 71
41595 0
41916 90
42241 0
42965 91
43081 0
43218 70
43371 0
43377 91
43430 0
43626 50
43773 70
44274 0
44426 90
44517 0
44885 91
45086 50
45569 91
46007 0
46101 49
46104 0
46351 70
46964 91
47027 0
47054 50
47295 91
47352 91
47683 0
47861 91
48195 90
48491 54
48526 70
48909 0
49170 91
49179 91
49533 0
49666 91
49703 0
49929 54
50060 0
50126 91
50591 0
50766 54
50947 0
51202 71
51819 91
52780 54
53209 0
53334 54
53349 0
53368 49
53416 0
53442 50
53509 49
55143 0
56095 49
56166 50
56731 91
57064 0
57190 54
57441 91
57775 70
57998 90
58027 90
58156 0
58179 50
58453 71
58559 0
58659 91
58855 0
59141 91
59236 0
59322 50
59491 0
60386 49
61267 0
61331 91
61573 0
61768 71
62037 0
62120 91
62128 90
62563 0
62792 90
62895 0
62923 90
63719 0
63817 54
63913 0
63957 54
63971 49
64351 0
64504 70
64977 0
65024 70
65349 0
65572 54
65613 0
66046 91
66208 0
66667 91
66762 0
66787 49
66868 0
67238 90
67258 0
68140 71
68573 0
69458 50
70148 0
70452 49
70463 0
70562 91
70842 0
70881 90
71170 0
71842 50
72135 0
72304 90
72410 0
72692 91
72850 0
73428 50
73657 0
73823 49
73927 70
74020 0
74037 70
74492 0
74587 54
74644 0
74718 91
74737 0
74834 90
74906 0
75078 70
75380 0
75384 71
75431 90
75858 0
75911 49
76080 90
76171 0
76560 50
76672 0
76778 54
76786 0
77359 49
77410 0
77518 50
77848 0
77887 71
78414 0
78786 90
78855 0
78877 90
79443 0
79733 54
80179 0
80276 54
80768 54
80860 91
81085 0
82509 54
82944 0
83108 54
83273 71
83332 90
84813 91
84858 0
85569 70
86274 91
86857 0
87038 50
87254 90
87292 0
87331 54
88893 0
89192 70
89209 54
89853 0
90115 70
90441 0
90538 54
90900 0
91075 50
91361 0
91432 70
91455 0
91561 90
91652 90
92000 0
92059 50
92326 49
93041 50
93062 0
93124 50
93216 0
94313 91
94597 49
94754 0
95189 90
95633 0
95667 50
95800 0
95887 50
96114 91
96485 0
96499 49
96544 0
96638 49
96753 0
96783 49
97092 90
97360 0
97363 91
97659 0
97724 54
97780 0
97853 70
97929 0
98006 71
98558 0
98563 91
98823 0
99131 71
99234 90
99363 70
99995 0
525 events for 2
112 62
263 62
265 0
340 62
548 0
705 62
968 0
1117 62
1164 0
1482 62
1561 62
1737 62
2009 62
2207 0
2785 62
2922 0
3028 62
3423 0
3538 62
3810 0
4143 62
4195 62
4211 0
4264 62
4418 62
4526 62
4613 62
4752 0
4834 62
4991 0
5048 62
5136 0
5622 62
5827 0
6022 62
6025 62
6156 0
6166 62
6207 0
6233 62
6737 0
7011 62
7044 62
7431 0
7614 62
8022 0
8218 62
8301 62
8485 0
8553 62
8677 0
8923 62
8954 0
9433 62
9631 62
10302 0
10445 62
10614 0
10619 62
10686 0
10996 62
11017 0
11077 62
11109 0
11153 62
11452 62
11468 0
11648 62
11812 0
11861 62
12234 0
12642 62
12761 62
12938 0
13010 62
13185 0
13339 62
13342 0
13759 62
13951 0
14102 62
14198 62
14252 62
14282 0
14332 62
14441 0
14471 62
14959 62
14969 62
15069 62
15217 0
15687 62
16017 0
17188 62
17342 62
17442 62
17822 0
17921 62
18440 0
18565 62
18793 0
18813 62
18882 0
19220 62
19343 62
19572 62
19575 0
19685 62
19767 62
20059 0
20070 62
20167 0
20282 62
20858 0
21103 62
21308 0
21871 62
22314 0
22404 62
22905 0
23192 62
23286 0
23543 62
23553 62
23616 0
23739 62
23783 62
24676 62
24741 0
24829 62
24902 0
25096 62
25156 0
25373 62
25754 0
26058 62
26343 0
26459 62
26600 0
26834 62
26907 62
26958 0
27072 62
27300 0
27322 62
27350 0
27499 62
27636 62
27867 62
28302 0
28318 62
28575 0
28586 62
28680 0
28798 62
28942 62
29116 0
30239 62
30416 0
30517 62
30697 0
30741 62
31117 62
31297 0
31605 62
32238 0
32484 62
32507 0
32511 62
32680 62
32706 0
32923 62
32979 0
33017 62
33033 0
33099 62
34016 0
34168 62
34249 0
34256 62
34300 62
34323 0
34328 62
34435 0
34526 62
34979 0
35075 62
35174 0
35856 62
35975 0
36472 62
36504 0
36789 62
36852 0
36882 62
36969 0
37173 62
37240 0
37705 62
37853 62
38092 0
38297 62
38400 0
38403 62
38516 0
38630 62
38725 0
38812 62
38905 62
38976 0
38991 62
39234 0
39265 62
39359 0
39386 62
39885 0
39886 62
40357 62
40423 62
40451 0
40463 62
40562 0
40585 62
40773 0
41008 62
41378 62
41968 0
42019 62
42261 0
42372 62
42391 0
42400 62
42439 0
42593 62
42877 0
42957 62
43374 62
43462 0
43641 62
43649 62
43796 0
44027 62
44200 62
44688 0
44785 62
44862 0
45244 62
45400 0
45429 62
45698 0
45704 62
45875 0
45920 62
46129 0
46194 62
46451 0
46615 62
46913 62
46948 0
47188 62
47194 0
47223 62
47268 0
47323 62
47602 0
47907 62
47997 0
48054 62
48266 62
48483 0
48506 62
48523 0
48526 62
48709 0
48981 62
49047 0
49309 62
49388 0
49506 62
49681 62
49865 0
49894 62
49912 62
49971 0
50004 62
50009 0
50067 62
50070 62
50271 0
50379 62
50604 62
50933 0
50971 62
50981 0
51326 62
51330 0
52307 62
52362 62
52717 0
52802 62
52814 0
52919 62
54013 62
54174 0
54197 62
54566 0
54759 62
54997 0
55517 62
55671 0
55690 62
55909 62
56407 0
56837 62
57050 0
57493 62
57597 0
57655 62
58300 62
58466 0
58487 62
58602 0
58684 62
58736 0
59778 62
59954 62
59983 0
60266 62
60752 0
60874 62
61004 62
61625 0
61745 62
61777 0
62066 62
62127 62
62458 0
62508 62
62527 0
62603 62
62872 0
62938 62
63598 0
64143 62
64302 0
64757 62
64894 0
65230 62
65232 62
65524 0
65536 62
65543 0
65568 62
65757 0
65792 62
65842 0
65956 62
66890 0
66899 62
67044 0
67063 62
67067 0
67121 62
67134 0
67327 62
67448 0
67530 62
67735 62
67762 62
68021 62
68158 0
68679 62
68699 0
69185 62
69227 62
69262 62
69267 0
69480 62
69629 62
69754 0
69811 62
69940 0
69977 62
69981 0
70060 62
70129 0
70406 62
70771 0
70988 62
71251 0
71300 62
71389 0
71913 62
72984 62
73242 62
73251 0
73364 62
73705 62
73840 62
73870 0
74096 62
74147 0
74440 62
74488 0
74503 62
74607 62
74627 0
74699 62
74794 62
74929 0
75743 62
76304 0
76467 62
76563 0
76734 62
76845 0
77082 62
77165 0
77299 62
77782 0
77885 62
78070 0
78465 62
78614 0
78634 62
79089 0
79380 62
79548 62
79691 0
80254 62
80519 62
80816 62
80885 62
80939 0
81297 62
82226 62
82274 0
82428 62
82956 0
83048 62
83450 62
83627 0
83920 62
84626 62
84653 0
84990 62
85071 62
85080 0
85546 62
85595 0
85684 62
85871 0
85879 62
86121 0
86609 62
86629 62
86679 0
86756 62
86868 62
87289 62
87802 0
88245 62
88533 0
88545 62
88575 0
89224 62
89244 0
89285 62
89430 0
89435 62
89520 0
89573 62
89719 0
89894 62
89992 0
90009 62
90501 0
90901 62
91295 0
91299 62
91604 62
91618 0
91657 62
91937 0
92305 62
92490 0
92632 62
92864 0
93008 62
93144 0
93376 62
93784 0
94109 62
94231 0
94258 62
94454 62
95146 0
95312 62
95529 0
95590 62
95692 0
95698 62
95702 62
95765 0
96335 62
96336 62
96360 0
97029 62
97052 0
97205 62
97209 0
97283 62
97289 0
97652 62
97710 0
97757 62
97852 0
97915 62
98412 62
98414 62
98590 0
98752 62
99352 0
99592 62
99955 62
804 events for 3
341 64
541 53
562 0
770 31
986 0
1046 31
1070 30
1158 76
1252 45
1549 0
1782 30
1803 0
1843 76
1934 0
2150 64
2535 0
2560 31
2584 0
2721 76
2741 0
3363 64
3502 0
3827 31
3858 0
3901 30
3977 0
4221 76
4297 0
4400 53
4423 31
4462 0
4566 31
4605 0
4692 30
4721 0
4764 45
4888 31
4911 0
4934 31
5111 0
5160 45
5171 0
5395 31
5549 45
5637 0
5742 30
5789 0
5903 30
5918 0
5919 64
5933 0
6049 64
6187 45
6406 0
6426 64
6437 0
6634 53
6956 30
7247 0
7266 76
7299 45
7408 0
7586 45
7702 64
7766 76
7949 0
7983 31
8150 64
8259 0
8325 30
8381 0
8418 53
8509 0
8529 76
8671 53
8753 0
8916 64
8938 45
9033 31
9061 0
9108 64
9124 0
9230 76
9254 0
9362 53
9436 45
9449 30
9748 0
10083 31
10238 0
10269 31
10340 76
10421 64
10594 0
10664 76
10670 0
10685 64
11026 0
11043 53
11253 0
11254 76
11672 0
11715 31
12063 0
12064 64
12076 30
12216 0
12850 64
13300 0
13331 53
13498 0
13513 53
13558 0
13585 31
13715 76
14183 0
14186 45
14371 0
14654 31
14766 0
15175 45
15274 0
15325 53
15569 0
15608 76
15693 31
15699 0
15918 64
15992 64
16340 0
16412 64
16490 30
16491 0
16689 53
16741 64
16797 0
16964 76
17252 0
17271 53
17337 0
17369 53
17434 0
17885 30
17936 0
18057 31
18286 45
18796 0
18861 30
19029 0
19076 31
19196 30
19368 0
19813 64
19912 0
20032 53
20251 64
20261 0
20418 53
20558 0
20819 31
20824 0
21012 45
21198 0
21427 76
21761 0
21793 45
21866 53
21938 0
22038 53
22254 0
22261 64
22564 0
22719 64
22972 0
23019 64
23096 0
23284 30
23411 0
23447 45
23535 0
23541 30
23633 0
23700 76
23777 45
23818 0
23843 30
23934 0
24057 45
24393 53
24622 64
24747 0
24755 45
25481 64
25670 0
25724 45
25740 0
25786 30
26079 0
26148 45
26478 0
26576 64
26693 0
26737 53
26780 0
26804 31
26935 0
26993 64
27276 0
27309 31
27343 0
27637 64
27665 45
27730 53
27782 0
27785 45
27873 0
27924 31
28240 45
28553 0
28834 45
29169 0
29197 76
29211 0
29328 53
29379 0
29704 76
29719 0
29838 53
29922 0
29992 31
30041 0
30476 30
30596 0
30619 76
30653 0
30711 53
30797 45
30834 53
30837 0
30842 64
30986 0
31312 64
31687 0
31709 53
31713 0
31725 76
31783 0
31904 45
32169 0
32181 64
32385 0
32440 76
32454 76
32858 53
33198 0
33325 31
33339 0
33437 76
33518 0
33547 64
33587 0
33696 31
33760 0
33763 30
33782 0
33815 76
33893 0
33906 76
33917 30
34046 0
34087 76
34142 0
34167 31
34330 0
34586 30
34782 0
35096 64
35167 64
35239 0
35354 31
35580 0
35716 45
35816 0
36148 53
36256 45
36428 0
36583 45
36733 0
36737 45
36774 76
36795 64
36817 0
36902 31
36940 0
36955 30
37111 0
37132 64
37187 0
37198 31
37406 0
37440 76
37492 0
37624 31
37692 64
37719 76
37789 0
37942 31
37982 0
38158 45
38241 0
38263 64
38419 64
38446 0
38861 76
38943 0
39082 45
39105 0
39267 76
39350 0
39461 31
39637 30
39657 0
39818 64
39833 0
40000 64
40001 0
40110 31
40220 0
40535 64
40601 0
40612 64
40776 0
41377 53
41421 53
42037 45
42074 0
42088 53
42258 0
42259 30
42554 0
42566 53
42618 0
42992 45
43202 0
43258 64
43409 0
43415 30
43629 0
43798 45
43811 0
43882 53
44273 0
44683 53
44748 0
44792 64
44911 0
44937 45
44966 0
45021 76
45153 0
45321 31
45401 0
45406 45
45451 0
45479 53
45507 0
45825 76
45864 0
46068 30
46463 0
46474 53
46543 30
46650 0
46785 45
46843 0
46931 53
47224 0
47244 76
47366 0
47496 64
47504 30
47518 0
47921 30
48011 0
48062 45
48120 0
48133 76
48210 0
48330 45
48331 45
48449 0
48581 30
48680 30
48752 0
48765 30
48967 0
49240 53
49289 0
49315 31
49652 31
49706 0
49726 76
49757 0
49870 30
49904 31
49935 0
49946 76
50041 0
50220 30
50445 0
50448 31
50462 30
50601 0
50619 45
50696 0
50797 30
50800 0
50900 30
51123 0
51182 53
51289 0
51549 53
51798 0
51802 30
52060 31
52109 53
52546 0
52632 30
52680 30
52717 0
52848 64
53042 0
53145 30
53197 0
53366 31
53473 0
53866 30
54055 0
54158 76
54186 0
54340 30
54436 0
54623 45
54858 53
55175 0
55204 64
55327 0
55672 64
55761 0
56005 53
56041 53
56050 53
56322 0
56560 76
56847 0
56889 76
56980 45
57182 76
57264 0
57548 30
57828 0
57990 45
58300 0
58626 45
58707 0
58913 31
59012 0
59020 64
59244 0
59621 64
59792 0
59940 64
59966 31
60096 64
60280 76
60320 0
60362 53
60581 0
60936 30
61016 0
61101 53
61148 0
61202 30
61299 30
61546 0
61599 76
62016 0
62170 31
62228 0
62571 31
62663 0
62678 31
62833 45
62919 0
63129 64
63240 0
63247 31
63451 0
64331 45
64442 45
64510 30
64539 0
64747 31
65059 0
65571 76
65600 0
65748 45
65925 53
66404 0
66509 53
66577 0
66797 76
66810 31
66869 0
67210 45
67354 30
67368 0
67372 53
67410 0
67447 30
67469 64
67697 0
67877 64
68272 0
68421 45
68479 0
68535 76
68552 31
68572 0
68975 64
68977 0
69229 30
69254 31
69384 0
69501 64
69560 0
69817 45
70283 0
70369 45
70486 0
70508 76
70616 0
70931 64
71040 53
71047 0
71065 53
71102 45
71120 30
71230 45
71315 0
71445 76
71507 53
71577 0
71736 64
71753 45
71960 0
72273 45
72288 76
72474 0
72763 30
72777 30
72934 0
73012 45
73174 31
73182 0
73301 31
73406 0
73443 76
73452 0
73477 53
73526 0
73791 30
73842 0
74002 45
74011 45
74057 45
74081 0
74178 31
74323 0
74403 53
74418 0
74503 45
74521 0
74723 31
75024 0
75121 53
75175 0
75185 31
75514 0
75516 53
75629 76
75672 0
75683 64
75756 64
75994 0
76004 76
76035 0
76053 53
76405 0
76406 76
76481 0
76683 76
76729 0
76875 31
76918 0
77021 45
77056 0
77116 76
77404 0
77466 45
77635 0
77872 76
77888 30
78285 64
78402 0
78427 64
78502 0
78527 31
78758 0
79377 53
79607 53
79644 0
79803 64
79856 64
80144 0
80214 53
80228 30
80305 0
80342 45
80487 0
80534 31
80554 0
80575 64
80685 0
80745 31
80777 76
80791 31
80849 0
80866 64
80902 0
80945 64
80948 0
81000 31
81034 64
81163 0
81167 30
81229 0
81243 76
81624 0
81662 45
81669 0
81717 30
81904 0
81907 64
82225 0
82556 45
82628 0
82668 76
82691 0
82742 45
83079 0
83143 45
83156 0
83212 30
83338 0
83370 64
83485 0
83774 30
83779 0
84293 31
84307 0
84341 53
84365 0
84557 76
84629 0
84652 45
85133 0
85204 45
85251 0
85280 64
85299 0
85582 76
85613 0
86103 31
86193 30
86228 0
86442 30
86468 0
86481 53
86517 0
86640 45
86664 0
86708 64
86777 31
86914 0
87083 30
87199 76
87521 0
87595 76
87847 31
87869 64
87909 0
88009 76
88047 0
88201 45
88227 0
88582 30
88598 31
88944 53
89020 53
89092 0
89132 64
89141 76
89259 0
89398 31
89669 0
89730 64
89742 76
89886 0
89913 30
89934 0
90133 31
90143 45
90279 0
90306 53
90312 0
90339 45
90358 0
90549 31
90686 0
90733 31
90778 0
91206 31
91335 0
91514 45
91563 0
91590 64
91685 0
91699 30
91766 53
91793 0
91804 53
91858 0
91961 64
92268 0
92290 64
92464 0
92514 30
92541 0
92675 31
92739 0
92835 76
92945 0
93053 64
93323 0
93423 31
93558 0
93826 53
93950 0
93963 53
94033 0
94168 76
94395 0
94429 31
94444 64
94607 0
94679 76
94723 31
94771 0
94821 45
95121 0
95427 53
95538 0
95663 76
95888 0
95988 53
96059 45
96153 64
96339 0
96346 76
96604 0
97140 76
97351 0
97365 53
97426 64
97479 45
97902 0
97961 64
98013 64
98428 53
98456 0
98583 31
98838 0
99100 30
99101 0
99391 45
99431 0
99441 64
99507 0
99583 45
99595 0
99733 76
99914 0
99944 64
455 events for 4
173 79
267 0
481 40
1277 79
1290 0
1336 50
1548 47
1704 50
1770 0
1793 64
1986 0
2020 71
2069 64
2137 0
2537 64
2666 40
3556 0
3895 50
4298 0
4340 71
4598 0
4655 71
4860 79
5018 0
5091 40
5270 79
5291 79
5330 60
5461 0
5471 79
5934 0
6221 40
6680 50
6967 0
7298 79
7356 0
7599 64
8029 0
8298 50
9205 71
9584 0
10197 64
10241 0
10282 71
10294 47
11129 0
11157 64
11272 0
11307 71
11480 64
11481 0
11596 60
11599 0
12130 64
12409 0
12873 60
13462 0
13975 47
14267 60
14278 0
14610 47
14732 0
14881 71
14993 0
15010 50
15284 0
15333 79
15533 0
15537 64
15648 64
16612 40
16668 40
16890 60
17612 0
17805 40
17815 0
17959 47
18371 0
18573 40
18597 0
18675 71
18963 0
19011 40
19012 0
19356 50
19764 0
19793 50
20008 0
20165 79
20202 40
20418 0
20672 79
20843 0
20884 47
21202 79
21335 0
21387 60
21870 0
21881 64
22460 0
22593 47
22668 0
23486 60
23679 0
23924 71
24225 0
24290 79
24563 79
24850 0
25501 64
25584 0
25596 64
25679 0
26148 71
26298 0
26318 47
26457 0
27121 60
27250 0
27278 71
27472 0
27500 40
27736 0
27846 40
28469 0
28575 79
28775 0
28801 50
28810 0
28842 71
29462 64
29913 0
30283 79
30316 0
30447 79
30543 0
30550 79
30669 0
30689 71
30703 40
31328 0
31340 47
31506 47
31902 0
31936 71
32012 40
32420 0
32541 79
32743 0
32884 71
33267 0
33332 50
33403 71
33722 0
33894 79
33962 0
34048 71
35206 0
35416 79
35705 0
35748 79
35867 0
36390 79
36405 0
36651 71
36903 60
37103 0
37725 40
37792 0
38059 71
38129 0
38392 79
38564 0
38617 60
38764 0
38917 79
38979 0
38998 79
39165 0
39387 60
39423 50
40387 47
40942 0
41184 60
41250 0
41496 40
41546 0
42065 64
42080 40
42381 47
42891 0
43484 71
43527 0
43568 60
43591 0
43594 47
43651 60
43676 0
43891 64
44002 40
44250 0
44312 71
44332 64
44721 0
45241 47
45478 79
45885 0
46221 71
46665 0
46672 79
46693 64
46758 0
46937 40
47018 0
47332 60
47544 0
47581 79
47720 71
47736 60
47844 0
48062 79
48510 79
48540 0
49508 47
50399 0
50714 40
50837 60
50986 0
51136 40
51343 79
51357 60
51452 60
51581 0
51631 64
52069 0
52142 64
52283 0
52800 64
53260 0
53443 71
54332 60
54334 50
54381 71
54603 0
54608 40
55389 0
55547 47
55565 79
55948 0
56658 79
56870 0
56936 40
57088 71
57602 79
57624 64
57695 64
57862 0
58073 60
58330 79
58782 0
58810 40
58820 0
58823 50
58847 0
59138 60
59377 60
59498 0
59754 79
59798 64
59808 50
59922 0
60030 47
60056 71
60240 0
60499 40
60748 0
60995 64
61041 0
61070 64
61217 0
61425 47
61656 79
61941 79
62494 71
62709 0
62725 79
62730 0
63312 71
63445 0
63521 71
63912 0
64083 71
64249 0
64479 64
64638 64
64885 0
65315 47
65587 0
65689 71
65909 0
66156 47
66212 0
66387 64
66506 0
66794 60
67368 0
67820 60
68235 0
68420 50
68580 60
68946 40
68997 64
69119 0
69368 64
69427 0
69640 47
69792 64
69906 0
70009 60
70092 0
70270 60
70570 0
70661 40
70960 0
71110 40
71363 79
72129 0
72235 50
72264 0
72353 60
72551 0
72705 50
73133 0
74241 79
74373 0
74442 60
74571 71
74665 0
75009 40
75025 0
75135 64
75162 0
75341 47
75413 47
75417 0
75954 71
75990 71
76203 0
76264 50
76295 47
76545 40
76608 0
76727 64
76942 47
76969 0
77734 71
77776 0
78562 50
78764 50
78904 64
78924 0
79340 50
79889 0
79928 79
80429 0
80449 60
80755 0
81132 71
81371 40
81488 0
81834 79
82372 64
82388 0
82568 71
82650 0
82997 47
83148 0
83241 60
83255 0
83309 64
83311 0
84094 64
84245 0
84338 79
84358 0
84518 40
84642 0
84963 71
85006 0
85313 40
85513 0
86322 71
86330 0
86642 64
87025 40
87511 0
87744 47
87770 0
87946 50
88065 64
88223 0
88374 79
88541 79
88919 0
89278 50
89630 60
89782 0
89979 47
90067 0
90085 64
90245 64
90401 0
90897 50
90926 0
91317 40
91349 0
92152 40
92529 40
92650 0
92878 50
93230 60
93361 0
93728 50
93952 0
94018 64
94185 0
94214 50
94503 0
94571 47
94756 0
94961 79
95407 60
95571 0
95738 47
96209 0
96905 60
96972 0
97029 50
97170 79
97307 60
97353 0
97713 79
97769 0
98041 60
98321 60
98323 0
98491 79
98642 0
98891 47
98987 0
99192 60
99318 71
99326 0
99408 60
99422 0
455 events for 5
650 75
968 0
1046 75
1257 0
1313 74
1482 0
1619 75
1760 0
1785 74
1844 0
1963 74
2213 70
2367 0
2543 70
3057 75
3388 0
3463 75
3529 0
3757 70
4100 75
4126 74
4452 0
4800 70
4860 0
4957 70
5327 0
5521 70
5622 0
6114 70
6465 0
6634 75
6747 0
6758 70
6785 75
6993 75
7075 70
7104 0
7432 75
7610 0
7935 75
7938 0
8115 75
8160 0
8392 75
8815 70
9001 0
9029 74
9338 0
9442 74
9980 75
9985 0
10136 74
10217 0
10259 70
10337 0
10477 70
11040 0
11117 70
11248 0
11688 74
11958 0
12157 74
12191 0
12558 75
12702 0
12766 70
12914 0
13069 75
13096 0
13289 75
13505 0
13519 70
14169 0
14363 75
14383 0
14418 70
14556 0
14585 70
14648 0
14651 75
14652 0
14735 75
14911 0
14987 70
15021 0
15154 75
15313 0
15332 70
15335 0
15491 75
15644 75
15798 75
15938 0
15945 75
15946 70
16044 0
16242 75
16255 75
16755 0
16768 74
16897 0
16916 74
17052 75
17125 0
17289 70
17565 75
18723 0
18762 75
18804 0
18883 75
18985 75
19058 0
19145 75
19454 0
19738 70
19771 0
19997 75
20300 0
20752 74
20894 75
20964 0
21411 75
21588 0
21897 75
22187 75
22231 0
22697 75
22816 0
23315 75
23467 0
23676 70
24022 0
24159 75
24943 0
25322 75
25358 75
25539 74
25732 0
26025 75
26203 0
26330 75
26943 75
26970 0
27578 75
27776 0
27877 75
28106 0
28691 74
28940 0
28969 70
29003 0
29165 75
29222 74
30382 0
30666 70
30672 0
30692 75
30750 0
30998 75
31343 0
31426 74
32123 0
32391 70
32417 0
32549 70
32574 0
33156 75
33190 0
33252 75
33553 0
34131 75
34558 0
34996 75
35009 74
35486 0
35601 70
35734 0
35902 70
36153 0
36207 75
36466 0
36478 70
36497 0
36536 70
36982 0
37523 74
38010 75
38037 75
38177 0
38421 70
38708 0
38811 75
39413 70
39464 70
39595 0
39708 75
40096 75
40282 0
40306 75
40323 0
40339 70
40508 0
40523 74
41073 0
42129 70
42720 0
42762 75
43040 0
43074 75
43116 75
43402 75
43549 0
43774 74
43994 0
44270 75
44325 70
44951 0
45108 74
45997 70
46123 0
46171 70
46225 0
46278 75
46381 0
46789 70
47006 0
47292 74
47424 74
47814 0
48180 75
48209 0
48267 75
48283 0
48460 70
48463 0
48717 75
48937 0
48995 75
49132 0
49185 75
49290 0
49542 75
49690 0
50023 75
50060 0
50164 75
51104 75
51285 0
51935 75
52117 0
52406 70
52420 0
52526 75
52561 0
52879 70
53234 75
53417 75
53671 75
54243 0
54282 70
54369 75
54496 0
54752 70
55142 0
55146 75
55203 75
55228 0
55252 74
56057 75
56598 0
56798 75
56830 75
56845 75
56861 0
57197 75
57233 0
57430 70
58148 70
58489 0
58650 70
58785 0
58828 70
58896 0
59684 75
59965 74
60161 0
60308 70
60357 70
60677 0
60989 75
60995 75
61271 0
61328 74
61760 0
61929 74
62108 0
62470 75
62564 75
62813 75
63160 0
63380 70
63761 0
64216 74
64933 0
64952 75
65187 0
65288 75
65598 0
65803 75
65918 0
65932 70
66033 75
66037 0
66592 70
66836 75
66898 0
67271 75
67637 0
67670 75
67918 75
68080 0
68258 75
68757 74
68830 0
69217 70
70285 0
70457 75
70519 0
71429 75
71967 0
72220 70
72236 0
72278 70
72419 75
72441 0
72656 70
73007 0
73749 70
74220 0
74461 75
74682 0
74798 74
74871 0
75429 75
75913 0
76151 75
76230 0
77125 75
77292 0
77338 74
77445 74
77659 75
77716 0
77997 74
78226 74
79107 0
79626 75
79640 0
79684 75
80008 0
80833 70
81128 0
81236 74
81314 0
81362 70
81435 0
81720 75
81787 0
81914 75
81976 0
82193 74
82322 0
82500 75
82549 0
82774 75
82796 0
82993 75
83055 0
83112 74
83267 75
83553 0
83563 75
83684 0
83988 70
84008 70
84281 0
84350 75
84356 0
84604 75
84632 75
84808 0
84926 75
85006 0
85119 75
85155 70
85445 0
85777 74
85830 70
85846 0
85991 75
86231 0
86422 70
86447 75
86875 70
86926 0
87206 70
87260 0
87449 70
87686 74
88048 74
88113 0
88860 75
89819 0
90261 74
90364 75
90611 75
90829 0
91232 70
91457 0
91817 75
91902 0
92196 75
92278 0
92573 75
92653 0
92704 70
92914 0
92917 75
93339 0
93498 75
93645 0
93651 75
94248 0
94473 75
94588 0
94792 70
94879 0
95062 74
95112 74
95367 74
95372 0
95464 70
95633 0
95647 70
95649 0
95658 70
96713 0
96741 70
98295 0
98758 74
98842 0
98939 74
99147 70
99322 0
99522 70
540 events for 6
808 52
1015 0
1053 58
1150 0
1221 52
1310 0
1729 80
1844 52
1887 58
2079 0
2140 78
2147 78
2454 0
2696 78
2697 0
2748 68
2949 0
2973 78
3018 78
3068 80
3507 0
3772 78
3787 0
3917 80
4105 0
4284 68
4463 0
5163 78
5172 0
5276 58
5348 65
5451 65
5819 0
6137 65
6316 0
6317 68
6357 52
6548 0
6688 78
6860 0
6863 52
7041 0
7774 78
7907 0
8063 65
8646 68
8829 0
8928 78
9018 0
9157 52
9158 0
9181 78
9363 0
9471 78
9840 0
10079 80
10760 0
10907 58
11030 0
11461 80
11462 0
11492 78
11731 65
11789 0
12042 80
12071 0
12457 58
12527 0
13015 68
13115 0
13174 78
13310 0
13972 65
13985 68
14129 0
14138 78
14289 0
14574 80
15591 0
15967 80
16059 52
16068 52
16080 78
16128 0
16848 78
16955 0
17005 52
17807 68
17856 65
17937 0
17948 78
18037 0
18103 78
18246 52
18510 0
18747 78
18760 80
18840 0
18970 78
19283 68
19401 78
20090 0
20150 52
20171 0
20336 78
20344 0
20500 80
20698 0
20783 78
20805 0
21050 78
21119 0
21204 80
21301 0
21380 78
21692 0
21901 78
21927 0
22419 68
22862 0
23079 65
23243 0
23410 68
23442 58
23519 58
23535 0
23688 78
23961 0
24052 58
24356 78
24463 52
24718 0
24808 80
24860 0
25114 78
25282 65
25307 0
25354 68
25620 58
25745 0
25986 68
26212 0
26353 78
26546 52
26693 0
26825 52
26887 0
26967 78
26994 0
27096 78
27233 0
27426 58
27470 0
27622 58
27781 0
27796 78
27861 68
27978 0
28203 78
28306 78
28335 0
28345 78
28779 65
28827 52
28919 0
29108 52
29199 0
29289 68
29404 58
29484 0
29687 80
29815 52
29968 0
30271 80
30323 0
30426 58
30486 65
30588 0
30805 68
30824 78
30978 0
31102 80
31409 0
31446 52
31498 80
31758 0
32406 78
32500 65
32825 0
33060 80
33161 0
33710 52
33900 0
34471 68
34743 0
34787 68
34861 58
34862 0
35014 78
35916 0
35928 65
36437 52
36684 52
36754 0
36837 78
36976 0
37099 65
37125 0
37151 68
37159 0
37343 78
37598 0
38247 68
38357 0
38419 80
38486 0
38905 58
39007 0
39191 68
39208 65
39274 0
39385 52
39611 0
39665 58
40021 65
40060 0
40075 58
40575 65
40589 65
40623 0
41374 65
41428 0
41437 68
41510 0
41543 68
41548 58
41771 78
41966 0
42062 78
42277 0
42424 78
42849 0
43043 78
43051 0
43110 52
43190 58
43282 58
43896 65
44019 0
44204 58
44272 0
44709 52
44958 0
44999 78
45047 0
45232 65
45327 0
45477 68
45877 0
46666 58
46687 0
47126 52
47256 0
47405 78
47460 0
47504 65
47658 0
47701 65
47774 0
47899 78
48015 68
48076 0
48296 58
48415 0
48490 68
48533 52
48597 0
48874 68
49238 0
49684 78
49854 0
50007 68
50098 0
50194 80
50293 0
50388 78
50394 0
50490 78
50746 52
51326 65
51652 0
51924 80
52142 52
52340 0
52378 78
52581 58
52861 0
52889 65
53001 0
53046 65
53171 80
53298 58
53400 0
53431 80
53591 0
53596 68
54095 0
54266 68
54276 0
54360 58
54392 52
54685 65
54971 0
55017 65
55343 68
55740 0
56389 78
56622 0
56681 68
56934 0
57204 80
57948 58
57976 0
58017 52
58084 0
58229 78
58350 0
58637 80
58703 0
59000 68
59789 0
59928 65
59929 0
60519 78
60659 0
60964 58
61008 0
61511 78
61539 0
61584 52
61983 0
62006 78
62161 80
62420 0
63184 68
63295 68
63699 52
64319 52
64426 78
64483 0
64495 68
64750 0
64812 80
65167 0
65351 65
65434 0
65482 58
65623 0
65726 80
65824 0
65928 78
66241 0
66269 65
66270 78
66782 78
66835 52
66912 0
66959 78
67110 52
67223 0
67406 78
68013 0
68035 78
68101 0
68351 78
69006 52
69049 0
69736 58
69832 65
69944 65
70190 0
70305 52
70384 52
70450 0
70678 80
70815 0
71116 78
71308 78
71418 0
71620 78
71656 0
72156 80
72160 0
72573 78
72632 0
72943 78
72986 78
73003 0
73234 78
73275 0
73383 52
73499 0
73867 52
73933 0
74067 52
74503 65
74667 0
74777 65
74911 0
75151 78
75308 52
75585 0
75737 80
75858 78
75934 0
75992 58
76289 78
76345 65
76431 0
76482 78
76585 78
76837 0
76963 78
77399 78
77770 0
78054 68
78080 52
78166 65
78545 80
78580 0
78793 78
78826 80
79271 0
79295 80
79848 0
80427 78
80564 0
80685 65
80826 0
81031 78
81431 0
81520 78
81719 58
81794 0
81907 52
82059 0
82100 78
82285 0
82323 80
82432 0
82673 78
82910 0
83277 78
83323 0
83447 65
83631 0
84263 80
84290 0
84317 68
84954 0
85228 78
85290 0
85433 68
85439 0
86088 65
86173 78
86296 0
86432 65
86693 0
86696 65
87059 0
87239 58
87745 0
88008 78
88300 0
88327 58
88559 0
88567 58
88585 0
88608 52
88658 0
88853 68
88890 78
88961 0
89042 68
89103 58
89148 0
89162 58
89191 58
89659 0
89974 52
90122 52
90127 0
90599 52
90771 0
90841 80
91135 68
91221 0
91642 78
92017 0
92031 58
92141 0
92333 80
92371 0
92394 78
92819 0
93488 65
93528 78
93618 0
93791 78
94034 0
94061 78
94295 0
94322 78
94389 0
94644 58
94944 0
95104 78
95232 0
95451 52
95504 0
95537 78
95777 0
95995 68
96700 0
96760 65
96780 0
96917 78
96933 52
97920 68
98615 0
98649 52
98664 68
99070 0
99382 68
99670 0
99711 58
99790 78
99873 0
99984 78
835 events for 7
5 98
111 98
341 0
356 98
409 0
426 98
463 98
562 0
574 98
672 0
1010 98
1043 98
1050 0
1058 98
1191 0
1646 98
1960 0
2065 98
2214 0
2394 98
2756 98
2784 0
2846 98
2873 98
3010 0
3178 98
3265 98
3322 98
3342 98
3547 0
3682 98
3739 0
3770 98
3889 0
3936 98
4027 98
4050 0
4129 98
4222 0
4246 98
4252 98
4342 98
4488 0
4521 98
4964 98
4978 98
5056 0
5374 98
5441 0
5448 98
5555 0
5996 98
6320 0
7074 98
7225 0
7251 98
7376 98
7387 98
7629 0
7755 98
7910 0
7962 98
8017 0
8158 98
8247 0
8250 98
8319 0
8925 98
8969 98
9458 0
9500 98
9525 0
9603 98
9886 0
9897 98
9992 0
10022 98
10309 0
10387 98
10479 0
10581 98
10801 0
10830 98
10858 0
10999 98
11113 0
11497 98
11503 0
11553 98
11556 0
11687 98
11787 0
11816 98
11858 98
12072 98
12302 0
12329 98
12447 98
12460 98
12606 0
13029 98
13377 98
13429 0
13447 98
13602 0
13994 98
14455 98
14470 98
14501 0
14529 98
14538 0
14573 98
14621 98
14722 98
14895 0
14947 98
15183 0
15267 98
15400 0
15546 98
15616 98
15701 0
15766 98
15816 98
16354 98
16545 98
16557 98
17000 0
17001 98
17124 98
17288 0
17404 98
17408 0
17524 98
17639 0
18042 98
18062 0
18176 98
18330 98
18469 0
18605 98
18742 98
18823 0
18825 98
18972 0
19012 98
19070 0
19092 98
19321 0
19421 98
19762 98
19946 98
20327 0
20538 98
20634 0
20743 98
21179 98
21181 98
21193 0
21206 98
21428 98
21481 0
21488 98
21600 0
21630 98
21658 0
21752 98
21835 98
21987 0
22030 98
22719 0
22813 98
22859 0
23127 98
23262 0
23317 98
23581 0
23604 98
23671 0
23893 98
23896 0
23916 98
23962 98
23982 0
24021 98
24027 98
24055 0
24098 98
24215 0
24603 98
24616 98
24719 98
24918 0
24929 98
24943 0
25098 98
25281 0
25309 98
25353 0
25359 98
25558 0
25636 98
25696 98
25715 98
25720 98
25781 0
25947 98
26404 0
26414 98
26466 98
26505 0
26677 98
26876 0
26892 98
26896 0
26922 98
26944 98
26955 0
27089 98
27247 0
27544 98
27808 0
27827 98
27849 0
27976 98
28082 98
28134 98
28154 0
28255 98
28317 98
28318 0
28491 98
28524 0
28533 98
28681 98
28711 0
28757 98
28907 0
29130 98
29183 0
29588 98
29717 0
29837 98
29970 98
29992 0
30006 98
30235 0
30342 98
30487 0
30587 98
30612 0
30644 98
30663 0
30697 98
30747 98
31025 98
31218 0
31235 98
31272 0
31572 98
31831 0
32087 98
32103 0
32142 98
32179 0
32203 98
32221 0
32257 98
32317 0
32537 98
32552 98
32730 0
32961 98
33008 98
33046 98
33173 0
33238 98
33240 98
33262 98
33284 0
33554 98
33980 98
34042 0
34431 98
34573 0
34685 98
34754 0
34774 98
35025 98
35200 98
35283 0
35296 98
35395 0
35535 98
35645 0
35648 98
35688 0
36111 98
36200 0
36297 98
36449 0
36541 98
36596 0
36622 98
36640 0
36731 98
36869 98
37225 0
37419 98
37482 0
37534 98
37609 0
37651 98
37940 0
38401 98
38497 0
38878 98
39099 0
39213 98
39239 0
39437 98
39516 98
39825 98
39948 0
40025 98
40029 0
40077 98
40209 0
40224 98
40287 0
40370 98
40392 0
40433 98
40448 0
40528 98
40589 98
40651 0
40669 98
40708 0
40724 98
40782 0
40850 98
40961 98
40969 0
41459 98
41465 0
41514 98
41870 0
41895 98
41948 0
42101 98
42198 98
42312 0
42347 98
42416 0
42780 98
42942 0
42977 98
42997 0
43089 98
43107 0
43326 98
43342 0
43347 98
43471 0
43657 98
43668 0
43695 98
43826 0
43880 98
43940 98
44501 0
44807 98
44919 0
44927 98
44984 98
45028 0
45043 98
45357 98
45584 0
45585 98
45659 98
45941 0
46027 98
46043 98
46157 98
46261 0
46282 98
46312 0
46425 98
46471 0
46539 98
46749 0
47523 98
47586 0
47787 98
47878 0
47932 98
47942 0
47969 98
48006 0
48014 98
48308 98
48718 0
48866 98
48874 98
48973 0
49003 98
49065 98
49536 98
49987 0
50009 98
50082 0
50145 98
50188 98
50236 98
50254 98
50603 0
50888 98
50929 0
51130 98
51215 0
51273 98
51406 0
51496 98
51707 0
52136 98
52283 0
52291 98
52495 98
52510 0
52555 98
52701 0
52734 98
52968 98
53193 0
53441 98
53564 0
53871 98
53895 0
54098 98
54153 0
54302 98
54312 0
54404 98
54411 0
54611 98
54770 0
54787 98
54789 0
54908 98
54992 0
55123 98
55487 0
55681 98
56112 0
56330 98
56436 0
56579 98
56924 0
56933 98
57007 98
57028 0
57044 98
57489 0
57525 98
57629 0
57877 98
57909 0
58092 98
58447 0
58448 98
58862 98
59134 0
59154 98
59417 0
59453 98
59590 0
59866 98
59901 0
59928 98
59988 0
60090 98
60318 0
60538 98
60641 0
60921 98
60923 0
60931 98
61150 0
61159 98
61361 98
61369 98
61400 0
61456 98
61596 98
61644 0
61691 98
61750 0
61751 98
61896 0
62272 98
62313 0
62319 98
62438 0
62623 98
62759 0
62784 98
63193 0
63340 98
63353 98
63640 98
63765 0
63848 98
63886 98
64073 0
64321 98
64465 0
64545 98
64999 0
65191 98
65305 98
65592 0
65901 98
66265 98
66478 0
66533 98
66543 0
66569 98
66790 0
66845 98
66904 98
66923 98
66949 98
66965 0
66972 98
67009 0
67146 98
67279 0
67354 98
67413 0
67463 98
67598 0
67642 98
67831 98
68007 0
68184 98
68209 0
68222 98
68231 0
68319 98
68439 98
68466 0
68509 98
68526 0
68527 98
68670 0
68713 98
68733 0
68785 98
68905 98
68911 0
68979 98
69003 0
69062 98
69133 0
69270 98
69310 0
69314 98
69504 0
69780 98
69865 0
69939 98
70099 0
70149 98
70219 0
70251 98
70384 98
70417 0
70671 98
70836 98
70845 0
70853 98
70868 98
71025 0
71104 98
71364 0
71565 98
71815 0
71879 98
71939 98
71961 0
71997 98
72283 0
72291 98
72400 0
72814 98
72876 0
72949 98
72980 0
73012 98
73367 0
73474 98
73603 0
73605 98
73688 0
73830 98
74112 0
74154 98
74302 0
74345 98
74509 0
74585 98
74670 98
74692 0
74704 98
74906 0
75081 98
75095 0
75101 98
75345 98
75898 0
75951 98
76077 0
76235 98
76349 0
76363 98
76381 0
76423 98
76467 0
76607 98
76708 0
77016 98
77114 98
77316 0
77347 98
77391 0
77605 98
77704 98
77789 98
77912 98
77966 98
78097 0
78173 98
78234 0
78287 98
78525 98
78659 0
78719 98
78755 0
78788 98
78801 98
78866 98
78922 0
78965 98
79000 0
79097 98
79157 0
79247 98
79289 0
79430 98
79822 0
79915 98
80001 0
80116 98
80497 0
80516 98
80642 98
80782 0
81013 98
81152 98
81287 98
81506 98
81703 0
81859 98
82093 0
82182 98
82254 98
82444 98
82546 98
82697 98
82906 0
82938 98
83250 0
83252 98
83681 0
83955 98
84230 0
84273 98
84375 0
84633 98
84683 0
84706 98
84725 98
84770 0
84918 98
85034 98
85103 98
85180 0
85250 98
85385 0
85396 98
85575 0
85792 98
85794 98
85857 98
85868 0
85870 98
85900 98
85953 0
85975 98
86060 0
86134 98
86218 98
86240 0
86301 98
86358 0
86503 98
86761 0
87187 98
87239 0
87273 98
87489 0
87562 98
87663 98
87787 98
87926 0
88310 98
88439 0
88761 98
88800 98
88839 0
89173 98
89201 0
89405 98
89455 98
89777 0
89833 98
90137 0
90185 98
90392 98
90427 0
90476 98
90484 0
90524 98
90802 0
90865 98
91007 98
91062 0
91077 98
91086 98
91110 98
91124 0
91563 98
91925 0
91957 98
91964 98
92013 0
92040 98
92078 0
92273 98
92336 0
92395 98
92443 98
92467 0
92473 98
92521 98
92754 0
92784 98
92857 98
92980 0
93104 98
93129 0
93200 98
93357 98
93368 0
93642 98
93683 0
93781 98
93948 0
94002 98
94042 98
94387 98
94431 0
94600 98
94757 0
94779 98
94919 0
95198 98
95229 0
95260 98
95286 0
95505 98
95614 0
95664 98
95674 98
95961 98
96178 0
96242 98
96310 0
96514 98
96644 0
96853 98
96934 0
97107 98
97135 98
97425 0
97440 98
97469 0
97546 98
97587 98
97623 98
97906 0
97944 98
97951 98
97982 0
98039 98
98076 98
98190 0
98378 98
98394 98
98395 98
98550 0
98658 98
98737 0
98888 98
98904 98
99280 0
99340 98
99395 98
99594 0
99791 98
99817 0
99875 98
99915 98
126 events for 8
1413 76
2335 85
2804 0
3380 79
4648 0
5306 79
5333 86
5888 0
8305 86
10442 82
10458 0
11025 85
13438 85
13554 79
13772 0
15645 86
15719 0
16653 86
17136 76
17250 0
17583 86
17680 0
17980 79
18624 0
19568 76
20973 0
21109 86
21654 0
21663 79
22033 79
22618 0
24192 86
24859 80
25041 0
25679 86
25894 0
26807 82
26919 0
27030 76
27801 80
28364 0
28392 82
28552 0
31925 82
33172 0
33845 80
34106 0
34220 79
34911 86
35557 0
35642 82
35664 0
36072 82
36083 76
36313 0
37744 79
38166 0
38483 82
38614 86
39272 0
39401 86
39753 79
40015 0
41013 79
41097 0
41613 82
41966 79
42193 0
42355 80
42788 80
42907 76
43144 0
43613 79
43706 0
43807 76
44579 0
46326 76
47300 0
47750 85
47823 0
48148 79
50113 0
50306 76
50324 0
52140 85
52767 0
53063 86
54950 0
55033 79
55815 82
56703 0
60331 86
60757 86
61243 0
61515 85
63616 0
67038 80
67706 76
67862 85
70007 0
72420 76
74275 0
74367 76
75002 80
77510 80
77855 85
80599 85
81925 80
82945 0
83916 86
85295 0
85499 80
85547 0
85777 85
86752 82
88589 0
89163 86
90904 0
92075 79
92819 0
94043 86
94456 0
94927 85
95578 0
95913 82
99027 0
573 events for 9
64 77
309 0
1102 61
1165 0
1474 82
1957 75
2020 82
2057 74
2248 0
2327 75
2447 81
2472 75
2839 79
2906 0
3035 77
3259 75
3386 0
3528 61
3615 0
3631 77
3710 0
4037 82
4116 77
4225 0
4408 79
4411 0
4583 63
4703 0
4830 61
4831 0
4846 82
5049 0
5244 75
5503 82
5544 0
5597 77
5742 0
5761 79
6020 81
6028 77
6105 0
6111 62
6307 0
6593 77
6614 0
6754 74
6823 0
6895 81
7261 0
7697 81
8824 0
9024 63
9209 0
9235 62
9378 0
9431 79
9461 74
9809 0
9831 82
10443 79
10738 0
11005 61
11123 0
11522 61
11753 0
11919 74
11921 77
11957 0
12105 79
12157 77
12512 81
12691 0
12790 62
12948 82
13364 0
13443 77
13836 0
13980 81
14070 0
14483 61
14526 0
14764 74
14937 0
15088 79
15272 0
15320 81
15677 0
15845 62
15903 63
16197 63
16245 0
16248 79
16500 81
16762 0
17065 61
17196 0
17198 63
17241 63
17281 77
17395 0
17851 63
17884 0
17925 82
18025 0
18225 63
18515 0
18528 82
18742 0
18831 63
19081 0
19244 61
19317 0
19563 62
19731 0
19969 63
20283 0
20345 82
20424 0
20505 75
20580 0
20599 82
20772 0
20776 81
21007 0
21087 63
21117 0
21291 81
21627 0
21802 79
22413 81
22460 61
22680 0
22689 75
22734 0
22880 63
22901 0
22924 62
23399 0
23524 75
23620 61
23664 75
23692 0
23888 74
24234 0
24357 63
24706 81
24922 0
25005 74
25350 0
25371 75
25907 0
26068 79
26336 77
26363 63
26629 0
26787 82
27231 63
27458 0
27588 75
27863 0
28498 61
28680 0
28711 62
28787 0
29004 82
29022 0
29069 79
29075 82
29188 0
29313 62
29454 61
29649 0
29697 77
29795 79
29801 0
29869 82
29948 0
30020 75
30055 0
30194 62
30231 62
30453 0
30767 79
31284 0
31655 77
32138 0
32223 77
32813 75
33000 0
33376 62
33560 0
33662 74
33770 0
34011 63
34135 0
34318 61
34395 0
34435 81
34707 74
34813 81
35343 79
35424 0
35739 63
36099 0
36228 74
36418 0
36471 63
36533 0
36572 79
36582 0
36712 74
36773 0
37062 81
37377 0
37400 74
37942 0
38276 62
38648 75
38742 62
38802 0
39002 81
39400 82
39694 0
39715 61
39930 0
40057 75
40191 77
40208 62
40250 0
40267 63
40398 0
40409 77
40424 0
40451 75
40547 0
40562 75
40600 63
40704 0
40820 79
40950 0
41185 63
41794 0
41873 82
42243 0
42246 62
42302 0
42362 81
42392 0
42397 82
42431 0
42436 75
42470 77
42758 81
43047 63
43211 82
43445 63
43599 0
44079 63
44278 0
44550 81
44809 0
44949 74
44990 0
45056 77
45109 62
45195 77
45222 77
45393 0
45395 81
45401 0
45425 77
45428 0
45469 79
46039 0
46148 74
46365 0
46367 74
46657 61
46718 0
46841 81
47021 0
47088 63
47234 0
47332 62
47625 0
47766 74
48237 79
48851 0
48923 77
49325 0
49488 63
49640 0
49645 82
49940 0
49980 61
50428 0
50540 77
50604 0
50649 63
50722 61
51077 0
51438 74
51445 0
51518 63
51740 74
51811 79
51937 63
52009 0
52054 81
52486 75
52588 0
53048 63
53153 0
53175 63
53515 0
53542 63
53671 77
53694 0
54005 61
54059 0
54284 74
54305 79
54408 0
54647 77
54699 82
54718 0
55086 75
55374 0
55382 75
55626 0
55655 63
56105 0
56261 74
56628 0
57267 63
57503 0
58573 75
58654 0
59179 82
59543 0
59849 61
59977 75
60287 79
60434 75
60441 62
60471 0
60828 62
61003 0
61207 82
61291 61
61299 0
61579 74
61621 81
61637 0
62341 74
62891 0
62991 77
63003 63
63372 0
63600 77
63608 0
63788 61
63895 61
64431 0
64525 63
64708 0
64805 61
64876 82
65099 63
65221 0
65357 63
65536 0
65819 63
66022 0
66372 61
66542 0
66551 74
66607 0
66643 63
66975 0
67077 61
67341 0
67697 74
68008 0
68297 63
68533 61
68673 0
69000 74
69337 0
69670 62
69750 0
69879 77
70013 0
70085 75
70111 0
70344 75
70585 0
70715 79
71023 0
71426 77
72376 0
72389 61
72981 61
73029 0
73093 74
73444 0
73462 77
73594 0
73717 82
73884 75
74317 0
74326 63
74380 75
74883 75
74983 62
75113 0
75378 61
75410 63
75473 0
75538 82
75562 0
75622 74
75677 0
75830 82
76099 0
76298 81
76483 0
76529 63
76712 0
76731 61
77333 0
77452 79
77456 81
77647 77
77689 74
77823 0
78136 81
78276 0
78400 62
78702 0
78742 63
78784 82
78828 0
78916 74
78952 61
78967 0
79004 82
79118 0
79224 81
79498 0
79670 62
79752 77
79761 0
80033 81
80303 0
80317 63
80340 77
80359 63
80638 0
80975 82
81399 0
82179 74
82197 0
82344 61
82444 0
82613 82
82903 63
82988 74
82991 79
83057 0
83088 62
83205 62
83227 0
83385 62
83717 61
84663 0
84714 81
84782 61
84962 62
85100 75
85740 0
85984 81
86041 63
86512 0
86535 61
86564 62
86657 0
86675 63
86704 0
86752 62
86754 0
87071 63
87479 74
87517 0
87538 81
87560 62
87587 77
87594 0
88116 75
88281 81
88397 0
88481 62
88981 0
89423 63
89435 0
89462 63
89715 63
89801 77
89830 63
89894 62
89971 0
89975 62
90011 0
90111 63
90186 0
90875 63
91359 0
91561 62
91691 0
91750 79
91800 75
91947 75
92000 0
92262 62
92346 0
92451 63
92545 0
92673 63
92764 0
92838 81
93011 62
93086 0
93179 82
93543 81
93824 0
93952 79
94166 0
94353 81
95289 74
95433 81
95442 0
95500 75
95636 0
95783 63
95867 0
96041 77
96109 0
96146 63
96148 0
96330 79
96422 0
96467 79
96472 0
96517 63
96700 0
96953 75
97215 0
97536 75
97550 0
97605 77
97705 0
97990 63
98343 0
98354 61
98611 82
98952 0
99151 61
99502 0
99604 75
99612 0
99811 77
99856 0
99929 82
198 events for 10
178 55
1449 0
1686 22
3021 0
3350 55
3521 0
3737 55
4279 0
5412 22
6095 55
6649 0
6969 55
7222 0
7264 55
7443 55
8468 55
8730 0
8785 22
8995 0
9722 22
11491 0
11545 22
11708 0
12522 49
12779 49
12839 0
14112 22
14885 0
15034 49
15142 55
15404 0
15695 22
16162 0
16725 55
17387 0
18491 22
20047 0
20462 55
21190 22
21919 0
21930 49
22522 0
22929 49
23038 0
23705 55
23806 0
24266 55
24852 49
24859 0
24989 49
25317 0
25346 22
25632 22
25771 0
26240 22
26418 55
26669 0
26769 49
26989 0
27982 22
29199 0
29648 55
30724 0
30774 55
30884 0
31107 55
33286 0
34257 49
34311 22
34631 49
35116 0
35219 49
35764 22
35976 0
36143 49
36241 55
36411 49
36605 0
36807 49
37034 0
37063 55
37802 0
37969 55
39992 0
40335 22
41253 0
41393 55
42655 22
43439 0
43780 55
44247 0
45753 55
45770 55
45918 0
46535 55
46539 0
46603 49
47234 0
47289 55
47490 0
47924 55
48500 0
48653 22
50341 49
50414 0
50985 22
51333 0
51542 55
51982 0
52005 55
52571 0
52654 55
52667 0
52797 55
53113 0
54433 55
54592 0
56170 49
57180 55
57394 55
57757 0
58377 22
58508 0
58832 55
59126 0
59881 22
60133 0
60970 55
62370 49
62512 49
62562 0
62628 55
63041 49
63064 0
63219 22
63802 0
63809 55
65395 0
65723 49
65780 55
66508 0
67572 49
67643 0
68933 55
71959 0
72339 49
74439 55
75150 0
75423 55
75578 0
76043 22
76161 49
76538 49
77502 55
77688 0
77779 55
78594 0
79608 55
79674 0
79858 22
80418 0
80665 49
81921 55
81925 0
82554 55
83059 49
83192 0
83677 55
83997 0
84034 55
84100 22
84573 49
84631 0
84732 55
85063 0
85302 55
85581 0
85666 55
86045 0
86410 49
88163 0
89558 22
89699 0
90531 22
91133 49
91572 49
91893 0
91911 22
92008 49
92797 49
93700 0
93989 55
94900 49
95821 0
95865 49
96468 0
96651 55
97648 0
674 events for 11
52 52
210 0
1291 52
1860 52
1920 0
2431 52
2440 0
2454 52
2491 0
2547 52
2586 0
2806 52
2875 52
3047 52
3192 0
3229 52
3378 0
3476 52
3568 0
3757 52
3811 0
3846 52
3947 0
4022 52
4557 0
4602 52
4782 0
4835 52
5170 52
5192 52
5365 0
5530 52
5572 52
5719 0
6203 52
6334 0
6399 52
6405 52
6713 0
7391 52
7430 0
7433 52
7743 0
8013 52
8101 52
8107 0
8423 52
8659 0
8666 52
8746 0
8928 52
9230 0
9419 52
9587 0
9612 52
9797 0
9812 52
10242 0
10286 52
10532 0
10543 52
10559 0
10643 52
10757 52
10794 0
10853 52
10992 0
11345 52
11676 52
11768 0
11778 52
11867 52
12551 0
12562 52
12607 0
12680 52
12719 0
12940 52
13126 0
13181 52
13183 52
13636 52
13795 0
13833 52
13981 52
14144 0
14270 52
14361 0
14382 52
14402 0
14441 52
14763 0
14987 52
15016 52
15351 0
15357 52
15537 52
15639 0
15957 52
15968 52
16056 0
16650 52
16927 52
17034 0
17157 52
17238 0
17264 52
17408 0
17548 52
17668 0
17699 52
18155 0
18558 52
18715 0
18927 52
19163 0
19490 52
19659 0
19777 52
19788 0
19997 52
20016 0
20179 52
20268 52
20288 52
20290 0
20393 52
20407 0
20425 52
20739 52
20919 52
21042 0
21068 52
21108 0
21436 52
21531 0
21581 52
21632 52
21682 0
21985 52
22067 0
22077 52
22151 0
22198 52
22227 0
22257 52
22484 0
22544 52
22556 0
22655 52
22680 52
22941 0
23010 52
23011 0
23454 52
23494 52
23536 0
23576 52
23670 0
23724 52
23905 52
24300 52
24433 0
24507 52
24582 0
24739 52
24809 52
24834 0
25096 52
25193 0
25317 52
25502 0
25503 52
25689 0
25711 52
25880 0
26224 52
26633 0
26860 52
26932 0
26949 52
27424 0
27550 52
27573 0
27579 52
28052 0
28053 52
28061 0
28131 52
28348 0
28421 52
28425 52
28509 0
28672 52
28850 52
28925 52
28934 0
29004 52
29297 0
29373 52
29548 0
29982 52
29999 0
30004 52
30085 52
30167 52
30279 0
30381 52
30530 52
30559 0
30641 52
31067 0
31183 52
31307 52
31539 0
31596 52
31779 0
32214 52
32273 0
32339 52
32811 0
32834 52
33431 0
33501 52
33529 0
33551 52
33929 0
34055 52
34718 52
34835 0
34895 52
35052 0
35104 52
35199 0
35561 52
35857 0
35958 52
36038 0
36439 52
36602 0
36973 52
36977 0
37207 52
37225 0
37351 52
37379 0
37493 52
37537 0
37682 52
37695 0
37883 52
37955 0
38039 52
38077 0
38143 52
38309 52
38344 52
39012 0
39503 52
39554 0
39589 52
39616 0
39742 52
39800 0
39973 52
39990 0
40075 52
40099 0
40336 52
41201 0
41405 52
41426 52
41676 0
41875 52
41971 52
42064 0
42067 52
42544 52
43062 52
43121 0
43172 52
43255 0
43264 52
43353 52
43371 52
43390 0
43543 52
43602 0
43693 52
43704 0
43737 52
43764 0
44132 52
44160 0
44286 52
44473 0
44608 52
45010 0
45046 52
45090 52
45134 0
45178 52
45301 52
45457 0
45458 52
45476 0
45746 52
45799 0
45952 52
46089 0
46285 52
46548 0
46665 52
47231 0
47297 52
47663 52
47854 52
47950 0
48015 52
48059 0
48218 52
48369 0
48473 52
48871 0
49307 52
49432 0
49574 52
49604 0
49709 52
49746 0
49769 52
49775 0
49778 52
49897 0
49979 52
50301 0
50347 52
50478 0
50613 52
50784 0
50986 52
51178 0
51247 52
51250 0
51341 52
51478 0
51490 52
51944 0
52103 52
52407 52
52415 52
52500 0
53102 52
53188 52
53360 0
53372 52
53403 52
53453 0
53465 52
53505 52
53587 0
54337 52
54527 0
54692 52
54889 0
55133 52
55163 52
55204 0
55385 52
55552 0
55694 52
55697 0
55755 52
55948 0
56102 52
56124 52
56376 52
56803 0
56909 52
56959 0
57170 52
57230 0
57243 52
57434 52
57567 0
57599 52
57885 52
58050 0
58265 52
58283 52
58437 52
58528 52
58648 0
58687 52
58736 52
58849 0
59324 52
59454 0
59456 52
59569 0
59580 52
59662 52
59805 0
59877 52
59898 52
60036 0
60184 52
60448 0
60521 52
60566 0
60593 52
60702 0
60731 52
61061 0
61120 52
61127 52
61267 0
61318 52
61320 0
61539 52
61805 0
61980 52
62110 52
62194 52
62258 0
62530 52
62576 0
62672 52
62999 0
63105 52
63251 0
63258 52
63265 0
63322 52
63452 0
63515 52
63821 52
63850 0
64114 52
64345 0
64378 52
64549 0
64640 52
64731 0
64818 52
65140 0
65170 52
65186 52
65661 0
65763 52
65925 0
66007 52
66071 52
66464 52
66785 0
66971 52
67063 0
67258 52
67286 0
67328 52
67538 0
67642 52
67755 0
67943 52
67966 0
68066 52
68257 52
68293 52
68400 0
69010 52
69057 52
69335 52
69406 52
69547 0
69749 52
69797 0
69812 52
69852 52
69869 52
69891 0
70287 52
70663 0
71063 52
71215 0
71491 52
71494 52
71811 52
72119 52
72368 52
72467 0
72502 52
72729 0
72760 52
72859 52
72976 0
73300 52
73434 0
73551 52
73710 0
73924 52
74097 0
74236 52
74579 0
74767 52
74788 52
75006 52
75357 0
75801 52
75884 52
76424 0
76534 52
76632 0
76869 52
76891 52
76926 52
77102 0
77126 52
77142 0
77312 52
77421 0
77625 52
77687 0
78546 52
78639 0
78787 52
78889 0
79473 52
79490 0
79611 52
79704 0
79709 52
79796 0
80057 52
80064 0
80089 52
80188 0
80443 52
80500 52
80557 0
80565 52
80597 0
80657 52
80762 0
81131 52
81141 0
81240 52
81469 52
81471 0
81529 52
81539 0
81707 52
82214 0
82215 52
82238 0
82521 52
82716 0
82801 52
82838 0
82901 52
82908 0
83008 52
83021 0
83519 52
83675 0
83676 52
83827 0
83889 52
83906 52
83908 52
83938 0
84075 52
84117 0
84316 52
84503 52
84506 52
84582 0
84887 52
84957 0
84985 52
85052 0
85144 52
85351 0
85502 52
85533 0
85646 52
85730 52
85868 52
85945 0
86019 52
86332 0
86445 52
86452 0
86508 52
86932 0
87010 52
87048 0
87212 52
87346 0
87516 52
87758 0
87844 52
88207 52
88221 52
88724 52
88755 0
88832 52
88900 0
88998 52
89034 0
89767 52
89789 0
90251 52
90272 0
90434 52
90588 52
90681 0
90870 52
91186 0
91488 52
91659 0
92153 52
92455 52
92684 0
92705 52
92851 0
93168 52
93356 0
93387 52
93521 52
93634 0
93934 52
94112 0
94240 52
94534 0
94632 52
94646 0
94920 52
94985 52
95003 52
95159 52
95499 0
95792 52
96225 0
96325 52
96440 0
96504 52
96552 52
96710 0
96988 52
97135 0
97426 52
97852 52
97881 0
97893 52
98140 0
98500 52
98561 52
98577 52
98600 52
98664 0
98700 52
98708 52
98813 0
98886 52
99034 0
99139 52
99222 0
99382 52
99400 52
99497 0
99606 52
99656 52
99700 52
99768 0
780 events for 12
304 48
325 0
344 51
512 51
545 0
753 57
851 0
870 52
893 52
942 0
1073 48
1305 56
1327 0
1454 56
1637 57
1855 0
1868 61
2145 0
2233 56
2277 0
2547 48
2553 0
2581 61
2616 0
2626 52
2919 0
3261 51
3338 57
3384 50
3587 0
3737 51
3841 0
3964 56
4214 51
4387 0
4443 51
4590 51
4646 57
5463 0
5530 57
5580 0
5694 48
5696 0
5786 51
6138 0
6220 61
6242 61
6396 0
6430 57
6660 0
7207 51
7229 0
7256 51
7260 0
7273 52
7548 57
7832 56
8262 0
8286 51
8423 52
8522 0
8752 57
8815 0
8954 61
9083 0
9296 61
9575 56
10394 0
10500 56
10963 0
11003 61
11218 0
11227 57
11341 0
11518 52
11631 0
11681 48
11774 0
11892 56
12174 0
12226 57
12286 0
12358 52
12645 0
12726 61
12741 52
12921 0
12972 48
13499 48
13529 0
13614 56
13623 0
13967 61
14062 51
14067 0
14284 51
14419 0
14706 51
14795 0
14798 50
14958 0
15157 50
15645 0
15856 51
15891 0
15936 56
16372 61
16533 48
16953 0
16954 50
17265 0
17367 51
17397 0
17450 57
18401 61
18511 61
18534 0
19016 48
19105 56
19110 50
19454 0
19635 51
19681 0
19737 51
20098 57
20250 0
20332 52
20376 0
20378 50
20406 0
20457 57
20610 0
20734 57
20810 0
20830 51
20859 0
20913 51
20919 0
21094 61
21112 0
21272 50
21276 0
21309 61
21365 57
21601 0
21766 48
22590 0
22618 57
22623 57
22843 0
22929 52
23156 0
23354 61
23391 51
23408 0
23409 51
23456 56
23482 0
23568 48
23653 0
23656 61
23703 56
23729 0
23898 56
23921 0
24114 51
24183 51
24373 0
24449 50
24517 0
24634 51
24678 0
24804 52
25266 52
25524 56
25763 51
25798 52
25804 0
25989 61
26030 0
26129 50
26239 0
26384 51
26434 61
26556 0
26795 52
26823 0
26905 50
27088 0
27118 56
27280 57
27457 0
27496 57
27523 0
27864 48
28151 0
28308 50
28476 0
28723 50
29279 57
29285 0
29336 51
29519 0
29565 57
29622 0
29713 56
29932 0
29944 52
29988 0
30050 52
30323 0
30398 50
30821 0
30920 57
31139 0
31514 56
31530 51
31605 0
31976 51
32211 0
32312 61
32423 52
32647 0
32792 50
32837 0
32943 48
32950 0
33008 52
33200 52
33489 0
33635 61
33832 51
33966 48
34087 0
34103 48
34108 0
34115 56
34135 0
34154 56
34223 51
34401 0
34418 56
34446 51
34508 48
34536 0
34675 56
34763 0
35045 51
35097 51
35259 0
35452 57
35522 51
35549 0
35601 52
35958 0
35986 48
36107 50
36149 57
36161 0
36402 61
36588 57
36692 61
36722 57
36881 0
37013 57
37027 0
37037 57
37157 0
37652 48
37696 56
37784 0
37866 48
37942 51
37992 0
38024 56
38380 51
38701 0
38746 48
38820 0
38891 57
39065 52
39073 0
39235 51
39362 51
39511 51
39564 57
39649 0
39668 61
39690 56
40153 57
40451 51
40554 0
40947 52
41007 0
41106 57
41178 61
41310 56
41372 0
41437 48
41809 0
42000 51
42043 0
42163 51
42326 0
42349 56
42905 0
43007 51
43114 0
43186 50
43304 61
43468 0
43960 56
44027 56
44116 0
44121 51
44320 52
44321 0
44356 51
44362 0
44380 48
44431 0
44481 57
44501 0
44502 61
44561 0
44564 56
44632 0
44798 56
44988 0
44993 61
45019 50
45063 0
45073 56
45116 50
45162 51
45688 0
45813 61
45878 51
46017 61
46091 0
46107 50
46109 50
46240 0
46484 52
46510 0
46785 56
46875 50
46997 51
47107 0
47264 57
47465 0
47784 48
47965 0
47968 56
48187 0
48229 51
48322 0
48884 50
48920 0
49365 48
49400 0
49597 52
49674 0
49784 48
49800 0
49825 50
50191 0
50230 56
50254 0
50448 51
50560 51
50902 0
50977 51
51096 56
51100 0
51146 51
51196 0
51309 48
51390 0
51482 51
51564 0
51690 51
51845 0
51863 51
51958 0
52033 61
52135 51
52934 0
53030 51
53328 0
53769 51
53815 0
54046 57
54055 48
54383 0
54715 50
54796 0
54859 52
54874 52
55009 0
55203 56
55233 52
55423 0
55704 52
55804 0
55875 48
55966 0
55993 48
56119 0
56153 50
56313 51
56396 0
56457 57
56471 0
56689 51
56707 0
56848 57
56992 48
57114 0
57166 51
57216 61
57317 0
57436 51
57633 0
57635 56
57649 0
57714 57
57794 56
57802 0
57850 51
57882 0
58049 57
58251 57
58264 0
58413 56
58512 0
58545 61
58832 0
59063 61
59292 50
59370 56
59436 61
59550 0
59695 51
59823 0
60100 50
60116 0
60394 57
60741 51
60767 0
61035 52
61268 50
61339 52
61349 0
61380 56
61410 51
61417 50
61424 0
61737 52
61765 57
61773 0
61886 57
62008 48
62578 0
62606 56
62710 0
62924 52
63157 0
63188 51
63420 51
63524 0
63627 50
63870 0
63897 48
64236 0
64389 50
64547 0
64695 52
64799 0
64853 51
64854 0
64928 51
64997 56
65098 0
65347 61
65392 0
65721 51
65802 0
65873 51
65995 0
66124 48
66601 0
66678 61
66713 57
66873 52
66886 0
67125 48
67169 0
67229 57
67313 50
67449 0
67530 56
67687 0
68198 51
68311 0
68348 52
68359 48
68420 0
68472 52
68669 0
68681 56
68700 0
68770 51
68886 0
69018 52
69066 0
69196 50
69203 0
69213 48
69492 0
69552 48
69573 0
69608 51
69806 0
69824 51
70024 0
70143 48
70204 0
70374 57
70444 0
70453 51
70605 61
70752 0
70754 50
70830 0
70868 61
70880 0
70989 51
71105 51
71192 0
71305 52
71387 0
71474 56
71607 0
71741 61
71831 0
71941 51
71965 0
72168 57
72243 0
72368 56
72510 0
72667 51
72689 51
73015 0
73121 56
73155 0
73289 51
73396 0
73415 50
73447 0
73574 56
73832 0
73906 48
74152 52
74264 57
74274 0
74343 51
74500 51
74504 0
74594 48
74636 0
74695 48
74757 51
75022 0
75387 61
75552 0
75615 61
75677 0
75753 52
75825 0
75926 52
75971 0
76052 56
76310 0
76315 50
76655 0
76704 56
76705 0
76789 48
76833 0
76991 61
77103 57
77207 0
77379 51
77441 0
77566 48
77910 48
77917 0
77928 50
77966 0
78016 51
78051 50
78146 0
78304 50
78369 0
78383 51
78404 0
78682 51
78739 0
79014 51
79023 0
79120 56
79177 0
79186 52
79202 0
79389 57
79450 61
79474 0
79594 52
79626 0
79982 52
80058 0
80152 56
80234 0
80517 50
80598 0
80688 57
81204 52
81221 0
81314 51
81352 0
81421 57
81663 0
81830 61
82222 0
82258 51
82297 61
82878 0
82917 57
82954 51
83137 0
83206 50
83286 0
83507 57
83539 0
83706 51
83790 0
83817 57
83926 57
83968 0
84021 52
84090 0
84104 57
84611 0
84659 61
85064 0
85184 51
85189 0
85276 51
85383 0
85566 48
85788 0
85801 52
85989 0
86049 51
86104 0
86117 52
86198 0
86335 52
86405 0
86514 51
86552 51
86650 0
86677 48
86819 0
87241 51
87402 0
87688 51
88015 0
88157 57
88162 0
88310 57
88525 0
88543 51
89066 0
89381 56
89533 0
89626 52
89716 0
89751 56
89755 0
89972 57
90007 56
90055 0
90178 52
90352 0
90479 57
90508 57
90601 0
90620 51
90727 0
90997 48
91116 0
91203 51
91282 61
91366 0
91430 48
91682 0
91712 48
91740 0
91748 51
91984 50
92083 0
92162 61
92234 61
92519 0
92695 51
92710 0
92744 57
92762 0
92917 61
93043 0
93169 51
93575 51
93606 0
93726 50
93822 0
93930 61
94157 0
94173 50
94263 50
94467 0
94554 56
94917 0
95033 51
95205 0
95537 61
95827 0
96036 50
96064 0
96185 57
96272 0
96319 52
96330 57
96438 0
96444 51
97013 57
97140 52
97379 0
97708 51
97709 51
97912 51
98271 0
98323 48
98330 0
98341 50
98486 51
98524 0
98621 51
98661 0
98691 56
98697 0
98801 52
98828 0
98864 51
98867 0
99025 50
99057 0
99109 56
99160 0
99163 61
99251 56
99464 57
99500 52
99531 56
99576 0
99858 56
99876 0
99917 57
781 events for 13
297 45
363 45
398 45
444 0
503 45
661 45
689 0
976 45
1064 0
1153 45
1160 0
1173 45
1385 45
1512 0
1520 45
1603 0
1946 45
2008 45
2216 0
2260 45
2417 45
2664 0
2714 45
2838 45
2870 45
3007 45
3018 0
3260 45
3341 0
3440 45
3487 0
3767 45
3828 0
3898 45
3961 0
4019 45
4047 0
4125 45
4181 0
4210 45
4433 45
4496 0
4512 45
4782 45
4873 45
4903 0
4953 45
5074 45
5132 0
5249 45
5283 0
5765 45
5903 0
6094 45
6171 0
6179 45
6335 0
6423 45
6500 45
6726 0
6932 45
7010 0
7278 45
7485 45
7851 45
7921 45
8026 0
8062 45
8066 0
8114 45
8146 0
8240 45
8340 45
8355 0
8377 45
8443 0
8466 45
8511 45
8596 0
8860 45
8978 0
9001 45
9016 0
9477 45
9479 0
9620 45
9956 0
10023 45
10202 0
10288 45
10319 45
10440 0
11039 45
11145 0
11173 45
11298 0
11437 45
11601 45
11991 0
12067 45
12079 0
12233 45
12291 0
12381 45
12436 45
12451 0
12633 45
12690 0
12926 45
12985 0
13329 45
13350 0
13486 45
13534 0
13668 45
13829 0
13845 45
13884 0
13929 45
13977 0
14083 45
14130 0
14481 45
14929 45
15308 0
15350 45
15536 0
15614 45
15710 0
15768 45
16012 45
16018 45
16216 0
16225 45
16313 45
16399 0
16749 45
16989 0
17452 45
17508 45
17747 45
17773 45
17782 45
18012 0
18131 45
18443 45
18578 45
18861 0
18862 45
18895 45
18941 0
19119 45
19208 45
19233 45
19316 0
19423 45
19575 45
19594 0
19841 45
20028 0
20124 45
20130 0
20340 45
20421 45
20665 0
20884 45
21241 0
21308 45
22133 0
22479 45
22696 0
22802 45
23110 45
23111 0
23161 45
23284 0
23444 45
23470 0
23472 45
23601 0
23882 45
23909 0
23951 45
24488 0
24497 45
24787 0
24958 45
24960 45
24967 0
25013 45
25034 45
25117 45
25253 0
25332 45
25367 45
25383 0
25614 45
25648 0
25792 45
25821 0
26287 45
26314 0
26333 45
26372 0
26461 45
26466 0
26468 45
26478 45
26612 0
26735 45
26791 0
27294 45
27388 45
27557 0
27558 45
27617 0
27706 45
27708 0
27748 45
27816 0
28230 45
28240 0
28466 45
28567 0
28698 45
28990 0
29189 45
29287 0
29352 45
29510 0
29670 45
29695 0
29747 45
29761 45
30161 45
30231 0
30234 45
30275 0
30432 45
30491 45
30517 0
30551 45
30599 0
30620 45
30665 0
30681 45
30773 0
31002 45
31155 0
31194 45
31228 45
31331 45
31343 0
31499 45
31654 45
31736 0
31805 45
31853 0
31936 45
31947 0
32301 45
32328 0
32361 45
32403 0
32650 45
32660 0
32695 45
32907 0
33069 45
33256 0
33354 45
33364 0
33434 45
34021 45
34142 0
34159 45
34307 45
34366 0
34389 45
34659 0
34750 45
34853 0
35163 45
35179 45
35216 45
35690 0
35849 45
35850 0
36015 45
36033 45
36192 0
36294 45
36327 0
36476 45
36613 0
36668 45
36697 0
36771 45
36916 0
37011 45
37154 0
37673 45
37722 0
37872 45
38475 0
38513 45
38618 0
38780 45
39011 0
39109 45
39149 0
39333 45
39538 0
39608 45
39692 45
39784 0
39882 45
40262 45
40536 0
40540 45
40837 0
40966 45
41182 0
41302 45
41307 0
41422 45
41682 0
41713 45
42017 0
42156 45
42213 0
42327 45
42599 45
42615 0
42723 45
43060 0
43244 45
43276 0
43652 45
43731 0
43853 45
44086 0
44109 45
44387 0
44410 45
44449 0
44499 45
44543 0
44606 45
44903 0
44909 45
45042 0
45180 45
45209 45
45437 0
45567 45
45724 45
45949 45
45957 0
46114 45
46359 0
46463 45
46490 45
46516 0
46549 45
46755 0
47098 45
47721 0
47775 45
47911 45
47931 0
48141 45
48662 0
48877 45
49000 0
49131 45
49145 45
49186 0
49334 45
49366 0
49483 45
49565 0
49599 45
49634 0
49687 45
49886 45
49888 45
49930 0
49963 45
50136 45
50217 45
50296 0
50709 45
50943 45
51096 0
51205 45
51220 0
51585 45
51666 45
51857 45
51909 0
52216 45
52352 0
52446 45
52524 0
52744 45
52745 45
52878 0
53060 45
53257 0
53286 45
53287 0
53420 45
53446 0
53561 45
53685 0
53985 45
54056 45
54241 0
54304 45
54549 45
54662 45
54758 0
54789 45
54855 45
54879 0
54952 45
54965 0
55017 45
55224 0
55229 45
55320 0
55615 45
55820 45
55847 0
56197 45
56402 0
56415 45
56493 0
56712 45
56797 0
56888 45
56987 0
57044 45
57133 0
57145 45
57477 0
57660 45
57875 45
57886 45
57911 45
58334 0
58338 45
58433 0
58654 45
58800 0
58818 45
59300 45
59382 0
59547 45
59638 0
59725 45
60038 0
60058 45
60074 0
60147 45
60226 0
60330 45
60718 0
60808 45
60835 0
61251 45
61633 45
61652 0
61691 45
61695 45
61730 0
61742 45
61854 0
61886 45
62076 0
62089 45
62152 0
62314 45
62391 45
62463 45
62508 0
62549 45
62609 0
62696 45
62957 0
63030 45
63051 0
63255 45
63347 0
63507 45
63528 45
63576 0
63639 45
63756 45
63822 0
64378 45
64515 0
64625 45
64799 0
65253 45
65299 0
65305 45
65382 0
65396 45
65400 45
65471 45
65635 0
65789 45
65837 0
65854 45
65885 0
66036 45
66336 0
66433 45
66631 45
66646 45
66690 0
66888 45
66940 45
66993 0
67101 45
67139 0
67336 45
67577 0
67698 45
67741 0
67855 45
67995 0
68151 45
68219 45
68364 0
68481 45
68560 0
68664 45
68729 45
68834 45
68844 0
69001 45
69167 45
69350 0
69431 45
69488 45
69696 0
70086 45
70124 0
70543 45
70587 0
70598 45
70705 0
70708 45
70804 0
70922 45
70980 0
70984 45
71208 45
71388 0
71533 45
71585 45
71663 45
71878 0
71948 45
72033 0
72206 45
72238 45
72300 45
72328 45
72489 0
72772 45
72801 0
72835 45
72958 0
72975 45
73110 0
73355 45
73553 0
73583 45
73606 0
73668 45
74063 45
74296 0
74555 45
74564 0
74608 45
74700 0
74705 45
74862 0
74874 45
75062 0
75185 45
75247 0
75255 45
75359 45
75378 0
75388 45
75411 0
75492 45
75620 0
75679 45
75722 45
75828 0
75843 45
76274 0
76414 45
77053 45
77169 45
77236 0
77282 45
77287 0
77558 45
77801 45
77968 0
78016 45
78075 45
78076 0
78467 45
78985 45
79252 0
79280 45
79557 45
79578 0
79655 45
80323 0
80346 45
80412 45
80527 0
80583 45
80587 0
80609 45
80725 0
80757 45
80880 45
80991 0
80999 45
81068 45
81218 0
81437 45
81461 0
81804 45
81839 45
81953 45
82147 0
82410 45
82442 0
82448 45
83495 45
83571 45
83747 0
83785 45
83930 0
83980 45
84073 0
84076 45
84281 45
84464 0
84563 45
84604 45
84636 0
84679 45
84802 0
84896 45
85168 45
85196 0
86264 45
86424 45
86729 45
86919 0
87231 45
87464 45
87671 0
87832 45
87960 45
88091 0
88104 45
88261 0
88282 45
88298 0
88369 45
88539 0
88545 45
88612 0
88674 45
88952 45
89101 45
89215 0
89252 45
89365 0
89396 45
89569 0
89672 45
89838 0
89935 45
89938 45
90064 0
90419 45
90495 45
90583 0
90895 45
90908 45
90975 0
91080 45
91365 0
91462 45
91692 0
91779 45
91889 0
91897 45
92029 45
92057 0
92099 45
92258 45
92346 0
92502 45
92631 0
92731 45
92808 45
92813 0
92890 45
92900 0
92969 45
93272 0
93313 45
93338 0
93343 45
93357 0
93371 45
93626 45
93777 0
93815 45
93877 0
93908 45
94025 0
94038 45
94330 45
94449 0
94474 45
94498 0
94535 45
94605 0
94608 45
94647 0
94749 45
94816 0
94926 45
94946 0
95151 45
95196 0
95760 45
95779 45
95832 45
95854 0
96104 45
96219 0
96552 45
96563 0
96565 45
96637 0
96946 45
97183 45
97277 0
97420 45
97438 45
97591 45
97811 0
97906 45
98011 0
98333 45
98534 0
98628 45
98655 0
99078 45
99203 45
99335 0
99630 45
99765 0
99783 45
754 events for 14
213 90
447 0
480 90
568 73
675 0
968 84
1128 90
1469 0
1576 78
1803 90
1921 0
2193 84
2239 0
2363 86
2481 0
2598 72
2672 72
2682 0
2857 90
2873 0
2902 72
3199 0
3217 78
3352 73
3450 86
3701 0
3785 73
4138 0
4190 72
4231 73
4583 0
4666 73
4875 0
4893 90
4928 0
4942 90
4970 0
4999 71
5023 78
5039 0
5058 71
5149 84
5586 90
5589 90
5682 0
6009 84
6152 0
6279 90
6470 0
6480 72
6551 0
6670 72
6814 0
6992 90
7042 0
7094 78
7364 84
7428 0
7593 86
7605 0
7788 90
7804 0
7987 84
8008 84
8521 86
8600 78
8635 86
8668 0
8672 84
8857 0
8884 84
8921 0
9327 86
9405 78
9464 0
9736 71
9836 0
10054 86
10278 71
10456 90
10711 86
11081 0
11250 73
11251 0
11428 86
11466 84
11501 86
11841 0
12136 90
12140 72
12233 0
12248 86
12791 0
12889 84
13149 0
13610 90
13677 71
13835 90
13841 0
13937 84
14504 0
14529 71
14581 0
14658 86
14996 0
15123 84
15223 86
15289 0
15324 78
15367 0
15518 84
15687 71
15791 0
15940 73
15989 0
16416 84
16934 0
17034 90
17056 0
17082 72
17423 0
17508 86
17698 0
17905 78
18125 86
18140 0
18172 71
18224 86
18931 0
18982 86
19010 0
19219 72
19373 0
19489 71
19518 0
19539 71
19654 0
19671 72
19766 0
19835 71
19958 0
20021 72
20053 0
20312 73
20362 0
20445 78
20481 0
20517 90
20675 90
20717 84
20873 0
20903 72
21169 0
21450 90
22000 0
22061 71
22134 0
22139 86
22320 0
22340 84
22433 0
22550 72
22669 0
22703 72
22955 0
22964 71
23136 0
24384 73
24560 71
24568 0
24841 84
25040 0
25260 73
25625 0
25692 78
25714 84
26239 0
26280 72
26450 84
26479 0
26704 84
26999 0
27155 86
27176 71
27332 0
27355 84
27376 0
27384 78
27485 73
27563 0
27707 86
27750 0
27793 78
27971 0
28008 73
28079 90
28136 0
28292 86
28301 0
28501 73
28511 0
28522 84
28532 0
28550 72
28637 0
28751 84
28795 0
29009 78
29307 86
29461 0
29491 90
29518 0
29662 78
29695 0
29899 90
29941 0
29991 90
30280 0
30339 72
30728 0
30800 73
30889 73
30956 0
31027 84
31049 0
31176 72
31185 0
31217 86
31420 0
31427 78
31669 0
31695 72
31816 0
32295 72
32355 0
32373 78
32445 0
32493 72
32809 0
32878 71
32985 0
33336 90
33362 78
33416 0
33439 73
33456 0
33497 71
33568 78
33583 78
33789 0
33800 78
34009 0
34210 86
34277 71
34359 90
34366 71
34400 73
34443 73
34494 0
34609 71
34710 0
34760 72
34874 0
34920 78
35004 0
35075 84
35268 0
35509 72
35778 0
36062 73
36164 0
36374 72
36816 0
36898 73
36966 0
37363 71
37475 0
37697 71
37702 0
37784 72
37831 0
37887 90
38016 0
38106 71
38121 0
38231 78
38252 0
38377 90
38486 0
38512 71
38523 0
38992 73
39015 71
39325 0
39434 86
39465 86
39541 71
39573 86
39614 0
39752 84
39966 0
40190 90
40242 0
40573 84
40794 90
41069 84
41225 78
41294 0
41373 72
41377 0
41616 78
41687 73
41695 0
41855 90
42042 0
42261 86
42284 90
42376 0
42444 86
42461 0
42504 72
42624 86
42821 0
42846 86
43262 0
43273 86
43476 0
43640 90
43805 0
43810 72
43817 0
43843 84
43860 0
44362 78
44366 0
44369 72
44411 0
44606 90
44814 78
44942 72
45009 71
45169 90
45237 0
45353 72
45514 0
45555 84
45793 0
45867 84
45890 0
45896 71
46168 0
46186 73
46228 0
46528 90
46575 0
46863 86
47045 0
47119 90
47496 0
47912 90
47923 72
48010 0
48089 71
48401 0
48802 71
48829 0
48925 72
49200 73
49208 0
49352 78
49638 0
49729 72
49797 0
49873 78
49956 0
49988 72
50147 0
50387 90
50472 0
50504 86
50682 0
50951 84
51090 0
51172 71
51203 0
51231 84
51342 0
51402 90
51460 84
51556 0
51779 71
51920 0
52104 73
52166 0
52401 72
52587 0
52591 78
52842 0
52895 90
53025 0
53060 73
53143 0
53187 71
53204 0
53314 73
53353 0
53725 73
53822 73
53860 0
53893 72
54046 84
54098 0
54156 84
54200 84
54321 0
54333 73
54377 0
54454 90
54456 0
54614 90
54627 84
54632 0
54751 71
54847 0
54869 73
55071 0
55448 90
55484 0
55757 73
56380 90
56551 0
56938 86
56968 72
57244 0
57691 73
57763 71
57938 84
58162 86
58487 84
58708 0
58874 86
59172 0
59257 71
59518 90
59672 0
59789 73
59814 86
59865 72
59923 0
60146 73
60331 0
60393 84
60403 0
60651 71
60688 0
60762 73
61212 0
61220 71
61292 0
61512 84
61670 0
61736 71
61852 71
62040 71
62103 0
62182 84
62308 0
62313 90
62439 0
62646 84
62750 0
62823 78
62969 72
63015 0
63130 72
63146 0
63299 86
63303 72
63319 72
63643 72
63724 0
63822 72
63848 0
63881 71
63919 73
64446 90
64491 0
65063 73
65087 86
65228 0
65372 86
65419 0
65422 84
65581 0
65844 90
65863 0
65978 86
66109 90
66182 0
66309 84
66332 0
66393 73
66447 0
66501 90
66530 0
66756 86
66798 0
66843 72
66937 84
67002 0
67041 72
67106 73
67316 71
67395 0
67498 73
67712 0
67728 84
67882 0
67948 71
67966 0
68044 72
68116 0
68265 86
68433 78
68501 0
68598 84
68678 72
68795 78
68961 0
69185 90
69378 84
69687 72
69773 0
69985 84
69994 0
70107 72
70391 0
70498 78
70507 0
70625 73
70724 0
70879 90
70893 72
70896 84
71004 78
71007 0
71008 78
71183 0
71185 90
71260 72
71457 84
71534 0
71554 78
71740 0
72089 86
72227 0
72758 84
72779 0
72843 84
72962 73
73094 0
73200 71
73332 0
73470 78
73660 0
73741 86
73750 78
73779 0
73930 90
73948 0
73995 72
74091 90
74144 0
74194 78
74206 0
74265 90
74482 0
74965 78
75011 0
75059 86
75060 0
75113 72
75176 0
75177 71
75668 0
75771 72
75990 0
76016 90
76204 0
76297 72
76354 0
76519 78
76554 71
76822 0
76871 73
76880 71
77055 0
77166 84
77460 0
77658 73
77678 0
77727 78
77763 72
77997 0
78099 73
78421 0
78633 71
78654 0
78742 78
79000 84
79106 0
79334 90
79447 0
79455 71
79560 73
79563 0
79845 86
80019 73
80071 73
80131 0
80194 72
80631 0
80749 73
80860 78
81154 0
81267 71
81275 0
81291 86
81374 0
81496 90
81610 78
81705 0
81812 72
81985 86
82142 0
82154 84
82470 0
82840 86
82869 0
83374 78
83537 84
84035 0
84165 72
84183 90
84264 86
84676 0
84689 78
84786 0
84835 78
85335 0
85401 72
85481 0
85492 73
85815 0
85824 86
86215 0
86224 78
86388 0
86509 71
87085 0
87169 78
87427 0
87466 90
87501 84
87909 86
87935 0
88028 90
88418 0
88636 84
88976 0
89069 72
89181 0
89274 71
89397 86
89410 0
89417 84
89609 90
89638 0
89743 73
89832 0
90096 72
90407 0
90633 71
90680 90
90951 90
90992 0
90998 84
91112 0
91495 78
92306 0
92434 84
92698 0
92884 72
93102 0
93104 73
93150 0
93219 72
93340 0
93342 73
93430 86
93539 84
93732 0
93867 86
93877 0
93913 71
94083 0
94089 73
94101 71
94525 0
94599 84
94727 0
94797 72
95062 78
95487 78
95566 0
95771 78
96003 0
96143 73
96183 73
96309 72
96330 0
96341 86
96377 0
96399 73
96493 0
96592 73
96759 0
96766 84
96856 0
96986 73
97122 0
97319 86
97537 0
97542 90
97651 0
97717 84
97840 0
98253 84
98255 0
98640 90
98729 0
98756 71
98944 0
98962 78
99002 0
99037 73
99050 90
99238 71
99519 0
99685 73
99814 90
99894 90
99918 86
99988 0
710 events for 15
95 18
292 0
329 18
330 14
383 14
470 14
528 18
635 14
659 18
837 0
947 18
1219 14
1263 18
1682 0
1827 18
1989 18
2101 0
2852 18
3335 0
3490 14
3530 14
3799 14
3899 0
3901 18
4069 14
4085 18
4147 0
4168 14
4197 0
4213 14
4398 0
4548 18
4693 0
4798 14
4927 0
5050 14
5307 0
5362 14
5515 0
5586 14
5983 0
6039 18
6324 0
6512 14
7042 0
7188 18
7307 0
7406 18
7477 14
7731 0
7781 14
7854 0
8019 14
8029 0
8080 18
8271 0
8493 14
8495 0
8672 14
8755 0
8978 18
9147 0
9255 14
9290 0
9307 14
9369 14
9455 0
9777 18
10068 18
10070 14
10193 0
10219 14
10394 0
11032 18
11066 0
11192 18
11260 0
11324 14
11447 18
11601 14
11665 0
11929 18
11997 0
12574 14
13144 0
13205 18
13250 0
13496 14
13826 18
13910 0
14040 18
14044 0
14171 18
14176 0
14343 18
14365 0
14453 18
14651 14
14801 18
14824 0
14902 14
15137 0
15251 18
15276 0
15520 18
15622 0
15767 14
15804 0
16276 18
16325 0
16451 18
16538 0
16724 14
16803 0
16901 14
17037 0
17089 14
17098 0
17163 18
17428 0
17433 18
17436 0
17476 18
17495 18
17725 14
17813 0
18560 18
18629 0
18755 14
18942 0
19015 14
19142 14
19272 18
19678 0
19688 14
19815 18
19830 0
20107 18
20645 0
20737 18
20769 0
20905 14
21012 0
21044 14
21050 0
21133 14
21157 0
21302 18
21310 18
21494 18
21528 0
21616 14
21756 14
21838 14
21937 0
22784 14
22887 18
23014 0
23067 14
23182 0
23202 18
23360 0
23493 14
23743 18
23866 0
23979 14
24055 18
24213 0
24501 14
24692 14
24697 0
24955 18
25245 0
25518 18
25978 0
26105 18
26218 0
26265 18
26310 0
26607 18
26610 0
26804 14
26887 0
27145 14
27473 0
27508 18
27628 0
27712 14
27784 0
27977 18
28019 18
28055 0
28115 14
28141 0
28297 14
28483 0
28533 14
28726 0
28758 14
28795 0
28891 18
29375 18
29386 0
29599 14
29661 0
29747 18
29929 0
30037 14
30201 0
30437 14
30660 14
30708 0
30961 18
31280 0
31303 14
31482 0
31646 18
31804 18
32245 0
32757 14
32795 0
32913 18
33426 0
33621 14
33640 18
33873 0
34120 18
34159 0
34310 14
34726 0
34765 18
34789 0
35249 18
35516 14
35636 0
36165 18
36184 18
36320 0
36649 18
36815 0
37135 14
37238 0
37416 18
37712 18
37798 0
37828 14
38047 0
38075 14
38493 0
38560 18
38966 0
39447 14
39557 14
39564 0
39579 18
39695 0
39841 14
39852 0
39891 18
39921 18
40051 14
40173 0
40392 14
40470 0
40527 14
40758 14
40814 0
40990 14
41066 0
41115 18
41286 14
41370 0
41399 18
41483 0
41926 14
42181 0
42230 14
42315 0
42660 18
42785 18
42793 0
42937 14
42944 0
43047 18
43061 14
43319 0
43463 18
43478 0
43520 14
43644 0
43824 14
44060 0
44556 18
44625 0
44652 18
45277 0
45423 14
45711 18
45966 0
46013 18
46495 0
46606 18
46771 0
47020 14
47944 0
48071 18
48376 0
48527 14
48582 18
48786 0
48928 18
48960 0
48964 18
49283 0
49385 14
49408 0
49414 18
49471 18
49477 0
49498 14
49541 18
49553 14
49595 0
49696 14
49764 0
49823 18
49882 0
50394 14
50673 0
50709 18
50783 14
50972 0
50979 18
50983 0
50997 18
51093 0
51379 18
51718 0
51828 14
51855 18
51898 0
51981 18
52009 14
52099 0
52202 18
52286 14
52392 0
52446 18
52760 0
52799 18
52844 0
53389 14
53429 18
53598 14
53829 18
54259 0
54268 18
54576 0
54664 18
55168 18
55223 0
55495 18
55642 0
55700 18
55737 0
55799 18
55891 0
55906 14
56020 0
56128 18
56246 0
56288 18
56425 0
56836 18
56965 0
56984 14
57156 0
57161 18
57284 0
57468 14
57572 0
57707 18
57743 14
57845 0
58330 18
58449 0
58456 14
58549 18
58639 0
58820 14
58897 0
58942 18
59279 18
59547 14
59856 0
59870 18
60454 0
60525 18
60947 0
61094 14
61260 0
61344 14
61382 18
61492 0
61519 14
61530 18
61981 18
62185 0
62350 18
62386 0
62535 18
62637 0
62766 18
62833 0
62845 14
62931 18
63093 0
63216 18
63265 0
63429 14
63452 0
63716 18
63766 0
63863 18
63896 0
64077 18
64198 0
64595 18
64626 18
64760 0
64778 14
64826 0
65025 14
65090 0
65114 18
65315 18
65383 0
65800 14
65826 0
65836 18
65851 18
66209 0
66310 14
66391 14
66507 18
66533 0
66566 14
66579 0
66704 14
66769 0
66826 14
66956 0
67044 14
67174 14
67332 18
67706 0
67772 18
67782 0
67992 18
68153 14
68209 0
68435 14
68516 0
68848 18
68921 0
69137 18
69212 0
69334 14
69437 0
69643 14
69667 0
69689 14
70111 0
70167 14
70366 18
70695 0
70774 18
70783 0
71037 14
71229 18
71364 0
71483 14
71631 14
71718 0
71940 18
71962 0
72377 18
72557 0
72575 18
72611 0
72992 14
73144 0
73498 18
73653 14
73698 14
73820 0
73910 14
73921 0
74073 18
74084 18
74135 0
74142 18
74161 0
74196 18
74423 0
74507 18
74700 18
74710 0
74753 18
74829 0
74935 18
74982 0
75041 18
75208 14
75216 14
75310 0
75341 18
75429 0
75535 14
75661 0
75985 14
76001 18
76330 0
76523 18
76703 0
76731 18
76759 0
76834 18
77006 0
77052 14
77055 0
77223 14
77251 14
77518 18
77748 0
77944 18
78079 0
78139 14
78160 0
78217 14
78232 0
78374 14
78382 0
78575 18
78644 0
78907 18
79120 0
79170 18
79362 0
79603 14
79673 0
79865 14
80103 0
80327 18
80332 0
80386 14
80415 18
80447 0
80481 14
80546 0
80816 14
80990 0
81269 18
81436 0
81482 18
81560 0
81670 18
81878 0
82110 14
82215 14
82222 18
82248 0
82804 18
82984 0
83006 14
83520 0
83553 14
83609 0
83839 14
83972 0
83975 14
84019 0
84033 18
84129 0
84184 18
84219 0
84247 14
84257 18
84461 18
84606 0
84717 14
84863 0
84947 18
85023 18
85183 18
85230 0
85247 14
85279 0
85350 18
85665 0
85784 18
85851 18
85856 0
86010 18
86083 0
86190 18
86422 0
86623 14
86629 0
86936 14
86964 18
86981 14
87065 0
87160 14
87280 0
87496 14
87640 0
87804 18
87812 0
87883 14
88359 0
88422 14
88555 0
88607 14
88636 18
88724 0
88937 14
89170 0
89223 18
89280 0
89383 18
89619 14
89635 0
89871 14
89964 0
90157 18
90208 0
90317 14
90375 0
90438 14
90667 0
90740 18
90745 0
91132 18
91194 18
91265 0
91333 18
91442 0
91488 14
91767 0
91988 18
92166 0
92320 14
92462 0
92606 14
92769 0
92821 18
92862 0
92876 18
93423 0
93623 14
93661 0
93722 14
93783 0
93882 14
94299 0
94322 18
94626 14
94723 0
94752 18
94918 0
95224 18
95287 0
95303 18
95338 0
95503 18
95602 0
95623 18
95709 0
95739 18
95764 0
95828 18
95884 0
95885 14
95916 18
96045 18
96207 0
96464 14
96470 18
96731 0
96738 18
96882 18
97332 14
97346 18
97502 0
97742 14
97976 0
97985 18
98038 14
98193 0
98213 18
98754 0
98830 14
98882 0
98889 14
99182 0
99464 18
99478 0
99619 14
99933 0
