8 buffers
266646 47957
146650 3660
299491 9502
221668 37154
206454 25512
288212 618
68667 11262
396005 13886
40 downlinks
0 375 2500 346
1 2875 5000 257
2 5375 7500 298
3 7875 10000 282
4 10375 12500 344
5 12875 15000 317
6 15375 17500 310
7 17875 20000 283
8 20375 22500 295
9 22875 25000 353
10 25375 27500 263
11 27875 30000 307
12 30375 32500 245
13 32875 35000 299
14 35375 37500 351
15 37875 40000 322
16 40375 42500 261
17 42875 45000 258
18 45375 47500 303
19 47875 50000 309
20 50375 52500 270
21 52875 55000 348
22 55375 57500 346
23 57875 60000 357
24 60375 62500 246
25 62875 65000 318
26 65375 67500 337
27 67875 70000 287
28 70375 72500 266
29 72875 75000 336
30 75375 77500 255
31 77875 80000 249
32 80375 82500 354
33 82875 85000 301
34 85375 87500 287
35 87875 90000 258
36 90375 92500 270
37 92875 95000 316
38 95375 97500 346
39 97875 100000 276
937 events for 0
59 76
240 0
448 66
511 76
784 0
863 76
995 0
1010 76
1044 0
1354 66
1392 0
1482 76
1705 76
1801 0
1921 66
1936 76
2015 0
2032 66
2052 76
2059 0
2096 76
2300 0
2382 76
2506 76
2732 0
2845 76
2913 66
3273 0
3474 76
3479 0
3518 76
3604 0
3628 66
3704 76
4008 0
4019 76
4029 0
4085 66
4494 0
4638 66
4707 0
4751 66
4925 76
4942 0
4994 76
5039 0
5184 76
5445 0
5520 66
5648 0
5669 76
6072 76
6161 0
6306 76
6477 0
6557 76
6572 0
6614 66
6756 0
6807 76
6971 0
7059 76
7474 0
7545 66
7856 0
7930 76
7946 0
7951 76
7989 0
7999 66
8121 0
8146 76
8165 66
8290 0
8311 66
8361 66
8403 0
8589 76
8595 0
8787 76
8864 76
8966 0
8984 76
9062 0
9115 66
9327 0
9370 66
9382 0
9386 76
9485 76
9493 0
9671 66
9697 76
9836 0
9986 76
10034 76
10283 0
10358 76
10511 0
10663 76
10722 66
10894 0
10921 66
10923 76
11101 76
11527 0
11541 76
11582 76
11617 0
11648 66
11734 0
11865 76
11884 0
11906 66
11998 0
12102 66
12120 0
12141 76
12184 0
12218 76
12466 76
12638 0
12677 76
12749 76
12790 0
12801 76
12845 0
13125 76
13208 76
13214 76
13344 0
13498 76
13603 0
13612 76
13652 76
13693 66
13906 0
13948 66
13988 0
14068 76
14112 76
14287 76
14305 0
14431 66
14438 0
14613 76
14659 0
14671 76
14833 0
14886 76
15255 0
15366 76
15592 0
15829 66
15898 76
16122 0
16325 66
16377 76
16391 0
16609 76
16640 0
16680 76
16847 66
16873 76
16891 0
16894 66
16954 0
16968 76
16977 0
17086 66
17145 0
17386 76
17456 66
17788 0
18007 66
18150 0
18196 66
18320 66
18323 0
18657 66
18674 0
18748 66
18866 76
18977 0
19051 66
19148 0
19195 76
19211 0
19287 76
19579 0
19900 76
20007 76
20044 76
20058 0
20089 76
20099 76
20107 0
20160 66
20297 0
20482 76
20667 76
20791 76
21427 0
21506 76
21565 0
21771 76
21796 0
22263 76
22319 0
22405 76
22407 0
22482 66
22690 0
22774 66
22856 76
22988 0
23027 66
23036 76
23084 0
23208 66
23416 0
23423 76
24351 0
24354 66
24404 0
24435 76
24523 76
24569 0
24582 76
24711 0
24763 66
25102 76
25258 0
25281 76
25370 76
25587 0
25962 66
25990 0
26045 76
26210 0
26296 66
26374 0
26420 66
26461 66
26463 0
26844 66
26994 76
27146 0
27480 76
27555 0
27593 66
27660 0
27789 76
27967 0
28196 76
28349 66
28351 76
28355 76
28445 76
28522 76
28529 76
28595 76
28683 76
28816 0
28881 76
28953 0
29048 76
29246 66
29273 0
29500 76
29576 0
29699 76
29729 76
29787 0
30297 76
30304 66
30452 0
30457 66
30482 0
30510 66
30706 0
31274 66
31339 66
31407 0
31601 76
31686 66
31752 0
31882 66
31893 0
31963 76
32149 0
32180 66
32456 0
32606 76
32698 76
32948 76
33194 0
33268 66
33271 76
33450 66
33466 76
33802 0
34288 76
34381 76
34385 66
34528 0
34545 66
34635 76
34894 0
34938 76
34956 76
35039 0
35054 76
35198 0
35265 76
35418 0
35648 66
35721 76
35741 0
35760 66
35786 0
35876 76
35922 0
36052 76
36061 0
36162 76
36309 0
36332 76
36402 0
36674 66
36703 0
36803 76
36897 76
36985 0
37081 66
37095 0
37096 76
37304 0
37407 76
37480 66
37554 0
37716 66
37825 0
37843 76
38067 0
38071 66
38098 76
38325 0
38410 66
38571 76
38585 0
38655 76
38681 66
38687 0
38747 76
39105 0
39495 66
39543 76
39713 0
39840 76
40096 0
40182 66
40241 0
40246 76
40306 0
40391 66
40441 0
40532 66
40706 0
40760 76
40764 66
40833 66
40860 76
40919 0
41113 76
41123 0
41137 76
41194 0
41373 76
41376 0
41479 76
41580 0
41894 66
41917 0
42035 76
42637 0
42763 76
42924 66
42966 76
43019 0
43083 66
43219 76
43354 76
43600 66
44158 0
44450 76
44487 0
44540 66
44631 0
44665 76
44715 0
44792 76
44799 0
44880 76
45037 0
45216 76
45309 66
45418 0
45600 76
45866 66
45914 0
46064 76
46214 0
46232 76
46286 76
46297 76
46311 0
46366 76
46429 0
46598 76
46705 76
46758 0
46800 66
46914 0
46949 66
46974 0
47104 76
47162 0
47164 66
47189 0
47198 76
47233 0
47303 76
47336 0
47354 76
47374 0
47377 76
47702 0
47803 66
47859 0
47865 66
48199 66
48386 0
48560 66
48704 0
48795 76
48877 0
48892 76
49016 0
49050 76
49068 0
49109 76
49142 0
49345 66
49456 0
49603 76
49645 0
49675 76
49718 0
49944 76
49945 0
50033 76
50049 66
50203 76
50381 0
50460 76
50464 0
50659 66
50693 0
51122 66
51128 0
51221 76
51382 76
51709 0
51743 76
51775 0
51782 66
51916 0
51930 66
52010 0
52033 66
52040 0
52090 76
52153 0
52215 66
52311 0
52381 76
52610 0
52622 76
52626 0
52678 66
52706 66
52957 76
52959 0
53030 76
53133 0
53298 66
53305 0
53391 76
53474 0
53554 76
53573 66
53615 0
53621 76
53909 66
53964 0
53972 76
54100 0
54146 76
54196 0
54211 76
54223 0
54398 66
54556 0
54607 76
54643 0
55030 76
55050 0
55188 66
55233 0
55249 66
55481 0
55547 76
55677 0
56139 76
56210 0
56216 76
56309 66
56427 76
56462 0
56751 76
56957 76
57214 0
57243 66
57320 76
57561 0
57570 76
57666 0
57713 76
57794 0
57830 76
57887 0
58120 76
58149 0
58375 76
58606 0
58621 76
58791 0
58798 66
58819 76
58841 0
58925 76
59069 0
59271 76
59411 0
59482 76
59493 76
59510 76
59728 0
59901 66
60084 0
60117 66
60130 0
60138 66
60192 0
60224 76
60321 76
60363 0
60373 76
60428 0
60495 76
60528 0
60582 76
60680 66
60694 76
60772 0
61011 76
61036 0
61242 76
61357 76
61370 66
61408 76
61429 0
61434 66
61448 66
61468 76
61520 66
61641 0
61679 66
61790 0
61812 66
62077 66
62147 0
62266 66
62366 66
62429 66
62468 0
62547 76
62689 0
62777 66
62867 76
62972 0
62992 76
63014 0
63023 66
63068 0
63213 76
63226 0
63303 66
63327 76
63354 66
63371 76
63441 0
63781 66
64011 0
64244 66
64251 0
64328 76
64439 0
64584 76
64858 0
65045 66
65172 0
65301 76
65344 66
65396 76
65414 0
65483 76
65539 0
65589 66
65781 66
65866 76
66058 76
66082 0
66250 76
66402 0
66446 76
66477 76
66610 0
66681 66
66729 0
66980 76
67189 0
67614 76
67668 66
67728 66
67895 0
67913 76
67947 66
67983 76
68156 0
68205 76
68236 0
68344 76
68504 0
68626 76
68675 76
68753 66
68779 0
68978 76
69074 0
69156 76
69315 66
69337 76
69374 0
69774 66
69908 0
70022 76
70028 0
70313 66
70401 0
70437 66
70497 0
70715 76
70888 0
71018 76
71032 0
71212 66
71327 76
71333 66
71464 0
71489 76
71687 0
71729 66
71867 0
72065 76
72338 0
72434 66
72596 0
72756 66
73121 76
73243 0
73256 76
73258 0
73348 76
73445 76
73678 76
73706 0
73886 76
74064 0
74068 66
74097 0
74131 66
74151 0
74232 66
74451 0
74459 66
74610 0
74692 66
74823 0
74833 66
74880 0
74882 66
75080 0
75116 66
75208 0
75827 76
75845 0
75944 66
75955 76
76072 0
76170 76
76460 0
76489 66
76691 66
76764 76
76780 0
76821 76
76832 0
76916 76
76926 0
76966 76
77058 76
77060 0
77166 76
77174 76
77175 66
77261 0
77285 66
77425 0
77443 76
77474 0
77526 76
77542 0
77951 76
77993 0
78135 66
78198 66
78470 0
78907 76
79056 0
79150 66
79229 76
79407 0
79473 66
79630 0
79665 76
79676 0
79933 76
80013 76
80034 0
80044 76
80053 0
80061 66
80136 0
80171 76
80253 76
80400 76
80556 0
80643 76
81032 0
81118 66
81289 0
81347 76
81727 0
81771 76
81855 0
81875 76
81916 76
81936 76
82120 0
82155 76
82217 0
82245 66
82296 76
82319 0
82356 66
82376 0
82498 66
82524 76
82612 0
82641 76
82682 0
83208 66
83224 76
83298 0
83500 76
83550 0
83621 76
83944 0
84067 76
84251 0
84369 66
84395 76
84396 0
84506 66
84519 0
84607 76
84644 66
84721 76
84992 0
85167 76
85337 0
85338 76
85429 66
85504 76
85560 0
85659 66
85708 76
85900 0
85915 76
86327 0
86517 76
86524 0
86554 66
86597 0
86824 76
86872 0
87020 66
87170 0
87480 76
87517 0
87623 76
87689 66
87758 0
87791 76
87852 0
88026 76
88034 0
88127 76
88487 0
88534 66
88630 0
88820 76
88825 0
88969 76
88973 0
89067 76
89201 66
89285 76
89433 76
89506 66
89537 76
89564 0
89695 76
89703 76
89823 76
89837 0
89867 76
90124 0
90193 76
90237 66
90344 0
90388 66
90560 0
90582 76
90706 0
91006 66
91262 0
91311 76
91316 76
91317 0
91336 76
91338 0
91464 76
91686 0
92169 66
92251 0
92500 76
92588 0
92713 66
92927 0
93188 76
93374 0
93388 66
93422 0
93489 66
93641 0
93868 76
94224 66
94361 0
94420 66
94590 0
94654 76
94762 76
94874 76
94883 0
95055 76
95189 76
95244 0
95268 76
95379 0
95431 76
95461 76
95551 0
96280 76
96281 66
96674 0
96752 76
96793 0
96809 76
96828 0
96877 76
97107 0
97237 76
97291 0
97662 66
97744 0
97781 66
98091 66
98161 0
98172 76
98264 0
98290 76
98313 76
98350 0
98394 76
98702 0
98801 76
99025 0
99236 76
99266 76
99617 0
99625 66
99682 0
99784 76
99880 0
294 events for 1
723 13
740 0
837 13
864 45
928 0
1890 45
1900 0
2206 13
2226 0
2667 13
2978 0
3272 45
4685 0
5177 13
5296 0
5878 45
6980 0
7282 45
8876 0
9080 13
9285 0
9400 13
9434 0
9971 45
10393 13
10735 0
11971 45
12001 0
12019 13
12084 0
12403 13
12579 0
12767 45
13639 0
13766 45
14128 0
14830 13
15678 13
16013 0
16058 45
16447 0
16649 45
16796 45
17121 13
17369 0
17596 45
17696 0
17764 45
18202 45
18435 0
19869 13
20837 0
21090 13
21606 0
21836 13
21970 0
21977 45
22356 0
22409 13
22449 13
22540 45
22690 0
23269 13
23355 13
23364 0
23428 13
23850 0
24568 45
25413 13
25477 0
25510 13
25731 0
25859 13
25917 0
26039 45
26068 13
26124 13
26513 45
26699 0
27129 13
27201 13
27748 13
27994 0
29026 13
29263 0
29385 45
30009 45
30370 0
30597 45
31332 45
31477 0
31501 45
33009 0
33197 13
33412 0
33693 13
33999 0
34024 45
34133 0
35344 45
35490 0
35727 45
35888 13
35900 0
36189 45
36449 0
37382 45
37428 45
37429 0
37445 45
37564 0
37653 13
37960 0
39010 45
40162 0
40246 13
40463 0
41335 13
41490 0
41844 45
42054 0
42067 45
42194 0
42351 13
42488 45
42979 0
43226 45
43661 0
43982 45
44560 0
44700 45
44764 0
45674 45
46504 0
46565 45
47623 0
48066 13
49889 13
49934 0
50090 45
50152 0
50470 45
50898 0
51957 13
52428 0
53085 13
54151 13
54360 0
54746 13
55923 0
55974 45
56309 0
56480 45
56601 13
56737 0
57063 45
57632 0
57713 13
58548 13
59070 0
59370 45
59464 45
59682 13
59727 0
59935 45
60987 0
61783 45
61961 45
62132 0
62661 45
63105 0
63202 45
63268 0
63544 45
64359 0
64404 45
65103 0
65199 45
65548 0
65600 45
65690 45
65821 0
66635 13
66749 0
67115 45
67130 45
67857 13
68210 0
68401 13
69220 13
69470 0
69486 45
69605 0
69946 45
70301 0
70800 45
71405 13
71426 0
71652 13
71927 45
73308 0
73724 13
73826 0
74204 13
76050 0
76153 45
76469 13
76781 0
77006 13
77229 0
77361 45
77635 13
77797 0
77811 13
78150 0
79062 45
79667 0
79690 45
80186 13
80264 45
80615 0
80815 45
81579 0
81715 13
81897 45
82566 13
82631 0
82868 45
83223 0
83432 13
83677 0
83927 13
83936 45
84027 13
84194 0
84358 13
84662 0
85054 45
85056 0
85541 13
85594 0
85763 13
86146 0
86202 13
86690 0
86839 45
87387 0
87541 45
87561 0
87586 13
87733 0
88253 13
88445 0
88562 13
88651 0
88838 45
89302 0
89385 45
90045 13
90082 0
90135 13
91098 0
91490 13
91604 0
91782 45
91930 0
92104 45
93003 0
93019 13
93143 0
93478 13
93697 0
94233 13
94244 0
94572 45
95204 0
95475 13
95492 0
95618 45
95982 0
96491 45
96804 0
96809 45
97028 0
97042 45
97091 0
97138 45
97511 0
97711 45
98032 0
98304 13
98960 0
99960 13
99974 0
963 events for 2
13 58
55 59
71 0
289 59
418 69
495 0
563 63
597 0
622 70
690 0
777 59
925 0
1067 57
1116 0
1238 70
1550 0
1631 47
1644 0
1719 63
1724 0
1849 55
2069 0
2070 55
2288 0
2450 57
2480 0
2746 58
3027 0
3077 79
3106 0
3114 59
3148 57
3208 0
3395 57
3416 59
3450 0
3600 57
3668 0
3758 59
3764 58
3767 0
3775 63
3791 0
3822 47
3968 0
4027 47
4126 0
4191 47
4345 0
4458 69
4496 47
4695 58
4706 0
4802 70
4822 0
4872 58
5010 0
5312 59
5314 0
5341 58
5446 57
5448 0
5818 55
5960 0
5976 63
6265 69
6489 0
6625 59
6656 0
6668 58
6751 0
6772 58
6988 0
7127 59
7142 0
7563 79
7658 0
7831 79
7931 0
8061 55
8116 47
8141 58
8202 0
8227 63
8271 0
8290 47
8427 0
8508 59
8517 0
8879 69
8948 0
8999 47
9101 47
9114 0
9169 58
9430 57
9542 0
9745 55
9783 0
9874 47
10099 0
10134 70
10136 0
10303 59
10386 0
10775 70
10802 79
10808 0
10922 57
11056 47
11104 69
11170 0
11174 69
11339 0
11560 70
11623 0
11636 79
11641 70
11648 0
11649 79
11712 0
11795 58
11881 0
11981 57
12154 79
12337 57
12376 0
12681 58
12749 0
12877 57
12989 0
13167 63
13218 0
13268 63
13385 0
13460 55
13578 47
13581 0
13821 70
13835 63
13896 63
14153 0
14261 55
14286 0
14423 70
14447 0
14559 55
14652 0
14703 70
15166 0
15236 57
15347 0
15355 59
15362 0
15396 70
15548 58
15584 47
15695 57
15945 0
15959 58
16041 0
16168 47
16299 0
16375 70
16400 0
16520 69
16614 0
16686 79
16689 0
16829 69
16849 0
16881 47
16885 0
17012 70
17043 0
17146 55
17152 0
17160 70
17240 63
17287 47
17322 0
17457 79
17480 0
17497 59
17611 69
17893 0
17988 63
18073 0
18114 59
18198 57
18217 0
18267 57
18270 0
18513 47
18636 47
18749 0
18820 63
18893 0
18955 70
19038 47
19052 69
19067 0
19526 58
19601 0
19623 70
19771 0
19802 57
19963 0
19986 47
20002 47
20268 0
20278 59
20383 0
20441 47
20569 0
20746 59
21028 0
21319 70
21350 63
21365 47
21421 55
21512 0
21551 70
21604 0
21658 70
21706 0
21724 47
21771 0
21916 55
22211 0
22373 57
22458 59
22469 57
22533 55
22965 0
22997 57
23059 63
23066 0
23103 69
23296 0
23395 79
23399 0
23584 57
23824 0
23906 47
24040 57
24098 0
24524 79
24610 0
24654 57
24657 0
24692 57
24702 57
24953 63
25067 69
25387 0
25578 79
25592 0
25670 55
25686 0
25891 55
25935 0
26064 47
26099 0
26128 69
26130 0
26203 57
26408 0
26424 63
26577 0
26685 58
26842 0
26849 59
27037 0
27132 70
27214 0
27311 63
27323 69
27471 63
27794 59
27838 69
27881 0
28267 58
28326 0
28371 58
28554 0
28605 79
28853 0
28954 59
29246 0
29426 69
29785 0
29840 57
30102 79
30272 58
30358 58
30571 0
30622 55
30671 0
30712 69
30733 0
30739 79
30842 57
30950 0
31052 79
31070 0
31075 58
31291 0
31364 47
31537 70
31546 0
31594 47
32071 57
32080 0
32141 63
32163 79
32223 47
32282 0
32437 79
32457 0
32700 58
32757 58
32778 0
32793 63
32972 0
33048 70
33083 0
33312 47
33414 70
33429 0
33436 69
33502 63
34083 69
34099 58
34208 0
34246 70
34253 0
34425 69
34580 59
34790 0
34795 79
34823 0
34856 55
35217 70
35257 0
35635 59
35723 0
35775 57
35795 57
35802 0
35829 63
35864 0
36082 47
36396 0
36416 63
36572 0
36590 55
36684 0
36755 63
36797 0
36947 55
37039 0
37068 58
37098 69
37306 0
37437 55
37474 0
37484 57
37579 0
37586 58
37609 0
37745 69
37819 59
38265 0
38346 47
38405 0
38430 58
38577 0
38630 63
38766 0
38806 63
38896 0
38918 55
38988 70
38997 0
39139 47
39225 0
39269 58
39494 0
39529 57
39576 0
39591 63
39620 55
39700 0
40025 59
40101 0
40125 55
40162 70
40435 55
40513 70
40526 0
40534 63
40587 0
40830 58
40864 0
40881 47
41211 0
41505 59
41575 63
41582 47
41701 0
41963 58
42011 0
42177 59
42529 0
42661 79
42692 0
42987 69
43133 58
43135 0
43144 59
43176 0
43230 70
43450 57
43539 0
43693 69
44096 0
44188 55
44608 0
44848 57
44868 0
44926 57
45082 59
45277 0
45466 55
45470 0
45570 70
45583 55
45622 0
45992 79
46053 0
46076 79
46141 0
46259 69
46316 0
46399 69
46531 58
46618 0
46620 69
46652 0
46912 63
46943 0
47138 58
47398 0
47417 57
47435 0
47479 47
47710 0
47968 47
48022 0
48169 59
48405 0
48599 57
48638 55
48714 0
48786 57
49101 0
49155 47
49165 0
49350 70
49407 0
49542 69
49776 0
49840 47
50045 0
50223 57
50225 55
50308 69
50350 79
50734 0
50920 79
51220 0
51269 55
51350 0
51426 55
51441 0
51489 69
51526 0
51541 79
51801 58
51814 0
52063 55
52108 0
52486 69
52500 0
52584 69
52590 0
52650 70
52951 0
53072 79
53146 69
53426 0
53702 63
53729 57
53828 0
53917 57
53922 0
54027 57
54189 0
54237 59
54274 0
54323 79
54537 63
54911 0
55065 79
55087 0
55445 70
55492 0
55535 69
55772 0
55776 59
55777 63
55828 0
55956 57
55988 0
56258 59
56300 0
56388 69
56731 70
56796 0
56815 70
57009 0
57037 59
57091 0
57207 59
57227 47
57250 0
57251 47
57289 59
57523 0
57577 63
57625 0
57628 63
57897 0
57950 70
57990 79
58047 0
58054 47
58199 58
58293 0
58326 63
58456 69
58563 0
58580 58
58581 79
58655 57
58744 59
58805 47
58990 0
59407 79
59442 0
59548 59
60202 0
60282 69
60435 0
60614 55
60704 0
60874 70
61024 0
61044 55
61062 63
61103 79
61150 0
61166 79
61450 0
61492 79
61512 0
61579 58
61880 0
61924 63
61954 0
61974 79
62011 0
62397 69
62464 0
62489 59
62685 63
62722 0
62798 70
62836 70
62977 0
63163 55
63400 58
63635 57
64115 0
64334 70
64557 0
64808 59
64888 0
65121 57
65238 0
65383 69
65412 0
65531 55
65589 0
65874 70
65936 47
65955 55
66160 0
66414 59
66558 0
66619 47
66657 0
66694 57
66725 55
66775 0
66800 47
66908 47
66964 47
66997 47
67075 57
67334 47
67374 0
67676 59
67787 79
67845 0
67974 59
67989 0
68041 69
68074 47
68109 58
68211 0
68338 59
68422 0
68445 47
68569 55
68824 79
69016 0
69038 69
69195 0
69216 70
69220 63
69276 0
69441 55
69467 0
69609 59
69619 63
69651 0
70150 69
70183 0
70305 59
70548 0
70776 63
70791 0
70799 59
70821 0
71158 63
71353 0
71419 69
71537 69
71555 63
71590 0
71604 55
71734 0
71768 59
71920 0
72027 57
72056 0
72620 70
72829 0
72863 63
73258 57
73325 0
73341 70
73367 0
73431 70
73543 70
73574 0
73608 47
73778 57
73802 0
74129 55
74134 0
74140 70
74149 0
74338 58
74462 59
74566 0
74775 47
74809 0
74979 57
75014 0
75022 69
75049 0
75337 55
75384 0
75398 70
75494 0
75611 69
75816 0
75889 70
75986 0
76148 47
76149 0
76177 63
76309 0
76432 69
76528 0
76539 55
76623 0
76634 79
76658 63
76711 0
76846 58
76854 0
76984 57
77129 0
77348 59
77410 0
77440 79
77518 0
77551 63
77555 0
77832 57
78009 0
78154 58
78373 69
78377 0
78410 69
78429 0
78453 55
78500 0
78673 63
78869 0
78895 63
78916 0
78920 55
78922 0
78990 58
79020 0
79138 70
79153 0
79256 57
79272 0
79328 69
79562 57
79598 57
79601 0
79643 58
80235 0
80279 70
80330 0
80380 70
80505 57
80705 47
80854 0
80880 47
81088 0
81145 58
81229 0
81337 70
81373 0
81612 63
81646 0
81857 58
81965 57
81968 0
82085 70
82127 0
82142 70
82157 0
82177 47
82579 0
82732 57
82796 0
82839 59
83015 0
83040 47
83136 0
83168 55
83353 0
83433 47
83440 0
83454 59
83495 55
83509 47
83736 0
83960 57
84087 79
84255 79
84330 0
84339 79
84412 0
84554 57
84891 0
85112 58
85185 0
85292 59
85308 0
85392 58
85613 63
85678 0
85683 57
85907 69
85981 57
86000 79
86008 0
86064 79
86121 0
86145 55
86310 0
86439 47
86463 70
86518 0
86648 79
86696 0
86729 63
86839 0
86932 57
86945 0
86966 47
86972 0
87070 57
87153 58
87195 0
87418 70
87444 0
87476 57
87505 0
87544 55
87586 0
87652 57
87679 0
87691 69
87786 47
87792 0
87957 55
87981 0
88105 58
88246 0
88281 57
89196 47
89387 0
89402 70
89403 0
89603 79
89627 55
89643 0
89668 70
89929 0
90040 79
90131 0
90186 63
90188 0
90199 55
90212 0
90410 79
90413 0
90533 55
90587 0
90681 47
90903 0
90959 63
91103 70
91398 70
91437 0
91453 79
91465 0
91469 57
91503 0
91564 47
91683 0
91827 58
91864 0
92082 70
92143 0
92158 63
92162 0
92176 69
92389 0
92536 57
92714 0
92731 58
92797 0
92826 47
92833 0
92851 70
92914 0
93121 57
93135 0
93211 58
93326 0
93405 69
93424 0
93457 58
93522 0
93648 47
93794 0
93888 59
93939 55
94124 0
94169 79
94204 0
94411 70
94552 0
94556 79
94686 0
94923 57
94931 58
94947 0
94963 55
94973 69
94987 0
95102 63
95125 47
95297 0
95344 70
95471 0
95533 47
95589 0
95652 69
95677 0
95736 55
95976 0
96186 70
96222 0
96329 70
96342 0
96483 70
96588 79
96672 0
96711 59
96834 0
96996 47
97022 0
97184 47
97289 0
97360 57
97361 0
97526 47
97712 47
97736 0
97974 63
98005 0
98190 57
98212 0
98328 79
98408 0
98419 55
98580 47
98778 47
98920 58
98934 57
99158 57
99238 57
99251 63
99400 0
99532 58
99608 0
99752 69
99837 47
99902 58
99945 79
436 events for 3
377 53
575 0
583 53
766 0
1206 56
1528 0
1590 54
1609 0
1715 53
2173 0
2704 54
3127 0
3186 54
3292 56
3545 0
3575 54
3653 0
4022 54
4147 0
5287 53
5346 0
5370 53
5538 0
5995 54
6256 56
6444 0
6824 53
6923 0
6932 54
6964 0
7570 54
7749 53
7754 0
7856 54
7961 0
8046 53
8152 0
8335 53
8514 0
8724 54
8829 0
9109 53
9154 53
9365 0
9542 53
10092 56
11026 56
11207 0
11268 53
11373 53
11404 0
11408 54
11514 0
11736 54
11743 53
11883 0
11913 56
12044 0
12172 56
12198 53
12329 53
12666 0
12768 53
12926 0
13960 54
14057 0
14180 53
14430 54
14847 0
14871 53
15308 0
15354 56
15580 0
15789 53
16064 0
16851 53
16852 0
17255 54
17482 0
17877 53
18025 53
19064 53
19121 54
19589 0
19634 53
19705 53
20209 0
20248 53
20271 0
20328 53
20931 53
21089 54
21187 54
21224 0
21520 53
21934 0
21992 56
22099 0
22366 53
22499 0
22715 53
23264 0
23831 53
24828 56
24907 0
25276 54
25279 0
25347 53
25636 54
25668 54
25876 0
26892 53
26900 0
27018 54
27204 0
27240 53
27525 0
27600 54
27708 0
28035 54
28251 0
28335 53
29063 0
29078 53
29169 0
29816 54
30372 0
30389 53
30418 53
30436 0
30461 56
30582 0
30826 56
31002 0
31084 56
31117 0
31166 53
31703 0
32484 53
33615 0
33968 56
35115 0
35172 54
35256 0
35300 53
35346 0
35513 54
35575 53
35801 0
35822 53
36066 0
36228 54
36409 0
36610 54
36750 54
37078 0
37204 54
38304 0
38329 56
38963 0
39079 56
39092 0
39205 54
39208 0
39211 53
39481 0
39763 53
39852 53
40242 53
40295 0
40489 54
40711 0
41067 54
41971 0
42087 54
42147 53
42670 56
42941 0
43983 53
44521 0
44524 56
44908 0
45180 54
45328 0
45571 53
45911 53
46006 0
46147 54
46565 0
47017 56
47065 0
47175 54
47204 0
47257 53
47376 0
47453 54
47587 0
47606 53
47767 56
48005 0
48794 53
49125 0
49357 53
49541 0
49556 54
50298 0
50370 54
50810 0
50829 54
51172 0
51313 54
51449 0
51580 54
51630 0
51657 53
51750 0
52150 56
52299 0
52457 56
52605 0
52907 53
53010 0
53030 56
53111 0
53121 53
53197 0
53980 56
54252 0
54632 54
54783 54
55313 0
56249 54
56361 54
56420 0
56454 54
56672 0
56749 54
57564 56
57645 0
57979 54
58034 0
58279 54
58326 0
58623 53
58669 0
58676 54
59397 0
59486 53
60040 53
60050 0
60208 56
60477 0
60503 54
60589 0
60937 56
61110 0
61512 54
61540 0
61559 54
61596 0
61751 53
61775 0
62064 53
62286 0
62373 54
62389 0
62526 54
62625 56
62670 53
62863 0
63820 54
64231 0
64241 56
64411 0
65299 56
65378 0
65413 56
65426 0
65509 54
65923 54
66148 56
66200 0
66716 56
67263 0
67345 53
67351 0
67628 54
67896 56
68227 0
68263 54
68315 0
68759 53
69454 0
69753 54
70461 0
70532 56
70694 0
70797 56
70806 54
70952 0
71278 53
71334 0
71430 53
71772 53
71879 0
72092 54
72183 0
72666 53
72880 54
73284 53
73306 56
73656 0
73658 53
73857 0
74498 53
74539 0
75072 53
75207 0
75266 54
75472 0
75636 53
75925 54
76237 0
76975 53
76987 0
77318 54
77893 0
77900 54
77990 0
78242 53
78381 0
78432 53
79030 53
79067 0
79115 53
79296 0
79770 54
80121 0
80862 56
81288 0
81334 56
81569 54
81601 0
82120 54
82135 0
82296 56
82368 53
82392 0
82796 53
82876 0
83107 54
83286 0
83632 53
83669 0
83705 53
84221 56
84340 0
84413 56
84466 0
84650 54
85182 0
85200 53
85298 53
85354 56
85452 0
85548 53
85805 0
85910 53
86395 54
86443 0
86594 54
86657 54
86697 0
87294 54
87334 0
87752 54
87915 56
87973 54
87999 54
88255 0
88474 54
88494 0
88590 53
88696 0
89498 54
89876 0
90248 56
90354 53
90511 0
90996 53
91322 0
91412 53
91717 0
92404 54
92547 54
92898 0
93004 53
93501 0
93566 56
93704 0
93890 56
94061 0
94063 53
94146 54
94493 53
94515 54
94533 0
94609 54
94842 54
95056 0
95154 56
95322 0
95754 53
95969 0
96112 54
96553 54
96817 0
96963 54
97072 0
97102 53
97183 0
97282 53
97548 54
97594 53
98669 53
98919 0
99035 53
99116 54
99235 0
99260 54
99414 0
99543 54
99757 0
99813 54
99892 0
99995 56
468 events for 4
609 45
624 0
741 56
1028 45
1126 0
1162 49
1209 0
1514 45
1521 45
1851 49
1948 0
2283 56
2446 0
2544 45
2670 0
2944 56
3496 0
3661 45
3873 47
3954 0
4346 56
4360 0
4577 45
4714 0
4999 49
5068 0
5127 47
5341 0
5797 56
5939 0
6069 56
6188 0
6351 56
7099 0
7109 56
7395 0
7609 49
7675 0
7702 49
7748 0
7749 47
7774 47
8016 49
8349 0
8896 49
9056 0
9117 47
9499 0
9693 56
9727 0
9882 45
9895 56
10491 0
10652 49
10675 0
10689 49
10705 47
11118 47
11195 0
11234 49
11775 0
11934 45
12327 0
12852 49
13141 0
13431 47
13433 0
13686 47
14288 47
14353 0
14543 47
14562 0
14682 56
14937 0
14938 47
15039 0
15056 45
15212 0
15269 49
15689 0
15727 49
15894 0
16297 49
16336 49
16348 45
16547 0
16685 47
17444 0
17551 49
17620 56
17934 0
18206 47
19333 47
19574 0
19655 56
19907 0
20292 47
20512 47
20539 0
20575 49
20749 0
21224 49
21406 0
21436 45
21998 0
22070 56
22294 47
22567 0
22891 49
23163 45
23330 47
23446 45
23590 0
24067 45
24147 0
24184 47
24522 0
24887 47
24992 0
25112 47
25304 0
25356 49
25428 0
26033 49
26107 0
26416 49
26458 47
26884 0
26958 45
27177 49
28362 0
28553 47
28585 0
28970 45
29047 0
29694 56
29885 0
29941 45
30576 0
30703 49
30764 0
31013 47
31480 45
31481 0
31862 49
31881 45
32085 0
32266 49
32483 49
32840 0
32967 45
33010 0
33192 45
33365 47
33385 0
33563 45
33857 0
34014 47
34275 45
34363 0
34803 47
35065 49
35209 0
35338 45
35470 0
35606 56
35741 49
36059 47
36130 49
36318 0
36832 45
37148 47
37260 0
37378 45
37379 0
37610 45
37632 47
37683 0
37837 49
38200 0
38489 49
38684 0
38709 49
38733 0
38865 45
38944 45
39370 0
40223 47
40679 0
40920 56
41021 0
41760 56
41823 0
41921 56
42001 0
42116 45
42257 0
42302 45
42423 56
42555 0
42680 47
42826 0
42900 47
43098 47
43485 45
44681 0
44866 45
44959 49
45061 0
45098 45
45136 47
45460 45
45624 49
45876 0
46297 47
46489 49
46572 47
46866 47
47031 0
47235 45
47306 49
47361 0
47548 47
47769 49
48003 0
48115 56
48199 56
48206 0
48616 49
48617 47
48661 0
48846 45
49162 0
49753 47
49758 0
49919 47
50287 56
50830 0
50966 47
51057 0
51123 47
51228 47
51489 0
51566 47
51667 0
51776 49
52085 0
52538 45
52571 49
52996 0
53067 49
53299 0
53313 49
53408 0
53475 47
53931 0
53951 45
54060 0
54279 49
54334 0
54611 45
54703 0
54888 49
54907 56
55219 0
55248 49
55265 0
55768 49
55845 49
55859 0
55879 49
56072 56
56455 0
56734 47
57069 0
57241 49
57321 0
57325 45
57427 0
57453 47
57533 0
57837 47
58265 0
58290 47
58423 56
58452 56
58502 0
58909 56
58915 0
59322 49
59350 47
59968 47
60201 47
60212 0
60413 47
60511 56
60517 45
60646 0
60912 56
61057 0
61307 49
61316 0
61347 49
61356 0
61656 56
61765 0
61973 47
62045 47
62095 47
62515 47
62684 56
62892 0
63073 45
63101 0
63168 56
63221 0
63284 56
63314 49
63839 56
64043 0
64279 56
64605 49
64754 49
64763 0
64812 49
65140 0
65925 45
66134 49
66148 0
66746 45
67258 49
67263 56
67672 0
68700 47
68765 0
68775 49
68819 0
68866 56
70207 0
70489 49
71122 0
71218 56
71307 0
71338 47
71562 0
71738 45
72175 0
72268 56
72967 0
73039 49
73812 47
74102 0
74133 45
74412 47
74863 0
74877 49
74913 47
75164 0
75467 45
75642 0
75655 45
75866 0
75919 49
76318 0
76444 45
76531 45
76644 47
76755 47
76782 0
76837 49
76929 0
77647 47
77657 0
77693 56
77795 0
78015 49
78143 0
78152 47
78337 0
78352 56
78475 0
78633 49
78907 49
79166 0
79637 56
79736 56
79762 0
79790 45
79933 0
80018 49
80118 49
80234 0
80339 49
81070 47
81126 0
81285 49
81303 47
81665 0
81679 45
82345 0
82349 45
82656 0
82696 56
83875 0
83904 47
84076 56
84343 0
84578 47
84684 47
84801 0
85004 45
85110 0
85373 45
85402 0
85795 47
85856 56
85998 0
86271 47
86779 0
87143 56
87208 56
87244 0
87473 47
88065 0
88408 45
88648 0
88772 45
90478 0
90993 49
91250 49
91483 0
91673 49
91801 56
91866 0
91905 49
91926 0
92016 47
92067 0
92173 49
93144 0
93155 49
93176 0
93239 56
93775 49
94004 47
94029 0
94140 56
94471 0
94996 45
95100 0
95496 49
95877 49
95892 0
95939 49
96064 45
96397 56
96409 0
96474 45
96717 0
97234 47
97387 0
97603 56
97933 56
98396 47
98543 49
98828 56
99257 45
99615 0
222 events for 5
362 75
623 0
683 86
1550 0
1658 86
1724 0
1932 75
2037 0
2896 75
3198 86
4057 0
4648 86
5471 75
5658 0
5769 75
6568 0
6584 75
6654 75
7990 0
8280 75
8724 0
8725 75
10057 0
10150 75
11585 0
12501 86
12817 75
13135 0
13613 75
14232 0
14480 75
14521 75
15058 0
15109 75
15659 0
16201 75
18388 75
18653 0
18655 86
18814 0
19519 75
19569 0
19570 86
19901 0
19926 86
20727 0
22030 75
22141 0
22627 75
23653 0
23800 75
24628 0
26208 75
26406 0
26642 86
26672 0
27699 75
28281 0
28543 75
28688 0
28914 75
29396 0
29692 86
30583 75
30634 75
31199 86
31480 0
31870 86
32128 0
32596 86
32693 0
32943 86
33283 0
33388 75
34204 0
34557 86
35455 86
36041 75
37195 0
37214 75
37847 0
38802 75
39241 0
39403 86
40055 0
40358 86
40613 0
41223 75
41312 75
41583 0
41899 86
42359 0
42505 86
42700 0
43719 75
44054 0
45236 86
45425 0
45555 75
45642 0
46270 86
46771 75
47027 0
47241 86
47391 0
49003 86
49010 0
49391 75
49634 0
50133 75
50163 75
50774 75
51118 86
51305 0
53683 86
54050 75
54289 0
54562 86
55579 0
56573 75
57500 0
57750 75
57853 86
59135 0
59999 75
60037 0
60245 75
60681 0
60978 86
61348 0
61699 86
61816 0
62056 75
62208 0
62380 75
63418 75
65659 0
65850 86
66125 0
66605 75
67067 0
68452 86
68511 0
68830 86
69119 0
69453 86
69646 0
70108 75
70458 0
71010 75
71612 0
72582 75
73538 0
73720 75
73994 0
74030 86
74045 0
74062 75
74877 75
75480 86
75566 75
75643 0
75748 75
76076 75
76708 86
76851 0
76950 86
77211 75
77607 86
77774 0
78486 75
78707 0
80494 75
82004 0
82024 86
83297 0
83333 86
83341 0
83392 86
84617 0
84651 86
85020 0
85215 75
85680 0
85972 86
85979 0
86473 75
86993 0
87070 75
87341 0
87662 75
87729 0
88067 75
90088 0
90405 75
90578 0
91226 86
91310 0
91374 75
91804 75
91998 0
92206 75
92282 0
93303 86
93528 0
93744 75
93763 0
93936 86
94252 0
94345 75
94965 0
95974 75
95990 75
96017 0
96392 75
97109 75
97815 0
97851 86
97852 75
98083 0
99292 86
99560 0
565 events for 6
98 20
382 0
462 20
597 0
908 16
971 0
988 18
1222 0
1284 16
1298 0
1664 20
1891 0
1895 18
2090 0
2339 18
2563 18
2935 0
2984 16
3162 0
3225 18
3313 0
3356 20
3431 0
3481 16
3723 0
3764 18
3840 0
3919 15
3968 0
3974 16
4222 0
4334 20
4659 0
4686 18
4731 0
5008 18
5216 18
5357 18
5483 0
5621 20
5758 0
5905 20
6053 0
6161 16
6470 15
6666 0
7224 18
7369 0
7602 20
7713 0
7739 16
7941 0
8172 20
8642 15
8698 16
8969 16
9069 20
9091 16
9197 15
9514 0
9699 15
9753 0
9778 15
9823 0
9904 18
9928 0
9949 20
10216 0
10220 16
10448 0
10770 20
10946 0
11133 20
11245 18
11343 0
11507 15
11642 20
11992 0
12214 15
12356 0
12364 18
12426 16
12547 0
12958 16
13322 18
13611 0
13687 16
13723 20
13754 15
13785 20
13839 0
13970 18
13995 18
14012 16
14078 0
14135 20
14275 20
14364 20
14479 18
14897 18
15475 20
15734 0
16041 15
16120 0
16255 18
16290 20
16894 0
17175 18
17547 0
18078 15
18305 18
18355 0
18385 18
18761 0
18929 20
18934 0
18963 16
19033 0
19087 20
19168 16
19353 0
19437 15
19468 0
19733 20
19806 0
19973 20
20434 0
20461 18
20671 0
20758 16
21066 0
21254 20
21406 0
21546 16
21564 20
21915 0
22305 16
22390 0
22448 20
22461 0
22627 16
22685 0
22726 18
22768 0
22923 20
23358 0
23376 20
23393 18
23566 16
24005 16
24053 0
24207 18
24536 20
24808 0
24905 20
25196 0
25281 16
25296 0
25323 18
25359 0
25545 20
25596 20
25674 0
25698 20
25828 0
25884 16
25962 0
26065 16
26093 16
26314 0
26378 20
26441 0
26562 18
26711 0
26768 16
27384 0
27479 20
27762 20
27937 0
28326 20
28431 15
28446 0
28621 16
28739 0
29094 20
29353 0
29519 15
29719 0
29797 18
30005 0
30021 20
30370 18
30409 0
30431 18
30605 20
30803 18
31085 0
31093 18
31713 0
31944 15
32080 0
32174 18
32235 20
32728 16
32896 20
33096 0
33165 15
33207 0
33268 16
33320 0
33411 20
33452 16
33624 16
33677 0
33699 18
34092 20
34141 0
34291 16
34391 0
34407 20
34430 0
34572 20
34652 0
34982 16
35085 0
35193 16
35631 15
35960 0
35962 16
36042 0
36130 18
36914 0
36949 20
36990 0
37062 16
37221 18
37358 0
37511 20
37609 18
37735 0
37742 15
37823 0
37850 16
38083 0
38414 20
38632 0
38695 18
39061 0
39092 20
39210 20
39316 0
39553 18
39899 0
40105 20
40290 0
40489 18
40682 0
40754 16
40901 0
40993 18
41493 0
41844 20
41847 0
41888 15
42015 16
42113 0
42164 16
42213 18
42759 0
42780 18
42808 0
43330 18
43758 15
44189 16
44336 0
44602 18
44880 0
45049 20
45073 0
45297 15
45334 0
45411 20
45505 0
45639 20
45808 0
45888 18
46040 0
46156 20
46396 0
46426 15
46505 0
46680 16
46779 0
46856 16
46949 0
47309 18
47524 0
47826 15
47932 0
47956 16
48335 18
48530 0
48564 16
48821 0
49145 16
49263 0
49437 20
49596 18
49649 0
49849 16
49871 20
49891 0
50165 20
50261 0
50447 16
50502 0
51100 20
51200 0
51348 20
51369 0
51558 16
51725 0
51737 16
52186 16
52320 0
52432 15
52551 0
52906 16
53113 0
53207 18
53395 0
53607 15
54222 0
54458 15
54597 0
54925 18
54974 0
55134 18
55256 20
55812 0
55914 20
56576 18
56699 0
57223 16
57873 0
57882 20
58894 0
58911 16
58920 18
58966 16
59092 0
59195 18
59622 16
59647 0
59684 16
59708 0
59885 20
59941 18
59966 0
60166 16
60999 0
61030 18
61101 15
61491 0
61616 20
61872 16
62055 0
62314 18
62630 0
62787 18
62802 0
62928 20
62973 0
63129 20
63369 0
63755 20
64086 0
64537 18
64576 0
64728 18
65040 0
65090 15
65132 0
65294 20
65515 0
65523 16
65831 0
65935 16
65982 15
66170 0
66173 20
66333 18
66530 18
66785 20
66972 0
67000 20
67230 0
67251 20
67400 0
67445 18
67712 0
67798 16
68182 0
68321 20
68368 0
68745 20
68984 0
68995 16
69720 0
69856 18
70546 0
70568 20
70850 0
70971 20
71126 0
71364 18
71413 18
71543 16
71598 0
71670 20
71960 20
72024 0
72114 18
72187 0
72240 18
72326 15
72795 0
73116 16
73717 0
73871 18
74194 20
74252 0
74916 15
75091 0
75322 16
75488 0
75715 15
75773 0
76032 16
76378 0
76496 20
76573 0
76730 16
76839 0
77049 16
77088 0
78052 18
78240 0
78544 18
78570 0
78625 15
78859 0
78878 20
78938 0
79027 20
79109 0
79118 16
79240 20
79319 0
79445 16
79618 0
79757 16
79990 20
80053 0
80066 20
80863 0
81004 16
81152 0
81194 20
81197 20
81292 0
81306 18
81363 0
81595 16
82163 0
82548 18
82827 0
82882 18
82975 0
83147 16
83222 0
83391 18
83912 0
84995 16
85032 0
85175 16
85341 0
85373 20
85481 20
85516 0
85684 20
85965 20
86111 0
86582 20
86586 0
86613 15
86673 16
86888 0
87124 20
87300 0
87516 15
87755 20
87857 18
88243 0
88403 20
88594 0
88623 18
88711 16
88756 0
88876 16
89175 0
89216 15
89228 0
89750 18
90098 0
90817 20
90899 0
90986 20
91046 20
91130 20
91141 0
91667 16
91924 0
92117 18
92247 0
92292 15
92591 0
92852 16
92884 15
93098 0
93331 16
93618 0
93875 20
93939 16
93998 0
94004 18
94137 16
94217 18
94441 0
94695 18
95031 0
95207 18
95229 0
95602 18
95821 15
96182 18
96223 20
97212 0
97381 16
97618 20
97638 18
97823 0
97899 15
97932 0
97939 16
98307 0
98679 20
98732 18
99119 0
99339 18
99532 15
99651 0
99847 20
99881 0
99988 18
453 events for 7
169 81
217 0
602 81
776 67
784 0
978 83
1144 81
1385 78
1548 69
1590 0
1663 83
1683 84
1799 0
2004 84
2046 67
2134 78
2239 0
2287 78
2454 0
2460 69
2534 0
2626 69
2653 0
3159 69
3295 0
3308 78
3675 0
3959 82
4035 0
4076 78
4509 0
4696 81
4729 0
4868 84
5061 0
5287 83
5493 0
5925 81
6012 83
6139 0
6197 67
6270 0
6442 84
6534 0
6567 69
6667 0
6915 66
7316 0
7516 81
7698 0
7787 67
7952 0
8089 82
8150 0
8182 69
8261 0
8474 81
8496 0
8740 83
8742 67
8748 0
9078 81
9093 66
9195 0
9204 83
9599 69
9765 0
9767 66
9792 81
10408 0
10476 66
10526 0
10584 69
11091 69
11263 0
11340 81
11459 84
11994 0
12188 81
12332 81
12413 0
12810 78
13265 0
13348 66
13681 0
14299 78
14566 82
14926 84
15206 0
15698 83
16697 0
17116 81
17709 0
17866 83
18098 0
18469 81
18587 0
18655 66
18773 0
20017 69
20238 0
20291 84
20832 81
20880 0
21075 69
21332 84
21654 0
21754 81
21903 83
22813 0
22818 84
22880 0
23057 83
23416 0
23900 82
24194 0
24434 66
25396 69
25885 84
26208 0
26391 78
26459 84
26605 0
26664 78
27113 84
27188 0
27240 69
27524 82
28058 0
28203 81
28512 83
28568 0
28594 82
28603 0
28804 67
29590 83
29809 82
29917 69
30139 0
30426 78
30590 0
30676 69
30935 66
31035 0
31073 66
31330 0
31400 69
31458 0
31466 69
31652 0
31917 81
32074 82
33481 0
33633 66
33744 0
33782 81
33950 0
34119 83
34269 0
34381 67
34667 0
34681 81
35034 0
35110 78
35244 0
35313 83
35363 0
35535 67
35849 81
35889 0
35897 66
36112 0
36169 67
36346 0
36513 84
36637 84
36683 0
36736 78
36990 69
37099 0
37107 78
37421 66
37608 0
37613 67
37674 0
38124 69
38175 0
38226 82
38515 0
38951 83
38957 0
39125 83
39384 83
39400 0
39408 81
39893 0
40486 82
40805 0
40932 69
41102 78
41105 0
41110 81
41132 0
41302 81
41468 82
41737 83
42726 81
42788 0
43078 81
43595 0
43687 81
43709 0
43933 84
44168 0
44254 67
44911 83
44981 84
45921 0
45970 81
46211 0
46381 78
46759 81
46862 0
46979 67
47340 0
47585 66
47652 0
47767 66
48177 0
48179 84
48311 67
48407 0
48860 66
49136 69
49616 0
49818 67
49873 81
50142 78
50914 81
51108 0
51153 78
51236 0
51340 69
51369 0
51523 82
51897 0
52069 81
52088 0
52096 82
52101 83
52108 0
52151 84
52702 0
52738 84
53168 78
53508 0
53562 66
53712 66
53741 0
53746 81
54077 0
54728 83
54946 0
55030 67
55099 84
55323 0
55608 82
55625 69
55967 82
56001 0
57167 83
57196 0
57278 82
57304 0
57381 83
57537 66
57633 0
58277 66
58298 66
58328 81
58375 67
58547 0
58722 82
58746 0
58914 66
58948 0
58969 67
59181 66
59338 67
59382 0
59640 83
60163 0
60343 69
60395 83
60859 0
61290 81
61645 84
62506 0
62532 83
62715 0
63146 82
63178 0
63964 84
64245 0
64664 66
64705 83
64797 0
66046 81
66115 0
66193 82
66705 69
66942 0
67479 83
67491 78
67983 69
68024 0
68167 81
68399 0
68494 67
68667 0
69170 67
69186 0
69373 78
69768 0
70089 67
70253 0
70504 83
71012 0
71128 66
71129 0
71518 67
71741 0
71822 81
71971 0
72454 84
72495 81
72605 81
72972 0
73002 67
73399 69
73490 0
73637 78
74012 0
74017 66
74072 0
74095 69
74226 0
74561 82
74954 82
75039 0
75335 84
75418 0
75508 78
75618 81
75753 0
76192 78
76455 67
76877 0
77573 81
77845 0
78306 66
78344 67
78552 0
78644 81
78871 78
78875 67
78929 0
79114 81
79130 78
79187 0
79211 84
79588 0
80096 67
80483 0
81104 83
81154 78
81329 0
81398 83
81535 0
81837 78
82168 0
82357 69
83390 0
83406 82
83455 0
83457 78
83513 67
83664 69
83765 0
83986 84
84031 0
84089 82
84339 82
84362 67
84444 83
84801 78
84860 0
85039 84
85129 0
85242 82
85378 82
85404 0
85420 81
85496 0
85583 78
85730 67
85777 0
85882 81
86852 0
87110 81
87140 0
87510 69
87813 0
89024 83
89292 0
89663 67
90039 0
90556 81
90713 0
91051 69
91067 0
91116 78
91143 78
91561 0
91594 82
91761 0
92085 82
92340 0
92471 66
92818 0
92827 66
92997 82
93057 0
93329 84
93516 0
93790 66
94025 0
94265 81
94495 67
94649 81
94897 0
95608 82
95740 0
95998 81
96197 82
96670 81
96853 0
97401 69
97526 66
97565 0
98919 84
99038 0
99689 81
