8 buffers
113720 20429
205890 14721
370455 46353
300030 49085
194324 16609
383541 26477
268713 39606
219730 27968
40 downlinks
0 375 2500 288
1 2875 5000 287
2 5375 7500 292
3 7875 10000 309
4 10375 12500 318
5 12875 15000 333
6 15375 17500 345
7 17875 20000 267
8 20375 22500 333
9 22875 25000 331
10 25375 27500 319
11 27875 30000 287
12 30375 32500 260
13 32875 35000 316
14 35375 37500 268
15 37875 40000 302
16 40375 42500 331
17 42875 45000 359
18 45375 47500 371
19 47875 50000 336
20 50375 52500 357
21 52875 55000 262
22 55375 57500 327
23 57875 60000 360
24 60375 62500 384
25 62875 65000 309
26 65375 67500 280
27 67875 70000 319
28 70375 72500 313
29 72875 75000 315
30 75375 77500 267
31 77875 80000 296
32 80375 82500 335
33 82875 85000 262
34 85375 87500 338
35 87875 90000 282
36 90375 92500 260
37 92875 95000 350
38 95375 97500 281
39 97875 100000 346
365 events for 0
45 19
984 21
1324 19
1472 0
1642 19
2060 19
2290 0
2797 19
3241 0
3642 19
3705 19
3718 0
4205 19
4722 0
4735 19
4772 0
4847 19
5055 0
5447 19
5694 0
6555 20
6612 0
7411 19
7483 19
8312 0
8510 19
8538 0
8982 19
9008 21
9329 0
9776 19
9813 0
10368 19
10843 0
11289 21
11308 0
11346 19
11532 18
11567 0
12100 21
12109 19
12351 0
12490 20
12583 19
12915 0
13090 20
13592 19
14274 0
14527 20
14848 0
14868 21
15648 0
15762 21
15989 19
16125 18
16128 21
16182 19
16360 0
16653 21
16671 0
17924 18
17945 0
17962 19
18111 0
18285 19
18630 20
18643 0
18685 19
18809 0
18870 20
18890 0
19055 18
20055 0
20818 19
21075 19
21162 21
21812 0
22107 18
22281 0
22726 21
22897 19
22946 18
23296 0
23664 19
23803 0
23962 18
24136 0
24200 19
24455 0
24456 19
24527 0
24720 19
24887 19
24928 0
24993 21
25484 0
25683 19
25715 0
26283 19
26396 19
26526 19
26642 21
27023 21
27044 21
27118 19
27455 0
27874 19
27919 21
28116 0
28344 19
28447 0
28501 19
28579 0
28708 19
29054 19
29283 19
29713 0
30063 19
30131 0
30244 19
31232 19
31252 0
31309 20
31365 20
31886 0
32074 21
32196 19
32242 0
32268 19
32513 0
32583 21
32959 0
33474 19
33697 0
33764 20
34488 21
35286 0
35857 19
36058 0
36343 18
36406 18
36984 0
37218 18
37275 0
37373 19
37801 0
37889 19
37908 0
37930 19
38087 0
38227 18
38254 0
38487 21
39049 0
39472 19
39652 0
40850 19
41035 0
41250 21
41906 0
42128 19
42833 20
43586 0
43980 19
44138 0
44787 19
44947 0
45684 19
46181 20
46186 0
46444 19
46899 19
46975 0
46993 21
47430 0
47645 19
47687 0
47697 21
47769 19
48701 0
48756 18
48826 0
48892 19
49041 0
49106 20
49422 0
49555 21
49561 0
49682 19
50130 0
50246 19
50513 19
50631 0
50885 20
50968 19
51002 0
51219 19
51353 0
52633 19
52988 21
53118 0
53219 19
53694 0
53976 21
55469 19
55525 19
55613 0
56454 19
56875 0
56977 21
57008 21
57127 0
57138 19
57700 0
58339 21
58985 0
59499 19
59506 19
60037 0
60174 18
60480 19
60820 19
61109 0
61243 21
61285 19
61389 0
61629 21
61692 19
62353 0
62696 20
63055 0
63132 19
63593 0
63617 19
63898 20
64213 0
64516 19
64588 21
64747 0
64754 19
64807 19
65299 20
65624 0
65715 19
66079 0
66147 19
66211 18
66646 0
67586 19
68227 0
68296 19
68676 19
68716 21
69199 0
69312 19
69875 18
69964 0
70261 20
70409 0
70647 20
70712 0
70715 20
70890 0
70947 21
71846 0
72366 19
72737 20
72748 18
72935 0
73020 18
73735 0
73910 18
74088 0
74136 21
74308 18
74850 0
75897 19
76028 0
76388 19
76470 19
76471 0
76565 18
76924 19
77310 0
77326 19
77452 18
77766 0
77973 21
78301 0
78915 18
79022 19
79328 0
79536 18
79630 19
79711 19
79942 0
80920 19
81125 0
81490 19
81548 21
81770 0
81972 21
82111 19
82125 0
82328 19
82652 19
82918 0
82930 20
83343 20
83375 0
83726 18
84030 0
84037 19
84268 20
84418 19
84900 0
85312 19
85407 21
85769 21
85823 0
85824 19
86181 19
86565 0
86658 19
87745 19
87756 0
87800 19
88173 0
88277 18
88649 0
88911 21
89067 0
89238 19
89931 21
90132 18
90307 19
90858 0
91174 19
91512 0
91716 21
91822 0
91924 19
92179 19
92285 19
92600 0
92891 19
92927 0
93334 18
94167 0
94726 18
95043 21
95840 0
96566 19
97249 0
97348 19
97385 0
97408 18
97952 19
98091 19
98246 0
98339 20
98353 0
99648 20
99832 0
99865 19
820 events for 1
92 65
276 0
391 49
541 0
681 50
697 0
985 50
1030 0
1058 57
1122 0
1168 57
1327 0
1384 47
1538 0
1766 50
1773 0
1942 47
2260 0
2710 50
3153 0
3228 65
3352 0
3394 47
3908 0
3983 50
4025 74
4086 47
4130 47
4233 0
4362 74
4502 0
4563 57
4564 0
4671 49
4714 0
4770 47
4933 74
5015 0
5250 50
5404 0
5518 49
5673 74
5845 0
5854 47
6049 0
6132 49
6326 50
6434 49
6488 0
6523 57
6527 0
6637 50
6838 0
6941 47
6960 65
7145 0
7337 57
7409 0
7551 49
7583 74
7739 0
7913 57
7961 47
7995 0
8138 50
8422 50
8485 0
8626 49
8842 0
9016 50
9098 0
9119 74
9163 50
9183 0
9236 50
9296 0
9338 47
9497 0
9637 74
9652 57
9822 0
9842 49
9910 0
10229 50
10559 0
10628 47
10640 74
10923 0
10935 74
11531 0
11554 74
11794 0
11799 65
11855 0
11929 50
11970 74
12238 49
12872 57
12940 0
13287 47
13452 0
13470 57
13548 0
13720 65
13811 0
14185 74
14354 0
14509 65
14754 0
15005 49
15059 0
15132 57
15185 0
15202 74
15210 0
15298 50
15321 0
15448 74
15703 0
15960 47
16470 0
16540 50
16578 74
16735 0
16742 49
17063 0
17320 57
17347 65
17558 0
17899 74
17930 0
18063 65
18243 0
18330 50
18564 47
18956 0
19010 57
19041 0
19330 65
19400 0
19410 74
19414 65
19450 50
19551 0
19699 74
19945 0
20256 65
20397 0
20402 47
20552 0
20674 49
21006 65
21059 0
21069 50
21113 65
21130 47
21188 0
21546 50
21829 0
22121 74
22274 0
22375 50
22613 0
22741 50
22853 0
22931 65
22985 74
23210 0
23319 57
23385 49
23617 0
23618 74
23629 0
23715 49
23738 50
23988 0
24076 47
24112 0
24151 57
24502 65
24572 0
24825 74
24836 50
24945 0
25091 74
25199 0
25355 65
25371 0
25434 65
25576 0
25815 74
25994 0
26299 50
26436 47
26475 0
26653 47
26918 0
26960 57
26999 0
27117 49
27144 0
27268 50
27277 0
27479 50
27481 57
27505 0
27537 74
27914 0
27918 74
27964 0
28037 50
28120 0
28177 65
28239 47
28293 0
28589 49
28623 74
28704 0
28776 57
28883 0
28903 74
28909 0
29091 50
29240 0
29324 47
29326 0
29351 49
30132 0
30209 47
30285 57
30671 0
30703 57
30706 57
30872 0
31015 65
31214 50
31302 49
31423 57
31582 0
31975 47
32093 0
32123 49
32170 50
32247 65
32319 0
32406 49
32759 0
32780 57
32965 0
33103 57
33148 0
33257 47
33460 0
33490 47
33620 0
33644 57
33716 0
34139 49
34223 0
34313 74
34399 49
34523 74
34587 57
34599 0
34683 47
34724 0
35578 50
35631 0
35781 47
36006 0
36104 65
36280 49
36390 0
36571 57
36708 0
36795 65
36798 49
37059 0
37066 49
37091 0
37550 49
37705 0
37717 50
38222 0
38224 49
38304 0
38493 65
38541 49
38678 65
38785 0
38879 65
39012 0
39136 74
39497 50
40104 0
40188 50
40227 0
40267 65
40338 0
40352 65
40449 47
40464 0
40529 74
40544 0
40555 74
40905 0
40939 49
41169 0
41207 49
41277 57
41727 0
41821 50
41846 0
42103 47
42150 0
42176 57
42183 0
42231 47
42237 74
42270 0
42303 50
42382 0
42391 47
42837 0
43030 49
43280 74
43294 0
43323 57
43383 0
43692 57
43716 74
43768 0
43772 74
43879 0
43975 74
44389 0
44554 74
44575 0
45082 47
45093 0
45128 47
45553 65
45648 0
45704 49
45786 0
45929 50
46309 0
46489 65
46710 0
47016 49
47141 0
47168 50
47300 50
47353 0
47413 50
47698 50
47710 0
47793 47
47815 74
48146 50
48549 0
48698 74
48809 50
48915 0
49140 57
49189 0
49225 74
49420 49
49568 0
49620 74
49678 0
49689 65
49690 49
49735 0
50340 49
50366 0
50382 50
50574 0
50643 50
50658 0
50672 50
50757 0
50836 57
51039 0
51059 57
51090 0
51139 74
51298 0
51572 65
51604 0
51655 65
52019 0
52049 47
52139 0
52417 74
52653 50
52768 0
52770 74
52903 0
52906 47
53000 0
53143 50
53328 0
53333 65
53545 0
53580 50
53609 0
53672 49
53777 0
54041 74
54070 0
54128 65
54152 0
54223 65
54288 47
54398 0
54445 49
54497 65
54543 74
54640 47
54688 57
54827 0
54830 74
54852 49
55250 0
55410 65
55646 0
55696 74
55714 0
55946 74
56017 0
56066 47
56523 0
56891 57
57343 0
57514 47
57604 0
57637 57
57737 0
57932 50
57956 0
58098 57
58129 0
58132 65
58218 50
58368 57
58571 65
58645 49
58657 74
58717 0
59764 74
59939 0
60041 74
60072 50
60086 0
60225 74
60256 47
60378 65
60474 57
60521 0
60562 65
60674 0
60875 65
60908 57
61021 57
61071 47
61074 0
61274 47
61275 0
61407 47
61672 0
61731 50
61827 0
62112 47
62134 49
62226 0
62310 74
62477 57
62792 0
62836 49
62874 0
62890 50
63064 0
63323 49
63462 0
63540 74
63578 49
63672 0
63720 74
63924 0
64048 65
64112 0
64169 74
64583 0
64613 65
64736 0
64806 65
64959 0
65052 47
65133 49
65237 49
65335 0
65440 57
65530 47
65601 0
65666 74
65817 0
65874 47
65907 50
66118 0
66245 47
66452 74
66491 0
66736 49
66773 0
66788 50
66879 0
66918 57
67153 49
67183 65
67334 0
67495 50
67498 0
67651 47
67745 50
67772 0
67898 50
68004 0
68033 47
68193 0
68216 49
68225 47
68242 0
68250 57
68388 47
68426 0
68479 50
68869 0
69009 47
69036 50
69046 0
69232 57
69510 65
69597 0
69755 65
69960 0
70117 74
70133 0
70239 74
70333 0
70354 74
70355 0
70357 50
70494 0
70842 74
70965 0
70989 47
71162 0
71290 49
71380 0
71590 74
71629 0
71646 50
71669 0
71764 50
71778 0
71921 50
72148 50
72215 0
72229 57
72432 74
72490 65
72643 0
72653 65
72714 0
72726 74
72949 47
73069 57
73084 0
73177 49
73208 0
73379 65
73562 0
73595 50
73677 74
73865 49
73964 0
74016 65
74109 0
74265 65
74309 0
74385 49
74587 74
74635 65
74639 0
74714 49
74916 0
75031 74
75404 0
75415 74
75456 50
75463 0
75498 65
75502 65
75577 0
75722 49
76049 0
76066 47
76131 0
76145 49
76444 0
76845 47
76997 0
77235 65
77254 0
77392 49
77407 0
77757 49
77948 74
77979 0
78021 57
78028 0
78143 49
78240 47
78341 0
78443 47
78659 47
78664 0
78690 65
78886 0
78900 49
78969 50
79454 0
79539 47
79543 0
79647 50
79754 0
79897 47
80069 0
80104 49
80362 0
80369 47
80410 0
80482 74
80515 0
80555 65
80585 0
80608 49
80643 0
80669 74
80801 0
80848 65
80965 74
81105 0
81189 50
81514 50
81579 0
81592 65
81657 0
81666 50
81827 0
81942 49
81975 57
82018 0
82156 50
82161 0
82376 65
82541 0
82871 57
82872 0
82930 57
82934 0
83020 74
83033 0
83084 65
83093 0
83352 74
83507 0
83696 74
83736 0
83898 65
83974 50
83976 0
84155 74
84340 0
84352 50
84481 0
84558 47
84566 0
84652 47
84668 0
84713 50
84744 0
84770 74
84812 0
84814 65
84836 47
84854 0
85100 57
85274 0
85428 50
85485 0
85728 74
86021 0
86169 57
86359 0
86440 57
86497 0
86747 49
86830 0
86841 57
86965 0
86986 74
87043 0
87073 49
87105 74
87117 0
87202 65
87220 0
87295 65
87322 50
87550 0
87585 50
87697 0
87708 74
87822 49
88009 0
88020 49
88260 65
88318 49
88597 47
88972 0
89157 65
89167 0
89334 50
89381 74
89501 57
89970 0
89977 74
89984 0
90068 50
90205 74
90307 0
90338 47
90380 0
90433 65
90510 0
90643 57
90755 0
90834 65
90893 0
90956 49
91165 0
91312 49
91486 0
91708 65
91863 0
92600 47
93047 0
93118 49
93280 0
93300 57
93342 0
93381 57
93412 0
93612 57
93771 0
94185 65
94356 0
94481 65
95302 0
95324 50
95366 50
95566 0
95628 74
95629 0
95780 50
95938 0
96000 49
96119 0
96188 65
96569 0
96749 57
96979 0
97153 49
97301 65
97401 49
97556 0
97654 74
97725 49
97747 0
97785 49
97837 0
97874 49
97965 0
97985 57
98160 65
98396 0
98409 65
98415 49
98571 0
98685 50
98720 0
98730 50
98786 49
98846 0
98916 49
99010 0
99254 47
99308 0
99412 57
99491 0
99493 49
99554 0
99572 47
99600 74
99626 49
99738 57
99802 50
99834 0
261 events for 2
468 77
1429 0
1564 67
2023 0
3868 77
4505 0
4844 67
4959 0
5929 67
8074 0
8204 67
8318 0
8373 67
8485 77
9302 67
9303 0
9500 77
10090 77
11426 0
11452 77
11564 0
11595 77
11660 0
11714 77
11735 0
11893 67
12096 0
12183 67
12243 0
13225 67
13374 0
13602 77
14098 0
14400 77
14726 0
15070 77
15519 0
16056 67
16659 0
16685 77
16954 0
16958 67
17625 67
17811 0
17891 77
18969 0
19176 77
19212 0
19382 67
19750 0
19771 77
19845 0
20113 67
20599 0
21189 67
21993 0
22158 77
22515 67
22617 0
22927 67
23186 0
23221 77
23534 67
24757 0
24854 77
24981 0
26256 77
26743 0
26800 67
27032 0
28064 77
28802 0
28888 67
29411 0
29893 77
30578 77
30860 0
31025 77
31047 0
31420 67
32523 0
33165 67
33557 77
33926 77
33955 0
34599 67
35187 0
35194 77
35303 0
35493 67
36146 0
36818 67
37826 77
38287 77
38386 0
38427 77
39370 0
39567 77
39680 67
39776 0
40220 77
40425 0
40526 77
40822 0
41250 77
41439 77
41722 0
41843 77
42811 0
43170 77
43443 0
43570 77
43723 67
44461 0
44593 77
44677 0
44924 77
44956 0
45415 77
45433 0
45653 77
46443 0
46983 67
47136 67
47829 0
47862 67
49254 0
49411 67
49511 0
49568 77
49748 77
49913 77
50665 0
51470 67
51733 0
52215 67
53145 0
53923 77
53925 0
54628 77
56478 0
56599 67
56983 0
56997 77
57118 0
57840 77
58225 0
59018 77
59145 77
59473 0
59923 67
60142 0
60837 77
61013 0
61054 77
61163 67
61824 0
62244 77
63228 77
63386 77
64371 67
64765 77
64863 77
64869 0
64898 67
65117 0
65549 77
65885 77
66305 0
66354 67
66400 0
66747 67
66881 77
67051 77
67151 0
68107 77
68627 0
68631 77
68966 77
69175 0
69401 67
69434 0
70056 67
70227 0
70768 67
70877 0
72379 77
73043 0
73238 77
73439 0
73617 77
74632 0
74637 67
75211 0
75365 77
76354 77
76376 0
76541 77
76822 77
77182 0
78472 67
78712 0
79128 67
80228 77
80241 77
80573 77
80843 0
80955 77
81270 0
81422 67
81920 0
81924 77
82057 0
82189 77
82994 77
83117 0
83288 77
83396 67
83443 0
83933 77
85274 0
85678 67
86146 0
86558 67
86642 0
87805 77
87858 67
88219 77
88892 0
89147 77
89342 0
89465 77
89622 77
89646 0
90098 77
90113 0
90945 77
91412 0
91895 77
92516 0
93063 67
93512 77
93760 0
93786 77
93819 0
94394 77
94444 0
94662 67
94935 77
96768 0
97218 77
97309 0
97412 77
97482 77
97873 67
98258 0
98368 67
98663 77
98781 67
98944 0
99424 77
890 events for 3
401 71
415 77
489 69
562 78
591 0
959 44
982 0
986 53
1185 0
1344 53
1452 76
1457 0
1764 44
1837 0
1953 77
2130 0
2223 44
2298 0
2311 53
2316 68
2366 0
2525 69
2539 0
2742 76
2763 0
2846 53
2851 0
2854 53
3031 0
3279 76
3451 0
3584 76
3642 0
3682 71
3762 0
3785 77
3851 0
3961 68
3971 0
4084 77
4212 0
4271 76
4508 0
4597 69
4720 0
4728 76
5105 0
5111 71
5207 68
5276 0
5358 76
5407 0
5515 69
5667 71
5675 0
5708 76
5765 53
5809 0
5814 78
6027 0
6229 53
6536 0
6573 71
6625 53
6778 0
6782 77
6875 78
7036 77
7081 0
7083 77
7125 0
7179 68
7261 0
7319 69
7766 78
7859 0
7904 76
7927 53
7967 44
8160 0
8646 68
8852 71
8887 0
9033 68
9448 0
9619 71
9695 69
9722 0
10236 76
10318 0
10427 71
10469 0
10559 77
10585 69
10807 0
10834 71
11059 0
11138 69
11268 0
11491 78
11506 0
11521 76
11578 44
11745 0
11937 44
12062 0
12147 76
12269 0
12297 68
12413 0
12444 53
12473 0
12595 71
12627 0
12661 44
12689 0
12833 71
12861 76
12875 77
12880 0
12980 68
13088 0
13110 44
13124 68
13174 0
13428 68
13439 0
13445 71
13798 68
13939 0
14336 71
14505 0
14568 77
14597 0
14646 53
14661 0
14692 68
14974 0
14984 53
15160 76
15445 0
15639 44
15785 68
15803 0
15892 78
15967 76
16026 0
16027 44
16242 69
16274 0
16300 71
16358 44
16417 0
16619 76
16974 0
17254 69
17391 71
17438 71
17557 76
17737 0
17783 68
17924 0
17977 77
18021 0
18031 78
18048 78
18066 0
18211 69
18226 0
18414 77
18555 78
18623 0
18770 71
18855 0
19430 78
19460 0
19559 68
19580 0
19645 76
19698 0
19815 71
19834 71
19905 0
20127 76
20273 69
20384 53
20439 68
20626 0
20774 78
20896 0
20920 76
21084 0
21185 44
21244 76
21389 0
21548 69
21645 78
21649 76
21710 0
22078 71
22092 0
22110 77
22461 0
22495 69
22685 0
22774 78
22916 53
23048 0
23052 68
23081 69
23286 0
23294 68
23532 0
23635 78
23732 77
23782 0
23898 68
24262 0
24554 69
24625 0
24671 53
24677 0
24755 44
24764 0
24808 69
25021 78
25210 44
25434 0
25497 77
25621 0
25663 69
26004 71
26048 0
26136 53
26187 0
26483 78
26521 78
26589 0
27237 68
27246 0
27436 68
27698 0
27763 76
27962 0
28015 78
28077 0
28131 69
28157 0
28214 76
28290 44
28346 53
28436 0
28524 77
28540 78
28799 0
28809 76
28936 69
29005 68
29080 69
29155 0
29162 68
29183 0
29211 69
29245 0
29466 68
29498 53
29799 0
30354 78
30515 44
30611 0
30706 76
30727 0
30853 71
30968 0
31511 71
31559 78
31630 76
31643 77
31649 71
31927 71
31961 53
31976 0
31992 68
32010 0
32054 71
32458 0
32789 53
32927 76
33119 0
33476 44
33524 0
33673 53
33750 0
33812 78
33954 0
33969 76
34037 68
34041 44
34243 0
34254 78
34383 44
34396 0
34779 69
34984 0
34994 77
35023 0
35169 77
35200 0
35257 77
35318 0
35449 44
35638 0
35722 53
35761 0
35884 78
36376 71
36409 0
36504 76
36706 53
37084 0
37295 78
37408 0
37679 77
37740 0
38045 78
38080 78
38222 0
38285 44
38312 44
38420 0
38453 53
38515 0
38690 68
38821 76
39047 0
39187 78
39198 0
39325 71
39384 0
39488 77
39661 0
39714 78
39744 0
39902 76
40435 0
40448 77
40494 0
40506 69
40621 76
40877 69
40929 0
41116 69
41193 0
41200 44
41306 0
41492 77
41673 53
41762 53
42284 0
42422 78
42439 53
42459 0
42478 69
42621 0
43134 53
43348 0
43429 76
43468 0
43771 68
43846 0
44197 44
44257 0
44356 68
44375 0
44473 44
44507 0
44597 69
44600 0
44706 71
44805 0
44916 77
44988 78
45860 0
45883 44
45952 0
46047 78
46273 77
46329 0
46684 68
46839 0
46992 77
47065 76
47122 0
47247 69
47630 0
47805 78
47914 0
47915 69
47995 78
48041 0
48057 76
48128 0
48221 71
48373 0
48387 77
48547 0
48919 77
48997 53
49031 0
49049 44
49070 0
49173 76
49327 0
49337 53
49348 78
49372 0
49477 44
49494 0
49510 77
49756 0
49840 78
49881 69
49961 0
49973 77
50061 0
50099 68
50467 0
50536 78
50581 0
50619 71
50753 0
50857 44
50921 0
51008 76
51062 0
51190 76
51204 44
51575 44
51580 0
51734 78
51758 0
51815 71
51857 0
52089 78
52110 0
52153 77
52186 44
52345 71
52659 0
52821 71
52881 53
52883 0
52900 77
52935 0
53112 71
53483 0
53641 77
53673 44
53684 0
53805 44
53827 77
53902 0
54087 69
54202 0
54284 53
54313 77
54330 0
54335 76
54341 0
54365 78
54374 0
54443 78
54448 0
54577 77
54797 76
54904 68
54978 0
55003 44
55165 53
55171 0
55174 44
55200 0
55201 77
55211 0
55222 68
55447 76
55533 0
55579 77
55688 0
55700 76
55715 0
55884 69
55974 0
56077 78
56409 0
56476 78
56614 69
56867 0
57397 78
57602 71
57668 0
57770 71
57811 69
57875 0
58189 68
58379 0
58584 78
58655 0
58812 78
58971 44
58987 71
59036 71
59106 0
59292 76
59357 0
59457 44
59585 44
59615 68
59703 77
60099 0
60147 44
60200 0
60204 71
60225 0
60454 78
60598 44
60732 77
60738 71
60750 44
60817 0
60908 71
60921 0
61039 76
61058 0
61062 44
61291 0
61302 68
61323 0
61418 78
61437 0
61482 71
61541 0
61615 53
61876 76
62046 0
62060 69
62088 68
62156 0
62172 78
62218 69
62288 0
62295 77
62386 0
62474 68
62492 0
62571 71
62647 0
62698 44
62915 0
63507 44
63577 0
63600 77
63617 0
63692 44
63842 0
64175 76
64341 0
64370 44
64592 0
64830 69
64839 53
64890 0
64911 78
64991 0
65277 78
65711 0
65824 68
65989 76
66007 71
66049 0
66070 77
66225 0
66314 77
66327 78
66423 53
66469 77
66580 0
66846 77
66998 0
67126 69
67330 0
67530 77
67556 53
67743 0
67783 68
67813 0
67892 53
68210 0
68264 71
68271 0
68474 53
68630 0
68639 44
68765 76
68925 68
69096 68
69180 0
69369 78
69460 0
69607 69
69622 0
69716 68
69721 0
69755 69
69784 0
69845 44
69875 0
69947 53
69953 44
70142 0
70287 53
70414 0
70632 44
70909 0
71038 44
71099 0
71146 71
71184 69
71307 0
71427 68
71574 0
71631 71
71657 76
71964 0
72167 77
72200 0
72323 71
72856 0
73013 44
73172 0
73250 71
73392 0
73438 76
73625 0
73665 53
73680 0
73716 69
73739 0
73817 76
73839 0
74101 68
74159 0
74242 76
74277 0
74292 77
74435 0
74507 76
74635 53
74736 0
74762 69
74771 0
74848 53
74870 0
74971 71
75116 0
75314 44
75351 0
75393 78
75404 0
75444 77
75637 0
75644 68
75682 76
75696 0
75772 44
75831 0
76405 76
76553 0
76726 77
76737 0
76767 71
76819 0
76854 76
77008 0
77188 78
77237 77
77577 0
77803 78
77994 0
78053 71
78160 0
78434 78
78522 0
78548 44
78549 71
78641 0
78657 78
78660 0
78734 53
78889 0
78959 78
78963 0
78986 78
79052 0
79078 44
79154 0
79175 53
79245 0
79296 44
79355 0
79363 77
79494 78
79500 0
79744 78
79781 0
79874 71
80007 0
80164 44
80169 68
80194 0
80600 69
80771 71
80820 68
80924 0
81263 78
81346 0
81514 78
81657 0
81670 53
81974 0
82216 68
82236 0
82564 53
82787 0
83037 76
83204 0
83355 53
83369 0
83452 44
83681 69
83691 0
83736 44
83738 0
84116 53
84175 0
84183 76
84274 0
84276 71
84335 0
84419 77
84501 71
84576 78
84750 0
84781 71
84891 71
84932 53
84984 0
85041 77
85268 0
85315 76
85375 0
85461 77
85497 0
85939 68
86035 0
86081 44
86100 69
86113 0
86122 44
86395 76
86418 0
86510 78
86679 0
86792 53
86817 77
86906 0
87018 68
87180 0
87209 77
87531 53
87573 0
87628 76
87712 0
87816 76
87919 0
88270 69
88347 77
88396 0
88816 53
88951 78
89118 0
89207 69
89364 0
89380 76
89437 0
89722 78
89830 0
90006 78
90039 71
90258 0
90401 53
90460 0
90625 77
90918 0
91045 68
91186 0
91264 68
91278 71
91305 71
91313 0
91326 53
91340 0
92021 71
92115 0
92282 78
92428 0
92527 68
92581 68
92622 0
92793 77
92876 0
92958 71
93042 0
93046 44
93197 0
93413 68
93542 0
93645 71
93920 69
93926 0
94064 71
94089 0
94169 44
94201 0
94472 69
94794 0
94916 53
94974 69
94980 0
95005 53
95046 0
95110 76
95122 0
95167 53
95208 0
95246 69
95298 78
95365 0
95415 53
95460 76
95511 68
95523 68
95546 0
95793 71
95879 0
95903 71
95904 44
95967 0
96026 78
96037 76
96422 0
96598 69
96688 53
96781 0
97025 76
97080 0
97099 53
97286 0
97500 71
97512 0
97515 78
97588 0
97606 76
97620 0
97654 53
97786 0
97930 77
98517 0
98570 78
98804 0
99049 71
99087 53
99191 77
99224 0
99490 71
99603 0
99607 69
99736 0
99859 68
99929 0
336 events for 4
277 53
299 0
468 70
508 0
1762 62
1787 0
1876 56
1932 0
2177 62
2752 0
3478 53
3531 0
3609 62
3665 0
4268 56
4620 0
4776 53
4993 70
5181 53
5496 56
5576 0
6153 56
6347 53
6354 0
6435 70
6709 0
7027 70
7127 0
7570 53
7743 70
7910 0
7967 56
8056 0
8230 56
8314 70
9167 62
9228 0
9402 53
9512 0
10208 53
10256 0
10595 53
10973 0
10988 56
11733 0
12364 70
12482 0
12923 62
13029 0
13901 53
14063 0
14144 70
14191 0
14321 56
14378 0
14774 56
15051 0
15303 62
16045 70
16576 0
16633 70
17083 70
17254 0
17365 56
17748 70
17861 0
17962 62
18354 0
19113 62
19430 0
19480 53
19692 0
19913 70
19994 70
20534 0
20543 53
21210 70
22305 53
22711 0
22827 56
22839 0
22914 53
22916 0
23549 53
24456 0
24819 62
25150 56
25711 56
26088 62
26623 70
26659 0
27122 70
27309 0
27332 62
27653 70
27923 0
28333 53
28423 0
28553 70
28781 53
29146 62
29195 0
29583 70
30205 0
30889 56
31103 53
31228 0
31287 53
31396 0
31518 70
31835 70
32128 0
32261 62
32498 0
32808 70
33169 0
34116 70
34226 70
34607 0
34721 56
35151 56
35330 0
35921 53
36676 0
37377 56
37587 53
37649 70
37788 0
38306 62
38587 0
38894 53
39266 0
39730 53
39765 56
39825 0
39931 56
41106 53
41437 0
41587 53
41607 0
41635 53
41658 0
42081 62
42287 0
42817 56
43501 56
43533 0
43966 53
44098 0
44099 56
44240 56
44645 0
45588 62
45713 0
45792 62
45808 0
45848 70
46669 62
46755 0
46987 53
47088 0
47107 53
47135 0
47484 62
47907 0
48063 70
48525 0
49350 62
49487 0
49998 70
50640 0
51104 53
51582 0
51819 53
51983 0
52519 56
52864 62
53035 0
53112 62
53178 0
53332 53
54088 53
54433 0
54543 70
55134 0
55374 70
55470 0
56190 56
56364 0
56729 56
57101 0
57110 53
57286 70
58456 0
58518 62
58990 62
59184 0
59555 53
59659 0
60285 62
60430 0
60827 53
61013 0
61069 62
61536 0
61537 70
61682 62
61696 0
61712 56
62436 53
63192 56
63556 62
63948 56
63988 0
64028 53
64100 0
64324 70
64580 0
64772 53
65033 0
65199 56
65356 0
65421 53
65452 62
65565 0
65584 70
65630 0
65692 53
66213 0
66532 53
66626 0
66753 53
67297 56
67620 56
67623 0
67700 53
68067 70
68421 0
68911 56
68930 70
69527 0
69625 70
69697 0
70207 56
70287 0
71149 53
71433 0
71616 56
71990 70
72079 70
72238 56
72379 70
73154 0
73435 53
73719 0
74226 53
74570 0
74801 62
74807 0
75426 70
75745 0
76435 70
76884 0
77650 62
77688 0
78238 62
78512 0
78854 70
79207 0
79547 53
79640 62
79675 0
79703 62
79869 0
80117 70
80282 0
80361 62
80644 62
80937 0
81000 62
81167 70
81354 0
81596 62
81886 53
81945 0
82257 53
82767 56
82820 0
83544 62
83560 0
83629 62
83797 0
84057 70
84066 0
84111 53
84300 0
84338 70
84669 0
84903 53
85185 0
85640 70
85776 53
87012 0
87018 62
87669 0
87728 56
88889 56
89033 0
89073 53
89139 0
89263 56
90874 0
91236 53
92217 0
93062 70
93321 0
93352 56
93917 56
93935 0
94535 70
95238 0
95388 70
95724 53
96457 62
96538 0
96729 70
97179 0
97448 70
97795 0
98140 70
98161 0
98623 62
98751 0
98805 62
99356 0
99398 70
379 events for 5
607 82
639 0
761 67
1444 82
1581 0
1898 77
2472 0
3110 72
3362 0
3670 81
4165 0
4430 81
4546 0
4960 72
5209 0
5250 82
5531 72
5662 0
5669 81
6368 0
6445 77
6835 0
6958 67
7041 0
7411 83
7989 0
8041 81
8194 0
8374 72
8687 72
8758 72
8862 0
8866 77
9988 0
10192 82
10318 0
10812 77
11047 0
11341 67
12102 0
12403 81
12957 67
13093 82
13488 0
13636 81
13644 0
13863 72
14296 0
14686 82
14712 0
15170 72
15456 0
15661 83
17431 0
17565 82
17723 0
17944 81
18640 0
19040 83
19182 0
19451 77
20208 0
20590 77
20818 0
20820 83
20953 0
21207 82
21317 67
21411 0
21419 72
21453 0
21787 72
21827 0
22336 72
22699 0
23199 72
23442 0
23530 67
23619 0
23934 72
23996 0
24127 81
24645 0
24681 83
24708 0
24713 72
24836 0
25607 67
25659 81
25739 0
26621 83
26905 81
26935 0
27074 67
27380 82
27408 0
27509 82
27825 0
27969 67
28136 0
28644 83
29596 0
29868 83
30045 72
30275 67
30323 0
31011 72
31019 77
31259 0
32482 82
32534 0
32792 77
32942 0
33105 82
33618 0
33669 72
33899 0
34243 67
34584 0
34942 72
35294 0
35481 81
35899 0
36213 81
36318 72
36547 0
36919 72
37379 72
37384 0
37847 72
38276 77
38818 67
38922 67
39188 0
39497 67
39533 0
39707 81
40079 0
40260 77
40589 0
40958 67
40966 0
41425 81
41501 0
41797 72
42113 0
42510 72
42635 81
42644 0
42711 83
43033 67
43159 0
43590 82
43617 0
44110 67
44276 0
44766 72
45002 0
45053 67
45214 0
45366 72
45577 0
45589 77
45618 72
45638 0
45773 72
46147 0
46317 81
46451 81
46734 77
46798 82
46951 72
47254 67
47301 0
47340 72
47361 0
47953 77
48417 0
48680 82
48733 0
48795 72
49374 0
49377 72
49849 0
50584 72
50728 67
50813 0
50949 67
50956 0
51209 67
51411 0
51497 72
51651 0
51956 82
52004 0
52653 83
52709 82
52858 0
54220 67
54253 81
54299 0
54587 83
54636 0
54776 83
55237 0
55753 67
56203 0
56752 77
56788 72
57632 0
57694 72
58176 0
58473 82
58867 0
58968 72
59316 0
59474 72
59557 0
59666 72
59668 0
59889 82
59909 67
60163 77
60202 83
60549 0
60678 82
61003 0
61042 81
61051 0
61197 67
61582 0
61679 81
61965 0
62197 72
62293 72
62362 0
62879 83
63017 0
63396 82
63556 0
63678 81
63713 0
63745 82
63765 0
63958 77
63991 0
64286 67
64341 77
64466 0
64491 83
64544 0
65593 72
65814 81
66186 0
66507 72
66624 0
66805 72
66814 0
66966 72
67247 82
67276 0
67959 82
68114 0
68203 72
68318 0
68409 72
68496 0
68682 72
69200 0
69699 77
69784 0
70107 67
70314 82
70344 0
70425 77
70558 0
71017 67
71138 0
71402 72
71416 72
71429 82
71820 83
72041 0
72257 82
72433 0
72496 67
73163 0
73765 67
73841 0
74310 81
74340 72
74465 0
74676 67
74726 0
74874 81
75376 0
75532 72
76130 0
76368 72
76709 0
76731 72
77445 0
77785 72
77883 0
77884 81
78182 0
78568 81
78640 0
78866 81
79243 0
79866 81
80082 0
80134 72
80528 72
82929 67
83057 0
83206 67
83233 0
83245 67
83616 83
83663 83
84171 67
84212 0
84477 83
84488 0
85077 81
85426 0
85459 81
85605 0
85674 67
86029 0
86263 67
87379 0
87415 72
87735 0
87891 83
88049 0
88573 82
88761 81
88840 67
88875 83
89072 72
89091 67
89132 0
89265 67
89382 0
89543 83
89654 0
89792 67
89816 0
90135 83
90274 0
90618 72
90697 0
90708 81
90857 77
90890 0
90891 72
91513 0
91551 72
92057 77
92082 0
92283 83
92339 82
92522 0
93060 77
93228 0
93288 72
93413 0
93468 83
93983 0
94054 82
94274 81
97013 72
97104 0
97237 82
97580 67
97952 0
98085 82
257 events for 6
846 69
1035 69
1054 0
1198 67
1366 0
1650 69
1749 69
1980 0
2087 69
2606 0
2702 67
3731 0
3810 67
3961 0
4391 67
4563 0
4624 69
5030 0
5357 69
5384 0
5432 67
5502 69
5570 67
5817 69
6028 67
6424 0
6573 67
6645 0
6841 69
6921 0
7916 67
8202 69
8738 69
9334 0
10027 67
10046 67
10682 0
11191 67
11510 67
12130 0
12133 69
12498 0
13685 67
13756 0
13936 67
13979 0
14024 67
15187 0
15329 69
15737 67
15761 0
16085 69
16530 0
16671 69
17766 0
17774 69
18305 0
18800 69
19194 0
20522 69
20899 0
21330 69
21369 0
21459 67
23678 0
23973 67
24172 67
24696 69
24778 0
24782 67
24883 0
24963 69
25033 69
25913 67
26648 0
26658 69
26696 0
27361 69
27537 0
27854 67
27896 0
27936 69
28027 0
28205 67
28589 69
30238 0
31064 67
31102 67
31249 0
31423 69
32075 0
32471 69
33222 67
34031 69
34034 0
34820 69
35421 0
35609 69
35729 0
35857 69
36056 0
36957 69
37540 0
38338 67
38607 0
39138 67
39355 69
39406 69
39751 0
40621 67
40825 0
40837 69
40864 0
42502 69
43292 0
43435 69
43585 0
44421 69
44499 0
44583 69
44759 69
44820 67
45036 0
45323 69
45495 69
46562 0
47020 67
48385 0
48411 69
49464 0
50642 67
50771 0
50826 69
51494 0
51805 67
52026 0
52055 69
52092 0
52446 67
52471 0
52650 69
54365 69
54424 0
54434 67
54570 69
55456 69
55512 67
55754 0
55962 69
56057 0
56108 69
56206 0
56558 69
56903 0
57485 69
58014 0
58196 69
58415 0
58617 69
59169 0
59332 69
59440 0
60231 67
60250 0
60344 69
60504 0
61207 69
61252 69
61420 0
61739 67
62193 0
62604 69
62621 0
62697 69
62824 0
64184 69
64344 0
64494 69
65278 0
65868 67
66435 69
67063 67
67123 0
67551 67
68135 67
68386 0
68943 69
69576 67
70125 0
70378 69
70394 0
70810 69
70886 0
70999 67
71036 0
71680 69
72243 67
73784 69
73938 0
74012 67
74249 0
74284 67
74710 0
74947 69
75149 0
75162 69
76356 0
77484 67
78369 0
78478 67
78961 0
79061 69
80204 0
80286 69
81160 69
81268 0
81425 67
81495 0
81501 69
81581 0
82007 67
82330 67
82561 69
82808 0
82982 67
83674 0
84111 67
84304 0
85099 69
85203 0
86291 69
86744 0
89408 69
89511 0
89729 67
90362 0
90534 67
90667 0
90922 67
90941 0
91333 67
91904 67
92154 67
92912 0
93252 67
93352 69
93576 69
93635 69
93952 0
94183 69
95155 0
95658 67
96169 67
97000 69
97664 0
98521 69
99282 69
805 events for 7
27 46
244 0
419 46
451 0
482 46
595 0
603 46
661 0
753 46
780 0
853 46
885 0
933 46
1042 0
1245 46
1407 0
1448 46
1531 46
1668 46
1693 0
1811 46
1854 0
1888 46
1963 46
2050 0
2073 46
2167 46
2381 0
2567 46
2721 0
2817 46
3035 0
3296 46
3303 0
3616 46
3620 0
3685 46
3811 0
3844 46
3849 0
3938 46
4277 46
4283 46
4401 0
4520 46
4600 46
4910 0
5012 46
5033 0
5187 46
5269 0
5279 46
5298 0
5412 46
5454 0
5475 46
5524 0
5639 46
5658 0
5730 46
5878 0
5952 46
6089 0
6694 46
6708 46
6862 0
6899 46
6900 0
7086 46
7365 46
7440 46
7499 0
8046 46
8092 0
8212 46
8257 46
8582 46
8678 46
8789 0
8941 46
9069 0
9081 46
9364 0
9524 46
9651 0
9671 46
9829 46
9859 46
10097 0
10102 46
10126 0
10387 46
10398 0
10575 46
10579 0
10676 46
10764 46
10839 0
10915 46
11135 0
11165 46
11186 0
11198 46
11220 46
11231 46
11308 0
11373 46
11499 46
11518 0
11882 46
12141 46
12265 0
12297 46
12469 46
12584 46
12661 0
12763 46
13076 0
13085 46
13721 0
13730 46
13918 0
14140 46
14389 0
14538 46
14669 0
14803 46
15014 46
15313 46
15406 0
15642 46
15666 46
15769 46
15826 46
16010 46
16136 0
16230 46
16488 0
16497 46
16528 0
16650 46
16785 0
16833 46
17027 0
17111 46
17240 0
17324 46
17441 0
17527 46
17626 0
18004 46
18206 0
18310 46
18339 0
18583 46
18622 0
18745 46
18783 0
18914 46
18953 46
19008 0
19224 46
19343 0
19529 46
19619 0
19620 46
20004 0
20411 46
20470 0
20477 46
20573 46
20645 46
20726 0
20802 46
20861 0
21041 46
21071 0
21076 46
21191 0
21198 46
21563 0
21618 46
22001 46
22034 46
22363 46
22442 0
22552 46
22594 46
22638 0
22784 46
22801 46
22820 0
22864 46
22969 46
23080 0
23447 46
23482 0
23492 46
23775 46
23807 0
23828 46
23896 0
23973 46
24022 0
24186 46
24273 0
24328 46
24389 0
24563 46
24637 46
24673 0
24720 46
24857 0
25027 46
25033 46
25155 46
25469 46
25562 0
25805 46
25918 0
26084 46
26223 0
26245 46
26652 46
26749 46
26862 0
26881 46
26891 0
27027 46
27380 46
27492 0
27668 46
27688 46
27824 46
27983 0
28121 46
28370 0
28562 46
28635 46
28692 0
28701 46
28765 46
29180 46
29289 0
29679 46
29780 0
29839 46
30013 0
30080 46
30141 0
30277 46
30585 0
30659 46
30979 0
30987 46
31200 0
31354 46
31464 46
31516 0
31742 46
31793 0
31972 46
31984 0
32127 46
32242 0
32271 46
32285 0
32559 46
32674 0
33066 46
33206 46
33350 46
33382 46
33385 0
33399 46
33465 46
33473 0
33546 46
33831 0
33874 46
34008 0
34016 46
34230 46
34286 0
34355 46
34454 46
34486 0
34489 46
34506 0
34667 46
34706 46
34850 0
35116 46
35459 0
35507 46
35671 46
35697 0
36058 46
36076 0
36148 46
36195 0
36321 46
36330 0
36453 46
36957 46
37204 0
37229 46
37358 46
37397 0
37546 46
37744 0
37813 46
37917 0
37935 46
37960 0
37994 46
38073 0
38159 46
38220 0
38295 46
38401 0
38405 46
38406 0
38932 46
39038 0
39131 46
39140 0
39221 46
39509 0
39514 46
39553 0
39760 46
39923 0
39955 46
39984 0
40020 46
40534 0
40618 46
40696 0
40731 46
40928 46
41079 0
41191 46
41204 0
41449 46
41695 46
41711 0
41786 46
41904 0
41936 46
41939 0
42119 46
42386 0
42460 46
42496 46
42624 0
42771 46
42785 0
42883 46
43078 0
43318 46
43403 0
43496 46
43632 0
43861 46
43975 46
44162 0
44434 46
44521 0
44546 46
44619 0
44966 46
45055 46
45076 0
45334 46
45356 0
45882 46
45903 0
45971 46
45976 0
46189 46
46231 46
46279 0
46364 46
46554 0
46648 46
46891 46
46902 0
46910 46
47182 46
47237 0
47260 46
47419 0
47664 46
47808 0
47840 46
48244 0
48354 46
48501 0
48575 46
48718 0
48732 46
48760 0
48818 46
48891 46
48893 0
49008 46
49346 0
49357 46
49575 0
49596 46
49717 0
49839 46
49957 0
50059 46
50070 0
50108 46
50282 0
50543 46
50691 46
50730 0
50841 46
50906 0
51106 46
51116 0
51126 46
51386 0
51403 46
51521 46
51699 0
51747 46
52002 0
52162 46
52181 0
52276 46
52548 0
52633 46
52816 46
52977 0
53206 46
53210 0
53252 46
53496 0
53498 46
53910 0
53999 46
54010 0
54029 46
54115 46
54369 0
54417 46
54538 0
54725 46
55347 0
55372 46
55479 46
55517 46
55532 0
55535 46
55793 0
55891 46
56272 46
56297 0
56324 46
56435 0
56554 46
56998 0
57213 46
57216 0
57443 46
57598 0
58077 46
58369 0
58392 46
58415 0
58473 46
58500 46
58524 0
58627 46
58777 0
59325 46
59329 46
59333 46
59338 0
59593 46
59603 46
59758 0
59783 46
59940 0
60371 46
60401 46
60447 46
60496 0
60544 46
60582 46
60612 46
60622 0
60846 46
60890 0
61059 46
61197 0
61234 46
61236 0
61247 46
61281 0
61322 46
61430 0
61496 46
61503 0
61526 46
61619 0
61902 46
62007 0
62229 46
62431 0
62491 46
62502 0
62551 46
63087 0
63138 46
63174 0
63179 46
63208 46
63229 0
63245 46
63365 46
63379 0
63420 46
63641 46
63678 46
63871 0
63888 46
63909 0
64176 46
64318 0
64384 46
64487 46
64532 46
64702 46
64837 0
64869 46
64954 0
65080 46
65250 0
65436 46
65454 0
65861 46
65970 0
66085 46
66287 0
66580 46
66627 0
66867 46
67066 46
67136 0
67250 46
67259 0
67386 46
67405 46
67485 46
67600 0
67760 46
67927 0
67990 46
68078 0
68121 46
68177 46
68476 0
68494 46
68543 0
69039 46
69149 0
69330 46
69578 0
69586 46
69709 0
70051 46
70359 0
70380 46
70514 46
70525 0
70654 46
70679 0
70702 46
70707 0
70895 46
70972 0
71095 46
71329 0
71336 46
71486 0
71651 46
72143 0
72459 46
72564 0
72578 46
72774 46
72993 0
73107 46
73200 0
73467 46
73535 46
73598 0
73659 46
73700 0
74155 46
74222 46
74262 0
74420 46
74703 46
74766 0
74799 46
74826 46
74917 0
75034 46
75340 46
75435 46
75576 46
75825 0
75861 46
76009 46
76086 0
76129 46
76161 46
76684 0
76718 46
76840 46
76973 0
77140 46
77153 46
77234 0
77523 46
77543 0
77555 46
77567 46
77700 0
77761 46
78026 0
78119 46
78241 0
78475 46
78485 46
78591 0
78620 46
78839 0
78967 46
79028 0
79227 46
79252 0
79380 46
79459 0
79724 46
79778 0
79827 46
79909 0
80072 46
80088 46
80094 0
80095 46
80265 0
80363 46
80451 0
80673 46
80745 46
80864 0
80948 46
81359 0
81376 46
81828 46
81860 46
82080 0
82083 46
82272 0
82584 46
82893 0
83328 46
83356 46
83470 0
83645 46
83740 0
83753 46
84019 46
84088 46
84310 0
84362 46
84372 0
84516 46
84517 0
84545 46
84621 0
84629 46
84640 46
84831 0
85090 46
85201 0
85445 46
85725 46
85791 0
85869 46
86015 0
86021 46
86081 0
86134 46
86183 0
86392 46
86399 0
86584 46
86661 0
86743 46
86776 0
86848 46
86950 0
86956 46
87057 0
87068 46
87274 46
87335 46
87733 46
88048 0
88084 46
88144 0
88331 46
88559 46
88615 0
88665 46
88699 0
89108 46
89239 0
89333 46
89409 0
89431 46
89518 0
89637 46
89687 46
89714 0
89882 46
89891 46
90399 46
90600 0
90832 46
90850 0
90927 46
91174 46
91286 46
91504 0
91544 46
91609 0
91862 46
91870 0
91872 46
92277 46
92300 46
92587 0
92590 46
92880 0
92901 46
92952 0
93200 46
93273 0
93297 46
93310 46
93345 0
93486 46
93510 0
93647 46
93860 46
93920 46
93925 0
94020 46
94145 46
94171 0
94643 46
94938 46
95080 0
95120 46
95303 46
95476 0
95483 46
95536 46
95910 0
95986 46
96080 46
96445 0
96687 46
96832 0
96846 46
97971 0
98176 46
98240 0
98290 46
98813 46
98932 0
98980 46
99009 0
99021 46
99057 0
99186 46
99392 0
99627 46
99673 0
99765 46
99886 46
99912 0
99984 46
99999 0
