8 buffers
63374 10971
278304 35460
236390 31392
76326 642
301982 55213
37270 5898
83739 16453
143814 20392
60 downlinks
0 250 1667 295
1 1917 3334 278
2 3584 5001 242
3 5251 6668 222
4 6918 8335 289
5 8585 10002 298
6 10252 11669 269
7 11919 13336 218
8 13586 15003 245
9 15253 16670 292
10 16920 18337 285
11 18587 20004 306
12 20254 21671 241
13 21921 23338 221
14 23588 25005 287
15 25255 26672 219
16 26922 28339 235
17 28589 30006 253
18 30256 31673 301
19 31923 33340 229
20 33590 35007 254
21 35257 36674 309
22 36924 38341 230
23 38591 40008 228
24 40258 41675 288
25 41925 43342 294
26 43592 45009 247
27 45259 46676 251
28 46926 48343 293
29 48593 50010 289
30 50260 51677 210
31 51927 53344 291
32 53594 55011 243
33 55261 56678 272
34 56928 58345 266
35 58595 60012 280
36 60262 61679 246
37 61929 63346 235
38 63596 65013 259
39 65263 66680 293
40 66930 68347 214
41 68597 70014 281
42 70264 71681 230
43 71931 73348 223
44 73598 75015 229
45 75265 76682 267
46 76932 78349 230
47 78599 80016 246
48 80266 81683 244
49 81933 83350 239
50 83600 85017 274
51 85267 86684 294
52 86934 88351 227
53 88601 90018 236
54 90268 91685 281
55 91935 93352 247
56 93602 95019 213
57 95269 96686 214
58 96936 98353 215
59 98603 100020 218
734 events for 0
88 44
115 0
150 16
227 0
446 31
676 31
800 0
1017 16
1391 0
1455 29
1459 29
1507 0
2074 20
2141 0
2228 21
2340 48
2598 0
2677 44
2814 20
2837 0
3001 36
3006 0
3207 20
3288 0
3291 20
3471 31
3793 0
3849 21
3870 21
4063 0
4658 21
4747 0
5388 16
5436 44
5590 31
5675 0
5862 29
5882 0
6110 26
6432 0
6444 21
6508 0
6763 36
6837 0
6913 44
7107 0
7127 36
7186 48
7194 0
7713 21
7837 0
8103 44
8274 0
8442 48
8597 16
8736 0
8993 48
9186 0
9272 31
9322 0
9462 36
9644 48
9806 0
9872 29
9885 0
10011 21
10286 26
10315 0
10317 16
10346 0
10352 21
10569 16
10729 0
10797 36
10952 0
11043 26
11217 16
11549 36
11748 0
11886 21
12056 26
12134 0
12191 16
12364 0
12602 16
12754 0
12760 44
12833 44
13188 0
13256 16
13401 0
13573 29
13604 31
13646 44
13936 36
14115 0
14193 31
14449 0
14626 48
14659 0
14923 20
15132 16
15280 0
15820 31
15846 29
16007 0
16084 26
16096 0
16130 48
16248 0
16313 20
16481 44
16838 20
16942 0
16955 20
17086 0
17413 36
17488 21
17508 29
17565 0
18021 16
18222 0
18377 21
18650 31
18749 0
18772 21
19046 31
19061 0
19277 36
19392 0
19735 36
19826 0
19935 16
20038 44
20330 0
20398 16
20528 0
20529 20
20766 0
21004 26
21075 0
21808 21
21872 20
21988 0
22101 20
22133 0
22572 29
22815 16
23029 0
23169 20
23266 0
23345 44
23458 29
23568 0
23713 48
23976 0
24204 26
24382 0
24980 16
25209 0
25212 21
25541 21
25710 26
26108 31
26178 36
26666 26
26671 21
26709 0
26792 21
26880 0
27174 29
27186 21
27418 0
28383 21
28660 0
28832 48
28879 0
28911 20
28977 0
29119 44
29153 0
29167 20
30354 0
30468 21
30526 0
30584 21
30606 0
30672 48
30708 29
30943 0
30979 31
31274 0
31489 16
31494 44
31498 0
31616 48
31703 0
31718 44
31849 0
31860 20
31885 0
31942 48
32112 0
32268 31
32273 48
32319 0
32352 21
32920 0
33266 48
33540 0
33587 16
34073 0
34122 16
34596 0
34800 26
34999 48
35088 48
35090 29
35207 0
35226 20
35474 16
35490 36
35550 0
35702 20
35759 0
35810 26
35905 0
36014 44
36060 20
36146 48
36266 0
36462 31
36518 0
36647 29
36756 21
37199 48
37205 0
37326 20
37374 0
37495 20
37576 0
37688 20
37714 48
37810 0
37812 20
37820 16
38030 20
38120 29
38181 29
38206 0
38265 29
38309 0
38381 16
38393 0
38552 16
38581 31
38809 0
38976 36
39003 0
39027 44
39046 0
39252 29
39317 0
39410 16
39720 0
40101 31
40641 0
40756 20
40809 0
40825 16
40842 20
40961 0
41050 44
41081 48
41551 0
41552 21
41564 0
41604 44
41625 0
41671 44
41764 0
41873 31
41878 0
41882 21
41906 26
41925 16
42020 0
42154 20
42320 0
42615 31
42948 0
43054 36
43057 0
43262 20
43356 0
43367 26
43487 0
43800 16
44224 0
44275 26
44447 0
44560 44
44745 0
45111 16
45116 0
45454 20
45512 0
45517 16
45553 0
45760 16
45774 29
45811 0
45870 44
45896 0
45921 26
45985 0
46000 48
46066 44
46177 0
46336 36
46454 0
46611 48
46853 0
47202 16
48044 0
48056 26
48146 16
48192 44
48221 0
48258 21
48470 26
48545 0
48847 36
48898 0
48963 16
49087 0
49196 44
49247 20
49332 31
49443 0
49451 48
49540 48
49681 26
49783 0
50089 44
50129 0
50146 29
50296 0
50731 21
50742 29
51044 29
51198 0
51301 16
51544 0
51559 31
51654 0
51729 21
51975 0
52007 21
52103 36
52147 36
52165 0
52172 20
52274 0
52331 16
52361 20
52548 0
52724 21
52940 0
53137 21
53182 0
53253 29
53278 21
53440 0
53530 48
53586 0
53779 31
53810 0
53863 48
53915 29
53924 0
54002 31
54066 31
54069 0
54192 31
54227 0
54273 16
54443 0
54627 44
54629 0
54679 36
55152 0
55187 21
55502 0
55517 29
55677 26
55759 0
55800 26
55863 26
55981 0
55992 44
56067 0
56538 20
56562 29
56585 0
56681 44
56718 0
56822 26
56873 0
57154 26
57355 26
57378 0
57537 48
57606 0
57640 36
57938 16
57981 0
58083 44
58176 20
58377 16
58499 0
58512 48
59000 0
59026 29
59121 0
59183 36
59375 36
59661 0
59765 36
59808 31
60185 0
60393 21
60413 0
60620 29
60769 0
60870 31
61011 0
61701 26
61940 0
61952 16
61990 0
62071 21
62191 31
62213 0
62318 26
62413 0
62521 20
62590 0
62729 20
62787 36
64222 44
64255 0
64614 20
65219 36
65406 0
65460 29
65487 0
65763 31
65928 0
65939 16
65969 20
66446 0
66518 21
66742 0
66770 36
66830 0
66931 31
67031 0
67117 21
67164 0
67192 21
67403 31
67668 0
67671 48
67709 0
68132 36
68198 16
68510 29
68643 44
68816 0
68993 20
69325 26
69408 0
69541 21
69562 0
69835 16
69858 36
70066 0
70152 36
70241 36
70288 48
70553 20
70602 0
70755 31
70781 0
70788 26
70918 16
70962 0
71073 48
71298 0
71338 26
71413 44
71506 31
71561 0
71648 36
71787 0
71797 20
71800 29
72135 29
72181 0
72279 20
72296 0
72461 48
72470 0
72586 48
72715 0
72908 21
73193 21
73260 0
73269 21
73484 0
73847 36
74417 0
74441 44
74553 0
74571 36
74619 0
74684 36
75156 26
75193 0
75446 48
75466 36
75533 0
75616 31
75648 0
75736 21
75803 0
76054 21
76139 20
76151 44
76182 0
76591 21
76964 0
77124 26
77129 48
77160 21
77283 0
77349 48
77491 0
77659 48
77809 48
77816 0
78097 16
78113 44
78204 29
78473 0
78555 26
78653 0
78660 44
78709 48
78827 0
78895 31
78917 44
78980 0
79124 36
79292 16
79339 0
79484 16
79597 21
79693 20
79833 0
79975 21
80085 0
80315 36
80606 0
80681 16
80706 48
80777 0
80808 48
81030 0
81052 16
81072 0
81084 29
81181 0
81324 36
81779 0
81858 29
81905 16
81964 0
81972 26
81986 0
82013 44
82051 21
82115 0
82251 36
82342 0
82428 26
82574 44
82828 29
82971 0
83139 29
83247 0
83459 26
83595 36
83731 20
83914 0
84180 36
84282 0
84290 44
84398 0
84469 44
84673 0
84771 36
85005 0
85029 20
85039 0
85061 36
85189 31
85252 0
85254 16
85289 44
85341 0
85535 26
85743 0
86013 20
86228 0
86537 29
86979 0
87200 21
87213 48
87382 0
87482 36
87503 36
87657 0
87715 44
87811 0
87931 20
88019 0
88021 36
88109 0
88257 31
88332 0
88497 26
88649 0
88671 36
88679 21
88824 29
88841 0
88851 44
89310 0
89557 48
89663 21
89710 36
89813 0
89873 16
90002 0
90067 31
90142 0
90151 48
90528 0
90545 44
90599 0
90693 21
90798 0
90980 31
91152 0
91181 26
91298 0
91325 16
91447 0
91513 36
91522 20
91610 0
91808 44
91852 0
92030 31
92114 48
92174 0
92218 16
92365 0
92809 20
92904 0
92999 36
93062 44
93397 0
93410 31
93448 44
93455 31
93698 20
93824 0
93906 26
93957 0
94081 36
94193 36
94430 0
94520 36
94571 0
94885 20
95069 0
95190 29
95387 0
95654 31
95886 0
95901 20
95908 44
95977 48
95992 0
96150 21
96205 44
96295 0
96334 31
96437 0
97163 26
97332 0
97432 48
97485 16
97596 0
97617 16
97721 0
97868 48
97890 0
98041 36
98089 16
98396 31
98437 0
98480 20
98507 26
98590 29
98880 0
99045 44
99107 0
99417 26
99461 0
99489 20
328 events for 1
100 68
512 50
730 0
1093 78
1408 0
1776 78
2021 0
2804 81
2832 50
2977 81
3055 70
3167 0
3331 70
3383 68
3964 67
4179 0
4273 70
4882 0
5160 81
5414 68
6926 0
7350 81
8196 50
8646 0
8998 78
9784 0
9801 67
9819 0
9841 78
10028 0
10127 70
10241 0
10397 67
10798 0
10837 50
10869 0
11249 68
12342 0
13387 70
13909 81
14185 0
14549 50
14576 50
15439 0
15746 67
15899 0
16743 70
17128 0
17337 67
17373 0
17933 68
18539 0
18731 50
19005 78
19393 0
19851 70
19864 81
19940 81
20150 0
20351 78
20386 70
20638 0
20882 78
21115 67
21351 0
21758 68
21908 0
22396 78
22630 0
22657 50
23283 0
23344 68
23420 0
23712 81
23941 0
23961 67
24004 0
24428 50
24487 0
24517 70
25144 0
25195 70
25259 0
25322 68
26609 0
26944 67
27027 81
27468 0
27511 78
27900 0
28351 67
28596 0
28637 50
28939 0
29002 50
29449 0
29480 50
30212 0
30575 67
30700 70
30957 67
31009 0
31659 70
31803 0
31819 68
32874 0
33676 68
34866 0
35295 78
35937 0
36109 67
36155 0
36167 67
36182 0
36379 67
36893 0
37177 50
37977 70
38108 0
38134 81
38373 0
38384 50
38439 67
38649 0
38653 81
38670 0
38733 81
38863 0
39452 81
39832 0
40124 67
40159 0
40269 81
40314 67
40676 0
41219 70
41235 0
41582 70
42300 0
42702 67
42922 67
42949 0
43307 50
43363 78
43684 78
44315 78
44661 81
44772 50
45106 0
45235 68
45411 0
45432 68
45693 67
46273 81
46419 0
46494 50
47110 0
47212 78
47216 0
48208 67
48282 0
49038 78
49221 0
49388 81
49471 0
49515 70
49608 0
50050 68
50295 50
50537 0
50721 50
51161 50
51567 81
52872 70
53134 0
53286 50
53439 0
54191 78
55105 78
55651 0
55839 78
56311 0
56396 78
56530 0
56915 78
57089 50
57158 0
57355 81
57519 0
57613 81
58416 70
58445 50
58884 0
59303 50
59329 81
59353 0
59548 81
59834 78
60357 0
61315 78
61884 0
62679 68
63248 78
63504 67
64127 67
64550 0
64591 67
64830 0
64868 81
65217 70
65520 0
65929 70
66193 67
66692 0
67035 81
67215 0
67784 68
67944 81
68278 0
69295 68
69763 0
69978 67
70154 0
70481 70
70665 68
71003 0
71022 70
71526 0
71546 68
71632 0
71969 81
72005 0
72607 70
72720 78
72804 70
73020 0
73095 70
73846 81
74205 0
74356 70
74942 0
74992 81
75761 0
75879 67
75934 0
75964 50
76017 0
76563 78
76715 68
76725 0
76742 81
77153 0
77624 70
78053 0
78246 81
79303 0
79535 67
79575 0
79590 78
79862 0
79877 78
80060 0
80581 78
80974 68
81369 78
81500 0
81834 81
82085 0
82631 78
83192 0
83560 81
84015 68
84057 0
84454 68
84480 0
84875 78
85126 0
85152 50
85357 0
85550 70
85778 67
86049 0
86201 68
86636 0
87008 70
87114 0
87568 67
87811 0
87980 50
88076 81
88264 0
88452 78
88988 0
89005 67
89374 70
90943 0
90956 50
90977 0
91099 70
92014 0
92327 70
92655 0
92672 68
93500 68
93502 0
94565 70
94741 0
94896 67
95047 0
95130 68
95289 0
95301 70
95463 0
95535 67
95694 0
96102 67
97137 0
97314 68
97913 0
98383 70
98465 0
98475 81
98571 0
99230 68
99253 0
99379 50
99461 0
99588 67
496 events for 2
166 68
169 0
347 68
438 68
451 0
737 68
887 0
1241 69
1285 0
1511 68
1639 0
1768 68
2176 0
2396 71
2417 0
2656 68
2720 0
2765 68
3167 69
3349 0
3409 68
3599 0
3688 68
3721 0
3820 71
3834 0
3921 71
4041 0
4293 69
4383 0
4560 71
4789 0
5040 68
5182 0
5502 68
5512 69
5525 0
5814 68
6135 0
6160 68
6618 0
6647 71
7222 0
7485 69
7533 0
7585 71
7644 68
7666 0
7777 68
7797 0
8609 69
8631 0
8661 69
9069 68
9184 0
10072 69
10096 0
10137 68
10356 68
10526 0
10585 68
10623 0
10993 71
11337 71
11731 0
11805 68
12162 0
12273 68
12350 0
12404 68
12529 69
12553 69
12630 68
12635 0
12639 71
12915 0
13109 68
13148 0
13169 71
13353 0
13534 71
14057 68
14177 0
14247 69
14301 0
14487 68
14752 0
14859 69
14958 71
15028 0
15435 69
15596 0
15671 69
15721 0
15905 68
15918 0
16276 68
16340 0
16468 68
16485 0
16518 68
16589 68
16778 0
17459 69
17584 68
17653 0
17733 68
18388 0
18550 68
18578 0
18815 68
18946 68
19387 0
19401 68
19590 0
19685 68
19898 0
20009 71
20314 0
21415 68
21727 0
21827 68
21868 0
21910 68
22440 69
22514 0
22655 68
22663 0
22665 68
22691 0
23293 71
23327 0
23527 69
23534 0
23609 68
23745 68
24067 0
24087 69
24152 68
24203 0
24245 71
24331 0
24466 68
24722 0
25115 68
25241 0
25266 68
25270 0
25623 68
25723 68
25731 0
25800 68
25812 0
26152 71
26380 0
26756 71
27189 0
27376 68
27717 0
27892 71
27975 68
28341 0
28713 68
28735 0
29217 68
29261 69
29646 69
30088 71
30126 0
30369 69
30433 0
30440 68
30664 0
30674 68
30755 0
31343 71
31407 69
31437 68
31651 71
31953 0
32047 71
32511 0
32773 68
32991 68
33289 69
33667 0
34337 71
35432 68
35766 0
35842 68
35928 0
36335 68
36494 0
36522 68
36557 0
36584 69
36804 68
37248 0
37294 69
37394 0
37486 69
37496 0
37666 68
37715 68
38242 0
38435 68
38739 69
39088 0
39142 68
39422 68
39711 0
39767 68
39989 0
40098 68
40162 0
40329 69
40618 0
40857 69
41135 0
41165 68
41203 0
41251 68
41565 0
41599 68
41833 0
41980 69
42239 0
42329 69
42345 68
42894 68
43419 69
43599 0
43742 68
43789 0
44031 71
44122 0
44505 68
44637 0
44848 69
45286 71
45513 0
45518 68
45662 0
45723 69
46003 71
46061 68
46111 0
46300 71
46421 0
46692 68
46854 0
47371 69
48014 0
48067 69
48186 69
48711 0
48772 68
48929 0
49214 69
49336 68
49418 0
49486 68
49669 0
49911 71
49955 0
50444 68
50839 0
50987 68
51046 0
51450 68
51694 0
51801 68
51982 0
52002 68
52504 68
52744 0
52834 71
53130 0
53143 71
53572 0
53598 69
53663 0
54253 69
54418 0
54485 71
54494 0
54509 68
54719 68
54735 0
56412 68
56801 0
57361 68
57757 68
58000 0
58016 68
59005 0
59377 68
59768 0
60370 68
60386 0
60490 71
60786 0
60821 68
61009 0
61206 68
61841 68
61868 69
61950 71
62099 0
62348 71
62364 68
62622 0
62753 69
62989 0
63021 68
63192 0
63911 68
64267 68
64713 0
64929 68
65335 0
65501 68
65597 0
65936 69
66613 0
66803 69
66956 69
66960 0
67068 68
67127 0
67374 71
67535 0
67578 68
67866 0
67882 68
68024 68
68030 71
68069 0
68206 68
68222 0
68704 68
68706 0
68912 71
69681 0
69821 68
69909 0
70139 71
70282 68
70454 0
70752 68
70960 0
71197 68
71436 0
71814 71
71894 0
72238 68
72299 0
72427 71
72712 68
72739 0
72832 68
72900 0
72901 68
73159 0
73181 69
73186 71
73457 0
73945 68
73946 0
74153 68
74222 0
74379 68
74877 0
74953 69
75360 0
75431 68
75863 0
76277 68
76910 0
77080 68
77120 71
77262 0
77302 68
77535 71
77591 69
77651 0
77792 68
78391 0
78929 68
79026 0
79129 69
79455 68
79713 0
79742 68
79987 0
80102 68
80390 0
80455 69
80458 0
80787 68
80874 0
80955 68
81141 0
81161 69
81364 68
81957 0
82040 69
82070 0
82252 68
82531 0
82566 69
82699 0
83425 68
83537 68
83740 0
83818 68
84236 71
84270 69
84295 0
84512 71
84626 0
84708 68
84889 68
85019 0
85056 68
85246 68
85525 0
85688 69
85709 0
85881 68
85960 0
86208 68
86950 0
87312 68
87455 0
88512 69
88734 0
88852 71
88926 0
89408 68
89432 69
89554 0
89854 68
89974 0
90113 71
90409 68
90466 0
90534 69
90571 68
91135 69
91499 0
91519 68
91585 68
91992 0
92105 71
92208 0
92264 68
92313 69
92358 0
92837 68
93652 0
93655 68
93895 0
94104 69
94131 0
94181 71
94185 0
94398 68
94579 0
94618 68
94772 0
94985 71
95014 0
95347 71
95361 0
95650 68
95769 0
95845 68
95874 0
96338 69
97640 0
97836 68
97958 68
97967 0
98169 68
98216 0
98246 68
98257 0
98405 71
98564 68
98818 0
98876 68
98964 0
99043 68
99590 68
99771 0
598 events for 3
79 24
661 0
684 24
805 0
976 24
1063 0
1079 24
1256 0
1560 24
1981 24
2027 0
2069 24
2137 0
2192 24
2193 24
2377 24
2506 0
2752 24
2804 0
3008 24
3085 0
3229 24
3280 0
3359 24
3557 24
3707 0
3921 24
3986 24
4084 0
4262 24
4288 0
4760 24
4918 24
5189 0
5527 24
5607 0
5632 24
6211 24
6519 0
6718 24
6750 0
6752 24
7238 0
7386 24
7464 0
7530 24
7609 24
7613 0
7746 24
7751 0
8093 24
8102 0
8322 24
8359 0
8457 24
8577 24
8626 0
9126 24
9330 0
9395 24
9653 0
10035 24
10332 24
10397 0
10504 24
10665 24
10712 24
12138 0
12229 24
12314 24
12336 24
12365 24
12657 0
12784 24
12896 0
12998 24
13592 0
13837 24
14251 0
14351 24
14386 24
14472 24
14814 24
15032 24
15164 0
15386 24
15571 0
15693 24
15805 0
16004 24
16069 0
16101 24
16189 24
16286 24
16764 0
17250 24
17480 0
17987 24
18058 0
18187 24
18339 24
18529 24
18630 0
18791 24
19122 0
19336 24
19463 0
19744 24
20073 0
20136 24
20484 0
20544 24
20611 24
20617 0
20832 24
20906 0
21074 24
21090 0
21365 24
21375 0
21603 24
21847 0
22297 24
22535 0
22768 24
22796 24
22843 0
22923 24
23051 24
23268 0
23496 24
23580 0
23630 24
23764 24
23975 0
24001 24
24037 0
24406 24
24417 0
24420 24
24457 0
25017 24
25058 0
25453 24
25624 0
25857 24
25960 0
26016 24
26443 0
26941 24
26957 0
26999 24
27449 0
27548 24
27757 0
27782 24
28167 0
28249 24
28426 0
28523 24
29008 0
29158 24
29987 0
30391 24
30518 24
30700 0
31114 24
31116 24
31130 24
31222 0
31358 24
31552 24
31653 24
31828 24
32028 0
32079 24
32229 0
32369 24
32379 24
32409 24
32446 0
32712 24
32718 24
33186 0
33187 24
33512 0
33858 24
33901 0
33960 24
34054 0
34260 24
34460 0
34478 24
34972 0
35448 24
35458 0
35574 24
35804 0
35882 24
36078 0
36370 24
36425 0
36486 24
36492 24
36494 0
36629 24
37198 0
37221 24
37230 24
37375 0
37508 24
37581 0
37719 24
37833 0
37893 24
38015 0
38074 24
38489 24
38719 0
38747 24
39266 0
39340 24
39346 0
39401 24
39450 0
39822 24
40115 0
40156 24
40359 0
40419 24
40424 0
40425 24
40508 24
40623 24
40784 0
40861 24
40979 24
41145 0
41785 24
42174 24
42697 0
43003 24
43260 0
44021 24
44049 0
44056 24
44266 0
44365 24
44390 0
44517 24
44632 0
44932 24
45216 0
45617 24
45630 0
46039 24
46199 0
46764 24
47064 0
47373 24
47707 24
47915 24
48018 0
48288 24
48490 0
48501 24
48516 24
48555 24
48582 0
48810 24
48884 0
49091 24
49475 24
49663 0
49716 24
49718 0
49789 24
49806 0
50021 24
50379 0
50462 24
50484 0
50697 24
50734 24
50921 24
51057 24
51160 0
51382 24
51929 0
52056 24
52222 0
52366 24
52469 0
52533 24
52601 0
52718 24
52722 0
52742 24
52764 0
52776 24
52784 0
52866 24
53397 0
53741 24
53789 0
54160 24
54324 0
54606 24
54969 0
55179 24
55938 24
55966 0
56218 24
56435 0
56449 24
56491 0
56712 24
56747 0
56814 24
56851 24
57304 0
57477 24
57699 0
57976 24
58196 0
58437 24
58600 0
58697 24
58797 0
58918 24
58984 24
59070 0
59163 24
59659 24
60176 24
60198 0
60269 24
60350 24
60534 0
60752 24
60768 0
60855 24
60860 0
60925 24
61023 24
61187 0
61254 24
61738 0
61745 24
61802 0
61966 24
62023 0
62028 24
62099 0
62158 24
62265 0
62270 24
62386 24
62544 24
62588 0
62675 24
62806 0
63280 24
63696 0
63752 24
63828 0
64059 24
64265 24
64468 0
64657 24
64773 24
64794 0
64833 24
64923 0
65177 24
65247 0
65348 24
65431 24
65484 0
65566 24
65799 0
66137 24
66153 0
66157 24
66646 24
66838 24
67230 24
67368 0
67641 24
67718 24
67827 0
68191 24
68411 0
68493 24
68523 0
68728 24
68785 0
68846 24
68907 24
68922 0
68958 24
69733 0
69902 24
69945 0
70095 24
70133 24
70134 0
70179 24
70349 24
70450 0
70549 24
70579 0
70650 24
70956 0
71145 24
71179 0
71599 24
71937 0
71956 24
71959 24
71995 0
72002 24
72008 0
72139 24
72535 0
72639 24
72733 0
72965 24
73017 0
73075 24
73196 0
73457 24
73616 0
73840 24
73873 0
74050 24
74121 0
74411 24
74926 0
74989 24
75058 0
75675 24
76026 0
76481 24
76508 0
76654 24
76969 0
77172 24
77303 0
77316 24
77494 0
77708 24
78033 0
78637 24
78809 24
78990 24
79022 0
79041 24
79046 24
79066 24
79105 0
79150 24
79601 0
79819 24
79937 24
80061 0
80166 24
80375 0
80514 24
80809 24
80814 0
80843 24
80966 0
81028 24
81340 24
81421 0
81434 24
81460 0
81609 24
81661 24
81707 0
81886 24
81897 24
82117 0
82223 24
82863 24
83009 0
83385 24
83667 24
83684 0
83709 24
84001 0
84438 24
84469 0
84525 24
84555 0
84613 24
84891 0
85016 24
85110 0
85118 24
85432 24
85549 24
85890 0
86081 24
86235 24
86261 0
86394 24
86432 24
86435 0
86737 24
86949 0
87037 24
87696 24
87728 24
87761 24
87908 0
87976 24
88135 24
88208 0
88511 24
88533 24
88540 24
88605 0
88662 24
88681 0
88780 24
88834 0
89004 24
89017 0
89018 24
89249 0
89259 24
89422 0
89527 24
89816 24
90059 0
90512 24
90581 24
90743 24
90744 0
90902 24
91271 24
91729 24
91944 0
92060 24
92297 0
92337 24
92583 0
92628 24
92906 0
93240 24
93491 0
93728 24
93813 24
93867 24
94080 24
94097 0
94279 24
94419 0
94464 24
94470 0
94514 24
94651 24
94716 0
94784 24
94871 0
95071 24
95103 0
95199 24
95328 0
95514 24
95647 24
95680 0
95828 24
96090 0
96229 24
96237 0
96255 24
96397 0
96477 24
96734 0
96759 24
96901 24
97093 0
97324 24
97584 24
97909 0
98018 24
98076 24
98486 24
98737 0
98808 24
98879 24
99058 0
99202 24
99419 0
99959 24
901 events for 4
241 94
351 0
444 94
471 0
527 94
768 94
866 0
888 94
988 0
1236 78
1290 0
1361 94
1363 0
1554 78
1557 0
1596 94
1728 0
1775 94
1885 78
1960 78
1961 0
1972 94
2101 0
2195 94
2244 0
2269 94
2356 0
2521 94
2637 0
2676 78
2706 0
2737 94
2785 0
2798 78
2829 0
2837 94
2853 0
3086 94
3382 0
3467 78
3484 78
3536 0
3700 78
3731 0
3948 94
4020 0
4068 78
4113 94
4825 78
4870 0
4920 94
4951 0
5028 94
5798 0
5866 78
5915 0
6003 78
6130 0
6178 94
6190 0
6205 94
6364 0
6461 94
6483 0
6495 78
6740 0
6834 94
6962 0
7050 78
7217 0
7317 78
7423 94
7476 0
7485 94
7720 94
8021 0
8270 94
8420 0
8429 78
8455 0
8488 94
8633 0
8691 78
8785 0
8865 94
8871 0
8911 94
8925 0
8959 94
9090 94
9108 0
9199 94
9354 0
9417 78
9424 78
9465 0
9558 94
9610 0
9837 78
9920 94
10172 78
10411 0
10676 78
10821 0
10837 78
10852 0
10972 94
11049 94
11091 0
11096 94
11289 0
11427 78
11652 0
11824 94
12068 94
12294 0
12333 94
12459 0
12546 94
12568 94
12575 0
12624 78
12805 78
12937 0
12981 78
13023 0
13039 94
13142 0
13302 94
13455 0
13610 78
13639 0
13853 94
14110 94
14258 0
14352 94
14374 94
14460 0
14522 94
15418 0
15504 94
15530 0
15594 94
15618 0
16014 78
16058 0
16060 94
16322 0
16330 94
16338 0
16369 78
16456 0
16508 78
16526 0
16834 94
17237 94
17359 0
17428 94
17468 94
17493 0
17521 94
17634 94
17745 94
17936 0
17948 78
18108 78
18367 0
18446 94
18475 0
18484 78
18596 78
18632 78
18662 0
18858 78
18874 94
18928 94
19196 0
19298 78
19370 0
19376 94
19523 0
19534 78
19556 78
19570 0
19572 94
19583 0
19626 94
19696 94
19705 0
19870 94
19913 94
19917 78
19998 0
20008 94
20266 0
20319 78
20448 0
20519 94
20679 0
20687 78
20776 0
20833 78
20923 94
21054 0
21109 94
21226 0
21274 78
21399 0
21415 78
21585 0
21621 78
21640 0
21717 78
21802 78
21841 0
21894 94
22096 0
22171 94
22230 94
22264 0
22268 78
22562 0
22853 94
22893 0
22964 94
23088 0
23200 94
23341 0
23402 94
23434 78
23922 0
24050 78
24306 78
24363 94
24431 0
24511 78
24521 94
24810 0
24873 78
25068 78
25191 94
25204 94
25279 78
25348 0
25493 78
25659 94
25825 0
25966 94
25982 0
26109 94
26117 0
26246 78
26256 78
26340 0
26386 78
26417 94
26453 78
26570 94
26619 0
26640 94
26655 0
26807 94
26835 0
26926 94
26933 0
27041 94
27063 94
27309 0
27352 94
27392 0
27849 94
28000 0
28042 94
28100 78
28310 0
28550 94
28574 0
28701 94
29126 0
29141 78
29275 0
29365 94
29406 0
29469 78
29595 78
29958 78
30053 0
30125 94
30130 78
30151 0
30152 94
30158 0
30208 78
30230 0
30434 78
30532 0
30564 94
30727 0
30742 78
30765 0
30866 78
31043 0
31093 94
31210 0
31233 78
31248 0
31346 94
31429 0
31490 94
31500 0
31824 94
31839 94
31892 0
31965 94
32026 0
32137 78
32149 94
32225 0
32249 78
32303 78
32442 0
32453 94
32616 94
32815 0
32895 94
32935 0
33001 94
33048 0
33200 94
33201 0
33413 78
33426 0
33438 78
33571 94
33609 0
33771 78
33883 94
33894 0
33907 94
33987 0
34221 78
34345 0
34556 78
34718 0
34843 78
34949 0
35275 78
35490 0
35765 78
35795 0
35865 94
35921 94
36044 94
36154 0
36217 94
36322 0
36480 78
36543 0
36552 94
36640 94
36737 0
36742 94
36804 0
36829 94
36881 0
36923 94
36980 78
37000 94
37004 0
37082 78
37137 0
37190 78
37315 0
37365 78
37455 0
37488 94
37501 0
37699 94
37831 0
37852 94
37888 0
38117 78
38129 0
38346 94
38576 0
38694 78
39099 0
39240 94
39251 0
39272 94
39345 0
39370 94
39374 94
39817 0
39854 94
39939 0
39986 94
39995 94
40277 94
40503 0
40565 94
40705 0
41002 78
41075 94
41350 0
41402 78
41413 0
41464 94
41466 0
41487 78
41529 0
41565 78
41851 0
42232 94
42317 0
42333 78
42355 0
42491 94
42566 0
42796 94
42969 0
43177 94
43383 0
43478 94
43574 0
43683 94
43770 94
43771 0
43903 78
43909 0
43956 94
43966 0
43973 94
43989 0
44072 78
44139 0
44144 94
44221 94
44532 0
44539 78
44569 0
44656 94
44674 0
44754 94
44816 0
44829 94
44866 0
45100 78
45266 78
45402 0
45539 94
45543 0
45654 78
45719 0
45757 78
45761 78
45932 0
45943 78
45982 0
46127 94
46142 94
46208 0
46652 78
46942 0
47025 78
47156 0
47237 94
47239 78
47281 0
47299 78
47373 0
47714 94
47815 0
47889 94
47971 94
48022 0
48174 78
48240 0
48294 78
48378 78
48458 0
48807 94
48825 0
48943 94
49015 94
49031 0
49170 94
49330 0
49580 78
49588 0
49821 94
49847 0
49850 94
49909 0
50099 78
50478 94
50578 0
50665 94
50671 0
50748 78
50780 0
50909 78
51079 0
51080 94
51098 78
51245 0
51455 78
51493 0
51541 94
51610 94
51713 0
51737 94
51762 0
51859 94
51976 0
52037 78
52141 0
52162 94
52172 0
52298 94
52357 94
52364 0
52371 78
52404 0
52610 94
52724 0
53001 78
53075 0
53092 78
53469 94
53840 0
53891 78
53936 78
54048 0
54089 78
54155 0
54235 78
54242 78
54393 0
54558 78
54572 0
54641 78
54706 0
54775 78
54926 0
55131 94
55602 0
55707 78
55868 0
55932 94
56042 0
56334 78
56482 78
56500 0
56517 94
56600 0
56603 78
56847 0
56979 78
57158 0
57271 78
57404 78
57450 94
57508 94
57572 0
57808 78
57932 94
57942 94
58084 0
58085 78
58191 0
58236 78
58322 0
58402 94
58526 78
58605 94
58644 0
58701 94
58820 0
58928 94
59144 0
59160 78
59775 78
59815 0
59829 94
59910 78
60165 0
60242 78
60271 0
60538 78
60726 94
60855 78
61363 0
61459 78
61608 78
61635 78
61821 94
61826 78
61902 0
62068 78
62188 0
62296 78
62568 0
62613 78
62651 0
62820 78
62830 94
63272 0
63484 94
63840 0
63947 78
64006 0
64061 94
64076 0
64126 94
64183 0
64399 78
64482 78
64499 0
64743 94
64929 78
65070 94
65353 0
65556 78
65919 78
66593 0
66799 78
66813 0
66959 94
67105 78
67172 0
67260 94
67290 0
67295 78
67345 94
67370 0
67577 78
67659 0
67736 78
67738 0
67863 94
67996 0
68014 94
68023 0
68098 78
68304 94
68352 0
68407 78
68552 0
68599 78
68629 0
68713 94
68766 0
68830 78
68842 94
68882 78
68901 0
68950 94
68956 78
68992 0
69006 78
69096 0
69154 94
69188 0
69418 94
69460 78
69503 0
69598 94
69708 94
69855 0
69860 94
69915 0
69921 78
69928 78
70172 78
70348 78
70542 0
70701 94
70755 0
70899 78
71083 0
71109 78
71127 0
71571 78
71599 0
71761 94
71817 0
72311 78
72362 0
72463 94
72636 94
72698 0
72811 94
73067 0
73255 94
73428 0
73601 94
73851 0
73883 78
73939 94
74002 0
74083 94
74319 0
74409 94
74443 78
74609 0
74740 94
74759 0
74799 94
75246 0
75471 78
75988 0
75994 78
76232 0
76362 78
76815 0
76851 94
77254 0
77384 94
77414 0
77567 78
77614 0
77667 94
77833 0
77912 78
77946 0
78050 78
78135 0
78141 94
78179 94
78225 94
78262 0
78287 78
78340 0
78455 78
78562 0
78693 94
78909 94
79061 0
79422 78
79499 94
79521 94
79701 0
79723 78
79820 0
79869 78
79965 0
80001 78
80362 0
80382 78
80629 0
81124 78
81394 0
81665 78
81696 0
81840 78
81843 0
81918 78
81998 0
82050 78
82278 0
82376 94
82469 94
82536 0
82540 78
82555 0
82573 94
82919 94
83187 0
83446 94
83515 0
83537 78
83641 0
83825 78
83949 0
84018 94
84047 0
84205 78
84283 0
84314 94
84350 0
84362 94
84498 0
84848 78
85108 0
85175 78
85317 0
85334 78
85559 0
85658 94
85898 94
85958 0
86099 94
86371 78
86646 0
86785 78
87066 0
87118 78
87315 0
87593 78
87932 0
88236 94
88342 0
88473 94
88496 0
88762 94
88960 0
89256 78
89319 94
89407 0
89423 94
89598 94
89605 78
89635 0
89800 94
90125 0
90185 94
90486 78
90611 0
90696 94
90743 0
90906 78
91154 0
91205 94
91310 94
91417 0
91422 94
91544 0
91581 78
91613 0
91627 78
91997 0
92022 78
92143 0
92200 94
92487 78
92522 0
92527 78
92568 0
92840 94
93148 78
93236 94
93256 0
93331 78
93423 94
93698 0
93763 78
93831 0
93834 94
93974 0
94044 78
94191 0
94267 78
94398 0
94434 78
94435 0
94455 94
94551 0
94580 78
94963 94
95043 0
95112 78
95219 0
95307 94
95326 0
95367 94
95445 94
95475 94
95520 0
95525 78
95814 0
95958 78
95973 0
96183 94
96281 0
96316 78
96385 78
96412 0
96638 94
96713 78
96832 0
96909 78
97145 0
97173 78
97238 0
97272 94
97324 0
97437 78
98240 0
98316 78
98336 0
98713 78
98746 78
99196 0
99495 94
99670 94
99713 0
99803 78
99819 94
99871 78
99879 0
681 events for 5
208 10
366 0
377 15
416 0
417 10
496 0
672 10
949 10
1231 0
1412 18
1472 0
1867 10
1925 10
1974 16
2126 0
2197 18
2322 0
2333 18
2343 15
2424 0
2645 10
2743 0
3165 14
3180 0
3305 14
3385 0
3563 10
3618 0
3637 16
3903 16
3951 0
4045 10
4049 15
4088 0
4620 10
4853 0
4912 18
4913 0
4917 18
5075 0
5166 10
5214 0
5680 18
5733 0
5846 14
5900 14
5913 0
5920 10
6014 16
6086 0
6225 10
6455 0
6489 10
7429 0
7673 10
7774 10
7784 10
7816 14
7917 18
7938 18
7954 0
8106 10
8197 0
8207 15
8263 10
8327 0
8380 16
8475 10
8699 0
8842 16
9081 0
9143 10
9385 10
10209 0
10301 18
10398 0
10729 10
10873 10
10992 0
10997 16
11163 0
11168 10
11199 0
11442 10
11458 0
11929 15
12070 0
12184 10
12289 0
12308 18
12385 0
12826 15
13056 0
13311 14
13399 0
13591 14
13893 0
14084 14
14109 0
14276 15
14306 0
14513 16
14555 10
14983 0
15010 16
15130 0
15159 10
15315 0
16099 15
16229 0
16332 10
16765 0
16804 10
16874 14
16993 0
17029 14
17109 0
17571 10
17654 0
17661 10
17801 0
17959 10
18039 0
18198 14
18374 0
18421 10
18604 0
19209 10
19379 0
19388 18
19472 10
19495 0
19582 14
19591 0
19767 14
19775 16
19898 0
20599 10
20665 0
20784 16
20994 0
21418 18
21420 10
21458 0
21579 14
21580 16
21632 0
21838 18
21971 0
22075 15
22120 0
22142 10
22458 10
22520 0
22588 10
22680 0
22807 10
22861 14
22903 0
23028 18
23416 0
23797 16
24226 0
24263 10
24377 18
24565 0
24764 10
24909 0
24956 10
25102 10
25180 0
25282 14
25510 0
25732 18
25779 0
25862 16
25891 0
25892 15
26082 0
26506 14
26551 0
26677 16
26715 0
26848 18
27339 10
27342 16
27432 15
27617 0
27622 10
27778 0
27822 14
27933 0
28086 10
28313 0
28378 14
28718 18
28869 0
28978 14
28980 18
28987 0
29152 14
29412 15
29518 14
29606 0
29754 16
29761 10
29818 0
29965 18
30039 0
30089 14
30346 15
30408 0
30540 16
30840 0
30994 10
31067 16
31575 0
31591 14
31750 0
31802 15
31829 18
32556 0
32853 10
33137 0
33188 10
33394 0
33556 10
33713 0
33806 16
34186 14
34190 0
34206 16
34349 0
34358 10
34370 16
34414 10
34461 0
34536 10
34830 0
34872 10
35053 0
35134 16
35221 0
35456 14
35920 0
36106 10
36214 10
36374 0
36507 14
36509 15
36702 0
36707 16
37053 0
37226 10
37569 16
37729 15
37928 10
38073 18
38109 0
38131 10
38313 18
38492 0
38546 10
38556 10
38715 0
38743 18
38760 16
38776 0
38779 16
39171 0
39177 16
39370 15
39630 0
39727 15
39974 0
40105 15
40291 0
40481 14
40572 0
40589 10
40999 16
41118 0
41507 10
41549 0
41554 10
41708 10
41928 0
42052 16
42448 0
42519 16
42573 10
42795 0
42799 16
42852 0
42969 14
43113 0
43249 18
43518 0
43559 16
43781 18
43949 0
44004 18
44133 0
44698 10
44702 16
44726 0
44881 18
44918 0
45042 10
45320 0
45399 14
45820 0
45980 15
46074 0
46196 14
46277 0
46998 10
47068 15
47209 14
47225 0
47345 10
47428 10
47464 14
47527 0
47879 14
47974 0
48043 15
48246 0
48272 18
48673 0
48775 10
48797 0
49299 14
49363 0
49372 16
49473 0
49651 10
49674 10
50048 0
50391 15
50968 0
50976 14
51171 0
51336 16
51338 0
51407 10
51519 0
51655 18
51774 0
51792 10
51932 15
52036 10
52103 0
52262 14
52663 0
52727 10
52744 15
52813 18
52843 0
53035 10
53343 16
53953 0
54390 18
55067 0
55308 15
55527 0
55823 18
55912 18
55960 0
56015 18
56048 14
56079 15
56364 0
56411 14
56578 10
56616 18
56685 14
56740 15
56795 10
56815 0
57157 18
57466 0
58216 15
58256 0
58600 15
58799 10
58827 0
59217 14
59290 0
59401 18
59458 0
59572 10
59732 0
59917 10
59993 0
60093 10
60447 0
60729 10
60730 0
60821 18
60963 0
61061 16
61180 0
61295 15
61801 0
61947 15
61964 18
61968 0
62010 16
62026 0
62235 10
62312 0
62488 18
62628 15
62988 0
63054 16
63069 14
63497 0
63562 10
63650 15
63657 0
63686 10
63703 0
63717 18
63888 10
63965 0
64230 16
64379 0
64389 15
64402 0
64492 10
64657 0
64742 18
64946 0
64948 18
64961 15
65070 0
65233 16
65636 18
65662 0
65712 10
65728 15
66035 14
66196 0
66262 16
66418 0
66493 18
66533 0
66541 14
66783 15
66829 0
66975 16
67298 0
67504 14
67798 0
67861 15
67874 0
67906 16
67914 0
68020 18
68160 10
68173 16
68204 10
68271 0
68474 15
68777 18
68779 15
68891 0
69109 16
69155 0
69159 16
69303 14
69412 0
69414 10
69571 0
69584 16
69711 10
69771 0
69842 16
69844 10
69937 15
70038 14
70198 0
70409 15
70440 0
70560 10
71011 0
71165 10
71206 10
71273 0
71290 10
71324 0
71466 10
71501 10
71839 0
72090 10
72250 0
72493 10
72574 15
73179 0
73251 10
73281 0
73324 18
73358 0
73460 18
73466 0
73540 14
73920 0
73950 18
73991 0
74140 16
74154 0
74333 14
74475 0
74583 15
74957 10
75043 0
75141 18
75340 0
75705 18
75781 10
75794 10
75981 0
76105 15
76113 0
76203 10
76277 0
76637 18
76725 0
76745 10
76909 14
77067 0
77156 18
77230 0
77318 16
77459 0
77510 14
77646 0
77804 18
78220 0
79082 10
79420 0
79483 16
79564 0
79920 18
79960 0
80084 16
80107 0
80266 15
80270 0
80423 14
80427 0
80454 16
80785 0
80861 10
80967 0
81073 16
81096 14
81098 0
81189 15
81209 0
81252 14
81302 0
81702 14
81732 0
81896 15
82011 0
82032 16
82204 0
82211 18
82322 0
82835 15
82963 0
83048 18
83304 15
83310 0
83433 14
83564 0
83686 16
83700 0
83736 18
83746 0
83765 14
83818 0
83999 14
84182 18
84286 0
84721 10
84739 0
84788 15
84820 16
84974 0
85131 15
85265 0
85323 14
85613 0
85672 18
86515 0
86526 18
86529 14
87318 0
87501 15
87573 0
87652 10
88111 10
88133 0
88331 18
88659 0
88919 18
89058 0
89204 18
89280 0
89383 10
89450 0
89775 10
89853 0
90214 10
90282 18
90293 18
90394 18
90484 0
90537 10
90540 0
90678 10
90705 10
91186 15
91331 0
91389 18
91437 14
91696 15
91835 0
92248 10
92541 0
93016 14
93395 10
93485 18
93633 0
93736 15
93827 0
93841 15
93888 0
94403 10
94457 16
94580 0
94780 14
94806 0
94860 10
94962 0
95197 16
95651 0
95780 16
95927 0
96353 16
96513 0
96536 10
96622 0
96750 14
96777 0
97345 15
97492 16
97633 0
97722 18
97757 0
97788 14
98134 10
98158 18
98297 0
98329 10
98396 14
98507 0
98583 10
98589 0
98596 15
98614 0
98974 10
99106 0
99424 10
99495 0
99522 16
99805 0
99949 15
980 events for 6
433 38
437 0
519 38
538 0
540 32
544 0
705 32
716 35
743 35
818 0
839 32
879 0
976 35
1079 0
1093 38
1113 0
1177 35
1239 38
1271 0
1326 38
1386 0
1464 35
1671 0
1774 32
1776 0
1854 32
2000 0
2030 35
2112 0
2176 32
2215 32
2300 32
2383 0
2693 32
2738 0
2786 35
2866 35
2873 32
2884 35
2938 38
2993 0
2997 38
3110 0
3611 35
3622 35
3639 0
3785 32
3838 0
3919 38
4179 35
4351 0
4377 38
4496 35
4510 32
4564 0
4660 38
5001 0
5002 32
5017 0
5067 35
5101 0
5139 38
5451 0
5524 35
5714 0
5747 38
5772 0
5797 38
5882 0
5958 38
6034 0
6036 38
6058 35
6081 0
6131 38
6236 0
6248 38
6329 0
6441 38
6667 0
6833 38
6852 0
7047 35
7208 0
7267 38
7297 0
7330 38
7352 0
7441 35
7557 0
7564 38
7639 0
7691 38
7708 0
7742 35
7747 0
7755 35
7951 0
7961 35
8049 32
8162 0
8291 38
8359 32
8485 0
8645 38
8722 35
8802 0
8844 35
9085 32
9146 0
9244 32
9289 0
9291 32
9326 0
9355 32
9476 0
9523 38
9691 35
9951 0
10081 38
10237 32
10378 0
10534 32
10711 32
10747 0
10875 32
10995 0
11037 35
11247 0
11283 38
11330 0
11396 32
11584 38
11849 0
11881 38
12121 0
12214 35
12247 0
12466 32
12694 0
12715 35
12746 0
12756 38
12776 0
13035 35
13126 0
13241 32
13283 0
13613 32
13654 0
13699 32
13824 0
13966 38
13980 0
14007 35
14054 0
14057 38
14410 0
14533 35
14621 0
14723 32
14757 0
14902 38
15028 0
15372 35
15536 0
15579 32
15717 0
15734 35
15926 35
15965 35
16094 35
16298 35
16340 32
16494 0
16527 32
16810 0
16827 35
17277 0
17433 35
17451 0
17494 38
17500 32
17747 0
17838 32
17861 0
17969 35
18155 0
18201 32
18215 0
18291 38
18349 0
18393 38
18445 0
18538 35
18542 35
18572 0
18667 32
18964 0
18994 32
19018 35
19131 0
19158 38
19282 38
19295 0
19377 32
19469 0
19777 35
19853 35
19976 35
20002 35
20043 32
20348 0
20504 38
20838 32
21195 0
21407 35
21453 35
21531 0
21553 32
21625 0
21639 38
21650 0
21796 38
21873 0
21932 35
22131 0
22311 38
22318 0
22462 32
22479 35
22700 38
22793 0
22849 38
22886 35
23359 0
23508 38
23621 0
23675 35
23930 32
24143 0
24258 35
24306 0
24314 38
24338 0
24409 35
24447 0
24565 32
24589 0
24598 32
24652 0
24685 32
24687 0
24802 35
24917 0
25111 35
25114 0
25186 38
25197 0
25306 38
25565 38
25592 0
25730 32
25860 0
26174 32
26221 0
26389 38
26427 0
26468 32
26670 0
26738 38
26781 0
26904 35
26922 0
27108 38
27164 0
27176 32
27267 38
27440 0
27442 38
27470 0
27611 35
27686 0
27714 35
27852 32
27872 0
28259 35
28281 32
28304 38
28475 0
28545 38
28658 0
28672 35
28803 0
28825 38
28921 35
28954 38
29029 32
29322 0
29332 32
29628 0
29668 38
29846 0
29983 35
30110 0
30380 35
30410 35
30471 0
30511 35
30550 0
30580 35
30714 38
30726 0
30748 38
30868 0
31000 38
31016 0
31078 32
31081 0
31300 32
31339 0
31393 35
31580 0
31660 35
31941 0
31951 35
32232 32
32292 32
32561 0
32601 32
32731 32
32750 0
33147 32
33173 35
33404 35
33455 0
33465 35
33496 35
33712 0
33999 32
34021 0
34048 35
34050 0
34101 38
34154 0
34165 32
34356 0
34507 38
34559 32
34588 0
34673 32
34952 0
35027 35
35050 0
35119 35
35259 0
35630 32
35698 35
35868 0
35890 32
36024 38
36156 0
36184 32
36227 32
36229 0
36272 35
36274 38
36286 0
36314 38
36812 0
36856 32
36911 0
37001 35
37100 0
37172 35
37253 0
37361 38
37520 0
37742 35
37777 0
37835 38
38159 38
38343 35
38454 0
38549 35
38569 0
38660 38
38819 0
38953 35
38960 0
39096 35
39107 0
39113 38
39168 0
39349 35
39373 0
39429 35
39502 0
39572 32
39656 35
39662 0
39775 38
39888 0
39941 38
40085 0
40112 35
40187 0
40330 35
40430 0
40509 35
40514 35
40533 0
40599 32
40678 0
40882 32
41010 0
41065 32
41282 0
41712 32
42077 38
42079 0
42211 32
42312 0
42383 32
42458 38
42568 0
42854 35
43230 0
43314 35
43499 0
43503 38
43509 0
43581 32
43988 0
44051 35
44071 35
44318 32
44383 0
45034 35
45324 0
45409 38
45497 0
45514 35
45519 0
45566 38
45628 0
45728 38
45747 0
45763 32
45794 0
45804 35
45878 0
45936 35
45970 0
46178 32
46283 0
46310 32
46351 35
46357 0
46400 35
46453 38
46503 38
46516 0
46622 32
46661 0
46727 32
46763 0
46900 35
47289 35
47424 35
47531 0
47710 32
47723 0
47772 38
47783 35
48074 0
48203 35
48610 32
48653 38
48682 0
48833 35
48920 0
49091 38
49183 0
49212 38
49216 32
49255 0
49495 38
49545 0
49619 32
49966 0
50087 32
50302 32
50421 0
50732 35
50749 0
50854 38
50917 38
51359 0
51655 35
51731 0
51754 32
51913 0
52216 35
52251 32
52346 35
52440 0
52589 32
52615 0
52812 32
52900 0
53023 35
53211 0
53345 32
53383 0
53681 32
53708 0
53759 35
53976 0
54005 35
54083 0
54403 38
54415 0
54494 35
54508 0
54509 35
54517 35
54519 0
54638 32
54657 0
54694 35
54712 0
54781 35
54894 0
54895 32
54976 0
55003 32
55052 0
55060 32
55223 35
55248 35
55302 0
55342 32
55468 0
55562 38
55573 0
55611 38
55627 35
55771 0
56017 35
56158 38
56175 32
56232 0
56521 35
56561 0
56609 38
56764 0
57140 32
57238 32
57289 0
57600 35
57785 0
57790 38
57998 0
58187 35
58193 38
58235 0
58337 38
58387 35
58440 0
58479 32
58488 0
58837 32
58911 0
58929 35
59097 32
59412 0
59459 38
59564 32
59662 0
59767 32
59926 0
59976 38
60095 0
60241 38
60654 38
60849 0
61049 32
61319 0
61365 32
61444 0
61509 35
61510 0
61547 35
61630 38
61688 0
61801 32
61888 0
61906 35
61955 0
62088 38
62302 0
62318 35
62580 0
62676 35
62692 0
62814 38
62864 0
62881 32
62950 0
63217 38
63348 0
63463 38
63601 0
63627 35
63858 38
63905 38
63995 0
63999 38
64210 0
64378 38
64406 0
64513 32
64627 0
64661 35
64669 0
64686 32
64714 0
64889 38
64893 35
64918 0
64993 32
65150 0
65262 32
65612 0
65777 38
65788 0
65806 35
66019 0
66023 38
66125 35
66149 0
66181 35
66232 0
66346 35
66365 32
66489 0
66596 38
66630 0
66798 32
66817 0
66845 35
66923 0
67070 35
67166 35
67241 0
67305 38
67343 0
67557 35
67618 35
67759 0
67794 32
67836 0
67895 38
67967 0
68081 35
68184 35
68228 38
68283 0
68375 35
68428 0
68684 35
68798 0
68907 35
68921 0
68943 32
68958 0
69014 32
69094 38
69284 0
69328 38
69411 0
69417 35
69530 35
69786 0
69831 32
70068 0
70103 35
70133 32
70184 0
70505 38
70533 0
70667 35
70686 0
70996 35
71176 0
71282 35
71321 35
71658 0
72100 38
72168 0
72322 38
72427 38
72465 35
72504 0
72565 32
72602 38
72709 32
72789 0
72906 38
73117 32
73159 0
73216 38
73221 32
73253 32
73310 0
73475 32
73578 0
73586 32
73679 0
73691 38
73707 38
73777 38
73834 32
74163 38
74176 0
74241 38
74431 0
74608 35
74729 0
74890 32
74901 0
75213 35
75228 0
75245 32
75258 0
75315 32
75504 0
75535 32
75536 0
75563 32
75597 38
75700 35
75767 0
75793 32
75806 0
75855 38
75859 32
75888 32
76005 0
76072 35
76191 0
76285 38
76416 32
76484 35
76503 32
76506 0
77185 32
77276 0
77516 38
77559 0
77575 38
77773 0
78078 38
78127 0
78288 38
78422 0
78522 38
78725 0
78737 38
78774 38
78777 0
78829 38
78862 0
78895 38
78896 0
78915 32
79131 32
79329 32
79346 0
79467 35
79702 38
80021 38
80396 0
80448 38
80450 32
80555 32
80720 0
80868 38
80904 0
80974 32
81016 0
81109 32
81178 32
81312 32
81391 0
81725 35
81823 0
81929 35
81948 0
81995 38
82064 38
82346 0
82437 35
82824 35
83070 0
83114 32
83248 0
83305 35
83374 35
83399 0
83528 35
83547 35
83613 0
83996 32
84047 0
84145 38
84192 35
84261 0
84285 38
84317 0
84397 35
84445 0
84548 32
84562 0
84572 35
84602 0
84713 38
84965 0
84971 38
85064 38
85121 32
85324 0
85339 32
85504 38
85663 35
85933 0
86034 35
86105 0
86694 35
86775 0
86868 32
86873 0
86876 32
86917 32
86918 0
86974 38
87080 35
87357 0
87753 38
87758 0
87790 35
87916 0
87965 35
87973 38
88036 35
88078 0
88128 35
88351 0
88355 32
88478 32
88654 0
88696 38
88749 0
89061 38
89094 0
89158 32
89195 0
89259 38
89581 0
89725 32
89727 0
90219 38
90448 0
90464 35
90605 0
90688 38
90725 0
90847 32
91073 0
91116 38
91282 0
91321 35
91344 0
91476 38
91512 38
91570 0
91599 38
91622 0
91627 32
91639 0
91690 32
91691 0
91911 35
92052 0
92079 32
92163 38
92224 0
92269 35
92285 0
92303 38
92415 0
92602 38
92654 0
92663 35
92784 35
92820 0
92830 35
92907 0
92932 32
92979 0
93054 38
93165 0
93200 35
93387 0
93493 38
93531 38
93560 0
93618 32
93774 0
93856 35
93870 0
93925 32
93930 0
93953 35
94085 0
94627 32
94752 35
94784 0
94813 35
94977 32
95085 0
95120 32
95299 0
95324 32
95344 35
95348 35
95370 0
95372 38
95396 0
95438 38
95727 0
95823 35
95840 0
96040 38
96093 0
96287 35
96514 0
96577 38
96621 0
96794 32
97058 0
97067 35
97096 35
97103 0
97127 35
97151 0
97383 35
97767 0
97768 32
97867 0
97892 35
97907 35
97913 0
97926 32
97945 0
97965 32
98121 0
98168 35
98205 0
98295 32
98571 35
98801 38
98829 0
99137 38
99237 32
99584 0
99719 32
99792 0
99997 35
146 events for 7
3972 45
4047 50
4298 50
5276 0
5581 45
5817 0
6220 50
6857 45
8179 0
9436 45
9843 45
11165 0
12050 49
12751 0
14561 50
14934 0
15194 49
15232 0
15275 49
16992 0
18002 49
18789 0
19437 45
20467 0
21275 49
21411 0
21718 49
22510 0
22592 50
22859 49
24353 49
25238 45
26326 0
26745 45
26746 0
26785 49
27913 49
28186 49
28943 0
29272 45
29356 0
29908 45
30115 0
30379 49
30535 0
31031 45
32459 0
34206 50
36149 0
36551 50
36845 0
37332 49
37391 0
38038 49
38126 0
41886 49
42307 50
42421 0
42648 45
43413 0
43979 50
44599 0
45020 45
45810 0
46015 45
47517 45
47630 0
48797 50
48866 45
49126 0
50876 45
51821 0
52589 45
52684 0
52963 50
53874 0
54360 49
54653 0
57208 45
57510 0
57967 50
58243 0
59295 49
59714 50
59809 0
60357 50
61038 45
61660 45
62221 0
62846 49
62868 49
62887 50
62977 45
63768 49
64120 0
64699 49
65725 0
66470 49
68125 0
68511 45
68647 0
69337 45
69595 0
70859 49
71850 49
72056 50
72140 0
72818 45
73647 0
74132 49
74582 0
75847 45
77031 45
77234 0
78334 50
80448 0
80781 50
80996 0
81276 50
81280 0
81682 50
82121 0
82159 49
82439 0
83384 49
83997 0
84908 50
85229 49
87448 50
87764 50
88330 49
88723 0
88850 49
90229 0
91644 50
91792 50
92424 45
94111 45
94180 45
94559 0
94916 45
95607 0
95891 50
97577 0
97602 50
98116 45
