24 buffers
250759 34545
176525 13622
152796 10839
328198 4261
180755 14331
68506 3553
214732 17100
182922 3544
152195 10258
206798 21660
207035 23057
73329 2057
127865 11843
162481 22827
99375 3089
90264 14607
268318 48143
125795 3978
143325 6742
197443 4595
119970 17004
261395 45736
135957 26029
198688 30322
60 downlinks
0 250 1667 1059
1 1917 3334 887
2 3584 5001 1033
3 5251 6668 892
4 6918 8335 1148
5 8585 10002 1031
6 10252 11669 1076
7 11919 13336 842
8 13586 15003 1058
9 15253 16670 1168
10 16920 18337 1036
11 18587 20004 932
12 20254 21671 935
13 21921 23338 1003
14 23588 25005 883
15 25255 26672 1060
16 26922 28339 976
17 28589 30006 979
18 30256 31673 839
19 31923 33340 1013
20 33590 35007 855
21 35257 36674 842
22 36924 38341 854
23 38591 40008 944
24 40258 41675 1140
25 41925 43342 928
26 43592 45009 960
27 45259 46676 953
28 46926 48343 834
29 48593 50010 1146
30 50260 51677 1059
31 51927 53344 1128
32 53594 55011 890
33 55261 56678 903
34 56928 58345 909
35 58595 60012 1135
36 60262 61679 962
37 61929 63346 1121
38 63596 65013 925
39 65263 66680 1022
40 66930 68347 1054
41 68597 70014 841
42 70264 71681 957
43 71931 73348 1036
44 73598 75015 1103
45 75265 76682 1000
46 76932 78349 994
47 78599 80016 831
48 80266 81683 1096
49 81933 83350 794
50 83600 85017 1071
51 85267 86684 884
52 86934 88351 1067
53 88601 90018 1083
54 90268 91685 889
55 91935 93352 1089
56 93602 95019 857
57 95269 96686 823
58 96936 98353 844
59 98603 100020 981
394 events for 0
106 78
379 0
1353 78
1437 78
1756 0
2024 78
2164 0
2322 78
2412 78
2615 78
2840 78
2884 78
3031 0
3230 78
3860 0
4656 78
4757 78
4781 0
4904 78
4948 0
5065 78
5091 78
5175 0
5245 78
6814 0
6837 78
7157 0
7168 78
7292 0
7425 78
7684 78
7834 78
8230 0
8335 78
8337 0
8378 78
8396 0
8421 78
8655 78
8826 0
9072 78
9187 0
9441 78
9615 78
9874 0
10406 78
10539 0
11523 78
11725 78
12256 78
12525 78
13169 78
13198 0
13642 78
13651 0
14243 78
14875 78
14971 78
15640 0
15666 78
15824 0
16503 78
17100 78
17159 0
17328 78
17799 0
17894 78
18029 0
18445 78
18626 0
19340 78
19430 0
19548 78
19554 0
20114 78
20558 78
20669 0
21134 78
21170 0
21290 78
21479 0
21755 78
21896 0
22049 78
22557 78
22583 0
22688 78
23660 0
24192 78
24316 0
24502 78
25011 0
25450 78
26028 78
26104 0
26122 78
26123 0
26216 78
26763 0
27249 78
27727 78
27890 0
28123 78
28327 0
28374 78
28635 0
28640 78
28672 0
28941 78
29034 78
29110 0
29979 78
30583 0
30703 78
31261 0
31764 78
31902 0
32041 78
33484 0
33527 78
34143 78
34252 78
34726 0
34842 78
34887 78
35023 0
35127 78
35150 0
35198 78
35887 0
36094 78
36140 78
36372 78
36442 0
37060 78
37177 0
37410 78
37571 0
37860 78
38045 78
38310 0
38773 78
39531 0
39860 78
40037 78
40049 78
40424 78
40676 0
40877 78
41026 78
41332 0
41573 78
42327 78
42369 0
42425 78
43167 0
43439 78
43654 0
43795 78
44096 0
44194 78
44292 0
44771 78
44970 0
45433 78
45845 0
46063 78
46072 0
46497 78
46624 0
46777 78
47279 0
47322 78
47447 78
47492 0
47544 78
47568 0
47613 78
47712 0
47965 78
48041 0
48210 78
48265 78
48658 0
48730 78
49022 0
49634 78
49840 78
50090 0
50268 78
50343 0
50515 78
50917 0
51189 78
51444 0
51780 78
52141 78
52295 0
52329 78
52417 78
52683 0
52731 78
53541 0
53569 78
54263 78
54425 78
54552 0
54639 78
54680 78
54760 0
54931 78
54982 0
55428 78
55696 0
55832 78
56368 78
56713 78
56776 0
57158 78
57512 0
57928 78
57932 0
57939 78
58303 0
58361 78
58673 78
58738 0
58845 78
58939 0
59455 78
59791 78
60003 0
60489 78
60509 0
60877 78
60950 0
61066 78
61689 0
62182 78
62494 78
63131 78
63409 0
63443 78
63615 0
64321 78
64324 0
64541 78
64608 78
64731 0
64850 78
65654 0
65965 78
66413 78
66777 0
66953 78
66983 78
67809 0
67819 78
67899 0
67993 78
68139 0
68308 78
68535 78
68702 0
68793 78
68851 78
69051 0
69338 78
69458 78
69542 0
69617 78
69931 0
70173 78
70359 78
70498 0
70574 78
70732 0
71110 78
71157 0
71428 78
71677 0
71958 78
72774 0
73116 78
73152 0
73755 78
73895 0
74149 78
74455 0
74850 78
75425 78
75613 78
75987 0
76050 78
76345 78
76410 0
76801 78
77867 0
78212 78
78258 0
78487 78
78606 0
78980 78
79123 0
79323 78
79358 0
79646 78
79769 0
79782 78
79794 0
79846 78
80371 0
80375 78
80806 0
81534 78
81630 0
81996 78
82236 78
82268 0
82303 78
82552 78
83098 78
83992 78
84116 0
84502 78
84536 0
84806 78
85533 0
85701 78
85919 0
86090 78
86787 0
86822 78
87684 0
87724 78
87938 78
87959 78
88125 0
88389 78
88413 0
88725 78
89339 0
89735 78
89750 0
89764 78
90267 0
90275 78
90399 0
90718 78
91048 0
91170 78
92287 0
92634 78
93592 78
93701 0
93848 78
93939 0
93945 78
93965 0
94035 78
94439 0
94475 78
94509 0
94993 78
94996 78
95415 0
95464 78
95597 78
95671 78
95678 0
95996 78
96015 0
96315 78
96499 78
96519 0
96807 78
97451 0
97815 78
97852 0
97879 78
97916 0
98071 78
98463 0
98632 78
98646 0
98680 78
98725 0
98936 78
99078 0
99159 78
99265 78
99576 0
99661 78
99777 0
147 events for 1
84 51
459 0
898 51
1095 0
1184 51
1440 0
2835 62
4074 0
4572 51
5884 0
6666 62
6693 51
6901 0
7133 41
7200 0
10049 51
12056 0
12628 62
12678 0
15703 65
15771 0
15872 51
17430 0
18398 65
19747 0
19788 41
20416 51
20980 0
23302 65
24426 0
24450 51
24631 0
25700 36
26013 51
26536 0
28302 36
29348 0
31917 51
32907 41
33765 0
33815 65
34365 0
34911 36
35201 0
35227 62
35520 41
36230 0
36824 65
37279 0
38257 62
38329 65
38588 65
39262 51
39565 0
40246 51
40693 0
40966 65
42133 0
42672 62
42706 0
42945 36
42979 0
43930 62
44821 0
46213 51
46396 0
46632 62
46931 0
47734 62
48446 65
48669 51
50414 0
51335 51
51726 0
51997 62
53156 0
53614 51
54518 65
54893 0
55132 51
55907 0
56376 51
57311 0
58670 62
59283 41
59671 0
60288 36
60580 51
60668 0
60721 51
61452 62
62961 0
63002 36
63189 65
63313 0
63604 51
63747 51
64473 65
64794 0
65162 36
65288 0
65690 51
66001 0
67172 62
67444 0
68444 41
68519 0
69018 51
69136 0
70058 51
70183 0
70407 51
70570 0
71552 62
72387 36
72921 36
74074 0
74113 36
75242 0
76285 36
76875 0
76983 62
78174 0
78542 51
78852 0
79683 65
82495 62
84050 0
85445 51
87789 41
90530 62
92259 0
93174 41
93659 0
93726 62
94449 36
94830 0
95466 41
96011 0
96154 41
96191 41
97031 0
98312 62
98496 0
98670 36
98694 51
99559 0
384 events for 2
214 67
305 57
383 0
412 67
636 0
1215 57
1335 0
1402 70
1834 0
2335 70
2640 0
2671 67
3086 0
3184 64
3193 66
4199 0
4942 57
5014 0
5286 67
5560 0
5583 57
5592 0
5737 70
6015 0
6096 70
6224 64
6570 0
6578 64
6790 0
6859 70
7231 0
7269 67
7456 67
8622 0
9051 64
9315 0
9748 67
10124 70
10734 0
11399 66
11673 0
11940 64
12334 0
12528 67
12804 0
12834 57
13612 0
14588 70
14600 0
14616 67
15016 0
15256 64
15268 0
15334 64
15645 0
15657 64
15731 0
16395 64
16805 70
16932 0
17024 64
17235 0
17520 70
17904 0
17934 66
18049 0
18293 67
18395 64
19095 70
19226 67
19733 67
19762 0
19965 66
21006 64
21234 64
21382 70
21599 0
21867 64
22087 57
22221 0
22248 66
22651 0
22803 67
23171 0
23520 70
23593 0
23719 64
24000 0
25652 57
26199 0
26586 64
27068 0
27345 66
27719 57
27800 0
27900 64
27930 0
28032 66
28142 0
28201 66
28308 67
28348 70
28695 67
28903 0
28978 57
29047 57
29381 0
29415 70
29877 0
30016 66
30296 0
30616 64
30756 0
31075 67
32093 0
32317 66
33076 66
33404 0
34177 66
34298 67
34416 0
35022 66
35065 0
36310 67
36452 0
36645 66
36791 0
36797 66
37199 0
37331 66
37364 0
37426 70
37431 0
37781 70
37795 0
37919 70
38011 70
38284 0
38396 67
38701 64
38930 0
39128 64
39526 0
39654 64
39897 0
40642 66
40807 0
40888 66
41432 67
41463 66
41526 64
41551 66
41639 64
42082 0
42245 66
42313 0
42892 67
42966 66
43171 0
43213 70
43701 0
43786 66
44010 0
44234 64
44569 0
44643 64
44790 0
44844 57
44846 0
45038 66
46343 0
46621 70
47133 0
47253 67
47823 0
48056 66
48151 0
48288 70
48417 57
48997 0
49867 67
50089 0
50224 57
50429 0
50809 70
51319 64
51377 0
51461 64
52148 0
52421 57
52606 66
53201 0
53677 67
54241 0
54489 67
55135 0
55175 64
55275 0
55298 66
55337 0
55528 67
55608 64
55901 0
56118 70
56545 70
56948 0
56995 64
57211 0
57549 57
57681 57
57729 0
57833 64
58251 57
58540 0
58638 66
59015 64
59124 0
59304 66
59491 0
59625 66
60236 0
60453 64
60469 57
60481 66
61336 0
61550 64
62088 0
62449 67
62695 0
62840 66
62876 0
63411 70
63624 0
63791 66
63982 57
64004 0
64281 66
64329 0
64816 70
65246 64
65374 0
65578 57
65604 0
65892 57
65944 70
67056 0
67239 70
67590 0
67992 64
68330 70
68671 0
68746 70
68764 0
69327 67
69373 57
69721 0
70316 64
70491 66
70587 67
70681 67
70834 0
70872 64
71060 67
71172 0
71354 57
71519 0
71948 57
73255 0
73460 70
73482 0
73513 66
73638 0
74023 57
74062 0
74138 66
74202 57
74746 0
75528 64
75541 0
75740 64
76402 66
76528 57
76959 0
77116 67
77393 0
78371 57
78608 0
78632 70
78665 0
78730 70
79049 0
79169 57
79477 0
80042 67
80261 57
80634 0
80647 70
80819 66
81004 0
81372 67
82111 0
82347 70
82515 64
83506 0
83874 70
84040 0
84102 57
84142 0
84257 64
84372 0
84608 66
84697 57
84863 0
85216 64
85532 0
85632 67
85842 67
85987 0
86110 67
86197 0
86255 64
86350 0
86540 57
86866 0
86899 57
86948 0
87153 67
87553 0
87570 66
87845 66
87871 0
87970 66
88079 0
88086 57
88302 0
88455 67
88536 0
88545 64
88734 67
89197 0
89672 64
89722 0
89774 66
90824 0
91027 70
91316 0
92367 64
92817 0
92890 64
93341 66
93691 57
93828 0
94052 64
94202 64
94305 0
94398 66
94781 0
95152 57
95416 0
95534 57
96039 66
96062 0
96131 67
96261 66
96298 0
96856 64
96909 70
97536 64
97763 66
97826 0
97876 66
98015 0
98163 70
98419 57
98468 0
98553 66
98562 57
98612 0
98641 66
98679 0
99032 57
99421 66
99426 0
99909 57
706 events for 3
0 91
127 93
379 0
526 94
753 0
756 92
980 93
1717 0
1855 95
1932 0
2008 93
2050 0
2363 95
2442 93
2600 0
2604 94
2670 91
2879 0
3036 93
3039 0
3473 91
3605 0
3679 95
3707 0
3749 93
3951 0
3992 91
4044 0
4155 95
4253 0
4774 95
4834 92
4878 0
4910 93
5218 95
5631 0
5787 92
6075 0
6143 91
6217 0
6319 93
6358 0
6416 95
6486 0
6665 91
6954 0
7216 94
7387 0
7544 95
7831 0
8235 92
8756 0
8868 91
8887 0
9029 95
9136 94
9147 0
9366 91
9632 0
9835 94
9887 0
9965 94
10084 91
10188 93
10268 0
10311 93
10335 94
10428 91
10520 93
10721 93
10834 0
11326 91
11397 95
11454 0
11475 95
11737 0
11907 91
12029 94
12136 0
12292 95
12668 0
12672 95
12686 0
12733 91
13085 0
13125 95
13160 0
13213 92
13510 0
13685 95
13798 0
14160 92
14359 0
14539 95
15045 0
15343 91
15373 91
15458 0
16026 95
16090 0
16185 91
16350 91
16448 0
16520 92
16642 0
16734 91
16751 91
16775 0
16820 95
16848 0
16971 91
17030 92
17417 0
17504 91
17509 0
17837 91
18018 0
18033 94
18154 0
18323 91
18402 95
18521 0
18540 91
18828 0
18837 95
19142 0
19350 95
19570 0
19575 91
19725 95
19729 0
19747 95
20063 91
20155 0
20181 91
20250 0
20323 95
20352 0
20482 94
20558 0
20572 95
20744 91
21033 0
21195 95
21209 91
21373 93
21589 0
21914 93
21917 0
22084 95
22362 0
22502 93
22769 92
22825 0
22855 91
22924 0
22926 92
22956 0
22988 95
23043 92
23269 95
23317 0
23330 91
23594 95
23670 0
23761 91
23786 0
23831 95
23853 0
24292 92
24318 0
24345 91
24408 0
24465 94
24514 95
24569 94
24583 0
24600 94
24650 0
24664 93
24762 0
24796 93
24811 0
24935 94
24949 0
24967 94
25065 0
25124 95
25231 0
25247 94
25343 95
25416 95
25544 0
25602 94
25642 91
25748 0
26012 91
26125 92
26188 95
26315 0
26488 93
27071 0
27357 91
27802 95
27859 0
29079 93
29380 95
29426 92
29761 0
29885 95
30112 0
30178 92
30301 0
30319 95
30492 93
30752 95
30936 0
30940 91
31105 0
31207 92
31554 91
31642 91
31866 0
31959 91
32122 0
32246 91
32485 0
32637 93
32670 95
32738 94
32921 0
32925 91
32931 0
33001 91
33002 0
33167 91
33509 0
33525 92
33566 0
33635 91
33766 0
33924 91
33977 0
33989 93
34252 95
34298 93
34300 91
34374 0
34665 91
34812 91
34945 91
35018 0
35055 95
35220 0
35295 91
35438 0
35790 91
35995 0
36076 95
36424 0
36945 91
37202 93
37284 93
37436 0
37475 91
37899 0
38011 95
38167 0
38374 94
38503 0
38858 91
38918 0
39502 93
39547 0
39568 93
39659 0
39796 95
39948 0
39958 91
40418 0
40441 92
40486 93
40689 0
40938 91
41271 91
41351 0
41363 93
41596 0
41634 93
41654 0
42250 95
42315 0
42366 93
42552 0
42655 91
42743 0
42757 91
42927 0
42965 91
43155 93
43314 95
43322 0
43429 92
43466 0
43579 91
43670 95
43992 0
44055 95
44062 0
44088 95
44126 0
44134 95
44494 0
44612 94
44677 93
44745 0
44773 93
44908 95
45317 91
45396 0
45691 95
45938 0
45967 93
46051 0
46464 91
46469 0
46706 91
46779 0
47202 95
47481 0
47511 95
47516 0
47737 93
47791 0
47921 91
48096 95
48439 95
48450 92
48753 95
48830 0
49075 93
49312 91
49337 0
49419 94
49450 0
49488 94
49708 91
49753 95
49929 0
49955 91
50047 0
50558 91
50623 91
50693 91
50773 0
50966 94
51084 95
51139 0
51152 91
51268 0
51428 95
51485 0
51605 95
51665 0
51685 91
51766 0
51940 92
51947 91
51952 0
52136 95
52267 0
52605 95
52653 0
52807 95
52885 91
52944 0
53149 94
53408 95
53418 0
53575 91
53631 0
53724 94
53762 91
54286 0
54390 94
54779 0
54785 91
55657 0
55767 95
56174 0
56366 94
56370 0
56644 93
56672 93
57266 0
57297 94
57337 0
57428 93
57556 0
57926 91
58045 0
58099 95
58171 0
58373 95
58539 0
58746 91
58760 0
58970 93
59393 0
59615 95
59663 95
59741 95
59953 91
60037 94
60289 0
60391 95
60441 0
60588 95
60631 0
60787 92
60919 0
60927 95
61078 0
61110 93
61120 0
62171 93
62198 91
62201 91
62273 0
62325 93
62416 0
62891 95
63049 0
63091 91
63356 0
63517 95
63577 92
63607 0
63609 93
63647 0
63651 95
63733 0
63745 94
63860 0
63966 91
64066 93
64076 0
64182 92
64236 0
64385 92
64398 0
64415 95
64518 93
64643 0
64825 95
64925 0
65030 91
65146 0
65560 93
65589 93
65611 0
65939 91
65945 0
65988 92
66136 91
66187 91
66373 0
66404 91
66421 0
66524 92
66710 0
66782 91
66813 0
66870 91
66924 93
67035 0
67118 93
67221 0
67264 91
67293 0
67388 94
67520 0
67574 93
67586 0
67662 94
68898 0
69396 95
69840 0
69905 93
69932 0
70082 93
70196 0
70494 92
70558 0
70636 92
70724 0
70771 91
70998 91
71024 0
71103 92
71342 0
71356 91
71376 95
71402 95
71425 0
71701 93
72018 0
72053 95
72129 0
72147 93
72298 0
72464 94
72469 0
72616 92
73015 0
73337 91
73516 91
73552 0
73679 95
73763 95
73800 0
73891 93
74333 0
74653 95
75074 0
75212 91
75373 91
75465 0
75628 95
75630 95
75687 0
75869 93
75899 0
75963 91
76098 0
76400 95
76611 0
76647 95
76858 0
77141 93
77163 0
77354 95
77365 95
77370 0
77458 91
77483 0
77951 93
78123 0
78462 95
78778 0
78805 91
78828 0
78973 95
79039 0
79076 93
79149 0
79543 95
79629 0
79691 92
79775 0
80056 95
80150 0
80601 95
80838 0
80994 92
81654 0
81680 91
81685 0
81720 91
81858 91
82107 0
82208 95
82411 0
82815 93
82841 0
82878 95
83250 92
83598 0
83810 95
84483 93
84646 0
84786 95
84903 0
84985 93
85304 0
85539 95
85795 0
85874 91
85893 0
85991 91
86005 0
86039 95
86058 0
86357 95
86364 95
86642 93
87003 0
87213 91
87680 93
87683 0
87749 93
87769 0
88044 91
88259 0
88280 93
88319 95
88447 0
88545 95
88593 0
88640 91
88895 0
89111 95
89573 0
89882 91
89939 0
90032 95
90122 91
90181 0
90231 93
90262 0
90288 95
90327 0
90368 95
90531 0
90692 95
90785 0
90890 95
90989 95
91015 0
91046 95
91073 0
91248 93
91291 93
91531 0
91781 91
91848 0
92185 91
92298 92
92351 0
92490 91
92534 0
92820 91
92968 0
92971 91
93103 0
93118 95
93293 0
93380 95
93456 95
93499 93
93574 92
93615 94
93671 0
93677 94
93818 0
93990 91
94067 0
94072 95
94081 0
94094 94
94103 0
94392 91
94436 0
94460 91
94556 0
94557 93
94679 0
94687 95
94712 95
94761 0
94955 92
95007 92
95017 0
95021 95
95312 0
95401 91
95489 0
95833 91
96165 92
96405 0
96425 93
96444 91
96522 0
96590 95
96725 0
96862 91
96874 95
96971 93
97236 0
97323 93
97456 0
97463 93
97717 0
97971 91
98037 0
98210 95
98367 0
98557 91
98877 0
99015 91
99076 0
99181 93
99363 0
99645 95
99765 0
99879 92
792 events for 4
49 70
53 0
285 72
372 0
456 68
457 68
636 0
696 68
703 0
1081 72
1204 70
1213 66
1282 0
1286 66
1349 72
1528 0
1545 68
1571 70
1643 0
1830 72
1968 0
2294 70
2433 68
2620 72
2745 0
2929 72
3011 0
3455 70
3468 0
3864 68
4248 0
4435 68
4441 0
4511 66
4624 0
4874 72
4895 0
4950 72
5024 0
5041 72
5096 0
5181 66
5221 0
5309 66
5319 0
5387 72
5494 0
5532 66
5545 66
5831 72
5854 0
6170 72
6180 0
6285 66
6960 0
6989 68
7029 0
7125 72
7335 0
7366 72
7421 0
7774 70
7964 72
7988 0
7996 68
8088 66
8252 0
8253 66
8255 0
8328 70
8343 0
8434 66
8705 0
8888 66
8912 68
9143 0
9164 70
9215 0
9417 72
9485 0
9596 68
9753 0
9791 72
9865 0
10141 68
10654 0
10918 70
11042 0
11112 70
11139 70
11694 72
11881 0
11897 68
12685 0
12763 66
12796 0
12822 70
12914 70
12939 0
13007 70
13660 72
13786 0
13896 70
13982 72
13983 0
14188 70
14225 0
14321 70
14499 0
14532 70
14630 0
14686 72
14736 72
14752 0
14757 70
15432 0
15530 70
15633 0
15682 68
15735 70
15743 0
15831 70
15858 0
16081 68
16114 72
16116 0
16181 70
16189 66
16190 0
16333 68
16440 0
16618 66
16655 68
16738 0
16785 72
16787 70
17085 0
17120 66
17227 0
17397 72
17501 0
17516 70
17610 0
17697 68
17757 66
17794 72
17902 0
18025 68
18208 66
18277 0
18547 68
18890 0
19091 66
19112 66
19163 66
19518 72
19522 70
19638 0
19669 72
19887 70
20122 72
20133 0
20261 70
20293 0
20295 72
20556 0
20753 70
20798 0
20820 68
21079 0
21404 70
21432 68
21512 0
21759 72
22036 0
22386 68
22539 0
22659 72
22754 66
22832 72
23024 68
23101 0
23115 68
23116 66
23548 72
23608 0
23708 68
23884 66
24037 0
24098 66
24100 0
24333 70
24386 0
24663 66
24680 66
24741 0
24800 70
25152 0
25238 70
25306 0
25325 68
25354 0
25521 68
25849 0
25876 72
26195 70
26203 68
26249 0
26301 70
26447 0
26491 68
26560 66
26599 0
26706 72
26714 72
27121 0
27130 72
27136 0
27353 68
27392 0
27401 72
27438 0
27475 72
27490 0
27592 70
27677 0
27795 70
27807 0
28076 72
28114 0
28182 70
28193 0
28227 70
28236 0
28908 70
29096 72
29298 0
29370 72
29555 0
29706 68
30016 0
30061 66
30193 0
30323 68
30482 70
30491 0
30527 66
30618 0
30657 70
30674 0
30773 68
30840 66
31038 0
31124 66
31321 0
31356 68
31630 0
31894 68
31984 0
32046 72
32073 68
32402 0
32503 68
32693 0
32713 70
32803 72
32905 72
33141 66
33178 70
33266 66
33467 0
33484 68
33702 0
33759 72
33903 0
33942 72
34184 0
34410 66
34502 68
34556 0
34560 68
34569 0
34588 72
34638 72
34708 0
34773 70
34944 0
35412 72
35601 0
35847 72
35968 0
36021 72
36072 0
36212 70
36408 0
36559 68
36982 66
37049 0
37083 66
37129 0
37201 70
37205 66
37345 0
37493 66
37694 66
37713 0
38104 72
38190 66
38259 70
38319 70
38331 0
38431 68
38495 70
38602 0
38672 66
39012 0
39035 66
39096 72
39200 66
39381 0
39563 70
39597 0
39677 70
39772 0
39868 68
39946 0
40185 66
40607 0
40724 70
40758 0
41393 70
41396 0
41414 68
41469 66
41539 0
41691 70
41706 68
41819 66
41905 0
42295 70
42307 0
42364 70
42553 0
42709 66
42857 0
43026 72
43192 0
43223 70
43402 0
43523 70
43692 72
43835 0
43901 70
43945 0
44002 66
44344 68
44496 0
44553 66
44636 0
44761 68
44764 0
44799 72
44847 0
45125 66
45559 0
45742 68
45874 0
46006 72
46071 0
46129 70
46178 0
46406 72
46443 0
46505 70
46515 66
46762 0
46966 70
46981 0
47028 68
47334 0
47454 66
47667 68
47975 0
48067 66
48353 0
48606 68
48793 72
48833 68
48836 72
48880 68
49041 0
49287 72
49399 0
49444 68
49499 0
49681 72
49708 0
49727 68
50033 0
50168 66
50291 66
50325 0
50334 68
50350 0
50522 68
50564 0
50582 68
50626 0
50784 68
50801 0
50844 70
50910 0
50922 66
50973 0
51116 70
51204 68
51267 66
51591 0
51782 68
51801 0
51835 66
51849 0
51875 72
51926 0
51963 66
52159 66
52213 0
52258 68
52721 0
53019 72
53276 72
53323 0
53338 66
53512 0
53539 72
53618 68
53670 0
53747 68
53762 0
53876 68
54012 70
54332 0
54465 66
54498 0
54763 66
55053 0
55362 72
55421 0
55479 70
55480 0
55566 66
55656 0
55689 68
55755 0
55764 66
55945 72
55993 0
56126 68
56163 66
56187 66
56207 0
56299 70
56402 0
56516 72
56526 0
56568 66
56622 0
56662 68
56689 0
56797 70
56859 0
56965 66
57004 0
57160 72
57433 0
57607 72
57919 0
58118 68
58601 0
58665 72
58735 72
58802 0
58823 66
58882 0
59142 66
59175 0
59177 66
59788 72
60067 0
60150 66
60158 0
60331 72
60464 0
60492 70
60530 0
60653 66
60698 0
60775 70
60803 68
60920 0
60954 70
60997 0
61223 72
61326 0
61441 70
61485 72
61545 66
61848 0
62036 70
62126 0
62147 72
62157 0
62491 68
62569 0
62591 70
62613 0
62748 68
62754 0
62808 70
62976 0
62979 68
63269 0
63373 68
63384 66
63922 0
64227 66
64276 0
64283 66
64381 0
64486 70
64636 70
64781 0
64821 72
64908 0
64944 66
64957 0
65398 68
65405 0
65578 72
65848 0
66047 70
66166 70
66270 0
66464 70
66595 72
66905 0
66925 66
66928 0
67136 68
67165 72
67203 70
67208 0
67274 70
67290 0
67344 66
67409 0
67434 70
67435 0
67545 72
67563 0
67599 66
67869 70
67878 68
67942 0
68098 70
68198 0
68328 70
68468 0
68575 72
68734 0
69289 66
69336 0
69342 72
69633 70
69872 0
69958 68
69959 70
69991 0
70720 72
70835 0
71025 68
71243 0
71528 72
71584 72
71852 0
72040 72
72156 66
72197 0
72323 68
72914 66
73053 0
73101 72
73110 0
73122 68
73123 66
73143 0
73312 68
73373 0
73417 70
73538 68
73985 72
74010 0
74013 66
74047 0
74189 66
74357 0
74420 66
74612 66
74812 0
75068 68
75091 68
75141 0
75163 70
75185 0
75233 70
75234 0
75360 68
75447 0
75616 68
75728 0
75758 72
75872 0
75873 68
76052 0
76094 68
76184 72
76224 0
76379 66
76412 0
76430 66
76841 0
76879 68
76984 0
77021 70
77092 0
77653 66
77788 0
78011 68
78166 70
78168 0
78300 68
78707 72
78829 0
79216 68
79511 0
79708 66
79965 0
80096 66
80676 0
80869 66
80942 0
81067 70
81104 0
81109 70
81440 0
81475 70
81481 0
81682 66
81833 0
81989 66
82119 0
82392 70
82918 0
83115 66
83117 0
83269 72
83273 0
83302 72
83353 0
83510 72
83534 70
83817 0
84060 66
84074 0
84360 70
84365 0
84722 72
84875 0
84946 70
85037 0
85087 68
85102 0
85241 72
85500 0
85674 72
85924 0
86025 66
86277 66
86344 0
86559 68
86659 0
86802 66
86837 0
86961 70
87027 0
87128 66
87177 0
87193 66
87589 72
87671 0
87840 66
87856 72
87939 68
87952 0
88077 66
88366 0
88558 72
88608 70
88711 0
88840 68
89036 0
89131 70
89154 66
89167 72
89218 0
89509 66
89595 70
89623 68
89666 0
89736 68
89821 0
89868 72
89877 0
90106 66
90351 0
90438 66
90516 0
91120 72
91158 0
91257 70
91583 0
91625 72
92037 0
92191 68
92599 0
92662 68
92806 0
92873 66
93193 0
93283 70
93321 0
93392 70
93603 70
93624 70
93997 72
94192 0
94221 72
94237 0
94239 70
94243 0
94319 70
94607 68
94769 70
94807 0
94843 72
95094 0
95538 68
95577 0
96058 72
96177 0
96212 66
96215 0
96228 72
96402 72
96580 0
96629 68
96675 70
96677 0
96736 68
96806 70
96844 0
96858 72
97071 0
97330 66
97375 72
97484 66
97543 68
97739 0
97975 72
98262 72
98298 0
98446 72
98565 0
98658 72
98860 0
98914 72
98989 0
99070 72
99136 0
99554 70
99601 0
99859 66
205 events for 5
458 25
728 0
1484 25
1537 0
2097 25
2244 25
2658 0
3108 25
3580 0
4250 25
4871 0
6036 25
6589 0
6941 25
6979 25
8421 25
8868 0
8885 25
8901 0
9162 25
9329 0
9581 25
10512 25
10646 0
10748 25
12077 0
12782 25
14367 0
14993 25
16166 0
16213 25
16651 0
16962 25
17337 0
18488 25
18588 0
18594 25
18674 25
19067 0
19517 25
19654 0
19823 25
21160 25
21571 25
21850 0
23433 25
24045 0
24218 25
24679 25
24763 0
25492 25
25896 0
26932 25
27147 25
27858 0
28010 25
28024 0
28277 25
29457 0
29906 25
30131 0
31365 25
31839 25
33324 0
33615 25
34869 25
35402 0
35487 25
35639 0
36060 25
37941 0
39498 25
40546 0
40987 25
41427 25
41996 0
43059 25
43201 0
43228 25
43497 25
43983 25
44182 0
44191 25
44373 0
44666 25
44680 25
44692 25
45793 0
46000 25
46041 0
46518 25
47184 0
47361 25
48038 0
48342 25
48638 0
49128 25
49226 0
49443 25
49570 0
49784 25
49815 0
49847 25
50445 25
50948 0
51549 25
51798 0
51926 25
52250 0
52560 25
52668 0
52741 25
53105 0
53720 25
54315 25
54708 0
55793 25
55815 0
56461 25
56664 0
57086 25
57844 0
59562 25
59858 25
59939 0
60068 25
60100 0
60107 25
61253 25
61460 25
61949 0
62316 25
63358 25
63569 0
63737 25
63812 25
64890 25
65168 0
66748 25
66769 0
68130 25
69715 25
69863 25
70615 25
71196 0
71360 25
71917 0
71951 25
72312 25
73345 0
73765 25
73961 0
74077 25
74334 0
74676 25
74952 0
75084 25
75671 25
77081 0
77692 25
78097 0
78947 25
78949 0
78967 25
79240 0
80019 25
80459 0
80721 25
81597 0
81758 25
81834 0
83089 25
83612 0
83682 25
83829 0
84892 25
84901 0
85192 25
85502 0
86343 25
86438 25
87052 0
87131 25
87202 0
87301 25
87840 0
87854 25
88786 0
88844 25
89971 0
91043 25
92316 0
92720 25
94077 0
94227 25
94382 0
96243 25
96591 25
96618 25
96789 0
98388 25
99021 0
99675 25
99709 0
99975 25
731 events for 6
218 61
420 61
656 0
1145 61
1586 0
1605 61
1754 0
1778 62
1912 0
2061 62
2070 72
2196 0
2274 61
2835 66
3241 0
3343 62
3417 0
3591 61
4040 0
4423 88
4701 0
4706 61
4728 88
4736 0
4751 88
5012 72
5131 0
5266 61
5311 0
5475 88
5552 88
5591 62
5607 0
5743 66
5750 0
6033 66
6778 72
6968 0
7227 66
7315 0
7758 61
7771 0
7778 72
8015 0
8087 61
8128 0
8149 72
8688 0
8691 88
8808 0
8995 61
9009 0
9266 61
9268 62
9298 0
9450 66
9540 72
9600 0
9703 61
9731 72
9765 0
9834 88
9934 66
10297 0
10349 88
10379 62
10577 88
10782 0
10786 66
10802 0
11186 88
11195 62
11304 0
11426 88
11431 0
11595 66
11778 0
12159 72
12204 61
12215 72
12292 0
12322 62
12343 0
12446 88
12483 88
13111 0
13117 66
13185 0
13286 88
13299 0
13656 61
13713 0
13853 61
14005 0
14109 61
14275 0
14420 72
14799 88
14997 0
14998 88
15105 0
15267 66
15635 0
15680 88
15835 0
16081 62
16424 66
16617 62
16748 0
16868 61
16897 61
16907 0
16956 72
16979 72
17290 0
17336 61
17391 0
17666 62
17936 66
17958 0
18031 61
18080 0
18154 62
18259 0
18338 72
18432 0
18659 72
18740 0
18779 72
18902 0
18915 88
19158 0
19189 72
19488 88
19900 0
19934 88
20185 0
20259 61
20263 61
20310 0
20648 61
20651 0
20727 72
20759 0
20773 88
21542 0
21587 61
21675 0
21711 88
21756 88
21938 0
21969 88
21991 0
21997 66
22049 0
22365 88
22585 0
23111 66
23259 0
23301 61
23591 72
23631 0
23787 62
23866 0
24011 88
24012 88
24020 0
24216 62
24242 0
24302 66
24398 0
24435 66
24477 0
24511 88
24667 72
24936 0
24992 72
25144 0
25147 66
25246 0
25313 88
25359 0
25596 72
25801 61
25900 0
25958 61
26000 66
26016 0
26099 62
26122 0
26419 66
26762 61
27007 0
27015 62
27179 0
27632 62
27898 62
27945 61
28013 0
28326 66
28408 66
28420 0
28436 72
28521 0
28671 61
28704 0
28723 61
28806 62
28863 0
28878 72
29249 0
29325 88
29480 0
29485 66
29627 0
29952 72
30057 0
30066 88
30129 0
30390 66
30476 0
30523 62
30599 0
30752 66
31109 0
31390 62
31508 88
31607 0
31609 72
31797 88
31913 0
32059 61
32068 62
32291 0
32419 72
32489 88
32496 0
32556 88
32797 66
32854 72
33326 0
33352 88
33388 0
33534 66
33550 0
33581 61
33784 0
33825 62
33832 0
33879 88
33886 88
34326 72
34397 62
34554 62
34864 0
34935 88
35069 62
35123 61
35258 0
35418 66
35508 61
35514 0
35563 72
35798 66
35885 0
35928 66
35938 62
36004 0
36158 88
36301 0
36370 61
36457 0
36733 61
36857 66
36880 0
36941 72
36948 66
36953 62
37207 0
37803 61
37887 62
38076 0
38478 61
38483 0
38739 88
38867 0
38944 66
39058 66
39244 0
39279 61
39658 0
39905 61
39931 0
39991 88
40223 62
40240 0
40271 72
40337 0
40660 66
40698 0
41213 72
41324 0
41903 66
41909 0
42043 61
42153 72
42234 61
42324 88
42458 72
42505 0
42564 88
42767 0
42857 66
43163 61
43514 0
43751 88
43817 0
43902 66
43993 0
44105 72
44121 0
44176 88
44270 0
44293 66
44325 0
44351 88
44447 0
44541 66
45283 61
45326 72
45438 62
45563 0
45826 61
45859 0
46023 88
46028 62
46045 0
46183 66
46437 0
46441 62
46493 0
46507 66
46666 88
46761 61
46848 0
46961 72
47249 72
47338 66
47567 0
47623 62
47747 0
47751 72
48271 66
48279 0
48327 61
48389 66
48579 0
48633 61
48739 0
49104 61
49125 61
49137 0
49374 61
49508 66
49761 0
49880 72
50035 0
50046 61
50141 0
50731 72
50782 0
50853 62
51012 0
51074 61
51177 0
51269 66
51333 62
51387 66
51652 62
51693 0
51844 61
52000 0
52021 61
52024 0
52204 72
52249 0
52305 88
52388 0
52407 62
52487 72
52549 0
52673 62
52848 0
52892 88
52951 0
53258 66
53553 66
53629 0
53872 72
54428 0
54596 66
54858 0
54897 62
54957 61
55006 0
55013 88
55083 0
55250 88
55411 0
55427 66
55523 0
55638 88
55774 88
55798 0
55851 66
55975 0
56078 66
56168 72
56506 72
56552 66
56578 0
56640 88
56692 0
56713 66
57198 0
57212 62
57366 0
57390 72
57513 61
57700 0
57942 66
57961 0
58091 66
58101 62
58145 0
58460 62
58760 88
58832 0
58964 66
58990 0
59066 88
59073 0
59129 72
59171 66
59200 0
59554 66
59580 0
59582 62
59823 62
59895 66
60245 62
60305 72
60483 0
60500 72
60652 0
61069 62
61220 0
61396 72
61427 0
61487 88
61505 62
61555 0
61643 62
61820 66
62293 88
62444 0
62550 61
62645 0
62811 66
62812 88
63145 61
63163 0
63262 66
63555 0
63581 62
63633 66
63654 0
63678 61
64100 0
64157 72
64170 0
64699 72
64788 0
65053 72
65094 0
65144 62
65326 0
65346 72
65699 0
65730 88
65781 0
65947 66
66415 0
66458 62
66489 88
66515 0
66698 66
67008 72
67075 0
67093 61
67336 0
67397 88
67530 0
67570 72
67585 0
67676 62
67705 0
67750 66
67817 0
68037 66
68111 0
68235 72
68389 0
68541 66
68794 88
68840 0
68913 61
68973 72
69193 0
69274 72
69416 0
69554 62
69649 88
69780 0
69968 62
69997 0
70006 72
70008 88
70145 0
70150 72
70200 72
70547 0
70630 88
70796 0
70977 72
71053 0
71125 66
71162 0
71185 61
71209 0
71333 62
71402 88
71990 0
72012 62
72018 0
72128 62
72140 0
72375 61
72455 0
72518 61
72682 66
72974 62
73018 0
73055 62
73070 0
73445 61
73450 61
73651 0
73867 66
74029 0
74087 72
74194 72
74258 0
74371 62
74600 72
74796 72
75003 0
75011 72
75048 0
75052 62
75226 0
75331 61
75406 0
75479 61
75547 0
75654 72
75931 72
75964 0
76159 61
76391 0
76426 61
76437 66
76480 72
76541 0
76731 62
76929 0
76951 72
77046 0
77314 88
77395 0
78236 62
78311 0
78479 72
78527 0
79001 66
79010 61
79160 0
79680 61
79828 61
79961 0
80032 66
80040 0
80304 66
80349 0
80356 72
80470 88
80718 0
80824 66
80900 0
80916 62
80956 0
81056 61
81250 62
81321 88
81431 61
81563 0
81587 62
81661 66
81670 0
81702 62
81737 0
81772 88
81844 0
82051 88
82079 0
82574 66
82666 88
82892 0
82966 61
83008 0
83301 72
83341 72
83360 72
83550 0
83856 61
83945 0
84188 61
84200 0
84204 61
84223 72
84338 62
84610 72
84770 0
84931 88
85095 61
85287 0
85390 66
85752 0
86317 88
86324 0
86325 61
86383 0
86467 88
86570 0
87044 62
87128 61
87152 0
87428 72
87539 0
87703 61
87761 62
88339 0
88397 88
88441 62
88543 61
88610 66
88651 0
88686 62
88692 0
89040 72
89185 61
89220 0
89280 66
89554 61
89592 88
89664 88
89978 0
90110 66
90356 0
90386 66
90470 88
90584 0
90590 88
90918 0
90924 61
91156 0
91731 62
91954 61
91980 61
92013 62
92397 66
92612 0
93113 62
93391 0
93433 62
93458 0
93500 88
93737 61
93955 0
94117 66
94725 0
94993 62
95157 0
95435 61
95497 0
95542 72
95670 0
95730 72
95799 0
95883 72
95904 72
96122 62
96415 0
96911 61
97246 0
97771 88
97933 0
98184 88
98194 0
98286 61
98429 0
98561 66
99090 0
99239 88
99594 88
99703 88
99737 0
99781 88
99822 88
99871 0
99873 88
299 events for 7
528 58
665 60
790 0
830 60
944 60
1207 0
1782 65
2042 0
2089 60
2256 69
2320 0
2338 65
2704 0
2906 70
4290 69
4589 0
5486 58
5757 0
6151 58
6211 69
6289 0
6728 58
7279 0
7500 70
7590 0
8530 69
9229 0
9459 69
10020 70
10113 60
10651 60
10884 0
11447 60
11469 0
11696 58
11806 0
12088 69
12200 0
12358 70
12446 58
12902 0
13155 58
13226 0
13858 60
14278 58
14799 0
15395 65
15404 0
15729 70
16019 0
16299 70
16314 69
16624 65
16774 0
16824 70
17370 0
17499 65
17949 58
18156 0
18701 69
18797 0
18990 69
19480 70
20143 58
21238 0
21636 65
22028 0
22286 70
22680 0
22964 65
24095 65
24229 60
24337 70
25122 69
25172 0
25206 70
25352 60
25407 65
25603 0
25873 69
26112 0
26563 69
26856 0
27317 69
27392 0
27961 58
28723 0
29865 70
29962 0
30653 60
31564 0
31746 60
32405 70
32489 0
32599 69
32769 0
32977 65
33007 0
33048 65
33133 0
33331 65
33440 69
33521 0
35004 65
35422 58
35844 0
36061 70
36284 0
36448 70
36529 0
37014 58
37130 0
37165 58
37245 0
37477 69
37633 70
38374 0
38884 65
39421 58
39807 0
39843 65
40149 0
40441 69
40654 0
40688 60
41258 70
41837 0
41898 60
41972 60
42195 0
42233 58
42440 0
42470 70
43176 0
43439 65
43770 0
43977 70
44273 0
44287 65
44438 0
45634 69
46009 60
46652 69
46785 0
47236 65
47554 0
48064 58
48937 0
49179 58
49949 0
50931 65
51135 0
51144 65
51656 0
52123 58
52791 0
53105 58
53313 0
53749 69
54073 0
54343 60
54369 65
54848 0
55558 58
55776 0
55908 70
55915 0
56041 70
56264 0
57132 58
57476 58
57952 0
58728 60
59384 65
59427 0
59590 69
60005 0
60211 70
60975 65
61251 0
61805 70
62333 0
62423 58
62982 0
63396 70
63527 0
64269 70
64354 60
65062 0
65116 65
65173 0
65199 65
65264 65
65674 69
66002 70
66180 0
66275 69
66436 69
66640 0
67194 60
67527 58
67711 0
68318 69
68567 69
68793 0
69053 70
69095 0
69418 65
69509 0
69615 65
69665 0
70075 69
70186 0
70439 65
70552 0
70815 65
71495 69
71720 60
72284 65
72514 0
72994 58
73441 65
74862 0
75240 58
75411 0
75632 60
75801 65
76128 69
76858 58
77170 58
77224 70
78038 0
78951 58
79656 0
80315 58
80329 0
80589 58
80870 0
81156 60
81431 0
81944 70
81986 0
83028 60
83101 60
83169 69
83631 0
83713 65
83949 0
84464 70
84779 0
84823 58
85031 58
85513 70
86667 0
86676 60
86779 0
86853 58
87195 0
88032 60
88034 0
88140 58
88192 0
88524 58
88525 58
88709 0
88832 69
88916 0
89760 69
90648 0
90817 65
91745 0
92563 60
92585 65
92708 0
92876 60
92895 0
93640 70
93660 0
94020 65
94038 0
94275 58
94336 0
94339 70
94475 0
94616 69
94752 0
94824 60
96152 0
96361 60
96639 69
96677 0
96763 69
97339 70
97377 0
98328 58
98597 0
99031 58
99152 0
99310 70
344 events for 8
263 59
274 48
547 0
1020 53
1354 0
2516 59
3204 60
3307 0
3557 48
4174 0
4541 47
4548 60
4576 0
4712 48
4735 48
5135 0
5256 59
5260 59
5477 0
5701 48
6007 48
6230 47
6633 0
7406 48
7529 59
7744 0
8618 59
9320 0
9688 59
9717 0
10078 61
10243 0
10478 57
10605 0
10951 57
10991 0
11029 53
11852 60
12225 0
12577 48
12800 0
13522 62
13844 0
13871 60
14389 61
14696 0
15027 61
15035 0
15488 61
15605 53
15753 0
15800 59
15845 0
15867 60
15909 53
15925 53
16748 0
17048 62
17144 0
17982 53
18121 0
18821 57
18968 0
19807 59
20302 0
20374 59
20414 59
20426 0
20586 60
20897 0
20946 53
21012 0
21065 57
21088 0
21232 57
21413 0
23391 48
23910 0
25665 61
25949 0
26385 61
26593 48
27005 57
27949 0
28226 47
29026 61
29286 0
29359 59
29379 0
29436 59
29684 0
29928 48
30230 48
30492 0
30603 62
30801 0
31474 57
31734 0
31890 47
31938 59
32157 59
32695 53
32773 62
33219 0
33348 47
33589 0
33721 60
34424 0
35291 47
35334 0
35697 47
35805 0
36956 59
36966 0
37587 48
37833 0
38135 48
38800 0
38888 48
38910 0
39455 59
39491 48
39509 0
39523 61
39573 59
39885 0
40084 48
40136 0
40210 62
40765 0
40803 57
41494 0
41807 48
42751 0
42899 47
43466 0
43712 57
43908 0
43976 59
44307 0
45029 61
45063 0
45104 53
46143 48
46384 0
46551 59
46663 57
46789 0
47081 60
47808 0
48142 48
48712 0
48744 47
49209 0
49287 60
49327 0
49508 60
49583 0
49829 60
50112 48
50130 0
50822 59
50928 59
51135 0
51752 62
52024 62
52038 0
52582 59
52878 0
52998 57
53099 0
53869 60
53946 48
54278 0
55000 53
55454 59
55547 0
55648 62
55992 0
56183 61
56364 0
56448 48
56578 0
57183 47
57319 0
57337 59
57420 0
58305 53
58611 0
58855 47
59358 0
60572 48
60787 59
60857 0
61048 48
61832 0
61920 48
62229 48
62796 0
64304 57
64305 62
64487 0
64719 61
64742 0
65362 60
65485 0
65486 60
66030 48
66745 0
66834 60
67063 0
67181 59
67421 0
67493 59
67497 0
67555 57
67824 0
68102 59
68444 0
68570 59
68646 59
68698 0
68773 57
68807 48
68907 59
69159 59
69249 0
69434 61
69629 57
69745 59
70339 0
70359 53
70377 0
70554 59
70586 0
70758 61
71283 0
71996 60
72080 48
72216 0
72539 47
72563 0
72845 48
73385 0
73520 48
73731 62
73884 0
74241 53
74863 0
75221 61
75295 53
75452 0
75845 61
75989 48
75997 0
76006 59
76085 53
76316 0
76947 62
78252 0
78308 62
78390 0
78582 61
78756 0
79006 57
79321 0
79534 57
79750 0
79772 48
80144 60
80178 0
80662 59
81015 0
81329 57
81597 48
81847 0
82044 48
82151 0
82390 61
82803 0
83340 57
84162 0
84299 59
85418 48
85549 0
85647 59
85808 0
86083 62
86641 60
86867 0
87169 48
87218 0
87393 61
87462 61
87680 0
87691 59
88057 0
88904 48
89060 0
89466 47
89818 0
89861 48
89999 0
90230 59
90464 0
90625 59
90663 57
90870 0
91254 47
91727 0
92320 57
92382 0
92504 60
92647 47
92860 0
93096 59
93502 0
93528 48
93762 0
94056 61
94236 0
94536 59
94655 0
95482 59
95509 0
95558 61
95609 48
95611 62
95658 0
96326 48
96760 60
96767 59
96953 0
97185 60
97289 59
97346 0
97838 53
98126 60
98293 0
98574 53
99344 0
99549 48
99560 0
99989 57
658 events for 9
111 61
121 0
323 62
414 61
456 0
479 65
617 0
800 61
907 0
1008 62
1252 0
1441 59
1489 62
1669 70
1772 0
2169 70
2236 0
2459 65
2902 0
2950 59
3336 65
3404 0
4030 61
4177 0
4288 62
4309 0
4436 61
4575 62
4953 0
4962 61
5299 0
5390 61
5414 0
5415 59
5428 0
5509 61
5736 0
5832 59
5872 0
6011 62
6173 0
6307 65
6425 0
6443 65
6673 0
6692 61
6969 0
7038 61
7043 0
7325 61
7355 61
7728 0
7792 61
7933 59
8045 0
8396 62
8461 0
8624 61
8946 62
9135 59
9195 0
9258 61
9354 0
9742 62
9795 0
9812 59
10034 0
10157 59
10202 0
10345 59
10528 0
11454 61
11618 0
11644 70
11706 65
11910 0
11979 62
12286 0
12342 61
12409 0
12415 65
12632 0
12645 61
12752 61
12943 0
13465 61
13479 0
13769 59
13846 0
13952 62
14141 0
14160 61
14184 61
14443 62
14491 0
14797 61
14820 59
15086 62
15580 0
15952 61
15999 0
16344 65
16617 0
16939 61
16975 59
17067 0
17157 70
17179 62
17208 61
17243 0
17413 65
17634 0
17671 62
18189 0
18426 62
18566 62
18596 59
18942 61
19140 0
19339 61
19785 0
19838 65
19968 0
20485 59
20593 0
20800 62
20848 59
20858 0
20884 62
20932 62
20976 62
21032 0
21061 65
21066 0
21132 61
21143 0
21387 62
21566 0
22324 62
22371 0
22533 61
22606 62
22734 0
22740 61
22942 61
23123 0
23471 61
23519 59
24203 0
24346 59
24416 0
24504 65
24577 0
24641 62
24643 61
25333 61
25392 0
25429 59
25460 61
25569 0
25692 61
25728 0
25983 62
26223 0
26239 62
26416 59
26625 0
26683 70
26860 0
26952 61
27171 59
27407 0
27550 62
27743 0
27917 61
28145 0
28339 61
28598 0
28997 62
29037 0
29121 61
29352 0
29395 65
29453 0
29522 65
29711 0
29781 62
29861 0
29890 59
30695 0
30716 62
31023 0
31037 59
31089 0
31490 59
32095 62
32256 65
32273 0
32545 62
32686 0
32967 61
32975 0
33251 61
33301 0
33455 61
33489 0
33588 62
33823 0
33924 62
34542 0
34762 61
34862 0
34925 61
35239 0
35253 62
35510 0
35716 70
35841 0
36022 59
36042 0
36095 59
36149 61
36244 0
36457 61
36547 0
36782 61
36805 0
36851 62
36890 0
36910 59
36942 0
37193 61
37234 0
37401 59
37441 0
37465 59
37553 0
37641 70
37771 61
37860 0
38006 62
38088 61
38132 0
38166 65
38180 62
38278 59
38356 61
38374 0
38378 61
38497 0
38503 65
38729 0
38792 59
38819 0
39032 65
39200 61
39461 0
39483 62
39492 0
39902 62
40006 0
40145 62
40197 59
40474 0
40527 59
40677 0
40817 70
41117 0
41136 61
41541 0
41583 61
41767 0
41808 62
41813 0
41824 61
41860 59
41866 0
42155 70
42383 0
42778 62
43128 0
43350 61
43385 65
43416 0
43767 70
43770 0
43839 61
43913 0
44374 62
44428 0
44432 61
44468 0
44686 62
44898 0
45162 62
45223 0
45224 61
45234 0
45415 62
45824 70
46153 0
46357 61
46808 0
47029 59
47060 61
47258 59
47324 61
47759 0
47988 62
48322 0
48461 61
48545 61
48622 0
48729 65
48783 0
49621 59
49806 0
49896 61
50038 0
50376 59
50678 0
50913 61
51452 0
51754 62
51757 0
51781 59
51882 0
52028 62
52435 0
52459 59
52582 62
52684 0
52778 59
52935 62
52984 0
53421 61
53761 0
53839 62
53938 0
53991 59
54012 0
54035 59
54178 0
54196 62
54432 62
54698 0
55125 59
55295 62
55302 70
55682 59
55718 61
55774 0
55994 62
56098 61
56117 0
56177 62
56815 0
56861 59
57027 70
57168 61
57273 0
57284 59
57311 0
58135 59
58280 61
58341 61
58371 0
58501 61
58724 0
58912 65
59033 61
59114 0
59285 62
59433 0
59533 61
59547 70
59774 0
60084 61
60149 0
60596 61
60619 0
60701 70
60714 62
60746 0
60973 61
61227 62
61279 62
61634 59
62134 0
62848 61
62975 0
63044 59
63069 0
63203 65
63488 0
63552 59
63646 0
63672 62
63872 61
64063 0
64142 70
64178 0
64182 59
64330 0
64352 61
64576 0
64727 65
64763 0
64788 62
64791 0
64940 59
64972 0
65102 59
65212 62
65409 61
65423 0
65438 70
65514 62
65563 62
65746 0
65771 61
65823 0
65865 62
65951 0
66030 62
66116 65
66210 0
66335 62
66393 65
66405 0
66474 59
66687 0
66836 59
67116 0
67209 70
67325 0
67379 61
67411 61
67714 61
67873 0
68075 61
68169 0
68333 61
68686 0
68789 65
68832 61
68857 0
68879 61
68927 0
68981 62
69057 0
69297 62
69664 0
70053 61
70057 0
70133 59
70416 59
70826 59
70912 0
71198 61
71355 0
71420 59
71684 0
71743 61
71901 0
72018 70
72057 0
72500 59
72655 0
72695 70
72817 0
72919 62
72923 0
73001 61
73012 0
73114 62
73163 59
73208 0
73226 65
73321 0
73570 62
73658 0
73719 70
73758 61
73759 0
73925 65
74047 62
74088 0
74186 70
74313 0
74325 70
74414 0
74458 62
74464 0
74518 65
74696 59
74746 65
74829 0
74833 62
74987 61
75114 0
75308 61
75334 0
75710 62
75885 61
75913 0
76087 70
76156 0
76322 65
76430 70
76501 70
76877 61
76924 0
76994 61
77166 0
77184 62
77219 59
77353 0
77695 65
77725 0
77744 59
77791 0
77820 62
78086 0
78201 70
78259 65
78350 61
78362 0
78530 61
78598 0
78645 62
78864 0
79615 61
79620 0
79831 61
80095 59
80326 0
80450 61
80728 0
80784 59
80812 0
80836 59
81019 70
81379 0
81702 61
81784 61
81809 0
81969 61
82227 0
82334 61
82366 0
82488 61
82547 0
82791 65
83029 0
83341 61
83790 59
83805 0
83823 70
83940 0
84060 61
84130 0
84630 59
84719 62
85010 61
85199 0
85285 65
86395 0
86532 62
86809 0
87215 61
87252 0
87322 65
87338 61
87671 0
87898 70
87919 0
88415 59
88544 0
88697 59
88700 65
88702 0
88921 65
89173 0
89194 62
89286 0
89549 65
89555 0
89722 59
90149 0
90183 61
90329 0
90352 65
90501 0
90582 70
90770 0
90779 70
91002 70
91241 0
91353 59
91639 0
91707 61
91888 0
91897 65
92062 0
92099 59
92145 0
92156 61
92267 0
92268 61
92659 0
92691 61
92882 62
92928 0
92998 62
93023 0
93029 70
93073 61
93342 0
93626 59
93648 0
93732 59
93743 0
94001 59
94022 0
94169 65
94368 0
94585 61
95134 0
95201 59
95667 0
96143 62
96159 0
96195 61
96368 0
96724 61
96881 0
97098 61
97118 62
97136 0
97516 59
97610 61
97684 61
97733 62
97800 0
97938 70
98003 0
98054 59
98097 59
98532 61
98558 0
98613 59
98618 0
98793 59
98896 0
99008 61
99558 0
99564 61
946 events for 10
297 44
390 44
453 0
488 89
806 0
855 89
883 0
901 44
920 87
1081 0
1173 79
1454 0
1556 89
1634 0
2040 79
2084 0
2124 44
2506 89
2779 0
2972 44
3090 89
3149 0
3259 44
3492 0
3575 44
3602 0
3619 75
3634 0
3687 75
3692 0
3718 79
3876 0
3967 44
4073 44
4233 0
4473 75
4541 0
4557 44
4618 89
4638 0
5085 79
5097 44
5173 0
5362 75
5593 0
5802 44
5864 0
5908 75
5931 0
6000 44
6061 0
6234 75
6275 0
6322 89
6376 0
6407 44
6464 75
6757 0
6844 79
6943 79
6960 0
6982 87
7054 75
7084 0
7202 89
7234 0
7386 75
7431 75
7499 0
7554 89
7599 0
7621 75
7682 75
7756 89
8100 0
8200 44
8246 0
8268 79
8313 0
8350 75
8360 0
8436 79
8653 0
8738 44
8761 0
9048 44
9305 0
9388 89
9512 0
9589 44
9690 0
9854 44
9956 0
10120 75
10246 87
10280 79
10296 0
10406 79
10644 0
10664 75
10670 0
10750 87
10931 0
10999 44
11021 0
11026 75
11142 0
11163 87
11220 0
11269 87
11295 79
11322 44
11365 0
11633 44
11795 87
11798 0
11804 79
11842 79
11847 0
11980 75
12033 0
12046 87
12190 79
12252 0
12366 89
12368 87
12595 0
12832 89
12854 75
13085 0
13136 75
13240 0
13394 87
13483 0
13486 44
13536 0
13807 75
13957 0
14048 79
14091 0
14392 75
14413 0
14722 75
14729 79
14785 75
14873 75
14892 0
14983 44
15071 0
15081 89
15100 87
15153 0
15249 75
15394 44
15510 44
15536 89
15795 0
15908 87
15995 0
16178 75
16397 0
16504 89
16566 0
16845 44
16864 89
16931 79
16958 0
16975 79
17061 0
17095 44
17133 89
17171 44
17195 0
17196 87
17372 75
17388 0
17479 87
17643 75
17671 0
17898 79
18190 0
18237 87
18247 0
18372 89
18423 0
18483 89
18547 0
19085 75
19118 0
19215 79
19388 0
19462 75
19464 89
19537 0
19550 79
19613 0
19616 75
19743 0
19768 75
19850 0
20052 89
20096 0
20134 87
20144 0
20155 75
20274 87
20499 0
20562 87
20627 0
20743 79
20745 0
20759 44
20788 0
20805 89
21140 89
21186 87
21228 0
21256 44
21753 0
22093 79
22132 44
22139 0
22154 89
22185 0
22255 75
22357 87
22552 87
22621 0
22657 79
22859 0
22880 44
23191 44
23253 0
23283 75
23307 0
23637 44
23746 89
23766 87
23790 0
23805 75
23901 0
23945 44
24144 0
24154 89
24278 0
24335 44
24373 0
24578 79
24593 87
24643 0
24699 87
24762 0
24858 75
24963 79
25011 0
25042 87
25063 79
25139 0
25272 79
25327 0
25362 44
25595 0
25695 89
25736 0
25756 89
25774 0
25936 87
26017 0
26037 79
26098 0
26105 79
26147 87
26233 0
26310 79
26326 0
26339 79
26404 79
26426 0
26634 75
27132 0
27170 89
27441 0
27609 87
27644 0
27805 44
27849 0
28007 79
28071 0
28410 87
28497 0
28512 89
28625 0
28778 87
29015 0
29238 79
29442 89
29561 0
29843 89
29996 0
30062 89
30084 79
30413 44
30426 0
30458 89
30530 0
30719 89
30792 75
30834 79
30927 0
30935 44
31170 79
31193 0
31379 87
31414 0
31464 79
31525 0
31663 87
31707 79
31804 0
31943 44
31969 0
32003 87
32093 0
32213 87
32463 0
32534 44
32547 0
32600 87
32613 0
32750 44
32752 0
32921 79
32977 0
33025 87
33059 0
33109 75
33705 75
33846 0
33912 44
34278 87
34345 0
34361 75
34367 0
34464 75
34465 89
34582 0
34642 87
34712 44
34754 0
34829 89
34851 0
34893 44
34902 0
34906 87
34958 75
35086 0
35259 87
35322 75
35358 0
35472 75
35619 87
35625 0
35630 79
35701 44
35916 0
36069 44
36100 0
36105 89
36145 0
36153 75
36223 0
36264 44
36376 0
36484 89
36485 44
36486 0
36765 87
36888 0
37053 89
37162 0
37379 79
37653 0
37718 87
37745 0
37763 87
37924 0
37943 89
37978 0
38020 79
38037 75
38136 0
38172 75
38175 0
38205 75
38240 89
38312 0
38426 89
38515 0
38517 89
38550 0
38598 75
38836 44
38868 0
39096 44
39236 0
39467 87
39492 0
39695 79
39704 0
39864 79
39910 79
39941 0
40081 89
40174 89
40439 0
40477 89
40482 0
40614 44
40658 0
40671 44
40731 0
40777 75
41033 75
41150 0
41193 44
41369 0
41426 44
41436 0
41470 87
41721 87
41873 0
41984 44
42239 0
42336 87
42692 89
42907 0
43012 79
43186 0
43414 75
43434 0
43537 89
43571 0
43717 75
43949 79
43984 89
44378 0
44507 87
44513 0
44750 89
44975 0
45135 75
45174 0
45198 89
45225 44
45393 0
45394 89
45518 0
45686 44
46071 0
46087 89
46212 0
46502 75
46530 0
46532 79
46543 44
46558 0
46642 44
46742 0
46803 89
47056 79
47076 0
47173 89
47186 0
47228 75
47304 44
47446 0
47616 79
47661 0
47688 79
48172 0
48180 44
48254 79
48314 75
48444 0
48537 44
48729 0
48760 89
48843 0
49115 75
49338 75
49460 0
49470 79
50125 0
50159 87
50290 89
50516 0
50570 87
50576 0
50606 87
50700 79
50744 0
50915 87
51091 87
51271 0
51361 87
51462 0
51622 44
51745 0
51880 75
51958 0
52010 79
52127 79
52167 0
52192 89
52320 0
52491 79
53192 0
53202 79
53223 0
53284 79
53500 0
53524 44
53558 87
53586 0
53868 87
53883 75
53996 79
54237 0
54433 87
54723 0
54776 87
54982 0
55262 89
55345 0
55410 87
55600 44
55715 0
55793 89
55929 0
56162 89
56196 87
56541 0
56619 87
56639 0
56928 79
57231 0
57364 75
57500 0
57569 89
57872 75
57887 0
58039 87
58317 0
58458 44
58468 0
58589 79
58901 0
58919 44
58974 44
59001 0
59007 79
59140 0
59345 44
59435 0
59468 89
59537 0
59558 79
59695 0
59864 75
59878 87
60023 0
60092 87
60107 0
60123 89
60205 0
60240 44
60359 0
60433 87
60516 89
60583 89
60594 0
60605 89
60723 0
60825 44
60935 0
61209 44
61216 0
61222 75
61223 0
61242 87
61261 79
61286 0
61617 79
61958 0
61995 75
62128 87
62211 0
62380 89
62529 0
62654 89
63068 0
63401 89
63465 75
63484 0
63580 75
63613 0
63635 75
63748 87
63773 0
63843 87
63908 0
63980 89
64153 87
64272 44
64311 0
64361 44
64378 0
64392 87
64505 0
64526 44
64533 0
64655 89
64806 0
64818 87
64848 0
64875 79
64880 0
64988 75
65532 0
65681 44
65892 0
65916 79
65959 0
66064 87
66114 0
66128 79
66287 89
66298 0
66519 89
66524 75
66558 44
66561 0
66575 75
66678 0
66807 79
66873 0
66913 87
66927 0
67147 44
67293 44
67346 0
67391 75
67660 0
67704 89
67712 0
67978 75
68104 0
68133 87
68213 0
68379 87
68492 0
68577 87
68911 0
69160 79
69183 0
69392 79
69414 0
69423 75
69638 44
69693 0
69903 75
69977 44
70175 0
70367 87
70509 0
70539 75
70735 0
70776 79
70803 0
70892 75
70994 0
71138 44
71149 0
71305 87
71315 87
71465 75
71545 0
71597 44
71620 0
71676 79
72034 44
72278 0
72326 89
72758 0
72933 44
72992 0
73093 89
73164 0
73228 75
73267 0
73308 87
73390 0
73404 75
73467 0
73711 87
73794 0
73887 44
74206 0
74220 89
74393 87
74475 0
74722 87
75310 79
75415 0
75423 89
75493 89
75694 0
75734 87
75754 0
75836 89
76011 0
76120 89
76155 0
76263 75
76410 0
76487 89
76490 0
76708 44
76819 0
76915 89
77026 0
77086 89
77117 0
77229 44
77287 0
77614 75
77966 79
78003 44
78376 0
78396 87
78719 0
78958 44
79114 44
79170 0
79203 89
79228 0
79241 44
79263 0
79478 44
79978 0
80075 87
80205 79
80216 0
80292 44
80430 44
80484 0
80596 44
80740 0
80818 89
80821 0
80896 79
81193 0
81250 79
81299 44
81753 87
81763 0
81840 79
81989 0
82087 75
82241 0
82610 87
82840 87
82853 87
82971 0
82979 44
83111 0
83147 75
83272 0
83338 87
83565 0
83754 89
83856 0
83891 89
84088 0
84208 79
84293 0
84386 87
84642 44
84644 0
84651 89
84809 0
84935 75
85014 0
85182 44
85301 0
85376 75
85501 0
85572 89
85723 0
85850 44
86073 0
86082 89
86193 0
86497 79
86578 0
86708 44
86729 75
86733 89
87042 0
87223 89
87231 0
87313 79
87398 0
87407 79
87413 0
87600 89
87764 0
87964 89
88074 0
88130 79
88258 0
88540 89
88572 79
88729 0
88788 87
88832 0
89018 44
89410 79
89443 0
89468 75
89498 0
89605 79
89614 44
89843 0
89860 44
90067 0
90143 44
90160 0
90259 89
90337 0
90449 79
90696 0
90742 44
90835 0
90962 44
90979 0
91006 89
91018 0
91041 44
91189 0
91191 87
91289 0
91325 89
91439 75
91448 0
91559 87
91804 44
91961 0
92208 79
92216 0
92445 75
92527 0
92548 75
92560 89
92691 87
92736 0
92743 44
92768 0
92920 89
92955 0
93084 44
93278 87
93392 0
93399 44
93563 44
93583 89
93593 0
93638 44
93675 79
93694 0
93702 89
93815 0
93876 75
93960 0
94015 89
94282 0
94336 79
94531 79
94760 44
94835 0
94836 44
94873 0
94911 75
94937 0
94949 79
95041 0
95135 75
95258 0
95346 79
95393 0
95403 75
95488 44
95503 0
95697 75
95700 44
95709 87
95868 0
95950 89
95959 89
96498 0
96505 89
96509 0
96518 87
96745 75
96847 0
96890 87
96892 44
96896 87
97120 0
97132 79
97196 44
97393 0
97523 75
97526 0
97531 79
97660 0
97782 75
97907 0
97916 75
98006 0
98229 89
98271 0
98416 79
98589 0
98627 44
98657 89
98666 0
99108 44
99185 0
99296 87
99440 0
99522 89
99650 0
99858 75
99883 89
99969 44
224 events for 11
241 20
2337 0
3017 19
3466 0
3691 28
3817 0
3851 39
4379 24
4396 28
4660 24
4723 0
5139 24
5253 0
5874 20
6032 28
6078 0
6237 20
6314 0
8097 28
8195 0
8636 36
9048 0
9075 24
10000 24
10298 0
10328 39
11048 39
12599 0
12738 39
13463 0
14233 19
14979 0
15742 39
16439 0
16770 39
18221 0
19036 36
19230 0
20554 19
20614 0
20767 20
20847 0
20866 19
21348 0
21396 20
21527 24
21769 0
21942 36
22665 24
23271 0
24252 20
26247 0
26597 28
27215 0
27610 20
27811 0
28479 28
28710 0
29043 19
30779 0
30980 28
31983 20
32136 0
32593 20
33879 20
34010 19
35098 0
35560 28
35617 19
35648 0
36499 20
36996 0
37008 39
37505 28
38008 20
38017 0
38693 19
39449 20
39473 0
39625 28
39882 0
40099 28
40104 0
40330 20
41784 36
42241 28
42646 0
42973 19
43204 0
43324 19
43529 0
43833 20
44339 0
44402 28
44537 0
44964 20
45002 0
45450 20
45774 28
46211 0
46349 28
46380 19
47166 36
47463 0
47475 28
47845 19
48401 0
48429 24
48868 0
49021 36
49190 0
49347 39
49669 0
50519 20
50783 0
51334 20
51501 0
52529 36
52636 39
52960 0
53077 36
53185 0
53197 39
53351 28
53866 0
54036 20
54608 0
54858 39
55120 0
55255 24
55597 0
55649 20
57683 0
57781 39
57821 36
58717 36
59078 28
59337 0
59350 39
59492 0
59772 36
61049 0
61912 36
62227 0
63882 28
64070 0
64079 39
64256 19
64389 0
66512 24
66733 0
68154 20
68299 0
68352 24
69088 0
69349 36
69781 0
70075 24
71297 0
71929 28
72030 39
72788 0
73840 39
74069 0
74519 20
74576 0
74589 20
75011 0
75268 39
76500 0
77794 24
77998 0
78566 28
78982 0
79062 39
80142 0
80253 28
80362 0
80374 19
80834 28
81265 0
82182 20
82735 24
83420 24
83695 36
83768 0
84195 19
84781 19
85355 39
85414 20
85667 0
86843 39
86939 0
87265 24
87663 0
87992 39
88094 0
89122 39
89970 0
90024 24
90708 0
90995 24
91028 0
91191 24
91293 0
92604 19
93440 0
93668 19
93698 0
93749 28
94111 24
94720 0
95744 39
95920 0
95969 20
96772 0
96986 28
97238 0
97655 20
97752 0
98355 36
98974 0
99332 39
99986 0
549 events for 12
488 71
558 0
678 71
748 0
770 32
931 0
1450 50
1667 0
1704 71
2195 0
2231 32
2401 0
2635 57
2750 0
2762 71
3071 0
3685 52
3786 0
4143 52
4533 0
4872 32
5022 0
5115 50
5317 0
5470 57
5622 0
5841 71
5863 71
6275 0
6356 71
7480 52
7670 0
7673 50
8105 0
8310 71
8330 0
8466 50
8554 0
8628 50
8678 0
8823 50
8975 0
9101 52
9318 0
10196 52
10219 0
10224 71
10246 52
10300 0
10663 71
10675 57
10686 0
10839 50
10856 0
10923 32
11038 0
11295 32
11301 0
11390 32
11928 0
12107 32
12116 0
12150 52
12651 0
13190 52
13442 0
13555 50
13560 0
13806 50
14237 57
14292 0
14486 32
14800 0
15507 57
15800 0
15983 57
16085 0
16238 71
16484 0
16600 32
16648 0
16804 57
16856 0
16884 32
16939 57
16969 0
17063 57
17087 0
17172 57
17262 0
17270 57
17771 0
18080 57
18174 32
18294 0
18312 32
18605 0
18718 71
19635 0
19774 32
19955 32
20426 50
20543 71
20574 0
20826 57
20964 32
21051 0
21194 50
21232 0
21281 57
21408 0
21418 57
21798 0
21815 32
21826 57
21958 0
22296 57
22309 0
22341 71
22589 0
22632 71
22842 0
23517 52
23567 0
23667 32
23717 0
23726 71
23740 0
25058 52
25436 0
25717 50
25855 0
25875 52
25951 0
25952 32
25967 0
26104 71
26201 52
26227 57
26350 0
26381 50
26417 0
26469 32
26604 57
26611 50
26686 0
26693 32
27009 0
27042 32
27097 0
27171 32
27224 0
27251 57
27454 0
27523 57
27807 0
27950 71
28024 0
28345 71
28578 0
28717 50
28952 52
29459 50
29834 0
29994 32
30299 0
30543 32
30619 0
30833 32
31006 0
31169 50
31321 0
31401 50
31583 0
31993 71
32353 0
32374 52
32663 0
32720 71
33358 32
33432 0
33913 52
33973 0
34114 57
34932 52
35092 57
35107 0
35682 52
36062 0
36327 57
36573 0
36830 50
37053 0
37133 52
37201 0
37554 57
37569 0
37587 50
37630 0
37808 57
37947 32
37976 0
38171 52
38183 0
38489 32
38547 57
38557 71
38850 57
38898 52
39035 0
39047 57
39368 0
39699 57
39830 0
39881 57
39917 71
40057 0
40196 71
40332 0
40788 32
40841 0
40882 32
41775 0
41898 32
41952 0
42012 32
42284 57
42341 50
42572 0
42626 52
42750 50
43140 0
43263 57
43450 0
43624 50
43663 50
43750 50
43808 0
44213 57
44282 0
44766 32
45204 0
45228 52
45328 0
45556 52
46175 0
46273 52
46289 0
46572 57
47198 32
47239 57
47655 50
47670 50
47718 0
47734 57
47797 0
48490 71
48562 0
48714 71
48952 0
49205 50
49639 0
49752 57
49823 0
49959 57
50141 0
50174 50
50531 71
50538 0
50666 71
50814 0
50831 52
51100 0
51271 50
51784 57
51839 0
51848 71
51892 71
51958 0
52024 32
52263 0
52550 52
52598 0
52960 32
53832 0
54028 32
54445 71
54531 50
54556 0
54646 52
54820 0
54834 32
54878 0
55093 57
55096 0
55378 71
55474 0
55549 71
55620 0
55646 32
56104 0
56269 52
56318 71
56321 0
56657 57
56771 0
56780 50
56960 50
56986 0
56998 50
57229 0
57507 50
57790 0
57900 71
57959 71
58140 0
58395 57
59023 0
59116 32
59190 0
59294 52
59464 0
59521 71
59754 0
59987 32
60013 0
60047 32
60195 0
60304 57
60352 0
60854 71
60903 71
61052 71
61114 32
61348 0
61560 71
61639 57
61656 0
61839 52
61927 57
62137 0
62243 50
62252 0
62459 57
62771 0
63834 52
63856 0
64055 50
64158 0
64308 50
64612 0
64676 57
64811 0
65138 52
65190 0
65214 57
65325 0
65426 57
65908 32
66116 0
66537 57
66544 0
66777 57
67018 50
67020 0
67138 71
67577 0
67581 52
67599 0
67606 57
67841 0
68182 71
68652 0
68875 52
68966 0
69278 57
69874 0
69926 71
69960 32
70454 0
70707 57
70749 0
70894 71
70994 52
71076 0
71085 32
71192 32
71256 0
71338 50
71667 71
71673 0
71700 71
71944 0
71996 50
72276 71
72287 57
72630 0
72867 32
72922 57
73017 57
73279 50
73311 50
73375 0
73566 71
73808 50
73835 71
73923 0
74006 71
74183 32
74213 71
74394 52
74552 57
74626 32
74663 0
74672 52
74831 32
74919 0
75676 32
75716 0
75761 50
76689 32
76745 0
76866 52
76888 57
77244 0
77305 71
77588 0
77752 57
77799 52
77895 0
77981 50
77983 0
78066 50
78478 0
78491 50
78606 0
78809 71
78889 0
79423 57
79568 57
79709 32
80228 0
80290 71
80368 0
81111 71
81186 0
81361 52
81778 32
81798 71
82000 0
82020 32
82091 0
82331 57
82353 0
82517 52
82821 0
82838 52
82881 0
83283 50
83386 71
83604 0
83708 71
83818 0
83959 57
84228 50
84335 0
84385 71
84398 57
84463 0
84533 57
84582 57
84614 57
84663 0
84688 52
84698 57
84773 0
84956 71
85011 0
85259 50
85318 50
85333 0
85364 71
85809 0
85859 57
85863 0
86216 32
86376 0
86465 71
86496 57
86718 0
87046 52
87253 0
87365 52
87467 0
87551 71
87583 0
87693 52
87743 57
88418 0
88442 32
88557 0
88637 32
88727 0
89125 71
89937 71
90176 0
90260 71
90315 32
90331 0
90357 57
90836 0
91418 57
91606 57
91632 0
92021 32
92042 0
92214 71
92265 32
92452 0
92584 52
92822 0
93111 50
93150 0
95148 50
95243 0
95332 57
95750 0
95857 32
95984 0
96144 50
96257 0
96261 52
96338 0
97267 57
97545 0
97557 71
97595 50
97643 0
97809 52
97825 0
98219 52
98547 0
98933 71
99173 0
99205 50
99433 0
99652 32
99730 0
99955 57
252 events for 13
179 75
760 53
1058 0
1230 55
1276 57
1337 0
1445 63
1455 63
2332 0
2482 65
2807 0
2849 75
4360 0
5590 65
6198 0
6711 75
6845 0
6956 65
7376 0
7931 75
8970 55
8978 0
10033 51
10171 75
10238 0
10410 65
10474 0
11186 51
11320 0
11754 57
14403 53
15019 0
15228 75
15323 0
15797 63
16004 53
16081 0
16648 51
17265 57
17589 65
18127 0
18225 75
18240 75
18768 0
20175 51
21005 0
21076 63
21081 63
21442 55
21872 65
21971 0
22006 51
22216 0
22705 75
23188 53
23356 75
23565 0
24015 75
24155 63
24769 55
25203 0
25347 65
25470 51
25955 65
27439 0
28206 53
28274 0
28599 65
28612 63
28686 0
28786 51
29014 63
29113 57
29238 0
29751 53
30059 0
31470 51
31522 0
31594 63
31909 0
32059 75
32241 0
32425 55
33861 0
35696 65
35917 0
36620 63
36664 63
36942 0
37240 57
37812 65
38141 0
38316 51
38420 0
38458 57
38614 0
39072 53
39207 0
39967 75
41314 0
41615 63
42065 55
43500 0
43538 53
43575 0
43701 63
43971 57
44541 0
45201 75
45283 0
45628 55
47827 0
48784 65
48830 0
49689 65
49840 0
52097 53
52416 0
52686 55
53788 0
53849 75
53891 0
53938 75
53995 0
54072 75
54399 0
55779 55
56317 0
56669 53
57007 65
57190 0
57801 51
58138 0
58690 75
59277 0
59750 63
59886 65
59953 75
59992 55
60145 0
60609 53
61040 0
61054 57
62379 0
62679 63
62744 0
62963 63
63088 0
63312 51
63358 0
63623 55
64019 0
64281 55
64427 75
64865 0
64912 57
65148 0
65387 57
66796 0
67023 65
67666 0
67908 53
68754 0
69115 53
69377 75
69546 0
69695 75
69895 0
71437 51
72306 0
72759 65
72825 0
72863 75
72883 0
73128 75
73146 57
73753 75
74648 65
74693 0
75054 55
75098 0
75444 55
75595 63
76216 0
76419 55
76988 0
77185 55
77580 63
77621 0
77757 75
77840 55
77877 0
77917 55
78019 0
78084 63
78460 0
78796 63
78942 0
79280 75
79633 0
79638 53
80339 0
80633 75
81442 0
81453 55
81671 53
81774 0
82027 75
82618 0
83793 65
84416 0
84690 53
85571 0
85588 57
85639 0
86048 57
86079 0
86090 57
86768 63
87035 0
88170 53
88444 0
88918 51
89335 0
89608 51
89803 0
90642 57
90660 0
90678 55
90995 0
91096 55
91344 0
92064 75
92684 0
92713 53
93044 0
93233 57
93439 63
95089 0
95131 53
95871 0
96184 63
96693 0
97211 51
97359 0
98144 65
98754 0
98826 55
99218 0
99412 53
99675 0
99774 63
298 events for 14
4 20
75 22
118 0
658 20
846 0
1317 40
1572 73
1904 0
1949 22
2754 20
3771 0
3955 40
4395 0
4487 63
4532 63
5021 63
6012 22
6265 0
7000 20
7625 0
7688 22
8529 0
8615 40
10033 22
10167 63
10369 0
10906 40
11305 0
11430 22
11513 0
11549 20
12188 73
12262 0
12435 73
12506 0
12533 73
13425 63
13845 0
13917 22
15788 0
15910 20
16441 0
16538 73
16732 0
16972 22
17071 0
17436 22
18083 20
18463 0
18475 73
18528 0
18716 40
18760 20
18850 0
18869 22
18979 0
19219 40
19288 63
19363 0
19472 20
19527 0
20801 20
21045 40
21071 73
21211 0
22091 63
22511 73
23011 40
23282 0
23527 73
23620 0
23768 73
23886 0
23994 63
24006 0
24563 40
24720 0
24780 73
25234 0
26021 22
26053 0
26078 20
26081 20
26166 40
26265 0
27224 40
28158 0
28484 40
28571 0
28845 20
29229 0
30083 63
30968 0
31288 73
31413 0
32115 22
32162 0
32259 22
32364 73
32594 0
33444 40
33645 0
33691 73
34715 0
34971 22
35019 0
35261 73
35285 20
35568 0
35600 73
36259 0
37167 20
38161 0
38469 20
38529 0
38609 73
38890 63
38926 0
40149 40
40549 0
40748 73
40913 22
41713 0
42372 20
42629 0
43089 63
43719 0
44464 73
44984 22
45066 63
45621 63
46194 0
46206 20
47300 73
47772 22
48398 0
48415 63
48911 63
49124 0
49474 73
49927 0
50046 40
50348 20
50380 0
50633 22
50688 0
51671 22
51720 0
52032 40
52984 0
53422 73
53608 0
53694 22
54731 0
54908 22
55078 20
55146 0
56249 20
56465 0
56757 63
56993 0
57878 73
58343 0
58991 22
59896 0
59951 22
60040 20
60326 0
60517 63
60732 73
61279 0
61645 63
61943 22
62114 40
63648 0
63695 40
64118 0
64294 63
64927 73
65028 0
65030 20
66068 63
66125 73
66495 0
66773 73
67004 0
67051 20
67080 40
67081 0
67594 73
67611 0
68931 40
69122 22
69348 0
69784 22
70256 63
70660 40
71066 0
71424 40
71612 0
72012 22
72221 0
72652 20
72753 0
72829 40
73084 0
73317 40
73477 0
73480 40
73520 0
73812 22
73999 63
74394 0
74798 73
75195 0
75370 63
75528 20
75657 73
76074 0
76629 63
76726 20
76793 63
77025 0
77088 20
77593 0
77842 40
78117 20
78299 0
78319 20
79202 0
79300 73
79814 0
80329 22
80506 0
80523 22
80849 20
80857 22
80860 40
80992 0
81001 40
81260 73
81420 0
82262 40
82571 0
82746 40
83214 0
83235 73
83476 63
83515 0
84480 73
84592 0
84597 73
85870 40
86192 0
86298 40
86315 63
86596 73
86852 20
87157 20
87429 0
88781 22
89040 0
89199 63
89421 0
89659 20
89934 0
90034 40
90110 0
90497 73
90769 0
91196 20
91332 0
91653 73
93339 63
93485 20
93719 63
93905 22
94096 0
94182 63
94315 63
94746 0
94893 20
94915 0
95077 20
95090 73
96008 0
96135 73
96298 0
96809 20
97294 0
97412 20
97463 0
97669 22
97690 22
98223 40
98754 73
98933 63
99204 73
402 events for 15
97 36
306 0
539 38
570 33
679 0
711 34
798 0
841 39
846 0
856 34
1177 0
1309 36
1687 0
1756 36
1865 34
2197 0
2230 36
2366 0
2530 36
2633 0
2782 33
3384 0
3547 34
3572 0
3608 39
3811 0
3821 39
4005 0
4039 36
4142 0
4464 38
4778 0
4834 33
5751 0
6135 38
6165 38
6409 0
6457 39
6749 0
7330 34
7377 0
7477 38
7995 0
8190 33
8441 0
8455 36
9204 38
9292 0
9867 33
10010 0
10022 34
10665 0
11113 34
11463 0
11504 33
11794 39
11825 0
12143 36
12640 0
12864 38
13500 0
13502 36
14642 38
14871 34
14980 0
15596 39
15610 0
16096 34
16250 0
16491 36
16495 0
16591 36
16938 0
16945 36
17071 0
17724 36
17951 0
18018 34
18133 0
18200 36
18265 0
18323 39
18643 0
19369 34
20790 0
21341 38
21589 34
22381 34
22429 38
22855 0
23072 36
23164 0
23324 39
23817 0
23868 36
23894 34
24015 0
24174 39
24414 34
24441 33
24483 0
24849 33
24993 0
25172 33
25646 0
26049 34
27121 0
27689 38
27941 0
28128 34
28140 34
28147 0
28263 36
28272 38
29249 0
29518 38
29724 39
30580 38
30593 0
30738 34
30798 0
30872 36
30990 33
31048 0
31092 39
31170 0
31175 38
31232 0
31235 38
31456 0
31494 38
31528 33
31652 0
31688 36
31873 0
31906 36
31946 0
32169 33
32331 0
32634 38
32667 36
32702 0
33005 39
33353 33
33845 0
34305 38
34424 0
34707 38
34947 0
35005 36
35073 0
35180 39
35443 34
35896 0
35997 34
36027 34
36071 0
36116 34
36721 0
36748 36
36926 0
37445 34
37602 34
38618 0
38685 39
39013 0
39251 36
39281 0
39540 36
40191 36
40277 0
40322 39
40715 0
40752 34
40853 0
41047 33
41359 0
41546 34
41635 36
42195 0
42281 36
42404 0
42764 39
42782 0
43235 34
43469 0
44158 33
44181 0
44241 39
44451 0
44832 36
45804 0
46018 36
46186 36
46462 0
46641 36
47048 0
47722 33
47732 39
48111 0
48249 38
48264 36
48296 36
48724 0
49029 36
49296 0
49307 36
49359 34
49979 0
50363 33
50503 33
50533 0
51056 36
51501 0
51731 39
52230 39
53084 0
53247 33
53523 0
53696 36
53757 33
53824 33
53987 33
54231 0
54461 33
55931 0
55943 34
56306 0
56447 36
56549 39
56633 36
57017 33
57261 39
57446 0
57487 36
58023 0
58443 36
58715 0
59043 39
59059 0
59134 34
59517 34
59525 0
59586 38
60192 38
60242 0
60309 38
60360 0
60545 33
60632 0
60746 36
60914 0
61019 36
61043 0
61177 33
61527 0
61673 34
62083 0
62389 36
62528 39
62618 0
62700 33
62952 0
62962 36
63134 0
63136 36
63286 0
63446 36
63463 0
63657 39
63727 34
63778 34
64661 0
65026 38
65270 33
65416 0
65518 36
65563 0
65575 38
65604 34
65613 0
65670 38
65936 0
66164 34
66621 0
67899 33
68102 0
68152 34
69121 0
69901 36
69917 0
70275 36
70277 0
70434 34
70519 0
71089 34
71389 0
71450 39
71782 0
71885 39
71943 0
72290 33
72305 36
72374 0
72930 38
72958 36
73216 0
73291 34
73685 0
73890 38
74340 0
74573 34
74721 33
74777 0
74865 36
75296 39
75591 0
75775 39
76019 0
76377 39
76416 0
76622 34
76711 0
76881 33
77097 34
77137 0
77220 34
77517 0
77854 33
78204 0
78389 39
78845 0
79798 36
81055 39
81584 34
82356 0
82865 36
82928 34
82957 0
83311 33
83458 0
83863 34
84078 0
84546 38
84968 0
84969 34
85194 0
85584 36
85666 0
85721 33
85769 38
85882 34
86404 0
86609 38
87104 36
87342 0
87477 34
87735 33
87852 0
87949 38
88065 36
88806 0
88868 36
89141 0
89473 38
89507 0
89810 38
90958 0
90959 33
90969 0
90989 39
91862 34
91947 36
92850 38
92988 0
93640 36
93816 36
93837 0
93877 34
94103 34
94339 0
94501 34
94947 34
94979 0
95193 36
95205 0
95305 38
95715 0
95828 34
96022 0
96659 34
96840 0
97033 36
97396 38
97481 39
97582 0
97724 36
97841 0
98846 33
99018 0
99302 38
99475 0
936 events for 16
294 78
390 0
409 85
430 0
524 70
599 84
611 0
652 77
938 0
1029 70
1207 0
1312 83
1422 77
1470 0
1692 77
2111 68
2354 0
2423 83
2732 0
2765 83
3115 83
3153 83
3379 85
3489 70
3525 0
3558 85
3625 0
3738 85
3810 0
3889 70
3997 83
4080 0
4217 78
4290 86
4599 0
4689 68
4795 78
4916 0
5005 78
5081 0
5214 78
5311 84
5337 0
5419 83
5629 0
5671 85
5714 0
5802 68
5883 0
5908 85
6179 0
6221 85
6475 0
6495 84
6866 0
6961 68
6964 0
7025 80
7139 0
7219 80
7400 0
7488 78
7594 0
7751 86
7873 0
8097 78
8191 85
8220 0
8263 70
8337 0
8355 80
8414 0
8567 68
8607 0
8629 77
9203 0
9414 70
9526 0
9576 70
9645 0
9760 83
9995 80
10279 83
10285 80
10352 0
10386 85
10424 0
10535 85
10682 78
10854 84
10899 0
11002 84
11108 0
11121 85
11206 85
11228 0
11324 68
11335 84
11406 0
11427 86
11480 86
11722 0
11769 68
11782 0
11962 68
11970 70
12070 0
12119 83
12259 78
12321 80
12332 80
12362 0
12379 70
12479 0
12498 85
12544 0
12635 77
12698 0
12721 78
12753 85
12939 85
12943 85
13011 0
13043 68
13354 0
13545 70
13613 84
13632 0
13678 68
13733 0
13805 70
13841 0
14312 83
14459 0
14616 70
14770 83
14819 70
14983 0
15080 84
15147 0
15454 83
15483 68
15730 85
15872 0
15953 86
16157 78
16314 0
16527 83
16534 78
16810 0
16990 80
17118 0
17173 84
17176 83
17433 0
17454 85
18078 70
18108 0
18179 84
18257 0
18356 68
18377 0
18729 70
18808 0
18833 84
18938 70
19017 0
19369 77
19602 0
19717 84
19818 85
19837 0
19852 84
20064 0
20236 84
20287 0
20301 85
20428 0
20583 77
20592 0
20615 70
20636 0
20799 70
21055 0
21132 86
21151 0
21316 85
21324 0
21571 70
21579 0
21678 77
21732 0
21767 77
21777 0
22063 83
22064 70
22385 0
22392 70
22425 0
22575 84
22869 0
22956 77
23240 0
23284 68
23406 0
23519 83
23664 77
23712 0
23854 68
23855 83
23908 0
24087 77
24148 0
24295 77
24382 70
24386 0
24583 68
24664 77
24697 0
24708 77
24731 0
24858 68
24909 0
24953 78
25011 0
25017 78
25094 85
25184 0
25362 84
25617 0
25630 80
25661 0
25752 80
25835 0
25909 78
25974 0
26174 86
26566 0
26679 83
26729 78
26805 0
26962 68
27021 77
27054 77
27106 86
27161 85
27236 0
27298 68
27407 0
27488 77
27497 0
27720 78
27814 0
27939 85
28021 0
28232 85
28273 0
28396 85
28484 0
28513 68
28632 0
28749 68
28910 0
28960 84
29056 0
29060 78
29183 68
29441 86
29519 68
29537 0
29563 80
29586 0
29698 70
29712 0
29721 70
29726 0
29729 80
29848 0
29971 78
30027 0
30095 68
30234 0
30374 83
30548 78
30585 86
30592 68
30676 84
30766 0
30780 83
30975 0
31017 84
31304 0
31947 78
31957 0
32238 80
32270 70
32329 0
32369 80
32476 0
32516 85
32560 0
32757 68
32941 0
32972 70
33103 0
33176 78
33210 80
33215 84
33247 84
33946 0
33967 83
33988 0
34059 68
34062 0
34114 78
34132 0
34169 83
34409 0
34425 86
34746 0
34889 77
35006 0
35051 86
35124 0
35147 77
35151 0
35226 85
35231 0
35489 85
35545 78
35576 0
35837 83
35938 0
36013 80
36016 0
36128 78
36222 0
36240 86
36272 0
36294 80
36336 0
36547 78
36592 85
36653 0
36724 68
36836 0
37018 86
37362 0
38030 78
38136 0
38202 84
38634 85
38642 70
38643 68
38789 77
38956 0
38986 80
39099 0
39100 84
39123 0
39291 84
39296 70
39344 84
39561 0
39617 77
39834 0
39860 70
39861 0
40001 70
40190 0
40291 85
40310 0
40384 85
40438 80
40483 70
40523 0
40665 84
40825 80
40918 70
40965 0
41152 70
41272 0
41288 84
41393 0
41431 77
41569 0
41716 84
41719 84
41754 0
41824 85
41895 0
41926 77
42031 86
42194 70
42227 80
42259 0
42292 85
42505 0
42608 84
42670 85
42697 0
43073 83
43207 85
43432 0
43458 83
43611 86
43612 0
43703 78
43806 0
43811 84
43937 0
44102 78
44440 0
44559 80
44704 0
44834 70
45136 70
45168 78
45255 78
45592 0
45671 86
45737 0
45855 83
45896 83
46144 70
46158 78
46271 77
46328 0
46502 85
46529 0
46830 84
46898 86
47160 78
47258 0
47344 85
47419 80
47520 0
47544 68
47783 0
48011 78
48076 0
48166 85
48201 0
48240 83
48630 0
48716 68
48757 0
48854 86
49024 0
49106 80
49139 84
49244 86
49271 0
49472 68
49592 0
49637 68
49750 0
49981 68
50041 0
50074 84
50166 0
50172 78
50182 0
50295 84
50344 0
50587 70
50616 0
50917 68
50961 0
51018 84
51052 0
51086 77
51107 0
51113 86
51186 68
51288 0
51320 84
51351 0
51646 83
51669 86
51745 78
52107 0
52173 80
52195 0
52671 68
52702 68
53045 0
53117 78
53173 0
53303 86
53316 0
53442 84
53576 0
53681 80
53747 0
54127 80
54193 0
54305 86
54388 0
54433 86
54695 70
54705 0
54716 84
55025 0
55114 84
55251 0
55321 80
55399 68
55449 77
55861 83
55928 0
56065 80
56118 0
56136 80
56250 85
56257 86
56349 0
56354 86
56484 85
56496 0
56555 68
56588 68
56656 0
56717 85
56767 0
56780 70
56810 0
56972 85
57163 0
57206 86
57208 0
57353 83
57491 78
57729 0
57743 84
57774 0
58058 84
58220 68
58291 0
58348 70
58365 86
58458 0
58464 83
58505 0
58623 70
59002 0
59071 77
59106 0
59480 70
59581 0
59740 80
59745 77
59781 78
60224 0
60237 84
60254 0
60572 83
60680 0
60774 77
61079 0
61176 84
61240 0
61281 85
61459 0
61559 84
61675 0
61842 85
61860 0
62147 83
62172 0
62311 85
62538 0
62911 86
63010 0
63027 70
63092 0
63318 80
63351 84
63550 0
63664 68
63729 86
63912 0
63956 83
64000 83
64023 0
64099 83
64124 0
64337 83
64339 0
64376 86
64429 80
64433 0
64467 68
64495 0
64579 80
64606 0
64617 84
64638 0
64680 78
64787 0
64815 70
64891 0
64894 78
64897 0
65077 85
65222 0
65251 83
65270 0
65380 80
65505 70
65714 0
65718 68
65810 0
65834 77
65840 0
66055 83
66058 0
66157 70
66270 0
66634 70
66697 0
66716 84
66735 0
66839 77
66901 78
66996 0
67009 86
67124 0
67128 68
67222 0
67251 78
67351 0
67422 78
67585 0
67595 85
67685 85
67990 0
68000 77
68036 0
68154 85
68274 0
68426 78
68617 0
68864 83
68954 80
69027 86
69153 0
69269 77
69276 0
69347 77
69377 0
69527 85
69548 0
69549 68
69959 0
70032 77
70055 84
70061 0
70068 83
70309 0
70442 86
70532 0
70568 83
70619 0
70654 77
70667 0
70708 83
70853 0
71114 80
71328 0
71395 85
71703 0
71767 85
71890 77
71917 0
72043 84
72069 83
72082 0
72150 85
72235 0
72397 77
72564 70
72698 0
72972 86
73020 0
73105 85
73233 0
73440 77
73673 0
73889 77
73965 0
73976 83
74031 70
74075 68
74142 0
74267 78
74386 0
74436 77
74482 78
74496 0
74557 77
74731 80
74838 0
74920 77
74986 85
75007 83
75039 0
75219 77
75347 0
75356 78
75391 70
75396 80
75414 83
75792 0
75867 80
76036 0
76243 77
76364 0
76644 84
76682 85
76753 85
76823 0
76899 68
76928 83
77048 0
77144 86
77363 0
77435 68
77464 80
77754 0
77775 80
77850 0
77917 70
78090 80
78296 77
78402 0
78461 68
78580 0
78739 84
78831 0
78850 84
78995 0
79210 85
79259 0
79278 83
79438 0
79787 85
79823 0
79899 80
80047 0
80181 85
80294 70
80355 86
80516 0
80609 84
80699 0
80816 68
80961 86
80979 0
81095 68
81485 84
81547 0
81569 68
81799 0
81811 68
81931 0
82005 85
82031 0
82034 86
82071 84
82167 0
82195 80
82272 80
82303 78
82384 0
82591 68
82648 0
82752 78
82980 77
82999 86
83069 0
83092 70
83292 78
83335 0
83387 77
83406 0
83528 68
83543 0
83846 68
83887 83
83913 0
83916 70
83920 0
83942 80
83965 0
83978 84
84073 0
84132 83
84221 0
84277 85
84306 0
84493 86
84512 80
84524 83
84644 84
84712 0
84785 77
84841 80
84928 0
85479 85
85697 0
85883 85
85900 0
86120 85
86198 0
86238 68
86241 0
86336 80
86864 80
86907 0
86972 70
87095 0
87109 86
87115 78
87180 0
87269 83
87324 0
87409 70
87683 0
87701 68
87830 77
87977 0
88122 78
88173 86
88408 0
88469 70
88567 0
88675 83
88677 78
88814 86
88907 80
88964 68
89392 0
89750 68
90130 86
90337 77
90376 0
90497 78
90561 0
90575 80
90670 0
90860 84
90972 0
91040 77
91219 0
91329 83
91336 0
91445 83
91541 80
91614 77
91717 0
91854 86
91942 84
92009 0
92062 77
92097 0
92339 77
92421 0
92674 68
92819 0
92950 70
93198 0
93257 80
93277 0
93296 80
93311 0
93384 68
93453 68
93560 0
93724 68
93772 78
93888 0
93926 85
93991 0
94166 70
94477 0
94639 68
94886 0
94942 85
94947 78
95150 0
95182 84
95220 0
95229 86
95280 0
95396 77
95478 86
95486 0
95508 83
95666 84
95903 0
96056 84
96412 0
96415 84
96489 86
96616 80
96813 0
96898 77
96915 0
97041 83
97357 0
97372 80
97407 68
97497 0
97535 85
97835 77
98231 77
98370 0
98406 78
98452 0
98460 80
98688 78
98773 0
98806 77
98899 0
98928 84
98987 0
99068 70
99245 0
99466 80
99588 68
99691 0
99793 80
99864 0
99926 78
99949 68
699 events for 17
119 45
392 57
460 0
570 44
961 0
996 54
1138 45
1212 0
1230 54
1424 0
1520 44
1634 0
1990 45
2088 0
2170 57
2227 0
2477 61
2569 61
2626 0
2885 44
3005 0
3022 89
3067 45
3180 0
3656 93
3673 0
3884 89
3933 0
3996 93
4004 0
4140 54
4193 93
4255 0
4389 93
4493 0
4665 89
4679 0
4806 57
4820 0
4896 61
4942 0
5156 57
5580 54
5656 0
5711 61
5752 0
5964 57
5981 0
6311 61
6583 0
6888 93
6924 0
7159 61
7180 57
7400 54
7455 0
7667 89
7688 0
8274 93
8372 0
8374 45
8407 0
8459 54
8506 0
8557 45
8655 57
8842 0
8890 61
8893 0
9187 89
9238 0
9246 45
9371 45
9544 0
9591 61
9623 0
9684 89
9887 0
9940 44
9984 93
10077 0
10141 93
10150 0
10370 44
10438 0
10860 93
10881 0
11289 54
11440 0
11460 45
11590 0
12136 61
12140 0
12215 54
12246 0
12750 45
12809 0
13024 54
13184 0
13377 57
13408 0
13428 54
13455 0
13616 54
13797 0
14200 61
14256 0
14434 89
14807 45
15051 0
15058 93
15294 0
15305 93
15399 44
15728 0
15764 44
15828 0
15983 57
16060 54
16274 0
16366 89
16529 0
16634 44
16675 0
16915 61
17064 45
17359 44
17600 44
17611 44
17646 0
18046 61
18083 0
18136 54
18138 0
18410 89
18609 0
18655 54
19052 0
19231 44
19541 0
19655 45
19815 0
19854 54
20165 0
20336 45
20561 0
20626 57
20724 0
20788 44
20874 0
20944 93
21182 0
21309 45
21458 0
21777 89
21858 93
22122 89
22211 0
22425 89
22604 0
22619 89
22768 54
22876 0
22885 89
23229 0
23484 44
23572 0
23652 93
23712 57
24200 0
24208 44
24279 0
24493 57
24722 0
24786 54
25153 0
25421 44
25428 45
25473 0
25489 44
25597 0
25633 89
25654 93
25817 0
26508 61
26735 0
26842 44
26972 54
27193 0
27274 61
27330 54
27516 57
27564 0
27617 61
27701 0
27713 57
27777 0
27878 89
27961 57
28290 0
28382 61
28418 45
28584 0
28616 61
28908 57
28985 0
29473 61
29663 0
29717 44
29799 45
29998 0
30031 89
30043 0
30046 54
30456 0
30458 61
30645 0
30935 45
31141 93
31206 89
31350 0
31462 45
31467 0
31493 45
31539 0
31707 89
31942 54
31970 0
31971 57
32045 44
32220 45
32323 0
32399 45
32877 57
32886 54
32898 0
32909 57
32942 0
32949 93
33091 57
33227 57
33578 57
33595 0
33635 57
33659 57
33910 0
33916 44
34140 0
34340 89
34410 0
34622 45
34653 0
34890 45
35030 0
35036 45
35121 0
35183 61
35310 0
35461 57
35648 0
35914 61
36056 57
36158 45
36206 0
36388 57
36487 0
36885 93
36946 0
37058 57
37111 0
37511 44
37585 57
37606 0
37700 61
37704 0
37780 57
37855 0
37970 93
38336 0
38371 45
38399 93
38403 0
38417 61
38567 0
39064 45
39092 57
39446 0
39514 89
39519 45
39585 0
39913 57
40241 44
40398 0
40448 44
40459 0
40480 89
40630 0
40826 44
40875 0
41222 89
41250 0
41390 45
41783 44
41977 0
42037 61
42119 0
42154 54
42211 89
42302 89
42331 61
42366 45
42507 0
42813 44
43075 0
43175 89
43195 0
43348 61
43434 0
43546 93
43556 0
43630 54
43879 0
43958 61
43967 0
43985 44
44180 0
44545 54
44968 0
45170 57
45522 0
45683 93
46047 0
46200 57
46231 0
46350 61
46603 0
46927 57
46932 57
46948 0
47072 61
47207 0
47284 89
47290 44
47488 89
47564 61
47625 0
47678 44
47833 0
48443 61
48633 0
48645 93
48923 0
48956 44
48978 0
49285 93
49309 0
49339 93
49350 0
49987 54
50091 0
50100 44
50320 0
50443 44
50753 0
50832 45
50870 0
51690 89
51746 0
51972 45
52131 0
52313 57
52512 0
52537 61
52667 44
53194 0
53251 44
53303 45
53562 0
53744 93
53767 0
54238 89
54314 0
54531 54
54749 54
54944 0
54986 45
55296 0
55378 54
55425 0
55813 54
56199 0
56230 89
56356 0
56538 93
56906 54
57101 57
57230 0
57249 61
57250 0
57342 93
57847 61
58056 0
58127 44
58134 0
58205 57
58228 0
58270 93
58455 61
58496 0
58537 93
58755 0
58883 93
58993 44
59007 89
59077 0
59276 61
59369 0
59388 44
59639 54
59674 0
59935 93
59967 0
60013 93
60283 44
60306 44
60795 0
61630 89
61640 0
61771 57
61780 0
61926 89
62050 0
62185 44
62192 0
62208 61
62471 57
62535 0
62896 57
62907 0
62927 54
62961 57
62974 0
63160 44
63354 45
63526 0
63560 54
63643 0
63711 45
64339 0
64384 89
64408 93
64472 0
64504 93
64562 54
64973 0
65062 54
65595 61
65750 0
65983 61
66065 0
66200 54
66300 0
66313 44
66518 0
66640 89
66658 61
66714 0
66818 45
66880 0
66893 89
66930 0
67087 45
67120 0
67131 44
67177 93
67384 44
67484 89
68411 0
68728 44
68856 0
68884 57
68992 0
69225 45
69405 44
69467 44
69502 54
69521 0
69892 61
70044 0
70159 54
70295 0
70407 57
70467 0
70571 45
70747 0
70959 57
71002 61
71081 45
71115 0
71131 57
71182 0
71525 45
71640 0
71642 61
71652 0
71772 93
71822 0
72003 61
72277 0
72562 93
72706 0
72817 89
72835 0
72861 54
72908 0
72978 45
73689 61
73733 93
73915 0
73989 54
74088 0
74313 93
74389 0
74596 54
75003 57
75010 0
75027 57
75247 0
75454 45
75528 0
75947 54
76052 0
76151 54
76205 0
76707 57
77053 0
77084 57
77195 93
77215 0
77702 44
77718 0
77738 89
78043 89
78092 0
78644 61
78711 44
78717 0
78784 44
78811 0
78944 44
79031 0
79129 54
79399 0
79420 45
79424 57
79558 0
79737 61
79818 0
80112 45
80189 0
80380 57
80549 44
80619 0
80945 44
81142 57
81219 0
82077 45
82079 89
82268 0
82291 57
82473 61
82499 61
82770 0
82884 57
83107 0
83207 44
83453 0
83697 44
83781 0
83943 61
83956 0
84114 93
84344 93
84375 0
84609 93
84935 44
85097 0
85138 61
85300 0
85307 44
85365 0
85429 54
85554 0
86207 61
86254 0
86471 54
86477 0
86515 89
86686 0
86736 61
86821 0
86841 93
87302 0
87352 45
87554 0
87630 89
87637 0
87691 61
87718 0
87757 93
87919 61
88016 0
88174 57
88212 0
88295 45
88306 89
88694 0
89079 61
89297 0
89454 57
89494 61
89612 0
89750 45
89762 0
89849 45
89877 89
89958 0
90028 93
90052 54
90324 54
90369 44
90527 61
90543 0
90923 45
90992 0
91074 57
91154 44
91249 45
91446 0
91458 57
91664 0
91841 89
92179 0
92254 93
92307 0
92542 61
92561 0
92581 54
92623 0
92839 57
92847 0
93084 54
93134 57
93439 0
93477 57
93512 0
93550 61
94157 0
94198 93
94221 54
94312 57
94494 44
94669 0
94698 57
94867 0
94907 44
95207 0
95226 93
95418 89
95567 0
96121 44
96528 0
96594 45
96622 45
96909 0
97132 54
97189 0
97233 54
97275 0
97309 44
97546 0
97762 57
97890 0
98153 54
98221 57
98333 0
98340 45
98372 93
98608 44
98723 0
98933 61
99066 0
99161 57
99206 0
99287 89
99338 0
99651 93
99909 0
99960 44
171 events for 18
25 79
792 0
796 48
1367 0
1801 58
2097 79
2476 54
2562 48
3192 0
3775 50
4117 0
4264 49
5211 0
5248 50
6426 0
6567 53
7103 0
7274 48
9178 0
10059 50
11172 0
12759 53
13457 79
14174 58
15032 0
15247 48
15407 58
15540 54
15670 0
15718 49
15960 79
16191 49
17012 0
17742 54
18154 0
18334 54
18344 48
18874 53
19014 0
19328 54
19640 0
20189 48
22171 0
22437 58
22985 0
24648 79
24823 0
25052 79
26240 49
27885 0
28919 50
29282 58
29696 0
30217 54
32172 79
32190 48
32350 0
33887 49
34040 0
35897 79
36357 0
36772 54
36782 79
38021 0
39333 50
39722 48
40098 79
42171 0
43146 79
43334 0
44336 50
44783 0
44931 79
45835 48
45898 0
46019 58
46178 54
46366 0
46379 49
47437 0
47887 50
47906 0
48019 53
48147 0
49585 48
50145 0
50218 49
51061 0
52321 54
52570 0
52946 54
53125 0
53173 48
53215 0
53559 49
53764 0
55149 58
56001 0
56886 58
57158 48
57865 0
59523 53
60651 0
60992 50
61067 48
61189 0
62093 49
62201 0
62500 58
62754 0
63265 54
63838 54
63927 0
64465 79
65206 58
65471 54
66099 0
66426 49
66523 0
66630 58
67675 0
67989 79
68226 48
69069 49
69097 0
69318 79
69578 0
70098 48
70200 0
70272 48
71804 50
72839 0
73124 50
74685 0
76220 50
77031 48
77188 79
77945 0
78511 79
79397 0
80420 53
80631 0
82260 50
82815 0
83384 58
83551 0
84002 54
84492 0
85469 58
86299 0
86844 50
87671 0
88705 54
88748 0
89012 53
89477 50
89662 0
89775 50
91364 54
91376 79
91880 0
92703 50
93237 0
93537 58
94405 50
96736 54
97086 49
98183 0
99172 53
99286 0
99821 48
320 events for 19
450 46
787 0
957 46
1317 0
1441 74
1686 0
2689 24
3448 24
3629 0
3831 41
3914 0
4238 46
4449 57
4680 0
4773 57
5357 0
5358 31
5464 0
5499 41
5549 74
6778 46
6842 0
7200 79
7215 0
7473 50
7478 0
7756 89
7963 0
7964 76
8343 0
8617 76
8806 0
9012 79
9046 0
9397 89
10094 0
10324 46
12094 74
12440 57
12598 0
13175 57
13678 0
13892 31
14057 74
14315 0
14494 57
14741 0
14838 50
14881 0
14996 31
15249 0
15540 76
15615 0
15616 41
16121 0
16239 50
16563 0
16808 89
16968 0
17185 57
17198 0
18142 79
18396 0
18406 50
18803 0
18956 41
19099 0
19156 41
19179 0
19461 79
19482 0
19604 41
19833 0
19862 46
19876 0
20595 74
20657 0
20817 46
20971 0
21676 79
22125 0
22141 57
22165 89
22314 0
22554 46
22646 0
22660 31
22712 0
22858 89
22933 0
23110 74
23589 0
24368 46
25286 57
25326 0
25344 46
25451 50
25628 0
25961 79
26031 0
26113 50
26369 0
26715 89
26919 0
27152 24
28117 0
28200 74
28338 0
28381 79
28965 0
29160 46
29626 0
29639 76
29865 0
30002 24
30709 74
30716 89
30781 57
32462 79
33578 0
33652 50
34158 46
34515 89
35691 79
36514 0
37225 76
38484 0
39098 41
39449 46
39511 0
39962 50
40531 0
41390 31
42750 0
42861 50
43086 0
43361 89
43461 0
44099 31
44360 0
44602 31
44661 79
45953 31
46043 0
46755 79
47478 0
47690 89
48341 0
49352 24
49759 0
49892 79
50119 24
50433 0
50603 41
50778 0
51303 76
51306 46
51500 0
51647 24
51651 0
51969 79
52341 0
52986 89
52999 0
53016 74
53333 0
53780 57
53847 0
53857 41
54068 79
54573 79
55336 0
55376 74
55711 76
56387 0
56400 57
56475 0
57823 57
59017 0
59812 89
59981 0
60200 57
60227 0
60264 79
60460 0
60531 79
61001 89
61100 0
61402 79
61662 0
62047 76
62484 0
62750 57
62849 0
62958 46
62973 0
62975 79
63018 0
63231 50
63245 76
63322 41
63462 0
64282 57
64579 0
64709 24
65280 0
65466 76
65782 31
66371 0
66850 89
67406 76
67539 0
68262 41
68654 0
69015 41
69196 57
69233 0
69885 24
70151 41
70184 0
70919 24
71235 0
71671 24
71981 0
71985 24
72321 0
72843 24
72867 0
72919 50
72931 50
73039 0
73047 46
73069 79
73116 79
73405 79
73585 76
74563 31
74912 0
75730 76
75929 0
76200 89
76720 0
77033 31
77095 0
77352 41
77499 50
78132 0
78330 50
78772 0
78972 41
79388 0
79678 76
79886 0
80302 76
80366 0
81121 46
81907 0
82257 31
82351 0
82827 46
83176 50
83298 0
84154 57
84450 46
84971 0
85029 31
85819 0
86550 31
86818 0
86871 50
87013 31
87601 0
87868 41
87929 79
88136 0
88236 41
88295 0
88298 57
88610 0
89392 74
90249 0
90284 79
90288 0
90461 57
90466 0
90500 24
90506 89
90934 24
91192 74
91244 41
91554 0
91827 50
92083 0
92268 74
93056 0
93208 76
94120 31
94223 0
94299 46
94337 0
94762 46
94811 0
94986 24
95667 79
95975 0
96770 24
97112 24
97400 0
97580 79
97627 0
98270 24
98811 0
99007 57
99009 0
99470 31
99709 0
99815 76
99820 0
99859 41
99938 0
383 events for 20
25 31
75 0
89 39
468 0
675 48
696 0
1039 43
1273 0
1672 48
1684 0
1857 53
2159 0
2383 40
2632 48
2772 48
3705 0
3819 43
4377 53
5197 0
5314 48
5347 0
5465 52
5563 0
5635 31
5678 0
5985 48
6010 0
6078 31
6105 0
6558 52
6603 0
6744 53
7014 0
7396 40
7644 0
7665 43
8047 0
8511 31
8647 0
8960 31
9040 0
9277 40
9317 0
9417 40
9472 0
9509 52
11121 48
11339 0
11641 40
11719 0
11777 31
11810 48
11858 48
12160 0
12657 52
12978 0
13070 48
13420 31
13680 39
13755 0
13948 48
14012 0
14202 52
14281 0
14302 52
14409 39
14437 31
14996 0
15000 52
15197 0
15384 39
15493 0
15954 53
15973 43
16150 0
16278 31
16557 0
16633 31
17448 0
17509 48
17702 0
17736 52
18011 0
19238 43
19523 0
20049 31
20374 0
20425 52
20509 0
20677 48
20897 48
21202 31
21306 52
21499 0
21940 31
21952 0
22645 48
23158 39
23326 0
23838 31
24016 52
24136 0
24427 31
24546 31
24648 48
24755 0
24816 48
24960 48
24973 31
25090 0
25140 39
25236 31
25337 0
25515 39
25833 43
25970 31
25983 0
27165 43
27179 0
27527 52
28123 48
28441 43
28551 43
28681 0
28908 31
28988 0
29056 53
29133 53
29255 0
29753 53
30646 0
30984 52
31148 0
31388 52
31422 0
31455 39
31642 0
31764 31
31828 0
31862 48
31935 0
31988 39
32037 0
32109 39
32591 0
33272 43
33431 0
34064 31
34154 0
34385 31
34433 31
34839 0
35044 31
35369 31
35447 0
35712 48
35774 0
36528 40
36687 43
37112 0
37640 53
37936 0
38484 40
38806 31
39566 48
39681 0
39725 31
40272 53
40547 0
40729 53
41249 0
41386 31
41449 0
41581 43
41589 31
42226 0
42881 39
42993 0
43121 48
43188 31
43616 0
43945 39
44069 0
44089 53
44117 0
44174 39
44341 0
44868 39
45290 0
45411 48
45453 0
45564 40
45707 0
45996 31
46049 0
46632 40
46852 53
47150 0
47764 40
47773 53
47791 39
47930 0
48414 31
48799 0
48827 48
48997 0
49527 31
49676 0
49943 39
50111 0
50492 31
50738 0
50901 39
50979 39
51276 53
51404 0
51555 31
51776 53
52308 31
52311 0
53162 40
54067 0
54195 31
54702 0
54750 52
55106 53
55132 40
55259 0
55466 31
55640 0
55693 43
55867 0
55997 53
56223 0
56704 48
57288 0
58654 43
58809 0
59131 31
59698 0
60093 31
60552 48
61289 31
61451 0
61756 53
61992 48
62679 0
63139 39
63919 0
63964 53
63971 0
63980 48
64055 0
64200 43
64285 0
64389 52
64471 40
66461 0
66473 48
66788 0
67368 52
67662 0
67862 39
67933 40
68390 0
68801 31
68823 0
69074 43
69366 0
69672 53
70042 0
70264 43
70281 0
70696 39
70925 0
71265 43
71364 0
71509 52
72641 52
72650 0
73145 48
73253 31
73879 40
73915 0
74167 39
74181 31
74479 43
74846 0
75028 52
75166 0
75792 31
76607 0
76683 31
76925 52
77668 0
78119 48
78315 0
78392 48
78593 0
78996 39
79019 0
79127 48
79215 0
79359 31
79746 0
80708 40
81771 0
81816 52
82237 0
82402 48
82660 31
83391 0
83613 40
83642 43
83672 0
84340 40
84665 0
84777 39
84901 31
85025 0
85273 31
85976 40
86096 53
86097 0
86275 43
86377 0
86838 52
87353 0
87793 40
88573 43
88594 31
88853 0
89644 53
89715 0
89968 43
90121 0
90154 53
90707 0
90963 31
92845 48
92984 53
93026 52
93063 0
93137 39
93436 0
93493 48
93843 0
94108 43
94134 0
94206 43
94629 0
94787 52
95013 39
95167 53
95444 0
95733 52
95811 0
95854 48
95913 0
96029 43
96054 0
96082 52
96141 0
96654 31
97091 39
97123 53
97213 0
97254 43
97479 31
97639 53
97980 0
98098 53
98199 0
98796 40
99002 0
99148 39
99224 0
99263 52
99307 43
99371 0
99476 31
99973 53
99999 0
150 events for 21
933 93
1617 72
1832 93
2467 72
3383 72
4695 93
5213 93
5477 0
6491 93
6916 0
7401 93
7680 72
8679 0
9763 93
9832 0
10458 93
10840 0
11133 72
13077 0
13432 93
13629 0
13687 72
14064 0
15771 93
15911 0
16232 72
17035 0
17341 72
17632 0
17737 93
20211 0
20326 72
20613 0
20645 93
21412 0
21503 93
21910 0
23637 72
24403 0
24508 72
24544 93
24757 0
24773 72
25901 0
27575 93
27582 0
27991 72
28267 0
28648 93
28658 0
31350 72
31485 0
31738 72
32812 0
33954 72
35592 93
36055 93
36653 0
37437 93
37776 93
37898 0
38175 72
38583 0
40506 93
42009 0
42032 93
43329 93
43442 0
44077 93
44645 93
45808 0
46231 93
46849 72
47857 0
48500 93
48561 72
49033 93
50467 93
51334 0
51433 72
51452 72
52356 0
53242 93
54456 93
54462 72
55561 72
55728 0
56513 72
57272 0
57521 72
58652 0
60553 72
61502 93
61927 72
62020 93
62494 0
63074 93
64316 0
65051 72
65159 0
65620 72
66910 93
67131 0
67915 93
68145 72
68266 0
69446 93
71322 0
71342 93
71564 0
72021 93
73733 93
74714 0
75324 72
75997 72
76329 0
76886 72
77107 0
77457 72
77555 72
79298 0
79388 72
79751 0
80396 93
80873 0
81302 93
81777 93
82143 0
82639 93
82925 93
83188 0
84436 72
85192 93
85379 0
86063 72
86819 0
86966 72
88290 0
89424 93
90661 93
92474 0
92627 93
93476 0
94238 72
94583 0
96887 93
97647 0
99124 93
99918 0
99996 93
422 events for 22
331 48
449 0
562 50
623 48
1218 0
1280 50
1465 0
1475 48
1517 0
1913 48
1921 50
1983 0
2145 48
2317 0
2578 48
2742 0
3757 48
3759 0
3861 50
4254 50
4277 48
4315 0
4468 50
4629 0
4955 50
5038 53
5287 48
5539 0
5633 53
5937 50
6029 0
6236 48
6595 0
6631 48
6713 0
6862 50
7037 0
7231 48
7278 0
7842 50
7952 0
8211 53
8607 0
8911 50
9398 0
9780 53
9964 0
10292 50
10881 53
11151 48
11270 48
11378 0
11470 50
11476 53
11900 0
12018 48
12146 0
12186 50
12512 0
12779 50
12884 0
13066 48
13173 0
13580 48
14713 0
14716 48
14868 0
15858 48
16458 0
16856 50
17381 48
18113 0
18140 50
18703 0
18783 48
18799 53
19186 0
19357 53
19447 0
19619 48
19796 53
19978 0
20207 48
20293 48
20747 0
20823 48
20868 53
21060 0
21162 48
21359 0
21584 48
21681 0
21713 53
21741 0
21780 48
21781 0
21996 53
21997 0
22091 50
22367 0
22643 48
23267 0
23420 48
23519 53
23860 48
24067 0
24082 50
24170 48
24314 48
25047 50
25058 48
25075 0
25923 50
25978 50
25984 0
26970 53
27000 0
27634 48
27714 0
27721 50
27868 48
27913 0
28000 48
28213 48
28227 48
28271 0
28663 48
30811 0
30847 48
31198 0
31562 53
31747 0
32525 48
32664 0
32785 53
32918 0
33513 48
33707 0
33997 48
34560 53
34606 0
34723 48
34956 0
35008 48
35506 0
35854 50
36264 0
36711 48
36848 0
36864 50
37092 0
37377 50
37746 0
37832 48
37920 53
37933 0
38370 53
38410 48
38563 0
38600 48
40230 50
40321 0
40358 53
41080 0
41451 48
41590 0
41924 48
42186 50
42197 0
42228 48
42418 0
42693 50
42781 50
42913 53
42931 48
43304 0
43381 50
43774 0
44187 53
44501 0
44640 53
44869 0
44954 48
44979 0
44986 50
45625 0
45970 53
46000 0
46232 53
46384 0
46880 50
47101 48
47347 0
48023 48
48059 0
48122 53
48213 48
48247 50
48468 0
48482 50
48743 50
48770 0
49083 50
49219 0
49444 48
49478 0
49767 48
50078 0
50139 48
50311 0
50681 48
50954 53
50955 50
51200 0
51407 48
51432 0
51503 50
52630 0
52778 50
52995 0
53004 53
53200 48
53341 0
53431 48
53657 50
53668 48
53834 0
54681 48
55038 0
55245 48
55261 0
55322 48
55410 0
56000 50
56257 0
56425 53
56465 0
56584 48
57298 48
58154 0
58169 50
58382 0
58451 48
58639 0
58887 48
58895 48
59005 0
59733 48
60023 53
60497 0
60625 48
61147 0
61542 53
61808 50
61962 0
62398 48
62866 0
62946 48
63085 50
63707 0
63932 48
64170 0
64338 53
64576 0
64838 53
64867 0
65092 48
65509 0
65517 48
66086 0
66620 50
66844 48
67001 50
67445 50
67471 53
67970 0
68213 48
68755 0
68799 50
69349 48
69556 0
71003 50
71661 0
71825 48
72374 0
72411 53
72479 0
72490 48
72493 53
72797 48
72996 0
73029 48
73085 0
73246 48
73497 0
73577 53
73630 0
73947 48
74112 0
74192 53
74595 0
74745 50
75002 0
75564 48
75640 0
75671 50
75759 0
76064 50
76096 0
76215 50
76227 0
76654 48
77303 48
77354 0
77392 50
77442 0
77942 53
78045 48
78424 48
78445 0
78787 48
79545 0
79571 53
79979 48
80050 0
80300 50
80366 0
80393 53
80781 50
81502 50
81629 0
81919 48
82017 0
82722 48
82854 0
83008 53
83030 48
83210 0
83226 48
83376 0
83630 53
83718 0
83748 50
83753 0
83789 53
83813 50
84051 0
84347 50
84363 0
84506 48
84706 0
85229 48
85359 0
85595 50
85631 0
85640 48
85659 0
85943 50
86398 0
86490 53
86500 50
86606 0
87024 50
87239 0
87471 53
87568 0
87652 48
87657 0
87687 48
87713 0
87840 50
88060 48
88272 48
88472 0
88591 48
88968 0
89466 53
90049 0
90069 48
90435 0
91202 50
91521 0
91781 48
92498 0
92548 48
92687 0
92763 50
93005 0
93337 53
93759 0
94091 48
94095 0
94354 53
94530 0
94997 50
95134 50
95184 53
95398 48
95408 0
95485 50
95601 0
95701 53
95839 0
95868 53
95919 48
95927 53
96030 48
96043 0
96335 48
96613 0
96739 50
96763 48
97266 0
97694 48
97747 53
97787 0
98481 48
98491 0
98744 48
99100 48
99510 50
99656 53
700 events for 23
94 74
181 52
262 0
270 88
490 0
849 56
1263 0
1369 52
1440 0
1471 71
1715 0
1718 79
1725 0
1827 86
2131 0
2210 71
2263 0
2542 76
2593 0
2740 88
2748 0
3083 56
3090 0
3166 56
3711 0
4019 86
4111 0
4422 74
4488 0
5017 86
5032 0
5195 86
5413 0
5439 88
6166 0
6180 79
6317 74
6340 74
6375 0
6901 88
6947 76
7484 0
7509 76
7544 86
7565 74
7768 0
7907 52
7940 0
8344 74
8414 0
8753 74
8858 0
8960 79
9042 76
9110 0
9744 88
9803 88
9845 0
9957 52
9971 0
9992 86
10240 0
10323 71
10324 74
10351 0
10411 76
10690 0
10691 86
10926 0
10971 52
11084 0
11190 88
11314 0
11340 88
11421 0
11433 74
11444 86
11449 0
11485 56
11730 86
11841 52
12136 52
12170 0
12174 76
12238 0
12373 52
12502 74
12872 0
12968 88
13020 0
13389 76
13420 0
13438 88
13472 0
13565 79
13576 0
13628 56
14023 79
14030 71
14113 79
14193 0
14561 56
14594 0
14867 52
14993 0
15198 71
15214 0
15515 56
15604 74
15688 0
16141 76
16268 52
16456 52
16549 0
16637 88
16682 0
16737 71
16957 88
16982 0
17117 52
17436 86
17628 0
17856 52
17887 88
17954 52
18005 0
18020 52
18126 0
18163 76
18448 0
18490 56
18493 0
18515 74
18675 86
18809 56
19076 0
19416 52
19422 71
19669 0
19734 74
19940 0
19975 56
20118 0
20123 88
20148 76
20301 0
20390 74
21020 0
21073 86
21259 52
21350 0
21470 52
21687 0
21784 52
22216 0
22425 88
23271 0
23333 74
23349 0
23368 86
23448 0
23891 71
24061 0
24284 56
24453 0
24925 52
25052 0
25248 88
25511 0
25704 52
25716 0
25796 76
25808 0
26029 74
26171 0
26265 56
26412 0
26481 56
26548 0
26789 79
26801 86
26805 56
27187 0
27358 71
27389 88
27510 76
27718 0
28463 71
28524 0
28538 76
28542 71
28737 0
28787 71
28897 0
29182 88
29262 0
29278 74
29525 0
29591 86
29654 0
29670 71
29818 0
29895 52
29961 0
29978 56
30073 71
30160 79
30178 0
30650 86
30902 0
31113 52
31417 0
31463 88
31468 52
31607 0
31677 74
31953 0
32073 52
32669 88
32835 0
32840 52
33186 0
33847 74
34043 0
34165 74
34193 0
34382 74
34485 0
34628 71
34859 86
35051 0
35352 88
35541 0
35909 88
35995 0
36109 56
36520 0
36630 74
36848 0
36862 71
36923 0
37185 79
37319 0
37506 86
37555 0
37785 52
37958 71
38058 86
38586 0
38595 56
38851 0
40051 71
40194 0
40296 56
40381 0
40424 86
40482 0
40513 88
40542 0
40599 74
40605 0
40671 79
40898 52
41074 56
41139 0
41173 74
41367 0
41440 86
41544 0
41635 76
41848 0
41883 79
41960 0
42387 52
42429 0
42598 88
42630 88
42840 0
42886 56
42900 0
42976 86
43144 0
43190 74
43225 0
43325 56
43339 0
43526 88
43633 0
44024 76
44095 0
44124 86
44223 0
44437 71
44492 71
44607 0
44750 79
44825 0
45015 79
45186 0
45189 86
45190 0
45203 71
45318 0
45634 71
45779 56
45832 0
46039 79
46044 0
46195 79
46234 0
46371 74
46418 0
46582 76
47148 0
47240 79
47260 88
47659 0
47756 76
47925 0
48130 79
48378 0
48536 74
48744 0
48746 74
48858 0
48885 56
49040 0
49376 71
49898 0
49917 76
49938 0
49972 86
50124 0
50135 86
50205 86
50321 0
50406 88
50502 79
50572 0
50736 79
50755 0
50825 86
50991 0
51088 79
51333 0
51391 71
51395 0
51641 88
51722 76
52014 86
52050 0
52205 79
52214 71
52533 0
52544 56
52570 0
52757 71
52816 0
52818 56
53112 0
53130 56
53197 76
53285 0
53461 88
53660 0
53705 79
53777 0
53882 79
53925 0
54010 56
54268 79
54394 0
54449 71
54671 0
55318 88
55530 0
55562 56
55690 0
55760 56
55919 0
56052 88
56057 79
56123 86
56138 0
56242 86
56408 88
56428 79
56671 0
56841 86
57011 0
57139 76
57247 0
57849 56
58069 0
58173 52
58228 56
58351 71
58521 0
58564 88
58731 0
58794 52
58800 0
58870 76
58958 0
59045 88
59075 0
59107 74
59166 0
59211 79
59372 79
59692 79
59837 0
59872 79
60277 0
60347 76
60382 56
60447 71
60555 0
60566 52
60872 0
60889 88
61254 0
61257 71
61329 0
61551 79
61605 0
62101 76
62134 76
62690 0
62804 79
62891 0
63080 86
63291 76
63415 0
63450 86
63820 0
63842 74
63881 0
64034 52
64361 76
64425 0
64496 86
64498 0
64800 79
64909 0
64985 56
65022 0
65049 74
65111 0
65368 79
65502 0
65529 88
65604 88
65609 74
65688 86
65695 56
65743 0
66090 79
66344 74
66480 0
66689 86
66725 0
66767 71
67050 0
67209 74
67411 56
67425 52
67445 0
67633 74
67776 0
67877 76
67981 0
68043 56
68238 0
68241 79
68647 76
68854 0
69068 56
69083 0
69211 74
69338 0
69372 56
69403 0
69435 52
69532 0
69826 74
70159 0
70184 86
70193 0
70240 71
70740 0
70823 86
70923 0
71255 74
71426 88
71647 0
71703 76
71857 0
71976 74
72085 56
72198 74
72207 86
72275 0
72828 76
73149 0
73165 88
73266 0
73507 79
73526 0
73769 88
73865 79
74144 0
74286 74
74630 0
74654 79
74741 0
74961 88
75087 0
75423 86
75632 0
75822 71
76004 0
76189 52
76493 0
76639 52
76805 0
76908 86
77014 0
77041 79
77674 0
77839 79
77869 0
78149 76
78509 0
78523 79
78568 0
78572 56
78697 0
78958 74
79095 0
79104 74
79176 0
79181 76
79233 0
79336 71
79493 0
79620 79
79852 0
79912 79
80083 0
80123 56
80279 0
80446 56
80857 0
81156 56
81232 52
81630 0
81789 76
81797 56
82123 0
82144 71
82220 56
82229 0
82254 71
82382 74
82420 0
82731 71
82801 0
82845 76
82965 0
83041 71
83221 56
83441 0
83523 71
83573 0
83695 56
84085 0
84623 88
84638 0
84828 71
85064 0
85143 79
85297 74
85368 0
85784 52
85888 86
86138 56
86148 88
86183 79
86322 0
86511 79
86543 79
86935 0
86965 74
87170 0
87255 71
87289 0
87307 88
87626 0
87635 88
87791 0
87849 88
87876 0
87995 74
88241 0
88406 76
88530 0
88579 52
88669 0
88790 79
88937 0
89054 74
89268 0
89380 56
89608 0
89765 79
89785 0
90130 76
90209 86
90240 0
90430 71
90537 0
90593 71
90646 0
90829 52
90929 0
91113 71
91170 0
91235 86
91421 0
91430 52
91431 0
91529 86
91666 71
91930 0
92121 71
92273 0
92476 74
92534 0
92600 76
92675 0
92740 71
92823 0
92849 56
92891 0
92963 52
93006 0
93061 76
93223 0
93396 52
93610 0
93613 74
93783 79
93885 86
93900 0
94171 86
94468 0
94710 79
94782 0
95168 71
95312 0
95586 71
95588 86
95747 0
95941 76
96214 0
96240 52
96301 56
96464 0
96612 56
96747 56
96931 0
96981 74
97087 0
97088 86
97113 76
97195 0
97232 79
97340 0
97426 56
97597 0
97620 71
97630 74
97640 0
98035 71
98046 71
98109 0
98113 52
98122 0
98325 74
98462 88
98469 0
98482 76
98618 56
98667 0
98682 79
99074 71
99283 0
99824 74
99842 88
