16 buffers
206570 23258
98439 6274
97682 5900
138453 6694
51870 4181
148971 5958
93321 1612
58089 6635
168527 13940
155573 458
156351 23129
111103 16146
186561 22273
99370 19815
56600 5153
65530 1505
80 downlinks
0 188 1250 503
1 1438 2500 484
2 2688 3750 662
3 3938 5000 553
4 5188 6250 624
5 6438 7500 444
6 7688 8750 530
7 8938 10000 522
8 10188 11250 662
9 11438 12500 467
10 12688 13750 606
11 13938 15000 514
12 15188 16250 606
13 16438 17500 610
14 17688 18750 615
15 18938 20000 520
16 20188 21250 617
17 21438 22500 534
18 22688 23750 568
19 23938 25000 490
20 25188 26250 502
21 26438 27500 634
22 27688 28750 477
23 28938 30000 590
24 30188 31250 596
25 31438 32500 521
26 32688 33750 476
27 33938 35000 468
28 35188 36250 624
29 36438 37500 522
30 37688 38750 589
31 38938 40000 457
32 40188 41250 605
33 41438 42500 549
34 42688 43750 494
35 43938 45000 499
36 45188 46250 487
37 46438 47500 522
38 47688 48750 560
39 48938 50000 564
40 50188 51250 475
41 51438 52500 598
42 52688 53750 660
43 53938 55000 621
44 55188 56250 548
45 56438 57500 507
46 57688 58750 554
47 58938 60000 620
48 60188 61250 448
49 61438 62500 471
50 62688 63750 565
51 63938 65000 581
52 65188 66250 626
53 66438 67500 525
54 67688 68750 482
55 68938 70000 547
56 70188 71250 621
57 71438 72500 615
58 72688 73750 592
59 73938 75000 612
60 75188 76250 609
61 76438 77500 550
62 77688 78750 479
63 78938 80000 472
64 80188 81250 649
65 81438 82500 517
66 82688 83750 632
67 83938 85000 459
68 85188 86250 575
69 86438 87500 560
70 87688 88750 520
71 88938 90000 662
72 90188 91250 531
73 91438 92500 608
74 92688 93750 620
75 93938 95000 448
76 95188 96250 456
77 96438 97500 589
78 97688 98750 447
79 98938 100000 638
356 events for 0
378 70
395 67
406 0
538 70
962 0
1114 75
1779 0
2083 75
2267 0
2286 75
2390 0
2743 68
3066 0
3369 85
3570 70
4087 0
4405 80
4424 0
5425 67
5539 0
6342 80
6991 0
7055 75
7333 0
7374 80
7604 0
7634 85
7797 0
7843 68
7878 0
8080 80
8558 0
8779 75
8901 0
9008 85
9154 0
9392 85
9574 85
9715 0
9755 67
10015 0
10337 80
10473 0
10592 80
10728 0
11338 85
11484 0
12356 80
13321 0
13687 80
14500 68
14503 0
14509 80
14578 0
15536 85
15735 0
15858 70
16052 75
16094 0
16479 80
16661 80
16823 70
16857 75
16896 0
17532 80
17553 0
17775 80
17778 80
17845 0
18234 80
18507 80
18591 0
18881 80
18999 80
19150 0
19153 67
21004 0
21115 70
21549 0
21727 75
21820 0
22088 75
22551 0
22592 80
22672 0
22788 70
22873 70
22964 0
23031 80
23288 0
23447 80
23613 0
23767 70
24297 0
24551 70
24838 80
25308 0
25471 80
25966 0
26129 70
26245 85
26922 0
27232 80
27575 0
28035 80
28546 75
28747 80
28875 0
29226 80
29290 80
29485 0
30051 85
30272 0
30662 80
31170 0
31271 68
31415 0
31520 70
31625 0
31676 80
31765 0
31898 85
32171 0
32444 67
32741 80
32959 0
33560 80
33871 0
33929 75
34655 0
34896 75
35829 0
35859 70
35939 0
35997 80
36552 0
37131 75
37490 80
38127 0
38457 80
39377 0
39434 80
39728 0
39729 80
40194 0
40271 70
40555 0
42791 67
43493 75
43513 0
43733 70
44019 68
44745 67
44833 75
44907 70
45425 68
45551 0
46019 80
46573 0
47251 68
47407 0
47460 85
47592 68
47655 85
48262 70
48288 75
48476 0
49063 70
49275 67
49459 75
50131 0
50229 70
50407 0
50588 68
50886 0
51046 75
51318 80
51589 0
51710 67
52046 0
52277 80
52508 0
52602 70
53178 0
53197 80
53204 0
53691 68
53975 75
54213 0
55089 80
55417 80
55816 0
55920 80
55997 85
56143 70
56608 0
56874 80
56879 0
56930 67
57600 0
57745 85
58219 0
58273 68
58460 0
58611 70
58613 0
58858 70
60429 75
60489 80
60936 0
61734 80
62035 0
62449 80
62747 0
63065 80
63272 0
63339 67
63678 80
63754 70
64063 0
64373 75
64502 0
64546 68
64617 0
64744 67
65217 0
65445 80
65645 0
65716 85
65865 0
65968 68
66774 0
67046 80
67366 0
67429 80
67509 0
67519 85
68379 75
68689 0
69154 70
69421 0
69694 67
72232 0
72628 80
73714 0
73781 80
73944 68
73990 75
74067 0
75054 80
75343 0
75756 85
76066 80
76307 0
76470 75
76497 0
76833 75
76928 0
77737 85
78450 0
78614 68
78722 80
78764 80
78782 80
78805 0
78807 80
78942 80
79387 68
79481 0
79607 68
79623 0
80164 80
80352 0
80796 80
81127 0
81377 70
81798 80
82391 0
82817 75
82918 0
83032 80
83129 0
83605 80
83725 0
83834 80
83880 0
84437 85
84539 80
84558 0
84748 85
85307 67
85655 67
85673 67
85749 0
85791 67
86163 0
86827 67
87330 0
87420 68
87681 0
87708 70
87867 0
88815 75
89031 0
89332 80
89727 0
89997 85
90011 85
90031 0
90050 80
90315 0
90316 80
90517 0
91083 68
91102 0
91389 80
91531 0
91620 70
91622 70
91672 0
92253 67
92292 0
92301 80
93125 0
93148 75
93192 67
93392 0
93683 80
93991 0
94392 67
94637 0
94858 80
95061 0
95596 85
96640 0
96910 80
97272 0
97320 75
97496 0
97621 67
97658 75
97713 68
97818 0
98474 80
98504 0
98603 80
98731 67
98835 0
99216 70
99477 80
99596 0
99662 80
99705 0
99891 75
99910 0
99977 85
633 events for 1
75 56
213 0
1162 56
1473 0
1549 56
1735 56
1776 0
1864 56
1946 0
2192 56
2361 56
2448 0
2632 56
2659 0
2870 56
2945 0
2959 56
2991 56
3064 56
3080 0
3197 56
3759 0
3878 56
3913 0
4093 56
4319 0
4770 56
5239 56
5255 0
5580 56
5639 0
6060 56
6066 56
6197 0
6225 56
6236 56
6499 0
6557 56
6638 0
6759 56
6805 0
7127 56
7232 56
7332 56
7589 0
7979 56
8286 0
8528 56
8561 0
8743 56
8746 0
8792 56
8817 0
8840 56
9107 0
9167 56
9384 0
9430 56
9619 0
9792 56
9898 0
10009 56
10050 0
10101 56
10157 0
10354 56
10961 56
11371 0
11386 56
11396 0
11635 56
11672 56
11718 0
11791 56
11839 56
12109 0
12139 56
12173 56
12273 0
12275 56
12327 56
12399 56
12549 0
12662 56
13205 56
13345 0
13464 56
13575 0
13742 56
13826 0
14313 56
14483 0
14603 56
14898 0
15292 56
15872 56
16213 0
16313 56
16328 0
16375 56
16378 0
16543 56
16641 56
16805 0
16902 56
17240 56
17419 0
17675 56
17725 56
18084 0
18234 56
18253 0
18432 56
19283 0
19322 56
19324 0
19639 56
19688 56
20098 0
20158 56
20203 56
20296 0
20385 56
20417 0
20528 56
20829 0
20871 56
20927 0
21209 56
21527 0
21662 56
21816 56
21928 56
21980 0
22102 56
22194 0
22199 56
22336 0
22510 56
22727 0
22824 56
23256 56
23349 0
23539 56
24100 56
24170 0
24263 56
24288 56
24328 0
24355 56
24375 56
24605 0
24638 56
24657 0
24795 56
25028 0
25159 56
25189 0
25444 56
25517 0
25646 56
25889 0
25941 56
26066 0
26181 56
26272 0
26353 56
26405 0
26441 56
26452 0
26485 56
26846 0
26989 56
27126 0
27297 56
27327 0
27338 56
27374 56
27455 0
27669 56
27819 0
27824 56
28125 0
28794 56
28848 0
28874 56
29110 0
29308 56
29372 56
29492 0
29509 56
29512 0
30009 56
30314 0
30329 56
30376 0
30500 56
30609 0
30913 56
30954 56
31052 0
31125 56
31133 0
31317 56
31420 0
31529 56
31534 0
31704 56
31997 56
32211 0
32312 56
32732 0
33224 56
33484 0
33638 56
34306 0
34319 56
34605 0
34619 56
34650 0
34775 56
34783 56
34839 56
35265 0
35343 56
36007 0
36240 56
36342 0
36359 56
36646 0
37162 56
37302 56
37384 0
37501 56
38360 0
38724 56
38878 0
39031 56
39195 56
39206 0
39271 56
39511 0
39846 56
39954 0
39975 56
40179 0
40399 56
40521 0
40579 56
40693 0
40884 56
40946 0
41508 56
41580 0
41766 56
42014 0
42100 56
42106 0
42112 56
42423 0
42557 56
42771 56
43291 0
43293 56
43471 0
43550 56
43783 0
44121 56
44401 0
44455 56
44536 0
44544 56
44584 0
44601 56
44932 56
45010 0
45291 56
45407 0
45478 56
45523 0
45573 56
45644 0
45645 56
45871 0
46901 56
47300 0
47335 56
48008 0
48221 56
48421 0
48512 56
48589 56
48888 0
49039 56
49453 56
49482 56
49683 56
50068 0
50119 56
50222 0
50375 56
50397 0
50465 56
50805 0
50878 56
50908 0
50994 56
51027 0
51105 56
51182 0
51308 56
51336 56
51372 56
51405 0
51610 56
51624 0
51803 56
51831 56
51915 0
52012 56
52117 0
53083 56
53149 0
53157 56
53293 0
53296 56
53346 0
53559 56
53970 0
54100 56
54302 0
54443 56
54507 0
54841 56
55178 56
55298 56
55693 0
55701 56
56092 0
56242 56
56246 0
56321 56
56665 56
56787 0
57007 56
57098 0
57291 56
57368 0
57503 56
57866 56
58127 56
58200 0
58249 56
58422 0
58544 56
58853 0
59009 56
59361 0
59483 56
59553 0
59668 56
59717 0
59855 56
60160 56
60213 0
60429 56
60470 0
60767 56
60925 0
60969 56
61059 0
61135 56
61367 0
61802 56
61862 56
61970 0
62069 56
62076 56
62150 0
62151 56
62218 0
62426 56
62638 0
62695 56
62721 0
62794 56
62852 0
62893 56
62974 0
63006 56
63019 56
63187 0
63270 56
63292 56
63651 0
63801 56
64410 0
64615 56
64662 0
64812 56
64816 56
64995 56
65110 0
65324 56
65356 56
65369 0
65466 56
65616 0
65680 56
65767 0
65824 56
65876 0
65955 56
66577 0
66696 56
67295 56
67422 0
67432 56
67466 56
67497 0
67682 56
67823 0
67830 56
67875 0
67902 56
67985 0
68065 56
68184 0
68308 56
68549 0
68555 56
68853 56
69798 56
70031 0
70135 56
70231 56
70480 56
70490 56
70566 0
70684 56
70802 0
70882 56
71018 0
71672 56
71705 0
72210 56
72274 0
72526 56
72689 56
72695 56
73196 56
73228 0
73318 56
73341 0
73426 56
73512 0
73650 56
73830 0
73921 56
74129 0
74354 56
74628 56
74654 0
74709 56
74792 56
74969 0
74998 56
75207 0
75459 56
75710 0
75874 56
76015 0
76028 56
76625 0
76724 56
76968 0
77241 56
77244 0
77299 56
77425 0
77798 56
77812 0
77913 56
78059 0
78101 56
78159 0
78194 56
78281 0
78571 56
78801 0
78913 56
79142 56
79334 0
79869 56
79880 0
80296 56
80448 0
80459 56
80541 56
81058 0
81245 56
81425 0
81514 56
81643 0
81710 56
81986 0
82064 56
82261 0
82480 56
82760 0
82804 56
82895 0
83002 56
83356 0
83518 56
83567 56
83713 0
83804 56
84054 0
84206 56
84293 56
84312 0
84512 56
84638 0
84728 56
84769 56
84802 0
84850 56
84858 0
84889 56
84931 0
84965 56
85061 0
85116 56
85228 0
85301 56
85313 0
85412 56
85427 0
85692 56
85755 0
86262 56
86944 56
87101 56
87270 0
87324 56
87483 0
87605 56
87927 0
88367 56
88401 56
88501 0
88731 56
89164 0
89487 56
89648 0
89707 56
89749 56
89786 0
89789 56
89861 0
89910 56
89964 0
89984 56
90092 0
90249 56
90281 0
90325 56
90421 56
90563 0
90832 56
90938 0
91144 56
91302 56
91447 0
91460 56
91466 0
91693 56
91760 0
92327 56
92610 0
92682 56
92742 56
92752 0
92777 56
92853 56
92883 56
93046 0
93094 56
93270 56
93674 0
93880 56
93885 0
93926 56
94156 0
94241 56
94519 0
94545 56
94546 0
94773 56
95008 0
95073 56
95082 0
95289 56
95446 0
95523 56
95684 0
95750 56
96495 0
96595 56
96752 0
96802 56
96913 0
97005 56
97107 0
97182 56
97218 0
97304 56
97432 0
97489 56
97500 56
97586 0
98013 56
98205 0
98248 56
98251 56
98624 0
98718 56
98807 56
99018 0
99112 56
99432 56
99585 0
546 events for 2
816 33
919 0
980 34
1401 0
1562 33
1646 46
2179 46
2235 0
2315 40
2373 34
2459 0
2669 43
3245 0
3554 32
3586 0
3625 33
4254 0
4369 43
4388 0
4556 33
4734 0
4741 32
5018 0
5036 40
5129 0
5160 46
5173 43
5211 0
5418 40
5442 41
5698 0
5776 39
5889 0
6155 39
6216 40
6607 0
6924 43
7407 0
7622 32
7774 0
7828 33
8075 39
8221 0
8594 43
8901 39
8907 40
8999 0
9234 43
9280 40
9291 0
9358 39
9373 0
9374 33
9591 0
9625 40
9828 0
9963 46
10393 0
10753 43
10805 40
11292 0
11577 39
11594 33
11669 0
11757 33
11819 34
11953 0
12757 33
13120 33
13537 0
13651 46
13849 43
13855 33
14221 0
14282 43
14437 0
14484 41
14610 0
14931 33
15012 0
15138 39
15351 0
15395 33
15759 32
16120 0
16156 40
16205 40
16252 0
16309 34
16579 0
16665 41
16691 43
16737 0
17012 34
17086 0
17229 34
17259 0
17649 41
17733 0
17922 43
17935 0
18153 39
18300 0
18364 39
18645 40
18951 34
19336 0
19491 33
19605 0
19663 46
19769 0
19868 39
20122 32
20190 0
20233 33
20371 46
20733 0
20755 33
21490 0
21583 40
21853 34
22030 0
22098 40
22223 0
22618 32
22801 0
22827 41
22947 0
23049 41
23051 0
23235 32
23433 0
23715 39
23911 32
23944 46
24082 0
25106 34
25136 0
25164 40
25236 0
25509 32
25635 0
25664 32
25826 0
25854 46
26185 0
26286 33
26329 40
26366 0
26424 41
26526 43
26634 0
26748 40
26827 0
26861 41
27227 0
27435 39
27528 43
27780 0
27903 46
27963 0
28141 34
28310 33
28489 0
28957 43
29241 0
29677 40
29919 0
29964 40
30274 43
30389 0
30636 40
30716 0
30823 41
30834 46
30838 46
30999 40
31132 0
31964 46
32305 0
32425 34
32635 0
32851 41
33061 0
33361 43
33365 0
33468 43
33630 0
33998 32
34020 0
34070 46
34363 0
34497 41
34657 0
34871 39
35071 0
35074 46
35214 0
35510 40
35843 41
35874 0
35963 40
36061 0
36068 32
36125 0
36276 46
36554 0
36721 40
36852 0
37320 43
37384 0
37686 40
37733 0
38538 41
38558 0
38795 40
39029 0
39624 43
39628 40
39701 0
40234 34
40287 34
40610 0
40713 33
40954 0
41015 43
41035 32
41341 40
41493 0
42461 43
42801 39
43419 0
43466 43
43496 0
44017 33
44159 0
44174 40
44372 0
44542 46
44730 46
44763 0
44804 40
44937 0
45142 34
45360 0
45679 43
46698 0
47113 40
47118 39
47347 0
47435 34
47751 0
47903 40
47954 0
47985 43
48028 0
48796 32
48820 0
48953 32
49101 43
49319 40
49383 0
49673 41
50005 33
50070 0
50105 33
50294 46
50528 40
50582 40
50963 0
51049 41
51370 0
51801 43
51907 0
52021 40
52107 0
52120 33
52202 0
52291 40
52377 0
52413 43
52463 46
52549 0
52560 43
52927 33
53003 32
53446 0
53574 43
53729 33
53876 0
54222 40
55149 0
55239 40
55274 46
55345 40
55787 0
56052 40
56099 0
56162 43
56177 0
56227 43
56307 0
56409 34
56736 33
56770 41
56861 0
56870 43
57133 0
57143 41
57677 0
57743 33
57817 0
57970 43
58261 0
58531 43
58787 0
58964 32
59060 0
59172 43
59245 40
59369 0
59391 40
59620 32
59646 0
59751 43
59778 0
59816 46
59819 0
60007 39
60202 0
60220 33
60276 43
60304 0
60600 39
60645 0
60656 43
60774 43
61689 0
61813 46
61924 0
62147 40
62463 0
62669 43
62702 0
62972 46
63099 0
64092 40
64283 0
64383 43
64674 0
64797 39
65167 0
65305 40
65448 0
65508 40
65725 0
65802 33
65892 0
66478 34
66703 0
66813 40
67209 34
67439 40
67503 34
67619 0
67625 32
67821 40
67891 0
68048 46
68129 39
68173 0
68264 39
68435 0
68828 40
69433 33
69490 0
69654 41
69704 0
69784 39
69920 43
69939 0
70037 43
70215 0
70276 46
70287 0
70949 39
71006 40
71056 0
71408 33
71580 0
71985 33
72045 34
72152 0
72196 33
72510 0
72526 33
72567 33
72706 0
72782 41
73026 0
73221 40
73229 0
73283 43
73410 0
73475 43
73868 0
74495 40
74529 43
74784 34
74785 0
74925 43
75143 0
75400 33
75605 0
76146 39
76552 0
77043 41
77156 41
77490 0
77573 41
77729 0
77733 34
77840 32
77857 34
77915 0
78080 40
78170 41
78576 0
78788 39
78842 0
78878 33
78898 0
78986 40
79087 0
79171 43
79346 0
79682 34
79725 43
80024 0
80231 40
80411 0
80435 33
80509 33
80672 0
80938 39
81018 39
81913 0
82002 33
82305 0
82463 39
82581 0
82648 43
82953 0
83098 39
83299 0
83329 43
83382 0
83603 34
84554 32
84693 0
84888 43
84974 0
85352 43
85563 43
85635 43
85752 0
85838 32
85954 0
86366 40
86738 40
86837 0
86979 40
87507 0
87532 43
87795 0
88225 43
88405 43
88540 0
88933 41
88945 0
88995 39
89267 40
89321 0
89484 46
89500 0
89547 43
89843 0
90256 43
90267 0
90298 41
90360 0
90362 39
90651 39
90674 0
90898 39
90970 43
91065 46
91149 0
91327 43
91480 40
92030 40
92860 46
92965 0
93156 32
93358 41
93395 0
94267 41
94268 0
94290 43
94293 0
94378 34
94480 0
94727 43
94794 0
95135 40
95364 41
95440 0
95629 39
95906 0
95977 34
96000 0
96070 39
96249 0
96345 32
96412 0
96464 40
96546 43
96870 39
96913 33
97188 0
97206 40
97272 33
97386 0
97495 33
97497 33
98042 0
98429 34
98633 40
98757 0
98889 33
99120 0
99662 43
99740 0
99934 39
99938 0
99947 43
353 events for 3
251 36
551 0
581 49
819 49
867 0
1390 80
1430 0
1525 35
2248 0
2287 40
2590 0
2712 36
3897 83
4035 83
4604 0
5002 36
5233 0
5285 80
5450 0
5685 49
5792 0
5847 36
5849 0
5915 83
6258 0
6311 83
6486 40
7635 36
7700 0
8174 55
8399 0
8409 85
8524 0
8605 55
8619 85
9074 0
9117 85
9203 0
9253 36
9331 35
10052 0
10077 80
10162 0
10716 36
10775 0
10946 80
11293 49
11431 0
11490 83
12436 85
13035 36
13252 0
13667 80
13888 0
14916 40
15133 0
15498 49
15763 0
15822 40
17045 0
17116 55
17316 0
17873 55
17964 0
18053 55
18168 40
18213 0
18300 35
18887 0
19088 35
19753 0
20009 49
20339 0
20504 83
20619 36
20745 0
20982 40
21137 0
21399 80
21528 49
22017 0
22213 36
22378 0
22639 36
22800 49
22860 49
23071 0
23864 35
24095 0
24337 49
24394 49
24832 0
24876 55
25273 0
25435 83
25507 80
25660 0
25724 83
25811 83
25870 0
26430 55
26547 0
26768 49
26808 36
27683 0
28250 85
28747 55
29151 0
29312 80
29456 0
29723 36
30001 0
30183 80
30221 0
30343 35
31439 0
31653 35
32076 0
32243 49
32624 35
32840 35
32865 0
32941 49
33133 0
33784 83
33988 0
34832 36
34974 0
35232 49
35266 0
35516 40
36584 0
36683 83
37091 0
37347 80
37449 36
37621 35
37864 0
37939 80
37947 80
37958 0
38326 83
38778 35
39136 0
39472 35
39689 0
39855 80
40118 49
40844 0
41028 83
41559 40
41762 0
41846 35
42117 0
42135 35
42396 0
43323 49
43497 0
44262 40
44585 55
45003 0
45009 40
45035 0
45063 83
45083 0
45266 83
45433 40
45444 0
45537 85
45949 0
46254 85
47189 0
47253 49
47353 0
48462 49
48618 0
48951 49
50171 0
50605 49
50680 0
51321 83
51516 83
52629 0
52962 55
53526 49
53560 0
53954 55
54074 0
54988 85
54995 55
55173 0
55258 80
55661 40
55910 0
55938 40
56819 49
56835 0
57489 40
58068 0
58309 40
58720 0
58868 35
59405 49
59444 49
59543 83
59986 0
60001 83
60589 80
60658 0
61089 80
61713 49
62809 49
63125 0
63473 49
63753 83
63816 0
64077 83
64236 0
64331 40
64345 0
64432 55
64523 49
64602 0
64863 85
65418 0
65698 80
66070 36
66676 0
66686 40
66733 0
66901 80
67652 0
68244 83
68694 0
68761 36
68812 36
69076 0
69265 40
69327 80
69465 0
69803 85
69907 40
70244 80
70400 0
71100 85
71108 36
71326 0
71861 40
71952 0
72094 35
72497 0
72893 49
73359 83
73862 80
74254 0
74457 36
74706 0
74717 49
74758 0
74964 35
74992 49
75042 0
75088 36
75119 0
75233 49
75527 40
75631 0
75682 55
75897 0
75933 80
76072 49
76297 49
76636 0
76986 49
77121 0
77123 40
77397 0
77856 85
78358 0
78373 49
78411 83
78438 0
78517 49
78789 0
79446 55
80038 0
80039 40
80107 0
80376 80
80585 0
80610 55
80866 40
81037 0
81283 49
81468 36
82253 85
82335 0
82483 49
83012 0
83030 36
83209 83
83560 40
83862 0
84587 83
84596 0
85062 85
85346 85
85378 0
85684 40
85745 0
85921 80
85972 0
86780 55
87429 85
87587 0
87591 49
87914 0
88341 49
88920 80
89315 40
89645 0
90068 85
90101 49
90144 80
91494 0
91673 40
91683 0
91788 49
92156 0
92701 80
92716 80
92830 0
93453 36
93593 0
93801 36
94191 0
94386 83
94727 55
95288 85
95484 35
96950 55
97004 0
97141 49
97342 49
97359 49
97826 80
98165 0
98701 35
98722 0
98893 35
99222 0
99407 36
99522 0
868 events for 4
30 21
298 21
424 0
794 22
887 22
932 0
980 21
1114 0
1240 21
1254 0
1257 21
1263 21
1291 21
1306 22
1311 0
1370 21
1411 21
1423 0
1737 21
1894 22
2066 0
2165 22
2230 0
2573 21
2765 22
2916 21
2936 22
2943 0
3251 21
3268 21
3371 22
3383 0
3468 22
3624 21
3662 22
3793 0
3855 22
3911 21
3933 0
4479 21
4539 0
4608 21
4640 0
4651 21
4708 0
4729 21
4893 0
4906 22
4918 0
4930 22
4956 22
5049 21
5243 0
5316 21
5342 0
5491 21
5516 21
5657 0
5775 22
6230 21
6414 21
6503 0
6649 22
6739 0
6746 21
6835 0
6856 22
6870 0
7088 21
7362 21
7589 0
7783 22
7861 0
7964 21
8106 0
8195 22
8210 0
8260 21
8574 0
8598 22
8680 0
8750 22
8768 0
8897 22
9043 0
9195 21
9424 0
9723 22
9744 0
9865 21
9867 21
9928 22
10012 21
10120 0
10138 21
10161 0
10211 21
10576 22
10584 0
10638 22
10695 0
10696 21
10856 0
10996 21
11008 0
11036 22
11131 0
11333 22
11592 0
11660 21
11821 21
11881 0
11931 21
12157 0
12236 22
12365 0
12444 21
12528 0
12640 22
12973 21
13151 0
13731 22
13798 22
14173 0
14398 21
14608 0
14641 21
14879 0
14881 22
14910 0
15132 21
15187 0
15252 22
15470 0
15492 21
15868 0
15920 21
16057 22
16176 0
16503 21
16809 0
17115 22
17219 0
17343 22
17492 0
17654 21
17809 21
18022 0
18079 22
18084 22
18161 22
18262 0
18336 21
18368 0
18444 21
18588 0
18702 22
18716 0
18737 22
18765 0
18893 22
18976 0
19007 22
19125 0
19271 21
19466 0
19763 22
19864 0
20030 22
20198 22
20214 22
20568 0
20590 22
20682 21
20694 0
20917 22
20946 0
20994 21
21033 21
21055 0
21079 21
21156 0
21217 22
21340 0
21426 22
21453 0
21530 22
21602 0
21808 22
21965 21
22001 0
22165 22
22182 22
22221 0
22438 22
22474 0
22476 21
22609 0
22662 21
22912 0
23026 22
23034 0
23569 21
23586 0
23611 21
23783 0
23808 22
23953 0
24042 21
24147 22
24205 22
24501 0
24548 21
24773 22
24862 0
24996 22
25065 0
25138 21
25208 0
25421 21
25444 22
25541 0
25578 21
25646 0
25796 21
25808 0
25812 22
25837 0
25881 21
26100 22
26183 21
26285 22
26544 0
26732 21
26977 22
27034 22
27054 22
27319 0
27486 22
27589 0
27661 21
27770 0
27909 22
27967 21
28216 22
28399 21
28433 22
28472 0
28564 22
28614 22
28626 21
28813 0
28969 21
29095 21
29101 0
29219 21
29295 0
29455 22
29553 0
29570 22
29669 21
29993 0
30015 21
30088 0
30414 21
30652 21
30689 0
30945 22
31210 0
31241 22
31336 22
31381 22
31434 0
31473 21
31578 0
31629 22
31821 21
31871 22
31992 21
32041 0
32248 21
32424 21
32741 0
32768 22
32800 0
32815 22
32822 0
32968 22
32992 22
33046 21
33176 0
33265 22
33589 0
33663 21
33705 0
34105 21
34247 0
34402 22
34676 21
34727 21
34750 21
34807 0
34814 22
34816 21
34884 0
34909 21
35143 22
35380 0
35466 22
35507 0
35528 22
35569 21
35740 0
35808 21
35857 21
36096 21
36144 0
36325 22
36364 0
36641 21
36699 21
36845 0
37129 22
37302 21
37308 22
37366 0
37554 22
37655 0
37733 22
37797 0
38025 22
38106 21
38108 22
38174 0
38200 21
38283 0
38293 21
38412 21
38541 0
38550 21
38600 21
38603 22
38727 0
38740 21
38953 22
38959 21
38994 0
39125 22
39317 21
39321 21
39392 22
39432 22
39699 21
39781 0
39835 22
39945 22
40222 0
40224 21
40674 21
40739 0
40874 22
40922 0
41187 21
41482 21
41631 22
41781 0
41852 21
41859 0
41961 22
42105 0
42146 22
42376 0
42621 22
42639 0
42807 22
42881 22
42916 0
42937 22
42963 0
42973 21
43457 21
43845 0
43924 21
43969 0
44065 21
44156 0
44250 22
44309 22
44339 0
44475 22
44518 0
44596 21
44724 0
44738 22
44936 22
45041 0
45060 21
45191 0
45200 21
45387 22
45937 21
46018 0
46029 21
46095 0
46162 21
46183 0
46246 21
46318 0
46449 21
46464 0
46529 22
46742 0
46770 22
46926 21
47718 22
47720 0
47851 21
47854 22
48075 21
48077 0
48153 21
48233 0
48254 22
48354 0
48450 22
48554 0
48776 21
48795 0
48828 21
48938 0
49024 22
49061 0
49317 22
49497 0
49659 21
49743 22
49827 0
50012 22
50221 0
50322 21
50354 0
50373 21
50593 22
50600 0
50651 22
50835 0
50946 21
51031 22
51544 0
51652 22
52079 21
52154 0
52415 22
52625 0
52718 21
53237 21
53302 0
53361 22
53486 22
53548 0
53647 21
53701 21
53787 0
53788 21
53834 0
53926 22
54006 21
54254 0
54262 22
54286 0
54400 22
54445 0
54596 22
54603 0
54612 21
54642 0
54673 21
54685 0
54733 22
54761 21
54926 0
54929 21
55033 21
55091 0
55770 21
55815 22
55876 0
55881 21
55966 0
56104 22
56148 0
56280 22
56359 0
56374 22
56481 0
56526 22
56606 21
56623 22
56666 0
56958 21
57134 0
57178 21
57261 0
57343 21
57490 0
57502 21
57602 0
58075 21
58254 0
58287 22
58310 0
58339 22
58427 0
58579 22
58606 0
58729 21
58802 0
58956 22
59322 0
59670 21
59747 0
59748 22
59895 0
60002 22
60008 0
60296 22
60335 0
60448 21
60511 0
60535 22
60590 0
60772 21
60873 0
60912 22
60978 0
61272 22
61348 0
61389 22
61508 0
61554 22
61832 0
62077 21
62138 0
62160 22
62462 0
62515 21
62649 0
62706 21
62736 0
62910 21
62935 0
63134 22
63387 22
63424 0
63826 22
64045 0
64198 21
64304 22
64668 0
64697 22
64932 0
65020 22
65126 22
65283 0
65384 21
65402 0
65861 21
66069 0
66082 22
66122 0
66321 22
66349 22
66360 21
66601 0
66702 21
66896 0
67220 21
67274 0
67290 21
67340 0
67477 21
67789 0
67849 21
67871 21
67894 21
67972 0
68014 21
68343 22
68348 22
68475 0
68694 22
68721 0
69076 22
69166 21
69206 21
69220 0
69386 21
69427 0
69458 22
69613 22
70088 0
70181 21
70418 0
70565 22
70618 0
70841 21
71072 0
71195 22
71365 0
71504 22
71575 21
71914 0
72235 22
72406 21
72560 0
72562 21
72610 0
72791 21
72892 0
72909 21
72926 22
72937 0
73001 21
73006 0
73188 21
73212 0
73343 21
73507 0
73531 22
73663 0
73678 21
73680 0
73912 21
73918 0
74132 21
74188 0
74324 22
74392 0
74447 22
74450 0
74479 21
74660 0
74697 21
74715 0
75080 22
75157 0
75504 22
75580 0
75643 22
75835 0
75843 22
75849 0
76682 21
76915 0
77046 22
77396 0
77416 22
77485 0
78004 22
78135 0
78456 22
78640 21
78656 21
78670 0
78746 21
78803 21
78810 21
78889 0
78968 22
79147 0
79296 21
79299 22
79354 21
79516 0
79570 22
79574 0
79632 22
79705 21
79806 22
79929 0
79990 22
80006 21
80418 0
80611 22
80682 21
80873 0
81004 21
81219 0
81236 22
81311 0
81551 21
81937 0
81972 22
81988 21
82234 0
82235 22
82538 0
82706 21
82931 0
83183 21
83220 0
83279 22
83381 21
83466 0
83478 22
83680 0
83835 21
84027 0
84077 21
84100 0
84158 22
84204 21
84517 0
84615 22
84619 22
84856 0
84921 22
85018 0
85157 21
85158 21
85159 0
85258 22
85438 22
85530 0
85588 21
85636 0
85650 22
85651 0
85685 21
85891 0
86017 21
86068 0
86373 21
86426 0
86493 21
86504 21
86834 0
87040 21
87164 0
87211 21
87314 0
87393 22
87455 0
87542 22
88071 0
88114 21
88159 22
88255 0
88293 21
88438 0
88482 21
88513 0
88541 22
88553 21
88568 0
88605 21
88759 0
88832 22
88916 0
88925 21
89104 0
89122 22
89411 0
89510 22
89538 0
89549 21
89634 0
89684 22
89918 0
89937 21
89950 21
89971 0
89995 22
90047 0
90124 22
90280 21
90535 0
90599 21
90836 0
90925 21
91209 0
91220 21
91457 0
91477 21
91484 0
91536 21
91570 0
91576 21
91641 0
91977 21
92000 21
92065 0
92069 22
92233 0
92345 21
92436 0
92463 21
92696 0
92699 21
92766 0
92774 22
92799 21
92883 21
93055 0
93077 21
93176 22
93312 0
93417 21
93441 21
93464 0
93514 21
93577 0
93835 22
93954 0
94019 22
94061 21
94110 21
94460 22
94472 22
94523 0
94525 21
94630 0
94637 21
94801 22
94822 0
94986 21
95532 0
95627 22
95723 21
95731 22
95738 21
95762 0
95909 21
96023 21
96086 21
96093 0
96493 22
96619 0
96821 22
96849 0
96903 21
96972 21
97442 0
97521 22
97565 0
97584 21
97662 21
97674 0
97859 22
97973 0
97995 21
98042 0
98194 22
98242 22
98249 0
98710 21
98863 0
98899 22
98924 0
98958 22
99058 0
99360 21
99529 0
99541 21
99666 21
99700 22
99828 0
99999 21
561 events for 5
272 75
764 0
790 75
812 60
1147 60
1173 68
1325 0
1442 68
1599 0
2129 68
2326 0
2368 68
2564 62
2677 0
2696 68
2701 0
2778 68
2798 0
2808 68
3070 0
3250 75
3420 0
3652 75
3691 62
3767 0
4002 75
4029 0
4200 62
4241 0
4796 60
4879 0
4882 62
5120 0
5426 60
5526 0
5740 75
5774 60
5912 0
6061 62
6160 75
6197 75
6230 0
6320 62
6447 0
6650 62
6722 60
6751 0
6755 68
6757 0
7371 68
7660 0
7725 62
7870 0
7933 75
8192 0
8196 60
8526 68
8784 0
8859 60
9098 0
9103 62
9339 0
9474 75
9520 0
9696 62
9802 0
10054 62
10176 0
10195 68
10404 0
10909 68
11311 62
11368 0
11473 60
11500 0
11605 62
11885 0
12111 68
12916 75
13095 0
13278 62
13430 68
13714 0
13813 62
13885 0
14227 62
14475 60
14778 60
15034 62
15050 0
15155 75
15618 0
15621 62
16084 75
16992 0
17040 75
17084 75
17267 0
17285 68
17376 0
17392 62
17474 0
17571 62
17667 0
17688 60
18153 0
18159 68
18508 60
18545 0
18592 75
18928 62
19158 0
19492 68
19697 68
19844 68
19909 0
19952 60
20008 62
20181 0
20655 60
21167 0
21224 60
21300 0
21341 68
21402 0
21521 68
22149 0
22238 62
22548 0
22554 60
22779 0
22798 75
22852 0
22853 60
23366 0
23679 68
23687 68
23690 60
24027 0
24181 60
24258 0
24699 68
24885 0
25242 75
25365 68
25404 0
25595 75
25977 0
25996 60
26157 0
26229 62
26490 0
26783 62
27174 0
27398 68
27447 0
27539 62
27750 0
28437 62
28552 0
28567 60
28639 0
28734 62
28842 68
28893 0
29701 68
29816 0
29825 60
29942 60
30229 0
30340 60
30511 0
31225 75
31374 0
31570 75
31974 62
32018 0
32072 62
32092 0
32100 75
32121 60
32252 0
32600 68
32620 60
33029 0
33374 62
33430 0
33670 68
33971 75
34063 0
34274 62
34464 0
34932 68
35026 0
35073 68
35393 75
35483 0
35520 75
35582 68
35761 0
35816 62
35944 0
36116 60
36233 0
36303 60
36348 75
36714 60
36722 62
36758 0
36776 60
36963 0
37180 60
37283 0
37292 60
37299 0
38213 62
38373 75
38435 0
38681 75
38693 0
39218 62
39457 0
39610 62
40364 0
40414 62
40465 68
40566 0
40665 60
40695 0
40931 75
41091 0
41352 60
41723 0
41759 62
41883 0
41969 62
42060 0
42471 60
42531 0
42785 60
43026 0
43099 60
43189 0
43313 68
43447 0
43463 62
43858 0
44194 60
44217 0
44332 75
44411 60
44513 0
44712 60
44778 0
44786 62
44881 0
45159 62
45408 0
45567 62
45646 0
45962 75
46098 62
46146 0
46596 75
46795 0
47292 75
47678 0
47778 75
47790 0
47886 62
48185 0
48321 62
48363 60
48390 0
48554 60
48577 0
48786 60
49084 68
49330 0
49491 62
49624 0
49993 75
50650 0
50670 62
50774 0
51046 60
51413 0
51499 62
51590 62
51618 0
51889 75
51900 0
52000 68
52065 0
52103 75
52292 0
52480 68
52581 68
53122 0
53186 75
53221 0
53287 60
53393 75
53404 60
53467 68
53882 0
54192 68
54210 0
54253 60
54283 60
54427 0
54491 62
54681 0
54863 75
55096 62
55154 0
55333 75
55471 0
55717 75
55801 0
56203 68
56215 0
56346 75
56681 0
56836 60
56886 0
57098 75
57312 0
57486 75
57570 0
57580 60
57594 0
57716 62
57842 75
57906 0
57921 68
58048 68
58242 68
58309 0
58978 68
59054 0
59293 62
59302 60
59662 0
60256 60
60372 68
60484 0
60580 60
60787 0
61047 62
61063 0
61380 62
61570 0
61664 75
61896 0
61934 60
61947 0
62006 75
62173 62
62500 60
63025 75
63150 68
63206 60
63263 75
63412 62
63432 75
64038 0
64122 60
64297 0
65625 60
65630 0
65671 75
65889 0
65989 62
66086 0
66267 60
66311 60
66565 0
66608 75
66715 0
66975 62
67717 0
67732 62
67983 0
68092 68
68316 0
68340 60
68535 0
68567 60
68579 0
68599 68
68709 0
68805 62
69762 0
69905 62
70362 0
70585 75
70645 0
71078 75
71156 0
71362 62
71706 0
71790 62
72298 0
72375 60
72391 0
72562 75
72581 60
72667 60
72775 0
72989 68
73057 0
73984 62
74316 62
74320 0
74322 75
74361 0
75034 62
75201 0
75297 62
75381 0
75743 60
75820 0
76049 68
76419 62
76629 0
76649 62
76687 0
77164 68
77181 62
77413 0
77432 68
77601 0
77725 62
77742 0
78038 60
78147 68
78298 0
78397 68
78420 0
78438 62
78513 62
78843 0
79284 75
79399 68
79917 0
79942 60
80119 0
80247 68
80391 0
80393 68
80502 0
80520 60
80659 0
80704 62
81153 0
81276 62
81533 0
81578 62
81626 0
81646 68
81787 0
81829 68
81875 68
82247 0
82285 68
82596 60
82613 0
82632 62
82715 75
83032 60
83153 0
83154 60
83185 62
83246 0
83281 62
83305 75
83309 0
83343 62
83366 0
83376 60
83441 0
83523 60
83761 0
84173 75
84217 0
84291 68
84463 0
84515 62
84853 62
84900 0
84922 60
84959 0
85060 62
85227 75
85268 0
85362 68
85573 0
85800 75
86507 0
87079 60
87250 0
87506 60
87518 0
87877 60
87943 0
88339 60
88648 0
88918 75
89011 0
89123 62
89342 0
89363 60
90028 0
90343 60
90570 0
90573 60
90964 60
90974 75
91257 0
91296 75
91609 0
91751 68
91882 0
92188 75
92636 0
93072 68
93213 0
93218 62
93238 0
93307 62
93428 0
94043 75
94238 0
94842 75
95030 62
95888 75
95995 0
96110 60
96314 0
96321 75
96440 0
96445 62
96640 0
96781 75
97256 75
97328 0
97345 62
97418 60
97579 0
97617 75
98065 75
98181 0
98762 60
98855 75
98866 0
99324 68
99469 68
99515 0
99535 62
99736 0
888 events for 6
102 43
452 0
473 43
486 32
543 43
727 32
837 0
1050 43
1266 0
1337 32
1430 43
1511 43
1540 43
1575 0
1596 43
1656 43
1945 43
2238 0
2524 32
2778 32
2847 0
3037 32
3099 0
3120 43
3348 43
3566 0
3692 32
3700 0
3772 43
3867 32
3871 0
3872 43
3881 0
3974 32
4013 0
4053 43
4105 0
4186 43
4208 0
4231 32
4287 0
4322 43
4523 32
4599 32
4621 43
4684 43
4750 0
4815 43
4836 32
4979 0
5380 43
5636 32
5651 0
5782 32
5878 0
6039 43
6045 32
6245 43
6707 0
7222 32
7364 43
7497 0
7563 32
7719 0
7781 43
7838 0
7997 32
8058 43
8146 43
8480 0
8500 43
8711 0
8742 43
8776 0
8780 32
8836 0
8982 43
9137 0
9153 43
9211 0
9298 43
9470 0
9487 32
9496 0
9499 32
9551 0
9596 32
9684 0
9700 43
9785 0
9982 43
10063 32
10135 0
10214 43
10263 32
10272 0
10354 32
10455 0
10554 43
10643 0
10874 43
11096 0
11104 43
11247 0
11343 43
11368 0
11437 43
11522 0
11648 32
11742 43
11821 0
12050 43
12195 43
12465 0
12584 32
12696 0
12737 43
12910 0
13085 43
13200 0
13336 43
13367 43
13409 0
13457 43
13521 0
13546 32
13588 32
14028 32
14111 0
14179 43
14275 43
14492 0
14607 43
14766 0
14816 43
15149 0
15381 43
15470 43
15733 32
15859 0
15898 43
16005 32
16031 43
16049 0
16112 32
16116 0
16303 43
16393 32
16517 0
16669 32
16776 0
16813 32
17022 0
17053 43
17086 0
17205 32
17291 0
17303 32
17317 0
17454 32
17506 32
17542 0
17555 43
17589 0
17837 43
17923 43
18027 0
18091 32
18160 0
18284 43
18517 43
18619 43
18662 0
18818 32
18886 0
18966 43
19018 0
19037 43
19070 0
19162 32
19417 0
19422 32
19428 0
19512 43
19598 0
19676 43
19770 0
19793 32
19825 0
19925 43
20038 32
20200 0
20373 32
20407 0
20514 43
20570 32
21229 0
21324 43
21780 0
21878 32
21894 0
21956 32
22132 0
22171 32
22221 0
22253 32
22339 0
22551 43
22564 0
22701 43
22737 0
22792 43
23116 32
23345 0
23420 43
23812 0
23816 32
23965 0
23973 32
24035 0
24043 32
24061 43
24085 32
24133 0
24319 43
24364 0
24441 43
24499 0
24906 43
25002 0
25017 43
25110 0
25202 43
25292 0
25544 32
25617 32
25651 0
25863 43
25877 0
25989 43
26265 0
26339 43
26347 43
26435 43
26571 0
26592 32
26653 43
26712 0
26776 43
26879 43
26947 0
26960 43
27024 0
27040 43
27068 32
27096 0
27144 32
27180 0
27186 32
27418 0
27424 32
27601 0
27618 43
27724 43
27746 32
28016 32
28225 0
28295 32
28357 0
28388 32
28469 0
28609 43
28684 0
28716 32
28764 43
28793 43
28818 0
28827 32
29123 0
29138 32
29174 0
29304 43
29312 43
29337 0
29364 43
29397 43
29423 0
29447 43
29533 0
29640 32
29849 0
30010 32
30201 0
30225 43
30450 0
30455 43
30837 0
30905 43
30913 0
30931 32
30934 0
31012 43
31118 0
31342 32
31432 43
31440 32
31719 0
31944 43
32079 32
32288 32
32388 43
32443 32
32584 43
32869 0
33099 32
33126 0
33190 43
33207 0
33241 32
33294 0
33327 43
33700 32
33823 0
33950 32
33967 43
34196 32
34204 43
34368 0
34677 32
34714 0
34785 43
34867 0
35182 32
35561 43
35582 0
35961 32
36098 43
36213 0
36273 32
36334 0
36344 32
36519 0
36550 43
36572 0
36675 43
36777 0
36891 32
36997 0
37121 43
37304 0
37382 32
37833 43
37856 0
37944 43
38360 0
38429 32
38508 0
38601 32
38621 0
38737 43
38797 43
38806 0
38819 32
38831 0
39056 43
39061 32
39280 0
39510 43
39570 0
39680 43
39695 43
39881 0
39988 32
40041 32
40072 0
40117 32
40124 32
40135 32
40187 0
40294 43
40353 0
40376 32
40397 0
40504 32
40528 0
40578 32
40733 43
40752 0
40839 43
41130 32
41207 32
41294 0
41394 43
41727 0
41751 32
42178 32
42262 0
42422 43
42817 43
42857 43
42936 0
42999 43
43020 32
43070 0
43300 43
43755 0
43846 32
43852 0
43909 43
43931 0
44114 32
44163 0
44218 43
44359 0
44645 43
44970 0
44996 32
45028 0
45166 32
45398 0
45472 32
45530 0
45548 43
45635 0
45765 43
45816 0
45866 43
45912 0
46162 43
46269 0
46416 32
46519 0
46535 43
46557 0
46626 32
46722 43
46753 0
46869 32
46903 0
47241 32
47351 0
47420 32
47606 32
48112 32
48205 0
48291 32
48490 0
48877 32
48921 0
49117 32
49331 0
49412 32
49518 0
49583 32
49692 0
49767 43
49783 0
49882 43
49923 32
50002 0
50039 43
50112 0
50169 43
50568 0
50808 43
51117 0
51397 32
51422 0
51518 32
51563 0
51609 32
51876 32
52254 0
52513 43
52777 32
52790 0
52807 43
52992 0
53085 32
53207 0
53239 32
53287 0
53308 43
53313 0
53359 32
53366 0
53420 32
53509 0
53553 32
53709 0
53868 32
53931 0
54028 43
54121 0
54460 43
54617 0
54893 32
54920 0
55151 32
55343 0
55403 32
55429 0
55462 43
55485 43
55632 43
55635 0
55684 43
55695 43
55721 0
55911 32
55926 0
56200 43
56222 0
56307 43
56350 0
56385 32
56420 43
56467 0
56496 32
56594 43
56618 0
56652 32
56804 0
57054 32
57498 32
57626 0
57635 43
57716 43
57726 0
57852 32
57989 0
58042 32
58188 0
58204 32
58292 0
58485 43
58523 0
58571 43
58661 0
58816 32
58842 0
58860 43
58897 0
58931 43
59034 43
59053 0
59122 43
59157 32
59182 43
59480 0
59549 32
59601 32
59650 32
59694 43
59711 0
59753 32
60207 0
60476 43
60691 0
60768 32
60803 0
61245 43
61471 0
61474 32
61541 0
61653 43
61714 43
61723 0
61798 43
62238 32
62351 0
62396 32
62592 0
62973 43
63014 0
63076 43
63341 0
63604 43
63663 43
63669 0
63681 43
63700 0
63709 32
63759 43
63793 0
63801 43
64036 0
64168 43
64227 0
64408 32
64436 0
64704 32
64932 32
65134 0
65260 32
65310 32
65408 0
65468 43
65653 0
65710 32
65929 0
65945 32
65992 32
66131 43
66264 0
66407 32
66410 0
66510 32
66571 0
66598 43
66758 0
66780 43
66885 0
66922 32
67081 0
67122 43
67290 0
67334 32
67694 0
67986 43
68057 32
68304 43
68484 0
68806 32
68892 0
68907 43
69140 32
69360 0
69394 32
69455 0
69481 43
69539 0
69584 43
69855 32
70293 0
70453 43
70524 0
70594 43
70768 0
70851 43
70924 0
70969 32
71297 0
71306 32
71374 0
71432 32
71811 0
71828 43
71858 0
71963 32
72006 0
72071 43
72326 0
72392 32
72455 0
72644 32
72649 0
72823 32
72896 0
72915 43
72948 32
72964 0
73270 32
73419 0
73462 43
73621 0
73653 32
73679 32
73792 0
73808 32
73865 32
73925 43
73942 32
74074 0
74097 43
74176 0
74187 32
74216 0
74277 32
74483 43
74504 0
74526 32
74727 0
74771 43
74775 32
74935 0
74956 43
75003 0
75101 32
75158 0
75162 32
75190 32
75748 0
75780 32
75900 0
75941 43
76048 0
76165 32
76319 0
76503 43
76566 0
76580 43
76647 0
76804 43
76878 0
76923 32
77422 0
77479 32
77563 0
77801 43
77855 43
78017 0
78217 32
78275 43
78369 43
78385 0
78806 43
78864 0
78966 32
78979 0
79069 32
79296 0
79370 43
79394 43
79433 0
79730 43
79803 0
79909 32
80109 0
80233 32
80353 0
80413 32
80663 0
80734 32
80762 0
80823 43
80827 0
80871 32
80933 0
81158 32
81415 0
81470 32
81627 32
81675 0
81827 32
81846 0
81855 43
81998 0
82056 32
82086 32
82181 0
82196 32
82218 0
82442 43
82522 32
82587 0
82707 32
82723 43
82976 0
83121 32
83201 0
83228 43
83318 0
83470 32
83664 43
84339 0
84365 43
84440 0
84494 43
84535 32
84728 43
84756 0
85095 32
85111 0
85169 32
85342 32
85376 43
85477 32
85595 0
85637 32
85667 43
85685 32
85695 0
85794 32
85815 32
85915 0
86215 32
86228 0
86281 43
86375 0
86709 32
86763 43
86971 0
87137 43
87339 0
87473 43
87643 43
87672 43
87889 0
87969 32
87994 32
88091 0
88172 32
88321 0
88434 32
88453 43
88815 32
88905 0
88923 43
89124 0
89179 43
89213 32
89261 0
89575 43
89663 0
89721 32
89729 0
89965 43
90144 0
90280 43
90450 0
90551 32
90553 0
90654 43
90876 0
90941 43
90992 43
91056 32
91390 0
91566 43
91731 0
91754 32
91884 43
92050 43
92391 32
92565 0
92571 43
92661 0
92698 43
92710 32
92865 0
92911 32
93149 0
93198 43
93287 0
93886 43
93913 32
93982 0
94076 32
94128 43
94328 0
94657 32
94669 0
94704 32
94725 32
94786 0
95031 43
95254 0
95315 43
95608 0
95625 43
95632 0
95911 32
95945 0
96337 43
96765 32
96800 0
97163 43
97373 0
97531 43
97650 0
97801 43
97889 0
97947 32
97976 0
98133 32
98218 0
98235 43
98251 0
98266 32
98275 43
98698 0
99081 43
99133 0
99358 43
99528 32
99622 0
99886 32
225 events for 7
1035 35
1587 34
2170 0
2404 34
2427 34
4410 0
4960 34
5089 0
5228 34
5561 0
5732 33
6530 0
6541 33
6805 0
7603 35
7805 0
7894 34
8253 0
9013 34
9909 0
10053 34
10195 0
10196 34
10643 34
11051 0
11140 34
11613 0
11851 34
12042 34
12610 33
12750 0
13774 34
13822 0
14486 35
14487 0
14821 35
15406 34
16019 0
16203 34
16553 33
16597 34
16641 0
17028 34
17495 35
17959 0
18049 35
18212 33
18282 0
18383 35
18850 0
19235 33
20463 0
20599 34
20965 0
21357 33
23061 33
23517 34
23678 0
23785 34
24094 0
24203 35
25079 0
25309 35
25570 0
25641 35
27050 0
28104 34
28352 0
28738 34
29104 0
33211 33
33308 0
33823 35
33881 0
34464 34
34706 0
34749 33
34825 0
35046 34
35221 0
35972 34
36082 0
36165 35
38022 33
38403 34
38479 0
39196 34
39417 0
39444 34
40028 35
40384 0
40434 34
40631 0
41036 33
41608 33
41959 0
42311 34
42697 0
42883 34
43051 35
43891 0
44217 34
44990 35
45410 33
45642 0
46441 34
46471 34
46670 0
47207 34
48081 34
48356 34
49057 0
49455 33
49750 0
50071 34
51188 0
51906 35
53022 34
54107 0
54304 35
54886 34
55585 0
55614 34
55667 0
55764 35
56313 0
56697 33
56907 0
57151 35
57215 0
57255 34
57552 0
58491 34
59025 0
59138 33
59422 0
60038 35
60241 0
61185 34
61217 35
61998 0
62465 34
62718 34
63536 0
64600 35
64625 0
64973 33
65098 0
65313 34
65618 35
65758 0
66625 34
66668 0
66905 35
67364 35
67796 0
68531 34
68671 0
69334 35
69452 34
70653 0
71586 35
71666 35
71673 0
71698 35
72168 0
72255 34
72908 0
73403 35
75342 0
75600 35
76544 0
76927 34
77910 0
78090 35
79818 0
79946 35
80202 0
80217 33
80376 0
80394 34
80685 33
80959 0
81112 34
81204 34
81336 0
81486 35
81955 34
82568 34
82934 0
83280 34
83898 0
84739 34
84939 0
85789 35
86300 34
87121 35
88603 0
88703 34
88976 0
89330 34
89874 0
90876 34
91314 0
91916 34
92078 0
92959 33
93256 0
93496 35
93813 34
93897 34
93931 0
94147 33
94996 35
95435 34
95610 0
96330 35
96488 0
96697 34
96913 0
97192 35
97959 0
97963 34
98269 0
99949 35
862 events for 8
306 53
634 76
688 0
714 53
795 0
846 53
862 0
889 50
1075 0
1165 87
1177 87
1370 87
1603 0
1729 87
1785 0
1855 87
1859 0
1950 50
2125 0
2313 87
2470 0
2974 53
2994 0
3030 53
3049 0
3181 76
3234 50
3344 0
3386 76
3507 0
4020 87
4035 53
4391 0
4568 87
4578 0
4593 50
4610 0
5495 53
5697 0
5754 76
5984 87
6389 0
6427 50
6454 53
6529 0
6616 76
6644 50
6991 87
7084 0
7186 87
7235 50
7281 50
7382 0
7400 50
7403 0
7407 87
7749 50
7896 0
8003 53
8038 50
8070 0
8132 87
8200 50
8292 0
8443 76
8450 0
8587 76
9248 0
9348 76
9494 0
9528 76
9591 0
9632 50
9655 0
9802 50
9960 0
9961 87
10021 76
10083 0
10098 87
10192 0
10198 50
10462 76
10480 50
10567 0
10599 50
10616 0
10631 87
10666 0
10990 87
11034 0
11307 53
11487 0
11546 76
11648 53
11673 0
11846 53
11904 50
11932 50
12309 0
12501 53
12523 0
12691 76
12848 0
12969 87
13091 0
13297 53
13558 0
13613 53
13629 0
13775 53
13856 76
13940 0
14162 87
14170 0
14201 87
14232 0
14251 53
14266 87
14349 50
14927 50
15026 87
15101 0
15347 76
15409 0
15622 53
16084 53
16244 0
16277 53
16399 0
16605 76
16737 50
16980 0
17131 76
17153 0
17381 87
17389 0
17410 53
17441 0
17507 87
18076 50
18268 0
18374 50
18587 0
18661 53
18740 0
18743 76
19134 50
19163 0
19451 87
19455 0
19541 50
19562 0
19790 50
19916 0
19937 50
20036 0
20079 76
20087 50
20092 87
20318 0
20341 87
20476 0
20630 87
20789 0
20905 50
20971 0
21005 76
21033 0
21165 53
21382 0
21516 53
21530 0
21621 76
21668 53
21684 87
21891 0
21968 87
21982 53
22194 50
22295 53
22532 87
22559 0
22656 87
22671 76
22693 87
22716 50
23069 0
23139 76
23373 0
23466 76
23669 0
23861 87
23884 0
23954 53
23973 0
24762 76
25088 0
25136 50
25193 50
25208 0
25275 76
25285 0
25355 87
25396 0
25413 53
25654 87
25826 0
25864 53
26073 0
26099 76
26145 0
26148 76
26411 53
26422 53
26507 0
26629 76
26631 0
26688 76
26788 0
27038 50
27158 87
27191 0
27228 53
27672 53
27788 0
27818 76
27846 53
27905 0
27932 50
28175 0
28245 50
28503 0
28641 53
28846 76
28942 0
28976 53
29023 0
29247 76
29360 0
29541 87
29574 50
29654 0
29996 53
30177 0
30382 50
30401 0
30434 87
30489 76
30496 0
30934 76
31006 0
31092 50
31105 76
31167 53
31308 53
31440 0
31752 50
31777 0
32121 76
32604 0
32609 50
32725 0
32802 53
32902 0
33251 50
33537 0
33548 76
33550 0
33582 87
33629 0
33642 50
33730 0
33764 76
33782 0
34019 50
34027 0
34403 87
34433 0
34519 53
34649 0
34720 53
34909 0
34986 76
35001 0
35165 76
35440 0
35558 87
35623 0
35842 50
35843 0
35901 53
36005 0
36171 87
36225 0
36249 50
36253 0
36271 76
36322 0
36336 50
36865 0
36872 76
36968 50
37018 0
37137 76
37143 0
37269 76
37468 0
37484 76
37577 50
37634 87
37777 0
37875 87
38090 76
38147 0
38374 53
38433 0
38859 50
38999 0
39006 87
39033 0
39816 87
39833 0
40020 76
40385 0
40399 76
40407 87
40588 0
40617 53
40667 0
40713 50
41078 0
41430 50
41496 0
41596 76
41625 0
41694 50
41715 53
41967 0
42003 53
42043 0
42617 50
42620 0
42718 50
42757 0
42832 87
42891 0
43033 53
43104 50
43164 0
43197 87
43376 0
43393 76
43399 0
43643 53
43712 0
43786 53
43812 76
43816 0
43870 76
44364 76
44367 0
44432 76
44468 0
44759 87
44840 87
44934 0
45151 76
45279 76
45363 87
45392 53
45424 0
45477 53
45753 0
45770 50
45932 53
46121 53
46352 76
46501 87
46504 50
46520 0
46684 76
46811 0
46911 76
46985 0
47037 76
47235 0
47238 50
47279 76
47284 87
47312 87
47378 50
47403 0
47408 76
47425 0
47527 76
47693 50
48163 0
48300 50
48444 0
48526 76
48596 50
48722 53
48818 0
48908 50
48945 0
48947 87
49060 0
49119 76
49434 0
49524 50
49705 0
49912 87
49928 0
49937 87
49955 0
49957 76
50240 0
50250 50
50323 76
50477 53
50534 76
50579 0
50726 76
50734 53
50839 87
50948 53
51115 0
51227 53
51257 0
51548 50
51580 0
51636 53
51683 0
51741 53
51894 0
52168 53
52198 0
52265 76
52278 0
52799 87
52810 0
53002 76
53168 0
53476 76
53604 0
53977 76
54197 0
54489 50
54541 0
54592 53
54992 0
55142 87
55336 50
55558 87
55910 50
55976 50
55982 0
56035 76
56080 87
56139 0
56299 76
56363 0
56398 87
56488 0
56702 76
56739 53
56763 0
56848 76
56849 0
57163 50
57165 87
57176 87
57258 0
57408 76
57435 0
57600 87
57601 50
57619 53
57698 0
57770 53
57780 87
57869 53
57994 0
58024 87
58258 87
58478 87
58517 50
58578 0
58596 50
58984 0
58994 87
59212 87
59298 50
59470 53
59483 87
59578 87
59896 0
59912 87
60051 0
60070 87
60073 76
60327 50
60391 0
60522 50
60525 0
60596 53
60775 0
60984 87
61004 0
61098 87
61115 0
61316 50
61758 0
61929 50
62045 0
62147 53
62148 0
62229 87
62457 0
62720 87
62755 0
62761 50
62913 0
63039 76
63106 50
63133 0
63193 76
63290 0
63367 87
63459 0
63510 50
63583 53
63614 0
63854 50
63991 50
64073 76
64102 0
64232 53
64290 0
64306 53
64413 0
64619 50
64621 0
64889 87
64916 0
64959 50
65031 0
65032 53
65719 0
66084 53
66111 0
66217 53
66256 0
66363 76
66519 0
66596 50
66638 0
66751 53
66844 0
67168 76
67255 0
67368 53
67551 76
67650 0
67721 87
67733 0
68017 50
68056 87
68088 0
68313 53
68344 0
68405 76
68452 53
68476 0
68557 53
68716 0
68992 50
69019 0
69117 53
69294 0
69347 76
69398 0
69624 53
69784 87
69797 0
69815 76
69936 0
69959 50
70087 0
70122 50
70262 76
70384 0
70409 87
70431 0
70574 53
70595 50
70649 87
70695 0
71281 87
71434 87
71438 0
71613 76
71675 0
71692 50
71769 53
71848 76
72052 0
72090 50
72259 0
72336 87
72347 0
72460 76
72780 0
72911 87
72949 0
73102 87
73112 0
73306 50
73397 0
73439 87
73483 0
73693 87
73763 87
73854 0
73953 87
73963 0
74226 76
74337 50
74402 0
74502 76
74506 87
74663 0
75043 50
75302 76
75437 0
75464 53
75573 0
75620 76
75625 76
75634 0
75645 87
75704 0
75744 53
75830 0
75871 50
75890 0
76038 50
76149 0
76177 87
76184 0
76373 76
76389 50
76436 0
76456 76
76542 76
76625 0
76635 87
76692 0
76884 76
77073 50
77345 0
77373 53
77551 0
77575 53
77586 53
77659 0
77997 87
78156 0
78165 53
78351 53
78358 0
78520 76
78578 0
78625 76
78653 0
78682 50
78701 0
78720 87
78744 0
79087 50
79229 0
79233 53
79503 0
79682 50
80250 0
80420 76
80435 0
80516 53
80691 0
80897 50
81089 0
81613 53
82028 0
82054 76
82070 0
82180 50
82267 0
82292 53
82307 0
82595 53
82645 0
82752 87
82973 0
82990 53
83222 0
83237 50
83436 50
83493 87
84226 53
84266 0
84348 76
84576 50
84743 0
84916 87
85012 50
85013 76
85032 0
85124 76
85181 0
85278 87
85351 76
85362 0
85621 76
85945 0
86027 50
86121 0
86217 76
86706 87
86794 0
86932 53
86940 87
86991 76
87074 53
87273 76
87609 53
87619 0
87637 76
87670 50
87703 0
87937 76
88139 0
88174 76
88207 0
88220 76
88357 0
88455 53
88656 0
88694 87
88861 0
88868 87
89065 0
89110 53
89111 0
89162 53
89250 0
89557 50
89691 0
89978 50
90054 0
90387 87
90461 76
90533 0
90572 53
90595 0
90879 87
91028 0
91035 53
91055 0
91132 76
91357 0
91390 50
91396 50
91742 0
91824 50
91979 0
92203 50
92250 0
92464 76
92465 0
92642 87
92662 0
92665 87
92720 0
92755 87
92797 0
92817 87
92978 0
92985 87
93035 76
93101 0
93102 76
93207 76
93373 0
93699 50
93704 50
93808 0
93833 50
94035 76
94141 0
94145 53
94167 50
94204 0
94452 53
94455 0
94574 50
94587 76
94664 0
94689 50
94701 0
94808 50
94828 0
94830 50
94841 0
95003 76
95081 50
95084 0
95194 53
95250 0
95302 76
95422 0
95567 53
95798 76
95814 0
96050 53
96079 0
96253 50
96262 0
96471 76
96771 0
96978 87
97023 0
97131 87
97262 0
97493 87
97581 76
97620 0
97700 53
97793 53
98032 0
98074 53
98271 0
98327 87
98350 87
98471 0
98521 50
98588 0
98689 50
98746 0
99024 76
99050 0
99051 87
99078 0
99207 53
99315 0
99388 76
99427 0
99515 87
99633 0
99705 50
99788 0
99804 53
289 events for 9
649 60
1026 0
1356 57
1698 0
2287 62
2365 0
2675 62
3189 0
3364 56
3901 0
4290 56
4297 66
5108 0
5144 57
5614 0
5702 66
6219 0
7519 60
7632 56
7824 0
8326 66
8863 0
9126 56
9230 0
9426 56
10244 0
10254 60
10265 0
10594 66
11394 0
11451 57
11774 0
11830 57
12021 60
12219 0
12528 56
13423 0
14005 56
14875 0
14922 57
15231 0
15285 57
15362 57
15679 56
16074 0
16338 57
16687 0
16714 60
17075 62
18665 0
18804 56
19089 0
19128 57
19384 0
20118 60
20562 0
20913 60
20998 0
21076 66
21904 62
21986 0
22213 56
22265 0
22299 56
22965 62
23961 0
24132 66
24355 0
24487 56
24655 0
24751 57
25328 0
25961 56
27087 0
28157 56
28166 0
28304 56
29037 0
29463 57
30323 56
30395 0
30793 56
31267 0
31348 56
31585 57
32421 0
32642 62
32844 0
32916 57
32999 0
33147 56
33389 0
33799 56
34293 0
34363 56
34470 60
35000 57
37332 60
37383 56
37590 0
37603 66
37843 56
37966 0
37985 60
38078 0
38454 57
38665 56
39718 0
40086 56
40410 0
40571 56
41555 57
41972 0
42422 66
42664 0
42857 62
43101 0
43292 66
43408 0
43666 56
43986 0
43987 56
44346 62
44461 0
44510 62
44590 0
45049 66
45470 66
45967 0
46328 60
46467 0
46486 66
46874 0
47053 57
48023 0
49357 66
49367 0
49696 62
50211 56
51081 0
51399 57
52031 56
52086 0
52221 56
53156 0
53400 56
53948 57
53991 0
53994 56
54280 60
54917 56
55617 57
55979 0
56148 62
56288 0
56498 60
57330 0
57341 60
57760 0
58237 60
58767 56
59719 0
59840 66
59990 0
60032 56
60168 0
60212 57
60218 0
60589 57
60751 0
60784 57
60790 0
60919 56
61010 0
62592 66
63011 57
63042 0
63546 66
63726 0
64062 60
64063 0
65119 56
65419 0
65598 60
65743 0
66130 57
66145 0
66392 56
66447 0
66545 57
66570 0
67392 56
67423 0
67540 57
68087 0
68345 66
68471 0
68559 66
68706 0
68746 62
68939 60
68962 0
69694 56
70212 0
70304 56
71206 62
71438 0
71592 60
71629 0
72086 66
72762 62
72770 60
73143 56
73426 0
73926 56
74254 0
74951 62
75600 60
75855 57
75910 57
76037 0
76574 56
76693 0
76938 60
76942 0
78393 60
78567 62
79371 0
79451 62
79565 0
80359 56
80391 0
80752 60
81278 0
82696 56
82774 66
82792 0
82917 62
82932 0
83745 60
84306 57
84482 0
84937 57
85595 0
85650 66
86157 56
86261 0
87024 56
87221 0
87496 56
87563 0
88850 60
88905 0
89021 57
89330 0
89894 60
90432 0
90747 56
90961 0
91040 66
91236 60
91318 0
91673 57
91872 60
92155 0
92646 56
93189 0
93406 57
93485 0
94001 60
94184 0
94455 62
94505 0
94657 57
95594 0
95672 60
95772 0
95775 66
96102 56
96519 57
97277 0
97819 57
97914 0
97942 66
97958 0
98174 56
98744 60
99221 0
99629 62
394 events for 10
928 88
1484 0
1622 86
1913 0
3148 86
3167 86
3654 0
5238 88
5762 0
5829 88
5869 86
5893 0
5903 86
6120 0
6152 86
6218 0
6348 86
6399 86
6789 86
6793 0
6869 86
7433 86
7582 88
7761 0
7977 86
8248 88
8674 0
8849 86
8881 86
8938 88
8981 0
9247 86
9425 0
9454 88
9466 0
9623 88
10115 0
10278 86
10802 86
10803 86
10872 0
10875 86
11512 0
11591 88
11618 0
12931 86
12940 0
13074 86
13274 0
14372 86
14374 0
14944 86
14996 0
15118 88
15587 86
15833 86
15854 86
16331 88
16345 86
16493 0
16821 86
17009 0
17044 86
17086 86
17174 0
17551 88
17556 0
17593 86
17644 0
17972 88
18185 0
18502 86
18688 0
19079 88
19127 0
19226 86
19891 0
20137 86
20361 0
20443 88
20495 0
20682 88
20899 86
20922 0
20980 86
21007 0
21791 86
21908 0
21911 86
22266 88
22681 0
22781 88
22973 0
23325 88
23379 0
23604 88
24521 0
25612 88
25633 0
25731 86
25794 0
26084 88
26269 0
26270 86
26830 0
26831 86
27160 0
27494 88
27541 0
27624 88
28157 88
28370 0
28372 86
28521 0
28585 86
29185 86
29317 0
29690 86
29873 0
30003 88
30505 86
30646 0
30809 86
30858 0
31339 88
31450 0
32298 86
32349 0
32367 88
32408 0
32467 86
34106 0
34114 86
34245 0
34353 88
34438 0
35413 86
35674 0
35735 88
35951 86
36299 0
36616 88
36895 0
37090 86
37320 86
37670 86
37680 0
38078 88
38103 0
38444 88
38486 0
38754 86
38757 86
39136 88
39346 86
39507 0
40339 88
40363 0
40490 86
40871 0
42046 88
42107 0
42489 86
42503 0
42689 86
42894 86
43012 0
43225 86
43384 0
43941 86
44112 0
44296 88
44341 86
45007 0
45168 86
45268 0
45323 86
45633 0
45679 88
45821 86
46057 0
46468 88
46485 0
47221 86
47389 86
47715 0
47796 86
47869 0
47965 88
48612 0
48892 86
49231 0
49922 88
50656 0
50678 88
50732 0
50821 86
50913 0
51151 88
51677 0
52049 86
52947 0
53153 88
53651 0
53706 88
54519 0
54683 88
54904 0
55055 88
55058 0
55180 86
55502 88
55974 0
55982 86
56234 88
56313 0
56636 86
56848 0
56854 86
56954 86
56985 86
57124 0
57199 86
57358 0
57718 86
57804 88
57899 0
58428 86
58569 0
58886 86
58929 0
59156 86
59207 86
59263 88
59289 0
59290 86
59419 0
59700 86
59782 86
59811 88
60110 88
60179 0
60291 86
60390 0
61229 88
61409 86
61673 0
62179 88
62534 86
62602 86
62906 0
63020 88
63229 0
63312 88
63385 0
63480 86
63683 0
63727 88
63940 88
64350 0
64471 88
64631 0
64917 86
64977 0
65521 86
65666 0
65745 86
65799 0
65929 86
66378 88
66816 0
66835 88
66928 0
67723 86
67760 0
67866 88
68247 86
68402 86
68594 0
68774 86
68877 0
69582 86
69656 86
69657 0
69717 88
69961 86
70119 0
70194 86
70420 0
70735 86
70893 0
71678 86
71777 0
71830 86
72209 0
72282 88
72318 0
72481 88
73183 0
73199 86
73395 0
73895 88
74220 0
74714 88
74726 86
74892 0
75145 88
75522 0
76106 86
76112 0
76326 86
77157 0
77342 88
77395 0
77523 88
77528 0
77654 86
78039 0
78076 86
78182 88
78513 0
78657 86
78759 86
79383 0
79642 88
79644 0
80207 86
80263 86
80331 86
81041 0
81391 86
81653 0
81729 86
81983 0
82470 88
82909 0
83229 88
84082 0
84359 86
84703 0
85678 86
85683 88
85861 0
86613 86
86924 0
87672 86
87698 0
87931 86
88106 0
89158 86
89279 0
89529 86
89675 86
89889 0
90041 86
90371 88
90683 0
91236 86
91820 86
92233 0
92398 86
92829 0
92992 88
93183 0
93269 88
93282 0
93460 88
93541 0
94257 86
94533 0
94636 88
95046 0
95195 86
95236 0
95438 86
95590 86
95670 86
95738 0
95946 86
96547 86
97029 86
97394 0
97415 86
97462 0
97662 86
97835 86
97879 86
97968 86
98016 0
99021 88
99109 0
99164 86
99789 88
99914 86
801 events for 11
13 59
46 0
592 31
607 31
619 0
667 59
700 0
844 31
956 59
1091 0
1284 59
1361 59
1556 0
1663 31
1843 0
2179 31
2313 0
2334 59
2431 0
2522 31
2682 59
2851 0
2855 59
2887 0
2892 31
2935 59
2944 0
3013 31
3187 0
3342 31
3422 59
3438 0
3802 59
3907 0
4093 31
4098 0
4141 59
4206 59
4221 31
4227 59
4236 59
4249 0
4363 31
4616 31
4934 59
4992 0
5041 31
5060 0
5087 31
5192 0
5231 59
5394 0
5466 31
5688 0
5703 59
5710 31
5715 31
5872 59
6094 0
6226 59
6611 0
6731 31
6882 59
6896 0
6955 59
7063 59
7104 0
7495 31
7506 59
7698 0
7857 31
7860 0
8109 31
8153 0
8258 31
8304 59
8458 0
8471 59
8630 0
8832 59
8892 59
9187 0
9291 31
9362 0
9439 59
9526 0
9573 31
9753 31
9764 0
9912 31
9986 59
10039 0
10059 31
10118 0
10157 31
10213 0
10257 31
10360 59
10404 0
10645 59
10898 0
10933 31
10986 0
11027 59
11097 31
11208 0
11345 31
11424 0
11575 59
11649 0
11762 31
11860 0
11929 31
12114 0
12348 31
12431 0
12613 31
12632 0
12644 31
12662 0
12732 59
12757 0
12792 31
12880 0
13115 59
13166 0
13343 59
13500 0
13506 31
13596 31
13966 0
14150 59
14296 0
14322 59
14331 31
14341 31
14468 31
14718 0
14851 31
14871 0
14884 31
14924 0
14934 59
15688 0
15774 59
15783 0
15826 31
16161 0
16343 59
16344 0
16469 31
16578 0
16621 59
16921 0
17129 31
17398 0
17640 59
17754 0
17882 59
17896 0
18066 59
18080 59
18094 31
18266 0
18627 59
18703 59
18741 59
18959 0
19023 59
19206 0
19227 31
19303 59
19417 0
19653 59
19851 0
19929 59
20172 0
20414 59
20830 0
20943 31
20954 0
20997 31
21053 0
21055 59
21182 0
21303 59
21460 31
21542 0
21856 31
21932 0
22081 59
22295 59
22412 0
22463 59
22525 0
22542 59
22897 0
23021 59
23302 31
23322 59
23596 0
23704 31
23705 31
23707 0
23708 59
23763 59
23913 0
23934 31
23966 0
23990 31
24069 0
24140 59
24227 0
24458 59
24497 0
24573 59
24995 0
25083 59
25095 31
25142 0
25192 59
25282 59
26030 0
26100 31
26290 31
26373 0
26583 59
26625 31
26693 0
26941 31
27058 0
27124 31
27155 0
27331 31
27481 0
27612 59
27811 0
27895 31
27924 31
27939 59
28100 0
28145 59
28147 0
28333 59
28381 0
28547 59
28557 0
28581 31
28648 0
29076 59
29126 0
29204 31
29460 0
29776 31
29887 0
30271 59
30302 31
30366 0
30541 59
30619 0
30707 59
30821 0
30879 31
30904 0
31128 59
31224 0
31289 31
31291 0
31457 31
31485 31
31781 0
31991 31
32141 59
32310 0
32394 31
32581 0
32590 31
32595 59
32603 0
32995 59
33061 0
33185 31
33855 59
34116 0
34125 59
34164 59
34326 0
34359 31
34376 0
34447 59
34502 0
34534 59
34722 0
34798 59
34907 31
35058 59
35281 0
35526 31
35729 59
35816 59
35905 59
36503 0
36726 59
36919 0
36941 31
36948 0
37207 31
37334 0
37522 59
37616 0
37701 59
38404 31
38472 0
38584 59
38712 0
38726 31
38864 31
39030 0
39191 31
39510 31
39573 0
40293 31
40311 31
40365 0
40891 59
41143 0
41264 59
41284 31
41629 59
41675 31
41762 0
41841 31
41996 0
42164 31
42258 0
42577 59
42648 0
42813 31
42837 0
42900 31
43049 0
43474 59
43537 0
43655 31
43673 59
43722 0
43816 59
43870 0
43944 31
43990 0
44509 31
44582 0
44919 59
45019 0
45039 31
45045 31
45163 0
45170 31
45256 0
45333 59
45446 59
45596 0
45608 59
45613 0
45729 59
45801 0
45825 59
45868 59
46083 59
46158 0
46164 31
46309 59
46338 0
46574 59
46786 0
47050 31
47119 31
47370 31
47810 0
47971 31
48102 59
48213 0
48312 31
48358 31
48388 0
48495 31
48941 0
49048 59
49079 0
49106 31
49211 59
49243 0
49430 59
49682 59
49737 0
49872 59
49985 0
50029 31
50274 0
50335 59
50430 0
50486 59
50550 0
50589 59
50746 0
50898 59
51056 0
51338 31
51411 0
51425 59
51735 31
51794 31
51851 0
51860 31
52002 0
52066 31
52311 0
52551 31
52822 59
53051 0
53107 59
53163 0
53275 59
53310 31
53332 59
53337 59
53367 0
53499 31
53549 0
53593 31
53609 59
53926 0
54028 31
54480 31
54693 0
54721 31
54759 0
54913 31
55031 0
55357 31
55512 0
55557 31
55616 0
55718 59
55781 0
56001 31
56027 0
56041 59
56222 0
56270 31
56281 0
56357 31
56406 0
56520 31
56538 0
56602 59
56688 0
56934 59
56978 0
57001 59
57040 31
57099 0
57198 31
57343 31
57513 0
57570 31
57655 31
57711 0
57716 31
57833 0
57968 31
58004 0
58191 31
58279 31
58397 0
58461 59
58838 0
58848 31
59098 0
59115 31
59175 0
59203 31
59240 0
59257 31
59483 0
59515 31
59881 0
60059 31
60123 0
60277 59
60890 59
60900 0
61213 59
61249 59
61567 0
61683 59
61692 31
61708 0
61731 59
61909 0
62120 59
62247 0
62249 59
62281 0
62439 31
62538 31
62549 31
62788 59
62823 59
63077 0
63094 31
63515 0
63694 59
63758 31
64077 0
64194 59
64255 0
64409 31
64627 0
64638 59
64743 0
64860 31
64920 0
65121 31
65202 0
65317 31
65395 59
65433 31
65663 59
65667 0
65769 59
65864 59
65926 0
65938 31
66107 0
66224 31
66240 59
66382 59
66610 0
66712 31
66855 59
66970 0
67227 59
67394 0
67404 31
67446 0
67486 59
67590 0
67598 31
67632 0
67770 31
67875 0
67880 31
67960 0
68168 31
68303 59
68307 0
68308 31
68310 59
68332 0
68388 59
68683 0
68735 59
69137 0
69387 31
69474 0
69515 31
69897 0
69923 31
69989 0
70004 59
70204 0
70390 31
70585 0
70586 31
70642 0
70673 31
71189 0
71194 59
71250 0
71259 59
71367 0
71502 31
71818 0
71907 59
72072 0
72141 31
72371 0
72466 59
72499 31
72516 0
72697 31
72837 0
73056 31
73181 0
73189 31
73244 0
73301 59
73574 31
73608 0
73664 31
73914 0
74067 59
74118 59
74142 31
74394 0
74486 59
74609 0
74614 31
74654 0
74658 31
74915 59
74972 59
75008 0
75077 31
75149 0
75581 31
75677 0
75796 59
75835 0
75859 59
75988 0
76067 31
76198 0
76334 31
76613 59
76796 0
76816 31
76834 0
77029 31
77084 0
77091 31
77205 0
77330 59
77369 0
77479 31
77685 0
77768 31
77973 0
77993 59
78014 0
78214 59
78431 0
78497 31
78504 0
78549 59
78645 0
78891 59
79395 0
79412 59
79460 31
79693 0
79743 59
79825 0
79838 59
79892 59
80401 31
80581 59
80698 0
80722 31
80744 0
80852 31
80962 0
80982 31
81011 31
81061 31
81577 31
81649 0
81712 59
81744 0
82144 59
82292 31
82334 59
82611 0
82680 31
82748 31
82769 0
82837 59
83023 59
83079 0
83098 59
83100 31
83258 59
83789 0
84015 31
84300 0
84386 59
84456 0
84600 31
84628 0
84711 59
84932 0
85182 31
85259 31
85268 0
85402 31
85411 0
86058 59
86059 0
86108 59
86390 0
86449 31
86467 0
86509 31
86585 0
86600 59
86740 0
86818 31
86824 0
87006 59
87047 0
87077 31
87151 31
87343 0
87346 59
87690 0
87726 31
87820 0
88162 59
88240 0
88334 31
88386 31
88533 59
88759 0
88980 59
89083 31
89194 0
89617 59
89638 0
89713 59
89754 31
89895 0
90278 31
90780 0
90917 31
90964 0
91041 59
91090 0
91100 59
91174 0
91195 31
91259 59
91451 0
92034 59
92110 59
92170 0
92207 59
92211 0
92231 31
92532 31
92689 0
92950 59
92963 0
93005 59
93047 0
93147 31
93193 0
93206 31
93281 0
93500 59
93542 31
93640 0
93655 59
93714 59
93790 31
94745 31
94949 0
95054 59
95160 0
95296 31
95346 59
95354 0
95379 31
95453 0
95542 31
95729 0
95852 59
95896 0
95898 59
95905 0
95956 59
96410 0
96874 31
97113 0
97392 31
98114 31
98161 59
98273 0
98400 59
98409 59
98541 0
98566 31
98582 0
98660 31
98666 0
98674 59
98815 59
98986 0
99191 59
99207 0
99502 31
677 events for 12
9 77
468 73
475 0
601 53
696 0
762 53
779 0
1033 54
1103 0
1182 73
1232 60
1233 0
1294 73
1402 0
1586 77
1632 0
1688 64
1895 73
2151 0
2155 77
2213 0
2273 72
2327 77
2445 72
2463 72
2648 0
2688 73
2828 0
2897 64
2941 0
3063 81
3198 0
3585 54
3636 64
3761 0
3799 64
3901 0
4048 60
4377 0
4708 72
4804 0
5026 64
5059 0
5064 60
5216 0
5421 81
5690 0
5839 53
6084 0
6158 54
6356 60
6590 0
6600 73
6663 0
6695 73
6874 0
6981 81
7540 64
7627 0
7743 53
7907 60
8017 0
8074 60
8088 0
8201 81
8203 0
8338 77
8742 0
8782 53
9258 0
9439 77
9549 0
9569 81
9746 0
10103 77
10226 72
10454 60
10461 0
10519 53
10659 0
10672 54
11160 0
11257 73
11314 0
11527 54
11571 0
11776 73
11873 77
11890 64
12057 72
12323 60
12515 64
12533 53
12677 64
12851 0
13108 64
13176 0
13209 73
13270 77
13278 0
13490 77
13608 0
13648 64
13767 0
13800 81
13888 0
13908 64
13981 73
14021 72
14075 0
14330 64
14598 0
14722 77
14903 0
14981 73
15124 60
15186 0
15407 73
15511 72
15544 0
15589 77
15648 60
15697 81
15805 0
16035 73
16057 60
16512 77
16619 0
16747 73
17008 0
17021 81
17045 53
17070 0
17231 64
17654 0
17725 77
17762 0
17886 72
17891 72
17923 0
18257 73
18463 0
18551 60
18682 0
18772 81
18785 0
18809 77
18838 0
18968 54
19048 0
19165 53
19186 0
19493 64
19722 0
19966 81
20022 0
20198 81
20212 0
20223 60
20257 81
20467 81
20591 0
20708 72
20900 0
21134 81
21165 0
21518 54
21531 73
21555 77
21988 53
22095 0
22243 64
22322 0
22360 81
22490 0
22625 60
22752 81
22935 0
22941 73
23036 0
23178 81
23502 54
23579 0
23635 60
23737 0
23906 64
24054 53
24299 0
24310 73
24429 0
24976 64
25095 53
25413 0
25756 81
25822 0
25914 77
25929 0
26125 73
26154 0
26245 72
26468 0
26523 54
26530 73
26855 0
27012 60
27266 0
27346 81
27416 0
27863 54
27958 0
28062 73
28088 0
28327 54
28445 72
28527 0
28824 81
28830 0
29096 54
29243 0
29424 73
29435 0
29460 54
29557 0
29903 77
29993 54
30129 0
30733 72
31099 54
31127 72
31243 0
31445 77
31490 53
31639 0
31964 60
32537 0
32626 72
32754 0
32924 73
32987 73
33518 64
33574 0
33696 64
33900 0
33948 54
34106 0
34300 60
34376 0
34575 81
34654 64
34672 0
34715 60
34988 0
35091 72
35568 72
36145 0
36345 60
36462 72
36527 0
36827 72
36856 64
37056 0
37194 54
37222 0
37274 77
37281 64
37608 0
37799 73
37800 54
37924 0
38048 81
38251 60
38633 0
38655 54
38737 0
38942 60
38953 0
39208 53
39494 0
39496 77
39746 0
39885 77
40162 0
40253 81
40422 73
40436 0
40565 53
40671 0
40713 64
40881 0
40934 77
41336 0
41457 54
41552 64
41638 77
41730 72
41787 0
41798 72
41827 72
41892 53
41913 0
42080 72
42389 0
42495 81
42621 0
42783 73
42820 53
42825 64
43375 0
43541 73
43952 0
43965 64
44349 0
44366 54
44479 73
44684 0
44714 53
44748 60
45055 54
45357 0
45638 64
45847 0
46017 72
46038 81
46041 64
46086 54
46219 64
46385 0
46531 60
46635 64
46873 77
46901 0
47134 64
47255 0
47459 64
47522 0
47662 77
47713 0
47842 54
48302 0
48335 81
48344 0
48440 81
48462 0
48483 64
48803 0
48859 72
49232 0
49319 73
49614 77
49665 77
49830 0
49953 53
50045 0
50047 64
50159 0
50208 77
50224 0
50226 77
50341 0
50644 60
50646 53
50819 0
51345 77
51674 64
51730 53
51800 77
53048 54
53150 77
53187 0
53325 54
53440 0
53474 64
53673 60
53697 0
54112 81
54149 0
54432 73
54443 0
54693 72
54709 0
54823 72
54962 72
55061 53
55245 0
55327 73
55899 0
56219 54
56255 0
56266 77
56344 0
56375 53
56460 53
56576 0
56660 53
56784 0
57026 73
57231 0
57608 53
57860 0
57893 81
58094 54
58696 54
58705 0
58833 64
58983 0
59201 53
59284 81
59380 60
59786 53
59810 0
60014 60
60096 0
60407 81
60462 77
60493 0
61038 73
61057 0
61180 81
61325 0
61327 53
61517 0
61530 73
61563 0
61826 53
62262 0
62266 72
62283 0
62298 60
62401 0
62565 53
62762 0
63034 77
63143 0
63239 77
63322 0
63387 64
63436 0
63589 77
63615 0
63712 64
63989 60
64109 0
64461 64
64464 73
64656 0
64780 64
64789 77
64931 0
65084 72
65352 0
65423 73
65489 0
65626 77
65801 0
65815 73
65943 0
66069 64
66347 0
67003 73
67107 0
67118 64
67264 0
67451 77
67601 0
67672 60
67761 0
68350 64
68400 0
68585 77
68672 53
69061 72
69127 0
69166 64
69639 81
69718 0
69747 81
70015 0
70158 81
70218 0
70329 81
70530 0
70573 77
70987 60
71050 0
71115 54
71222 77
71464 0
71641 81
71722 53
71929 0
72234 73
72269 0
72537 81
72578 0
72684 81
72885 0
73073 81
73180 0
73189 72
73551 54
73589 0
74149 64
74170 0
74341 81
74388 60
74612 0
74824 60
74841 81
75034 0
75623 73
75637 0
75705 77
75737 54
75777 60
75854 0
75893 73
75943 73
76209 54
76370 0
76563 81
76818 0
76959 81
77151 0
77171 72
77195 0
77199 77
77336 0
77412 73
77568 53
77588 60
77589 0
77755 60
78026 0
78042 77
78044 0
78115 72
78750 77
78800 0
79127 72
79218 73
79240 0
79246 81
79705 54
79718 0
79737 54
79857 64
80012 0
80144 53
80418 0
80544 77
80806 0
80887 73
80904 0
81188 77
81285 0
81460 73
81539 0
81707 64
81763 0
82067 77
82294 60
82301 0
82328 81
82511 0
82654 53
83071 0
83131 53
83219 81
83236 0
83345 53
83746 0
83775 72
83979 0
84072 81
84231 73
84236 77
84238 0
84259 53
84279 72
84298 0
84502 81
84618 64
84659 0
84764 54
84768 0
84979 73
84991 0
85596 72
85652 0
85788 77
85805 73
86238 53
86468 73
86618 77
86665 73
86724 54
86788 0
86840 72
86841 60
86879 77
86942 0
87163 77
87420 60
87708 0
87712 54
87780 53
87920 0
88030 72
88123 0
88247 77
88372 0
88379 72
88702 0
88826 73
88886 0
89154 81
89848 0
90025 72
90197 0
90448 60
90576 0
90879 64
91058 0
91167 53
91177 0
91574 77
91615 77
91699 0
91791 53
91835 0
92130 81
92545 54
92580 77
92868 77
93005 0
93585 54
93624 0
93683 72
93761 0
93807 60
93904 60
93944 0
93970 77
94012 73
94637 0
94723 81
94840 54
94962 0
95031 54
95104 0
95249 72
95383 0
95421 53
95436 0
95524 53
95659 0
96135 54
96205 0
96297 60
96307 0
96731 64
96894 77
96949 0
97088 64
97805 0
98111 54
98277 53
98336 0
98407 73
98707 0
98789 60
99029 81
99096 0
99235 60
99270 0
99628 53
99836 0
483 events for 13
430 20
470 0
513 23
874 0
2057 59
2505 23
2613 0
2672 59
2842 0
2893 23
2940 20
3943 0
4250 23
4490 0
4592 23
4724 0
4810 59
4884 0
4886 23
4995 0
5227 20
5706 0
5732 59
5757 23
6283 0
6457 59
6796 0
7069 20
7262 0
7313 23
7819 23
7869 0
7878 20
7924 20
8087 0
8370 20
8453 59
8995 0
9392 59
9501 0
9588 23
9607 23
9826 0
9919 59
9999 0
10101 20
10256 0
10273 23
10472 0
10570 20
10584 0
10592 23
10713 0
11063 20
11066 0
11072 23
11191 0
11435 20
11988 0
12562 23
12982 20
13671 0
13732 23
13753 0
13779 23
13847 20
13987 0
14244 23
14841 0
14886 20
15134 20
15401 0
15419 23
15647 0
15738 23
15774 0
15877 20
15900 0
16189 20
16224 0
16278 23
16291 0
16311 59
16622 20
16853 23
17020 0
17032 20
17224 0
17303 59
17728 0
18242 59
18460 0
18465 20
18565 0
18855 23
19097 23
19207 0
19274 20
19613 0
19706 59
20135 0
20261 20
20313 0
20789 23
20887 0
20894 59
21104 20
21460 0
21549 20
21905 59
22041 0
22135 59
22210 0
22391 59
22430 0
22502 59
22766 0
23163 23
23335 20
23372 0
23671 23
23692 0
23888 59
24096 23
24173 0
24317 59
24485 23
24645 20
24665 59
24823 59
24976 0
25030 23
25204 0
25545 59
26780 0
27149 23
27229 23
27232 20
27428 23
27562 59
27651 0
27671 20
27802 0
27857 59
28146 59
28289 20
28465 0
28754 23
28967 20
29089 0
29440 59
29595 20
29625 0
29654 23
29791 20
30083 0
30116 23
30179 0
30567 20
30687 0
30864 20
31566 23
31709 0
31902 20
31926 20
32044 20
32453 20
33142 59
33337 0
33373 23
33418 23
33607 0
33668 23
33777 20
34184 20
34236 59
34590 59
34672 0
35339 59
35383 0
35581 59
35657 0
35742 59
35755 0
35833 59
35883 23
36018 59
36103 0
36659 23
36724 20
36788 0
36835 20
37052 0
37137 59
37158 0
37416 59
37544 23
37673 23
37685 20
37993 0
38130 23
38239 0
38336 20
38376 0
38763 20
38949 20
39186 0
39303 20
39306 0
39761 23
40243 0
40730 59
41274 0
41818 20
41847 0
42050 23
42292 0
42308 23
42388 0
42442 20
42494 0
42519 23
42608 0
42921 59
42976 0
42987 20
43113 0
43314 20
43359 0
43375 20
43744 0
43815 59
44215 0
44475 20
44510 0
44762 23
45146 0
45275 59
45473 20
45750 0
45856 20
45922 20
45976 20
46204 59
46322 0
46599 59
46887 0
46888 59
47415 0
47799 59
48790 0
48792 59
49182 0
49312 59
49373 0
49554 59
49555 0
49701 59
50314 23
50466 0
50549 20
50738 0
51205 20
51253 0
51766 59
52627 59
52790 0
53502 23
53524 0
53567 23
53660 0
53740 20
53997 0
54070 20
54706 59
54871 0
55048 20
55190 0
55607 59
55699 20
55754 0
56291 59
56312 0
56869 23
56971 23
57278 59
57327 23
58120 0
58220 23
58298 0
58365 20
58473 0
58741 23
58923 0
59050 20
59100 59
59129 0
59471 59
59642 0
59722 23
59941 0
60174 59
60567 0
60716 59
61296 23
61502 0
61663 23
61687 0
61741 59
62190 0
62268 20
62472 0
62649 20
63418 0
63419 59
63589 0
63702 20
63737 23
63862 23
64008 0
64412 59
64645 0
64655 23
65099 0
65445 20
65473 0
65606 59
65936 20
66199 23
66306 0
66780 23
67038 0
67085 59
67331 59
67648 0
67776 59
67944 0
67976 59
67988 59
68013 0
68061 20
68212 0
68654 20
68823 0
69178 23
69517 0
69629 59
69859 0
69972 20
70035 0
70037 20
70218 59
70273 0
70333 20
70480 0
70925 59
71157 0
71399 59
71974 0
72285 59
73416 0
73524 20
73555 0
73992 20
74063 20
74257 0
74339 20
74595 0
75358 23
75922 0
75935 20
76245 0
76286 23
76668 0
76911 23
77070 59
77309 0
77502 20
77660 23
77853 0
78284 20
78553 0
78764 23
78899 0
79068 20
79236 0
79659 59
79750 0
80017 20
80059 0
80209 23
80304 0
80473 20
80656 59
80893 0
81020 23
81072 0
81430 59
81449 0
81871 23
81969 0
82211 59
82298 0
82419 23
82709 23
82729 59
82883 0
82971 23
82993 0
83074 20
83373 0
83552 20
83774 20
83958 0
84023 23
84372 20
84482 0
85545 23
85567 0
85612 59
86008 0
86077 20
86178 0
86600 20
86789 20
87156 0
87221 23
87222 0
87239 20
87516 23
87519 59
88249 59
88844 20
89077 0
89465 23
89485 59
89544 0
89795 59
89892 0
89958 59
90051 59
90274 0
90666 23
91015 0
91241 59
91818 0
92009 59
92145 23
92183 0
92195 20
92201 0
92625 20
92740 0
92777 23
92853 0
93143 59
93313 0
93498 20
93765 20
94059 59
94076 0
94384 20
94414 0
94843 59
95505 0
95684 20
95948 0
95981 20
96268 0
96575 59
96905 23
97601 0
97691 59
97709 0
97815 23
98055 0
98846 20
99020 0
99174 23
99235 0
99536 59
99566 0
99822 20
815 events for 14
33 30
48 0
96 28
818 0
863 24
969 0
1383 31
1419 0
1762 25
1799 28
1875 31
2008 28
2202 25
2440 30
2526 0
2612 30
2625 0
2688 31
2700 0
3300 24
3375 30
3580 0
3628 25
4029 0
4110 30
4112 0
4544 25
4597 0
4696 30
5009 31
5019 0
5127 28
5135 25
5301 0
5473 30
5502 0
5792 21
6018 31
6019 0
6112 31
6421 30
6449 0
6502 30
6546 0
6573 28
6723 0
6842 30
6844 0
7027 30
7147 31
7387 0
7390 30
7510 24
7535 0
7641 21
7816 0
7911 30
7935 24
7955 0
8082 24
8114 30
8252 0
8270 24
8320 28
8582 0
8718 30
8754 30
8766 0
8888 25
9085 0
9104 25
9186 25
9209 0
9260 30
9296 0
9328 24
9438 0
9449 30
9561 0
9708 24
9808 31
9812 0
10091 31
10274 0
10524 24
10724 24
10878 30
10892 31
10972 31
11056 0
11104 30
11125 0
11162 31
11204 0
11254 28
11265 0
11309 30
11445 0
11553 31
11712 21
12220 0
12259 24
12503 24
13365 25
13460 0
13710 30
13921 28
13950 21
14010 0
14160 25
14516 0
14612 21
14657 0
14681 30
14732 0
14833 28
14899 0
15136 31
15394 30
15599 0
16144 24
16165 21
16706 0
16869 21
16885 0
16946 24
17051 0
17130 21
17136 30
17142 0
17161 28
17496 24
17736 0
17786 25
18101 21
18356 0
18405 30
18484 21
18497 0
18594 25
18641 0
18650 21
18688 0
18800 24
19078 0
19387 30
19402 0
19584 31
20078 30
20121 0
20251 21
20283 0
20334 31
20390 0
20489 28
20558 0
20880 30
21019 0
21102 30
21115 0
21189 25
21662 0
21734 30
22016 0
22226 30
23071 21
23215 25
23305 0
23481 21
23645 0
23746 25
23776 0
23843 30
23845 0
24006 24
24024 21
24050 0
24071 30
24209 24
24391 0
24414 28
24669 0
24832 24
24956 0
25041 30
25159 0
25677 30
25680 31
25731 0
25737 25
25789 0
25936 28
25983 0
26095 24
26206 0
26547 28
26582 24
26619 0
26642 25
26645 0
26649 28
26756 0
27271 21
27430 0
27517 24
27738 0
27841 30
27855 0
27973 31
28116 0
28137 25
28417 0
28561 31
28576 0
28825 24
29191 0
29277 24
29380 31
29684 0
29908 30
30050 0
30291 28
30309 0
30480 25
30536 0
30668 31
30743 0
30842 30
30923 0
31340 24
31877 0
31933 25
32111 0
32309 30
32366 25
32391 0
32571 24
33058 0
33188 30
33490 0
33533 30
33632 30
33896 0
33946 21
33952 0
34081 30
34194 25
34218 0
34494 25
34652 0
34655 30
34997 21
35247 0
35408 31
35422 0
35540 28
35772 0
35777 31
35994 0
36075 31
36305 0
36359 30
36491 21
36609 24
36743 0
36846 28
36889 30
37010 0
37262 21
37269 0
37399 30
37514 21
37531 0
37658 24
37683 0
37743 24
37869 28
37873 0
37891 24
37957 24
37991 30
38039 21
38044 0
38068 28
38084 0
38352 25
38722 0
38863 21
38896 0
38964 30
39013 28
39078 24
39172 0
39333 30
39491 0
39536 30
39602 0
39694 30
40128 21
40669 0
40942 30
41030 0
41130 31
41306 0
41641 24
41726 30
41820 0
41837 24
42027 0
42055 28
42177 0
42305 30
42682 0
42755 28
42803 30
42806 0
42911 30
43276 0
43277 24
43435 24
43582 0
43620 31
43648 28
43697 0
43768 24
43781 0
43807 30
44030 0
44128 25
44212 30
44367 0
44425 30
44765 0
44843 21
44854 0
44938 25
45008 24
45045 0
45259 24
45374 0
45378 25
45651 0
45675 25
46052 0
46259 25
46338 0
46346 30
46607 0
46704 30
46914 0
46971 28
47173 0
47205 30
47420 0
47688 25
47795 0
48004 24
48018 0
48165 24
48176 0
48532 31
48700 0
48792 24
49098 0
49319 31
49336 0
49524 30
49824 0
49956 30
50070 0
50096 28
50228 0
50506 30
50564 0
50647 30
50866 30
50884 21
51002 0
51150 25
51442 0
51874 28
51932 28
51954 25
51984 0
51998 24
52125 0
52213 28
52269 21
52340 0
52434 25
52784 30
52818 28
53070 24
53270 0
53468 31
53721 0
53733 28
53802 30
53876 0
53886 30
54298 0
54317 28
54367 0
54375 30
54377 0
54454 31
54527 0
54566 30
54637 0
54680 30
54718 0
54741 24
55012 28
55101 0
55116 25
55140 0
55764 24
55942 0
56002 30
56036 0
56122 30
56198 0
56229 30
56237 0
56239 25
56591 0
56593 24
56599 0
56733 28
56770 0
56779 30
57256 0
57262 24
57358 0
57407 31
57763 0
57914 28
57918 0
58050 31
58342 0
58418 24
58546 0
58713 21
58805 0
58978 30
59080 30
59144 0
59225 28
59442 0
59947 30
60192 30
60235 30
60345 0
60424 28
60438 30
60593 0
60699 31
60895 0
60940 28
61026 0
61155 25
61158 21
61323 28
61385 24
61415 28
61426 0
61493 21
61753 0
61820 28
61823 0
61831 24
61871 24
61948 0
62258 21
62279 0
62630 31
62794 0
62855 21
63084 0
63147 21
63162 21
63290 0
63328 28
63505 0
63727 30
63765 30
63832 0
63846 24
63969 0
63980 30
64072 0
64175 21
64210 0
64213 31
64477 30
64506 30
64716 31
64814 0
64887 30
64899 0
65027 28
65053 0
65087 31
65212 0
65254 28
65371 21
65489 30
66017 0
66200 28
66239 0
66304 28
66347 0
66438 28
66925 25
66943 0
67040 25
67513 0
67514 21
67532 24
67592 30
67599 0
67605 30
67889 30
68106 0
68466 30
69162 30
69179 0
69213 28
69523 0
69693 25
69745 0
69780 30
69808 0
70030 21
70069 0
70081 30
70205 0
70417 30
71041 0
71060 30
71080 0
71193 25
71550 0
71636 30
71861 0
72108 31
72189 0
72360 31
72634 0
72671 24
72844 25
72874 0
72948 24
72997 0
73232 25
73275 0
73425 25
73605 25
73928 0
74132 21
74174 0
74752 28
74878 0
74973 30
75138 0
75168 21
75193 28
75404 0
75467 30
75478 0
75554 30
75611 0
75720 28
75810 0
75846 28
75909 0
76001 28
76216 24
76293 0
76323 31
76346 0
76532 28
76594 0
76646 25
76723 0
76763 30
76847 0
77252 31
77385 21
77457 0
77547 28
77772 21
77967 0
78084 25
78129 0
78395 31
78431 0
78446 25
78452 0
78454 30
78528 28
78542 0
78566 30
78778 0
78875 30
79263 0
79353 21
79521 0
79593 24
79715 24
79741 0
79791 30
79838 24
80078 24
80103 0
80130 21
80166 0
80188 21
80235 0
80322 24
80332 0
80352 21
80357 0
80481 30
80548 30
80579 24
80613 0
80752 21
80763 0
80953 25
81074 0
81085 25
81147 0
81441 24
81491 0
81895 31
81899 0
81926 25
81985 0
81994 28
82037 31
82077 24
82144 30
82216 21
82313 0
82360 25
82397 31
82444 25
82622 30
82639 30
82835 30
83135 0
83259 28
83307 28
83350 0
83609 28
83735 0
83802 30
83832 0
84095 30
84234 30
84246 28
84419 25
84603 24
84834 0
84903 30
84915 21
85142 0
85162 21
85221 0
85245 25
85281 30
85287 0
85333 30
85345 24
85709 0
85800 31
85844 0
86139 30
86217 0
86296 25
86685 0
86983 31
87024 0
87122 25
87198 0
87281 25
87396 0
87564 21
87881 0
88156 24
88196 0
88272 25
88317 0
88453 30
88492 0
88496 24
88593 0
88655 30
89004 0
89074 21
89087 28
89152 21
89194 0
89235 31
89413 0
89448 21
89506 0
89510 25
89580 0
89714 30
89725 30
89863 0
89898 31
90219 0
90277 28
90407 30
90464 0
90477 28
90518 0
90545 31
90673 30
90764 0
90849 25
91050 24
91121 0
91424 30
91603 0
91624 25
91635 0
91659 31
91799 0
91900 25
91985 0
92100 24
92149 0
92198 30
92303 28
92363 0
92390 30
92395 0
92418 30
92617 0
92725 30
92790 0
92845 21
93136 0
93384 21
93714 30
93864 25
93925 0
93958 21
94032 25
94114 0
94133 30
94255 0
94369 25
94404 0
94503 25
94778 0
94906 24
94998 0
95026 31
95123 0
95304 21
95309 24
95413 0
95561 30
95725 0
95726 30
95818 24
95896 21
95964 0
95997 30
96180 30
96235 0
96244 25
96293 0
96450 31
96468 0
96483 30
96513 30
96570 0
96604 25
96636 0
96783 28
96829 0
96832 21
96999 30
97096 0
97291 25
97437 25
97755 0
97758 30
97768 0
97836 25
97898 0
97958 28
97978 0
98066 28
98481 31
98567 21
98605 21
98644 0
98952 30
99171 0
99177 28
99283 0
99441 30
99487 24
99533 21
99750 30
99806 0
99830 24
99965 0
101 events for 15
582 55
1061 45
2561 0
3288 39
3505 0
4043 39
5494 0
6041 45
6154 0
6220 45
7137 0
7176 36
7298 39
8947 0
11487 39
11990 0
13500 45
13731 53
15623 0
15646 36
17208 0
17658 45
17935 0
18379 22
18892 0
19159 36
22281 45
23242 0
24365 22
25192 0
25384 55
26036 0
26044 39
26680 45
26688 0
29205 22
30426 53
31532 55
34114 0
34229 36
34781 45
34949 0
35098 39
35520 0
36970 22
37452 0
37931 55
38540 0
39289 53
39787 0
39874 45
43474 0
44242 55
45143 0
45408 39
46934 0
49733 36
50588 0
51415 55
52139 0
55757 45
56074 0
56085 53
56306 0
57004 55
57050 0
60439 36
60618 0
60944 45
61351 55
61646 0
62460 53
64314 0
65671 53
66048 0
70617 36
71078 0
73951 36
74292 45
74521 22
75192 0
75822 39
77755 0
80721 22
81067 0
82147 53
83199 0
83491 45
84942 53
86994 0
89472 45
89744 53
90567 0
90575 55
91515 0
92789 45
94106 0
95023 45
95716 39
96092 22
97495 0
