8 buffers
316758 31824
418324 53108
258881 37940
229226 23681
362943 27266
99280 18134
272255 9195
302297 47973
40 downlinks
0 375 2500 316
1 2875 5000 299
2 5375 7500 364
3 7875 10000 330
4 10375 12500 389
5 12875 15000 394
6 15375 17500 295
7 17875 20000 326
8 20375 22500 332
9 22875 25000 303
10 25375 27500 316
11 27875 30000 403
12 30375 32500 394
13 32875 35000 316
14 35375 37500 342
15 37875 40000 304
16 40375 42500 317
17 42875 45000 329
18 45375 47500 311
19 47875 50000 303
20 50375 52500 371
21 52875 55000 391
22 55375 57500 328
23 57875 60000 395
24 60375 62500 358
25 62875 65000 322
26 65375 67500 366
27 67875 70000 394
28 70375 72500 348
29 72875 75000 302
30 75375 77500 414
31 77875 80000 386
32 80375 82500 393
33 82875 85000 412
34 85375 87500 418
35 87875 90000 373
36 90375 92500 296
37 92875 95000 345
38 95375 97500 377
39 97875 100000 308
863 events for 0
38 69
40 0
243 67
645 54
679 0
748 63
766 54
835 63
852 0
971 54
1400 67
1543 0
1630 67
1779 67
1832 0
1880 67
1976 0
2140 63
2179 0
2257 67
2371 67
2456 0
2597 54
2676 0
2850 69
2893 54
3099 0
3213 54
3275 0
3296 63
3323 54
3402 0
3428 54
3537 63
3576 54
3687 63
3848 67
3924 67
4005 0
4236 54
4306 67
4399 0
4549 54
4606 54
4752 54
4890 0
5084 54
5232 0
5279 69
5315 0
5410 54
5445 0
5479 54
5525 0
5530 69
5545 0
5584 63
5607 67
5829 67
5845 69
5903 0
5975 54
6027 69
6029 0
6175 54
6197 0
6284 54
6354 0
6448 69
6486 0
6827 67
6934 0
6983 54
7009 0
7118 67
7174 0
7275 54
7284 0
7303 67
7632 0
7666 69
7682 0
7719 67
7723 0
7921 69
7992 0
8059 54
8411 0
8452 63
8648 0
8711 63
8720 67
8807 54
8876 69
8983 67
9033 0
9160 67
9171 0
9330 54
9401 0
9421 54
9577 63
9689 0
9931 63
10067 0
10076 69
10100 0
10161 67
10251 0
10351 67
10486 69
10563 0
10586 69
10615 0
10913 63
10934 63
11128 0
11164 54
11350 0
11458 63
11495 54
11599 0
11715 67
12038 0
12153 69
12195 0
12213 67
12653 0
12663 63
12723 0
13120 54
13121 0
13289 63
13324 0
13402 54
13511 0
13534 63
13590 69
13716 67
13778 0
13838 54
13988 63
14402 63
14439 0
14564 67
14751 54
14848 0
15045 67
15100 63
15110 0
15276 67
15399 0
15468 54
15671 63
15773 67
15833 54
15893 0
16031 69
16120 0
16277 63
16373 63
16431 0
16594 67
16770 0
16833 63
16836 0
16843 63
16988 67
16996 0
17018 69
17198 0
17586 69
17634 0
17669 69
17685 0
17696 63
17755 0
17792 69
17893 0
17901 67
17916 0
18257 54
18283 67
18419 0
18460 69
18726 54
18760 67
18774 0
18799 67
18892 0
19319 67
19573 0
19795 69
19855 0
19864 67
19896 63
19897 54
20010 54
20069 0
20096 69
20287 63
20333 54
20494 0
20676 63
20679 69
20682 67
21023 0
21086 54
21563 0
21655 69
21881 0
21983 67
22256 0
22356 54
22377 0
22412 54
22496 0
22808 54
22853 54
22854 63
22918 0
22957 69
22973 0
23256 63
23257 69
23377 63
23406 54
23449 67
23456 0
23723 67
23728 0
23787 67
23801 0
23930 69
24070 54
24231 0
24485 69
24607 0
24667 69
24691 67
24910 54
24987 63
25350 0
25464 69
25684 0
25719 63
25880 0
25943 67
25971 0
26097 63
26147 0
26149 54
26228 0
26346 67
26704 0
26707 63
26920 0
26981 54
27003 69
27081 0
27099 63
27245 0
27494 63
27525 0
27530 69
27569 69
27613 0
27901 54
28039 0
28043 63
28528 0
28658 54
28670 0
28683 63
28761 0
28941 63
29039 0
29065 67
29141 0
29327 67
29363 0
29378 69
29511 0
29900 67
30402 63
30485 67
30584 69
30701 69
30757 0
31104 69
31150 67
31221 0
31522 63
31527 0
31545 63
31778 0
32032 54
32204 67
32255 0
32266 54
32383 54
32697 63
32733 0
32748 63
32783 63
32801 0
33478 67
33520 0
33527 69
33543 54
33544 0
33546 67
33549 0
34066 67
34306 0
34775 63
34791 0
34806 69
34884 0
34975 63
35092 63
35109 0
35118 67
35129 69
35201 54
35259 0
35589 67
35641 0
35689 69
35935 0
36053 67
36168 54
36281 0
36422 67
36450 0
36620 69
36629 0
36717 54
36757 0
36758 63
36775 0
37023 54
37093 0
37286 69
37334 54
37496 0
37615 54
38036 0
38151 67
38480 67
38587 0
38653 69
38714 0
38768 54
38840 0
39209 67
39232 0
39447 69
39708 54
39785 0
39790 54
39806 0
39884 67
39895 0
40007 54
40013 0
40252 67
40266 0
40390 67
40414 67
40577 0
40799 54
40855 69
40865 0
40950 63
40991 0
41352 67
41418 67
41577 63
41619 0
41629 54
41677 0
41776 67
41990 0
42042 63
42055 0
42472 63
42503 0
42589 63
42791 0
43170 63
43197 69
43375 0
43407 63
43449 67
43602 0
44021 67
44231 0
44444 63
44597 54
44734 0
44934 67
45324 69
45360 0
45566 63
45872 67
46233 69
46703 0
46954 67
47384 0
47451 67
47533 54
47624 0
47659 54
47693 0
47775 67
47788 54
47817 0
48121 69
48150 0
48731 67
48940 0
49005 54
49155 0
49230 69
49375 0
49400 67
49431 0
49547 67
49678 0
49704 69
49977 0
50056 67
50085 0
50103 69
50143 0
50192 69
50215 0
50287 54
50333 67
50411 0
50469 54
50559 0
50609 63
50612 0
50746 63
50783 0
50814 69
50841 0
50948 69
51006 0
51046 54
51047 0
51051 63
51098 69
51579 0
51767 54
51794 67
51864 54
52050 0
52297 54
52352 0
52489 63
52507 63
52659 0
52757 69
52832 0
52925 54
52956 0
53145 63
53156 0
53235 69
53292 0
53406 63
53513 0
53544 54
53779 0
53887 69
53942 0
54007 54
54016 0
54053 67
54455 0
54613 69
54668 63
55048 54
55091 67
55130 0
55183 69
55203 0
55314 69
55340 0
55588 63
55880 0
55909 63
55955 0
56012 69
56034 0
56232 69
56320 67
56443 0
56507 67
56550 0
56668 63
56697 69
56761 0
56781 69
56820 0
56903 69
57429 0
57491 69
57575 63
57723 63
57970 0
58633 67
58736 67
58829 0
58988 54
58993 69
59139 0
59168 67
59346 0
59465 54
59543 0
59634 67
59696 0
59927 54
60054 69
60363 0
60708 67
60850 0
60987 69
61393 0
61581 67
61701 0
61705 63
61809 63
61857 0
61878 69
61892 67
61915 0
61918 63
62048 0
62069 63
62558 0
62567 67
62708 0
63006 63
63049 0
63074 63
63131 0
63138 67
63139 63
63189 63
63257 0
63323 67
63504 0
63756 67
64106 0
64119 67
64191 0
64463 69
64654 0
65033 63
65067 0
65068 63
65311 0
65454 54
65555 67
65584 0
65614 67
65636 0
65725 69
65790 0
65800 63
66229 0
66243 67
66437 0
66580 54
66811 0
67183 63
67412 63
67460 0
67496 54
67724 0
67915 69
67926 0
68202 69
68261 0
68300 54
68409 0
68475 63
68489 0
68503 67
68672 0
68815 63
68830 0
68858 63
69098 0
69178 54
69298 0
69392 69
69409 0
69497 54
69716 0
69760 63
69931 54
69936 0
70050 67
70291 0
70500 63
70868 0
70997 69
71061 0
71249 54
71567 0
71573 67
71624 0
71678 69
71747 63
71999 69
72047 69
72090 0
72283 69
72501 0
72637 63
72763 0
72824 67
72840 67
73239 67
73304 0
73343 67
73475 67
73478 0
73483 54
73572 54
73637 0
73654 67
73909 0
73931 54
73978 0
74011 69
74296 63
74341 54
74382 0
74481 63
74660 0
74911 69
75109 0
75437 69
75528 0
75574 54
75581 0
75734 54
75787 67
75929 0
76002 63
76346 67
76395 0
76577 67
76886 0
76944 54
77074 0
77114 54
77188 0
77381 69
77396 0
77706 69
78021 0
78100 63
78227 0
78254 69
78303 0
78349 67
78365 69
78446 0
78803 54
79600 0
79727 67
79741 0
79879 67
79915 54
80153 0
80335 69
80375 0
80526 69
80540 0
80594 69
80688 0
80738 69
80885 67
80950 67
81046 0
81063 69
81528 0
81668 69
81710 0
81847 69
82138 0
82209 69
82507 63
82843 0
82870 63
82902 0
83057 67
83153 0
83200 69
83282 0
83290 63
83483 0
83570 54
83608 0
83628 54
83690 67
83964 54
84014 63
84056 69
84249 0
84367 63
84508 0
84518 54
84576 54
84768 67
84791 0
84865 63
84921 0
85073 67
85105 0
85199 67
85232 0
85272 69
85421 0
85495 69
85497 0
85621 67
85963 54
85971 0
86020 54
86365 0
86572 54
86667 0
86750 54
86807 0
86832 69
86880 0
86940 67
87066 0
87078 67
87289 0
87542 69
87669 0
87895 69
88015 54
88308 54
88334 0
88371 69
88489 0
88701 67
88781 0
89040 54
89106 0
89138 69
89179 0
89185 67
89191 0
89302 69
89500 0
89572 69
89590 0
89667 54
89671 63
89748 0
89947 63
90038 0
90129 63
90135 0
90371 67
90694 0
91016 67
91037 0
91153 63
91163 0
91170 54
91284 63
91301 0
91332 69
91451 0
91519 67
91675 0
91840 63
91922 0
91994 54
92003 0
92056 63
92086 0
92156 63
92184 0
92186 63
92235 0
92301 67
92341 0
92481 69
92518 0
92537 69
92597 63
92739 69
92842 0
92850 67
92978 0
92999 54
93266 63
93300 0
93325 63
93328 0
93411 69
93452 69
93513 0
93913 63
94649 0
94777 63
94830 0
94883 69
95024 0
95420 69
95536 67
95548 0
95654 69
95934 63
96076 54
96166 0
96290 69
96533 67
96571 0
96740 54
96799 67
96915 0
97176 67
97273 54
97293 0
97371 67
97389 0
97455 54
97545 0
97753 54
97927 63
97930 0
98037 67
98203 0
98346 63
98396 0
98398 63
98477 0
98757 63
98810 0
98953 54
99045 54
99165 0
99268 67
99319 0
99481 69
99531 0
99680 54
99825 0
274 events for 1
200 71
601 0
614 89
661 89
1926 0
3584 89
3723 0
4054 89
4730 0
4736 71
5427 0
5517 71
5583 0
6017 89
6276 0
6325 89
6460 0
6899 71
7009 0
7148 71
7680 0
8123 89
9681 71
10245 0
10539 89
10552 89
11092 89
11424 0
11897 71
12086 0
12255 71
12356 89
12367 71
12591 71
13401 0
13486 71
13541 89
13750 0
13922 89
14011 0
15173 71
15320 0
15502 89
16196 0
16289 89
16675 0
16679 71
16899 0
16981 71
17428 0
17668 89
18269 71
18356 0
18530 89
18711 0
18872 71
19049 71
19310 0
19543 71
20000 0
20208 89
20649 0
21442 89
21886 71
21995 71
22161 0
22374 71
22956 0
23596 71
23604 0
23706 89
24345 89
24537 0
25417 71
25465 0
26307 89
26677 0
26740 89
27252 71
27530 71
28877 0
29114 71
29641 71
30150 71
30457 71
30581 0
30618 71
30816 89
31543 0
32311 71
32893 0
32974 89
33124 0
33141 89
33244 89
34218 0
34573 71
34586 0
34841 89
35470 0
35512 71
35637 89
36087 0
36170 89
36381 89
36476 0
36873 89
37502 0
38101 71
38250 0
38312 71
38494 0
38696 89
39446 0
39634 89
40158 0
40283 71
40456 89
40727 0
40953 89
41054 71
41123 89
41327 71
41555 0
43192 71
43831 0
43985 89
44083 71
44287 0
44304 89
44450 0
45146 89
45166 0
45223 89
45424 0
45585 71
45726 89
45947 71
46041 0
46127 71
46844 0
46889 89
47285 89
47559 0
47904 71
48690 0
49559 89
49947 89
50954 0
51307 89
51474 89
51631 71
51759 0
51850 89
53053 0
54083 71
54221 0
54335 71
54727 0
55590 89
56547 0
57205 71
57277 71
58106 0
58644 71
58658 89
58878 0
59624 71
60338 0
61554 71
61935 0
61995 71
62127 71
62843 0
62949 89
63076 89
63679 89
63820 89
64442 0
65487 71
65597 0
66161 89
66306 89
66742 0
67752 71
67921 0
68112 71
68249 0
68700 71
69133 0
69461 71
69486 0
69666 89
70521 0
70695 89
71832 0
71932 71
71995 0
72100 89
72352 89
72477 71
73452 0
73468 89
73472 0
73646 89
73664 0
74042 71
75464 0
75529 71
75779 0
76095 71
76183 0
76517 89
76598 89
76646 0
76827 89
77055 0
77516 71
77676 71
78023 0
78367 89
78516 71
78751 0
79250 71
79913 0
80387 71
80537 0
80809 89
81651 0
82280 71
82683 0
82698 71
82955 89
83109 0
83556 89
83639 0
83749 89
84088 0
84649 89
84708 0
85296 89
85350 89
86192 71
86864 0
87160 89
87433 0
88219 71
88951 0
89164 89
89549 0
89850 71
90186 71
90308 0
90385 89
91536 71
91840 89
92147 71
92312 0
93698 89
94008 0
94009 71
94784 0
95876 89
96210 89
96381 0
96400 71
96746 0
97642 71
97733 71
97802 0
98598 89
98726 0
99022 71
99974 89
253 events for 2
222 69
1474 81
2606 0
3045 84
3452 0
4257 81
4717 69
5005 0
5562 80
6115 0
6254 84
7025 84
7521 81
8497 0
8811 80
9253 0
9295 84
9516 0
10964 69
11392 0
12138 84
12616 0
13900 76
14038 80
14150 0
14711 81
14815 0
15414 80
15850 80
16159 0
16247 69
16602 76
16741 0
17713 69
18039 0
18695 81
19199 0
19511 80
20270 0
20466 69
20657 0
21011 81
21139 0
21280 84
21475 0
22188 69
22532 84
22796 0
22798 84
23386 0
24341 84
24394 0
24405 69
24419 76
24876 84
25392 81
25515 69
25708 76
25719 0
25793 84
26028 84
26386 0
27027 80
27098 69
27123 76
28575 76
28914 80
29094 0
29406 69
30176 0
30398 69
30778 0
31046 80
31134 0
31211 69
31523 0
31531 76
31623 0
31748 76
31900 0
32426 84
33252 0
34420 76
35044 69
35102 0
35441 84
36146 0
36203 69
36855 0
36948 81
36991 0
37747 80
38041 0
38084 76
38301 0
38338 84
38737 0
38768 81
39402 0
39842 84
40045 76
40054 69
40313 0
40584 81
40609 0
41574 76
41835 0
42082 80
42680 76
42844 0
42853 76
43020 81
43319 0
43393 69
43872 0
44381 81
44589 0
44921 69
45069 0
45113 80
45483 0
45650 76
45847 0
46072 69
46257 84
46615 0
47506 84
47738 0
48360 81
49060 0
49244 69
49881 0
50676 76
51267 0
51603 76
52099 76
53311 0
53369 84
53627 0
54025 84
54178 81
54266 0
54954 76
55403 0
57079 84
57386 0
57603 76
58587 0
58724 69
59132 0
60500 76
61061 0
61456 81
61513 0
61746 81
63002 0
63079 69
63178 76
63333 0
64219 84
64239 0
64587 80
64834 0
65473 76
66485 0
67292 69
67611 0
68588 76
69653 0
69873 81
70219 0
70827 76
71431 69
71909 0
72838 84
73161 69
73192 76
74078 69
74210 0
74237 84
74433 0
74643 84
75135 69
75453 0
75562 81
76344 76
76544 80
76551 0
76921 69
77481 0
78393 80
78407 0
78569 84
78618 0
78877 84
79220 0
79236 84
79269 0
79349 69
79603 84
79710 69
79977 0
80454 80
80658 0
81679 81
82985 84
83129 0
83436 81
83723 0
84214 80
84508 0
85233 69
85278 0
85405 81
85684 0
85761 69
86089 0
86388 84
87637 84
88011 0
88222 80
88347 0
88552 69
88582 76
88957 69
89499 0
89522 84
89652 0
90192 69
90272 69
90956 76
92188 0
92685 76
92719 0
92929 81
93174 0
93315 84
93837 0
94183 76
94553 76
95178 76
95243 0
95767 84
96172 81
96497 0
96601 69
97463 0
98731 84
99081 0
99188 80
99258 0
99384 80
99427 84
314 events for 3
362 48
1647 0
1852 42
1881 0
2188 42
3900 43
4191 0
4296 48
4585 0
4766 43
6385 0
6730 43
6840 0
6851 48
7139 0
7279 42
7418 0
7784 43
7862 0
8564 43
8586 42
9099 0
9134 42
9215 0
9283 43
9300 0
9575 42
10083 0
10356 42
10719 48
11134 0
11193 43
11207 0
11298 42
11731 0
11779 43
12428 0
12655 48
12660 0
12695 42
13482 0
13639 48
13966 0
14444 48
14510 0
14632 43
15867 0
15888 42
16270 48
16400 0
16410 48
16692 43
17500 0
18581 48
18684 42
18697 43
18816 0
19263 48
19664 0
19689 42
19866 0
19981 43
20238 0
20436 42
20593 0
20776 42
21130 43
21554 0
22217 42
22684 0
22886 43
22904 0
24000 42
25241 0
26070 42
26330 0
26469 42
26552 0
27334 48
27346 42
27626 43
27748 0
29121 48
29717 0
29724 48
29818 48
29834 0
30749 43
31431 0
32417 43
32577 42
33328 48
33625 0
34636 43
35027 48
35130 0
35240 43
35304 48
35356 0
35768 42
36111 0
36306 42
36322 48
38224 42
38302 43
38367 0
38432 43
39077 0
39484 48
40397 42
40742 0
40893 48
41164 0
42012 43
42026 0
42196 48
42221 0
42349 48
42498 0
42885 43
43120 43
43303 42
43484 0
43746 43
44165 43
44702 0
45340 42
45361 0
45554 42
45596 43
45737 48
45763 0
46046 42
46160 43
46351 42
46528 48
46764 0
46899 42
46915 0
47507 43
47651 42
48257 0
48308 48
49103 0
49117 43
49243 0
49502 43
49946 42
50178 0
50195 42
50491 0
50586 48
50655 0
51030 42
51580 42
51633 0
51927 42
52231 0
52241 42
52267 0
52939 42
52988 43
53795 0
54087 43
54112 0
54278 42
54475 0
54506 42
54508 0
54645 43
54805 43
55682 0
56511 42
57287 43
57538 48
57964 0
58195 43
58322 43
58485 42
58834 48
59493 42
59650 0
59991 42
60178 0
60872 48
61523 0
61541 48
61990 48
62227 0
62279 42
62297 0
62374 48
62430 0
62717 48
62907 48
63060 0
63681 42
64057 43
64099 0
64167 43
64245 42
64385 0
64560 43
64661 42
64916 0
64983 42
65270 43
65355 42
65504 0
66256 42
67563 0
67800 48
67839 43
68223 0
68620 43
68654 0
68810 43
69776 43
69877 0
70418 43
70603 0
70804 42
71440 43
71989 0
72236 42
72324 0
72580 42
72658 43
73297 0
73485 42
74701 48
74858 43
74887 48
75079 0
75244 42
75458 0
75567 43
75856 0
76567 43
76836 0
77291 48
77396 0
78449 43
78782 0
78868 48
79148 43
80140 0
80378 42
80436 42
80506 43
80682 0
81214 48
81837 48
81862 48
81923 0
82397 43
82416 0
82901 48
83062 42
83490 0
83550 48
83658 43
83787 42
84034 0
84162 48
84221 0
84239 42
84387 42
84492 0
84590 48
85237 48
85408 0
85722 48
85951 0
86634 48
86643 48
86654 42
86730 0
87561 48
87875 48
88051 48
88483 0
88623 43
89276 0
90029 42
90663 0
91073 42
91679 0
92095 43
92125 43
92166 42
92298 0
92914 43
93077 0
93278 48
94064 0
94300 42
94814 0
95186 43
95389 43
95533 0
95592 42
95977 48
96339 0
97052 42
97246 48
97272 43
97885 0
97949 48
98944 42
99040 0
99355 42
99373 0
99530 42
628 events for 4
61 85
526 0
560 90
603 0
702 71
719 0
847 71
1089 0
1136 90
1185 0
1275 85
1435 0
1468 85
1518 0
1750 88
1755 0
1790 71
1848 78
1891 0
2036 65
2457 71
2570 71
2653 0
2710 65
2739 85
2875 0
3185 71
3323 0
3383 78
3412 0
3470 71
4283 0
4286 65
4313 0
4752 90
4891 88
4898 0
5108 71
5274 65
5548 88
5710 0
5803 71
5911 0
6255 85
6295 0
6368 78
6590 0
7145 71
7652 0
7669 71
7812 0
7901 65
8006 0
8190 88
8690 0
8831 78
9301 0
9380 88
10425 85
10442 0
10552 65
10745 78
10781 90
10858 0
11186 85
11242 0
11466 71
11658 0
11753 71
11756 0
12474 85
12538 78
12792 0
12900 78
13023 65
13167 85
13236 0
13271 71
13402 78
13827 78
13879 0
13887 88
14124 0
14246 71
14335 0
14501 78
14693 90
14869 0
14909 65
14922 0
15101 88
15117 0
15358 65
15461 0
15697 88
15814 0
15858 90
15902 0
16042 65
16503 90
16536 0
16814 71
17033 0
17103 65
17269 0
17348 78
17677 85
17816 0
17918 65
18271 78
18702 0
18958 90
19078 0
19091 85
19098 0
19134 88
19263 78
19625 85
19626 78
19856 0
20027 71
20183 78
20858 0
20944 71
21193 0
21316 88
21403 0
21941 71
21952 0
22009 78
22516 0
22539 71
22818 88
22911 0
23371 71
23406 0
23428 65
23564 65
23652 88
23750 0
24371 65
24630 0
24688 85
24749 0
24908 71
25012 0
25164 78
25325 78
25380 0
25650 78
25756 0
25796 65
26266 0
26405 71
26872 0
26945 71
27092 0
27380 85
27585 0
27613 85
27907 0
27913 78
28071 0
28105 90
28325 0
28385 90
28445 0
28457 71
28561 65
28574 78
28668 0
28723 65
28778 0
28956 90
28995 71
29119 0
29662 71
29695 0
30383 71
31101 0
31116 71
31119 0
31268 85
31352 0
31399 65
31498 0
31648 85
31808 71
31881 0
31890 85
32267 0
32413 65
32520 0
32535 90
32894 0
33018 78
33345 0
33388 78
33392 0
33681 85
33689 0
33771 78
34071 0
34267 78
34652 0
34849 90
35048 0
35319 85
35381 78
35496 0
35524 90
35576 0
35733 85
35758 0
35759 71
35765 0
36037 78
36718 0
37209 90
37319 0
37534 71
37867 0
37921 85
37933 0
38068 88
38081 0
38274 71
38401 0
38471 85
38623 0
38640 90
38694 71
38760 78
38890 0
39002 78
39036 0
39065 71
39184 78
39263 85
39845 0
39893 65
39938 0
40065 85
40187 65
40512 0
40601 65
40618 0
40845 78
40861 0
40942 78
40950 0
40995 71
41044 71
41425 0
41648 78
41885 0
41907 78
42201 0
42246 71
42295 90
42326 0
42641 78
43018 0
43400 71
43757 90
43946 0
44075 88
44135 0
44479 85
44504 0
44822 85
45153 0
45300 88
45329 0
45508 90
45907 0
46054 88
46539 0
46601 88
46617 0
46684 65
46988 0
46995 65
47235 0
47287 85
47310 0
47724 85
47780 0
47832 65
47880 71
47996 0
48214 71
48537 71
48679 0
48840 85
49029 0
49159 71
49758 0
49766 90
49849 0
49905 78
50030 90
50124 85
50366 0
50417 78
50810 71
50892 71
50964 65
51211 0
51222 78
51452 0
51745 71
51900 0
51999 65
52014 0
52178 88
52197 0
52407 78
52421 0
52552 90
52580 65
52780 0
53046 65
53101 0
53267 65
53290 0
53683 71
53728 0
53962 88
54003 71
54283 85
54572 0
54635 85
54732 71
54832 0
55103 71
55218 0
55324 65
55700 0
55743 78
56238 0
56405 71
56707 0
56859 78
56936 0
57101 78
57170 0
57542 78
58083 0
58197 71
58496 0
58620 90
58624 0
58996 85
59160 78
59412 78
59422 88
59554 0
59660 85
59704 78
59777 78
59949 71
59967 0
59980 88
59985 0
60019 78
60071 0
60227 65
60407 0
60493 78
60703 0
60904 90
61003 78
61010 78
61176 65
61177 71
61193 85
61716 0
62340 85
62714 0
62844 65
63006 0
63196 71
63322 0
63643 88
63717 0
64095 78
64208 0
64549 88
64697 78
64884 0
64916 85
64946 0
65125 78
65213 0
65619 88
65780 90
65784 71
65964 0
65970 65
66089 0
66136 65
66177 0
66404 90
66698 0
66870 85
67199 0
67348 78
67605 78
67606 0
67610 65
67668 71
67900 0
67934 71
68282 65
68421 0
68745 88
68779 71
68993 85
69021 0
69076 65
69185 0
69291 78
69401 0
69598 65
69611 65
69642 90
69773 0
69882 71
69905 0
70439 85
70535 0
70643 78
70817 0
70880 90
70957 0
71071 65
71171 0
71233 78
71244 65
71290 0
71379 65
71469 0
71511 65
71570 0
71685 78
71765 65
71866 78
72065 0
72088 78
72158 78
72194 0
72456 85
72793 0
72799 90
72839 0
72857 90
73000 0
73266 71
73276 0
73283 65
73414 0
73489 71
73505 0
73684 71
73739 71
73765 0
73794 65
73872 0
74319 65
74446 0
74451 78
74488 0
74854 65
74899 88
74904 0
74965 90
75148 0
75385 85
75559 85
75880 0
75915 88
75975 0
75983 71
76102 0
76451 88
76681 0
76684 78
76688 0
77244 88
77431 0
77720 90
77878 0
77882 78
78030 85
78104 0
78148 65
78400 78
78608 0
78704 88
78979 65
79009 0
79033 71
79112 90
79212 0
79345 78
79554 0
79824 78
79862 90
80072 71
80117 0
80309 85
80472 0
80808 71
80843 0
80848 88
81027 0
81054 88
81247 0
81313 78
81335 0
81378 78
81398 0
81636 65
81936 0
82015 78
82062 71
82279 0
82379 65
82449 0
82805 65
82890 0
82980 78
83322 0
83672 65
83743 78
83750 0
83760 65
83983 0
84012 71
84082 0
84269 85
84319 90
84744 88
84804 71
84832 0
85068 78
85337 78
85352 0
85506 71
85580 0
85744 90
85964 0
86193 65
86374 0
86559 65
86776 0
87258 90
87470 0
87523 71
87742 0
87966 71
88079 0
88166 78
88200 0
88457 85
88461 0
88531 85
88573 65
88820 0
88827 65
88830 0
89004 85
89015 0
89099 78
89208 0
89326 85
89611 0
89789 78
90134 0
90256 88
90286 0
90412 78
90434 78
90520 71
90938 0
91040 78
92000 0
92226 85
92370 0
92810 71
92932 0
93098 88
93203 0
93384 88
93571 0
93623 90
94551 78
94574 78
94597 0
94908 90
96152 65
96257 0
96269 88
96351 0
96402 78
96427 0
96553 71
96786 0
96959 90
97048 0
97243 90
97244 0
97295 88
97342 0
97433 85
97545 0
97875 85
97971 0
98132 71
98229 78
98385 0
98463 65
98492 0
98991 85
99242 78
99486 0
99655 90
243 events for 5
318 30
707 0
746 31
1044 32
2193 0
2236 31
2314 0
2456 30
2956 30
3087 0
3482 30
3719 30
4245 31
4809 0
4826 30
5051 0
5232 30
5444 0
6305 32
6459 0
6739 30
6815 0
8699 30
9439 30
9465 0
9488 32
10554 0
10779 30
11420 0
11478 31
11715 30
11719 0
12068 30
12128 30
12214 0
12571 32
13025 30
14854 0
15049 30
15066 0
16735 30
17155 0
17354 30
17673 0
18138 32
18434 30
19034 0
19156 30
19493 30
19905 30
20452 0
20764 30
20896 30
21221 0
21785 31
22907 0
23180 30
23225 30
23895 31
24397 30
24851 32
24937 0
25034 30
25218 0
25793 31
26470 0
26730 31
26815 0
27092 32
27265 0
27635 30
27956 0
28094 31
29075 32
29576 32
30072 30
30142 0
30310 30
30369 30
31160 0
31407 30
31486 0
31676 31
31889 0
32198 30
32591 0
32981 31
33011 31
34247 0
34267 30
34626 0
35617 30
36246 0
36251 30
36452 0
36853 30
37109 30
37263 0
38003 30
38556 32
38776 0
39304 32
39307 0
39471 30
39556 0
39688 30
41072 0
41201 31
41628 30
43524 0
43637 30
43913 0
44420 31
44942 0
45003 31
46453 0
46796 30
47426 31
48391 0
48960 31
49137 30
49279 0
50429 31
50633 0
51444 32
51595 0
51691 30
52151 0
52275 31
53129 30
53449 30
53493 0
53805 31
54044 0
54292 31
54758 31
55199 30
55224 0
55598 30
56528 0
56552 32
56886 0
57488 30
57489 32
57501 0
58552 31
58891 0
59474 31
59550 0
59765 30
59879 0
60348 30
60460 31
60524 0
60767 30
61345 0
61371 31
62223 0
63383 30
63443 0
63858 30
64350 0
65477 31
65780 0
66048 31
66126 32
67748 0
67874 30
68750 0
70163 32
70716 0
70757 30
71040 0
71120 31
71426 30
71790 0
71922 31
72126 0
72565 32
72748 30
72942 0
73089 32
73525 30
74365 30
74699 0
74703 31
75359 0
75388 30
75525 31
75942 0
76126 31
76681 0
77757 32
78263 0
78825 30
79360 0
79510 32
79658 0
80344 32
80917 0
81392 30
83740 0
83909 32
84210 0
84408 31
84432 31
84434 0
84542 30
85023 0
85115 30
85198 0
85671 31
87124 30
87215 32
87733 0
87888 30
88348 31
88381 31
88465 0
88686 32
89849 31
90029 0
90476 30
90540 0
91627 31
92201 0
92294 30
92433 0
92745 32
93019 0
93219 31
93298 0
94400 32
94599 0
95716 32
95737 0
98032 30
98294 0
98767 30
98813 0
99486 32
99488 0
99569 31
509 events for 6
131 45
220 0
320 50
485 45
534 0
771 66
1120 0
1299 74
1447 67
1515 0
1656 74
1680 0
1915 51
2219 0
2699 74
2726 0
2727 74
2828 54
2872 0
2881 54
3569 0
3651 73
3682 0
3716 66
3993 0
4305 51
4455 0
4949 74
5149 0
5557 50
5942 0
6064 66
6478 0
6937 54
7001 0
7025 73
7133 0
7606 51
7860 0
7935 73
8351 0
8385 73
8584 0
8608 67
8952 0
9564 62
10100 0
10474 66
10642 0
11172 54
11306 0
11357 66
11367 51
11444 51
11540 0
11812 62
11890 0
11967 45
12010 74
12148 0
12513 51
12727 0
12764 74
12792 74
13009 0
13450 74
13702 74
13704 0
14212 74
15141 0
15182 74
15199 0
15361 51
15612 45
15628 67
15678 45
15686 0
15744 67
16155 0
16290 54
16591 0
16780 74
17120 0
17133 54
17230 0
17521 50
17567 50
18011 0
18270 45
18337 0
18570 45
18819 54
19069 54
19090 0
19108 51
19328 0
19483 62
19761 62
20014 0
20422 62
20619 0
20957 51
21068 73
21103 62
21301 0
21316 73
21655 67
21736 0
21790 54
22527 0
22614 73
22857 0
23029 73
23115 74
23221 0
23386 62
23622 0
24150 74
24161 0
24339 74
24415 0
24723 54
24724 51
24753 0
24843 67
25008 0
25407 50
25473 0
25507 51
25557 62
25625 0
25769 51
25827 0
26141 62
26225 0
26365 45
26664 0
26696 67
26874 67
27005 0
27135 66
27231 74
27637 0
27825 62
27833 0
28012 62
28015 67
28102 0
28172 51
28220 0
28350 62
28454 0
28515 74
28677 0
29005 54
29654 54
29796 54
29900 0
29971 62
30505 0
30520 51
30606 74
30840 0
31521 74
32053 0
32236 73
32557 54
32647 0
32675 54
32708 0
32855 54
32967 74
33274 62
33554 0
33796 62
34154 0
34180 66
34424 45
34446 67
34726 0
34839 62
35163 0
35199 51
35562 0
36116 74
36118 0
36280 50
36420 0
36499 74
36578 0
36917 73
36931 0
37596 66
37826 74
37856 0
37893 62
37911 0
38094 73
38128 0
38570 74
39108 0
39200 73
39221 0
39305 50
39349 54
39656 74
39848 0
39901 50
40058 45
40113 0
40262 54
40280 0
40400 73
40412 0
40436 67
40647 0
41044 74
41148 0
41392 51
41569 50
41842 51
42025 51
42508 0
42541 66
42763 0
42972 74
43069 67
43074 0
43096 45
43234 67
43361 0
43504 73
43766 0
43841 51
43938 67
44001 0
44293 50
44657 73
45215 0
45728 54
45747 54
46007 0
46012 54
46661 0
46696 45
46732 73
46852 0
46969 73
48072 0
48379 67
48781 0
48924 45
48972 0
49025 74
49033 50
49129 0
49266 74
49602 0
49756 67
49768 0
49809 45
50076 0
50165 73
50443 0
50719 74
50856 62
50967 67
51275 0
51300 51
51592 0
52002 67
52256 0
52611 51
52638 0
52899 45
53181 66
53579 0
53847 73
54121 66
54195 0
54220 74
54321 45
54369 0
54837 67
55175 0
55276 51
55538 0
55757 45
56891 0
57393 66
57902 0
58247 54
58695 0
58890 54
58973 73
59142 66
59253 50
59486 0
59572 74
59596 0
59794 66
60833 0
61347 62
61365 50
61460 0
61466 45
61790 50
62040 0
62370 51
62568 0
62761 62
62815 0
63297 45
63510 0
63944 74
64062 0
64134 54
64457 0
64705 51
64714 0
65142 54
65278 0
65501 74
65520 0
65538 74
65578 0
65745 50
66023 0
66672 54
66734 0
66807 62
67024 0
67025 54
67186 54
67372 45
67407 54
67537 62
67921 0
68095 45
68239 0
68477 73
68622 0
68742 51
68749 74
68772 0
69732 73
69790 74
69830 0
70454 51
70588 62
70860 67
70966 0
71013 73
71184 0
71318 74
71596 0
71741 66
71767 54
71779 74
71805 0
71891 50
72292 0
72501 67
72611 74
72757 0
73585 51
73768 0
73880 54
73991 0
74175 66
74954 0
75024 66
75141 0
75301 67
75317 0
75454 74
75463 0
75587 51
75706 0
75804 51
76037 73
76344 0
76367 74
76408 0
76683 74
76715 0
76777 51
76860 0
76979 62
77024 0
77035 66
77078 0
77088 74
77465 0
77771 67
77867 50
77982 0
78208 67
78328 0
78453 62
78454 45
78465 0
78805 51
78949 0
79211 51
79305 0
79343 62
79383 0
79398 45
79568 0
79937 67
80013 0
80089 74
80147 67
80235 0
80348 74
80981 0
81013 66
81218 62
81472 0
81568 51
81574 0
81844 73
82097 62
82307 0
82402 45
82669 0
82753 45
83153 0
83244 74
83515 50
83756 0
83846 50
83890 0
84090 54
84094 0
84241 54
84764 0
85345 50
85655 45
86113 0
86251 66
86256 0
86388 50
86551 74
88263 0
88305 74
88335 0
89316 50
89551 0
89916 51
89958 0
90130 51
90287 0
90363 73
90746 0
90993 54
91039 0
91096 74
91354 74
91656 0
91793 73
91805 0
91881 67
91909 0
92001 51
92514 0
92586 66
92778 0
92917 73
93127 0
93306 62
93431 0
93497 51
93516 0
93743 66
93776 0
93990 54
94048 66
94050 0
94226 51
94687 0
94826 74
95213 0
95535 74
95727 73
95959 0
96135 67
96141 0
96686 54
96757 54
97337 0
97338 51
97496 0
97692 74
98210 0
98255 74
98514 0
98572 51
98621 0
98622 45
98736 0
98796 54
98797 67
99147 0
99390 66
99506 0
99656 67
99999 0
701 events for 7
28 91
123 0
125 86
213 0
856 91
936 0
1088 91
1136 0
1293 63
1397 0
1415 63
1768 0
2005 86
2067 86
2198 0
2255 91
2445 91
2450 0
2545 91
2768 63
2785 91
2941 0
2978 91
3162 91
3188 86
3226 86
3800 86
3873 0
4334 63
4373 0
4515 91
4862 0
5044 86
5116 91
5198 86
5327 0
5513 86
5711 0
5747 91
5974 91
6081 0
6100 63
6249 0
6295 91
6447 86
6471 0
6532 86
6543 0
6570 86
6712 0
6919 86
6924 0
7137 91
7176 63
7350 0
7402 86
7483 0
7507 86
7564 0
7630 86
7637 63
7663 0
7872 91
7974 0
7989 91
8198 0
8209 91
8340 0
8368 86
8391 86
8442 91
8485 0
8933 91
9010 0
9082 86
9460 0
9518 63
9653 0
9735 63
9765 0
9919 91
10071 0
10320 91
10911 0
10970 91
11018 91
11237 0
11428 63
11454 63
11578 0
11845 91
11853 0
11915 63
11923 0
11988 86
12422 0
12503 91
12516 0
12782 86
12810 0
12814 63
12845 63
12855 0
13506 91
13595 63
13657 63
13750 0
13899 86
14078 0
14098 86
14575 0
14774 63
15041 0
15054 91
15061 0
15145 86
15531 0
15576 91
15918 0
16590 86
16630 86
16653 0
17245 63
17293 63
17536 0
17548 86
17768 0
18003 91
18172 0
18431 86
18616 63
18812 0
18902 63
19194 0
19210 63
19381 0
19503 91
19526 0
19604 86
19790 0
20059 86
20200 0
20298 63
20341 0
20438 86
20611 0
20615 63
20722 0
20972 91
21318 63
21567 0
21716 91
21725 0
21977 91
22072 0
22082 86
22175 0
22295 86
22707 0
22817 63
22920 63
22942 0
22953 63
23429 0
23567 86
23584 63
23733 0
23924 63
24029 0
24069 91
24204 0
24219 86
24304 0
24518 86
24525 0
24534 91
24827 0
24831 86
24940 0
25139 63
25334 0
25467 63
25513 0
25529 86
25712 0
25782 63
25788 91
25936 0
26020 91
26098 0
26331 63
26348 0
26384 86
26434 0
26442 86
26473 91
26711 63
26978 0
27012 63
27211 0
27212 91
27253 0
27257 91
27323 0
28191 63
28220 0
28511 86
28516 86
29070 0
29172 63
29463 0
29585 86
29625 0
29946 63
30135 63
30219 86
30880 0
30891 91
30895 63
30999 0
31004 86
31215 0
31266 86
31465 0
31582 86
31678 91
31725 91
31962 0
32158 86
32509 0
33132 91
33265 86
33673 0
33712 91
33806 0
33828 91
34076 91
34168 0
34320 86
34758 0
34780 91
34790 91
34889 0
35377 91
35450 63
35463 0
35468 86
35485 63
35543 63
35587 0
35730 86
35790 0
35817 86
35913 86
36076 0
36088 91
36206 0
36229 63
36577 0
36639 86
36765 91
36800 0
36865 86
36998 63
37042 91
37144 86
37401 63
38070 0
38097 63
38901 86
39318 0
39454 86
39484 0
39504 86
39525 0
39560 91
39800 0
40141 86
40168 0
40547 63
40613 63
40749 91
40892 0
40988 63
41067 0
41514 91
41531 0
41616 91
41720 0
41845 63
41906 0
41919 63
41963 63
42035 0
42298 63
42305 0
42893 86
43118 0
43134 86
43184 0
43263 86
44002 0
44624 91
44660 91
45076 0
45251 91
45337 0
45583 63
45701 0
45771 91
45931 0
45938 86
45989 0
46250 86
46364 91
46412 0
46497 63
46929 0
46983 91
47076 86
47245 0
47271 91
47575 0
47627 86
47968 0
48054 91
48485 0
48520 63
48638 0
48667 63
48841 0
48997 63
49043 0
49053 63
49072 0
49414 63
49748 0
50125 91
50273 91
50525 0
50623 91
50829 0
50961 63
51007 0
51283 63
51384 0
51663 63
51761 0
52014 63
52100 86
52367 0
52690 91
52740 0
52856 86
52859 0
52875 91
52925 91
52978 0
53060 86
53069 0
53428 91
53587 86
53604 0
53624 63
53648 0
53686 86
53853 91
54196 0
54218 86
54268 0
54270 63
54307 0
54454 63
54477 0
54878 91
54928 0
54931 86
55105 0
55178 91
55224 91
55242 0
55254 63
55549 0
55610 86
55904 86
55921 91
55929 63
56000 0
56057 86
56195 63
56210 0
56474 91
56480 0
56552 91
56818 0
56941 91
57004 0
57209 63
57218 91
57230 0
57340 91
57383 86
57478 0
57491 86
57587 0
57878 91
58054 0
58374 86
58655 0
58722 86
58822 0
59019 63
59135 91
59431 0
59470 86
59495 86
59549 0
59680 63
59699 0
59748 86
59822 0
59857 91
60614 0
60763 91
60776 0
60934 91
60984 0
61049 91
61127 86
61148 0
61631 91
61732 86
61755 91
61915 0
61920 63
62643 91
63067 63
63102 0
63122 86
63131 0
63137 91
63253 0
63274 86
63614 0
63636 91
64049 0
64211 63
64217 0
64284 63
64338 0
64370 91
64512 91
64524 91
64757 0
64811 91
64850 0
64889 63
65150 0
65514 91
65581 0
65936 86
66235 0
66241 86
66421 63
66599 0
66636 63
66662 0
66702 91
66755 63
66946 63
67137 91
67296 91
67336 0
67437 86
67519 0
67665 86
67928 0
68195 86
68220 0
68434 86
68557 91
68634 0
68711 91
68975 0
69195 63
69359 0
69391 86
69460 86
69504 0
69765 86
69835 63
70020 91
70063 0
70425 91
70583 0
71244 91
71412 86
71461 0
71661 63
71830 0
71978 86
71998 0
72050 91
72112 0
72238 91
72375 0
72421 63
72512 86
72607 0
72613 63
72693 0
72756 91
73060 0
73167 86
73212 0
73285 63
73498 0
73574 91
73612 0
73628 63
73643 0
73660 91
73738 0
73846 91
73886 63
73950 0
74048 63
74310 0
74357 86
74403 0
74476 63
74545 63
74555 86
74585 0
74593 63
74776 0
74893 86
74945 63
75059 0
75533 86
75615 86
75760 0
75906 86
75940 0
76135 91
76244 0
76426 91
76459 0
76852 86
77209 63
77286 0
77372 91
77588 0
77611 86
77667 0
78168 63
78215 0
78350 91
78696 0
78741 63
78749 86
78866 0
78892 91
78934 0
78943 63
78961 0
79012 63
79094 91
79179 0
79370 63
79582 0
79717 63
79733 0
79999 91
80189 0
80252 91
80289 0
80522 63
80864 0
80973 91
81071 91
81105 0
81245 63
81286 0
81459 63
81771 0
81897 63
81932 0
82001 86
82058 0
82115 91
82727 0
82771 86
82812 0
82961 86
83072 63
83118 0
83199 86
83626 63
83640 63
83830 0
84278 86
84310 0
84554 63
84575 0
84774 86
84874 0
84945 63
85236 0
85639 91
85781 86
85828 0
85870 86
85926 63
85975 63
86022 63
86342 0
86550 63
86695 0
86757 63
86823 0
87015 63
87052 86
87066 63
87641 63
87710 0
88309 86
88683 63
88754 0
88771 63
88923 91
89340 0
89848 63
90066 0
90115 86
90116 0
90133 91
90210 0
90219 91
90467 0
90689 86
90833 0
91169 86
91204 0
91218 63
91331 0
91361 63
91543 63
91775 63
91790 0
91886 91
92175 0
92641 63
92724 0
93077 86
93082 0
93192 63
93567 91
93575 63
93695 0
93804 63
93842 0
93850 91
93882 0
93909 63
94146 0
94324 86
94536 91
94928 0
95147 91
95351 0
95384 63
96156 0
96183 86
96186 0
96337 91
96645 0
96688 91
96782 86
97023 0
97051 63
97298 0
97318 63
97474 0
97502 86
97598 63
98103 0
98104 63
98183 86
98232 0
98316 86
98367 91
98433 0
98629 86
98832 0
99168 91
99350 63
99363 0
99374 86
99477 0
99618 86
