8 buffers
773274 98657
655144 20042
880625 16301
670560 105473
281212 54865
517348 77880
330051 1724
774567 82882
20 downlinks
0 750 5000 360
1 5750 10000 379
2 10750 15000 383
3 15750 20000 296
4 20750 25000 336
5 25750 30000 300
6 30750 35000 387
7 35750 40000 306
8 40750 45000 362
9 45750 50000 378
10 50750 55000 316
11 55750 60000 361
12 60750 65000 354
13 65750 70000 388
14 70750 75000 416
15 75750 80000 357
16 80750 85000 307
17 85750 90000 396
18 90750 95000 419
19 95750 100000 348
945 events for 0
33 97
375 96
474 0
510 96
608 97
654 0
710 96
764 0
835 95
972 0
1069 97
1299 0
1401 97
1404 0
1781 97
1803 96
1852 96
1873 0
1928 97
1957 0
2142 97
2191 96
2436 0
2538 97
2738 96
2762 0
2938 97
3492 0
3563 97
3593 97
3683 0
3715 97
3736 0
3803 96
3860 0
3963 97
4098 0
4117 97
4359 0
4400 96
4675 0
4786 96
4892 0
4935 96
5270 0
5326 97
5549 95
5693 0
5752 97
5799 0
5929 95
5956 96
6074 0
6312 97
6460 0
6546 97
6840 0
7071 95
7079 0
7103 97
7131 97
7240 96
7245 0
7310 97
7377 97
7434 96
7449 0
7473 97
7638 0
7725 96
7806 0
7853 97
7895 0
8028 95
8070 96
8201 0
8391 95
8477 97
8742 0
8795 97
8915 0
9002 96
9004 95
9066 0
9246 97
9343 0
9664 97
9825 97
9829 0
9960 95
10129 0
10185 95
10253 0
10312 97
10331 0
10364 97
10514 95
10523 97
10752 0
10935 96
10951 0
11062 97
11151 0
11209 96
11612 0
11664 95
11708 0
11737 97
11850 0
11879 96
12012 0
12015 95
12124 0
12295 97
12405 0
12522 97
12556 0
12562 96
12815 95
12861 0
12904 95
13093 0
13095 95
13167 0
13407 97
13479 0
13546 96
13745 0
13958 97
14129 96
14196 97
14275 0
14295 97
14439 95
14560 95
14572 0
14593 97
14644 0
14697 97
14720 0
14949 96
15037 0
15278 96
15308 0
15326 97
15344 0
15571 96
15879 0
16178 97
16201 0
16325 96
16327 96
16332 0
16614 97
16636 97
16640 95
16677 95
16832 0
16893 95
17057 96
17117 0
17162 97
17182 0
17207 97
17311 0
17445 96
17648 0
17748 97
17936 96
17939 97
17945 0
18051 95
18176 97
18376 0
18377 96
18679 97
18748 95
18822 0
19191 97
19215 0
19309 97
19348 0
19444 96
19516 0
19538 97
19636 0
19868 97
19881 0
19889 97
20039 0
20080 97
20147 96
20152 95
20182 97
20271 0
20354 96
20383 97
20581 0
20599 96
20710 0
20772 96
20954 96
20999 0
21046 96
21086 0
21152 96
21266 96
21305 0
21445 97
21467 0
21569 96
21584 0
21684 97
21828 0
21842 97
22008 0
22185 95
22363 0
22525 95
22532 97
22754 0
22825 97
22862 96
22965 97
22978 0
22997 95
23013 95
23050 0
23082 97
23449 0
23520 96
23521 97
23650 0
23684 96
23710 0
23773 97
23779 0
23790 96
24210 0
24374 97
24531 96
24738 0
24814 97
24862 0
24894 96
24924 0
25083 96
25162 0
25197 95
25310 0
25458 96
25474 0
25547 96
25555 0
25664 97
25845 0
25852 97
25930 96
26146 96
26151 97
26329 96
26352 95
26804 0
27069 96
27187 95
27240 0
27318 96
27350 0
27374 97
27387 0
27478 97
27858 0
27925 96
28097 0
28370 95
28397 97
28462 0
28778 95
28822 0
28838 95
28935 0
28978 95
28998 0
29151 97
29483 0
29570 96
29697 0
29718 97
29788 0
29867 97
29950 97
30074 0
30237 95
30263 0
30393 97
30421 0
30441 96
30486 0
30496 97
30691 0
30741 97
30793 0
30867 97
30903 0
31014 97
31076 0
31261 97
31377 0
31410 96
31484 0
31600 97
31724 0
31874 96
32002 0
32036 96
32095 0
32207 97
32598 0
32729 96
32802 0
32887 95
33007 97
33063 0
33119 96
33252 0
33955 97
34065 0
34117 97
34486 0
34528 96
34636 0
34649 96
34699 95
34797 97
34830 0
34880 97
35035 0
35066 96
35116 0
35118 97
35125 0
35268 95
35590 95
35722 0
35961 96
35982 0
35992 97
36042 0
36119 95
36253 0
36376 96
36411 96
36444 0
36484 95
36573 0
36650 97
36878 0
36934 97
37201 97
37210 0
37334 96
37339 0
37396 97
37562 97
37721 0
37726 96
37757 0
37840 97
37965 0
37995 97
38002 0
38172 95
38476 0
38650 97
39552 0
39614 95
39637 0
39649 97
39687 0
39692 97
39783 0
39900 97
39995 0
40113 96
40149 0
40528 97
40989 0
41374 97
41387 95
41784 0
41804 96
41845 0
41947 96
42081 0
42146 95
42249 97
42387 0
42389 95
42506 0
42705 97
42710 96
42730 0
42761 97
42765 0
42799 97
42959 97
43292 97
43611 0
43841 97
44042 0
44593 97
44651 0
44827 97
44984 96
45080 0
45087 97
45107 97
45132 0
45280 97
45339 0
45362 97
45431 0
45473 96
45659 0
45704 97
45729 0
45966 96
46015 96
46286 0
46330 97
46460 0
46697 97
46770 0
46921 97
47080 0
47177 96
47320 0
47440 95
47585 0
47642 96
47648 0
47842 97
47918 0
47950 96
48096 0
48158 95
48164 97
48374 97
48600 0
48699 95
48708 97
48793 0
48804 97
48988 0
49145 96
49475 0
49508 95
49539 0
49724 95
49730 0
49743 96
49793 0
49803 95
49958 97
50158 0
50180 97
50384 0
50386 96
50512 0
50535 96
50553 97
50685 97
50753 96
50863 0
50936 97
50974 0
50979 97
50990 97
51084 0
51215 95
51230 96
51394 0
51467 97
51500 0
51555 95
51605 96
51852 0
51980 97
52061 95
52107 0
52112 97
52124 95
52138 0
52191 97
52386 0
52451 97
52527 0
52570 97
52626 0
52859 97
52879 0
52976 97
53491 0
53517 97
53544 0
53604 95
53663 0
53908 97
53966 0
53992 95
54060 0
54121 97
54570 0
54707 97
54711 96
54865 0
54968 96
55057 0
55106 97
55290 96
55321 0
55339 97
55449 97
55910 0
56148 96
56304 0
56450 95
56497 0
56639 96
56702 0
56754 97
56814 0
56874 97
56910 97
56913 97
57089 97
57373 0
57388 97
57598 0
57634 95
57753 0
57828 97
57931 0
57969 95
58030 0
58136 97
58137 96
58194 0
58236 97
58477 0
58489 96
58827 0
58880 95
58896 0
58946 97
59088 0
59140 95
59193 0
59413 96
59426 96
59482 0
59483 96
59555 97
59629 97
59704 0
59741 97
60406 0
60432 96
60483 0
60623 97
60783 97
60844 0
60978 97
61009 96
61085 0
61137 96
61164 0
61165 97
61274 0
61298 96
61349 96
61518 0
61646 95
61890 0
61919 97
61924 96
61982 0
62139 97
62266 0
62329 97
62362 96
62618 0
62708 96
62750 0
62807 96
62812 0
63011 97
63086 96
63112 0
63230 96
63262 0
63523 96
63730 96
63898 0
64073 96
64175 0
64879 97
64938 0
65034 97
65035 97
65083 97
65100 0
65138 96
65199 97
65251 0
65462 96
65491 0
65502 97
65642 0
65716 96
65789 0
65865 96
65938 0
65946 97
66013 0
66089 96
66148 0
66294 95
66325 0
66591 97
66762 0
66882 95
66913 0
66938 97
67051 97
67063 0
67194 96
67341 0
67585 96
67713 0
67852 97
67907 0
67915 95
67986 96
68264 0
68302 96
68377 0
68503 95
68651 0
68749 96
68777 0
68778 97
68892 97
68976 0
69091 96
69230 0
69240 96
69274 0
69514 96
69537 0
69633 97
69657 0
69692 97
69823 0
70041 95
70099 0
70122 95
70320 0
70441 97
70462 0
70677 97
70708 96
70816 0
71125 95
71285 0
71286 95
71316 0
71330 96
71388 0
71473 96
71503 0
71537 97
71729 97
72014 0
72149 95
72210 0
72363 97
72528 96
72772 0
72999 97
73179 0
73181 97
73202 0
73267 96
73300 0
73517 95
73578 0
73653 96
73678 95
73807 95
73914 0
73979 97
74125 0
74200 97
74218 0
74246 96
74310 0
74385 95
74388 0
74422 95
74639 0
74693 96
74778 97
74794 0
74851 95
74928 97
74944 97
74951 0
74974 96
75125 0
75172 95
75410 0
75428 97
75558 96
75578 0
75603 95
75684 0
75845 95
75852 0
75963 96
76022 0
76121 97
76326 0
76633 96
76698 95
76821 0
76857 97
76962 0
76986 96
77301 0
77352 96
77451 97
77573 0
77755 97
77759 0
77901 96
78050 0
78054 97
78069 0
78115 95
78187 0
78428 96
78513 97
78587 0
78754 95
78825 0
79341 95
79611 96
79620 0
79750 95
79757 0
79812 96
79936 95
79995 0
80148 97
80174 0
80196 96
80253 97
80321 0
80469 96
80586 0
80600 95
80820 0
80878 97
81093 97
81101 95
81117 0
81562 96
81717 0
81835 95
81849 97
82024 0
82142 95
82420 0
82712 95
82914 0
83022 95
83418 0
83457 95
83559 0
83611 95
83781 97
83821 0
83857 97
83870 0
83914 95
84551 96
84566 0
84737 96
84759 0
84790 95
84929 0
84939 96
85126 0
85274 96
85285 0
85369 96
85395 0
85503 97
85631 0
85771 96
85801 95
85840 0
86426 95
86504 0
86657 97
86975 0
87291 97
87609 0
87628 96
87934 0
87951 95
88135 0
88153 95
88644 0
88692 97
88730 0
88794 96
88798 0
89071 97
89144 0
89234 96
89409 0
89438 97
89500 97
89741 0
89856 95
90001 0
90050 95
90170 0
90379 96
90413 0
90464 96
90742 0
90762 97
90825 0
90861 97
90877 97
91032 0
91124 97
91301 0
91467 96
91605 96
91709 97
91742 0
91745 95
91842 97
92111 0
92159 97
92241 0
92466 95
92541 0
92803 96
92865 0
92918 96
93469 0
93487 97
93490 0
93762 96
93854 0
94011 97
94084 0
94157 97
94224 97
94405 0
94490 96
94591 0
94605 97
94609 0
94653 96
94841 0
94971 95
95098 0
95209 97
95408 0
95548 96
95549 0
95594 95
95635 0
95641 96
95755 97
95793 0
96093 95
96102 0
96116 97
96216 0
96324 97
96379 0
96433 95
96487 0
96688 95
96704 0
96732 96
96788 0
96921 96
97012 0
97217 95
97521 97
97551 95
97553 0
97567 97
97690 96
97821 95
97959 0
98028 96
98032 0
98138 97
98159 0
98262 96
98298 96
98475 0
98496 96
98500 0
98504 97
98532 0
98580 95
98698 0
98700 97
98888 0
98974 97
99042 96
99055 0
99084 95
99124 0
99232 96
99273 0
99330 96
99407 97
99408 0
99430 96
99651 0
99795 95
99813 96
99830 0
99885 97
107 events for 1
294 85
1246 85
2286 0
2742 83
3715 0
4364 85
6668 0
6781 85
7048 85
8543 85
8761 0
8995 86
9365 0
10100 83
11961 85
12034 0
17908 83
20038 0
20203 83
20366 85
20749 0
23659 85
24078 83
24526 0
24630 86
25133 86
27905 83
28155 0
28511 85
28513 0
29404 85
29513 0
29543 83
30764 86
31038 0
31967 85
32998 0
33038 83
33823 85
34048 86
34613 0
35125 85
35281 0
38847 83
39247 83
39258 0
39663 86
39829 0
42823 83
43762 0
44452 83
45265 86
45810 85
46058 0
46473 85
49877 0
50646 85
51443 0
52859 85
53902 0
55451 85
55787 0
57216 86
58785 0
58864 85
61302 85
61344 0
62727 85
62764 0
64050 85
67078 0
67152 85
67753 0
68360 85
69008 0
71762 85
71830 0
72843 86
73184 0
74389 86
75851 0
77739 86
77761 0
79219 85
79408 0
80767 85
80880 0
81628 85
83006 0
83337 85
83643 0
83704 85
84830 85
85622 0
86460 83
87451 85
88989 0
89062 85
90424 0
90628 85
92454 85
93825 86
94652 0
96595 86
96935 0
97190 85
97430 86
501 events for 2
104 88
334 76
509 0
786 88
1246 0
1407 88
1424 0
1678 84
1681 88
1748 0
2210 84
2576 84
2654 0
2768 84
2809 84
2832 0
2999 76
3238 0
3551 88
3591 0
3943 84
4445 88
4533 0
4641 76
4863 0
5486 88
5779 76
6217 76
6449 0
6451 88
6529 0
6731 84
7046 0
7422 84
7497 0
7591 88
8254 84
8446 0
8611 84
8648 0
8803 76
9252 0
9379 76
9535 88
9612 84
9808 0
9924 88
10051 0
10301 84
10652 0
10714 76
10745 0
10820 84
11040 0
11079 76
11117 0
11161 84
11376 0
11387 84
11442 0
11712 76
12264 0
12365 76
12480 0
12503 88
12870 0
13175 88
13325 76
13332 0
13374 84
13524 76
13538 76
13774 0
13878 88
13923 76
13933 84
14601 0
14648 88
14744 0
14895 88
15029 0
15317 88
15368 0
15411 84
15625 0
15776 76
15936 76
16062 0
16347 76
16401 0
17018 76
17162 0
17401 84
17493 0
17632 84
17716 0
17809 84
17930 0
18257 88
18439 84
18770 0
19024 88
19037 0
19043 76
19210 0
19251 76
19340 84
19498 88
19606 0
19612 84
20706 0
20799 76
21125 0
21604 76
21805 0
22178 76
22285 0
22402 84
22922 0
23499 84
23697 0
23953 84
24059 0
24257 88
24371 0
24420 88
24615 0
24697 76
24728 76
25252 0
25262 84
25455 0
25738 84
25817 84
26190 0
26405 76
26519 88
26520 0
26529 84
26719 0
27020 88
27046 84
27447 0
27491 88
28421 0
28576 88
28620 0
28870 76
28871 0
29100 84
29322 0
29510 84
29549 0
30038 84
30357 0
30390 88
30449 0
30555 76
30711 0
31060 84
31708 0
31733 88
32317 0
32502 84
32758 0
33037 84
33323 0
33342 84
33348 0
33383 88
33460 0
33628 88
34501 0
34615 84
34713 0
34785 76
34871 0
35016 84
35040 0
35607 84
35875 0
36419 88
37036 0
37211 76
37246 0
37647 84
37795 0
37875 84
37995 0
38483 88
38741 0
39164 84
39216 0
39465 88
39485 0
39492 76
39632 0
39937 88
40048 76
40146 76
40901 0
41217 76
41388 0
41499 84
41701 0
41889 88
41932 0
42157 84
42318 0
42320 76
42497 76
42790 88
42968 0
43194 84
43196 0
43527 84
43842 88
43972 88
44781 76
44832 0
44897 84
45060 84
45278 0
45392 88
45511 0
45593 88
45606 0
46213 76
46229 0
46568 88
46600 0
47045 84
47368 84
47534 0
47583 76
48061 76
48531 0
49130 84
49199 0
49262 76
49697 0
50184 88
50349 84
50359 76
50385 88
50505 0
50828 88
50918 0
51091 76
51111 0
51343 76
51394 0
51653 76
51786 0
51827 76
51874 0
52011 84
52167 88
52390 0
52779 84
52849 0
53064 76
53436 0
53657 76
53694 0
54377 84
54467 0
54765 88
54855 0
55035 84
55405 0
55430 88
55674 0
55846 76
56047 0
56212 76
56214 0
56376 76
56532 0
56722 84
57002 0
57110 84
57128 0
57138 84
57177 84
57462 0
57573 88
57589 88
57958 84
58046 88
58107 0
58178 88
58202 0
58262 88
58446 0
58992 76
59330 0
59425 88
59433 0
59662 88
60097 88
60127 0
60147 76
60333 0
60486 84
61703 76
61806 76
61811 76
61860 76
61969 0
61989 76
62326 0
62541 76
62880 88
62920 0
63490 76
63689 0
63793 76
64425 84
64444 0
64734 88
64984 0
65010 88
65112 88
65269 0
65488 88
65578 76
65675 76
66414 88
66518 0
66864 84
66876 0
67133 76
67777 0
67840 88
67853 88
67878 0
67908 84
67963 0
68948 76
69175 0
69462 88
69541 0
69786 76
70000 76
70243 0
70441 84
70558 0
70983 88
71029 0
71172 88
71234 0
71275 76
71704 84
71950 88
72066 76
72172 0
72207 88
72312 0
72493 76
73324 0
73404 88
73606 0
74027 88
74044 88
74098 0
74363 76
74545 0
74852 84
74869 0
75015 84
75451 0
75523 88
75525 0
75781 88
75992 0
76045 88
76202 0
76559 88
76978 0
77465 76
77708 0
77766 76
77828 0
78080 76
78123 0
78182 84
78989 0
79181 76
79214 0
79463 84
79468 0
79589 76
80225 84
80736 88
80936 0
81011 84
81096 0
81224 76
81301 0
81317 88
81441 0
82466 88
82777 0
82797 84
83232 0
83311 84
83415 0
83746 76
83803 88
83825 0
84045 88
84202 0
84206 88
84792 0
84813 88
85227 76
85362 84
85567 0
85678 84
85992 76
86228 0
86346 88
86553 0
87178 84
87221 0
87328 84
87394 0
87704 84
87822 0
88166 88
88287 76
88288 88
88327 0
88373 84
88717 0
88740 76
88905 0
89266 76
89864 88
89897 0
89932 84
90033 0
90288 76
90301 0
90667 84
91106 0
91320 84
91593 0
91626 76
91753 0
91792 88
91911 84
92400 76
92485 0
93192 88
93354 0
93364 76
93594 0
93609 76
93629 0
93759 88
94032 88
94051 0
94074 88
94113 0
94152 88
94487 84
94572 0
94768 88
94976 0
95065 84
95458 0
95540 76
95591 88
95600 0
95603 88
96281 0
96575 76
96948 0
97215 88
97324 0
97329 76
97358 76
97393 0
97620 84
97646 0
97685 76
98133 0
98316 84
98447 0
98623 84
98664 0
98827 88
99161 0
99193 76
99239 0
99269 88
99561 76
99763 0
99833 84
410 events for 3
473 63
602 63
910 57
1301 0
1353 63
1703 63
1891 63
2333 0
2345 63
2639 0
2913 59
3041 0
3148 62
3321 63
3343 0
3517 57
3773 0
3950 59
4416 0
4671 59
4951 63
5171 63
5196 0
5759 62
5846 0
5987 63
6002 0
6189 62
6493 0
6595 57
6633 59
6830 63
7161 0
7368 57
7442 0
7693 59
7864 0
8308 63
8826 0
8891 63
8896 62
9088 0
9460 62
9480 59
10008 0
10945 62
11403 0
11793 57
11984 0
12416 57
13078 0
13132 62
13391 62
13922 0
13929 57
13966 0
14135 62
14253 0
14324 62
14930 0
15023 63
15076 0
15319 62
15375 0
15521 63
15991 57
16331 57
16548 59
16796 0
16893 63
17287 0
17331 57
17932 0
17991 62
18522 0
18610 63
18868 0
19165 59
19579 0
20102 57
20502 0
20517 57
20783 0
20917 63
21148 0
21233 57
21480 0
21727 59
21879 0
22781 57
22982 0
23299 62
23340 0
23922 57
24415 57
24483 0
24711 57
24748 0
25208 59
25396 0
25908 63
26029 63
26089 62
26108 57
26322 0
26373 63
26413 0
26443 62
26465 0
26937 59
26938 0
27166 63
27768 0
28087 57
28931 0
29010 62
29036 0
29126 57
29388 0
29415 62
29545 0
29709 62
29779 57
29933 0
30299 57
30537 0
30596 62
30726 0
30804 62
31109 0
31308 57
31322 63
32406 0
32985 57
33380 0
33750 62
33878 63
34103 62
34191 0
34219 57
34509 0
34614 57
34708 62
34868 62
35420 0
35429 63
35459 0
35666 62
35908 57
35909 0
36017 62
36267 0
36405 63
36518 0
37012 62
37412 0
38483 63
38526 0
38597 63
38602 63
38867 0
38886 59
39558 59
40025 0
40058 57
40193 0
40227 63
40476 0
40716 62
40921 0
41234 62
41248 63
41276 0
41663 62
41877 0
41956 59
42594 0
42668 59
42861 63
43092 0
43312 63
43497 0
43744 62
44391 57
44583 0
44882 59
45610 0
46474 62
47238 62
47375 0
47477 57
48636 0
48847 57
49038 0
49153 59
49167 57
49391 57
49401 0
49426 63
49742 0
49807 59
49808 0
50142 57
50625 59
51170 0
51283 57
51601 0
51787 62
52413 0
52799 63
52979 0
53031 63
53396 59
54013 57
54608 0
54765 63
54994 0
55884 57
56535 0
56635 59
56705 63
56814 0
56943 57
57236 0
57244 63
57324 63
57597 0
57736 57
58265 0
58731 59
59050 0
59166 63
59737 57
59845 57
59907 0
60134 57
60141 0
60240 62
60532 0
60863 59
61276 59
61534 63
62048 0
62707 63
63099 0
63379 57
63763 62
64039 0
64169 63
64811 0
64931 62
65091 0
65131 62
65350 0
65466 57
65510 0
65695 63
65814 0
65963 57
66123 0
66672 57
67034 0
67077 62
67449 63
68683 57
69081 59
69351 62
69596 0
69634 57
70251 0
70344 57
70520 0
70717 62
71055 0
71473 62
71674 0
71930 63
71941 0
72566 57
72675 0
72723 63
72778 0
72999 59
73348 0
73490 62
73892 0
74044 57
74120 0
74892 62
75079 62
75218 0
75480 57
75750 0
75760 62
75881 62
76094 0
76354 57
76427 0
76961 57
77259 0
77336 63
77559 0
77904 57
78132 59
78136 0
78166 62
78195 63
78476 0
78561 57
79204 62
79431 59
79453 0
79743 59
80087 0
80519 62
80546 0
81661 57
81673 0
81784 63
82026 63
82569 0
82922 63
83302 59
83430 0
83612 59
83638 0
83905 62
83940 57
84009 0
84077 63
84091 57
84173 57
85233 0
85238 63
85289 0
85444 57
85544 0
85713 62
85914 0
85945 57
86411 0
86453 63
86534 0
86849 57
86855 62
87189 0
87220 57
87234 0
87413 59
87531 0
87798 62
87802 0
88253 62
88704 62
88959 57
88962 0
89962 63
89964 0
89990 57
90172 0
90421 57
90887 62
91103 0
91180 62
91583 59
91662 63
91895 62
92382 63
92435 57
92785 0
92851 59
92878 0
93375 57
93488 0
93930 63
93982 0
94050 62
94164 63
94185 0
94381 62
94720 0
94886 63
95154 0
95257 62
95606 62
95620 57
95701 63
95720 0
95782 62
95998 0
96465 57
96529 62
96690 57
97152 0
97153 63
97388 0
98034 57
98199 0
98440 63
98828 0
98842 59
99052 0
99288 63
99394 62
99428 0
99497 57
99501 0
99673 59
99685 62
99901 0
793 events for 4
56 30
64 0
70 44
437 0
509 44
564 0
785 44
888 44
918 0
1103 38
1388 0
1475 46
1583 29
1725 0
1780 44
1789 0
2072 29
2134 0
2158 30
2180 0
2276 44
2371 0
2378 29
2393 24
2486 0
2528 44
2592 0
2664 30
2701 0
2705 44
2730 0
2751 30
2796 24
2960 44
3174 0
3941 30
4002 0
4282 38
4401 0
4738 44
5030 0
5055 24
5085 0
5224 44
5234 0
5700 30
5875 0
6047 44
6336 0
6346 46
6573 0
6823 46
6874 44
7180 46
7227 29
7255 0
7507 38
7536 24
7587 42
7819 0
7932 38
8026 46
8029 44
8391 0
8663 44
8816 0
8872 24
8923 0
9040 29
9390 0
9537 30
9539 47
10455 44
10505 0
10686 44
10700 0
10866 47
10884 0
11207 24
11235 0
11344 30
11540 0
11582 30
11700 0
11899 42
11984 38
12054 38
12112 0
12298 47
12318 47
12687 0
12886 46
13072 47
13334 38
13430 0
13588 47
13630 0
13839 47
13873 29
13892 0
14007 30
14242 0
14319 42
14551 0
14701 42
14999 0
15060 38
15082 0
15107 42
15169 0
15198 29
15472 0
15514 38
15589 0
15651 30
15837 0
15852 42
16440 0
16529 46
16768 0
16951 44
16954 0
16969 38
17178 0
17272 29
17339 0
17347 29
17366 0
17511 47
17539 0
17701 38
17706 0
17708 47
17788 44
17855 0
17870 44
17953 0
17997 38
18115 47
18194 0
18440 44
18502 29
18512 0
18522 44
18527 0
18537 30
18619 0
18665 46
18679 0
18760 46
18999 0
19026 38
19106 30
19169 0
19181 44
19267 0
19419 46
19446 0
19555 42
19766 0
19904 24
19987 0
20447 24
20454 0
20680 44
20853 0
21025 44
21053 0
21097 42
21123 0
21165 46
21361 46
21566 42
21623 0
21660 44
21841 44
22088 0
22189 44
22295 44
22310 0
22339 44
22401 0
22482 30
22515 0
22557 42
22576 0
22598 24
22682 0
22759 44
22828 38
22835 47
22839 0
23185 47
23247 0
23488 47
23504 47
23552 0
23653 46
23679 44
23947 0
24335 30
24421 0
24495 30
24552 0
24559 46
24675 0
24953 44
25088 0
25613 44
25616 0
25677 47
25806 0
25813 30
25854 0
25861 44
26144 42
26278 30
26745 44
26769 38
26858 30
26975 0
26980 44
27047 42
27213 0
27310 30
27380 0
27401 38
27478 0
27926 38
27990 0
28047 44
28214 0
28320 44
28411 0
28555 24
28793 0
28817 44
29062 29
29197 0
29292 44
29369 0
29497 24
29513 0
29550 44
29589 0
29753 46
29847 46
29888 29
29952 0
30018 24
30118 0
30172 38
30276 38
30307 0
30438 46
30570 0
30660 47
30866 0
30876 29
30982 44
31014 0
31038 44
31102 44
31332 0
31378 44
31423 0
31526 38
32290 46
32330 0
32595 24
32761 0
32839 29
32856 0
33045 30
33058 0
33113 42
33202 42
33357 0
33520 38
34011 0
34259 44
34327 0
34467 44
34552 0
34632 44
34723 0
34730 24
34966 0
35090 44
35184 0
35245 44
35448 0
35476 24
35590 30
35622 30
35779 0
35821 42
35962 0
35991 30
36085 0
36139 46
36197 0
36272 38
36281 0
36495 44
36507 0
36528 30
36603 0
36854 44
36859 0
37039 44
37168 0
37228 38
37585 0
37830 44
38134 0
38262 38
38394 0
38560 44
38748 47
38776 0
38778 44
38924 0
38939 47
38965 0
39017 29
39080 42
39356 0
39479 44
39526 0
39554 24
39583 38
39651 0
39709 44
39880 0
39919 38
39960 0
39977 44
40011 0
40166 30
40174 0
40320 44
40333 0
40428 46
40642 44
40700 0
40862 44
40959 44
40976 0
41035 24
41413 0
41529 38
41777 0
41845 44
42131 0
42232 44
42238 44
42355 46
42357 38
42414 0
42474 44
42653 0
42679 42
42714 29
42751 0
42952 24
43022 0
43088 44
43089 0
43194 44
43414 0
43822 47
43869 0
43919 44
43921 42
44436 0
44978 44
45047 30
45048 0
45090 47
45333 0
45395 29
45429 0
45448 42
45546 44
45557 0
45569 46
45838 0
45874 30
45976 0
46061 42
46369 30
46400 0
46440 44
46585 0
46595 29
46661 44
46705 0
46752 46
46770 0
46846 47
47139 42
47304 0
47351 47
47443 0
47665 44
47730 38
47795 30
47858 0
47896 44
47921 24
48225 44
48472 0
49202 42
49439 29
49477 44
49876 0
49942 29
50323 0
50728 38
50802 0
50841 29
51091 0
51251 47
51759 46
51837 0
52476 46
52529 0
52575 30
52579 44
52636 44
52914 0
52922 46
53051 29
53359 0
53449 47
53454 30
53661 0
53734 44
53826 0
53899 29
54008 0
54221 47
54251 0
54261 47
54307 0
54326 30
54364 0
54521 30
54620 0
54735 44
54902 0
54923 47
55106 0
55321 46
55429 46
55459 0
55760 38
55764 0
55775 24
56214 0
56266 47
56434 0
56581 42
56644 0
56650 38
57064 0
57542 44
57635 38
57900 0
57957 44
57980 44
57983 24
58002 30
58289 0
58372 44
58768 0
59160 47
59424 44
59640 44
60046 44
60112 0
60226 38
60257 24
60377 0
60548 30
60552 44
60596 0
60618 29
60685 0
61077 24
61092 0
61179 29
61413 0
61523 24
61563 38
61602 0
61946 29
62103 44
62149 0
62359 29
62384 24
62474 38
62721 0
62849 44
62936 30
62996 0
63012 30
63194 0
63370 46
63633 0
63687 46
63943 0
64176 46
64753 0
64811 44
64844 0
65048 38
65054 24
65229 42
65423 44
65459 0
65608 47
65616 46
65701 38
65776 0
65799 30
66002 0
66018 42
66022 0
66267 24
66519 44
66591 0
66728 44
66896 0
66923 24
67436 0
67678 44
67748 0
67810 29
67842 24
68025 0
68047 29
68101 44
68190 0
68271 44
68280 0
68301 42
68329 0
69260 29
69264 0
69300 47
69454 0
69465 46
69540 0
69542 44
69557 47
69712 0
69944 24
69961 0
70056 38
70106 44
70417 0
70429 46
70609 0
70691 42
71165 0
71174 44
71177 0
71459 30
72174 0
72280 46
72365 0
72493 42
72750 47
72774 0
72973 47
73083 0
73373 44
73402 0
73489 46
73761 0
74108 44
74403 0
74420 24
74457 42
74481 30
74524 47
74563 0
74565 30
74766 44
74856 0
74870 29
75060 0
75061 29
75117 46
75539 0
75582 46
75879 47
75933 0
75943 44
75988 0
76193 29
76366 44
76377 0
76466 47
76638 42
76815 0
76971 30
77071 0
77077 46
77169 0
77183 24
77189 0
77318 44
77323 24
77353 0
77355 47
77465 29
77585 47
77874 0
78135 44
78143 0
78187 47
78432 0
78439 44
78588 44
78597 0
78623 46
78708 0
78822 44
78857 0
79298 29
79336 0
79349 30
79453 0
79575 30
79630 0
80412 38
80589 44
80771 44
80792 0
80909 44
80912 0
80913 47
81144 29
81408 47
81525 0
81533 46
81547 44
81780 0
81786 44
81827 24
81849 30
81855 0
82102 47
82168 0
82172 46
82227 0
82236 44
82392 0
82403 46
82466 0
82650 44
82952 0
83140 44
83159 44
83216 0
83238 30
83535 30
83582 0
83596 38
83859 47
83880 0
84095 29
84199 44
84418 44
84459 0
84629 42
84685 0
84705 46
84743 0
84808 46
85152 44
85347 0
85384 30
85414 0
85533 44
85783 0
86123 44
86390 0
86512 44
86549 38
86658 0
86700 24
87015 0
87103 29
87195 0
87336 44
87436 0
87520 29
87834 0
88108 30
88383 46
88397 38
88615 44
88823 0
88945 44
89096 0
89175 44
89485 0
89614 30
89940 44
89952 0
90076 30
90495 0
90653 47
90770 44
90884 0
90973 44
91014 0
91076 29
91212 44
91310 0
91448 47
91517 0
91645 30
91648 47
91660 0
92008 42
92026 0
92537 30
92703 0
92728 38
92994 0
93063 44
93223 0
93278 24
93374 0
93604 47
93703 24
93744 0
93747 30
93992 0
94223 24
94226 0
94284 38
94423 0
94610 44
94899 0
94972 44
95175 38
95182 29
95386 0
95492 44
95504 0
95787 38
95799 0
96605 29
96676 0
96694 30
96760 44
96869 44
97030 0
97156 47
97166 0
97225 46
97235 0
97242 44
97269 0
97317 42
97627 29
97709 0
97721 42
97749 38
97802 0
97847 46
97859 0
98065 24
98366 0
98387 24
98411 29
98609 0
98672 29
98752 0
98785 44
98853 0
98927 44
99181 0
99288 24
99540 0
99560 38
99688 42
857 events for 5
119 42
176 0
410 47
590 38
608 47
739 0
1039 38
1084 0
1130 47
1290 0
1557 38
1629 47
1644 0
1653 47
1809 0
1930 59
2206 0
2370 38
2405 0
2433 47
2494 0
2566 59
2597 38
2612 0
2761 47
2883 0
2901 38
2911 0
2978 38
2982 0
2999 59
3058 0
3113 59
3258 38
3361 0
3431 59
3663 38
3714 59
3789 0
3830 42
3935 38
3975 38
3989 0
4072 47
4187 0
4192 47
4353 0
4392 38
4407 0
4630 42
4785 0
4994 59
5254 59
5830 0
5948 47
6081 59
6247 38
6548 0
6818 47
6960 0
6989 38
7130 0
7230 38
7316 0
7456 47
7594 0
7811 38
7813 42
7819 59
7823 0
8090 38
8174 0
8181 47
8393 0
8472 38
8752 0
8780 38
9197 0
9447 59
9599 0
9703 59
10081 0
10139 59
10166 0
10174 42
10204 0
10221 59
10277 0
10324 38
10593 0
10642 38
10807 42
10822 0
10944 42
11037 0
11201 59
11258 0
11277 47
11346 0
11424 59
11525 59
11614 0
11646 59
11717 0
11884 47
12060 0
12202 59
12208 0
12669 59
12753 0
12903 42
12962 47
13154 0
13278 42
13337 0
13401 47
13557 47
13661 42
13716 0
13744 47
13768 0
13822 42
13981 0
14114 42
14136 0
14391 38
14425 42
14449 0
14700 59
14862 47
14975 0
15180 59
15195 0
15754 38
15913 0
15947 38
16409 42
16655 0
16818 59
17026 0
17054 59
17105 0
17134 42
17156 0
17159 47
17266 0
17367 59
17415 59
17440 0
17547 42
17619 42
17658 0
18029 38
18031 0
18088 38
18209 0
18399 59
18417 42
18724 0
18837 59
19022 47
19031 0
19039 47
19061 0
19234 59
19424 0
19436 38
19701 0
19886 42
20056 0
20118 38
20175 0
20180 42
20210 0
20216 47
20224 0
20264 42
20366 47
20397 0
20421 59
20477 0
20502 42
20550 47
20693 0
20843 47
20853 0
20994 59
21102 0
21130 38
21217 0
21285 42
21368 0
21387 38
21395 0
21430 59
21490 0
21759 59
21967 42
21975 0
22109 38
22248 0
22366 59
22396 0
22419 38
22489 0
22537 42
22616 0
22654 42
22907 0
23285 59
23329 0
23441 47
23578 42
23646 47
23705 38
23789 0
24044 42
24208 0
24239 47
24672 0
24773 38
24827 0
24977 42
25150 0
25183 42
25312 0
25391 38
25564 59
25872 0
25927 47
26048 0
26331 42
26558 0
26603 38
26745 0
26806 47
26909 0
26923 38
26927 0
26937 47
27122 0
27158 38
27199 0
27357 59
27414 0
27832 47
27864 0
27931 59
28017 0
28042 42
28092 0
28267 59
28511 0
28521 59
28668 0
29006 47
29049 0
29522 59
29616 0
29699 59
29752 0
29927 38
29956 0
30117 59
30138 0
30200 42
30225 0
30316 42
30387 0
30443 59
30547 59
30737 0
30786 47
30792 0
30883 38
30930 59
30966 47
31035 0
31080 38
31171 0
31304 47
31652 59
31683 0
31756 59
31844 0
31893 59
31937 47
32025 0
32310 38
32477 42
32612 42
33180 0
33197 38
33403 0
33407 38
33409 42
33536 42
33639 0
33677 59
33788 0
34077 59
34268 0
34407 59
34507 0
34604 47
34676 0
34850 59
35198 0
35481 59
35771 0
35857 59
35979 38
36062 0
36065 38
36193 59
36228 0
36286 47
36326 0
36331 47
36369 0
36414 59
36491 0
36576 59
36647 0
36813 38
36894 38
36908 0
37136 38
37268 0
37344 59
37366 42
37439 0
37522 42
37629 0
37977 42
38105 0
38109 47
38127 0
38337 47
38674 0
38739 59
38741 59
38976 0
39395 59
39418 0
39456 59
39512 0
39584 59
39873 38
39975 0
40018 42
40065 47
40105 0
40183 59
40304 59
40496 38
40597 0
40612 38
40619 0
40821 38
41019 38
41100 0
41202 38
41630 0
41917 47
41989 0
42063 59
42250 0
42270 59
42370 0
42381 59
42406 47
42485 38
42686 0
42847 59
42910 0
42946 42
43237 0
43301 59
43389 0
43419 59
43951 0
43952 42
43962 0
43978 42
43985 0
44077 38
44125 0
44135 47
44195 0
44268 59
44304 59
44358 0
44486 42
44575 0
44655 38
44845 0
45054 47
45072 0
45188 59
45351 0
45375 42
45579 0
45715 42
45771 59
45814 59
45843 0
45854 59
45880 47
45977 0
46071 59
46303 38
46476 0
46647 59
46680 0
46819 59
46843 0
46954 47
47038 0
47140 59
47212 0
47274 59
47350 0
47526 42
47647 0
47711 38
47761 0
47773 47
47877 0
47947 42
47994 0
48069 38
48164 0
48258 38
48328 0
48349 38
48621 42
48742 0
48979 47
49036 0
49088 38
49162 59
49172 42
49211 0
49419 42
49470 0
49702 42
49952 38
50002 0
50202 38
50694 0
50855 59
50945 59
51221 42
51511 38
51649 0
51680 47
51875 0
52010 47
52399 0
52519 59
52747 59
52869 59
53021 42
53040 0
53256 59
53378 0
53534 47
53782 0
53821 42
54309 0
54771 38
54870 0
54940 47
55257 38
55460 0
55584 42
55627 0
56061 59
56097 0
56299 59
56308 0
56347 42
56348 0
56355 47
56398 0
56496 59
56749 38
56828 0
56929 47
56980 0
57016 59
57110 38
57147 42
57453 42
57573 0
57585 38
57650 42
57654 0
57936 59
58005 59
58101 0
58305 38
58308 0
58347 47
58587 0
58663 42
58704 0
58909 59
59015 0
59197 42
59293 0
59345 38
59390 0
59497 42
59530 0
59531 47
59674 47
59746 59
59915 0
60018 47
60415 0
60429 42
60704 0
60924 59
60949 0
61046 59
61052 0
61085 42
61142 0
61170 42
61173 0
61284 59
61310 42
61349 47
61490 0
61544 42
62079 0
62209 38
62420 0
62621 59
62649 42
62700 0
62708 42
62771 38
62970 0
62978 38
63018 0
63028 38
63179 0
63217 38
63263 0
63312 42
63343 0
63390 38
63911 59
64063 0
64119 59
64134 0
64249 47
64267 0
64365 38
64368 0
64421 47
64459 0
64493 38
64636 0
64669 38
64735 47
64769 0
65100 38
65199 0
65268 47
65666 0
65680 42
65859 42
65876 59
65923 59
66314 0
66514 42
66676 38
66850 38
66952 42
67104 0
67211 47
67232 0
67366 59
67703 0
67859 38
67870 0
67960 47
68006 47
68192 0
68227 47
68604 0
68618 38
68873 0
69098 38
69131 59
69157 0
69225 38
69404 0
69619 38
69882 42
69907 47
70025 0
70430 42
70452 0
70455 59
70562 0
70619 59
70640 47
70898 42
71005 42
71198 0
71334 47
71336 0
71342 42
71348 0
71392 47
71480 0
71564 42
71574 38
71669 38
71707 59
71874 0
71949 42
72031 38
72082 59
72124 0
72214 47
72320 0
72472 47
72500 0
72528 47
72626 0
72689 42
72734 0
72806 59
72969 42
73075 0
73612 42
74000 0
74204 38
74475 0
74534 59
74666 47
74809 0
74853 42
74985 0
74996 42
75007 38
75198 42
75408 0
75437 42
75471 0
75550 47
75813 0
75864 59
75946 0
76109 42
76122 59
76185 0
76310 47
76528 0
76779 59
76913 42
77018 0
77069 59
77347 0
77504 38
77570 42
77655 0
77708 38
77893 0
77911 42
77992 0
78018 59
78204 0
78383 47
78495 0
78526 47
78723 0
78930 59
79066 42
79274 42
79448 0
79465 42
79564 0
79756 47
79918 0
79965 59
79990 38
80009 0
80169 38
80388 42
80406 0
80494 59
80507 59
80531 0
80623 42
81307 47
81639 0
81878 59
82036 0
82092 59
82281 0
82464 47
82849 0
82869 38
82899 0
82945 42
83359 0
83464 38
83521 0
83664 59
83862 0
83914 42
83931 0
84038 59
84223 42
84424 0
84449 59
84665 0
84683 59
84717 38
84789 0
84791 47
84835 0
84856 42
84877 0
85040 38
85133 38
85319 59
85353 0
85639 38
85767 38
85795 0
85814 42
86008 0
86169 42
86299 0
86642 38
86812 0
86905 59
86989 59
87214 0
87215 47
87390 0
87479 38
87525 0
87621 38
87629 0
87638 38
87755 0
87864 59
87952 59
87990 38
88156 0
88261 47
88425 0
88518 38
88545 0
88561 38
88577 38
88608 38
88639 0
88779 47
88794 0
88883 42
89017 38
89304 0
89473 38
89493 42
89513 0
89562 38
89577 0
89734 38
89759 0
89820 42
90330 42
90420 0
90539 42
90806 59
90833 0
91016 42
91032 0
91343 42
91414 42
91477 0
91595 38
91655 47
91759 0
92338 47
92476 0
92538 47
92548 0
92666 38
92863 0
92876 38
92969 0
93032 59
93047 42
93208 42
93323 47
93443 0
93651 38
93678 0
93708 59
93729 0
93938 59
94119 0
94238 59
94240 42
94265 0
94454 38
94471 0
94489 47
94656 47
94737 0
94944 47
94995 0
95105 59
95252 38
95292 0
95360 42
95573 0
95632 42
95732 0
96299 59
96388 0
96409 59
96508 42
96740 0
96759 59
96857 0
96889 38
97332 38
97489 0
97582 38
97646 0
97790 38
98043 0
98082 42
98147 42
98162 0
98200 42
98246 0
98351 59
98449 0
98867 47
99076 38
99540 0
99578 59
99838 0
99854 59
99881 0
416 events for 6
68 36
245 0
280 36
300 36
306 0
440 36
733 36
754 0
1104 36
1399 36
1653 36
1662 36
2186 36
2402 36
2427 0
3030 36
3404 36
3684 36
3711 36
4165 36
4268 0
4308 36
4459 0
4554 36
4701 0
4995 36
5048 36
5105 0
5204 36
5311 0
5485 36
5873 0
6131 36
6138 0
6401 36
6519 36
7214 0
7354 36
7417 0
8115 36
8194 36
8351 0
8940 36
9026 0
9058 36
9295 0
9526 36
9760 0
9923 36
10211 0
10509 36
10535 0
10620 36
10661 0
10728 36
11144 0
11416 36
11837 0
12186 36
12281 0
12530 36
12750 0
12961 36
12969 0
13129 36
13387 36
13597 36
13852 36
14001 0
14109 36
14189 36
14522 0
15056 36
15137 0
15273 36
15547 36
15782 0
15803 36
15834 0
16607 36
16800 36
16898 0
17187 36
17435 36
17508 0
17522 36
17543 0
17610 36
17930 36
18118 0
18123 36
18465 0
18858 36
18989 0
18992 36
19166 0
19463 36
19501 0
19715 36
19860 36
19890 0
20158 36
20187 36
20327 0
21673 36
21952 36
22673 0
22852 36
22943 0
23617 36
23820 36
23969 0
24474 36
24490 0
24806 36
24890 0
25034 36
25335 0
25637 36
26068 0
26366 36
26397 36
26414 0
26495 36
27001 36
27052 0
27517 36
27564 0
27606 36
28344 0
28466 36
28469 0
28539 36
28678 36
28690 0
28780 36
29039 0
29567 36
29994 0
30783 36
31039 0
31092 36
31112 36
31196 0
31680 36
31881 36
32442 36
32571 0
32962 36
33605 0
33640 36
33794 36
34227 36
34365 0
34973 36
35109 0
35227 36
35376 0
35584 36
35799 0
36005 36
36010 36
36384 0
36453 36
36808 0
36903 36
37168 36
37231 0
37542 36
37706 36
37816 0
37885 36
38050 0
38583 36
38731 0
39134 36
39806 36
39837 36
39909 0
40435 36
40459 0
40795 36
40864 0
40867 36
40909 36
41205 36
41277 0
41445 36
41536 36
41593 0
41625 36
41802 0
42003 36
42120 0
42322 36
42784 36
42921 36
43298 0
43649 36
43713 36
43821 0
43897 36
44408 0
44502 36
45030 0
45118 36
45459 36
45517 0
45645 36
45683 0
46227 36
46576 0
46590 36
46730 36
47085 0
47086 36
47303 0
47406 36
47733 0
47761 36
47811 0
48157 36
48174 36
48735 36
48920 0
49040 36
49047 0
49164 36
49410 0
49488 36
49520 0
49697 36
49928 0
50027 36
50311 0
50838 36
51199 36
51370 0
51733 36
51877 0
51891 36
52031 0
52084 36
52142 36
52219 0
52256 36
52370 36
52541 0
52642 36
52702 36
52977 0
53172 36
53290 36
53761 36
54073 0
54198 36
54360 0
54653 36
54940 0
55332 36
55400 36
56394 0
57073 36
57320 36
57471 0
57648 36
58084 0
59130 36
59252 0
59330 36
59896 0
60020 36
60068 36
60201 0
60251 36
60531 0
60599 36
60748 0
61038 36
61195 36
61221 36
61634 36
62154 0
62334 36
62469 0
62471 36
62632 36
63514 0
63542 36
63763 0
64320 36
65310 0
65600 36
65633 0
65879 36
66112 0
66340 36
66401 0
66732 36
66880 0
67051 36
67126 0
67190 36
67354 0
67689 36
68074 0
68886 36
69218 0
69366 36
69699 0
70189 36
70386 36
70615 0
70814 36
70889 0
71609 36
71716 0
72044 36
72380 36
72426 36
73243 0
74658 36
74874 36
74945 0
75069 36
75280 0
75354 36
75653 0
75795 36
76103 0
76153 36
76814 0
76893 36
77185 36
77388 0
77507 36
77567 36
77656 0
77690 36
77742 0
78193 36
78372 0
78537 36
78645 0
78863 36
78950 0
79377 36
79611 0
79809 36
80109 0
80303 36
80953 0
80981 36
81015 36
81566 36
81644 36
81701 0
82486 36
82588 0
82900 36
83683 36
84049 36
84289 0
84307 36
84428 0
84585 36
85467 0
85524 36
86740 36
86881 36
87538 0
87729 36
87842 0
87927 36
88182 0
88773 36
88784 0
88908 36
89211 36
89467 0
89889 36
90077 0
90212 36
90217 36
90355 0
90357 36
90508 0
90630 36
91643 36
91670 0
91682 36
92044 0
92174 36
92191 0
92502 36
92675 0
92917 36
93778 0
94169 36
95038 0
95223 36
95524 0
95689 36
96122 0
96611 36
96760 0
96774 36
96935 36
97065 0
97155 36
97959 0
98320 36
98727 0
99215 36
99285 36
99595 0
486 events for 7
174 89
177 89
464 0
708 89
1124 0
2011 70
2203 0
2485 79
2534 0
2770 94
3256 0
3962 79
4039 0
4221 78
4356 0
4842 94
5127 0
5189 94
5335 0
6409 94
6791 0
6938 79
7053 0
7181 88
7227 0
7274 79
7301 0
7704 78
8102 0
8191 70
8238 0
8409 82
8440 94
8498 0
8825 89
8842 0
9175 70
9860 0
10140 70
10624 0
10685 91
10739 0
11068 78
11414 82
11423 78
11492 65
11640 94
12229 0
12725 79
12779 0
12869 89
12982 82
12991 0
13052 79
13221 0
13312 91
13355 0
13584 70
13913 0
13975 65
14085 65
15045 0
15202 82
15349 0
15417 91
15562 82
15599 0
15716 78
15753 0
15959 70
16158 0
16186 65
16254 0
16288 91
16413 0
16906 79
16990 0
17036 70
17568 0
17638 94
17819 0
18502 82
18635 94
19012 70
19213 0
19746 70
19961 0
20060 82
20080 0
20694 78
20851 0
20967 70
21360 94
22310 65
22327 0
22629 79
22656 78
22722 70
22843 0
22939 91
23645 0
23806 94
23830 65
23955 0
24002 65
24137 0
24306 88
24542 0
24842 70
24914 0
24926 89
24951 0
25241 79
25355 94
25511 0
25696 91
25821 0
26496 78
26731 0
26734 70
26818 0
27349 91
27477 91
27836 0
27852 78
28058 0
28183 70
28210 0
28296 65
28368 0
28591 70
29081 0
29172 79
29267 88
29759 0
29799 91
30033 88
30282 0
30392 79
30596 0
30673 94
30879 0
31460 65
31557 0
31562 82
32114 0
32466 79
32470 0
32624 94
32701 91
33022 0
33131 78
33199 79
33298 0
33328 78
33427 79
34272 0
34379 65
34401 0
35048 79
35399 0
35484 65
35513 0
35665 88
35690 79
35738 0
35984 94
36212 0
36352 94
36402 79
36433 91
36455 0
36657 82
36800 0
36906 70
37287 0
37346 88
37384 0
37536 91
38084 0
38277 91
38496 0
38507 91
38867 65
38962 0
39032 91
39119 0
39281 70
39433 65
39478 0
39503 70
40349 0
41070 65
41137 78
41554 94
41845 0
42175 94
42209 0
42213 91
42228 78
42361 0
42480 70
42515 0
42530 70
42659 0
42978 89
43441 0
43581 94
43621 70
43728 0
43880 89
44130 0
44314 88
44547 0
44770 70
44978 89
45079 79
45137 0
45392 91
45755 0
45975 91
46227 91
46466 0
46716 94
46843 82
46932 0
47462 70
47486 94
47769 0
47778 88
47806 0
47824 79
47982 0
48152 94
48978 0
49167 89
49207 0
49647 78
50081 0
50286 70
50476 0
50781 82
50824 0
51115 79
51176 0
51296 65
51417 0
51482 79
51787 0
51808 65
52028 82
52061 82
52717 0
52789 65
53525 78
53630 0
54296 65
54406 89
54554 79
54708 0
54782 89
54921 0
55154 70
55228 0
55313 79
55426 0
55519 70
55703 0
55787 82
55795 0
56788 78
56801 0
57024 70
57965 0
58226 78
58269 0
58332 78
58348 0
58454 89
58473 0
59042 79
59046 0
59175 79
59610 0
59947 70
59970 91
60198 0
60263 94
60470 0
60492 65
60557 65
60604 0
60639 94
60778 88
60974 88
61000 78
61044 0
61167 78
61512 0
61668 82
62415 79
62465 0
62552 78
62610 0
62722 79
62802 0
62926 65
62969 0
63206 82
63220 0
63286 88
63375 78
63404 0
63879 94
64078 0
64212 79
64260 0
64293 82
64392 79
64415 82
64421 82
64685 0
65095 82
65215 0
65232 70
66201 0
66206 70
66458 0
67047 78
67204 0
67477 78
67516 0
67679 65
67700 0
68061 88
68100 0
68498 82
68583 78
68799 0
68862 78
68874 0
69022 94
69301 0
69657 70
69897 94
69937 65
70059 82
70079 0
70437 79
71155 0
71253 91
71375 0
71436 70
71809 88
71814 0
71952 82
72090 0
72124 89
72175 0
72606 78
72656 0
72777 78
72937 0
73105 82
73546 0
73857 89
74084 0
74144 89
75162 0
75408 82
75932 0
75970 89
76030 0
76972 91
77610 0
77934 65
78197 0
78326 79
78327 91
78539 0
78666 65
78671 0
79178 70
79366 0
79379 82
79394 0
79454 94
79892 65
80867 0
80977 94
81015 0
81108 94
81136 0
81356 88
81395 79
81555 0
81570 65
81840 91
82042 0
82168 79
82402 0
82524 91
82908 0
82937 65
83886 0
83936 78
83968 0
83981 65
84432 0
84652 70
84703 91
85008 0
85117 79
85161 0
85214 78
85468 0
85724 91
85851 0
86083 88
86410 70
86504 0
86758 65
87067 0
87290 65
87515 0
87591 91
87811 91
87837 0
87884 91
88125 0
88516 88
88583 0
88585 70
88841 0
89111 82
89351 94
89359 0
89473 88
89736 70
89801 0
90077 82
90375 82
90493 0
90845 88
91278 0
91542 78
91607 0
92097 65
92432 0
92648 79
92939 0
93055 94
93198 0
93264 79
93345 0
93433 79
93457 0
94106 65
94480 0
94568 89
94894 79
94924 0
95173 91
95827 0
96192 94
96395 0
96534 91
96761 0
97080 79
97108 82
97148 0
97455 65
97468 70
97495 88
97664 91
97679 0
97727 79
97742 94
98677 78
98726 65
98990 0
99006 91
99097 0
99140 78
99247 0
99794 79
