8 buffers
132666 13071
111776 1988
138691 23499
120115 3849
167428 14943
72007 12199
106901 16431
170723 16731
80 downlinks
0 188 1250 369
1 1438 2500 332
2 2688 3750 384
3 3938 5000 286
4 5188 6250 292
5 6438 7500 282
6 7688 8750 267
7 8938 10000 372
8 10188 11250 395
9 11438 12500 320
10 12688 13750 389
11 13938 15000 347
12 15188 16250 377
13 16438 17500 342
14 17688 18750 352
15 18938 20000 285
16 20188 21250 333
17 21438 22500 398
18 22688 23750 275
19 23938 25000 295
20 25188 26250 298
21 26438 27500 390
22 27688 28750 388
23 28938 30000 370
24 30188 31250 335
25 31438 32500 348
26 32688 33750 333
27 33938 35000 371
28 35188 36250 377
29 36438 37500 392
30 37688 38750 316
31 38938 40000 326
32 40188 41250 392
33 41438 42500 274
34 42688 43750 280
35 43938 45000 272
36 45188 46250 293
37 46438 47500 330
38 47688 48750 310
39 48938 50000 318
40 50188 51250 398
41 51438 52500 363
42 52688 53750 296
43 53938 55000 311
44 55188 56250 387
45 56438 57500 342
46 57688 58750 278
47 58938 60000 344
48 60188 61250 344
49 61438 62500 341
50 62688 63750 269
51 63938 65000 279
52 65188 66250 370
53 66438 67500 315
54 67688 68750 292
55 68938 70000 368
56 70188 71250 305
57 71438 72500 381
58 72688 73750 339
59 73938 75000 340
60 75188 76250 309
61 76438 77500 394
62 77688 78750 306
63 78938 80000 303
64 80188 81250 315
65 81438 82500 289
66 82688 83750 292
67 83938 85000 352
68 85188 86250 375
69 86438 87500 303
70 87688 88750 351
71 88938 90000 294
72 90188 91250 351
73 91438 92500 326
74 92688 93750 391
75 93938 95000 396
76 95188 96250 305
77 96438 97500 339
78 97688 98750 318
79 98938 100000 287
197 events for 0
287 72
2087 0
3336 71
3979 90
5334 81
6169 0
6277 71
6865 0
7599 74
8021 0
8549 81
8745 78
8994 0
9041 86
9703 0
10119 71
10196 71
10390 0
11563 86
11675 64
11953 0
12194 86
13702 0
15037 71
16109 0
16225 74
17301 90
17550 81
18687 0
18732 74
18888 0
19354 81
19406 0
19509 78
20405 0
21175 78
22551 0
22819 90
22826 0
24060 74
24838 0
25629 90
25750 0
26091 72
26833 0
27023 74
27408 0
27929 74
27954 0
28886 86
29695 78
29750 64
30131 0
30252 81
31339 0
31687 74
33100 0
33514 78
33627 0
33974 64
34318 0
35694 90
35988 0
36138 86
36252 0
37177 81
37359 0
37606 74
38175 0
38279 72
38780 0
38979 71
40211 0
40404 64
40728 71
42450 0
43727 90
43908 0
44099 71
44792 72
45011 64
45148 0
45792 74
47844 64
48147 0
48236 90
48572 86
48678 78
48694 0
49009 81
49414 0
49771 64
50197 0
50403 78
50606 71
51042 0
51608 74
52996 0
53429 81
53756 0
53894 90
53914 78
54345 0
54934 72
55497 0
56176 72
57233 72
57270 71
57480 0
57516 74
57547 0
57966 74
58072 0
58212 90
59239 0
60008 86
60181 0
61357 71
62213 0
62858 90
62906 74
62973 0
63519 86
63863 72
64219 0
64933 78
65426 0
65652 74
65841 0
69464 72
69941 0
71080 78
71239 0
71552 71
71706 0
72471 71
72662 74
72919 0
74788 71
75630 72
76041 0
76906 86
77181 0
77250 71
77962 0
78035 78
79805 72
79855 0
80406 74
80620 90
81712 0
81942 90
82028 64
82123 71
82174 0
83518 71
83804 0
83884 86
83893 0
83984 72
84974 0
85872 78
86708 0
86738 74
86755 0
86846 78
87098 64
87104 0
87261 78
87422 0
87575 71
88986 0
89557 71
90332 0
90727 71
91282 78
91776 72
91929 0
92953 74
93801 78
93840 0
94333 78
94416 81
94731 0
95416 81
95463 81
95492 0
96115 72
96436 74
97245 71
97976 90
98134 0
98474 81
98621 0
98683 86
99533 0
99600 72
505 events for 1
451 53
540 54
621 0
803 54
1089 0
1104 54
1222 0
1521 53
1551 0
1606 53
1615 0
1628 56
2249 54
2478 0
2773 53
3114 53
3203 0
3423 55
3495 0
3588 53
3754 53
4093 54
4145 0
4791 54
5362 0
5474 53
5848 55
5886 0
5945 53
5964 55
6282 53
6499 0
6753 54
7011 53
7022 0
7222 55
7354 55
7455 0
7499 55
7728 54
7802 53
7924 55
8060 0
8104 55
8694 0
8862 53
8930 0
9195 53
9316 0
9623 55
10216 0
10618 54
11205 54
11763 54
11884 0
12086 54
12141 53
12466 0
12822 54
12988 53
13317 0
13469 54
13495 0
13504 54
13780 0
14063 55
14451 54
14576 0
14682 55
14812 54
14845 55
15138 0
15212 56
15279 0
15303 53
15836 0
16212 54
16309 55
16854 0
16879 54
16906 0
16972 55
16988 0
17100 55
17103 0
17113 54
17655 0
17692 56
17836 0
18154 54
18186 0
18232 53
18300 0
18527 56
18690 55
18711 54
18924 0
19103 55
19181 0
19564 53
19592 0
19667 54
20070 0
20372 53
20477 0
20618 54
20920 0
20943 53
20961 0
21135 53
21191 56
21517 0
21604 53
22129 0
22172 53
22404 0
22505 55
23125 0
23239 55
23290 0
23656 55
23790 0
23885 54
23955 0
24029 55
24141 55
24338 0
24417 55
24438 0
24709 53
24997 0
25028 53
25105 0
25173 56
25413 0
25532 54
25559 56
25703 0
25795 53
25822 0
26231 54
27290 55
27698 0
27738 53
28502 55
28556 53
28631 0
29088 54
29108 54
29241 0
29444 55
29659 55
30106 0
30961 53
31050 55
31337 53
31561 0
31684 56
31921 53
31931 0
32179 54
32230 0
32372 54
32502 0
32850 54
33718 0
33809 56
33895 54
34020 0
34250 55
34516 0
34533 53
34807 54
34834 0
35371 56
35426 0
35458 55
35515 0
35537 53
35838 0
36205 55
36314 0
36522 53
36571 0
36616 54
36735 55
36746 53
36812 0
36852 54
36915 53
36977 53
37222 53
37407 0
37555 55
37839 0
37896 53
38016 0
38882 53
39287 0
39357 55
39444 53
39877 0
39963 54
39992 0
40234 55
40285 0
40351 54
41230 0
41272 56
41544 0
41577 56
41758 0
41855 55
42042 55
42882 54
43095 55
43278 0
43849 54
43963 0
44025 53
44027 0
44078 54
44416 0
44479 55
44545 53
44657 55
44775 0
45107 55
45147 0
45157 54
45190 0
45216 53
45472 0
45509 54
45735 0
46044 54
46892 0
47173 53
47231 0
47423 55
47564 0
48381 54
48505 54
48581 0
48720 53
48760 0
48948 55
49506 55
49534 0
49547 54
49773 0
49958 54
50085 0
50424 55
50552 0
50567 54
50642 0
51255 55
51355 56
51526 55
51817 0
51914 55
52662 0
52863 56
53044 0
53327 53
53395 55
53641 0
53866 53
54121 0
54256 54
54549 0
54896 56
55330 0
55737 54
56204 54
56516 0
56794 55
56966 0
57354 55
57504 56
57616 0
57863 54
58048 0
58072 54
58451 0
58519 54
58527 0
58686 54
59234 55
59429 0
59464 56
59799 0
59851 56
59940 55
59955 0
60009 53
60217 55
60353 0
60520 53
60649 55
60679 0
60796 55
61111 0
61220 53
61297 54
61305 0
61612 53
61704 0
61718 56
61734 0
61856 53
61894 0
61925 54
61954 0
62007 54
62030 0
62078 53
62135 0
62250 53
62280 0
62430 53
62486 0
62496 53
62790 0
63007 54
63624 55
63890 55
63894 55
64026 0
64567 53
64676 0
65068 53
65223 53
65247 0
65271 53
65522 0
65601 54
66023 0
66025 54
66164 0
66351 56
66685 0
66692 53
66962 0
67001 53
67123 54
67461 0
67950 54
68246 53
68498 55
68529 0
68809 54
69293 54
69315 55
69510 55
69754 0
69939 54
69952 53
70212 0
70288 55
70523 0
70857 55
71111 0
71222 53
71400 54
71402 0
71426 55
71716 0
71799 54
72233 0
72570 53
72608 54
73076 0
74298 54
74547 0
74568 55
75023 0
75110 55
75436 56
75534 0
75564 56
75707 0
75977 53
76052 0
76145 54
76498 0
76663 54
76922 0
76935 54
77078 53
77177 54
77360 0
77636 54
77661 0
77886 54
78161 53
78578 0
78723 54
78756 0
78875 54
79235 55
79849 56
80128 0
80215 56
80390 0
80565 53
80818 0
81391 55
81405 0
81626 53
81847 55
81971 0
82427 54
82657 0
82823 56
82869 0
82952 55
83063 53
83120 53
83127 54
83138 0
83152 53
83160 53
83260 0
83583 55
83694 0
83954 55
84192 0
84641 53
84734 0
84737 54
84864 0
84907 54
84954 0
84963 55
85371 0
85448 54
85783 0
85949 54
86125 0
86346 56
86550 0
86909 54
87264 0
87307 55
88138 53
88221 0
89060 53
89184 0
89317 54
89355 0
89670 53
89955 0
90070 53
90121 54
90242 0
90282 56
90454 55
90503 53
90545 53
90623 0
90814 53
91537 0
91937 54
92423 0
92451 55
92571 53
92624 0
92631 55
93127 54
93212 56
93285 0
93478 54
93875 0
93953 54
93974 0
94223 55
94797 0
95189 53
95210 0
95364 55
95394 53
95594 0
95709 54
95996 0
96147 54
96788 0
96907 53
96979 0
97143 54
97382 0
97527 53
97532 0
97548 54
97824 55
98060 0
98319 55
98468 0
98768 54
98932 0
98958 53
99209 0
99711 56
99834 55
813 events for 2
41 76
251 0
253 72
516 0
540 76
751 0
786 76
954 0
1088 76
1148 76
1174 0
1209 76
1220 0
1295 76
1413 76
1461 0
1472 72
1555 76
1586 0
1600 72
1637 0
1641 76
1673 0
1675 76
1691 72
1722 76
1952 0
2013 76
2328 72
2573 76
2835 0
2919 72
3053 0
3091 76
3189 0
3292 72
3381 72
3442 72
3641 0
3776 76
3965 0
4035 72
4059 76
4122 76
4226 76
4271 76
4290 76
4624 72
4720 72
5064 0
5087 72
5358 0
5497 76
5567 0
5656 76
5722 76
5973 76
5992 72
6118 0
6130 72
6168 76
6270 0
6318 72
6365 72
6778 0
7021 76
7428 72
7497 0
8037 76
8039 0
8130 72
8307 0
8342 76
8422 72
8549 72
8672 0
8677 76
8959 0
8983 72
9125 72
9399 0
9448 76
9550 76
9842 0
9945 76
9990 0
10199 72
10222 76
10223 0
10497 72
10606 0
10689 76
10716 72
10883 0
10952 72
11013 0
11178 76
11222 0
11225 72
11226 0
11302 72
11369 72
11436 72
11472 0
12279 76
12660 76
12692 0
12701 72
12731 0
12898 72
12942 0
13122 72
13217 0
13268 72
13270 0
13457 72
13460 0
13549 72
13627 72
13642 0
13849 72
14080 0
14541 72
14650 0
14669 72
14690 0
14831 72
15058 0
15066 72
15071 0
15136 72
15184 76
15262 72
15339 76
15439 72
15441 76
15657 0
15675 76
15826 0
15992 76
16050 0
16096 72
16309 0
16550 72
16721 0
16743 76
17128 72
17266 76
17552 72
17613 0
17667 72
17712 0
17890 76
17891 76
18010 0
18106 72
18186 72
18347 0
18393 72
18460 0
18630 76
18712 0
18743 76
18856 0
19081 72
19252 0
19254 76
19417 0
19443 76
19499 72
19656 0
19674 72
19768 0
19811 76
19825 72
19916 72
20121 0
20176 72
20230 76
20393 76
20810 72
21068 0
21183 76
21208 76
21263 0
21425 72
21512 0
22075 72
22419 0
22561 76
22682 0
22767 76
22847 0
22920 72
22934 0
23268 76
23374 72
23487 0
23512 72
23570 0
23839 76
23862 72
24370 0
24411 76
24435 0
24550 72
24633 76
24658 72
24687 0
24690 76
24691 0
24880 72
24975 72
25232 76
25796 0
25927 76
25942 76
26006 0
26048 72
26057 0
26234 76
26316 76
26317 72
26434 76
26639 72
26843 0
26998 76
27088 0
27101 76
27154 0
27374 72
27459 0
27699 76
27735 0
27915 72
27964 0
27984 72
28160 0
28226 76
28570 0
28893 76
28941 0
29006 72
29095 0
29233 72
29250 0
29279 76
29677 72
29770 76
30185 72
30233 76
30387 0
30529 76
30568 0
30736 72
30909 0
30939 72
31672 72
31785 0
31886 72
31999 0
32042 76
32147 0
32721 76
32755 0
32800 72
32802 0
32958 76
33022 0
33023 76
33089 0
33113 76
33237 0
33452 72
33472 76
33594 72
33675 76
33688 76
33761 72
33890 0
34092 76
34316 76
34398 0
34552 72
34566 76
34569 0
34982 72
35015 0
35032 72
35138 0
35142 76
35299 76
35350 76
35827 0
36018 76
36037 0
36276 72
36555 76
36613 76
36620 0
36763 72
36791 72
36837 76
36891 0
37197 76
37282 0
37321 76
37383 0
37563 76
37577 0
37660 72
37742 0
37955 72
37992 0
38068 76
38120 0
38302 76
38450 0
38582 72
38663 76
38672 72
38981 0
39034 72
39266 0
39301 72
39383 72
39444 76
39577 0
39587 76
39613 0
39808 76
39873 0
40015 76
40313 0
40392 72
40407 72
40526 72
40579 0
40987 76
41469 76
41566 76
41798 0
41940 72
42022 72
42029 76
42188 0
42365 72
42372 72
42394 0
42660 76
42845 0
42877 72
42979 0
43029 72
43129 72
43260 0
43268 72
43330 76
43438 0
43441 76
43588 72
43649 0
43678 72
43745 0
43823 76
43905 0
44157 76
44214 0
44324 76
44328 0
44381 76
44393 0
44427 76
44429 76
44465 72
44554 0
44698 72
45026 72
45088 0
45121 76
45155 72
45455 0
45474 72
45500 0
45777 72
45880 0
46166 72
46363 0
46381 76
46394 0
46416 72
46436 72
46611 0
46873 72
46874 72
47161 0
47222 76
47693 0
47922 72
48000 0
48001 72
48328 76
48561 0
48616 72
48665 0
48829 76
48951 0
49161 76
49224 0
49252 72
49300 72
49306 0
49315 72
49382 76
49396 0
49495 76
49750 72
49788 0
49897 72
49979 76
50123 0
50269 76
50418 0
50472 72
50492 0
50637 76
50828 0
50938 76
50968 72
51021 0
51231 72
51278 76
51475 72
51531 72
51601 76
51660 0
51762 72
51854 0
52505 72
52510 76
52562 0
52563 76
52639 0
52641 76
52654 72
52737 72
52882 0
52919 76
52923 0
52960 76
52991 0
53213 72
53301 72
53372 0
53513 76
53565 0
54123 76
54182 0
54198 76
54636 76
54662 0
54890 72
54922 0
55020 72
55050 0
55121 76
55259 72
55326 0
55381 76
55393 0
55471 76
55623 0
55645 76
55690 76
56142 0
56334 72
56504 0
56527 76
56853 76
56980 0
57192 76
57729 0
57878 72
57989 0
58055 76
58118 72
58180 72
58490 0
58973 72
59114 0
59241 76
59273 0
59408 72
59467 76
59629 72
59742 0
59840 76
59841 0
59926 76
59971 72
60245 76
60352 72
60484 0
60515 76
60688 0
60690 76
60721 0
60835 76
60919 0
60998 72
61046 0
61224 72
61286 0
61344 72
61419 76
61433 0
61513 72
61900 0
62004 72
62013 72
62054 76
62126 76
62265 0
62450 72
62636 76
62657 0
62741 76
62775 0
63440 76
63704 76
63816 0
63820 72
63933 0
64119 72
64149 0
64200 72
64284 0
64392 72
64591 0
64862 76
64896 0
65303 76
65373 0
65375 72
65432 0
65469 76
65490 0
65617 72
65635 72
65700 72
65714 76
65724 76
65756 76
65786 0
66102 76
66177 0
66214 72
66240 0
66407 72
66446 72
66479 0
66514 72
66675 0
67002 72
67035 0
67197 72
67335 0
67631 72
67868 72
67976 72
68090 72
68115 0
68348 72
68427 76
68577 76
68664 0
68801 76
68897 0
69339 72
69385 0
69702 76
69721 0
69756 72
69834 0
69846 76
69858 0
70003 72
70183 0
70217 72
70271 76
70281 76
70381 0
70486 76
70749 76
70769 0
70805 76
70858 0
71042 72
71151 72
71587 0
71670 72
71798 72
71860 72
72275 72
72421 0
72434 72
72721 0
72738 76
72827 0
72882 72
72983 0
73331 76
73562 72
73565 0
73661 76
73779 0
73889 72
74019 0
74137 76
74490 76
74567 0
74767 76
74909 76
75294 72
75422 0
75476 72
75657 0
75668 76
75788 72
75879 0
76158 76
76568 0
76834 76
77048 0
77104 72
77280 0
77294 76
77411 72
77584 72
77594 0
77628 72
77629 0
77972 76
77975 0
78081 76
78240 0
78251 76
78415 0
78425 72
78498 0
78539 76
78728 0
78886 76
78901 0
79386 72
79416 0
79479 72
79524 0
79551 72
79552 76
79626 0
79689 72
79728 72
79849 0
79969 72
80303 72
80569 72
80576 72
80587 0
80983 76
81036 0
81143 72
81275 0
81494 76
81630 72
81696 72
81765 0
82222 72
82270 0
82401 72
82450 72
82627 0
83176 76
83549 72
83564 0
83979 72
84085 0
84182 76
84543 0
84578 76
84635 0
84642 76
84643 0
84665 72
84692 0
85116 76
85295 0
85654 72
85655 76
85792 72
85944 72
86370 0
86482 72
86650 0
86892 72
87115 76
87218 0
87357 72
87470 0
87497 72
87509 0
87510 72
87515 0
87522 76
87643 0
87656 76
87811 0
87918 72
88094 0
88140 76
88146 0
88442 76
88616 72
88632 0
88641 76
88851 0
88897 72
88987 0
89108 72
89147 0
89427 72
89467 0
89527 72
89592 0
89678 72
89764 0
89825 76
90058 0
90365 72
90551 0
90628 76
90748 0
90766 76
91037 0
91265 76
91423 72
91460 0
91722 72
91775 0
91778 76
91984 0
91989 76
92181 72
92433 0
92507 76
92532 0
92550 72
92674 0
92882 72
92887 0
93032 76
93211 72
93314 0
93329 76
93404 0
93639 76
94157 0
94158 76
94163 76
94202 0
94362 76
94642 72
94717 0
94833 76
94932 0
94945 76
95003 0
95253 76
95290 0
95374 76
95410 0
95582 76
95764 0
96113 72
96612 0
96712 72
96889 0
97034 76
97078 0
97432 72
97671 0
97710 72
97996 0
98095 72
98098 72
98138 0
98159 72
98187 76
98201 0
98337 76
98538 72
98708 0
99174 76
99215 76
99259 0
99270 72
99298 72
99305 72
99362 0
99366 72
99387 0
99554 72
99971 0
582 events for 3
254 62
291 0
366 68
570 0
769 68
979 62
1007 68
1076 0
1080 62
1682 0
1838 74
2141 62
2354 0
2651 52
2757 35
2999 0
3139 68
3140 0
3284 74
3434 0
3460 52
3485 0
3624 68
3717 0
3761 68
3865 52
4007 0
4220 35
4691 0
4827 35
4995 0
5303 62
5354 0
5383 62
5803 0
5835 52
6028 0
6077 35
6091 0
6200 52
6382 74
6665 0
6676 52
6714 52
6802 0
6915 62
6921 0
7326 74
7495 0
7514 62
7775 0
7844 35
7866 0
7929 68
8019 74
8161 0
8347 52
8481 0
8678 52
8843 0
8899 52
8970 0
9144 35
9256 52
9318 52
9495 52
9521 35
10054 62
10627 0
11033 35
11492 74
11554 0
11644 74
11948 0
12104 68
12192 0
12220 74
12377 0
12455 74
12831 0
12865 35
12967 0
13371 52
13389 0
14093 74
14333 0
14428 52
14612 74
14847 0
14898 62
14924 0
14929 68
15305 0
15390 35
15494 62
15556 0
15630 62
15643 0
15812 52
15870 35
15937 0
16012 74
16077 35
16232 0
16889 35
17049 0
17342 52
17616 0
18067 52
18161 0
18175 62
18454 0
18517 74
18526 74
19052 35
19066 0
19172 68
19248 0
20217 52
20286 0
20363 52
20491 0
20872 52
21530 74
21547 68
21626 0
21670 62
21851 0
21906 35
22138 0
22152 62
22175 52
22189 0
22750 74
22969 0
23511 35
23814 0
23827 74
23863 62
24201 0
24412 74
24487 62
24594 52
24680 0
24681 52
24906 0
24964 35
24988 68
25103 0
25154 62
25445 0
25460 62
25763 0
25790 68
25807 35
26041 0
26746 68
26930 35
27042 0
27079 62
27088 0
27558 35
27596 0
27911 62
27973 0
28016 35
28108 0
28613 74
28808 0
28982 52
29122 52
29614 0
29721 74
29808 35
29818 35
29863 0
29880 74
29916 35
30185 52
30578 0
31084 68
31126 0
31244 52
31325 0
31351 35
31443 0
31681 62
31859 0
31907 35
31947 0
32279 35
32439 0
32696 74
32899 0
32909 68
32927 62
33770 0
33812 62
33823 0
34070 35
34167 0
34420 62
34516 35
34986 0
35133 74
35165 74
35273 0
35521 68
35574 68
35601 0
35908 52
35915 0
35943 62
36134 0
36170 35
36322 0
36535 62
36738 52
36968 0
37377 62
37382 52
37459 0
37844 62
37925 74
38164 52
38282 0
38305 68
38399 0
38557 68
38731 0
38974 52
38975 0
39037 74
39060 0
39148 68
39155 0
39181 35
39325 0
39626 68
39743 68
39776 0
39794 68
39824 0
40125 68
40291 0
40592 35
40606 52
40972 52
40977 0
41054 68
41555 74
41799 35
41870 0
41908 68
41909 0
42059 62
42110 62
42205 0
42239 62
42483 0
42487 74
42696 74
43083 0
43245 74
43520 0
43751 68
43781 0
45028 68
45396 0
45469 35
45611 74
45687 0
45750 52
45883 0
45888 35
46074 0
46688 62
47007 62
47053 0
47065 52
47207 0
47610 62
47822 0
48067 35
48190 0
48219 52
48282 62
48344 0
48622 35
48689 0
48783 74
48922 0
49093 74
49129 62
49518 68
49566 0
50043 74
50119 62
50527 0
50657 52
50735 0
51121 62
51225 0
51334 35
51442 35
51660 68
52379 0
52519 35
52723 62
52897 0
52951 52
52995 0
53035 62
53135 0
53152 52
53242 62
53420 0
53532 68
53741 0
53801 35
53903 62
53914 0
54142 52
54203 68
54838 62
54885 0
54914 52
55140 0
55217 68
55763 0
55849 52
55860 0
55944 68
55962 0
56376 35
56700 0
56920 68
56958 0
57317 52
57342 0
57397 74
57513 62
57620 74
57622 0
57771 68
57930 0
58193 68
58380 0
58575 52
58610 0
58789 62
58810 0
58942 68
59030 0
59069 35
59389 68
59563 0
59726 74
59764 0
59814 35
59853 0
59962 52
59986 0
60393 74
60574 0
60674 52
61066 0
61500 35
61534 0
61946 62
62155 0
62721 35
62752 0
63258 35
63549 0
63841 35
64153 0
64211 52
64399 0
64735 35
64792 0
64950 68
64976 0
65006 52
65516 0
65905 68
65950 0
65994 35
65997 0
66004 68
66323 0
66448 62
66453 0
66573 52
66646 0
66904 74
67454 0
67495 52
67513 0
67628 52
68101 0
68531 74
68598 0
68821 35
68880 0
69110 68
69122 62
69216 0
69233 74
69320 0
69538 68
69541 0
69714 74
69747 0
69833 68
70044 0
70568 74
70681 0
70725 35
70955 0
71023 35
71245 68
71304 0
71425 35
71536 0
71539 35
71806 0
71976 35
72026 0
72222 74
72556 0
72820 52
73269 0
73509 74
73584 0
74983 52
75079 0
75439 52
75521 0
75904 62
76039 0
76260 62
76277 74
76382 0
76606 52
76926 0
77308 52
77497 0
77542 68
77608 0
77677 74
77799 0
77884 62
78042 62
78224 62
78338 62
78387 0
78601 35
78999 0
79260 74
79339 0
79407 62
79694 0
79898 62
79966 35
80190 0
80445 62
80584 0
80660 74
80702 0
80811 74
80841 0
81108 62
81167 0
81598 35
81955 0
82022 52
82054 68
82143 0
82288 68
82550 0
82596 68
82727 0
82749 68
82794 0
83169 68
83295 35
83579 0
83795 35
83952 0
84310 62
84462 68
84696 62
84776 0
85013 68
85055 62
85103 62
85235 0
85380 52
85521 0
85550 68
85946 0
86018 62
86052 0
86147 62
86852 0
86872 35
86947 0
87095 62
87530 0
87649 62
87882 68
87970 0
88249 74
88325 0
88330 62
88550 52
88573 0
88579 35
89203 0
89417 74
89491 0
89584 62
89668 0
89716 52
89962 0
89974 62
90097 0
90141 62
90151 0
90623 74
90638 0
90847 52
90946 0
91016 52
91092 0
91154 52
91554 68
91731 0
92094 62
92323 0
92420 62
92437 0
92586 62
92641 0
92909 68
93060 0
94065 52
94222 74
94284 0
94411 35
94708 74
94935 0
95191 74
95234 0
95331 35
95641 74
95827 0
95982 52
96032 0
96054 68
96170 0
96273 52
96461 0
96665 35
96762 0
96931 52
96993 0
97289 68
97328 0
97453 62
97673 0
97891 52
98431 68
98676 0
98734 35
98901 68
98921 0
99118 68
99133 0
99204 74
99743 0
275 events for 4
46 66
462 83
658 0
739 61
881 0
1343 83
1849 0
2038 83
2175 0
2271 61
2525 83
2578 0
2724 66
2856 61
3327 0
3334 83
3352 0
3806 66
4121 0
4145 83
4427 0
4859 60
6104 0
6560 61
6626 0
7547 60
7629 0
8280 61
8908 0
8955 61
9277 0
9427 61
10025 66
10549 66
10559 0
11588 83
12167 0
12369 83
12605 0
13004 61
13090 0
13103 83
13151 0
13555 66
13795 0
14294 61
14331 0
15069 61
15192 60
16668 0
16764 61
18134 0
18674 60
19045 0
19060 83
19569 0
19636 83
19880 0
19954 60
20187 66
20398 60
20560 0
21013 83
21040 0
21172 83
21183 61
21964 83
22127 0
22244 66
22291 0
22302 61
22429 66
22693 0
23451 83
23694 0
23852 83
23968 0
24473 66
24546 0
24613 83
24629 60
25131 0
25156 60
25306 61
25335 0
25455 83
25670 0
25928 61
26001 0
26435 61
27782 66
27994 0
28140 83
28494 0
28630 66
28675 0
29309 83
29368 0
29481 66
30092 0
30271 66
30617 0
31196 61
31755 0
31865 61
32373 0
32409 66
32480 66
33744 0
33957 61
34002 0
35030 61
35573 0
36099 61
36447 0
36571 83
36658 66
36684 60
37938 0
38292 66
38362 66
38675 0
38773 61
38944 0
39174 83
39437 0
39666 66
39922 0
40031 61
41001 0
41048 83
41346 0
41543 61
42558 60
42829 0
43381 83
43385 0
43425 60
43702 61
43818 0
43893 66
44075 61
44687 0
44738 83
46078 66
46094 0
46328 61
47359 0
47690 83
47780 83
48776 83
49631 61
50003 0
50051 66
51107 66
51484 83
51789 0
52390 61
52541 0
52789 83
53212 0
53418 66
53421 0
53611 60
54330 0
54547 61
54772 66
54946 60
55099 0
55553 66
56028 0
56335 83
57289 0
57409 61
57706 0
57762 83
58754 61
58866 0
58964 60
58965 60
59112 83
59225 60
59830 83
60564 0
60816 83
61236 0
61989 60
62850 0
63240 83
63257 0
64178 66
64433 83
64629 60
65576 60
65601 0
65976 83
67006 0
67193 66
67454 0
67534 83
67814 0
68491 83
68508 0
69021 66
69122 0
69722 66
69766 66
69841 66
69948 60
70145 0
70571 66
72195 0
72321 66
72639 83
73103 0
74107 66
74968 0
75097 66
75135 61
75297 0
75346 66
75415 0
77598 61
78318 0
78339 60
79431 0
79913 60
80273 0
80761 61
81059 0
81539 61
81816 0
82091 66
82138 0
82172 60
82704 66
82911 0
83078 60
83241 0
83395 60
83826 60
84010 0
84015 61
85615 0
87607 66
88376 0
88399 83
88747 0
89388 61
89395 61
90159 66
91538 0
91863 61
92204 0
92570 60
92760 60
92949 0
93063 60
93689 0
93767 83
93818 0
94483 66
94505 83
94962 0
94997 83
95066 0
95576 61
96761 0
97170 60
97309 0
97541 60
98378 0
98712 66
99326 0
99966 61
942 events for 5
43 58
349 23
429 58
1004 0
1074 73
1160 0
1196 58
1343 0
1437 19
1471 0
1529 67
1575 0
1643 31
1719 0
1775 67
1960 0
2334 58
2464 0
2548 18
2616 73
2620 0
2661 41
2666 0
2876 31
2918 0
3174 73
3178 0
3181 19
3301 23
3701 0
3914 73
3944 73
4185 41
4546 18
4668 0
4733 23
4772 0
4796 18
4838 0
4868 73
4904 0
4933 23
5015 0
5090 73
5119 51
5202 0
5313 23
5610 0
5642 67
5885 0
5937 73
6011 0
6189 31
6742 0
6750 23
6869 0
6972 19
7020 31
7274 0
7657 23
7681 0
7694 19
7727 0
7760 41
8054 0
8064 23
8086 0
8108 33
8156 0
8252 67
8443 0
8812 67
8842 23
8955 0
9039 18
9068 0
9112 31
9301 33
9319 0
9553 51
9659 0
9895 73
9977 0
10000 73
10146 19
10346 73
10353 0
10393 67
10480 33
10510 33
10512 0
10748 33
10866 0
10929 23
10964 0
11319 51
11567 0
11673 23
11830 0
11846 73
11955 0
11980 19
11981 33
12134 51
12165 0
12196 19
12352 0
12371 67
12389 0
12474 18
12642 0
12793 33
12875 0
12911 18
12916 31
12966 0
12990 19
13088 0
13189 73
13249 0
13367 67
13529 41
13548 41
13882 0
13905 58
13939 0
13990 73
14029 58
14330 0
14503 41
14534 31
14835 58
14850 0
14861 41
14869 18
15124 0
15187 19
15257 0
15265 73
15321 0
15370 41
15473 0
15502 58
15760 33
15947 0
15956 33
16010 0
16064 19
16305 41
16447 58
16700 31
16894 0
16909 18
16913 51
16927 0
17030 41
17093 51
17115 73
17128 33
17155 0
17223 41
17266 0
17299 51
17363 0
17411 51
17557 0
17601 51
17641 33
17662 73
17713 0
17757 58
17782 0
17870 23
17912 58
18326 0
18483 73
18543 0
18546 19
18816 0
18890 23
19001 0
19052 51
19075 18
19207 0
19365 19
19398 51
19404 73
19453 0
19492 73
19522 67
19586 0
19666 19
19741 0
19770 31
19884 41
19935 33
20057 23
20147 0
20203 41
20313 0
20441 19
20445 58
20524 41
20565 0
20639 23
20685 0
20719 73
20861 18
20879 0
20896 67
20947 23
20951 0
21036 73
21087 0
21164 73
21215 19
21260 0
21292 18
21656 0
21666 18
21946 0
21963 33
22211 0
22267 73
22538 0
22633 58
22637 0
22992 18
23139 0
23653 41
23705 0
23713 41
23779 31
23952 0
24126 23
24216 0
24294 41
24321 0
24329 19
24489 73
24492 0
24843 33
24937 0
24969 73
25063 0
25135 33
25209 51
25289 0
25395 51
25411 58
25491 0
25548 31
25806 18
25843 0
25915 18
25963 0
25976 23
26025 41
26134 67
26154 0
26215 31
26237 0
26252 33
26346 0
26501 19
26619 0
26774 31
26928 0
26946 41
26963 0
26988 31
27256 0
27299 23
27313 0
27469 41
27619 0
28155 58
28159 19
28454 0
28546 18
28693 51
28812 58
28874 0
28977 19
29035 0
29317 31
29390 0
29393 33
29396 0
29445 23
29457 31
29753 0
29771 23
29827 0
29862 73
30005 0
30010 23
30119 0
30530 67
30568 0
30705 41
30719 0
30888 19
31021 0
31261 58
31297 0
31490 41
31545 0
31549 31
31783 0
31801 23
31897 0
32063 31
32119 73
32374 0
32500 41
32508 0
32539 73
32800 67
32846 0
32898 41
32965 0
33006 58
33008 0
33120 41
33175 51
33230 0
33411 23
33434 0
33620 67
33644 0
34024 31
34061 0
34110 58
34133 0
34307 23
34530 0
34702 31
34817 0
34888 33
35145 41
35222 73
35281 67
35323 0
35424 73
35449 0
35555 51
35806 0
35874 33
36102 0
36204 51
36248 0
36740 33
36765 0
36771 31
36812 19
36963 31
37053 0
37182 33
37665 0
38128 33
38189 0
38199 19
38247 0
38555 18
38565 0
38612 73
38796 0
38863 18
39129 0
39266 23
39333 0
39453 18
39699 0
40185 33
40222 0
40234 58
40238 0
40349 41
40373 73
40462 33
40571 0
40790 67
40827 0
41251 31
41278 0
41294 23
41421 0
41513 33
41628 0
41638 51
42085 19
42099 41
42539 33
42556 33
42698 0
42763 23
42801 0
43201 67
43312 0
43320 41
43436 0
43537 19
43547 0
43589 33
43618 0
43632 41
43785 51
43855 0
44073 51
44102 67
44258 0
44346 41
44355 19
44462 0
44480 33
44494 0
44511 23
44793 0
45047 73
45143 0
45152 23
45346 0
45353 67
45490 0
45733 41
45768 0
45786 58
45805 73
45885 33
46072 31
46081 0
46142 31
46222 0
46233 58
46309 0
46412 19
46637 0
46752 51
46843 33
46940 51
46959 51
47031 0
47168 33
47266 0
47298 41
47311 0
47378 23
47423 0
47450 18
47495 0
47540 73
47616 73
47668 0
47815 73
47861 31
48164 0
48229 31
48434 0
48480 19
48525 0
48658 67
48812 0
48870 18
48874 33
49058 0
49106 41
49131 0
49182 58
49258 41
49262 0
49528 33
49752 0
49859 33
49901 0
49915 31
49982 0
50005 19
50169 0
50405 31
50519 0
50547 73
50730 31
50750 0
50881 18
50995 0
51005 19
51043 0
51180 19
51348 0
51364 73
51437 0
51667 58
51722 51
51726 23
51875 67
51998 0
52143 23
52360 0
52417 67
52460 0
52638 18
52658 0
52777 58
53093 0
53248 58
53588 0
53690 51
53762 0
53862 33
53946 31
54082 18
54154 0
54178 31
54206 0
54223 58
54439 18
54580 0
54597 19
54665 0
54857 41
55010 0
55045 23
55174 0
55231 31
55322 18
55355 0
55406 18
55523 0
55741 18
55868 0
56086 51
56159 18
56336 51
56429 0
56475 19
56508 0
56626 41
56770 0
56848 51
57004 31
57076 0
57184 33
57348 0
57495 58
57519 0
57558 19
57669 0
57761 58
57791 58
57889 0
57954 23
58118 0
58180 73
58342 0
58384 33
58409 0
58543 23
58816 0
58932 51
59015 0
59024 58
59026 0
59029 67
59060 0
59121 67
59415 51
59446 0
59577 19
59594 0
59844 58
59895 19
59979 0
60116 73
60356 0
60400 58
60606 0
61087 58
61206 23
61299 0
61430 67
61652 0
61657 41
61775 41
61937 0
62075 33
62330 0
62515 19
62625 58
62750 0
62807 19
62809 0
62817 67
62891 31
62924 0
62986 23
63067 0
63343 58
63399 0
63465 67
63475 0
63669 58
63913 0
63919 58
63938 0
63990 51
64662 0
64747 73
64864 0
65032 51
65042 0
65435 33
65463 23
65600 0
65617 73
65682 23
65790 0
65796 73
65804 0
65830 23
65931 67
66080 0
66178 41
66524 0
66544 33
66553 0
66564 19
66681 0
66735 51
66805 33
66867 0
66891 58
67079 0
67182 41
67215 18
67342 23
67545 0
67684 31
67839 0
67872 73
67882 0
67969 41
68010 0
68026 51
68139 0
68358 51
68419 23
68502 0
69401 51
69565 0
69701 31
69842 0
69950 51
70184 0
70252 41
70284 0
70343 19
70427 58
70443 0
70763 31
70766 0
70943 31
71040 0
71063 19
71121 0
71518 73
71563 0
71711 73
71737 0
71863 31
71864 0
71903 73
72052 19
72140 0
72147 58
72303 0
72383 19
72780 0
72790 73
73217 0
73230 23
73403 0
73441 33
73681 0
73725 67
73801 41
73887 0
74011 23
74130 31
74234 0
74279 18
74336 33
74448 0
74528 33
74759 0
74937 51
75180 18
75197 0
75230 18
75481 31
75624 0
75628 58
75629 0
75742 31
75824 0
75930 41
76093 67
76211 0
76470 41
76516 58
76573 0
76594 18
76639 0
76802 51
76950 0
77114 33
77132 0
77390 58
77469 0
77558 67
77570 0
77606 33
77753 0
77886 18
78014 0
78152 67
78206 0
78211 58
78342 0
78385 73
78399 41
78450 0
78486 73
78495 51
78508 0
78610 51
78886 18
79200 0
79262 41
79281 0
79390 33
79414 0
79416 67
79772 0
79830 18
79871 0
80023 51
80161 0
80179 33
80526 0
80533 33
80572 0
80587 33
80853 33
80966 51
80994 0
81142 51
81377 0
81461 19
81529 67
81622 51
81624 0
81659 31
81863 0
81968 67
82331 0
82339 73
82382 19
82635 23
82673 0
82696 31
82712 0
82762 41
82883 0
82940 33
83003 0
83032 18
83056 19
83284 0
83289 41
83416 0
83418 18
83563 67
83708 73
84030 51
84172 73
84186 0
84991 33
85038 19
85273 0
85481 31
85500 0
85626 31
85854 67
85936 0
85965 41
86014 0
86136 19
86234 0
86459 18
86522 0
86551 41
86628 51
86642 0
87013 67
87186 0
87350 19
87374 0
87494 73
87557 0
87718 18
87743 0
87745 67
87767 31
87944 0
88042 67
88065 0
88219 23
88308 0
88482 41
88562 41
88682 0
88685 19
88777 19
88833 51
88949 0
89033 19
89250 0
89341 51
89466 18
89516 0
89711 41
89844 67
89857 0
89963 19
90203 0
90233 73
90309 67
90320 0
90415 18
90470 31
90471 0
90543 19
90563 58
90589 31
90610 0
90663 33
90764 0
90833 67
90893 0
91141 67
91221 0
91249 33
91302 0
91366 18
91384 0
91426 58
91570 0
91619 58
91670 18
91755 0
91837 41
91951 0
91992 58
92221 19
92335 31
92417 58
92882 0
93088 73
93190 0
93226 73
93453 0
93837 58
93871 0
93885 51
93901 67
93902 67
94136 0
94164 41
94198 41
94243 0
94322 31
94381 0
94592 31
94660 67
94836 19
94895 0
94957 31
95181 0
95188 58
95328 31
95354 0
95463 18
95476 51
95496 0
95589 31
95590 0
95640 51
95912 0
95954 33
95964 0
96043 73
96199 0
96228 73
96246 67
96254 0
96303 23
96324 67
96334 0
96401 33
96506 0
96561 51
96702 0
96796 31
96812 19
96860 0
96999 23
97008 67
97236 0
97300 33
97360 19
97517 0
97637 51
97643 0
97801 51
98094 41
98142 0
98347 67
98612 0
98738 19
98742 33
98811 23
98998 0
99040 51
99219 0
99533 67
99565 0
99683 23
99700 0
99714 51
99797 0
99878 67
942 events for 6
271 47
309 0
475 36
737 0
953 47
1099 0
1112 47
1126 0
1130 36
1164 65
1167 76
1271 0
1282 65
1532 76
1590 0
1825 38
2105 0
2321 47
2430 0
2456 38
2545 65
2636 0
2867 54
3048 0
3204 36
3217 0
3335 54
3358 0
3464 54
3554 0
3625 76
3928 0
3938 66
4223 0
4329 36
4532 47
4601 47
4607 66
4657 0
4731 47
4825 38
4914 0
4927 65
5053 0
5201 47
5583 0
5638 36
5651 36
5676 76
5756 0
5769 65
5891 0
5944 47
6105 54
6126 0
6168 54
6537 54
6681 0
6787 38
6823 0
7216 66
7363 66
7374 36
7467 0
7584 65
7678 0
7774 54
7872 0
7883 54
7898 0
8028 54
8071 0
8311 36
8445 0
8466 66
8479 0
8614 54
8777 0
8778 54
8790 47
8952 0
9029 36
9293 0
9462 54
9729 47
9760 66
9790 38
9991 0
10068 38
10119 0
10143 76
10186 0
10449 65
10487 38
10512 36
10588 66
10687 0
10775 76
10795 0
10843 54
10907 36
10920 76
11082 76
11190 0
11406 36
12328 0
12402 76
12553 76
12690 0
12697 38
12989 0
13047 76
13049 0
13128 54
13185 65
13256 0
13315 36
13487 0
13641 36
13769 47
14051 47
14267 0
14268 66
14367 0
14517 65
14687 0
14730 65
14785 0
14898 47
14961 66
15061 47
15084 0
15270 38
15280 0
15288 47
15381 0
15473 47
16063 0
16422 54
16453 65
16579 0
16649 65
17061 0
17152 66
17261 66
17334 47
17540 47
17754 0
17791 38
17807 0
17851 54
18095 0
18149 47
18164 66
18358 36
18569 47
18645 54
18666 0
18822 66
18909 65
18931 76
18939 0
18948 47
19090 0
19242 47
19352 0
19360 65
19397 0
19473 66
19546 36
19711 0
19849 54
20049 0
20052 36
20088 36
20104 0
20195 36
20290 66
20312 65
20414 38
20554 0
20587 65
20646 0
20939 66
21106 0
21230 36
21287 0
21305 36
21367 0
21457 66
21460 54
21554 0
21556 66
21671 65
21759 0
21800 66
21973 0
21976 66
22006 36
22144 0
22195 76
22233 0
22324 66
22335 38
22475 0
22548 38
22553 0
22642 36
22725 47
22846 0
23165 36
23189 0
23275 54
23483 0
23491 66
23610 0
23877 76
24263 0
24396 36
24565 0
24711 36
24914 38
24929 47
25064 47
25107 0
25182 66
25222 0
25272 47
25327 0
25563 66
25669 0
25892 47
25924 54
25995 0
26411 36
26539 36
26806 0
27022 54
27063 0
27075 47
27270 0
27464 38
27960 0
27975 54
28066 76
28269 0
28293 38
28419 0
28511 36
28663 65
28728 0
28814 47
28969 47
29096 0
29124 38
29161 0
29212 36
29249 0
29341 76
29421 76
29672 0
29943 47
30030 38
30077 54
30121 0
30343 54
30658 0
30743 66
30873 47
30920 0
31215 47
31344 0
31632 47
31766 47
31798 0
32101 76
32148 0
32189 76
32250 65
32314 36
32323 38
32430 0
32722 54
33049 0
33090 76
33092 0
33262 65
33284 0
33413 65
33660 0
33880 66
33949 54
34012 0
34072 66
34097 0
34238 54
34337 36
34390 0
34431 76
34549 0
34568 66
34607 0
35100 47
35126 0
35249 36
35262 76
35326 0
35484 54
35502 36
35573 36
35738 47
35748 66
35837 0
36031 47
36045 0
36188 36
36263 0
36398 66
36457 0
36470 38
36665 38
36687 0
36697 47
36919 0
36927 47
36948 36
37042 0
37081 38
37089 38
37119 0
37213 36
37216 0
37316 65
37393 0
37545 54
37723 0
37822 76
37830 65
37866 0
37880 66
37937 0
37943 54
38072 0
38082 54
38170 0
38205 38
38336 0
38661 76
38724 47
38880 76
38974 76
39247 0
39253 38
39300 0
39318 54
39355 0
39479 65
39495 0
39544 65
39733 54
40001 76
40133 0
40310 54
40549 0
40550 38
40645 36
41025 0
41089 54
41128 0
41181 66
41311 0
41534 76
41542 47
41673 0
41759 38
41972 0
42413 76
42676 0
42678 65
42728 0
42881 66
42886 36
43007 0
43371 54
43467 54
43472 47
43696 0
43708 66
43720 0
43816 38
44282 0
44574 76
44704 66
44793 0
44799 54
44859 0
45037 76
45092 0
45103 47
45283 0
45490 54
45839 54
45857 0
45957 47
46064 0
46156 47
46215 0
46235 66
46399 0
46472 36
46537 36
46757 0
47066 65
47129 0
47249 65
47277 38
47280 76
47342 0
47394 47
47418 0
47678 66
47706 0
48056 47
48252 0
48724 54
48806 0
48901 66
48971 0
48973 47
49179 0
49445 38
49642 0
49678 66
49726 76
49770 0
49828 36
49834 0
49926 36
49955 0
50021 66
50230 0
50258 36
50421 0
50593 76
50604 38
50654 76
50706 0
50728 47
50804 0
50808 76
50889 66
50917 0
51203 76
51216 38
51236 0
51273 76
51315 65
51331 66
51340 0
51533 47
51703 0
51731 47
51788 76
51896 0
52014 47
52472 0
52473 76
52493 0
52571 36
52683 54
52697 0
52706 47
52817 66
52927 0
53180 47
53191 65
53220 0
53251 66
53377 0
53606 38
53615 76
53660 38
53688 0
53692 36
53754 0
53776 36
53823 0
53943 66
54240 0
54418 38
54604 36
54691 38
54932 0
55070 47
55139 0
55261 54
55271 0
55447 54
55657 0
55687 38
55788 0
55926 36
55957 0
56006 66
56237 0
56251 66
56410 0
56451 54
56812 0
56861 47
56862 0
57046 38
57277 65
57300 65
57333 0
57546 47
57731 0
57835 65
57880 65
57899 76
58197 38
58207 0
58228 38
58353 0
58410 36
58416 0
58445 76
58542 0
58640 36
58776 0
58814 66
58865 0
58869 65
58921 0
59133 36
59232 47
59304 66
59327 38
59329 0
59347 65
59407 0
59548 36
59692 0
59778 47
59924 0
59981 36
60000 0
60114 65
60290 0
60575 47
60663 66
60711 0
60771 66
60807 0
60836 36
61039 0
61352 38
61367 0
61427 65
61434 0
61679 47
62202 0
62721 65
62722 0
63052 36
63112 0
63123 36
63140 38
63141 54
63218 76
63287 0
63501 36
63583 0
63687 36
63846 36
63914 76
64046 0
64059 76
64283 0
64301 36
64377 0
64473 66
64527 0
64671 36
64700 0
65256 36
65340 38
65352 0
65431 36
65476 38
65542 76
65739 0
65774 54
65827 54
65951 66
66152 0
66445 65
66545 0
66579 66
66587 0
66677 54
66711 0
66772 38
66845 0
66916 66
66936 0
66956 38
67048 0
67118 66
67122 65
67136 0
67176 38
67264 0
67273 54
67300 0
67905 76
67987 0
68002 47
68077 0
68130 36
68261 0
68456 54
68687 0
68702 66
68748 47
68750 0
68803 65
68889 0
69123 36
69247 0
69367 54
69383 47
69395 0
69680 65
69725 0
69765 66
69788 0
69789 65
69834 0
70225 38
70245 0
70379 47
70413 0
70495 38
70578 76
70675 76
70793 54
70804 0
70881 36
70924 0
70968 65
70974 0
71009 36
71051 0
71183 38
71236 0
71256 38
71263 0
71483 36
71589 0
71807 65
71972 0
72080 66
72117 0
72294 38
72297 0
72477 36
72663 54
72901 0
72977 76
73041 0
73126 76
73159 54
73161 47
73194 0
73203 65
73281 0
73385 36
73471 76
73659 0
73780 76
73795 0
73815 65
73896 0
73987 36
74035 0
74051 38
74118 0
74176 38
74347 47
74372 0
74773 54
74781 65
74804 38
74914 0
75046 38
75172 65
75402 0
75446 54
75564 0
75879 47
76030 0
76190 38
76233 0
76267 47
76283 54
76571 0
76714 38
76785 0
76805 66
76992 47
77305 0
77382 76
77486 65
77695 0
77699 47
77725 0
77735 36
77899 0
78007 65
78105 0
78197 36
78301 0
78579 54
78640 0
78659 66
78856 47
79083 0
79254 54
79337 36
79668 0
79880 36
79909 0
79970 36
80072 0
80203 76
80272 0
80338 36
80374 0
80377 65
80475 0
80506 38
80661 0
80740 54
80745 0
80876 76
81203 0
81204 66
81248 66
81416 0
81442 76
81459 0
81498 54
81720 65
81831 0
82230 66
82235 0
82258 54
82380 0
82512 76
82535 0
82542 36
82641 0
82728 54
83210 38
83226 38
83458 0
83521 36
83613 66
83694 76
83744 0
83886 66
83914 0
83938 66
84051 0
84606 54
84678 0
84825 54
84843 0
84891 47
85009 65
85040 36
85147 65
85255 0
85503 38
85559 54
85605 54
85656 0
85803 76
85849 0
85850 76
85891 0
86070 36
86149 0
86169 47
86229 0
86302 65
86311 0
86557 36
86593 36
86691 0
86931 36
87137 0
87204 38
87706 36
87796 47
87908 0
87914 76
87927 0
88041 76
88152 0
88326 47
88330 0
88406 65
88561 0
88579 47
88606 0
88698 65
89032 0
89048 76
89153 0
89165 54
89188 0
89225 47
89268 0
89297 54
89501 65
89667 38
89756 0
89984 47
90131 0
90259 66
90353 0
90452 65
90459 65
90502 0
90535 54
90593 0
90647 66
90930 0
91210 38
91214 0
91246 65
91504 0
91510 76
91794 36
91844 0
92051 76
92060 66
92176 54
92187 76
92434 66
92507 0
92576 66
92639 0
92797 36
92848 76
93029 0
93075 36
93117 0
93136 36
93362 0
93570 65
93712 0
93983 66
94095 65
94176 0
94231 66
94246 0
94410 66
94456 0
94503 38
94573 0
94579 47
94624 0
94994 36
95090 0
95167 76
95195 38
95277 0
95308 76
95403 0
95455 65
95522 0
95537 47
95584 0
95598 65
95605 66
95625 38
95708 36
95854 0
95979 76
96008 76
96066 0
96112 38
96172 0
96296 54
96334 0
96356 47
96363 47
96388 0
96483 47
96567 0
96716 38
96792 0
96846 36
96860 0
96915 47
97052 0
97098 65
97152 0
97263 47
97321 0
97476 38
97490 0
97502 54
97574 0
97878 36
98036 0
98094 54
98099 0
98165 76
98174 0
98273 54
98476 0
98496 47
98636 0
98681 38
98684 0
98820 36
98897 0
99124 54
99364 54
99414 0
99476 36
99528 0
99589 66
99644 0
99758 65
99805 65
99970 0
99979 66
132 events for 7
2137 81
2554 0
2580 62
2786 0
2951 62
3653 40
3776 0
4546 81
5816 0
5866 69
7558 0
10448 37
10764 0
11691 81
12634 69
12862 66
12950 0
13535 62
14162 69
16019 0
16289 81
16470 0
16598 66
16882 0
17294 40
18545 0
19169 66
19824 0
20776 69
21113 0
21542 69
22626 66
24322 0
24377 40
24972 0
25567 37
26077 0
27126 66
27326 0
28226 37
28401 0
29566 62
29754 0
29945 72
30303 66
31260 0
31455 62
31887 37
31942 0
32975 69
33723 72
34701 0
35138 72
35143 37
35576 0
35712 37
37172 0
37449 62
38780 0
39505 40
40243 81
40361 0
40487 37
40812 40
40993 0
41517 69
42070 0
45174 37
46088 0
46126 72
47544 0
48072 72
48478 0
49839 69
50034 0
50391 40
51973 40
52774 0
53435 66
53475 0
53562 40
53990 0
54307 81
54547 37
56062 0
56630 72
59692 37
61179 62
62379 0
63422 66
63675 37
63971 0
67264 62
67805 0
68406 62
69911 69
70761 0
71032 62
71296 40
72348 0
76489 66
77693 0
77707 66
77715 0
77924 62
78538 0
78950 37
79161 0
79264 66
79504 72
80713 0
82458 69
84569 0
84865 62
85756 0
86052 72
87261 0
87944 37
87947 37
88859 0
89002 62
90761 0
91267 37
91703 0
91912 37
94311 0
94427 81
95041 81
95633 72
96168 66
97372 66
98952 72
