16 buffers
480310 19700
305323 40455
548612 92866
592587 115987
921116 94051
664498 50576
548431 80463
265686 21661
931659 4624
355705 26275
657417 40712
375916 38841
469168 42993
943466 119522
472241 48643
366998 31130
20 downlinks
0 750 5000 833
1 5750 10000 575
2 10750 15000 628
3 15750 20000 664
4 20750 25000 724
5 25750 30000 693
6 30750 35000 768
7 35750 40000 779
8 40750 45000 598
9 45750 50000 590
10 50750 55000 701
11 55750 60000 662
12 60750 65000 572
13 65750 70000 637
14 70750 75000 791
15 75750 80000 628
16 80750 85000 604
17 85750 90000 650
18 90750 95000 643
19 95750 100000 624
419 events for 0
312 25
357 0
757 67
936 0
1099 87
1225 0
1500 87
1553 0
1585 25
1806 0
1995 44
2279 0
2583 67
2615 67
2653 0
2811 87
2843 0
2976 40
3179 0
3338 72
3491 72
3651 0
3902 25
4019 25
4216 0
4378 72
4471 0
4508 25
4819 0
4954 87
5207 0
5216 25
5282 0
5343 44
5563 0
5675 87
5851 0
6015 25
6054 0
6082 87
6509 0
6605 44
7403 0
7462 40
7571 0
7617 25
7760 0
8403 40
9019 0
9131 67
9202 0
9325 87
9382 0
9569 72
9737 0
9869 87
9931 44
10376 0
10432 25
10591 0
11117 44
11222 0
11232 44
11287 0
11446 67
12183 0
13102 72
13170 0
13333 87
13475 0
13917 87
13984 25
14197 0
14266 87
14733 0
15146 87
15194 0
15248 72
15420 67
15488 0
15748 44
15781 25
15943 40
16017 87
16082 0
16280 87
16993 0
17481 44
17903 87
18072 44
18357 25
18485 44
18606 0
18961 87
18987 0
19223 25
19416 0
19700 44
19760 0
20095 25
20303 87
21154 0
21282 87
21518 44
22255 25
22808 0
23244 67
23312 0
23574 87
23647 0
24033 67
24301 0
24750 72
24765 0
25086 40
25115 0
25500 67
25570 72
25641 0
26403 87
26780 0
27272 67
27615 87
28421 0
28699 67
28887 0
29080 44
29099 44
29351 0
29784 25
30230 87
30244 0
30671 87
30729 0
30985 25
31426 87
31509 0
31704 25
32146 0
32316 72
32357 44
32604 0
32675 25
32955 0
32961 72
33503 0
33776 25
34058 0
34185 67
34325 72
34373 0
34576 25
34706 25
34746 67
34769 25
34975 0
35234 25
35386 0
35526 25
35753 0
36001 67
36031 0
36112 72
36144 0
36324 40
36370 0
36552 67
36744 25
36921 67
37070 0
37117 40
37236 40
37520 25
37703 25
38040 0
38454 67
38791 0
39076 67
39430 0
39537 44
39561 0
39571 67
40674 0
40731 67
41318 87
41935 0
41982 44
42087 87
43118 0
43196 72
43262 0
43353 25
43892 0
44006 67
44199 0
44515 87
44691 44
44773 0
45192 67
45299 0
45449 72
45588 40
45624 0
45630 87
45665 44
45788 0
46921 72
47065 0
47357 67
47615 0
47819 87
47961 0
48251 44
48562 0
48729 72
48818 40
48981 0
49161 72
49697 67
49955 44
50199 44
51660 0
51893 44
51967 0
52125 44
52734 0
52845 44
52894 72
52987 25
52994 0
53253 44
53385 25
53545 25
53974 0
54135 72
54297 0
54388 40
54631 0
55309 72
55346 0
55444 44
55462 0
55780 87
55990 0
56003 44
56134 72
56277 0
56309 72
56770 0
57233 40
57311 0
57392 87
58030 44
58077 87
58496 0
58641 67
59155 0
59478 40
59535 0
59690 40
59783 0
59795 87
59840 40
59870 0
59882 87
59962 0
60218 87
60696 0
60778 40
60800 0
60936 72
61673 0
61750 25
62086 40
62291 0
62408 44
63037 0
63308 44
63899 0
63935 40
64363 25
64515 0
64716 67
64908 0
65080 67
65168 44
65202 0
65805 44
65866 0
66370 87
66385 40
66445 0
66461 40
66503 0
66737 25
66840 0
67322 40
67527 0
67613 72
67777 0
67801 25
68206 40
68305 0
68476 67
68686 0
68688 25
68805 67
68881 0
69078 25
69135 0
69610 44
69856 72
69889 0
69950 72
69966 0
69994 72
70584 0
70592 72
70869 0
71781 72
72113 0
72414 72
72881 0
73520 40
73565 25
73737 44
73767 0
73948 40
74093 0
74915 25
75345 0
75632 44
76043 0
76159 40
76321 0
76384 40
76885 25
76961 0
77201 44
77239 0
77253 67
77411 0
77422 72
77652 0
77711 72
77854 0
77899 67
77943 0
78180 44
78314 0
79243 44
79305 0
79811 72
79936 0
80313 67
80758 44
81324 0
82339 44
82424 67
82801 0
83626 25
83774 40
84536 0
85268 40
85712 0
85747 72
85763 44
85906 0
85971 72
85989 67
86240 0
86291 25
86530 0
86592 67
86854 67
86965 0
87040 72
87082 0
87198 87
87545 0
87664 44
87767 0
87810 72
88279 0
88732 67
89515 0
89521 72
90530 0
90720 67
91163 25
91573 44
92075 0
92150 87
92293 87
92615 44
93383 0
93519 87
93678 72
93711 0
93774 67
93831 0
94171 67
94807 0
95255 25
95730 0
95776 87
95800 0
96867 72
96886 0
97593 67
97599 25
97634 0
98581 87
98669 0
99088 87
99300 0
99414 67
99910 25
99917 72
935 events for 1
98 33
178 0
233 28
412 0
458 35
516 0
573 35
580 0
619 35
692 0
761 35
881 0
1160 35
1245 0
1385 24
1464 24
1555 0
1587 24
1777 44
1794 20
1918 0
1993 35
2004 33
2161 0
2195 35
2196 0
2280 33
2302 0
2338 20
2452 0
2601 35
2691 0
2768 35
3059 44
3069 44
3260 0
3354 20
3437 0
3623 33
3653 44
3848 35
4003 0
4017 33
4463 0
4656 35
4726 0
4816 28
4853 24
4859 44
5309 35
5439 0
5661 35
5662 35
5676 0
5696 35
5716 0
5928 33
6023 0
6032 24
6042 28
6445 24
6533 0
6665 33
6690 0
6836 35
7580 0
7917 33
7956 0
8060 28
8132 0
8203 44
8207 0
8343 28
8629 0
8638 33
8720 28
8724 0
8800 35
9086 20
9103 0
9205 35
9399 0
9427 28
9513 0
9575 33
9789 33
9959 0
9984 33
10012 0
10330 28
10353 24
10428 0
10538 28
10540 0
10719 44
11236 0
11279 24
11346 0
11631 20
11659 28
11926 0
12000 28
12013 0
12102 44
12156 0
12214 35
12266 0
12392 24
12467 0
12705 44
12761 0
12884 35
12977 0
13044 28
13064 35
13066 0
13076 44
13238 28
13283 0
13308 28
13333 28
13376 0
13396 35
13443 0
13486 35
13700 0
13714 28
13723 0
13728 33
13760 0
14005 33
14127 0
14230 28
14606 0
14916 35
15073 0
15226 35
15353 0
15411 33
15412 0
15505 28
15572 0
15575 33
15583 0
15592 44
15634 35
15851 24
16124 20
16313 0
16437 35
16469 28
16515 0
16560 24
16644 0
16743 35
16910 28
16931 28
16967 0
16971 24
16984 0
17135 24
17197 0
17362 20
17366 0
17505 33
17527 28
17764 33
17774 44
18177 0
18424 20
18462 28
18481 0
18629 35
18929 0
19021 44
19029 0
19035 28
19040 33
19055 0
19149 20
19192 0
19267 35
19334 0
19344 44
19447 24
19694 28
19738 20
19821 44
19838 0
19907 44
20233 0
20251 35
20387 0
20414 44
20416 35
20479 0
20535 20
20566 0
20736 28
20760 0
20778 28
20828 0
20991 20
20992 0
21107 44
21287 44
21401 0
21416 33
21440 0
21450 33
21632 0
21735 24
21979 0
22036 24
22066 0
22385 28
22441 0
22590 24
22742 0
22774 28
22963 0
23037 33
23117 35
23221 20
23259 0
23831 20
23987 0
24037 24
24170 0
24544 33
24623 33
24659 0
24765 35
24982 0
25369 28
25396 0
25516 33
25758 0
25791 35
25868 20
26032 35
26319 0
26366 35
26420 24
26432 0
26579 20
27124 35
27167 28
27205 44
27232 0
27262 20
27305 0
27307 33
27439 0
27441 35
27463 0
27755 33
27954 0
28106 35
28396 44
28644 44
28730 0
28740 35
28914 44
29022 35
29039 0
29143 44
29399 24
29428 0
29523 24
29586 20
29617 24
29665 33
29715 0
29735 20
30129 28
30369 35
30518 0
30609 44
30807 0
31082 35
31170 0
31175 35
31255 0
31439 44
31596 0
31652 44
31867 0
31869 44
32092 24
32113 0
32257 35
32464 35
32506 28
32685 0
32762 24
32834 35
32888 0
32949 33
32968 0
33146 35
33215 44
33228 0
33254 33
33268 0
33289 35
33316 0
33547 20
33584 0
33636 24
33700 0
33750 28
33802 0
33895 35
33956 20
34130 0
34282 28
34379 0
34444 20
34580 0
34639 44
34755 33
34764 44
35038 0
35247 35
35402 24
35439 0
35477 33
35543 33
35648 20
35957 0
35985 20
36793 33
36873 0
36877 35
36886 35
36945 0
37091 33
37178 0
37231 28
37385 0
37431 20
37507 0
37750 33
38038 0
38299 44
38395 0
38534 35
38546 0
38707 24
38734 0
38918 44
38927 20
38973 0
38980 33
39131 0
39195 20
39403 0
39711 44
39774 0
39827 28
39960 0
39991 44
40057 0
40227 35
40366 0
40461 35
40524 33
40705 0
40732 24
40796 0
40843 35
40849 0
40901 28
40921 0
40944 33
40956 0
40980 33
41152 35
41303 0
41353 24
41451 0
41542 35
41743 0
41774 35
41854 20
41866 35
41920 0
42064 28
42322 0
42345 20
42548 0
42594 24
42670 24
42710 0
42750 44
42770 0
42872 24
43007 44
43065 44
43091 0
43094 20
43110 0
43472 20
43527 0
43553 44
43626 0
43690 44
43840 0
43988 35
44190 0
44203 24
44279 0
44306 33
44551 33
44727 0
44800 44
44812 0
44899 35
45224 0
45298 28
45307 28
45345 0
45694 35
45822 0
45857 20
45962 0
45994 24
46012 0
46089 28
46164 0
46280 28
46311 33
46449 0
46719 33
46776 35
46787 0
46988 44
47016 0
47313 24
47318 24
47575 0
47712 44
47719 35
47854 0
47864 28
47950 0
48025 35
48132 0
48184 35
48213 0
48222 24
48257 0
48318 44
48335 0
48364 28
48426 35
48479 0
48522 44
48590 0
48694 28
48766 0
48904 24
48929 28
48932 24
49067 0
49123 35
49178 0
49696 44
49737 0
49831 35
49856 24
49953 0
50176 44
50188 0
50272 20
50554 0
50596 35
50844 44
50879 0
50894 35
51337 0
51340 35
51394 20
51541 0
51573 44
51583 33
51609 35
51631 35
51679 0
51892 35
52089 0
52098 28
52197 0
52198 28
52302 0
52448 20
52765 0
52820 35
52839 0
53051 44
53054 0
53172 24
53227 0
53231 44
53300 0
53515 35
53858 0
53868 20
53941 20
53956 0
53960 33
54082 0
54387 28
54496 24
54506 0
54590 33
54706 0
54760 20
54896 0
54928 44
55219 0
55236 35
55256 0
55354 33
55542 20
55554 0
55701 28
56061 0
56085 35
56204 24
56225 0
56253 28
56469 0
56485 44
56627 0
56751 35
57250 0
57373 44
57557 33
57598 0
57600 35
57678 20
57728 0
57905 28
58157 24
58199 44
58496 0
58530 35
58787 0
58938 33
58977 35
59451 0
59643 20
59825 0
59842 20
59844 0
59934 33
60033 0
60086 33
60089 0
60199 44
60219 0
60337 24
60512 20
60633 35
60674 0
60686 33
60780 35
60825 0
60834 28
61287 35
61323 0
61393 35
61410 24
61423 0
61545 44
61547 24
61562 0
61574 28
61721 0
61773 28
61894 20
61899 0
61966 35
62005 0
62180 35
62378 0
62418 28
62480 0
62589 20
62612 0
62664 28
62762 0
62770 35
62806 0
63031 20
63054 35
63145 0
63186 44
63472 33
63574 0
63604 35
63671 0
63766 20
63773 0
63933 35
64033 0
64043 28
64082 0
64106 28
64110 0
64252 20
64304 0
64553 24
64759 0
64828 35
64992 35
65167 0
65294 35
65357 35
65383 44
65541 44
65552 0
65562 20
65578 0
65754 35
65756 33
65876 0
65903 28
66028 24
66380 0
66437 28
66583 0
66760 44
66780 0
66796 28
66945 33
67022 0
67043 28
67140 0
67223 24
67247 0
67259 35
67306 0
67468 24
67815 0
67846 33
67955 0
67978 20
68105 0
68186 33
68397 0
68496 20
68515 0
68629 28
68635 0
68926 28
69164 0
69277 28
69294 0
69339 20
69379 24
69616 0
69714 35
69737 0
70020 35
70379 35
70382 0
70435 44
70900 0
71044 35
71112 28
71163 35
71355 0
71382 44
71391 0
71648 35
71678 28
71683 0
71685 44
71713 0
71881 44
72028 0
72344 28
72477 0
72584 33
72589 0
72976 35
73066 0
73271 44
73291 0
73343 35
73344 0
73365 35
73370 0
73580 28
73596 0
73619 44
73910 0
73960 35
74011 0
74033 20
74117 0
74251 20
74474 35
74698 44
74826 0
74924 44
74998 35
75250 24
75333 0
75580 20
75589 0
75610 35
75844 0
75954 24
76026 0
76075 35
76091 0
76146 28
76194 20
76296 44
76398 0
76494 35
76571 0
76797 20
76809 24
76830 0
77052 24
77057 0
77071 33
77200 0
77247 33
77268 0
77352 44
77359 0
77557 20
77626 35
77653 0
77796 35
77921 0
77962 20
77976 0
78029 33
78339 0
78357 35
78367 0
78520 28
78528 0
78725 28
79008 0
79177 35
79209 0
79256 33
79257 0
79577 33
79623 20
79801 24
79832 44
80117 44
80345 35
80353 0
80358 28
80615 28
80741 0
80813 35
80882 35
80937 0
81015 20
81018 0
81257 35
81354 35
81396 0
81448 20
81481 0
81601 35
81636 0
81707 33
81714 0
81766 24
82033 44
82200 0
82253 20
82482 0
82489 35
82721 0
83026 35
83074 35
83127 0
83404 24
83459 0
83471 24
83635 0
83693 28
83736 24
83775 0
83813 24
84064 0
84189 44
84311 0
84566 35
84894 20
84944 0
85024 44
85135 0
85309 20
85337 44
85458 28
85525 0
85603 24
85632 20
85886 20
85957 0
86035 24
86209 44
86522 0
86663 20
86738 0
86809 33
86880 33
86884 35
87133 0
87611 35
87695 0
87858 28
87905 0
88078 44
88280 0
88305 33
88308 0
88352 28
88587 0
88861 24
88871 0
89009 35
89192 24
89279 28
89348 35
89378 0
89499 35
89809 20
89903 33
90114 28
90350 0
90400 24
90493 0
90522 24
90529 0
90541 35
90631 0
90678 35
90909 0
90954 20
91070 24
91103 0
91120 44
91144 0
91186 33
91250 0
91282 28
91466 35
91488 0
91609 24
91668 28
91736 0
91805 35
91819 33
92071 0
92084 35
92490 0
92537 35
92624 0
92635 33
92782 24
93105 0
93135 33
93769 35
93774 0
93909 44
93962 20
94081 0
94196 20
94409 0
94642 24
94736 35
94930 35
94953 0
95020 35
95432 0
95512 33
95617 24
95662 33
95733 44
95775 0
95785 20
95902 0
95903 28
95927 20
95973 35
96098 0
96102 35
96768 24
96783 0
96798 35
96813 0
97099 35
97178 0
97232 33
97370 0
97389 20
97408 0
97478 33
97481 0
97487 20
97620 0
97758 20
97920 0
97986 35
98039 0
98187 20
98240 0
98314 35
98361 44
98479 0
98632 20
98841 0
99082 24
99127 0
99285 35
99330 35
99433 0
99500 35
99928 0
99997 35
399 events for 2
90 85
418 0
477 84
581 85
850 0
1632 87
1830 0
1886 80
2134 78
2463 0
2702 78
3562 0
3702 84
5492 0
5516 84
5530 84
5593 0
6204 80
6298 0
7049 87
7189 0
7571 85
7855 0
7870 80
7953 0
8129 85
8443 0
8582 85
8585 87
8593 85
8981 0
9086 80
9271 85
9321 0
9555 85
9757 0
10190 96
10225 0
10696 78
10776 0
11436 85
11522 78
11622 0
12101 78
12279 0
13414 80
14073 0
14117 84
14218 0
14298 78
14546 0
14790 80
15277 80
15692 0
15763 96
15856 0
15870 78
16298 78
16333 87
16478 0
16652 87
16709 0
16721 84
17219 0
17223 78
17451 80
17876 0
17943 85
18527 0
18721 80
18989 0
19348 84
20024 84
20430 0
20569 80
20604 85
21221 0
21412 85
21639 78
21641 0
22672 87
22806 0
22934 84
22935 0
22956 84
23505 80
23543 0
23813 84
24244 0
24442 80
24680 0
25716 80
26363 0
26955 80
27025 78
27328 0
28222 80
28423 78
28650 0
28666 85
28801 0
28878 78
28931 78
29408 80
29654 0
29671 84
29834 80
29971 0
30227 96
30472 0
30500 96
30521 0
31025 85
31392 85
31809 96
31881 0
31948 85
32026 80
32033 0
32085 80
32114 80
32201 0
32402 96
32638 0
32948 84
33027 0
33499 85
33728 0
34103 84
34292 0
34452 85
34936 0
35121 84
35597 80
35880 87
36293 80
36464 0
37360 78
37437 96
37453 0
37717 85
37774 0
37947 78
38947 80
39001 80
39063 84
39068 85
39197 0
39502 87
39804 0
40233 84
40691 0
41059 85
41216 0
41247 85
41307 78
41456 0
41664 78
42065 0
42175 96
42206 96
42319 87
42425 0
42450 80
42724 0
42861 80
43071 0
43182 96
43190 80
43284 96
43843 0
44158 78
44386 80
44554 0
44707 96
44976 85
44989 0
45043 96
45045 0
45540 87
46115 87
46213 0
46423 96
46451 0
46702 80
46760 0
47129 80
47562 96
47832 0
48119 84
48433 0
48621 80
48699 0
49165 78
49198 0
49241 85
49354 85
49543 0
49601 78
49734 0
50123 80
50569 0
50824 78
50958 0
51406 84
51718 80
52074 0
52122 80
52384 96
52401 0
52800 80
52869 0
53078 80
53622 0
53997 85
54317 0
54495 80
54945 0
55006 78
55050 0
55489 80
55834 0
55860 87
56112 0
56133 87
56341 80
56468 0
56506 85
56653 0
56717 84
56895 0
57033 80
57053 0
57452 96
57878 0
57989 80
58321 0
58415 85
58935 0
59044 87
59324 0
59652 78
59698 0
59711 85
59842 87
60330 0
60670 87
61219 0
61221 87
61495 0
61499 78
61916 0
62022 80
62439 0
62510 96
62591 0
62670 80
62971 0
63047 96
63350 0
63418 80
64113 0
64187 80
64235 0
64728 78
65341 80
65629 80
65949 84
66309 78
66412 78
66557 0
66649 84
67247 0
67269 87
67278 80
67600 87
67684 0
67766 87
67884 0
68541 84
68567 0
68780 80
69077 0
69624 84
69975 0
70121 85
70262 84
70565 0
70616 96
70617 84
70830 0
70918 87
70969 0
71076 84
72355 0
73612 96
73653 0
73666 96
74564 0
74570 80
74574 0
74681 78
74803 0
75067 87
75167 0
75259 78
75301 78
75837 0
75853 96
76183 0
76373 80
76415 0
76686 78
76725 0
77012 84
77463 0
77804 80
78028 78
78144 0
78202 84
78342 0
78879 80
79180 0
79250 78
79590 0
80283 78
80777 87
80889 0
81087 80
81963 80
82601 0
82695 78
82876 0
82915 85
83074 0
83194 85
83477 78
84030 85
84803 80
84915 0
84998 84
85425 84
85621 0
85897 80
86368 78
86552 0
86561 80
86591 0
86886 96
87350 0
88126 87
88138 0
88378 85
88418 0
88537 80
88648 80
88674 0
88689 87
88733 0
88957 78
88969 0
89121 87
89433 0
89639 84
89646 87
90052 0
90774 84
90934 0
91082 96
91171 0
91457 78
92212 0
93285 80
93807 0
93875 78
93950 0
94281 87
94780 78
94794 0
94981 85
95284 0
95544 84
96091 80
96142 96
96248 0
96279 80
96723 0
96769 96
96975 0
97544 80
98177 80
98219 80
98321 0
98438 85
98965 0
99076 96
99267 78
99602 0
99751 80
227 events for 3
156 50
259 0
641 65
1464 0
1857 76
1941 77
2180 50
2511 0
2692 48
2798 63
3400 0
4095 65
5017 0
5097 77
6081 65
6176 0
7025 77
7207 0
7552 48
7632 0
7789 65
7979 0
8177 65
8646 0
9920 63
10039 48
12667 0
12997 77
13110 76
13493 65
13557 0
14376 48
14529 0
14742 65
15769 0
16540 63
18391 0
19240 48
19472 0
19603 65
19726 77
19888 50
19973 0
20631 76
20654 48
21436 0
21479 76
23543 65
23555 0
24607 65
25035 76
25199 0
25453 76
25592 77
25814 0
26337 77
26567 0
26963 76
27182 0
27568 55
27753 0
28369 65
29311 76
29322 50
30091 0
30610 77
31164 0
31373 55
32472 0
32542 48
32689 55
33049 0
33358 63
35856 65
36179 0
37382 65
37680 0
38266 63
38320 65
38355 50
38741 0
39150 63
39819 0
40078 55
40429 0
40513 65
41266 76
41471 0
41476 55
41592 0
41715 76
42749 0
42793 76
42799 0
43308 55
43431 65
43501 0
43703 55
44224 0
44661 50
45251 48
45820 0
46045 55
46050 0
46315 50
46473 0
46690 55
47487 50
48864 0
48930 77
49099 0
50087 50
50629 0
50919 65
52663 48
52916 0
53149 63
53190 55
53409 0
53488 65
54009 77
54929 77
55189 0
56790 55
56950 0
57461 48
58010 0
58760 76
58838 50
59252 0
59399 55
59902 0
60519 48
60792 0
60985 76
61173 0
61707 77
62004 55
62445 0
62479 63
62533 76
62857 0
62881 48
63542 50
64204 0
64623 77
65712 0
65719 48
66242 0
66452 77
67122 0
67548 55
68155 0
68815 63
69062 0
69434 48
70264 0
70376 77
71536 77
72237 0
72714 50
72759 0
73132 63
74136 0
74168 77
75209 0
75673 50
76078 0
76200 65
76286 0
76852 63
77211 0
77986 65
78757 0
79397 48
79661 0
79817 65
79819 0
80918 50
81045 0
81214 48
81304 0
81341 77
81462 0
81484 63
81869 0
82579 76
82709 0
83422 55
84140 0
84252 55
84314 55
85155 0
85459 65
86080 63
86291 48
86539 0
86668 77
87061 0
87174 50
87708 0
88129 50
89043 0
90419 77
90471 50
91094 0
91153 77
91475 0
91652 55
91775 48
92597 0
92780 63
92805 0
93590 50
94186 77
94434 0
95151 48
95615 0
96694 76
96774 0
96954 55
97763 55
98271 0
98485 77
99445 0
99608 55
99771 77
191 events for 4
600 91
1037 0
1456 94
1924 94
2083 0
2203 97
2605 0
2886 91
3197 0
3631 98
3881 91
4145 0
4415 91
4702 0
4970 97
5463 86
6060 0
7503 94
7817 0
7869 94
9059 91
9544 0
11321 98
11433 0
11499 86
11774 98
11880 0
13501 97
14032 97
15656 86
15968 0
16416 98
16993 0
17503 94
17504 91
18805 0
19029 97
19737 0
20451 94
20616 0
21201 97
22704 0
23447 91
24123 94
26662 0
28665 94
28935 0
30408 94
30557 98
30837 86
31639 0
31649 97
31781 91
31793 0
32512 86
32562 0
32634 86
32794 0
32983 94
33941 0
34155 91
34265 91
34381 94
35285 0
35658 91
36802 0
37016 94
37725 98
37776 98
37845 91
39018 0
39652 94
40642 0
40751 98
41067 0
41364 97
42349 0
42502 98
42916 0
43118 91
43854 0
43945 91
44046 0
44160 86
46096 0
46190 86
46520 0
47806 86
48339 0
48817 86
49605 0
50534 91
50987 0
51283 94
51382 0
51843 86
52147 0
52156 91
52206 0
52847 98
52960 0
52991 91
53963 0
54089 91
54975 0
55556 97
55648 0
55907 86
56106 91
56537 0
57400 91
58276 86
58425 0
58639 94
58925 0
59532 91
60169 0
60622 94
60801 94
61191 0
62088 94
63690 0
63744 97
64295 0
64560 98
64667 0
64875 86
64879 94
65488 0
66225 91
66493 94
66630 0
66846 86
66860 0
67436 97
67603 0
68416 97
69238 0
70043 91
70491 0
70676 94
70744 0
71241 91
71586 0
72338 98
73231 0
74234 97
75034 0
76033 86
76080 0
76364 98
76539 0
77120 94
77443 0
77717 98
77852 0
78258 86
78734 98
78887 0
79673 97
79737 0
79890 91
81082 86
82647 0
83027 91
83333 0
83639 94
83850 0
85008 97
85387 97
86615 0
86953 86
87063 0
89396 91
89420 0
89665 91
90411 0
90693 86
90958 0
91700 86
93395 0
93578 94
93676 0
94511 97
94682 98
94769 0
96201 97
96399 86
97334 0
98556 91
99442 0
193 events for 5
571 77
604 0
1411 77
1529 0
1719 77
2111 74
3443 0
5328 69
6131 69
6754 68
6905 0
7504 69
8747 0
9252 72
11130 0
11200 77
11758 0
11898 69
12536 0
15343 66
16098 0
16405 69
17020 0
18070 77
18932 66
19197 77
20747 74
21412 0
21663 66
22070 65
23294 0
23509 66
23953 66
25903 0
26078 68
26163 0
26870 69
27744 0
28271 68
28769 0
28788 74
29012 0
29253 66
29318 0
29387 69
29422 0
29614 72
29805 0
30006 72
30068 0
30683 77
31537 0
32063 66
32598 0
34319 66
34483 0
35034 69
35503 0
35581 69
35816 0
36583 68
37471 0
38132 68
38444 0
38741 77
39106 74
40044 0
40636 65
40648 77
40931 74
41033 66
41136 77
41578 0
41799 66
41930 68
42145 66
44249 0
44333 74
44497 0
45257 77
45373 66
45430 0
46870 68
46988 0
47048 66
47057 0
47366 77
47900 0
48132 66
48397 0
49159 66
50614 68
50778 0
50795 66
50857 0
51258 65
51300 0
51400 68
51439 0
51552 74
52689 0
53302 77
53453 69
53868 72
54001 0
55352 66
55631 0
56101 72
56569 74
57269 0
58549 74
58607 69
60579 0
63061 66
63171 0
63582 65
64715 0
64949 68
65394 0
65797 66
66133 0
66244 69
66266 0
66496 65
67070 66
67117 69
68105 0
68415 68
68873 0
69323 69
69566 0
69757 72
70846 69
70849 0
70994 69
71600 0
71990 72
72433 0
72518 69
73050 0
74035 74
74092 0
74252 69
74785 0
75432 69
75495 77
76263 0
77661 74
78326 0
78950 68
79114 66
79191 0
79376 66
80111 68
81327 66
81643 74
82060 0
82214 74
82337 0
83872 69
84241 65
84625 0
84748 68
84994 0
86425 77
86893 69
89721 0
89897 72
89973 0
89988 72
90197 69
90323 0
92376 69
93214 0
93691 68
93964 66
94582 0
95135 68
95242 0
95696 66
95824 0
95848 65
96416 69
96736 69
97471 0
97584 74
97696 74
98316 0
98459 69
98709 0
98921 66
99259 68
99898 0
134 events for 6
392 64
572 56
1005 61
1423 0
1724 61
1919 0
2071 56
2142 0
4558 56
4570 63
4617 0
4751 64
6332 0
6878 64
9593 0
11029 57
11687 64
11813 0
12173 56
12178 0
12319 61
15740 0
16087 63
16221 0
17325 61
17398 63
17588 0
19988 63
20197 57
21665 0
21723 64
23063 0
23926 57
24916 0
25160 64
25680 0
26112 63
26307 0
26853 61
27470 61
29789 61
30928 0
31095 61
31837 0
32162 61
34547 56
35348 0
36248 61
38209 0
38484 57
38867 61
40218 0
43325 57
44664 0
44675 63
44717 0
44981 57
45517 0
46833 61
51109 57
52209 0
52615 63
54744 0
55119 56
55219 0
55871 61
58014 0
58473 61
59239 0
59380 63
60108 63
61134 0
61744 63
63013 0
63309 64
63407 0
63598 63
63867 0
63993 57
65260 0
65322 56
65814 0
66951 57
66952 0
68044 61
69660 0
69683 61
69752 0
69779 57
70286 0
70663 61
72237 0
73021 63
73616 0
73791 64
75112 0
75847 57
75961 0
76314 64
78265 0
79588 61
79603 0
81806 61
82263 0
83336 63
83604 0
83704 57
84154 0
84765 64
85633 0
85825 64
85875 0
86627 63
87613 0
88015 61
88610 0
89655 61
90252 57
93154 0
93212 63
94482 0
94753 64
95266 61
95500 56
96480 0
96561 63
96565 64
96619 0
96911 56
97035 61
98218 0
98542 61
99765 0
99966 63
982 events for 7
276 27
288 24
346 0
351 24
424 0
590 28
651 23
655 27
658 0
686 28
887 0
934 24
1069 27
1214 0
1523 28
1642 0
1659 23
1724 0
1740 24
1777 23
1996 0
2038 24
2052 0
2099 28
2210 0
2227 24
2232 23
2282 0
2343 23
2449 0
2493 23
2743 28
2795 27
3031 0
3090 28
3201 0
3227 27
3242 0
3268 28
3327 0
3395 28
3590 27
3900 0
4049 27
4282 0
4298 24
4441 28
4531 0
4600 24
4727 0
4846 23
5052 24
5086 27
5156 23
5270 28
5414 0
5860 24
5986 0
6173 27
6314 0
6657 28
6712 0
6729 23
6770 0
6785 23
7168 23
7393 0
7397 23
7402 24
7417 0
7633 23
7681 0
7712 27
7748 0
7758 24
7857 0
7984 28
8066 23
8134 0
8207 28
8266 0
8277 24
8325 0
8371 28
8388 0
8495 24
8575 0
8587 23
8607 0
8881 23
9036 0
9226 28
9271 0
9475 24
9497 24
9630 0
9731 24
9785 0
9857 27
9935 0
10026 28
10070 0
10143 24
10176 0
10372 23
10377 0
10393 24
10516 0
10536 28
10570 0
10725 23
10949 24
11114 0
11137 23
11198 0
11247 28
11265 0
11369 27
11502 0
11538 24
11580 0
11588 28
11704 0
11860 28
12124 28
12370 28
12405 0
12437 28
12450 0
12504 27
12522 28
12830 0
12891 28
12953 28
12976 0
13015 23
13456 0
13695 28
13898 0
13976 28
13980 0
14087 24
14152 24
14315 0
14321 23
14423 24
14463 28
14614 0
14824 28
14835 0
14836 28
14863 0
14998 23
15004 0
15095 23
15123 0
15165 24
15187 0
15753 27
15863 0
15912 28
16215 23
16354 0
16381 27
16460 0
16528 27
16593 23
16622 24
16640 0
16661 23
16681 0
16831 27
16923 0
17093 24
17113 0
17192 28
17240 27
17338 23
17362 0
17379 28
17434 0
17443 28
17450 0
17537 23
17541 0
17783 28
17853 27
18248 0
18261 28
18280 0
18384 28
18410 0
18458 24
18471 0
18531 24
18690 28
18875 0
18971 24
18988 0
19018 24
19023 24
19070 24
19127 0
19137 28
19226 0
19287 27
19525 24
19616 0
19694 28
19718 0
20025 23
20028 0
20168 28
20268 0
20275 28
20358 0
20359 27
20453 24
20539 24
20846 24
20860 28
20904 0
20928 23
21169 0
21287 27
21319 0
21337 24
21580 24
21591 28
21654 0
21699 23
21737 28
21934 28
22032 0
22112 23
22218 28
22231 0
22299 27
22305 0
22538 23
22691 23
22713 0
22721 24
22737 0
22739 24
22803 24
23093 0
23301 24
23583 0
23586 24
23801 0
23898 27
24166 28
24230 28
24282 0
24318 27
24562 24
24770 0
24777 23
24812 0
24836 23
24897 0
25474 28
25616 23
25756 28
25891 0
26135 24
26138 28
26208 0
26233 28
26359 0
26382 24
26466 0
26550 23
26608 0
26641 23
26651 0
26838 23
27135 0
27329 27
27577 24
27638 28
27762 0
27920 23
27968 0
27977 27
27986 0
28033 27
28066 0
28210 23
28374 0
28388 28
28583 0
28787 28
28871 27
28881 0
28913 28
29015 0
29055 28
29085 0
29098 24
29167 0
29403 24
29444 0
29486 28
29552 0
29587 28
29671 0
29702 27
29776 0
29849 23
29895 28
30169 0
30232 27
30456 0
30938 23
31145 0
31495 24
31656 0
31682 23
31691 0
31834 23
31865 23
31934 0
31947 23
31987 24
31998 27
32075 0
32444 23
32521 0
32643 28
32672 0
32691 27
32971 24
32981 23
33006 0
33079 24
33101 24
33345 23
33453 0
33535 28
33580 0
33630 28
33757 23
33797 23
33943 0
33959 23
34055 0
34109 28
34171 0
34612 23
34647 0
34763 28
34985 0
35037 27
35229 0
35652 27
35680 0
35690 23
35720 0
35783 28
35966 0
35986 28
36145 23
36171 24
36219 0
36319 28
36384 0
36600 23
36653 0
36692 24
36727 0
36780 28
37064 0
37070 23
37159 27
37181 0
37185 23
37230 0
37477 28
37504 28
37721 0
37996 28
38120 0
38144 28
38162 0
38214 23
38295 27
38525 23
38597 0
38615 24
38634 0
38740 24
38935 0
38960 24
39018 0
39305 28
39430 28
39725 0
39798 27
40008 24
40054 0
40194 23
40197 24
40493 28
40658 0
40919 23
41038 0
41058 23
41088 0
41089 23
41095 23
41153 27
41174 23
41334 0
41375 28
41559 27
41711 0
41948 27
42106 0
42134 24
42190 0
42259 27
42326 0
42376 27
42416 0
42602 27
42635 0
42642 23
42647 0
42749 27
42885 0
43380 27
43429 0
43594 23
43676 23
43765 0
43834 24
43868 0
43910 28
43933 24
43940 0
44416 23
44428 24
44447 0
44504 23
44557 24
44575 0
44609 23
44640 0
45023 28
45043 0
45130 28
45232 23
45524 0
45644 23
45668 0
45952 23
45987 0
46036 23
46106 0
46228 23
46315 0
46398 28
46448 0
46484 28
46503 24
46509 27
46572 0
46593 28
46722 0
46746 23
46770 0
46780 28
46809 0
46812 24
47035 0
47050 24
47121 0
47196 27
47200 23
47246 0
47370 23
47466 0
47583 23
47586 24
47640 0
47988 23
48035 0
48144 28
48240 0
48396 27
48425 24
48530 24
48790 0
48831 28
48839 0
48995 28
49065 24
49426 24
49741 0
49822 27
49893 0
50021 28
50426 0
50568 23
50673 0
50733 23
50761 0
50780 23
50846 0
50950 23
50996 0
51047 28
51079 0
51117 24
51143 0
51265 23
51311 24
51430 23
51635 0
51740 28
51776 0
51897 23
52054 24
52056 0
52134 23
52163 0
52218 23
52474 27
52522 0
52529 23
52646 0
52651 28
52731 0
52858 23
52868 24
52913 0
52930 24
52974 27
53069 0
53094 23
53290 23
53337 0
53364 28
53384 28
53563 0
53760 24
53942 0
53994 28
54073 0
54169 24
54638 0
54654 24
54659 24
55077 0
55343 24
55506 24
55569 0
55585 28
55793 0
55876 23
55915 23
55989 0
56094 28
56236 24
56403 0
56468 28
56513 27
56525 0
56719 23
56937 0
57036 24
57142 28
57288 0
57303 23
57403 0
57540 28
57894 23
57911 0
58055 27
58069 0
58090 23
58657 0
58665 28
58805 0
58895 28
58954 0
59097 24
59317 0
59659 28
59747 23
59782 24
60029 27
60107 24
60159 28
60265 0
60987 28
60999 0
61178 23
61227 0
61342 23
61351 24
61394 0
61418 23
61542 0
61666 28
61748 0
61882 24
61912 28
61955 28
62011 0
62082 24
62113 24
62263 27
62345 0
62450 27
62590 0
62661 23
63222 23
63285 0
63391 27
63513 0
63613 24
63873 0
63994 24
64023 24
64109 0
64168 28
64447 0
64533 24
64656 0
64736 24
64799 0
65136 24
65302 0
65380 23
65699 23
65779 0
65915 23
65973 0
66599 23
66618 0
66763 28
66885 28
67030 23
67050 24
67183 24
67339 0
67392 23
67472 0
67773 27
67786 0
68001 27
68680 0
69009 27
69026 0
69280 23
69621 0
69629 23
69649 0
69674 24
69738 0
69828 24
69873 0
70034 24
70056 0
70152 23
70232 0
70254 28
70298 23
70377 28
70405 28
70474 0
70486 23
70489 0
70500 28
70682 23
70710 0
70860 28
70896 0
71070 27
71082 0
71259 28
71294 0
71369 27
71385 24
71781 23
71939 0
71986 23
72036 0
72182 23
72191 0
72224 23
72233 0
72249 28
72294 0
72348 23
72494 0
72758 23
72828 0
72874 23
73094 0
73172 28
73333 23
73357 0
73384 24
73715 0
73738 24
73899 0
73993 23
74047 0
74138 28
74189 0
74305 28
74370 0
74434 23
74977 0
75028 28
75191 24
75320 23
75378 24
75384 27
75385 28
75424 0
75560 23
75801 0
75825 27
75983 0
76029 24
76135 0
76267 24
76446 0
76531 27
76541 23
76622 27
76673 0
76911 23
77045 0
77140 27
77166 0
77227 28
77283 24
77394 0
77616 28
77656 0
77770 23
77783 24
77848 23
77963 24
78090 0
78230 27
78239 27
78243 0
78282 28
78384 0
78419 27
78441 23
78457 24
78463 28
78666 28
78711 28
78760 0
78912 24
78929 0
78983 24
79049 28
79104 0
79145 28
79201 24
79270 28
79341 0
79442 24
79449 24
79721 0
79774 23
79808 0
80270 23
80331 0
80554 23
80568 0
80698 28
80737 0
80758 23
80948 23
81032 24
81387 0
81494 24
81811 0
81826 24
81834 27
81913 0
81967 28
82209 24
82461 28
82536 0
82784 24
82834 0
82943 24
82966 0
83057 24
83068 0
83077 28
83221 28
83228 27
83312 0
83478 23
83550 0
83580 24
83630 0
83730 27
83774 0
83807 27
84212 0
84214 24
84244 0
84333 24
84492 28
84597 0
84824 23
85112 0
85134 24
85257 24
85282 0
85295 24
85321 23
85396 0
85540 23
85628 0
86061 27
86482 0
86725 28
86731 0
86746 28
87037 0
87151 24
87194 0
87326 23
87364 0
87365 23
87447 0
87622 23
87625 0
87756 24
87816 0
87901 23
87911 0
87916 24
88019 0
88397 23
88447 0
88491 28
88537 0
88568 28
88704 0
88760 24
88795 0
88848 23
88855 0
88928 27
88983 0
89133 23
89147 0
89152 27
89163 0
89183 28
89227 28
89279 23
89307 0
89357 28
89373 0
89379 23
89451 0
89508 28
89546 0
89559 23
89811 0
89817 28
89881 0
90166 23
90310 0
90343 28
90402 0
90420 27
90441 24
90486 24
90490 0
90591 23
90595 24
90868 27
90938 0
90942 28
90985 0
90987 23
91037 0
91097 23
91111 0
91274 28
91335 0
91424 24
91602 0
91688 23
91720 28
91848 0
91855 23
91985 0
92105 27
92177 0
92301 23
92398 0
92410 28
92466 0
92572 28
92649 0
92709 28
92772 0
92775 28
92790 0
92805 27
92904 0
93149 24
93213 24
93253 0
93319 24
93355 0
93966 23
94054 0
94321 23
94441 0
94492 23
94677 0
94795 27
94908 0
94941 28
94968 0
95174 28
95270 0
95485 27
95514 0
95657 23
95674 0
95752 23
95815 28
95858 23
95893 0
96224 28
96373 0
96513 24
96676 0
96795 24
96932 0
96936 23
97138 27
97145 0
97190 28
97213 28
97472 28
97546 0
97787 28
97885 24
97913 27
97918 0
98114 24
98198 0
98226 23
98253 24
98266 0
98309 28
98411 0
98452 23
98591 0
98847 23
99015 27
99196 0
99253 28
99271 23
99490 23
99500 0
99569 23
99581 0
99627 24
99856 0
542 events for 8
42 96
96 0
223 96
375 0
538 96
565 0
1280 96
1549 0
1577 95
1793 0
2211 96
2518 0
2824 95
2872 0
2940 95
3193 0
3436 95
4278 0
4286 96
4320 0
4361 95
4442 0
5025 95
5147 0
5845 94
6477 0
6616 95
6744 0
7037 95
7118 0
7417 95
7527 0
7555 96
7738 0
7925 95
8072 0
8289 96
8454 95
8527 95
8737 0
9607 95
9620 95
9910 96
9919 0
10082 96
10200 0
10238 94
10456 94
10560 0
11002 96
11295 0
11450 95
11490 0
11636 95
12207 0
12358 95
12407 0
12417 96
12565 96
12995 0
13319 95
13367 96
13467 0
13562 96
13644 94
13725 96
14047 95
14193 95
14232 94
14720 95
14755 0
14877 95
15341 0
15793 96
15826 96
16009 95
16018 0
16042 95
16067 0
16150 95
16205 0
16232 96
16421 0
16508 96
16628 95
16691 95
17343 0
17404 94
17605 0
18364 95
18501 95
18680 95
18700 0
18849 96
19010 0
19052 95
19054 0
19125 94
19523 0
19691 95
19699 0
19979 95
19993 95
20494 95
21312 95
21332 95
21396 0
21411 94
21506 0
21670 95
21747 95
21834 0
22358 96
22489 0
22703 95
22785 95
23122 0
23359 94
23377 95
23833 0
23960 95
24162 95
24213 96
24247 0
24390 95
24407 95
24437 0
24501 95
24520 0
24671 95
24746 96
24852 0
25175 95
25182 0
25453 95
25550 95
25784 0
26158 95
26223 0
26228 96
26275 94
26389 95
26454 94
26521 0
26774 95
26817 0
26818 95
26908 96
26965 96
27538 0
27651 95
28006 0
28347 95
28532 94
28592 0
28641 95
28703 0
28853 94
28858 0
29411 95
29890 0
30065 94
30250 0
30356 94
30466 95
30576 94
30618 0
30629 94
30637 0
30792 95
30808 0
30937 95
31030 0
31086 95
31103 0
31129 94
31361 0
32028 95
32108 95
32344 0
32655 95
32942 0
33154 96
33254 95
33394 0
33455 95
33460 0
33737 96
33906 95
34310 0
34339 95
34351 95
34406 96
34529 0
34711 94
34717 0
35055 94
35085 95
35262 0
35711 95
35776 0
36011 95
36176 0
36180 95
36544 0
36644 96
36963 0
36964 96
37298 0
37760 95
38324 95
38701 95
38789 0
38855 95
38947 0
38961 95
39147 0
39244 95
39267 0
39454 95
39596 0
39658 96
39707 0
40247 95
40307 0
40425 95
40624 0
40686 95
40915 95
41025 0
41033 95
41348 0
41611 96
41683 0
41798 96
41897 0
42059 95
42757 0
43227 95
43298 0
43558 96
43675 0
44153 95
44510 0
44695 95
44758 0
44791 95
45086 0
45101 96
45383 0
45568 96
45883 0
46057 95
46692 0
46863 95
47088 96
47112 0
47241 96
47272 0
47574 96
47580 0
47671 95
47714 95
47739 0
47853 95
47915 0
48233 96
48356 0
48521 96
48554 0
48764 96
48773 0
48876 94
48912 0
48918 96
49040 0
49471 96
49645 0
49769 95
49865 0
49873 96
49882 96
49930 0
49961 95
50070 94
50134 0
50335 95
50860 0
51064 96
51425 96
51785 0
51930 96
52330 0
52512 95
53035 0
53234 96
53267 0
53298 96
53723 0
53846 95
54020 0
54241 96
54482 0
54557 95
54575 0
54581 95
54888 0
55006 95
55069 0
55208 94
55286 95
55320 0
55515 96
56065 0
56073 95
56132 0
56327 95
56418 95
56520 0
56861 94
57118 95
57298 0
57320 94
57905 95
58223 0
58358 96
58518 0
58731 95
59006 0
59105 96
59397 0
59594 94
59627 96
59857 0
59968 94
60046 0
60186 95
60231 0
60818 95
60884 0
60934 95
61024 95
61040 0
61081 95
61132 0
61255 95
61256 0
61672 95
61764 94
62080 0
62137 96
62196 95
62432 0
62662 94
62676 94
62684 0
62740 95
63274 0
63488 96
63490 0
63680 95
63803 0
63948 95
64218 0
64638 96
64678 0
64727 95
65664 0
65732 96
66291 0
66546 95
66589 0
66778 96
66783 96
66963 0
67008 95
67427 0
67677 95
68065 0
68243 96
68308 96
68361 0
68363 95
69061 95
69851 0
70273 94
70298 96
70338 95
70769 0
70863 95
70938 94
70950 95
71143 0
71579 95
72533 0
72769 95
72891 94
73095 0
73255 95
73445 96
74109 95
74185 0
74236 95
74400 0
74550 95
74755 0
74817 96
75253 0
75417 95
75653 95
75846 95
76584 0
76872 96
77385 96
77428 95
77759 0
77774 96
78247 0
78397 95
78586 0
79182 95
79246 0
79440 95
79616 0
79626 95
79878 0
80844 95
80927 0
81185 95
81289 96
81318 0
81323 95
81400 0
81483 96
81488 0
81543 95
81652 0
82000 95
82509 95
83014 0
83554 96
83842 95
83860 0
83898 95
84401 0
84455 95
84962 0
85070 95
85146 95
85473 0
85501 95
85600 0
85928 94
86058 0
86069 94
86261 0
86349 95
86557 96
86580 0
86633 95
86668 0
87245 95
87331 96
87348 0
87415 95
87431 96
87638 0
88071 95
88158 0
88406 96
88446 0
88867 95
88991 0
89021 95
89043 95
89302 0
89709 95
89719 0
89854 96
90126 0
90154 96
90159 0
90306 95
90476 0
91315 96
91669 0
91770 95
92008 95
92220 0
92554 96
92601 0
92615 95
93243 95
93339 0
93466 96
93558 0
93584 96
94023 95
94042 0
94044 95
94112 0
94214 94
94590 96
94593 95
94765 0
95120 95
95182 0
95244 95
95275 0
95477 96
95575 0
95742 95
95763 0
95807 95
96004 0
96013 96
96022 94
96027 95
96075 96
96081 0
96266 96
96696 0
96816 94
97083 0
97319 95
97382 95
97911 95
97937 0
98067 96
98639 95
98644 95
98839 0
99338 96
99397 0
99409 95
99411 95
99512 0
99518 95
99519 0
99522 95
99677 95
99976 96
193 events for 9
255 69
264 0
444 44
796 0
1599 65
1642 0
1879 63
2471 0
3670 63
4214 0
4494 44
5005 0
5537 63
7390 0
8435 63
8927 43
9224 0
9460 43
10032 64
10363 0
10553 63
10699 0
11022 44
11091 0
11472 69
11851 69
11964 0
12773 43
14988 65
15475 0
16251 69
17853 0
18107 43
18662 0
19764 64
19858 0
20127 43
20315 69
20405 0
20890 69
21132 51
21311 0
21890 51
22308 69
22591 0
22758 69
22907 0
23873 65
23941 0
24077 51
24301 0
25830 64
26045 0
28415 51
29528 43
29646 0
30052 43
31952 0
32117 64
32628 69
32986 0
33280 65
33933 0
34068 43
34086 43
34230 0
34782 44
34874 0
34899 65
35538 0
35719 65
35951 0
36156 65
36623 0
37299 51
37648 0
38375 69
38568 43
40835 0
41992 63
42114 0
42540 65
42834 0
43539 69
43910 64
45093 69
45318 51
45616 0
45725 65
47226 0
48657 51
48898 0
48943 51
49302 0
50056 43
50434 0
50720 65
51113 0
51708 44
52509 0
52973 44
52975 44
53055 0
53078 51
53093 0
53539 65
54366 65
54433 0
54869 63
55635 0
57323 65
57501 0
57715 69
57830 51
58153 0
58606 64
59423 63
59453 0
60145 63
60250 63
61083 44
61289 0
61742 69
61765 64
62524 51
62984 0
63244 43
63351 0
63506 63
63709 63
63873 65
64414 64
64829 0
65665 65
66021 0
66136 51
67184 0
67764 69
67997 0
68112 69
68235 0
68274 51
71431 0
72129 44
72858 0
72998 43
74497 0
74756 43
75788 0
75857 44
75946 0
77111 69
77137 69
77298 43
77676 0
77938 43
78680 51
78791 43
79095 65
80145 69
80352 0
82490 69
82922 0
84307 65
85004 0
85587 51
85960 0
86646 43
87137 69
87335 0
87391 65
87431 44
87985 0
88920 69
89354 0
91758 64
92225 0
92327 43
93293 64
93692 0
94131 44
95553 63
95860 0
95953 51
96093 64
96205 44
97541 0
98338 51
98857 0
99221 44
99290 69
99623 43
99674 0
153 events for 10
13 88
620 0
730 82
951 0
2084 41
2210 0
2662 41
3200 0
4429 82
5140 85
7247 68
7703 0
10085 68
10532 0
12548 30
12809 0
13212 54
13464 0
13800 41
13972 54
14992 0
15554 41
15870 68
18054 0
19616 30
20187 0
20324 85
22142 0
22209 54
22997 30
23264 0
23892 30
24028 0
24176 54
24557 0
27125 30
27384 85
27469 54
27568 0
28042 41
32008 0
34778 85
34843 0
35022 41
35817 0
37454 68
37661 0
37811 30
38187 0
38402 82
38904 0
39649 68
39691 0
40795 41
41540 0
43036 85
43475 0
44563 68
45691 0
47572 41
49013 30
50659 0
50843 68
51158 0
51657 88
52499 0
52651 85
52904 0
53335 54
53803 0
53951 88
54958 0
56271 54
56786 0
57016 41
57311 0
57522 82
57980 0
58297 85
58686 0
58820 82
59759 0
59813 30
60114 0
60849 88
61067 0
61895 88
62557 0
63019 88
63341 30
64305 0
64310 54
64377 41
65564 0
66962 41
67124 0
68867 85
68961 0
69045 82
69063 54
70366 0
70974 68
71461 0
72194 85
73941 54
74730 0
74918 30
75198 0
75444 68
75446 0
75672 41
76626 0
76642 88
76774 0
77053 88
77417 0
77935 82
78223 0
78917 88
79388 82
80029 0
80283 88
82241 0
83076 54
83224 0
83631 88
83687 0
84566 85
84580 0
85231 85
85287 0
86905 85
88333 0
88356 68
88379 0
88685 88
89154 0
89408 82
89411 0
89478 30
90050 0
90079 88
90669 0
92457 68
94765 0
94766 85
95653 0
96018 41
96589 0
96786 85
98389 41
98397 0
98561 30
894 events for 11
73 23
248 0
292 23
392 0
453 50
591 47
700 0
716 72
858 0
946 78
1000 74
1201 0
1335 47
1516 0
1613 79
1632 0
1656 36
1719 0
1757 36
1965 0
2050 36
2195 0
2346 47
2440 0
2454 47
2456 0
2664 50
2816 0
2847 36
2911 47
3010 79
3261 0
3439 72
3476 74
3501 0
3523 50
3533 0
3625 79
3636 36
3766 0
3876 72
4031 0
4082 23
4212 23
4349 72
4360 0
4477 36
4657 0
4693 74
4696 72
4986 0
4999 47
5479 0
5501 36
5577 23
5606 0
6229 23
6400 0
6809 72
6829 23
6937 0
6971 47
7014 0
7347 50
7369 23
7499 0
8147 78
8353 36
8378 0
8409 79
8527 0
8550 47
8603 0
8724 79
8827 0
8972 50
9032 36
9052 0
9234 72
9265 79
9336 0
9402 36
9492 0
9731 23
9755 0
9785 72
9791 0
10205 74
10230 0
10235 36
10594 0
10720 23
10877 78
10942 0
10976 50
10977 0
11100 36
11162 78
11311 0
11368 23
11385 0
11517 23
11549 0
11664 79
11667 23
11669 0
11805 79
11990 0
12144 79
12185 74
12204 23
12300 23
12568 36
12570 0
12600 23
12738 36
12888 0
12985 23
13038 0
13222 72
13294 50
13402 0
13415 78
13516 0
13704 72
13755 0
13814 79
13876 0
13981 50
14108 0
14142 47
14147 0
14173 47
14187 79
14339 0
14364 74
14505 0
14600 23
14960 0
15246 50
15466 0
15666 79
15706 0
15965 72
16023 74
16083 0
16111 74
16194 79
16207 50
16378 79
16654 0
16666 23
16738 79
16860 0
17078 23
17169 0
17325 72
17472 0
17623 79
17630 23
17655 0
17695 50
17697 0
17919 74
18376 0
18727 23
18760 0
18851 79
19053 0
19185 47
19192 0
19229 23
19247 0
19252 47
19300 0
19476 79
19502 0
19516 78
19562 0
19605 23
19691 0
19860 79
20032 0
20065 23
20374 36
20507 23
20543 0
20567 23
20615 0
20621 74
20658 0
20729 72
20869 23
21154 0
21206 74
21299 0
21320 74
21358 0
21468 79
21638 50
21651 23
21803 23
21934 0
22055 74
22062 0
22146 47
22517 0
22612 36
22640 0
22787 79
22833 36
22926 74
23081 0
23106 47
23443 0
23485 74
23506 0
23570 78
23628 0
23861 36
23954 0
23985 78
24100 79
24511 0
24563 47
24586 74
24901 0
24902 74
25004 0
25062 36
25445 0
25525 23
25817 0
25840 72
25907 0
26342 23
26451 0
26534 23
26561 72
26623 0
26687 78
26817 23
26943 0
26979 23
27004 0
27111 74
27133 0
27857 36
27972 0
28060 36
28217 47
28333 0
28418 74
28571 50
28602 0
28775 74
28851 0
28900 23
28934 0
29009 79
29011 47
29275 0
29295 74
29437 0
29553 72
29582 0
29634 72
29730 47
29735 0
29755 74
29765 0
29860 78
29886 0
29949 23
29971 0
30044 36
30616 0
30827 47
30916 0
31028 47
31115 36
31170 74
31357 0
31461 23
31536 0
31577 23
31667 0
31786 23
31808 79
31872 0
31891 79
31893 0
31895 79
31932 0
32058 78
32168 23
32338 0
32634 36
32732 0
32785 47
32855 0
32958 23
32964 0
33174 78
33199 0
33225 23
33229 0
33254 50
33331 74
33357 0
33430 23
33464 0
33536 36
33663 23
33735 23
33763 0
33876 47
33995 0
34093 50
34134 23
34215 0
34289 47
34331 0
34826 50
34961 50
35119 0
35133 23
35186 0
35361 23
35525 0
35555 36
35606 0
35643 23
35731 0
35886 47
36065 0
36188 78
36289 47
36301 0
36415 78
36546 0
36647 72
36655 0
36755 23
36820 79
37261 0
37522 23
37539 0
37714 36
37749 0
37795 78
37860 0
38145 72
38330 0
38565 72
38582 23
38725 0
38734 79
38787 0
38790 36
38827 0
38841 72
38943 0
38947 78
39193 47
39427 0
39575 72
39806 23
39856 0
39939 23
40068 0
40348 23
40491 0
40525 50
40623 0
40750 47
40837 0
40852 74
40900 0
40912 72
40935 0
41037 47
41411 0
41600 50
41608 0
41615 79
41920 0
42289 74
42310 0
42339 36
42406 79
42446 0
42480 23
42757 0
42895 79
43090 0
43409 72
43449 23
43778 0
43810 23
43999 0
44031 79
44306 0
44321 47
44365 78
44450 0
44463 74
44563 0
44731 47
44970 0
44997 36
45140 0
45183 72
45290 23
45367 0
45443 50
45522 0
45531 50
45761 0
46007 23
46031 0
46158 23
46182 0
46378 74
46507 74
46617 0
46700 47
46714 0
46878 47
46976 72
47116 0
47197 72
47324 50
47489 78
47690 0
47833 50
47839 0
47879 36
47898 0
47949 50
48007 36
48127 50
48172 0
48473 72
48606 0
48660 23
48694 0
48702 78
48915 72
48929 0
48984 72
49031 0
49137 36
49193 0
49248 50
49368 0
49418 78
49482 47
49730 0
49765 36
49794 79
49795 74
49926 0
49931 50
50006 0
50268 72
50284 0
50334 36
50409 0
50655 36
50777 0
51083 79
51115 36
51130 79
51391 0
51421 36
51535 0
51545 47
51712 0
51915 50
51976 0
52017 36
52054 78
52086 0
52136 36
52177 72
52388 0
52448 23
52493 0
52525 23
52588 0
53034 74
53223 0
53281 79
53288 0
53360 36
53367 0
53433 23
53595 0
53681 78
53689 50
53862 78
53957 0
53980 23
54041 0
54163 23
54669 0
54783 74
54800 79
54828 47
54971 0
55097 74
55110 47
55237 0
55319 36
55565 0
55668 79
55732 0
55737 23
55859 0
55986 23
56015 0
56254 50
56396 23
56413 0
56640 72
56945 0
57169 79
57257 23
57269 0
57397 50
57759 0
57778 79
57966 0
58119 72
58459 0
58554 47
58603 0
59044 23
59204 0
59304 79
59310 0
59422 23
59669 0
59835 47
59863 0
59869 72
60172 0
60246 23
60518 0
60522 50
60640 0
60679 79
60681 0
60757 23
60773 0
60961 79
61254 0
61466 23
61564 36
61661 0
61740 78
61816 0
61915 36
62070 47
62112 36
62228 0
62241 74
62400 0
62438 74
62466 0
63134 78
63233 0
63456 78
63803 0
63877 74
63939 78
64032 0
64123 23
64145 0
64182 79
64207 0
64278 50
64406 0
64511 74
64576 0
64583 78
65070 0
65203 79
65318 0
65325 74
65677 23
65701 0
65722 36
65726 50
65733 0
65999 72
66095 0
66228 47
66238 23
66290 0
66698 74
66718 0
66747 72
67056 0
67088 72
67245 0
67286 36
67336 0
67659 47
67663 0
67776 72
67793 0
67912 50
68058 0
68163 23
68213 0
68356 50
68886 79
68971 23
69239 0
69297 50
69326 0
69703 23
69809 0
69828 23
70012 0
70173 23
70254 23
70461 79
70488 0
70614 79
70621 72
71139 0
71281 47
71532 0
71808 23
71842 0
71874 79
71886 0
71987 36
72012 23
72130 36
72324 78
73616 0
73734 36
73776 36
73809 0
73867 23
73912 0
74098 23
74252 0
74291 47
74330 0
74375 47
74529 72
74552 0
74655 50
74748 0
74757 50
74777 72
74800 0
74891 72
74892 0
75022 79
75037 0
75187 23
75201 36
75401 0
75588 50
76010 36
76067 50
76078 0
76473 23
77165 0
77205 74
77273 0
77479 72
77649 78
77650 0
77702 74
77745 50
77898 0
78016 74
78108 0
78133 79
78286 0
78544 74
78636 23
78731 0
78937 74
79308 50
79413 0
79488 78
79566 0
79602 23
79867 0
79891 47
80329 0
80379 78
80394 78
80428 36
80464 0
80518 74
80616 0
81066 72
81102 0
81111 79
81195 0
81232 23
81445 74
81527 0
81562 72
81596 0
81719 23
81730 78
81734 0
81742 23
81789 0
81922 36
81995 36
82008 0
82320 50
82323 0
82459 74
82513 0
82530 79
82667 0
82692 50
82895 0
83036 36
83183 0
83189 50
83259 0
83281 47
83423 0
83434 74
83449 78
83487 23
83897 0
83945 23
83976 78
84130 0
84215 72
84349 0
84412 72
84485 0
84514 79
84620 0
84746 74
84752 0
84823 72
84869 0
84890 47
84961 0
85057 36
85182 0
85402 36
85407 74
85563 23
85614 79
85643 0
85828 78
85935 0
86056 50
86074 0
86150 74
86220 0
86230 23
86251 72
86395 0
86579 72
86811 0
86824 36
87016 0
87046 78
87199 23
87301 23
87377 0
87394 72
87439 0
87594 23
87839 0
87905 50
87909 0
87927 74
88023 0
88086 78
88155 0
88188 23
88201 0
88290 36
88380 74
88422 0
88542 36
88674 0
88752 36
88919 0
89338 47
89365 0
89501 23
89564 74
89642 0
89783 50
89795 0
90121 79
90225 0
90501 23
90757 50
90771 0
91169 78
91369 50
91434 23
91447 74
91503 0
91583 23
91677 23
91982 0
92072 78
92091 0
92154 78
92177 0
92258 50
92325 79
92368 0
92487 47
92544 0
92559 78
92581 0
92636 72
92821 23
93033 0
93099 74
93542 0
93543 78
93567 50
93718 78
93779 0
93856 72
93890 0
93938 74
93946 50
94001 23
94043 79
94059 0
94144 78
94156 0
94237 78
94567 0
94568 72
94701 0
94721 72
94862 0
94934 23
95054 0
95180 23
95341 0
95458 72
95478 0
95482 23
95629 0
95702 78
95964 0
96153 23
96272 74
96292 0
96361 36
96468 0
96609 79
96633 0
96656 23
96664 0
96843 72
97614 23
97687 78
97783 72
97804 0
97962 74
97992 0
98126 50
98270 0
98507 23
98523 0
98818 47
99050 0
99163 78
99241 0
99467 47
99507 0
99562 74
99604 0
99624 78
99837 0
99853 78
246 events for 12
799 46
1400 46
1960 0
2303 46
3553 0
3578 46
3616 0
3656 50
3665 50
3770 0
3939 50
4155 46
4288 0
5015 50
6167 50
6683 0
6986 50
7300 50
7660 0
8039 50
8210 50
8229 46
8694 50
9283 0
9319 50
9607 0
9653 50
10147 0
10847 50
10872 0
11461 46
11971 0
12033 46
12093 46
12157 0
12344 46
12684 0
12891 46
13215 0
13524 46
13873 0
14228 50
14701 0
15386 50
15686 46
15748 46
15902 0
16130 46
16507 0
16809 50
16948 50
17345 0
17729 50
17733 0
17810 50
20003 0
20308 46
21238 0
21825 50
22328 0
22452 50
22528 0
23716 50
24439 50
25276 46
25376 0
25767 46
25878 0
26859 46
27232 50
27462 0
27546 46
28369 0
28852 46
29189 0
29821 46
30414 0
30929 50
31041 46
31749 46
32308 0
32412 50
32647 0
32725 46
33533 46
33977 0
34505 46
34965 0
35296 50
36009 46
36460 50
36651 0
36914 46
37336 0
37356 50
38544 0
38729 50
39271 50
39485 0
40293 50
40439 0
40606 46
42054 0
42889 46
43353 50
43396 46
43728 0
43966 50
44381 50
44612 0
44968 50
45366 0
45619 50
45923 0
46229 50
46593 50
46867 0
46910 50
47117 0
47211 46
48532 0
48540 46
48803 0
48977 46
49357 0
49659 50
50899 0
50954 50
51037 0
51976 50
52256 0
52496 50
52653 0
53125 46
53566 0
53853 50
54575 0
54714 46
54973 46
55017 50
55227 46
56433 0
57216 46
57315 46
57782 0
58258 46
58936 50
59461 46
59805 0
61580 50
61633 50
61766 0
61896 50
62154 0
62577 46
63225 0
63895 46
63936 0
64160 50
64232 0
64343 50
65662 0
65672 50
65705 46
65983 0
66395 46
67125 0
67919 50
68325 50
68582 0
68656 46
68664 0
69552 50
69841 0
71465 46
72239 0
72375 46
74528 0
75073 46
75518 0
76001 50
76512 46
76709 0
76978 50
77345 0
77536 50
78020 0
78433 46
78794 0
78915 50
79233 0
79309 50
80470 50
80859 0
81022 46
81219 0
81348 46
81890 0
82130 46
82603 50
83375 50
83388 0
84232 50
84548 50
84791 0
86179 46
86325 0
86488 50
87194 50
87214 0
87273 46
88194 46
88199 0
88715 50
88849 0
88987 50
89059 46
89671 0
89897 46
90288 0
90363 46
91173 0
91307 50
91392 0
91405 46
91569 46
91879 46
92473 0
92572 50
92882 0
93256 50
94441 50
94456 0
94886 50
95800 0
96334 50
96445 46
97610 0
97685 50
98563 0
99077 50
99142 0
99344 46
99388 0
99800 50
99854 0
384 events for 13
288 93
527 0
1160 93
1389 0
1750 93
1753 0
1759 95
1865 93
1996 94
2096 0
2445 93
2762 90
2777 93
2792 93
2829 94
2848 0
3085 93
3170 0
3287 93
3470 0
4673 95
5077 0
5425 94
5490 0
5591 95
6251 0
6521 93
6706 93
6848 0
6909 90
7265 0
7267 90
7467 0
8338 93
8447 0
9442 93
9511 93
9780 0
9802 90
9912 0
10569 90
10641 0
10761 93
10874 0
11409 93
12798 0
13056 94
13501 0
13615 93
13665 90
13749 93
13903 90
14094 0
14202 93
14212 0
14374 93
14652 0
14919 90
15033 90
15154 0
15815 93
15858 0
15882 93
16093 0
16122 89
16522 0
17210 93
17600 0
17743 93
18482 0
18486 89
19195 0
19429 93
19518 0
19554 93
20233 0
20313 93
20501 0
20534 93
21298 95
21722 0
22719 93
23713 0
24357 93
24396 0
24444 93
24483 94
24825 0
24934 94
25034 0
25242 93
25562 0
25787 93
26517 0
26627 93
26713 0
26902 93
27058 0
27211 93
27353 0
27479 93
27720 0
27780 93
28000 0
28223 93
28316 0
28460 93
28706 0
28789 93
29100 0
29444 93
29519 0
29595 93
29790 0
29996 93
30268 0
30369 90
31924 0
31968 89
32273 0
32305 89
32924 0
33502 93
33676 0
33793 90
33940 0
34418 93
34823 0
34947 94
34957 0
35402 90
35478 0
35635 93
36270 0
36761 93
37121 93
37136 0
37773 93
37893 0
38119 93
38146 0
38409 90
38876 0
38895 94
39104 0
39135 93
39444 93
39628 0
39994 93
40056 93
40261 90
40337 0
40831 93
41186 0
41580 93
41840 0
42279 93
42757 0
43017 93
43530 0
44034 95
44210 0
44265 93
44690 0
45125 94
45207 89
45304 93
45835 93
45931 0
46177 93
46198 93
46366 93
46576 0
46609 93
46627 0
46656 95
46737 0
47600 93
47703 0
47915 93
48297 94
48425 0
48561 89
48719 0
49219 93
49276 94
49337 0
49763 93
50038 93
50384 0
50943 90
51053 0
51261 93
51563 93
51675 93
51786 0
51874 93
52045 93
52529 93
52801 93
53038 0
53149 93
53258 0
53475 90
53780 93
53919 0
54024 93
54542 0
54579 93
54730 94
54932 95
55595 0
55704 94
55997 0
56181 90
56594 93
56789 0
57060 93
57383 0
57409 93
57447 93
57571 0
57657 94
57870 0
58885 89
58956 0
59188 90
59501 0
59949 90
60086 0
60094 95
61010 93
61023 93
61049 0
61234 93
61934 0
62472 90
62708 0
62873 93
63044 93
63158 0
63295 93
63838 0
64108 93
64889 0
65013 93
65189 93
65562 94
65687 0
65848 95
66245 0
66295 93
66300 89
66902 0
67129 93
67238 0
67884 95
68046 0
68190 93
68388 0
68854 93
68895 0
69363 93
69394 93
69678 0
69890 89
69895 0
69925 89
70258 0
70269 94
70452 0
70485 93
70509 95
70603 93
70997 0
71671 93
71932 0
71934 93
71943 0
72062 93
72447 0
72474 94
72661 0
72789 90
72927 0
73013 93
73137 89
73154 0
73250 93
73396 0
73632 90
73737 0
73924 95
73994 0
74138 95
74529 0
74557 93
74590 0
74713 89
75477 93
75492 0
75582 93
75730 0
75734 89
75947 0
76013 93
76168 0
76500 90
77172 95
77370 0
77873 93
77965 0
77997 89
79031 0
79947 93
80096 0
80187 95
80430 0
80539 94
80961 0
81036 95
81279 94
81304 89
81390 0
81488 95
81656 0
83020 93
84293 93
84335 89
84740 94
85247 93
85293 0
85584 93
85692 0
85828 90
85829 0
85884 95
86470 0
87061 90
87587 89
87675 0
87676 93
87985 0
88262 89
88655 0
88878 95
89401 90
89416 0
89597 93
90541 0
90630 93
90681 0
91154 89
91425 0
92196 89
92918 89
92929 0
92936 95
92991 0
93074 90
93217 0
93472 93
93610 0
93644 93
93667 93
93916 0
94191 89
94385 0
94729 93
94759 0
94784 93
95232 0
95363 93
95666 94
95720 0
96540 93
96632 0
97030 93
97356 0
97952 93
98639 0
99240 89
99926 0
99950 89
155 events for 14
607 67
810 0
1752 78
2014 0
3177 90
3304 82
3638 67
3928 0
4992 78
6984 88
8067 67
8442 82
9309 78
9353 0
9405 78
9635 0
9703 78
12544 0
12698 73
13756 67
15269 0
15469 90
16083 0
16838 73
17380 0
17429 90
17796 0
19107 88
19394 0
20671 78
21578 0
21757 82
23465 0
23529 84
25474 0
28089 67
28496 88
28527 75
28956 0
33167 84
33379 0
35947 73
36288 0
36492 82
36634 75
37185 0
37193 67
37872 0
38297 78
39535 0
39766 78
40181 0
40694 73
40902 0
40938 88
41936 0
42160 88
43265 84
43696 73
44307 0
47857 82
47879 0
48640 78
49097 75
49227 0
49524 88
49688 0
49760 88
49836 0
50228 73
50240 73
50655 0
52724 88
52761 0
53299 78
53649 0
54345 84
54904 0
55739 67
57063 90
57351 0
58711 75
59670 0
60013 82
61222 0
61767 82
63516 0
64734 73
65378 0
65962 73
66224 78
66308 0
66451 88
66546 75
66817 0
67690 73
67874 82
67971 0
68049 73
68482 0
68510 67
69574 0
70011 73
70621 0
71230 84
71342 0
71899 90
72054 0
72571 84
72578 0
73192 84
73728 78
73855 0
74027 90
75232 0
75284 73
77035 0
78425 90
78471 75
78954 0
79160 73
80943 0
81331 67
82439 0
83118 73
84248 0
84452 88
85177 0
85309 67
85384 0
86052 82
86556 0
87215 88
87546 90
88305 75
88465 0
89367 88
89520 0
90317 88
91256 0
91844 82
91885 0
91930 82
93552 0
94549 88
94579 0
94618 82
94891 0
95697 82
96272 0
96833 90
97762 84
98264 88
99050 0
99424 84
948 events for 15
55 70
151 0
392 53
452 0
530 61
550 53
571 0
577 57
629 0
703 53
719 0
755 54
1165 0
1269 66
1272 61
1368 54
1430 0
1465 53
1615 0
1679 49
1777 53
1803 0
1813 57
1826 0
1907 49
2089 0
2356 70
2377 0
2458 57
2526 0
2619 49
2699 0
2926 53
3230 0
3778 49
4044 0
4102 70
4130 0
4294 70
4376 0
4405 54
4416 0
4420 66
4449 0
4450 54
4474 0
4572 61
4620 0
4781 61
4788 0
4836 57
5023 0
5057 49
5194 0
5251 66
5277 49
5280 0
5482 66
5582 0
5737 57
5853 61
5891 61
5932 0
6163 49
6224 0
6243 66
6310 0
6436 57
6614 0
6676 61
6755 0
6865 53
6993 0
7054 61
7260 61
7313 0
7515 49
7726 70
7792 0
8025 54
8071 0
8085 54
8225 0
8240 57
8253 0
8400 61
8483 0
8502 66
8512 61
8557 0
8675 57
8707 61
8853 0
9200 70
9206 57
9282 0
9353 53
9723 0
9733 57
9917 0
10323 54
10426 0
10869 53
10906 0
11008 61
11010 0
11197 53
11207 57
11219 49
11403 0
11445 57
11522 57
11619 0
11704 61
11799 0
11849 54
11955 0
12088 61
12099 0
12115 49
12770 0
12823 61
12835 0
12922 70
13064 57
13196 0
13282 61
13340 0
13413 49
13492 0
13696 70
13855 57
13928 0
14168 61
14439 0
14576 61
14606 0
14618 49
14658 0
14679 49
15051 49
15085 54
15105 0
15168 49
15264 0
15348 70
15648 0
15738 53
15837 0
15956 61
15963 61
16343 0
16364 61
16384 66
16503 61
16722 70
16791 0
16802 53
16817 0
17036 53
17097 0
17098 61
17148 0
17379 57
17393 0
17527 54
17631 54
17668 0
17690 49
18155 0
18174 53
18263 0
18286 61
18443 0
18585 61
18638 61
18692 0
18708 54
18718 0
19197 70
19200 0
19502 61
19506 70
19577 0
19602 66
19706 70
19800 0
19854 70
20014 0
20015 61
20365 66
20370 0
20482 49
20969 57
20986 0
21098 61
21171 0
21338 54
21434 0
21902 70
22108 0
22183 57
22279 0
22362 54
22452 0
22486 57
22685 0
22699 66
22713 0
22714 53
22742 0
22771 57
22836 0
23357 61
23674 0
23675 53
23689 0
23827 61
23853 0
23905 70
24021 54
24066 61
24084 0
24168 57
24206 0
24296 54
24456 0
24506 57
24548 0
24603 61
24634 0
24684 54
24886 0
25073 61
25084 54
25133 0
25293 66
25552 0
25902 57
26051 0
26125 61
26140 0
26290 61
26404 0
26479 49
26504 0
26762 49
27075 0
27142 57
27221 57
27229 0
27251 53
27263 0
27351 61
27376 0
27483 57
27681 61
27946 54
28170 57
28180 66
28265 0
28357 61
28370 0
28375 57
28436 61
28755 0
29047 57
29084 70
29245 0
29268 54
29335 0
29589 61
29613 0
29701 70
29803 0
29866 49
30197 0
30199 53
30227 0
30297 70
30932 0
31250 49
31384 61
31449 66
31870 0
31921 54
31997 0
32138 66
32339 0
32854 61
32963 0
33028 57
33058 0
33233 49
33279 49
33288 0
33397 61
33486 49
33496 0
33502 61
33674 0
33705 66
33715 0
33733 57
33757 0
33896 54
33967 0
33975 61
34170 57
34220 70
34236 0
34243 57
34329 54
34330 0
34946 57
35031 0
35044 61
35422 0
35718 49
36015 0
36076 61
36249 0
36363 57
36530 0
36565 57
36688 0
36795 57
36802 0
37095 53
37125 0
37256 57
37493 0
37564 61
37608 0
37647 61
37653 0
37787 61
37814 57
37979 0
38196 61
38299 0
38322 53
38461 0
38521 61
38593 0
38615 49
38687 54
38893 53
38950 54
39020 0
39108 66
39161 57
39208 0
39264 54
39291 0
39458 57
39606 0
39645 57
39708 57
40023 0
40086 61
40211 61
40292 0
40301 70
40418 70
40420 0
40710 53
40785 57
40802 61
40846 0
40904 70
40972 66
41001 0
41083 54
41162 0
41207 70
41356 0
41383 54
41394 0
41598 61
41651 61
41669 0
41936 57
41992 61
42015 54
42140 0
42222 66
42280 57
42350 53
42644 0
42759 61
42867 0
42873 54
43230 0
43483 57
43533 0
43707 70
43786 0
43814 54
43827 0
44060 49
44103 61
44360 0
44373 66
44386 0
44396 53
44526 66
44658 0
44722 54
44887 0
45120 49
45323 0
45366 49
45371 0
45464 53
45473 53
45508 0
45640 57
45668 0
45753 57
45874 0
46040 66
46294 0
46323 66
46325 0
46402 57
46479 0
46734 61
46802 0
46812 66
46849 0
46999 70
47010 57
47301 0
47404 61
47665 0
47703 61
47761 0
47801 53
48087 54
48159 0
48163 57
48181 0
48223 53
48275 0
48343 57
48371 0
48379 57
48443 70
48708 0
48736 53
48762 0
48827 54
48851 0
48877 61
48985 49
49002 61
49135 53
49159 0
49389 57
49515 0
50056 66
50305 0
50386 61
50635 0
51177 54
51569 0
51709 49
51804 61
52197 57
52258 0
52296 57
52393 0
52683 61
52701 0
52753 49
52847 0
53100 49
53138 0
53156 54
53339 0
53497 57
53549 0
53569 66
53581 0
53606 61
53730 49
53751 0
53885 66
53890 0
53956 57
53960 0
54024 54
54051 0
54142 57
54362 0
54379 70
54554 66
54579 61
54697 70
54732 0
54986 57
55311 0
55442 61
55680 61
55883 0
55901 61
55956 0
56030 61
56045 57
56049 61
56131 0
56140 57
56299 66
56361 0
56447 66
56559 0
56670 61
56922 61
56937 0
56941 54
56991 0
57255 70
57296 70
57311 0
57320 66
57784 0
57915 61
57926 0
58042 53
58294 0
58323 61
58417 0
58418 66
58509 0
58720 57
58804 0
58831 61
58871 0
58925 61
58946 0
59003 53
59118 66
59269 53
59305 0
59359 57
59372 0
59403 61
59710 0
60033 70
60086 0
60110 49
60337 0
60592 54
60639 57
60819 57
60856 53
60857 49
61014 0
61060 61
61190 0
61239 57
61245 0
61270 49
61387 0
61591 70
61805 0
61961 53
62017 0
62116 57
62145 66
62265 0
62441 57
62459 0
62514 54
62533 0
62695 54
62708 0
62721 54
62989 0
63026 61
63088 0
63220 66
63247 0
63351 61
63596 0
63645 70
63769 0
63860 66
63919 66
64014 0
64054 61
64283 61
64344 61
64516 0
64580 49
64647 70
64829 61
64946 0
64957 54
64971 0
65079 54
65086 54
65234 0
65365 49
65624 0
65668 53
65763 0
65771 57
65980 0
66120 57
66143 66
66249 0
66358 49
66367 0
66467 57
66525 0
66537 61
66685 54
66689 0
66923 66
67003 0
67077 61
67240 70
67598 0
67688 61
67714 57
67747 53
67972 0
67986 61
68042 0
68202 54
68220 66
68434 0
68486 61
68527 0
68567 57
68600 0
68690 53
68716 70
68919 0
69018 61
69102 0
69209 70
69315 57
69335 70
69414 0
69746 57
69892 0
69942 66
69981 61
70011 0
70188 57
70202 61
70531 61
70604 49
70673 0
70885 70
71165 66
71310 0
71423 57
71509 54
71510 0
71622 61
71754 0
71791 54
71804 0
71826 70
71889 0
71942 61
71952 0
72116 57
72434 0
72556 57
72558 54
72564 0
72611 66
72641 54
72642 0
72693 57
72802 0
72850 66
72930 0
73043 57
73118 0
73197 66
73256 0
73278 49
73306 57
73472 70
73670 54
73742 54
73752 0
73858 70
74236 0
74331 61
74483 57
74650 53
74790 0
74906 66
74943 0
74978 49
75052 0
75170 49
75217 0
75272 49
75416 0
75440 66
75530 0
75615 57
75663 0
75751 57
75883 0
75984 49
76019 0
76033 61
76194 0
76530 49
76717 0
76736 53
76852 0
76912 61
77052 49
77066 61
77135 0
77138 70
77170 49
77182 0
77211 66
77336 0
77348 61
77359 66
77471 54
77829 0
78194 61
78376 0
78473 54
78567 0
78770 66
78998 53
79019 0
79025 70
79147 0
79224 57
79225 0
79227 66
79272 57
79393 0
79599 53
79633 61
79695 0
80004 57
80122 0
80144 61
80240 54
80280 0
80592 66
80630 0
80831 61
80856 66
80859 0
80893 57
81067 0
81111 57
81370 49
81378 0
81404 49
81448 0
81457 66
81488 0
81492 61
81569 0
81602 54
81990 57
82128 61
82402 0
82405 61
82516 0
82615 57
82811 0
83051 70
83128 0
83154 61
83259 54
83319 0
83435 61
83490 0
83646 66
83671 0
83723 70
83891 66
83971 0
84010 66
84042 0
84167 66
84202 0
84298 53
84323 0
84356 57
84547 57
84548 70
84635 0
84827 57
84858 0
84947 61
85346 66
85463 0
85500 70
85694 0
85868 66
86043 0
86169 54
86307 0
86366 70
86448 0
86589 61
86658 0
86706 61
86767 0
86933 66
86952 54
86957 0
87118 57
87156 0
87247 61
87309 0
87349 61
87397 70
87589 0
87778 57
87863 61
87933 0
88028 66
88126 66
88220 0
88271 57
88558 0
88898 57
88919 0
89027 54
89042 0
89162 61
89234 0
89334 70
89377 70
89733 61
89817 57
89863 0
89872 57
89930 0
90051 66
90052 0
90154 49
90243 0
90244 70
90278 0
90288 57
90296 0
90350 57
90371 57
90376 57
90466 0
90585 57
90697 0
90766 57
90970 54
91017 0
91084 61
91251 0
91418 61
91655 0
91721 66
91726 0
91984 53
92044 49
92077 0
92123 49
92161 0
92176 66
92194 0
92202 66
92244 0
92331 70
92512 0
92573 49
92574 0
92872 53
92903 61
93163 0
93388 61
93398 0
93638 61
93763 70
93870 0
93982 49
93989 0
94229 61
94297 0
94452 61
94855 0
95072 66
95180 0
95208 61
95219 0
95263 57
95315 0
95325 66
95393 0
95477 54
95479 0
95575 61
96103 0
96115 54
96141 0
96343 61
96432 0
96508 70
96589 0
96592 57
96760 0
96966 66
97127 49
97213 0
97488 57
97718 0
97862 57
97882 0
97960 66
97962 0
98362 57
98416 57
98781 0
98797 57
98832 0
98880 70
98882 0
98887 57
98941 0
99068 66
99069 0
99236 66
99474 0
99532 54
99608 0
99684 61
99764 70
99891 0
99942 49
