16 buffers
142069 13359
283227 14613
208851 27381
252594 10157
158714 26805
74567 14401
216659 9903
184467 22281
133752 21978
36393 4468
208330 23085
75888 1417
181338 7749
166794 18711
193778 29640
296925 36691
60 downlinks
0 250 1667 558
1 1917 3334 689
2 3584 5001 728
3 5251 6668 638
4 6918 8335 521
5 8585 10002 563
6 10252 11669 672
7 11919 13336 633
8 13586 15003 553
9 15253 16670 516
10 16920 18337 646
11 18587 20004 568
12 20254 21671 520
13 21921 23338 515
14 23588 25005 571
15 25255 26672 668
16 26922 28339 594
17 28589 30006 720
18 30256 31673 641
19 31923 33340 538
20 33590 35007 559
21 35257 36674 559
22 36924 38341 517
23 38591 40008 554
24 40258 41675 567
25 41925 43342 527
26 43592 45009 659
27 45259 46676 530
28 46926 48343 671
29 48593 50010 613
30 50260 51677 595
31 51927 53344 641
32 53594 55011 753
33 55261 56678 587
34 56928 58345 688
35 58595 60012 620
36 60262 61679 529
37 61929 63346 656
38 63596 65013 744
39 65263 66680 632
40 66930 68347 717
41 68597 70014 559
42 70264 71681 518
43 71931 73348 615
44 73598 75015 720
45 75265 76682 655
46 76932 78349 723
47 78599 80016 689
48 80266 81683 628
49 81933 83350 682
50 83600 85017 513
51 85267 86684 615
52 86934 88351 599
53 88601 90018 734
54 90268 91685 612
55 91935 93352 533
56 93602 95019 578
57 95269 96686 745
58 96936 98353 721
59 98603 100020 508
397 events for 0
1114 57
1233 44
1557 0
2369 45
2375 0
2940 57
3099 0
3163 44
3335 64
3398 0
4319 64
4376 0
4740 70
4801 0
5284 75
5356 44
5637 64
5726 0
6415 57
6460 0
6480 64
6542 0
6736 64
7026 0
7790 48
7912 0
7987 63
8200 0
8211 44
8672 70
9561 0
9637 57
9792 75
9961 45
10915 0
11254 44
11466 0
11769 70
11804 0
12052 45
13093 0
13196 70
13227 0
13916 63
14683 0
14731 70
14847 0
15393 70
15397 0
15457 44
15996 70
16631 0
17251 57
17287 0
17879 75
18055 44
18200 0
18690 70
18820 0
19218 57
19413 0
19702 57
19726 75
19793 48
20179 0
20702 44
20961 70
21094 0
21275 70
21418 57
21836 0
22752 44
22766 0
23318 44
23990 0
24598 45
24796 0
24812 48
24851 0
25019 63
25062 0
25290 70
25618 57
25763 64
26307 0
26341 80
26675 57
27152 63
27283 0
27726 48
27740 0
27821 63
28118 0
28284 48
28638 0
28671 63
29042 75
29076 44
29640 0
30105 63
30366 64
30523 0
30568 48
30599 0
30859 80
31019 0
31049 63
31439 0
31584 63
31912 70
31962 0
32197 63
32344 63
32505 64
32720 0
34046 44
34352 0
34390 64
34870 45
34925 45
34983 0
35066 80
35222 70
35311 0
36302 64
36762 64
36919 0
37148 64
37190 0
37349 57
37766 0
38201 63
38270 0
38504 45
38576 80
38706 0
39587 63
39654 0
39728 64
40128 75
40359 0
41423 70
41501 0
41617 80
41744 75
41863 63
42174 0
42269 45
42272 0
42316 80
42421 0
42682 80
42803 0
43011 63
43595 0
43616 48
43945 0
43949 44
44316 0
44473 75
44762 64
44775 0
45597 48
45871 0
46085 75
46104 0
46116 64
46379 57
46942 0
47017 70
47191 0
47201 70
47425 48
47519 0
47727 44
48110 0
48670 64
48687 0
48985 64
49039 0
49262 70
49461 0
49829 64
49866 57
49929 0
49983 44
50085 0
50870 75
51291 48
51296 0
51318 45
51422 45
51433 64
51638 0
51709 44
51884 0
52079 48
52309 75
52412 70
52429 0
52663 63
52669 45
52723 0
53039 63
53247 44
53322 48
54247 44
54817 0
54834 64
54941 0
55135 80
55211 0
55517 70
55650 64
56078 44
56131 0
56454 75
56860 45
57205 0
57223 80
57354 63
57395 80
57472 0
57533 80
57756 80
57820 0
58291 48
58695 70
58891 63
59513 0
59721 70
59793 0
59827 48
60488 0
61084 63
61410 0
61426 64
61617 0
61883 48
62130 0
62298 70
62310 45
62525 0
62627 63
62836 0
63187 45
63666 0
63760 75
64282 0
64363 75
64411 0
64494 48
64719 0
64943 48
65079 70
65447 64
65787 0
65927 45
66273 0
66472 45
66566 0
66628 75
66896 0
66913 70
67241 0
67489 75
67875 57
68050 0
68386 44
69198 80
69330 0
69421 57
69867 44
70753 0
70800 63
71197 0
71472 80
71535 0
71610 45
71814 0
71896 44
72508 44
72621 0
72846 63
72853 80
72857 45
73171 0
73582 57
73583 48
73897 0
74021 48
74267 0
74359 70
74363 0
74860 75
75630 75
76604 0
77485 80
77586 0
77599 64
78020 57
78151 0
78372 48
78484 0
78728 44
78901 0
79145 63
79517 64
79819 0
79830 75
80108 75
80120 0
80228 57
80278 0
80609 64
81147 0
81427 45
81502 0
81651 70
81786 0
81993 63
82200 0
82371 44
82499 0
82559 70
82688 0
82852 44
83197 0
83734 64
83863 0
84053 48
84057 0
84155 64
84467 0
84478 48
84537 0
84705 80
85402 70
85406 0
85622 75
86055 75
86150 0
86368 75
86445 75
86514 0
86660 63
86668 0
87161 80
87429 0
87478 63
87550 80
88172 0
88552 48
88703 0
88850 70
89030 0
89111 75
89188 75
89252 0
89339 44
89662 0
89676 80
89991 0
90007 48
90283 0
90701 45
91034 0
91289 45
91526 64
91922 0
92655 57
93071 44
93521 0
93714 64
93828 0
94129 48
94239 0
94242 64
94508 0
94951 70
95061 0
95261 70
95583 0
95733 63
95760 0
95974 75
96027 64
96239 0
96624 57
96987 0
97671 63
98276 63
98386 0
98465 75
99216 0
99228 75
99798 0
238 events for 1
149 53
426 0
630 93
906 0
1266 82
1497 0
1570 82
1634 93
1910 93
2086 58
2315 0
2654 93
4343 0
4880 53
5396 0
6660 46
7117 0
7202 53
7421 82
7900 0
8343 46
8818 0
9076 79
9401 46
9955 0
10560 70
10644 0
11026 70
11147 46
11819 0
12000 79
12353 0
12559 90
12809 0
12820 79
13066 0
13191 79
13894 0
14486 46
14604 53
14714 0
15309 58
15668 0
16772 90
16838 0
17214 90
17558 0
18058 70
18448 0
18505 79
18686 0
18910 70
19101 0
19587 53
19596 53
19920 46
20232 0
20504 82
20707 82
20938 93
21006 0
21099 46
22509 0
22548 90
22606 0
22786 82
23763 0
24271 46
25052 0
25248 70
25775 70
26100 0
26178 90
28264 0
28944 79
29312 0
30480 58
30868 0
31601 58
31954 93
32125 82
32494 0
33068 46
33408 0
33997 82
35636 0
36121 93
36285 0
36394 90
36917 0
37945 93
38189 53
38556 0
39473 58
39501 90
39686 90
40687 0
41461 82
42060 0
42470 79
42628 70
42641 0
43065 58
43137 0
43187 58
43224 0
43512 53
43571 90
43629 0
43734 46
44105 0
44337 58
44723 70
45615 0
46381 70
47285 0
47680 79
47738 0
47785 70
48249 0
48330 70
48678 79
49522 0
52332 53
52455 0
53875 58
55134 79
55316 0
55416 90
57446 79
57795 0
57920 82
59517 0
59579 90
60090 82
60217 93
60292 58
61306 0
61489 82
61891 0
62454 58
62980 0
63101 90
64084 0
64139 82
64553 0
64708 82
65615 0
65694 79
66034 79
66452 0
66693 93
67988 0
68072 82
69079 0
69399 82
69529 70
69672 0
69897 90
70874 0
71863 46
72121 0
72209 70
72212 90
72395 46
73045 0
73250 58
73717 0
73748 46
73821 0
74339 93
74392 0
74713 46
74960 0
75600 58
75673 0
75849 82
76341 0
76834 70
76925 70
78008 0
78052 90
78657 0
78665 70
79186 58
79257 0
79581 82
79594 0
79802 53
80838 46
80958 0
81529 93
82542 0
82688 53
83265 0
83319 70
83714 70
84095 58
84230 58
84268 93
84424 0
84594 79
84892 0
85772 58
85945 70
86690 0
87292 82
87667 0
87924 70
88009 0
90109 58
90200 0
90490 79
91332 79
92133 0
92410 90
92704 0
92859 79
92893 0
93229 70
93520 0
93529 58
94031 93
94325 0
94900 58
96161 82
96934 0
97093 79
97321 53
97496 0
97512 90
97627 93
98271 0
98420 58
98868 0
99060 90
99438 0
99909 70
900 events for 2
186 85
214 85
320 85
593 85
602 85
626 0
736 85
771 0
993 85
1148 0
1239 85
1273 0
1301 85
1343 0
1372 85
1481 0
1559 85
1710 0
1850 85
1876 85
1893 0
2183 85
2318 85
2341 85
2462 0
2489 85
2541 0
2657 85
2689 0
2705 85
2738 0
2800 85
2950 0
2996 85
3135 85
3281 0
3516 85
3999 0
4077 85
4200 0
4356 85
4421 0
4583 85
4649 0
4683 85
4751 0
4754 85
4771 85
4801 0
4884 85
5014 85
5037 0
5053 85
5119 85
5280 85
5343 85
5585 0
5616 85
5823 85
6044 0
6071 85
6099 0
6113 85
6187 85
6255 0
6549 85
6785 0
6807 85
6821 0
7018 85
7204 0
7333 85
7364 0
7519 85
7532 0
7572 85
7596 85
7698 0
7725 85
7759 0
7827 85
7842 85
7960 0
7962 85
7968 0
8063 85
8294 0
8301 85
8307 0
8344 85
8705 0
8724 85
8849 0
8874 85
9012 0
9108 85
9117 0
9430 85
9486 85
9546 0
10078 85
10216 0
10490 85
10641 0
10707 85
10735 0
10831 85
11381 85
11489 0
11774 85
11797 0
12010 85
12038 85
12072 85
12096 85
12227 0
12310 85
12328 0
12399 85
12421 0
12516 85
12574 85
12713 85
12771 0
12880 85
13007 85
13083 0
13440 85
13497 85
13545 85
13666 0
13733 85
13763 85
13824 0
13876 85
14121 85
14146 0
14242 85
14338 85
14384 0
14481 85
14736 85
14758 0
14766 85
14837 85
14977 0
15026 85
15218 85
15291 0
15297 85
15492 0
15503 85
15601 0
15693 85
15865 0
15892 85
16022 0
16023 85
16117 0
16373 85
16383 0
16474 85
16513 0
16538 85
16572 0
16721 85
16810 0
16948 85
17030 0
17167 85
17230 0
17617 85
17752 0
18001 85
18007 0
18115 85
18126 85
18262 0
18324 85
18832 0
19301 85
19315 0
19453 85
19497 0
19894 85
19895 0
19998 85
20317 0
20424 85
20425 0
20855 85
20871 0
20963 85
20993 0
21108 85
21283 0
21348 85
21502 0
21594 85
21617 85
21671 0
21997 85
22103 0
22266 85
22290 0
22425 85
22502 0
22646 85
22684 0
22737 85
22850 85
22889 85
22974 0
22976 85
23113 0
23226 85
23276 85
23499 0
23577 85
23710 85
23785 85
23821 0
24069 85
24228 85
24286 0
24386 85
24475 85
24497 85
24593 85
24779 0
24884 85
25107 0
25353 85
25544 0
25594 85
25766 85
25785 0
25799 85
25841 0
25943 85
26132 0
26224 85
26374 0
26492 85
26732 85
26749 85
26787 85
26791 0
26854 85
26956 0
26986 85
26995 0
27132 85
27136 0
27236 85
27536 0
27577 85
27866 0
27885 85
27895 85
27941 0
27953 85
27988 0
28097 85
28126 0
28132 85
28204 0
28286 85
28365 0
28419 85
28428 0
28438 85
28497 85
28612 0
28703 85
28758 0
28870 85
29043 0
29207 85
29233 0
29434 85
29454 0
29529 85
29948 0
30105 85
30363 0
30437 85
30481 85
30548 85
30723 85
30742 0
30789 85
30845 0
30849 85
31031 85
31247 0
31274 85
31306 0
31577 85
31929 85
31988 85
32041 0
32264 85
32408 0
32441 85
32521 0
32556 85
32803 0
32987 85
33070 0
33121 85
33173 85
33266 85
33639 0
33679 85
33753 0
33810 85
33821 85
33887 0
33927 85
34110 0
34301 85
34448 0
34602 85
34642 0
34728 85
34839 0
34869 85
34968 0
35069 85
35122 85
35183 85
35245 85
35423 0
35430 85
35472 0
35535 85
35613 85
35728 0
35802 85
35971 85
36019 85
36215 0
36558 85
36791 0
36819 85
36919 85
37135 0
37149 85
37412 0
37428 85
37582 0
37740 85
37792 0
37874 85
37899 0
38087 85
38115 0
38284 85
38317 0
38396 85
38650 0
38839 85
38920 0
38923 85
38932 0
38937 85
38964 0
39036 85
39456 85
39577 0
39592 85
39606 85
39609 85
39761 0
40108 85
40153 0
40293 85
40354 0
40460 85
40526 85
40681 85
40707 0
40919 85
41005 0
41237 85
41251 0
41309 85
41468 85
41484 0
41648 85
41705 0
41895 85
42142 0
42203 85
42325 85
42364 85
42412 85
42705 0
42770 85
43039 0
43047 85
43237 0
43298 85
43392 0
43403 85
43461 85
43628 0
43650 85
43669 0
43686 85
43889 0
43990 85
44087 85
44089 0
44258 85
44560 0
44602 85
44845 0
45040 85
45439 0
45461 85
45508 0
45539 85
45611 0
45629 85
45684 0
45840 85
45875 0
45886 85
45982 85
46154 85
46219 0
46235 85
46312 85
46378 0
46523 85
46632 0
46694 85
46827 0
46941 85
47099 85
47331 85
47416 0
47478 85
47607 85
47880 0
48088 85
48209 0
48247 85
48498 0
48591 85
48615 0
48775 85
48796 85
48960 0
49165 85
49192 85
49323 85
49470 0
49652 85
49948 0
49970 85
50010 85
50150 85
50177 0
50312 85
50510 85
50694 0
50732 85
50764 85
50861 0
50862 85
50939 0
51081 85
51246 0
51269 85
51270 85
51275 85
51332 85
51896 0
51971 85
52056 0
52266 85
52492 0
52545 85
52948 0
53169 85
53248 0
53654 85
54109 0
54271 85
54367 0
54449 85
54495 0
54532 85
54588 85
54657 0
54733 85
54741 0
54770 85
54922 0
55108 85
55488 0
55547 85
55599 0
55642 85
55677 0
55829 85
56081 0
56306 85
56389 85
56427 85
56477 85
56602 0
56680 85
56801 0
56810 85
56823 85
56881 0
56883 85
56989 85
57227 0
57363 85
57716 0
57811 85
57818 0
57854 85
58022 85
58023 85
58042 0
58052 85
58098 0
58429 85
58612 0
58684 85
58763 0
58883 85
58989 0
59002 85
59113 0
59131 85
59390 0
59532 85
59649 85
59661 0
59818 85
59995 85
60062 0
60163 85
60196 0
60243 85
60333 0
60354 85
60422 0
60424 85
60455 0
60531 85
60556 0
60591 85
60745 0
60856 85
60860 0
60921 85
60979 0
61046 85
61072 0
61136 85
61229 0
61274 85
61338 85
61366 0
61462 85
61489 0
61719 85
61765 0
61832 85
61938 0
61939 85
62072 0
62198 85
62213 85
62360 85
62365 0
62371 85
62464 0
62471 85
62564 0
62567 85
62586 0
62651 85
62843 0
62853 85
62874 0
63028 85
63166 85
63241 85
63269 0
63444 85
63516 0
63717 85
63839 0
63997 85
64072 85
64177 0
64432 85
64799 0
64900 85
64978 0
64979 85
65040 85
65088 0
65143 85
65213 85
65365 85
65498 0
65632 85
65646 0
65695 85
65739 0
65757 85
65910 0
65931 85
66064 85
66220 0
66252 85
66295 85
66393 85
66418 0
66446 85
66563 85
66778 85
66988 0
67269 85
67421 0
67462 85
67546 85
67558 0
67578 85
68222 85
68229 85
68240 0
68254 85
68287 0
68904 85
69037 0
69189 85
69232 0
69327 85
69371 0
69482 85
69549 0
69579 85
69699 85
69716 0
69736 85
69802 85
69873 0
70006 85
70112 0
70433 85
71005 0
71044 85
71246 0
71591 85
71639 0
71688 85
72051 0
72386 85
72515 85
73032 0
73258 85
73349 85
73658 0
73726 85
73794 85
73809 0
73947 85
73958 0
73974 85
74014 0
74087 85
74105 0
74190 85
74648 85
74905 0
75282 85
75305 85
75372 85
75460 0
75514 85
75650 85
75677 85
75726 85
75779 0
75880 85
75900 85
75922 85
76118 85
76357 0
76366 85
76464 85
76498 0
76551 85
76621 0
76725 85
76729 0
77022 85
77289 0
77348 85
77559 0
77831 85
77968 85
77974 0
78058 85
78087 0
78257 85
78320 0
78369 85
78378 0
78384 85
78437 0
78500 85
78554 85
78588 85
78722 85
78768 0
78786 85
78968 0
79223 85
79436 0
79530 85
79983 85
80136 0
80446 85
80455 0
80504 85
80615 0
80630 85
80663 0
80686 85
80738 0
80791 85
81120 0
81442 85
81477 0
81914 85
81928 0
81939 85
82053 0
82181 85
82191 0
82289 85
82390 0
82616 85
82669 85
82763 0
82783 85
82859 0
83265 85
83274 85
83292 0
83530 85
83587 0
83810 85
83966 0
84144 85
84424 0
84545 85
84558 85
84759 0
84787 85
84856 85
85351 85
85485 0
85574 85
85583 0
85823 85
86076 0
86302 85
86593 0
86615 85
86842 0
87245 85
87257 85
87330 0
87497 85
87512 0
87515 85
87602 0
87622 85
87627 85
87666 0
87678 85
87715 0
87833 85
88032 85
88036 0
88310 85
88475 0
88499 85
88570 85
88574 0
88685 85
88727 0
89663 85
90162 85
90260 85
90428 0
90459 85
90477 0
90717 85
90785 0
90918 85
91019 0
91028 85
91090 0
91096 85
91287 0
91510 85
91519 85
91530 0
91625 85
91648 0
91674 85
91717 85
91814 85
91867 0
92047 85
92128 0
92256 85
92264 0
92395 85
92428 0
92773 85
92820 0
93135 85
93305 0
93366 85
93371 0
93619 85
93663 0
93743 85
93778 0
93859 85
93968 85
93988 0
94114 85
94218 85
94270 85
94323 0
94345 85
94449 0
94464 85
94513 0
94678 85
94745 0
94827 85
94890 0
94927 85
94961 85
95282 0
95340 85
95343 0
95389 85
95541 0
95607 85
95796 85
95847 0
95925 85
96007 0
96350 85
96440 85
96601 0
96953 85
97128 0
97436 85
97741 0
97996 85
98072 0
98176 85
98239 85
98303 0
98590 85
98854 0
98867 85
98978 0
99107 85
99172 0
99227 85
99277 0
99368 85
99466 0
99475 85
99480 0
99538 85
99606 0
99661 85
99704 0
99889 85
861 events for 3
14 82
94 0
270 81
328 81
550 81
612 0
661 81
669 0
680 81
723 0
935 82
1158 0
1189 81
1232 81
1288 81
1419 0
1713 81
1734 0
1739 82
1833 0
1847 81
1869 81
1876 81
1998 0
2034 82
2872 81
2975 81
3199 0
3209 82
3239 0
3343 81
3427 0
3440 81
3510 0
3613 81
3859 0
3909 81
3931 0
4004 81
4156 0
4220 81
4368 0
4377 82
4414 0
4744 81
4912 0
5245 82
5269 0
5431 81
5432 0
5444 82
5502 0
5577 81
5675 0
5702 82
5716 0
5777 81
5966 0
6000 82
6259 0
6360 81
6388 0
6475 82
6516 0
6603 81
6625 0
6651 81
6678 0
6685 81
6767 81
6791 0
6881 81
7402 0
7568 81
7580 0
7583 82
7711 0
7761 81
7792 0
7806 82
8064 0
8200 81
8283 0
8380 81
8479 0
8512 82
8644 81
8664 0
8721 81
8765 0
8889 81
9095 0
9321 81
9351 0
9462 81
9487 0
9559 81
9634 0
9722 81
9723 0
9950 81
9955 81
10048 81
10106 0
10199 81
10243 0
10437 81
10446 0
10737 81
10832 0
10844 81
10891 81
10904 0
11025 81
11062 0
11309 81
11677 0
11775 81
11891 0
11909 82
12050 81
12074 0
12306 81
12333 0
12511 81
12855 0
13025 81
13171 0
13233 81
13626 0
13820 81
13943 0
14216 81
14253 0
14393 81
14397 0
14504 82
14694 0
14876 81
15213 0
15803 81
15967 0
16219 82
16262 0
16273 82
16628 0
16653 81
16810 0
16860 81
17052 0
17090 81
17500 0
17694 81
17826 0
18044 81
18117 0
18267 82
18706 0
18740 81
18981 0
19096 81
19290 81
19462 81
19505 81
19698 81
19740 0
19777 82
20048 0
20443 81
20624 0
20647 81
21044 0
21235 81
21246 0
21348 81
21432 81
21709 81
21915 0
21955 82
21980 0
22010 81
22553 82
22563 81
22569 81
22585 0
22609 81
22708 82
22772 0
22857 81
22896 81
23027 81
23110 0
23130 82
23391 81
23433 0
23492 81
23505 82
23514 81
23613 0
24082 81
24178 0
24601 81
25127 0
25616 81
25692 81
25772 0
25852 81
25857 0
26170 82
26342 0
26682 81
27046 81
27300 81
27385 81
27409 81
27438 81
27442 81
27813 0
27910 81
28059 81
28375 81
28521 0
28524 81
28568 0
28622 81
28731 81
28749 0
29094 81
29156 0
29222 81
29296 0
29424 81
29530 82
29921 0
29985 81
30075 0
30217 81
30443 0
30471 81
30584 0
30752 81
31043 0
31419 81
31765 0
31973 82
32279 0
32617 81
32661 81
32746 0
32765 81
32877 0
32904 81
32936 81
32978 0
33024 81
33032 0
33102 81
33138 81
33144 0
33238 81
33321 0
33418 82
33517 0
33526 81
33754 81
33943 0
34082 81
34226 0
34515 81
35190 0
35301 81
35483 81
35502 0
35643 82
35839 81
35905 0
36080 81
36123 0
36137 81
36547 0
36656 81
36687 0
36781 81
36819 0
36903 81
37283 0
37338 81
37349 81
37373 0
37426 81
37449 81
37501 81
37578 0
37705 82
37750 0
37888 81
37902 0
37945 82
38042 0
38079 81
38187 81
38203 0
38294 81
38312 0
38330 82
38539 0
38546 82
38737 0
38844 81
38854 0
38874 81
38899 0
38975 81
38987 81
39049 0
39266 81
39381 81
39394 0
39748 81
39752 0
39931 81
40102 0
40225 81
40357 0
40405 81
40511 0
40645 81
40682 0
40805 81
40848 81
40849 0
40904 81
41130 81
41397 0
41482 81
41571 81
41666 82
41714 81
41833 0
41858 81
42152 0
42399 81
42742 0
42920 81
43171 0
43398 81
43413 0
43544 82
43547 81
43637 0
43977 82
44056 81
44057 0
44089 81
44466 0
44590 82
44634 0
44685 82
44714 0
44785 81
44851 0
44953 82
45017 0
45385 81
45402 81
45476 0
45517 81
45544 0
45595 81
45816 82
45854 0
45986 81
46057 0
46164 81
46275 81
46328 0
46461 81
46470 0
46476 81
46497 0
46505 81
46789 0
47077 81
47135 81
47141 0
47206 81
47213 0
47555 81
47952 0
47975 82
48126 0
48134 82
48170 0
48302 81
48375 81
48510 0
48581 81
48643 81
49067 0
49165 81
49227 81
49380 0
49890 82
50042 81
50257 0
50462 81
50574 0
50591 81
50659 81
50749 0
50811 81
50836 0
50902 81
51006 81
51367 0
51394 81
51411 81
51532 0
51735 81
51818 0
51984 81
52019 0
52084 81
52223 0
52271 81
52401 0
52485 81
52583 0
52591 81
52696 0
52825 81
52912 0
53213 81
53496 0
53612 81
53693 0
53696 81
53735 81
54333 0
54414 82
54440 81
54526 0
54646 81
54799 0
54871 81
54879 0
54900 81
54939 0
54961 82
55014 0
55190 81
55213 0
55582 81
55727 81
55755 0
55838 81
55904 0
56259 81
56260 81
56373 81
56666 0
56863 81
57191 81
57219 0
57242 81
57262 0
57482 81
57617 0
57725 81
57786 0
57842 81
57882 82
58046 82
58116 0
58128 81
58130 0
58159 81
58230 82
58238 81
58353 81
58395 81
58638 0
58692 81
58827 0
58923 81
59003 0
59067 81
59085 0
59113 82
59202 81
59232 0
59300 82
59374 81
59392 0
59437 81
59578 81
59611 0
59722 81
59820 0
59915 81
59974 0
60020 81
60374 0
60490 81
60690 81
60722 0
60726 81
60767 0
60798 81
60821 0
60833 81
60931 81
61014 0
61042 81
61278 0
61449 81
61491 0
61600 82
61828 82
61829 82
62000 0
62119 81
62130 82
62282 0
62449 81
62641 0
62648 82
62753 0
62827 81
62830 0
62836 81
62942 82
63219 0
63227 81
63312 0
63989 81
64288 0
64338 82
64380 0
64419 81
64529 0
64633 81
64780 0
64897 82
64976 81
65019 82
65180 0
65237 81
65407 0
65668 82
65669 0
65674 81
65693 0
65777 81
65931 81
65945 82
66347 0
66431 81
66467 82
66550 81
66552 0
66553 82
66898 0
66935 81
67163 0
67220 81
67269 81
67449 81
67688 0
67709 81
67838 0
67841 81
67929 81
68037 0
68106 82
68259 0
68264 81
68314 0
68325 81
68342 81
68755 0
68838 81
68897 0
68938 81
68975 81
69095 0
69562 82
69605 0
69628 81
69630 81
69662 81
69788 0
69907 81
69992 0
70178 81
70202 0
70223 81
70447 0
70572 81
70578 0
70612 81
70689 0
71071 81
71087 0
71389 81
71536 0
71768 81
71969 0
71985 82
72321 0
72338 82
72526 81
72627 0
72841 82
72886 0
72896 81
72934 82
73328 0
73472 81
73539 0
73615 82
73698 0
73778 82
73990 0
74150 81
74187 0
74334 81
74478 0
74624 81
74646 0
74968 81
75040 0
75061 82
75075 0
75079 82
75152 0
75190 82
75335 0
75467 81
75526 81
75558 0
75559 81
76438 0
76471 81
76491 0
76676 82
76766 0
76863 81
77185 81
77394 0
77409 81
77455 82
77492 0
77788 82
77818 0
77867 81
77902 0
78159 81
78463 0
78519 81
78632 81
78797 81
78960 81
78990 81
79166 82
79199 0
79695 81
79802 81
79939 0
80093 81
80238 82
80575 0
80633 81
80659 0
80672 81
80992 0
81020 81
81098 81
81280 0
81286 82
81370 0
81416 82
81539 0
81650 82
81678 0
81757 82
81762 81
81825 81
81946 0
82006 81
82055 0
82193 82
82235 81
82410 0
82615 81
82846 81
82872 0
82873 82
83189 82
83233 0
83382 81
83618 0
83784 81
83796 81
83826 0
83831 82
83898 81
84172 0
84301 81
84310 0
84311 81
84408 0
84493 81
84536 82
84545 82
84631 0
84730 81
84777 0
84791 81
84906 0
84928 81
85355 0
85491 82
85500 81
85535 0
85593 81
85617 0
85619 81
85808 81
85848 0
85900 82
86047 0
86051 81
86058 0
86270 82
86276 0
87011 82
87219 82
87265 0
87393 81
87402 81
87447 0
87462 82
87497 0
87514 81
87819 0
88072 81
88094 0
88119 81
88233 81
88338 81
88341 81
88477 81
88483 82
88525 81
88530 0
88696 81
88850 81
89007 0
89203 81
89283 0
89327 81
89493 0
89503 81
89528 0
89611 81
89639 0
89885 81
90129 0
90293 81
90476 0
90482 81
90578 0
90712 81
90719 0
90767 81
90818 0
90852 81
90893 0
91081 81
91102 0
91114 81
91134 81
91190 81
91259 81
91566 81
91616 0
91824 81
91952 82
91973 0
92080 82
92127 0
92332 81
92593 0
92790 82
92945 0
93009 82
93223 0
93254 81
93269 81
93273 0
93294 82
93389 0
93416 82
93530 0
93894 82
94049 0
94094 82
94126 0
94195 81
94458 0
94461 81
94481 0
94504 82
94543 0
94878 81
94980 0
95066 81
95092 0
95130 81
95221 0
95250 82
95274 0
95328 81
95361 0
95564 81
95770 0
95844 81
95934 0
95938 81
96337 0
96511 81
96651 0
96696 81
96810 0
96964 81
97002 81
97268 0
97343 81
97513 0
97530 82
97577 0
97632 81
97641 82
97727 0
97986 81
97999 0
98098 82
98559 0
98717 82
98861 0
98871 81
98976 0
99043 82
99177 81
99248 0
99698 81
99757 82
99770 81
99795 0
99888 81
846 events for 4
197 67
272 0
364 70
441 0
615 50
801 0
961 31
1061 0
1265 44
1367 70
1414 0
1488 50
1534 0
1674 58
1758 0
1837 67
1946 0
2003 67
2035 0
2062 67
2103 0
2117 31
2167 58
2214 0
2261 50
2352 70
2474 32
2969 0
3186 70
3344 0
3394 67
3502 0
3510 50
3788 0
3832 32
3972 0
4209 70
4357 0
4374 67
4745 32
4851 0
5117 45
5187 0
5214 58
5322 0
5410 44
5591 45
5632 70
5856 45
5904 0
5914 31
5984 0
5994 45
6127 0
6128 45
6375 0
6555 70
6738 0
6798 45
6846 0
7252 67
7375 32
7531 0
7820 31
7845 0
7981 32
8002 50
8118 0
8321 44
8329 0
8475 70
8765 0
8835 50
8911 0
9206 67
9293 0
9332 31
9552 0
9688 58
9725 0
9740 31
9802 0
9816 50
9890 0
9959 50
10141 0
10147 50
10167 0
10178 32
10348 0
10381 67
10495 0
10758 58
10914 0
10916 31
10948 32
10999 44
11339 0
11408 31
11598 70
11776 0
11783 45
11844 44
12091 0
12219 67
12415 0
12454 50
12467 0
13024 70
13034 0
13041 45
13052 0
13197 32
13210 58
13256 0
13304 70
13331 58
13642 0
13829 58
13896 0
13901 50
13918 0
14070 70
14177 0
14199 70
14259 0
14415 58
14526 0
14546 31
14589 0
14681 44
14927 0
14949 32
15149 32
15231 0
15650 31
15835 0
15930 58
16020 0
16166 45
16179 67
16187 0
16192 50
16320 0
16415 45
16416 44
16469 0
16523 45
16669 70
16804 44
17243 70
17262 0
17384 58
17442 0
18214 70
18250 0
18253 50
18389 0
18408 70
18430 58
18502 0
18517 45
18660 0
18675 50
18760 0
18778 58
18840 45
18950 70
18961 32
19093 0
19105 44
19237 0
19405 32
19451 31
19521 0
19522 67
19597 0
19749 70
19933 31
20119 31
20308 0
20612 70
20781 0
21735 70
21754 0
22154 50
22306 0
22354 45
22374 0
22396 70
22496 31
22514 0
22631 50
22693 0
22734 67
22834 31
22949 0
23118 70
23121 0
23359 44
23562 0
23700 58
23737 0
23738 44
23765 0
23993 31
24008 32
24091 0
24103 58
24109 50
24146 0
24256 58
24463 50
24874 0
24894 67
24984 70
25242 0
25265 70
25352 0
25381 70
25433 0
25472 58
25581 50
25592 0
25625 45
25672 0
25762 58
25839 0
25924 31
26205 0
26217 70
26260 0
26471 32
26594 0
26730 45
26744 50
26885 0
26970 44
27388 45
27424 70
27705 0
27876 50
28266 50
28334 45
28336 67
28361 0
28532 67
28743 0
28875 44
29060 0
29269 58
29313 0
30266 50
30486 0
30767 50
30888 0
30932 58
30943 70
31040 0
31293 31
31298 0
31383 67
31549 45
31671 0
31800 32
31886 70
32068 0
32277 67
32499 0
32719 32
33440 0
33797 31
34188 0
34227 70
34267 0
34343 70
34371 0
34406 58
34499 58
34586 0
34823 31
34947 0
35327 58
35348 0
35373 45
35441 50
35546 0
35671 50
35687 0
35730 44
35949 0
36408 31
36567 0
36568 58
36855 0
37056 50
37168 50
37218 32
37299 0
37312 45
37367 0
37457 44
37458 0
37599 67
37835 0
37907 31
37965 0
38004 32
38025 0
38072 45
38077 0
38280 44
38353 0
38513 70
39028 0
39401 45
39461 0
39511 67
39563 50
39587 44
39716 0
39718 45
39769 32
39785 67
39809 0
39884 32
39895 0
40093 45
40226 0
40344 45
40348 0
40373 50
40446 0
40565 58
40590 0
40591 70
41018 0
41226 32
41770 0
41827 67
41903 0
41909 50
41915 0
41940 45
41965 0
42539 50
42587 0
42589 44
42845 0
42872 70
42964 0
43141 31
43311 0
43335 32
43396 0
43457 58
43562 67
43912 0
43955 45
44042 50
44131 0
44389 58
44422 0
44474 45
44738 0
44789 45
44795 0
44900 58
45110 50
45132 0
45263 31
45419 0
45476 50
45800 31
45909 31
46072 44
46203 0
46282 31
46333 0
46441 50
46581 0
46696 58
46754 0
46776 32
46938 70
47019 0
47159 67
47172 0
47183 31
47187 0
47347 45
47351 31
47556 0
47586 32
47605 0
47664 44
47812 0
47852 31
48196 0
48205 67
48360 0
48523 44
48545 0
48626 45
48813 0
48867 45
48921 0
49073 44
49108 0
49361 50
49537 0
49559 32
49727 67
49841 0
49905 31
50038 0
50082 32
50147 0
50420 67
50519 32
50555 0
50576 45
50622 67
50627 0
50635 44
50670 0
50725 32
50877 0
50959 45
51237 0
51415 70
51476 58
51531 0
51546 50
51561 70
52033 31
52502 67
52540 0
52621 31
52631 0
52636 70
52811 32
52905 0
52924 67
52947 32
53154 45
53333 0
53599 67
53638 45
53681 0
53708 58
54027 45
54190 0
54453 32
54551 50
54555 0
54616 50
54687 0
54767 50
54848 0
54866 67
55008 0
55102 70
55105 0
55121 70
55134 0
55213 44
55278 0
55451 45
55469 58
55674 0
55762 50
55866 70
55977 50
55989 45
56016 0
56055 58
56201 0
56242 31
56267 0
56536 70
56988 0
56991 31
57035 0
57053 50
57115 0
57222 44
57243 0
57289 58
57803 0
57853 31
57944 0
57981 58
58102 0
58230 31
58277 0
58341 45
58508 70
58534 0
58624 45
58652 0
58681 50
58829 70
58900 0
59021 50
59211 0
59247 67
59257 0
59472 32
59533 0
59549 67
59573 0
59652 67
59754 0
60048 31
60200 0
60209 45
60224 58
60257 0
60516 31
60763 0
60897 31
60953 0
60954 31
60977 0
61016 58
61077 50
61187 0
61272 31
61375 44
61406 0
61462 45
61785 0
61847 58
61899 0
61921 58
62049 0
62114 31
62215 0
62233 44
62313 50
62322 0
62463 58
62570 0
62593 58
62625 0
62653 31
62763 70
63055 0
63173 44
63247 45
63344 50
63374 31
63780 0
63796 50
64175 0
64778 50
64968 0
65122 58
65180 0
65310 45
65347 0
65355 31
65530 32
65562 32
65572 0
65822 31
65823 0
65923 32
65969 0
66047 58
66069 0
66303 45
66398 67
66434 0
66806 70
66835 0
66872 70
66876 50
66955 0
67204 58
67590 0
67598 44
67735 0
67878 32
67903 70
68029 0
68040 44
68102 0
68107 67
68481 0
68547 70
68656 0
68733 58
69004 0
69038 67
69053 0
69057 45
69397 0
69428 32
69494 0
69576 44
69585 0
69630 32
69754 32
69823 0
70305 31
70366 44
70459 0
70510 70
70523 0
70584 70
70666 0
70705 70
70952 67
71421 0
71437 70
71571 0
71616 70
71723 0
71817 31
71860 0
71956 50
72013 0
72054 31
72109 0
72143 70
72151 32
72154 0
72211 44
72216 45
72574 45
72615 0
72654 31
72695 67
72745 31
73148 50
73503 32
73586 0
73832 67
73870 67
73917 50
74177 0
74632 58
74704 0
74787 45
75132 31
75134 0
75225 31
75241 0
75292 32
75365 58
75562 0
75694 70
76170 0
76600 32
76749 0
77008 45
77022 45
77230 0
77246 67
77530 50
77591 0
77597 50
77648 58
77796 0
77984 44
78058 0
78164 32
78183 0
78580 58
78622 0
78687 44
79070 0
79134 70
79304 0
79527 58
79971 0
80163 58
80271 58
80404 0
80461 70
80514 0
80550 70
80766 67
80917 0
81016 44
81082 0
81112 50
81141 0
81375 32
81666 0
81771 32
81974 0
82187 70
82247 0
82304 58
82331 0
82489 67
82589 0
82703 50
82948 0
83226 32
83269 0
83389 45
83622 0
83633 44
83734 0
83940 67
83957 0
84017 50
84035 0
84038 58
84157 0
84332 32
84554 0
84769 70
84781 0
84827 70
84879 45
84911 67
84920 0
84954 31
84998 31
85573 0
85894 45
85978 0
85984 45
86018 0
86036 44
86194 67
86256 0
86280 67
86310 0
86666 58
86818 0
86897 44
87011 0
87382 45
87392 0
87408 70
87436 0
87443 31
87445 0
87456 67
87492 50
87499 31
87632 44
87912 58
88013 0
88121 31
88239 0
88473 45
88528 0
88586 67
88597 0
88634 45
89087 0
89278 70
89346 0
89620 67
89680 0
89900 32
90159 0
90315 67
90354 0
90547 70
90589 58
90693 0
90766 70
90891 0
90952 31
91067 70
91125 0
91138 31
91305 58
91523 0
91540 50
91549 50
91562 0
91570 32
91657 0
91913 58
92021 0
92116 58
92118 0
92136 32
92738 0
92851 45
92874 67
92926 44
93016 0
93083 67
93174 0
93283 70
93446 0
93687 58
93731 0
93757 32
93882 0
94011 67
94169 0
94177 32
94359 0
94739 70
94772 45
95088 0
95274 70
95316 0
95345 50
95526 50
95756 45
95932 0
96206 44
96272 0
96615 31
96665 0
96676 67
96910 0
97171 67
97173 0
97224 44
97370 0
97394 32
97470 0
97524 45
97624 0
97770 44
98049 67
98117 50
98403 0
98415 50
98622 0
98626 67
98671 31
98811 0
98989 50
99077 0
99219 44
99417 32
99546 45
99672 0
99774 32
99784 58
99873 58
99898 0
164 events for 5
1099 24
1136 24
1347 0
1352 24
1605 0
3063 27
3275 0
3284 27
3650 0
3663 24
4408 27
4443 0
5526 24
5538 27
5845 20
5953 27
6806 27
7274 0
7352 24
7526 0
7819 24
7915 0
8431 24
10043 0
10131 27
10218 0
10829 20
12023 0
12318 27
14013 24
14291 0
15418 24
15554 0
16390 20
16531 0
16772 27
16901 0
20169 24
22115 0
22350 27
24758 0
24873 24
26085 0
26161 20
27037 24
27215 0
27357 20
27888 27
27928 0
28734 27
29067 0
29904 27
30736 24
31947 0
33386 27
34458 27
34643 0
35061 24
35489 0
36823 20
37099 0
37242 20
37387 0
37937 24
39175 24
39765 0
40165 24
40739 0
41377 27
42162 0
42564 20
42756 0
42998 24
43669 0
45166 20
45356 0
45861 27
45888 0
45998 27
46003 20
46937 0
47212 27
47859 0
48039 20
48145 0
52248 20
53270 24
53545 0
53646 20
53979 0
54601 24
55326 0
55341 20
56288 0
57119 20
57911 0
60107 27
61487 24
61625 0
61682 24
61843 27
61901 0
62284 27
63176 0
64812 20
65288 0
65633 20
65860 0
66181 24
66241 0
70289 20
70424 27
70732 27
71074 20
72349 0
73013 24
73131 20
73340 0
74017 24
75513 24
76278 0
77451 20
77960 0
78058 24
78062 0
78578 20
79118 0
79607 20
79839 0
80045 24
80222 0
80676 27
81045 27
81685 0
81844 20
82514 20
84346 0
84664 27
84694 0
84783 27
85086 0
85770 20
86836 0
87527 24
89797 0
90036 27
90217 20
90684 0
90839 20
91001 0
91474 27
93480 24
93626 0
93755 27
93781 20
96895 0
98309 24
98511 0
98940 20
98962 24
99204 0
99739 27
99809 0
99978 24
809 events for 6
91 71
519 0
545 88
616 0
746 71
1040 0
1078 90
1104 0
1514 90
1644 0
1758 71
1863 0
1982 90
2041 88
2152 0
2286 71
2455 88
2596 0
2754 71
3095 0
3230 90
3269 0
3629 71
4021 0
4107 88
4200 0
5206 90
5389 0
5415 90
5581 0
5613 71
5766 71
5768 0
6175 71
6405 0
6587 71
6732 0
6883 90
6958 0
7033 90
7148 88
7288 0
7432 90
7543 0
7771 90
7918 71
8109 0
8128 88
8217 90
8294 0
8356 88
8385 90
8399 0
8461 88
8496 0
8664 71
8956 88
8989 0
9074 88
9155 0
9458 90
9792 71
9888 0
10043 88
10167 0
10196 88
10268 0
10305 90
10504 0
10537 71
10803 0
10871 88
10954 88
11220 0
11235 90
11505 0
11568 90
11709 0
11746 88
11796 90
11892 0
11995 90
12127 0
12172 71
12310 0
12375 88
12673 0
12717 71
12761 0
12769 90
12910 0
12948 88
13060 0
13088 90
13104 90
13369 71
13374 71
13382 88
13553 88
13798 0
13819 88
13949 0
14324 71
14353 90
14372 0
14437 90
14614 90
14724 0
14967 71
15029 71
15087 0
15261 90
15292 0
15362 71
15494 0
15514 88
15529 0
15606 71
15879 88
16066 0
16067 88
16118 90
16237 0
16430 90
16605 0
16755 88
16972 0
17018 90
17241 0
17320 90
17410 71
17416 71
17702 0
17775 71
17816 0
17958 88
18003 0
18008 71
18088 0
18254 71
18269 0
18544 90
18571 88
18594 0
18821 71
19066 0
19190 90
19295 0
19324 90
19374 0
19460 88
19945 0
19973 88
20078 0
20163 90
20267 90
20500 0
20529 90
20688 0
20784 71
20815 0
21031 71
21093 0
21107 71
21386 71
21701 0
21877 90
21879 0
22005 71
22235 0
22321 88
22549 0
22591 88
22886 0
22945 71
23634 0
24637 90
24759 0
24775 90
25010 0
25106 90
25347 0
25557 90
25656 71
26198 0
26267 71
26368 0
26507 90
26587 0
26652 88
26666 0
26844 90
27016 90
27035 0
27353 90
27402 0
27413 90
27540 71
27742 0
27775 88
27821 0
27871 90
27968 0
28101 88
28173 0
28264 90
28266 0
28563 71
28703 0
28845 88
29041 0
29132 90
29182 0
29219 71
29232 0
29365 88
29495 0
29540 88
29860 0
30062 71
30137 0
30224 88
30414 90
30504 0
30662 90
30830 88
30968 88
31111 0
31278 90
31695 0
31707 90
31727 90
32062 0
32149 71
32272 0
32341 90
32401 0
32440 88
32463 0
32602 71
32640 90
32730 71
32803 71
33048 71
33085 71
33230 0
33334 71
33368 0
33494 90
33570 0
33708 90
33734 0
33828 71
34518 90
34586 71
34620 0
34698 90
34872 0
35275 71
35286 90
35672 88
35713 0
35727 71
35802 0
35832 88
35836 0
35944 90
35965 0
36029 88
36263 0
36555 90
36665 0
36670 88
36707 88
36899 0
36974 71
37055 0
37067 90
37104 0
37185 88
37258 0
37288 90
37446 0
37687 88
37708 0
37762 71
37777 0
37869 88
38110 90
38182 90
38292 0
38443 71
38514 0
38975 88
38990 0
39418 90
39524 0
39550 90
39553 0
39577 88
39803 0
40201 71
40258 71
40377 0
40403 71
40896 0
41115 88
41227 0
41407 90
41566 0
41595 88
41698 0
41793 90
41848 0
42268 90
42324 90
42413 0
42682 90
42806 0
42856 71
43150 88
43456 90
43503 0
43589 88
43618 0
43730 88
43985 0
44006 88
44103 0
44209 90
44374 0
44537 71
44541 0
44770 88
44784 88
45176 90
45247 88
45274 0
45278 90
45341 0
45505 88
45567 0
45573 88
45581 0
45656 71
45682 88
45699 90
45860 0
45935 88
46129 71
46152 0
46312 71
46356 0
46432 90
46478 71
46510 0
46522 71
46566 71
46671 0
46808 90
46910 71
46979 0
47027 88
47124 0
47170 90
47412 0
47530 88
47556 0
47638 71
47793 0
47977 90
48095 0
48211 88
48362 90
48574 0
48599 90
48627 0
49220 88
49294 0
49329 90
49370 0
49475 88
49592 0
49703 71
49723 0
49772 88
49809 71
49890 0
49900 88
50074 0
50213 88
50330 0
50442 88
50443 0
50492 88
50611 90
50685 0
50702 90
50748 0
50838 90
50973 0
51011 88
51253 0
51482 88
51587 0
51694 90
51760 0
52085 88
52096 0
52242 90
52298 0
52406 71
52423 0
52433 90
52503 0
52508 71
52624 0
52939 90
53196 90
53243 0
53580 90
53735 0
53753 90
53804 0
53813 90
53848 88
53914 0
54068 88
54286 0
54319 71
54323 0
54327 71
54719 71
55108 0
55122 88
55175 0
55295 88
55554 0
55739 71
55759 0
56238 90
56405 0
56542 71
56696 0
56799 71
57352 88
57377 0
57378 88
57572 0
57772 88
58076 90
58098 90
58155 0
58283 88
58346 0
58418 88
58460 0
58546 71
58585 0
58598 88
58651 0
58685 71
58705 0
58802 88
58840 88
59019 0
59031 90
59286 90
59518 0
59629 71
60265 0
60344 71
60367 90
60656 0
60674 88
60689 0
60715 71
60752 0
61063 88
61435 90
61449 88
61795 0
61798 90
61811 0
61827 90
61835 0
62252 88
62278 0
62365 71
62738 88
62954 90
63343 0
63411 88
63455 0
63601 71
63602 90
63731 0
63733 71
63827 0
63864 71
64033 88
64132 0
64361 90
64451 0
64487 88
64501 0
64612 88
64686 0
64691 88
64802 0
65082 88
65151 90
65179 0
65489 71
65555 0
65558 90
65726 88
65806 88
65992 0
66040 90
66210 90
66338 0
66369 71
66378 0
66390 90
66458 71
66490 88
66682 0
66698 90
66771 0
66806 90
66869 90
66986 0
67251 71
67284 0
67866 90
67971 0
68055 71
68211 0
68233 90
68240 90
68290 0
68669 90
68856 0
68889 90
68907 90
69067 0
69186 90
69237 0
69342 71
69420 0
69779 71
69967 0
70422 90
70545 88
70573 0
70623 71
70663 0
70665 90
70811 0
70926 88
71180 0
71374 88
71426 0
71540 90
71602 71
71727 71
71871 0
71897 88
72013 71
72015 71
72041 0
72232 88
72435 0
72620 71
72650 88
72803 0
73022 90
73190 0
73199 90
73351 0
73373 88
73495 0
73498 90
73524 0
73569 88
73779 0
73932 71
74056 0
74186 88
74197 0
74227 88
74291 0
74441 71
74511 88
74669 0
74856 90
74894 0
75050 88
75055 0
75274 71
75392 90
75625 0
75877 88
76181 71
76228 0
76326 71
76344 71
76541 0
76689 90
76701 0
76731 71
76965 0
77075 88
77182 0
77316 71
77339 0
77480 90
77506 90
77905 71
77927 71
77957 90
77963 0
78169 71
78203 0
78232 90
78338 88
78423 0
78597 88
78671 0
78990 88
79272 90
79411 0
79449 71
79461 0
79470 71
79519 88
79597 88
79632 0
79649 88
79684 0
79834 90
79933 88
79961 0
79977 90
80061 71
80276 0
80574 90
80687 0
80804 90
80918 0
80940 71
80977 0
81356 88
81418 0
81486 88
81835 0
82108 90
82157 0
82196 90
82270 0
82385 71
82557 0
82608 90
82722 0
82755 88
82790 0
82877 71
83009 0
83098 90
83357 90
83536 0
83538 90
83618 90
83646 90
83977 0
84225 90
84520 0
84553 71
84662 0
84995 71
85022 0
85035 88
85076 0
85204 90
85237 88
85582 0
85717 90
85821 90
85895 0
85919 71
86125 71
86161 0
86557 90
86770 0
87004 71
87016 0
87020 90
87182 88
87189 0
87237 90
87281 0
87293 71
87369 0
87382 90
87657 0
87678 90
87784 71
87953 0
88033 71
88045 71
88078 0
88347 88
88396 0
88561 90
88701 90
88816 0
88941 90
88994 0
89011 88
89083 71
89169 0
89496 88
89570 0
89577 88
89592 88
89624 0
89799 90
89835 0
90038 88
90043 90
90302 88
90321 0
90458 88
90551 0
90582 90
90782 0
90991 71
91289 0
91294 90
91659 90
91756 0
92280 71
92298 88
92453 0
92506 90
92566 0
92642 90
92655 0
92682 71
92683 71
93114 90
93335 0
93430 90
93629 0
93920 71
93950 71
94089 0
94138 88
94338 0
94482 90
94490 88
94641 0
94719 71
95006 88
95049 0
95299 71
95306 88
95427 0
95538 90
95629 0
95673 90
95766 0
95780 90
95830 0
95910 88
95972 88
95988 90
96058 0
96094 88
96238 0
96400 90
96485 0
96581 71
96616 0
97241 88
97265 0
97384 90
97523 0
97681 71
97683 0
97924 90
97999 0
98259 71
98262 0
98299 88
98666 0
98697 71
98984 0
99012 71
99046 90
99268 90
99279 0
99459 90
99615 90
99727 0
99832 71
99856 71
99944 71
142 events for 7
553 54
1126 0
1346 54
1601 0
2408 55
2519 0
2621 55
2699 0
3119 54
3216 54
3533 0
3732 55
4623 0
5438 54
6201 0
7066 48
7523 0
9716 48
10414 0
11245 48
12563 54
13146 0
15080 48
15745 0
16042 48
16520 54
17682 0
17933 48
17980 0
18400 55
20712 0
20812 48
21041 0
23848 48
24396 54
25522 55
25922 0
26138 48
26685 54
27440 0
28649 55
29259 54
29766 0
30639 48
31589 0
32004 55
32409 55
32641 0
33570 55
33731 0
34315 48
36585 0
37206 54
37223 0
37468 54
38138 0
38204 54
41063 0
41648 48
42194 0
42774 54
43675 48
43934 55
44601 0
44792 48
44849 0
45423 55
45707 55
46427 0
47998 48
49090 54
49843 0
50068 48
50076 48
50154 54
50832 0
51650 55
52531 0
53147 54
55812 54
56269 54
56371 0
57546 55
57703 0
57715 55
57805 55
57864 0
58820 55
58991 0
60149 54
60286 54
61388 0
61607 55
62320 55
62522 48
62539 0
63036 55
63162 0
64853 48
66226 0
67757 54
67847 0
68565 48
68902 0
69280 48
69606 48
70844 55
71369 0
72369 55
72507 0
75061 54
75129 0
75410 48
77834 0
78080 55
79077 54
79364 0
81099 48
81227 54
82973 0
83424 48
84542 0
85481 54
86198 0
86386 55
86795 0
88650 55
88851 48
89517 0
91473 48
91706 0
91998 55
92509 0
92581 55
92997 54
93641 0
94395 48
95249 0
95303 55
96746 0
97320 55
99425 0
637 events for 8
2 42
326 0
685 44
779 0
1197 42
1198 44
1351 0
1391 44
1443 0
1473 42
1631 0
2055 42
2078 44
2190 42
2833 44
2850 44
2887 44
2933 44
3110 0
3122 42
3675 0
3732 42
3760 0
4155 42
4161 0
4223 44
4516 0
4667 44
5203 0
5715 42
5725 0
5833 44
6005 0
6333 42
6621 42
6685 42
6920 0
7139 44
7377 0
7619 44
7971 0
8217 44
8339 0
8509 42
8587 0
8642 42
8667 0
8740 44
8779 0
8872 44
8991 0
9173 44
9296 0
9348 42
9369 0
9380 44
9562 0
9563 44
9668 0
9854 44
9926 0
9977 44
10114 42
10176 0
10224 44
10571 42
10835 0
10923 42
11064 0
11397 42
11580 0
11980 44
12521 44
12916 0
13081 42
13321 0
13449 44
13526 42
13575 44
13645 0
13759 42
14019 42
14053 0
14058 42
14102 0
14169 44
14260 0
14283 44
14431 44
14586 44
14778 42
14843 0
14958 42
15014 0
15062 42
15102 0
15154 42
15686 44
16233 42
16453 0
16750 44
16802 0
16861 44
17166 44
17322 0
17363 42
17393 42
17396 0
17689 44
17690 0
18105 42
18160 0
18187 42
18289 0
18293 42
18571 42
18654 0
18856 42
19041 44
19123 44
19335 0
19403 42
19555 44
20298 0
20350 42
20368 0
20515 42
20611 0
20615 42
20744 42
20786 42
21034 0
21417 42
21585 0
21712 42
21799 0
21882 44
21985 0
22565 44
22591 0
22865 42
22875 0
22883 42
23400 0
23539 44
23579 0
23605 44
23625 44
23683 0
23724 42
23734 0
23849 44
24057 0
24193 44
24382 42
24496 0
24747 44
25007 44
25146 0
25293 42
25473 0
25528 44
25761 0
26264 42
26291 44
26331 0
26391 42
26595 0
26721 42
26734 44
26871 0
26957 42
27133 44
27462 0
27522 44
27537 0
27605 44
27932 0
28085 44
28645 0
28723 42
28725 0
28795 42
28807 0
28834 44
28915 0
28918 44
29030 42
29050 44
29164 42
29165 44
29185 0
29230 42
29409 0
29541 44
30053 0
30733 42
31079 42
31550 0
32372 44
32625 0
32626 42
32637 0
32827 42
32947 0
32971 42
32998 42
33110 0
33571 44
33666 0
33672 42
33956 0
34002 44
34088 0
34180 44
34331 42
34401 0
34485 44
34804 0
35061 42
35081 0
35097 42
35119 0
35279 42
35299 0
35539 44
35617 0
35732 44
35914 42
35973 0
36040 42
36141 0
36243 44
36456 0
36487 44
36582 0
36683 44
36805 0
36978 42
37158 0
37419 44
37666 42
37710 0
37744 44
37905 0
38390 44
38538 0
38560 42
38596 42
38619 0
38631 44
38652 0
39010 42
39391 42
39497 44
39698 0
39970 44
40078 0
40142 42
40239 0
40303 44
40476 42
40551 0
40604 44
40663 0
40689 44
41009 44
41050 42
41183 0
41479 44
41514 0
41537 42
41816 42
42265 0
42650 44
42715 0
42768 44
42897 0
42913 42
43010 44
43087 0
43103 44
43690 0
43873 42
44260 0
44283 44
44371 42
44482 0
44623 44
44931 42
45283 0
45310 42
45575 0
45682 42
45686 0
45769 44
45784 0
45991 42
46283 0
46410 44
46472 0
46832 42
46960 0
47087 42
47220 0
47582 44
47674 0
47905 44
47938 42
47941 42
48002 0
48016 42
48018 0
48350 44
48482 44
48823 0
49086 42
49128 42
49198 0
49263 44
49445 0
49564 44
49647 42
49898 0
50554 42
50582 42
50877 0
50881 44
50952 0
51290 42
51756 0
51945 44
52424 44
52585 42
52592 44
52701 0
52714 42
52875 0
52887 42
53017 0
53201 42
53294 0
53580 42
53773 0
54174 44
54559 0
54562 44
54600 42
54743 0
54782 42
55103 0
55197 44
55544 42
55568 0
55953 44
55986 0
56110 44
56116 42
56174 0
56434 44
56511 0
56614 44
56825 44
56896 0
57113 44
57115 0
57223 42
57785 0
57799 44
58010 0
58253 42
58336 44
58452 0
58484 44
58697 44
58699 0
58839 42
58889 0
59015 44
59147 42
59164 0
59189 44
59469 44
59803 0
59935 42
60023 0
60032 42
60228 0
60494 42
60497 42
60701 0
60994 44
61074 44
61259 44
61266 0
61355 42
61464 42
61557 42
61639 0
61902 42
62084 0
62363 44
62391 0
62552 42
62555 0
62659 44
62842 42
63039 0
63138 42
63255 42
63682 0
63716 42
63793 0
63994 44
63998 0
64121 42
64257 0
64408 44
64432 0
64501 44
64525 0
64704 44
65018 0
65029 44
65677 44
65754 0
65859 44
65932 0
66018 44
66275 42
66388 0
66676 44
66680 0
67330 42
67338 44
67376 42
67448 0
67771 42
67813 44
67821 0
67950 42
68099 44
68230 44
68323 44
68422 0
68733 44
68751 0
69272 44
69443 0
69573 42
70025 0
70200 44
70439 42
70498 0
70582 44
70710 0
70727 42
70737 42
70743 0
70764 44
70977 0
71364 42
71521 0
71654 44
71667 0
71892 42
72120 0
72220 44
72416 0
72837 42
73098 44
73155 0
73538 44
73836 44
74305 0
74417 42
74725 0
74782 42
75179 0
75240 42
75347 0
75717 42
75746 0
75754 44
75797 0
75853 44
75969 42
75982 0
76191 44
76490 0
76680 42
76776 42
76929 0
76972 44
77358 0
77544 42
77757 0
77784 42
77914 0
78049 44
78108 42
78172 0
78292 42
78505 0
78810 42
78874 0
78925 44
79019 0
79026 42
79101 0
79243 44
79643 0
79808 42
80277 42
80297 0
80574 42
80870 44
80993 42
80996 0
81478 42
81736 0
81945 42
82228 0
82429 44
82509 42
82670 0
82863 42
82883 0
83077 42
83165 0
83301 42
83448 0
83779 42
84012 0
84087 42
84323 44
84679 0
84826 44
84833 0
84933 42
84969 42
85160 44
85237 0
85759 42
86044 0
86489 42
86563 42
86911 0
87006 44
87181 42
87256 44
87313 0
87379 42
87501 0
87517 44
87699 0
87806 42
87811 0
87851 42
87867 0
87948 44
87966 0
88077 44
88254 0
88275 42
88356 0
88446 42
88531 42
88693 0
88762 44
88884 44
88982 0
89104 44
89134 44
89404 0
89472 42
89581 0
89663 44
89706 0
89788 42
89926 0
90115 42
90389 0
90508 42
90600 0
90921 42
90997 44
91036 0
91360 42
91396 0
91503 44
91638 0
92048 44
92314 0
92319 42
92337 42
92535 0
93001 44
93046 0
93189 42
93384 0
94182 44
94291 44
94444 44
94640 44
94698 44
94732 0
94767 42
94872 0
94972 44
94992 0
95262 44
95382 0
95570 44
95746 44
96091 0
96109 44
96149 0
96489 42
96886 0
97118 44
97271 0
97282 44
97316 0
97750 42
97805 0
97919 42
98024 0
98038 42
98141 0
98510 44
98551 44
98573 44
99253 44
99259 42
99834 0
99886 42
733 events for 9
40 12
126 12
247 12
305 12
490 12
841 12
1228 0
1231 12
1274 0
1379 12
1447 0
1599 12
1868 0
2177 12
2214 0
2320 12
2441 0
2517 12
2553 12
2607 0
2657 12
2810 12
2829 0
2847 12
3317 12
3346 0
3360 12
3475 12
3560 0
3643 12
3774 12
3874 0
4070 12
4165 0
4179 12
4311 12
4482 0
4875 12
5165 0
5288 12
5446 12
5617 0
5994 12
6208 0
6392 12
6449 0
6789 12
6866 0
6992 12
7174 0
7214 12
7452 0
7472 12
7568 0
7777 12
7785 0
7991 12
8041 0
8386 12
8474 0
8648 12
8876 0
9193 12
9538 0
9660 12
9793 12
10055 0
10218 12
10262 0
10560 12
10598 0
10798 12
10894 0
10991 12
11147 0
11242 12
11333 12
11370 0
11381 12
11484 0
11665 12
11888 0
12119 12
12391 12
12562 12
12577 12
12649 12
12654 0
12790 12
12815 12
12954 12
12958 0
12973 12
13183 12
13665 0
13713 12
13744 0
13867 12
13938 12
14009 0
14189 12
14455 12
14611 0
14914 12
14950 0
15101 12
15193 0
15275 12
15731 0
15956 12
16073 0
16130 12
16255 12
16488 12
16502 0
16721 12
16730 0
16760 12
16764 12
17009 12
17168 0
17522 12
17659 0
17906 12
18092 12
18120 0
18177 12
18820 0
18902 12
19754 0
19784 12
20137 12
20180 0
20209 12
20226 0
20360 12
20430 0
20558 12
20716 0
20760 12
20884 0
20990 12
21061 12
21108 0
21209 12
21302 0
21377 12
21437 12
21695 0
21793 12
21904 12
21961 12
22076 0
22373 12
22404 0
22428 12
22560 0
22694 12
22979 0
23106 12
23286 0
23536 12
23807 0
23952 12
24048 0
24177 12
24270 0
24332 12
24372 0
24470 12
24478 12
24483 0
24640 12
24671 0
24821 12
24894 0
24913 12
24999 12
25071 12
25287 0
25459 12
25477 0
25591 12
25694 0
25715 12
25749 0
25762 12
26043 0
26165 12
26486 0
26505 12
26615 0
26733 12
26804 0
26947 12
27055 0
27106 12
27225 0
27447 12
27773 0
27919 12
28384 0
28672 12
28713 0
28746 12
28789 0
28847 12
28859 0
28881 12
28970 12
29396 0
29681 12
29800 12
30014 12
30188 0
30735 12
30764 12
31174 12
31516 0
31799 12
31841 0
32100 12
32293 0
32431 12
32480 0
32564 12
32584 0
32594 12
32682 0
32739 12
32747 0
32758 12
32793 0
33149 12
33233 0
33254 12
33730 12
33878 0
34030 12
34063 12
34305 0
34569 12
34725 12
34813 0
34945 12
35210 12
35478 0
35668 12
35675 0
35872 12
35907 0
36134 12
36194 0
36367 12
36632 0
36640 12
36678 0
36808 12
36857 12
37145 12
37178 12
37241 0
37327 12
37390 0
37613 12
37632 0
37929 12
38005 0
38178 12
38314 0
38316 12
38372 0
38490 12
38540 12
38669 0
38815 12
38923 0
39297 12
39334 0
39338 12
39467 0
39588 12
39760 12
39837 0
40026 12
40141 0
40215 12
40217 0
40269 12
40589 12
40759 0
41000 12
41440 12
42098 0
42345 12
42425 0
42776 12
42995 0
43026 12
43060 12
43153 0
43299 12
43370 0
43420 12
43423 12
43609 12
43616 0
43665 12
43702 0
43947 12
44177 0
44183 12
44222 0
44261 12
44500 0
44512 12
44555 0
44673 12
44760 0
44793 12
44801 12
44845 12
44968 0
45025 12
45181 0
45292 12
45499 0
45807 12
45832 0
45952 12
46072 0
46337 12
46373 0
46383 12
46556 0
46785 12
46924 0
46990 12
47003 0
47518 12
47650 0
47698 12
47988 0
48088 12
48114 0
48348 12
48576 0
48701 12
48711 12
48961 0
49224 12
49480 0
49506 12
49722 12
49926 0
50163 12
50238 0
50344 12
50380 0
50555 12
50644 0
50711 12
50804 0
50815 12
51012 12
51115 0
51322 12
51447 0
51600 12
51622 0
51684 12
51766 12
51806 12
52054 0
52133 12
52269 12
52382 0
52464 12
52479 0
52571 12
52647 12
52656 12
52774 0
52996 12
53124 0
53157 12
53241 0
53352 12
53367 12
53423 0
53523 12
53525 12
53684 0
53729 12
53763 0
53991 12
54183 0
54360 12
55270 0
55392 12
55488 0
55657 12
55741 0
55925 12
55945 0
56104 12
56124 0
56145 12
56225 0
56255 12
56374 0
56485 12
56627 0
56676 12
57099 12
57127 12
57331 0
57357 12
57748 0
57806 12
57845 0
57936 12
58103 0
58112 12
58220 12
58286 0
58442 12
58591 0
58640 12
58641 0
58769 12
58801 0
58985 12
59176 0
59213 12
59575 0
59590 12
59729 0
59874 12
60269 0
60313 12
60354 0
60508 12
60530 0
60539 12
60643 12
60667 12
60851 0
60906 12
61054 0
61161 12
61214 0
61308 12
61762 0
61788 12
61921 0
61978 12
62148 0
62165 12
62248 0
62369 12
62399 0
62492 12
62584 0
62809 12
62953 0
63248 12
63255 0
63382 12
63480 0
63605 12
63892 0
63975 12
64021 0
64205 12
64460 0
64631 12
64652 12
64686 12
64740 12
64981 0
64996 12
65050 0
65139 12
65143 12
65399 0
65774 12
65812 0
65997 12
66020 0
66047 12
66082 0
66205 12
66230 0
66411 12
66537 0
66988 12
67025 0
67191 12
67197 0
67234 12
67677 12
67824 0
67938 12
68368 0
68471 12
68500 0
68727 12
68751 0
68840 12
68855 0
68878 12
69045 12
69353 0
69494 12
69656 12
69948 0
70128 12
70169 0
70434 12
70471 0
70523 12
70570 0
70833 12
70888 12
70890 0
71096 12
71607 0
71751 12
71767 12
72014 0
72030 12
72587 0
72677 12
72708 12
73037 0
73047 12
73302 0
73308 12
73427 0
73559 12
73646 0
73752 12
73771 0
73796 12
73843 0
73864 12
73913 0
73933 12
74294 0
74507 12
74547 12
74568 12
74651 0
74822 12
74835 12
74947 0
75051 12
75279 0
75343 12
75475 0
75663 12
75712 0
75913 12
75941 0
76007 12
76195 0
76379 12
76402 0
76492 12
76672 12
76869 0
76889 12
76905 12
76919 12
77091 0
77278 12
77509 0
77564 12
77655 12
77681 0
77803 12
77957 0
78011 12
78021 12
78174 0
78227 12
78234 12
78654 0
79124 12
79233 12
79509 0
79514 12
80124 0
80147 12
80174 0
80496 12
80524 12
80778 0
81048 12
81389 0
81606 12
81664 0
81905 12
82229 12
82668 12
82673 0
82939 12
83034 0
83337 12
83373 0
83509 12
83522 0
83668 12
83788 12
84012 0
84121 12
84166 0
84199 12
84248 0
84252 12
84285 12
84297 12
84301 12
84426 0
84700 12
84874 0
84922 12
84938 0
84959 12
85115 12
85150 12
85231 0
85253 12
85570 0
85578 12
85987 12
86185 0
86324 12
86579 0
86585 12
86727 12
86789 12
87073 0
87420 12
88007 0
88119 12
88132 12
88301 12
88400 0
88637 12
88734 0
88810 12
89001 0
89089 12
89144 0
89329 12
90160 0
90217 12
90252 12
90373 0
90417 12
90430 0
90524 12
90558 0
90577 12
90679 0
90754 12
90777 12
90839 0
91051 12
91421 0
91656 12
91662 0
91695 12
91987 0
92571 12
92988 12
93066 0
93593 12
93604 0
93630 12
93799 0
93917 12
94137 0
94247 12
94277 12
94298 0
94326 12
94347 12
94349 12
94562 12
94616 0
94712 12
94715 0
94801 12
94982 0
95970 12
95978 0
96081 12
96331 0
96496 12
96534 0
96683 12
96709 0
96774 12
96784 0
97002 12
97047 0
97107 12
97190 0
97208 12
97219 0
97232 12
97527 0
97780 12
97951 12
98118 0
98514 12
98544 0
98599 12
98855 12
98981 12
99269 0
99322 12
99325 0
99382 12
99504 0
99513 12
99745 0
99791 12
99813 12
99984 0
506 events for 10
412 61
508 0
763 75
808 0
1108 25
1321 75
1333 64
1420 75
1441 81
1628 64
1669 0
1807 81
1819 61
2007 0
2220 81
2384 61
2697 0
2873 70
2875 0
2911 81
2937 81
3011 75
3038 0
3115 70
3310 0
3519 64
3836 0
3852 70
3925 0
4127 27
4224 81
4472 61
5162 0
5483 81
5979 70
6370 0
6620 75
6763 0
6899 64
7468 61
7529 0
7531 61
7781 0
7816 81
7972 0
8028 64
8210 81
8458 0
8596 25
8859 64
8997 81
9086 0
9123 81
9649 75
9947 0
10114 27
10136 0
10145 25
10225 25
10369 64
10421 0
10806 81
10854 0
11240 75
11627 0
11633 27
11838 0
11859 75
11949 0
11985 75
12829 61
13582 0
13634 75
13745 81
13968 0
14062 64
14437 0
14693 81
14918 0
15019 64
15045 0
15064 61
15680 0
15884 64
16260 0
16265 25
16274 64
16328 25
16609 75
16621 81
16645 81
17002 81
17272 27
17362 25
17640 0
17892 64
18243 0
18700 70
18729 0
18827 61
18895 0
18898 81
19018 0
19207 75
19260 0
19737 70
19831 0
19925 27
20043 0
20154 27
20156 27
20291 61
20300 0
20339 25
20413 70
20446 75
20769 0
20809 27
20811 70
21770 0
22120 81
22172 0
22742 81
22951 0
23129 64
23274 0
23285 81
23395 75
23429 25
23551 0
23722 64
24910 0
25281 81
25746 25
25890 0
26150 25
26359 0
26531 64
26607 0
26608 75
27186 0
27278 25
27356 0
27499 61
27553 81
27631 0
28467 70
28722 81
28903 75
28995 0
29012 75
29183 0
29197 81
29275 0
29383 70
29673 64
30415 25
30800 70
31062 0
31178 27
31208 0
31326 64
31363 0
31389 25
31548 25
31592 0
31788 27
31943 70
32151 0
32408 64
32645 0
33579 25
33616 0
34113 25
34121 0
34335 75
34405 61
35102 0
35426 75
35534 25
35600 81
35613 0
35809 75
35841 0
35987 75
36436 75
36470 70
36690 0
36813 81
36826 81
36926 0
37392 75
37429 0
37527 70
37593 0
37630 25
37653 0
38095 27
38182 0
38242 70
38330 0
39056 25
39334 0
39472 75
39481 0
40262 75
40758 0
40772 81
40817 0
41157 75
41299 81
41412 0
41451 81
41643 0
41704 75
41819 81
41921 0
41962 25
42022 75
42044 0
42280 27
42520 0
42583 64
43124 0
43129 81
43636 64
43866 70
43894 0
44062 70
44404 61
44436 0
44633 25
44680 0
44789 27
44962 0
45031 81
45044 81
45335 0
45473 61
45687 0
46056 70
46741 0
47599 81
48216 0
48224 27
48322 0
48364 75
48546 70
49114 0
49730 64
49979 0
50173 75
50240 27
50306 61
50410 64
50464 0
50617 81
50733 0
50794 61
50877 64
50914 0
51020 81
51079 0
51100 81
51461 70
51940 0
51991 25
52059 0
52225 61
52302 81
52740 0
52939 75
53201 0
53225 27
53523 0
54188 64
54580 0
54598 70
55087 0
55122 27
55131 25
55338 0
55441 81
55571 0
55667 75
56250 0
56390 64
56592 81
57629 81
57990 0
58200 64
58267 0
58298 61
58527 0
58733 75
58796 0
58822 70
58909 0
58949 27
59017 0
59269 75
59340 0
59448 70
59708 0
59886 81
60063 0
60203 75
60893 0
61260 70
61352 0
61698 81
61711 0
61839 25
61989 0
62002 75
62290 0
62372 61
62710 0
62835 75
62882 0
62904 81
63076 0
63135 81
63161 0
63363 64
63595 27
63707 0
63745 75
64048 0
64135 27
64643 0
64782 64
64891 25
64896 0
65783 81
65932 75
66225 61
66397 0
66888 75
66965 61
67104 81
67179 75
67574 0
67606 25
67633 0
67836 61
67839 0
68177 75
68516 0
68616 64
68627 27
68689 27
69511 0
69650 75
69875 0
70294 75
70305 0
70795 25
71181 0
71193 27
71274 0
71505 75
71564 64
71675 27
72230 0
72883 81
73092 61
73660 0
74188 61
74284 0
74310 81
74516 27
74545 0
75041 81
75083 81
75207 0
75346 75
75544 27
75919 64
76055 0
76298 75
76420 70
76864 0
76952 27
77171 0
77561 61
77600 61
77923 0
78216 25
78218 0
78314 81
78398 64
78461 0
78477 61
79361 0
79534 64
79862 0
79955 75
80034 0
80230 81
80585 25
80701 0
80776 75
80932 0
81629 27
81900 0
82806 75
82927 81
82994 61
83047 61
83101 0
83186 75
83249 0
83412 25
83422 0
83698 61
83903 0
83925 61
84022 0
84334 61
84449 25
84568 0
84574 64
84629 0
84694 27
84787 0
85679 81
86371 81
86593 70
86829 81
86926 0
86944 70
86988 27
87471 75
87771 0
88073 64
88105 0
88173 81
88333 75
88386 64
88390 0
88562 64
88649 0
88743 61
88801 0
88868 81
88891 64
89187 0
89300 25
89496 0
89836 61
90211 81
90278 0
90379 81
90443 64
90537 25
90578 27
90664 27
90946 0
91453 81
91508 81
91892 61
92038 0
93179 61
93207 0
93258 27
93974 0
94092 27
94126 27
94178 0
94442 70
94459 0
94538 25
94805 0
95038 75
95216 0
96055 27
96125 0
96184 27
96600 27
96620 81
96696 61
96791 0
97077 25
97477 0
97499 81
97662 0
97664 81
97739 64
97885 0
97983 81
98029 0
98350 25
98420 0
98513 61
98708 75
98751 0
98925 81
98938 0
99107 81
99120 0
99146 25
99418 25
99650 0
99821 27
99880 0
745 events for 11
22 16
81 0
240 13
805 0
907 13
988 0
1018 42
1880 0
2175 13
2586 28
2659 13
2668 0
2767 16
3020 0
3044 28
3088 13
3166 13
3406 0
3805 42
3881 13
3883 0
3916 42
4391 0
4429 42
4553 0
4690 28
4752 0
4754 13
5135 0
5309 16
5721 0
6004 16
6177 0
6386 16
6645 0
6663 28
6827 0
7100 13
7152 0
7155 13
7320 0
7411 16
7526 0
7810 16
8108 0
8186 28
8256 0
8281 16
8523 0
8614 16
8681 28
8812 28
8849 13
8975 0
9232 13
9271 16
9384 0
9525 13
9609 13
10290 0
10433 28
10558 16
10601 0
10787 13
10831 16
11140 0
11146 16
11412 0
11568 28
11919 16
12041 16
12110 0
12154 16
12390 0
12624 16
12654 13
12891 13
12932 16
13159 0
13584 16
13740 0
13819 42
14075 0
14238 42
14277 0
14318 16
14403 28
14556 16
14616 0
15050 16
15056 0
15168 28
15315 0
15715 28
15731 16
15732 42
15781 0
15907 42
16095 13
16100 42
16208 0
16247 28
16431 0
16473 28
16501 16
16645 0
16680 16
16821 0
17244 13
17371 16
17372 0
17635 28
17736 16
18164 0
18306 13
18416 0
19074 42
19311 0
19312 28
19368 0
19672 16
20098 0
20217 16
20921 0
21110 42
21232 42
21789 0
21897 28
21945 16
22132 42
22155 0
22333 16
22406 0
22413 13
22561 28
22592 0
22615 42
22638 0
22648 16
22817 0
22853 42
22882 13
23117 0
23248 42
23321 13
23341 0
23579 42
23664 16
23826 0
23847 28
23937 0
24004 13
24092 13
24211 28
24276 0
24357 13
24557 0
24567 16
24600 0
24625 16
24653 0
24829 28
24976 0
25372 28
25388 28
25442 0
25662 13
25826 0
25926 28
26003 0
26022 16
26271 0
26277 28
26450 0
26501 13
26506 0
26625 42
26768 0
26770 42
26802 0
26842 42
27195 0
27348 13
27368 42
27518 0
27574 28
27577 0
27578 28
27857 0
27913 16
27992 0
28162 42
28341 0
28349 16
28431 0
28483 13
28488 0
28633 42
28667 13
28847 28
29079 42
29432 0
29593 42
29668 0
29723 42
29756 0
29758 42
29959 0
30440 42
31053 0
31130 28
31135 0
31534 28
31705 42
31827 0
31882 13
31945 0
32178 16
32245 0
32312 16
32322 16
32332 0
32364 42
32677 0
32966 28
32967 0
33380 42
33693 28
33763 16
34046 0
34086 42
34117 0
34129 13
34187 0
34458 16
34726 0
35017 16
35025 16
35125 0
35420 13
35425 16
35479 0
35505 16
35580 13
35669 16
35691 0
35765 28
35889 0
36006 16
36102 0
36579 42
36756 0
36770 16
37117 0
37174 28
37510 0
37715 42
37725 28
37778 0
37930 42
38281 16
38310 28
38480 13
38492 0
38725 13
38784 0
38865 16
38978 28
39044 13
39150 0
39181 28
39265 0
39542 42
39726 42
39788 42
40032 13
40042 0
40117 16
40267 13
40389 16
40493 0
40547 42
40559 0
40611 28
40753 0
40887 28
41058 0
41124 28
41161 0
41230 28
41367 42
41418 0
41439 28
41572 13
41587 0
41835 13
42084 0
42191 13
42228 0
42291 42
42514 16
42579 0
42642 42
42655 13
42770 0
42859 42
42936 0
43034 13
43051 0
43323 13
43351 0
43456 42
43581 0
43691 13
43900 13
43993 28
44002 0
44111 28
44117 0
44246 13
44327 0
44371 42
44423 42
44443 13
44505 0
44567 42
44730 0
44801 13
44845 16
44900 0
44913 28
45039 0
45049 42
45096 0
45175 28
45228 0
45664 16
45782 42
46122 0
46263 13
46512 0
46573 13
46583 0
46733 16
46785 0
46813 42
46837 28
47132 0
47197 16
47199 28
47201 28
47207 28
47287 0
47324 28
47578 0
47905 16
48016 0
48088 13
48159 0
48418 28
48668 0
48763 16
48852 0
48899 42
48954 28
49092 16
49147 0
49218 13
49251 28
49321 0
49872 13
50124 0
50192 13
50230 0
50272 16
50295 0
50370 16
50418 0
50942 13
50973 13
51184 0
51295 13
51376 13
51386 0
51399 42
51988 0
52098 42
52177 13
52260 0
52580 13
52600 0
52871 13
53407 0
53417 28
53449 0
53456 42
53746 28
53838 0
53860 42
53936 0
53967 13
54114 0
54119 16
54239 0
54554 13
54583 28
54644 0
54666 28
54677 42
54813 0
54901 28
55151 0
55193 42
55195 0
55308 13
55550 42
55944 13
56140 0
56196 16
56358 0
56471 28
56572 0
56604 42
56637 0
57012 13
57207 28
57264 0
57317 42
57548 0
57562 28
57747 0
57776 28
57794 0
57842 42
57974 0
58088 28
58105 28
58423 13
58537 28
58574 0
58766 28
58768 0
58874 28
59150 0
59262 42
59362 0
59813 13
59877 42
60044 0
60110 28
60421 0
60431 16
60481 0
60681 28
60744 0
60972 42
61080 28
61147 28
61196 0
61528 28
61900 42
62092 0
62245 13
62295 28
62464 0
62476 28
62713 42
62908 42
63043 42
63046 0
63084 28
63495 16
63634 13
63637 0
63802 16
63813 0
63954 13
64354 0
64470 13
65088 0
65197 16
65235 0
65268 28
65277 0
65681 16
65937 0
65945 28
66043 0
66104 13
66411 0
66461 42
66491 0
66506 28
66704 0
66832 16
67130 16
67228 0
67324 42
67504 0
67545 42
67807 0
68461 28
68541 0
68623 28
68724 0
68802 13
68992 0
69119 16
69392 0
69430 42
69622 0
69636 28
70026 0
70240 13
70241 13
70267 0
70285 13
70358 0
70371 28
70433 0
70605 16
70652 28
70678 0
70692 13
70704 0
70824 16
71134 0
71457 16
71560 0
71756 42
71812 0
71981 13
72066 0
72230 28
72281 0
72288 16
72448 0
72653 13
72733 0
72936 42
72992 0
73019 13
73325 0
73444 16
73475 0
73594 28
73644 0
73920 28
74645 13
74666 0
74727 28
74904 16
75577 0
75601 13
75732 28
75911 0
76016 13
76079 0
76345 13
76375 0
76404 13
76443 28
76467 0
76593 28
76677 13
76678 28
76679 28
76751 42
76825 0
76936 42
76984 0
77055 16
77138 0
77549 16
77606 0
77622 13
77625 16
77674 16
77784 0
77801 28
77867 0
77932 13
78174 42
78240 0
78256 28
78266 16
78395 0
78476 13
78549 16
78774 0
79239 42
79296 0
79317 42
79393 0
79433 28
79512 42
79558 28
79595 16
79744 0
79764 28
79770 0
79908 13
80093 0
80248 16
80374 0
80409 42
80413 28
80436 0
80465 42
80505 0
80536 42
80567 0
80597 13
80657 16
80704 0
80920 28
81061 13
81655 0
81803 13
81873 0
82114 42
82144 0
82264 42
82441 0
83110 28
83628 16
83872 0
84016 28
84094 16
84183 0
84321 42
84353 0
84719 42
84753 0
84804 28
84977 13
85158 0
85252 16
85335 16
85557 0
85721 28
85884 0
85991 28
86020 0
86198 16
86289 0
86430 42
86550 0
86665 42
86889 0
86993 13
87095 16
87687 16
87736 28
87815 0
87816 13
87860 0
87884 13
87926 0
88008 16
88026 0
88330 28
88511 0
89879 42
89971 13
89994 42
90064 0
90216 13
90254 0
90281 13
90527 16
90645 28
90772 42
90833 0
90940 42
91312 0
91381 16
91525 13
91768 0
91989 16
92207 0
92406 13
92767 0
92861 13
92920 0
92938 16
93016 13
93122 0
93155 16
93194 0
93275 16
93315 0
93339 28
93633 0
93746 16
93846 0
94277 13
94280 0
94324 42
94518 0
94978 13
95052 42
95090 0
95281 28
95319 0
95383 28
95420 13
95590 0
95793 28
95885 0
95919 16
96008 13
96044 0
96137 16
96242 0
96375 16
96376 0
96401 42
96429 0
96469 42
96494 28
96710 0
97093 28
97106 13
97362 0
97492 16
97631 28
97700 28
97743 0
98141 13
98347 13
98408 0
98595 13
98617 0
99084 13
99115 0
99219 13
99340 16
99407 28
99461 0
99498 16
99695 0
99793 42
99815 0
99872 16
410 events for 12
23 85
32 0
356 85
380 0
486 85
571 0
667 85
1123 0
1401 85
1749 0
1849 85
2070 0
2080 85
2387 85
2440 0
2664 85
3009 0
3432 85
3566 85
4421 0
4424 85
4512 0
6461 85
6543 0
6610 85
6678 0
7276 85
7401 0
7541 85
7778 0
8022 85
8559 0
8762 85
8767 85
8973 0
9023 85
9367 0
9529 85
9653 0
9730 85
10013 0
10333 85
10355 0
10709 85
11603 0
12056 85
12134 0
12247 85
12463 85
12626 0
13352 85
13524 0
13696 85
13931 0
14026 85
14151 0
14254 85
14475 0
14934 85
15474 85
15493 0
15666 85
15724 85
15846 85
16099 0
16173 85
16547 85
16928 0
16951 85
17221 0
17312 85
17383 0
17600 85
17727 0
17811 85
18437 85
18494 0
18527 85
19572 0
19796 85
19898 85
19964 85
20739 0
21367 85
21654 0
22086 85
22180 0
22269 85
22588 0
22726 85
22745 0
22795 85
23028 0
23158 85
23284 85
23760 0
23790 85
23989 85
24211 85
24217 0
24219 85
24631 85
25432 85
25728 0
25834 85
25938 0
26087 85
26164 0
26187 85
26234 0
26271 85
26284 0
27039 85
27333 85
27457 0
27708 85
27799 0
27916 85
28028 0
28456 85
28792 0
28853 85
29130 0
29254 85
29344 0
29744 85
29865 0
30881 85
30893 85
31268 0
31768 85
32092 0
32318 85
32395 85
32647 0
32732 85
32841 0
33489 85
33758 0
33788 85
34017 0
34237 85
34648 85
34671 85
34697 85
34790 0
35025 85
35145 85
35329 85
35342 0
35556 85
35912 85
35925 0
36282 85
37030 0
37146 85
37272 0
37540 85
37859 0
38608 85
38637 0
38674 85
38871 0
38885 85
39459 0
39515 85
39699 0
39713 85
39869 0
39946 85
40014 0
40631 85
41423 0
41996 85
42069 0
42558 85
42765 0
42980 85
43491 0
43493 85
43690 0
43708 85
44446 0
44514 85
45041 0
45381 85
46241 0
46543 85
46783 0
47314 85
47449 0
47863 85
47906 0
48145 85
48181 0
48277 85
48396 85
48430 0
49430 85
49529 85
49877 0
50059 85
50255 85
50266 85
50364 0
50661 85
50873 0
50875 85
50974 0
51203 85
51317 0
51512 85
51592 0
51728 85
51892 0
52075 85
52226 0
52261 85
52346 0
52480 85
52749 0
53021 85
53403 85
53516 0
53557 85
54172 85
54488 0
54515 85
54714 85
55557 0
55808 85
55815 85
56175 0
56258 85
56323 85
56479 0
56499 85
56642 0
57064 85
57103 0
57127 85
57264 0
57794 85
57887 0
57905 85
57917 0
58099 85
58109 0
58248 85
58507 0
58728 85
58962 0
58985 85
59224 0
59413 85
59437 0
59446 85
59480 85
59633 85
59638 0
59794 85
59922 0
60213 85
61025 0
61157 85
61264 0
61747 85
62209 85
62316 85
62470 0
62621 85
62702 0
62748 85
62774 0
62872 85
62911 0
63266 85
63342 0
63411 85
63502 0
63865 85
64474 85
64495 85
64796 0
65017 85
65326 0
65466 85
65925 0
66156 85
66221 0
67108 85
67122 0
67437 85
67490 0
68305 85
68485 85
68730 0
68802 85
69329 0
70581 85
70975 0
71342 85
71421 0
71493 85
72121 85
72710 85
72755 85
73548 0
74373 85
75005 0
75137 85
75665 85
75819 0
76000 85
76025 0
76310 85
77851 85
78372 0
79014 85
79668 0
79771 85
79907 0
80434 85
80467 85
80636 0
80827 85
81094 0
81178 85
81285 0
81542 85
81632 85
81661 0
81934 85
82078 0
82081 85
82762 0
82808 85
82844 0
82875 85
82970 0
83340 85
83469 0
83927 85
84030 0
84400 85
84783 0
84855 85
84954 0
85311 85
85620 0
86434 85
86469 0
86601 85
86732 0
86987 85
87233 0
87252 85
87463 0
87771 85
87846 85
88362 0
88656 85
88858 0
88996 85
89067 85
89082 0
89169 85
89365 85
89417 0
89836 85
90251 85
90475 0
90763 85
91686 85
91705 0
92413 85
92688 0
92911 85
93019 0
93118 85
93168 85
93258 85
93268 0
93805 85
94046 85
94217 0
94237 85
94326 0
94368 85
94673 0
94980 85
95257 0
95303 85
95336 0
95494 85
95553 85
95992 85
96041 0
96247 85
96761 0
96767 85
96870 85
97343 0
97438 85
97635 0
97761 85
98395 0
99094 85
99191 0
99636 85
935 events for 13
5 56
32 0
81 55
120 0
204 55
464 0
628 48
648 0
705 55
749 0
757 43
818 56
840 55
910 0
954 55
983 48
1031 0
1062 59
1183 0
1276 43
1497 56
1544 0
1568 55
1652 59
1684 0
1799 55
1936 48
2055 0
2217 59
2322 48
2360 0
2777 43
2814 0
2820 55
2893 0
2952 55
3221 0
3276 43
3395 0
3668 56
3699 0
3788 48
3867 0
4092 48
4110 0
4148 59
4215 0
4279 55
4422 0
4439 55
4659 0
4769 48
4775 0
4794 55
4845 0
4909 48
5157 0
5162 55
5225 0
5229 59
5257 0
5336 48
5764 0
5808 56
5959 0
5993 55
6102 0
6104 48
6143 0
6203 59
6317 0
6377 59
6389 0
6415 43
6618 0
6715 48
6791 0
7242 59
7347 0
7438 56
7478 0
7508 59
7673 56
8026 0
8303 48
8364 0
8522 43
8865 0
8879 56
8974 0
8995 55
9083 0
9087 48
9173 0
9209 48
9224 0
9255 43
9309 0
9386 43
9522 0
9783 56
9818 0
10019 55
10253 0
10469 43
10507 48
10690 0
10747 55
10985 0
11145 43
11218 0
11300 48
11393 0
11509 59
11551 0
11576 43
11653 43
11794 0
12115 59
12124 0
12165 59
12180 0
12244 59
12395 55
12469 0
12555 56
12741 0
12869 48
12905 59
13170 0
13177 55
13302 56
13346 0
13368 55
13524 0
13544 56
13598 0
13614 59
13735 55
14020 0
14158 43
14197 0
14312 43
14460 0
14556 55
14588 55
14600 0
14615 48
14636 0
14705 56
14729 0
14780 56
14854 0
14938 59
14986 0
15014 43
15051 0
15107 43
15191 0
15295 55
15437 0
15533 56
15628 59
15675 55
15679 0
15840 56
15862 0
15919 48
16018 48
16181 0
16237 48
16357 0
16456 43
16767 0
16838 48
16876 55
16880 59
17012 0
17019 59
17102 59
17184 0
17218 48
17413 0
17621 59
17643 56
17721 0
17770 43
17902 0
17907 48
17956 48
18036 0
18119 56
18142 0
18380 48
18425 43
18428 0
18645 56
18711 48
18745 0
18854 56
18895 0
18958 43
18980 59
19252 48
19258 48
19360 0
19392 48
19809 48
19902 0
20035 43
20040 55
20314 55
20320 0
20374 59
20376 55
20401 48
20413 0
20423 55
20443 43
20573 0
20624 55
21113 0
21303 59
21350 0
21453 56
21607 0
21617 55
21697 43
22070 48
22135 48
22215 0
22289 48
22313 0
22429 43
22478 0
22497 56
22542 0
22625 43
22667 0
22750 59
22842 56
22965 0
22976 56
23126 0
23399 56
23429 0
23478 43
23578 0
23654 48
23716 0
23738 55
23739 56
23755 56
23813 0
23866 48
24034 0
24150 59
24255 55
24305 0
24363 43
24804 48
24884 0
25184 55
25370 48
25389 0
25405 55
25410 0
25439 48
25547 0
25612 48
25740 43
25809 0
25945 56
25987 56
26113 0
26151 48
26213 0
26412 48
26583 0
26635 56
26670 0
26703 43
26754 55
26789 0
26872 59
26906 0
27042 59
27419 55
27422 0
27751 48
27875 0
28151 48
28152 0
28521 55
28581 0
28587 48
28892 0
29122 55
29164 0
29586 56
29626 55
29721 0
29722 56
29906 56
30001 0
30146 48
30194 56
30283 0
30296 43
30304 48
30309 0
30683 43
31027 59
31073 0
31160 59
31600 0
31626 48
31652 48
31680 0
31686 48
31691 55
31801 48
32019 0
32035 55
32404 0
32430 56
32457 0
32542 59
32803 0
32824 59
33003 0
33039 48
33151 0
33351 48
33354 59
33453 0
33496 59
33861 0
33881 59
33998 0
34234 43
34475 0
34511 48
34628 0
34651 59
34667 0
34699 48
34779 0
34916 55
34923 0
35069 48
35163 0
35177 59
35208 59
35219 0
35304 56
35421 0
35451 59
35487 0
35601 48
35663 0
35736 48
35792 0
35837 59
35934 55
35966 0
36193 59
36331 43
36426 0
36453 59
36494 0
36574 55
36591 59
36777 55
36907 0
37196 59
37223 43
37334 43
37346 0
37520 48
37846 59
37909 0
37951 56
38079 59
38165 0
38348 55
38440 56
38446 0
38570 59
38585 43
38789 48
38859 0
39002 55
39073 0
39236 48
39273 0
39373 48
39536 0
39646 48
39825 56
39837 0
39916 43
39977 56
40275 0
40360 48
40450 0
40451 59
40619 0
40689 55
40974 55
41159 0
41448 56
41480 48
41543 0
41548 55
41715 56
41774 48
41829 0
41837 56
41860 0
41871 59
42101 0
42268 55
42308 56
42316 55
42484 0
42645 43
42810 56
42887 55
42922 0
42959 48
43038 0
43242 48
43591 0
43746 56
43757 43
43771 48
43802 0
43868 56
44014 59
44120 0
44187 56
44209 0
44232 56
44419 0
44515 43
44524 0
44655 48
44695 43
44834 48
45134 0
45171 48
45279 0
45287 48
45337 0
45635 48
45657 0
45891 59
46286 0
46435 48
46477 0
46503 56
46654 0
46656 59
46675 43
46678 0
46693 56
46699 0
46707 55
46789 55
46929 0
47110 56
47152 43
47288 0
47298 56
47302 59
47434 0
47467 43
47551 48
47758 0
47951 43
48167 0
48201 48
48268 43
48391 0
48406 56
48459 56
48537 0
48799 59
48831 0
48882 43
49051 0
49108 55
49116 0
49455 59
49646 0
49846 56
49907 0
49956 55
50140 0
50321 43
50347 0
50351 43
50376 0
50397 59
50424 43
50456 59
50529 55
50588 56
50607 0
50724 43
50809 0
50992 59
51011 0
51040 59
51184 0
51208 59
51376 0
51443 56
51503 59
51642 0
51678 55
51734 0
51826 43
51890 0
51913 43
51924 56
51936 0
52035 56
52036 0
52186 56
52381 0
52526 43
52576 0
52617 56
52635 0
52719 59
52744 0
52871 56
52879 56
53044 0
53117 43
53190 0
53200 59
53342 0
53363 43
53429 59
53507 56
53549 0
53565 56
53684 0
53939 48
54034 48
54055 0
54153 56
54344 0
54453 56
54609 59
54627 0
54742 55
54753 0
54808 55
55020 0
55237 59
55394 0
55448 55
55517 55
55594 0
55827 55
55941 56
55987 0
56002 59
56042 0
56059 55
56110 0
56225 48
56253 0
56326 43
56456 0
56685 43
56832 0
56846 55
56933 56
57103 0
57105 43
57178 0
57202 56
57490 0
57590 55
57593 0
57801 43
58001 0
58229 56
58557 0
58713 56
58765 48
58982 0
59063 43
59243 0
59384 56
59574 0
59606 48
59626 56
59727 43
59819 48
59881 0
60010 59
60021 0
60358 56
60468 0
60482 56
60789 56
61008 0
61078 56
61079 0
61268 55
61332 0
61526 48
61554 59
61563 0
61648 48
61805 0
61815 59
61840 0
61967 55
61975 0
62385 59
62773 0
62864 59
62901 0
62907 43
63137 0
63167 55
63201 59
63308 0
63558 48
63794 0
64079 43
64128 0
64340 59
64409 0
64516 59
64599 0
64696 56
64801 0
64849 56
65041 0
65062 48
65231 0
65321 56
65644 0
65734 55
65767 0
65916 43
65967 0
65973 59
66077 59
66103 0
66132 59
66138 0
66258 43
66357 0
66435 43
66846 56
66905 48
66985 0
67132 43
67221 0
67247 55
67251 55
67465 48
67505 56
67508 0
67613 56
67680 0
68116 56
68173 0
68406 48
68451 0
68516 59
68602 0
68634 56
68766 0
68817 59
68820 55
68862 55
68890 0
69017 43
69047 0
69234 43
69443 0
69481 43
69502 0
69609 56
69734 0
69756 55
69821 0
70314 55
70565 0
70734 59
70833 0
70885 43
70910 0
71075 55
71301 0
71411 56
71483 0
71529 56
71674 0
71800 55
71843 0
71900 55
71969 0
72106 43
72300 43
72437 59
72707 43
72854 43
73184 0
73239 48
73247 56
73266 0
73353 59
73398 0
73738 59
73922 43
74018 0
74305 55
74338 0
74659 59
74681 0
74758 43
74763 0
75061 56
75316 0
75548 56
75597 56
75796 0
76013 55
76034 0
76238 48
76294 0
76432 43
76433 0
76448 48
76728 0
76768 48
76773 0
77202 56
77214 0
77215 55
77304 0
77555 59
77566 0
77631 59
77784 0
77799 56
77845 0
77944 48
78029 0
78547 56
78621 0
78638 59
78800 0
79026 56
79132 0
79199 55
79461 0
79588 43
79655 0
79696 55
79816 56
79953 0
80674 48
80707 43
80968 0
81002 55
81093 0
81099 55
81107 59
81151 56
81306 0
81311 56
81323 0
81429 59
81613 0
81748 48
81754 59
81911 48
82733 0
82892 43
82964 0
83030 48
83040 0
83060 48
83145 0
83164 59
83324 43
83528 0
83536 48
83542 0
83720 43
83862 0
83872 48
84018 0
84157 43
84207 0
84267 55
84531 0
84786 43
84806 0
84839 55
85008 0
85084 55
85381 0
85402 56
85672 56
85695 43
86181 56
86351 0
86414 59
86431 0
86511 43
86525 0
86644 43
86818 0
86851 48
86926 55
87009 0
87386 55
87429 0
87541 55
87864 0
87890 55
88088 0
88216 55
88344 0
88386 43
88552 0
88562 43
88632 0
88675 56
88694 0
88747 59
89489 0
89695 59
89704 55
89787 0
89806 43
89849 0
89931 59
90214 59
90386 0
90478 55
90502 0
90735 48
90747 55
91206 0
91327 43
91495 0
91763 43
91844 0
91880 59
91939 0
91953 55
91962 43
91978 43
92220 0
92500 55
92648 59
92761 55
93103 0
93159 59
93347 0
93588 43
93637 0
93722 56
93862 0
93946 59
93974 0
94194 55
94386 0
94446 56
94566 0
94700 48
94932 0
94966 55
95215 0
95287 43
95404 0
95594 59
95621 56
95665 0
95700 59
95738 0
95973 43
96314 0
96400 48
96472 56
96512 55
96666 0
96838 48
96885 0
96901 48
96953 0
97038 59
97070 0
97139 43
97308 43
97365 55
97412 0
97473 43
97672 0
97984 55
98073 59
98303 0
98364 48
98478 59
98659 56
98819 55
98913 0
99207 56
99223 0
99298 56
99450 0
99522 56
99539 0
99613 48
99645 0
99650 59
99662 0
99773 55
99818 0
99832 43
99903 0
974 events for 14
173 52
210 0
332 45
652 0
712 40
889 0
897 83
928 0
969 52
986 0
1137 52
1178 63
1231 45
1543 63
1607 0
1761 45
1869 52
2136 83
2215 0
2607 83
2660 0
2758 52
3005 52
3020 0
3050 83
3272 0
3446 45
3449 45
3456 0
3670 45
3769 0
3817 63
4035 0
4341 45
4455 0
4696 45
5186 0
5236 45
5360 0
5378 83
5475 45
5563 0
5989 83
6245 0
6248 52
6267 40
6287 0
6346 40
6467 0
6561 40
6900 0
7000 40
7025 0
7043 40
7178 0
7378 45
7457 0
7544 63
7645 0
7681 52
7694 0
7888 63
7929 0
7957 45
8042 45
8446 0
8655 63
8695 0
8781 63
8863 0
8922 40
9044 52
9049 0
9096 45
9477 0
9550 52
9599 0
9617 45
9681 0
9702 83
9730 0
9846 52
9872 0
9930 52
10261 63
10286 0
10567 52
10663 0
10766 45
10783 0
10844 45
10861 52
10949 0
11016 63
11032 52
11055 45
11058 52
11087 40
11228 0
11378 63
11417 0
11525 52
11554 83
11702 45
11751 0
11777 52
11824 0
11877 45
11886 0
12030 45
12289 45
12747 52
12838 0
12939 83
13001 45
13077 52
13236 52
13253 0
13374 45
13438 0
13697 63
14077 63
14240 45
14256 0
14395 45
14549 0
14865 83
14878 0
14902 83
15011 0
15071 52
15258 0
15411 45
15591 0
15626 83
15644 0
15664 45
15834 0
15940 45
15945 0
16038 63
16086 0
16150 40
16163 0
16290 45
16514 0
16578 83
16607 0
16619 45
16719 0
17042 83
17082 0
17087 52
17225 0
17257 63
17333 0
17384 40
17400 0
17526 63
17609 0
17723 83
17758 0
17832 45
18027 40
18036 0
18120 45
18319 0
18455 63
18649 0
18900 45
19014 0
19070 45
19123 0
19140 40
19311 52
19314 0
19359 45
19471 63
19593 0
19610 45
19744 0
19934 45
20030 0
20155 45
20208 0
20239 45
20395 0
20448 45
20469 0
20547 63
20636 0
20644 52
20861 0
21222 40
21261 0
21296 40
21313 0
21362 40
21387 63
21429 0
21891 40
22001 45
22057 0
22235 52
22312 0
22436 83
22564 83
22843 0
22848 83
23322 0
23368 45
23438 0
23660 40
23737 52
23772 0
23818 45
24025 0
24052 45
24066 0
24259 83
24261 0
24537 83
24577 45
24606 0
24721 63
24727 0
24803 40
24937 40
25194 0
25218 83
25249 0
25497 40
25815 45
25968 83
26088 0
26259 40
26373 0
26471 40
26612 52
26728 0
26819 83
26859 83
26939 0
26946 63
26971 45
27177 0
27354 45
27401 0
27728 40
27861 0
27882 52
27945 52
28165 0
28268 45
28458 0
28525 83
28613 0
28654 83
28683 45
28825 0
28904 83
29192 40
29266 0
29321 52
29371 0
29422 83
29452 0
29484 45
29517 0
29530 45
29551 0
29559 63
29652 0
29659 83
29911 0
29918 52
30084 0
30149 45
30176 0
30183 63
30217 0
30233 45
30255 0
30271 40
30354 52
30580 0
30584 52
30827 0
31041 83
31197 0
31205 45
31361 40
31577 45
31840 45
31867 0
32137 45
32182 0
32301 45
32372 0
32540 83
32636 0
32649 83
32754 0
32774 83
32872 83
32897 63
32985 0
33038 63
33180 0
33293 45
33396 0
33397 45
33431 0
33499 63
33672 0
33681 52
33762 0
33820 63
33983 0
34157 45
34169 0
34203 45
34249 0
34329 45
34383 83
34466 0
34491 52
34593 0
34617 45
34664 63
34682 0
34733 45
34752 0
34787 40
34838 0
35003 45
35048 0
35066 83
35158 0
35573 52
35600 0
35656 40
36049 0
36114 63
36115 0
36155 52
36225 0
36379 63
36403 0
36484 45
36525 52
36708 83
36749 0
36833 63
36906 63
36947 0
37065 52
37307 0
37309 52
37381 0
37417 40
37437 0
37475 52
37488 45
37818 83
37922 83
38082 0
38096 45
38167 0
38292 63
38582 45
38632 0
38669 45
38747 52
39373 0
39381 83
39429 0
39455 52
39500 0
39612 40
39823 0
39839 83
39940 0
40035 45
40107 40
40115 0
40201 45
40278 0
40371 45
40485 0
40508 40
40510 83
40783 45
40803 0
40823 45
40883 0
40900 40
41006 0
41078 52
41118 0
41234 52
41342 0
41531 52
41560 45
41604 45
41622 0
41683 83
41708 0
41727 45
41799 0
42223 52
42241 0
42511 40
42649 0
42713 63
42738 45
42769 0
43236 83
43262 0
43283 52
43287 40
43316 0
43333 52
43375 40
43376 0
43452 45
43855 0
43898 40
43913 0
44006 52
44172 0
44338 52
44460 40
44559 0
44812 52
44845 0
44990 45
45237 0
45241 45
45249 52
45441 63
45619 45
45928 0
46051 40
46164 0
46230 40
46256 0
46347 40
46390 45
46420 45
46478 0
46499 83
46506 0
46552 52
46620 0
46761 45
46787 0
46856 45
46898 63
46956 0
47387 45
47432 0
47808 45
48070 0
48718 63
48743 0
48981 52
49064 45
49072 40
49286 63
49296 0
49371 63
49554 0
49734 40
49859 0
49976 83
50076 52
50148 0
50352 40
50542 52
50626 0
50646 40
50648 0
50662 83
50732 0
50782 83
50850 63
50882 83
51098 0
51139 63
51210 0
51214 45
51264 0
51282 52
51380 0
51647 40
51800 0
51844 63
51958 0
52098 45
52135 0
52222 45
52299 0
52352 45
52365 0
52366 40
52379 0
52407 40
52527 0
52532 52
52643 0
52777 45
52789 0
52864 52
52933 0
53312 45
53328 40
53400 0
53731 45
53817 0
54128 63
54202 0
54410 63
54533 0
54554 45
54667 0
54827 45
54915 0
55158 52
55444 0
55542 40
55660 0
55699 40
55782 0
55843 52
55886 0
55950 45
56008 0
56070 63
56148 0
56216 83
56264 40
56305 45
56352 0
56520 83
56560 0
56710 52
56815 0
56830 40
56832 0
56842 52
56946 40
57154 0
57233 83
57236 0
57568 45
57779 0
57844 63
58046 0
58061 63
58170 0
58323 45
58411 0
58499 40
58564 0
58615 45
58794 0
58810 83
58845 0
59006 45
59142 0
59259 63
59315 0
59321 45
59343 0
59398 63
59475 0
59505 45
59546 45
59672 0
59676 45
59817 0
60013 63
60192 0
60229 45
60327 0
60353 45
60396 63
60440 0
60664 52
60726 63
60851 52
61100 0
61239 40
61297 45
61565 0
61594 45
61909 0
61912 45
62107 63
62276 0
62288 45
62434 0
62443 45
62567 0
62649 63
62859 0
62938 40
62995 0
63051 52
63165 83
63516 45
63568 83
63629 0
63715 45
63823 83
63949 0
64048 52
64102 0
64354 45
64476 0
64629 63
64638 0
64644 52
64714 45
64767 0
64844 83
64948 45
64983 40
65021 0
65033 63
65060 0
65228 52
65297 0
65460 45
65633 0
65642 45
65688 40
65705 0
65744 83
65757 0
65762 45
65902 0
65951 83
65958 0
66008 63
66070 0
66188 45
66240 0
66365 83
66490 0
66504 83
66524 0
66644 45
66703 0
66844 52
66938 0
67149 83
67205 0
67208 63
67526 0
67566 52
67666 0
67671 45
67794 0
67870 40
68195 0
68313 63
68490 0
68564 83
68763 0
68857 45
68932 52
68993 0
69042 83
69061 83
69078 0
69123 63
69231 0
69251 40
69321 63
69789 0
69837 63
69916 63
70176 0
70309 45
70348 45
70902 0
70931 45
70936 0
70943 45
71177 0
71186 40
71234 0
71251 40
71404 0
71464 45
71618 0
71637 40
71720 0
71735 40
71773 52
71929 83
72173 45
72368 45
72415 0
72431 63
72459 52
72519 0
72595 45
72647 0
72729 83
72932 0
73235 83
73237 0
73337 40
73382 83
73447 0
73495 45
73512 0
73523 45
74037 0
74071 83
74092 0
74131 45
74162 0
74165 52
74280 52
74460 40
74582 0
74597 52
74636 0
74768 83
75184 0
75395 63
75533 45
75536 0
75611 63
75761 0
75844 45
76132 0
76153 40
76179 52
76511 45
76555 63
76564 45
76659 0
76799 52
76881 83
76895 0
77003 40
77167 0
77257 45
77402 40
77420 83
77524 45
77754 0
77790 83
77810 40
77930 0
78167 52
78220 0
78427 45
78432 0
78484 45
78494 0
78516 83
78584 0
78807 63
79415 40
79507 0
79545 45
79604 52
79689 0
79741 45
79770 0
79981 63
80103 45
80253 0
80636 45
80646 0
80681 52
80690 0
80743 63
80880 0
81004 83
81366 0
81388 83
81409 0
81428 45
81764 45
81790 45
81828 0
82058 83
82067 83
82136 0
82744 45
82830 0
82993 45
83128 0
83306 83
83318 0
83664 63
83696 0
83719 40
83759 0
83781 45
84109 45
84402 0
84412 45
84466 63
84602 0
84649 45
84686 0
84754 63
84824 0
84850 40
84915 0
84962 40
84995 0
85088 45
85131 0
85193 45
85371 0
85404 52
85556 0
85594 45
85690 45
85744 0
85879 52
85888 0
86070 83
86141 63
86231 45
86704 0
86742 40
86795 52
86800 83
87158 0
87515 45
87826 0
87851 40
87896 0
87899 45
87992 0
88068 83
88110 0
88148 52
88197 0
88260 45
88367 45
88451 52
88476 0
88536 63
88731 0
88772 52
88975 0
89006 40
89088 45
89139 45
89306 52
89468 0
89504 63
89507 0
89540 83
89576 0
89777 45
89856 0
89862 45
89874 45
89898 0
89926 45
90130 0
90245 63
90339 0
90427 45
90566 45
90577 0
90708 52
90836 0
91016 45
91218 45
91235 0
91264 45
91376 45
91529 0
91670 45
91680 0
91805 40
91902 40
91924 52
92020 0
92057 63
92092 0
92115 63
92267 0
92371 63
92527 0
92696 63
92709 40
92720 0
92909 52
93110 0
93271 40
93401 45
93453 52
93535 83
93559 0
93684 52
93836 0
93946 83
94065 0
94201 83
94241 0
94328 40
94469 0
94507 40
94546 0
94686 40
94702 0
95001 45
95050 0
95079 45
95098 0
95099 45
95110 0
95292 52
95293 45
95414 0
95526 52
95549 0
95675 40
95755 0
95924 83
96154 52
96271 40
96322 0
96400 52
96470 40
96494 0
96536 40
96679 0
96756 45
96841 45
96892 0
96982 45
96997 45
97075 40
97155 0
97268 63
97275 0
97306 63
97377 0
97649 63
97760 0
97781 63
97948 0
98134 63
98408 0
98532 63
98784 0
98850 40
98863 0
99088 45
99235 0
99266 63
99351 0
99367 52
99375 0
99459 45
99698 52
99759 0
99884 45
99968 0
295 events for 15
12 84
77 75
600 0
739 79
1070 0
1568 75
1679 0
1739 79
1816 75
2210 0
2585 84
3199 0
3320 79
3399 0
3828 79
4102 0
4164 79
4285 0
4386 84
5142 0
5807 75
6124 0
6422 75
6890 79
7097 0
7129 79
7214 0
7425 84
7521 0
7677 75
8548 79
9110 75
10035 0
11758 79
11845 79
12090 0
13429 75
14175 0
14435 75
14584 0
14780 75
15443 0
15923 75
16406 0
16967 84
17270 75
17400 0
17579 84
17587 0
17755 79
17892 84
18231 0
18374 79
19927 0
20507 79
20591 0
20867 84
21506 0
21791 75
21963 0
22692 79
22735 0
22995 75
23020 0
23290 79
23374 0
23871 84
24681 0
25185 79
25783 0
27751 84
28007 0
28142 79
29160 0
29256 84
29741 0
29928 75
30003 0
30240 75
30263 75
30573 0
30850 79
30934 0
31119 75
31804 0
31924 75
32213 0
32379 79
33221 79
33624 84
33662 84
34308 84
35417 0
35779 84
35839 0
36010 79
36512 0
37002 84
37071 84
37124 0
37336 84
37503 0
37785 79
37959 0
37971 84
38672 0
38841 79
39318 0
39477 79
39500 79
39687 0
39807 79
40038 0
40320 75
40504 0
40756 84
41111 0
41173 84
41471 0
41733 79
42151 75
42486 0
42533 79
42894 0
43742 79
44134 0
44418 79
44440 0
45063 84
45170 84
45523 0
45924 75
46774 0
46882 84
46918 0
47025 79
47188 79
47282 75
47451 0
47810 79
47956 0
48271 79
48740 79
49191 0
49201 79
49852 79
50401 79
50544 0
50764 75
51064 0
51176 75
51440 0
51586 84
52288 0
52379 79
52845 0
52858 84
53040 0
53737 84
54275 0
54393 79
54662 0
54716 84
55596 84
55617 79
56182 0
57144 75
57473 0
57577 79
57624 0
57770 79
58114 0
58147 75
58799 79
58956 0
59294 79
59345 0
59691 79
59802 84
60222 0
60301 75
60311 0
60374 75
60830 0
60974 75
61085 0
61297 75
61479 0
61837 79
62008 79
62141 0
62196 75
62471 0
63615 75
64947 84
65133 0
65276 79
65754 79
66122 0
67192 79
67319 75
67453 84
68066 0
68696 79
68711 0
69003 75
69806 79
70104 0
70490 84
71284 0
71915 75
72525 75
72739 0
72819 79
73425 0
73543 75
73970 0
74165 84
74371 75
74648 0
74797 84
75910 0
76014 84
76761 0
77465 75
77727 0
77791 75
77919 0
78038 79
79155 79
79401 0
80052 84
80293 84
80756 84
81641 75
81807 0
82157 84
82470 0
82700 79
83243 0
83564 84
84394 0
84736 84
84788 0
84792 84
85732 0
85875 79
86112 0
86484 75
86963 0
86981 79
87423 79
87426 0
87544 84
87903 0
88052 84
88288 79
88414 0
89083 79
89198 0
89384 79
90432 0
90975 79
91036 0
91486 84
91901 0
92227 79
92899 79
92988 0
93365 75
93420 84
93427 0
93499 79
93545 79
93708 0
93927 79
94111 79
94756 0
94953 79
95045 75
95201 0
95517 79
95856 0
96863 79
97070 0
97082 79
97101 0
97171 84
97406 0
97490 79
97573 0
98111 84
98487 0
98656 84
99091 0
