8 buffers
149581 16511
139403 15687
216845 39021
103645 4467
206551 19032
250779 17178
215252 992
208534 27919
60 downlinks
0 250 1667 395
1 1917 3334 300
2 3584 5001 346
3 5251 6668 368
4 6918 8335 381
5 8585 10002 335
6 10252 11669 391
7 11919 13336 313
8 13586 15003 327
9 15253 16670 364
10 16920 18337 312
11 18587 20004 297
12 20254 21671 409
13 21921 23338 408
14 23588 25005 352
15 25255 26672 430
16 26922 28339 346
17 28589 30006 374
18 30256 31673 298
19 31923 33340 293
20 33590 35007 297
21 35257 36674 415
22 36924 38341 321
23 38591 40008 372
24 40258 41675 418
25 41925 43342 391
26 43592 45009 396
27 45259 46676 324
28 46926 48343 341
29 48593 50010 353
30 50260 51677 349
31 51927 53344 306
32 53594 55011 373
33 55261 56678 360
34 56928 58345 337
35 58595 60012 423
36 60262 61679 368
37 61929 63346 347
38 63596 65013 421
39 65263 66680 380
40 66930 68347 332
41 68597 70014 309
42 70264 71681 356
43 71931 73348 427
44 73598 75015 378
45 75265 76682 320
46 76932 78349 378
47 78599 80016 430
48 80266 81683 318
49 81933 83350 421
50 83600 85017 319
51 85267 86684 392
52 86934 88351 329
53 88601 90018 313
54 90268 91685 335
55 91935 93352 330
56 93602 95019 337
57 95269 96686 325
58 96936 98353 432
59 98603 100020 330
752 events for 0
23 54
33 54
35 62
53 57
171 57
218 0
507 63
564 0
870 63
888 0
1050 54
1264 62
1282 0
1473 77
1590 54
1886 77
1926 54
1993 62
2056 0
2088 57
2216 54
2254 0
2648 63
2809 63
3073 0
3121 57
3480 77
3835 0
3937 62
3940 0
3953 77
4145 0
4201 63
4393 0
4680 77
4768 57
4791 0
4819 62
4888 0
5078 54
5134 0
5202 57
5532 0
5564 57
5670 63
5792 0
6051 62
6145 0
6488 57
6514 0
6585 57
6900 57
6985 57
7066 63
7224 0
7225 77
7413 57
7475 62
7554 0
7609 62
7661 0
7773 77
7899 0
8085 63
8274 0
8326 54
8529 63
8601 62
8921 0
8935 62
9057 63
9070 0
9143 77
9222 0
9236 62
9287 0
9378 54
9543 0
9604 63
9659 77
9951 0
10035 77
10154 0
10218 57
10339 0
10408 62
10451 0
10532 62
10543 0
10579 57
10588 0
10624 62
10661 63
11307 0
11334 62
11382 0
11527 57
11794 63
11809 54
12090 0
12110 54
12113 0
12259 57
12345 0
12522 63
12762 77
12837 77
12838 0
12880 57
13152 77
13157 0
13272 77
13865 0
13929 57
13945 0
14154 77
14343 0
14386 54
14468 63
14627 0
14687 77
14955 0
15061 63
15113 0
15188 54
15289 0
15477 63
15882 63
16072 0
16104 62
16312 0
16335 57
16651 57
16711 63
16831 0
16914 54
17212 0
17257 77
17348 77
17378 0
17515 57
17564 0
17868 57
17921 62
17984 57
17996 0
18025 54
18150 0
18184 77
18241 0
18372 63
18465 63
18668 0
18711 77
18942 0
18955 77
19075 0
19243 77
19284 0
19311 77
19324 54
19445 62
19453 0
19463 63
19523 63
19620 77
19672 0
19751 57
19848 63
20108 77
20127 62
20187 57
20348 77
20452 0
20568 77
20740 0
20823 57
21045 0
21281 54
21334 0
21362 54
21649 54
21898 0
21958 54
22440 0
22656 54
22706 62
22792 0
22969 62
23017 0
23311 63
23421 0
23449 63
23494 63
23578 63
23598 0
23697 57
23852 0
23898 57
24146 54
24393 57
24427 0
24630 77
24654 0
24668 77
24678 0
24706 62
24928 0
24958 57
25093 57
25141 0
25307 63
25535 0
25773 57
25896 0
26107 62
26187 0
26338 57
26458 63
26513 0
26656 63
26857 0
26897 54
26913 0
27118 77
27126 0
27394 62
27865 54
27891 0
27919 57
27932 0
27940 63
28454 0
28534 62
28646 77
28805 0
28974 57
29072 0
29347 57
29959 0
30088 62
30582 0
30613 57
30674 0
30804 77
31032 57
31067 54
31100 0
31222 77
31344 0
31791 62
31848 0
31944 62
32575 0
32597 62
32604 57
32867 0
32886 77
32918 0
33271 77
33330 0
33712 57
33751 0
33770 63
34141 0
34216 57
34285 0
34382 63
34712 0
34868 54
34907 0
35015 77
35106 0
35190 62
35271 0
35983 54
36091 0
36107 57
36163 0
36295 77
36450 0
36462 54
36620 0
36714 63
37154 54
37170 0
37315 62
37500 0
37590 77
37646 0
37932 54
37941 0
38000 54
38052 62
38088 0
38366 57
38483 54
38484 0
38544 63
38583 63
38678 0
38922 54
38969 0
39031 54
39054 0
39175 62
39239 0
39365 63
39474 63
39524 0
39572 54
40005 54
40036 0
40050 62
40373 77
40638 62
40699 0
40893 63
40930 0
41133 54
41408 54
41508 0
41877 54
41930 0
42122 77
42352 0
42445 62
43216 0
43254 57
43291 0
43441 77
43499 0
43553 54
43615 0
43641 57
43790 0
43896 62
44068 0
44161 54
44256 0
44321 57
44585 0
44606 57
44608 63
44680 54
44834 0
44929 62
45161 0
45835 62
45910 0
45916 77
45959 0
45998 63
46073 0
46236 54
46306 54
46371 0
46433 54
46441 63
46591 54
46692 77
46791 62
47089 77
47321 0
47348 57
47487 0
47500 57
47545 0
48109 63
48644 0
48714 54
49036 0
49268 54
49284 63
49378 63
49431 0
49581 54
49899 0
49926 77
50067 0
50136 54
50162 54
50236 0
50291 54
50363 57
50410 0
50542 54
50672 0
50764 63
50797 0
50905 62
51102 77
51207 0
51343 77
51359 0
51454 63
51527 0
51685 77
51777 0
51883 77
51914 62
52383 0
52445 62
52529 0
52556 62
52577 0
52776 54
52807 54
52856 0
52868 77
52999 0
53192 57
53324 0
53697 54
54058 0
54132 63
54236 63
54278 62
54496 0
54964 62
55007 0
55130 62
55196 0
55461 57
55826 0
55979 54
56059 54
56068 0
56181 62
56209 0
56334 54
56626 0
57000 62
57109 0
57391 77
57461 63
57767 0
57933 77
58063 54
58151 0
58260 57
58346 0
58433 54
58444 0
58512 57
58529 0
58538 77
58607 0
58805 54
58806 62
59193 62
59331 63
59515 77
60097 63
60336 0
60341 62
60409 63
60429 0
60439 62
61423 0
61662 57
61955 57
62061 77
62180 0
62257 57
62564 54
62714 54
63075 63
63077 57
63113 0
63168 63
63184 77
63300 0
63317 63
63354 0
63519 57
63658 63
63734 0
63757 54
64092 62
64486 0
64623 77
64642 63
64655 0
64831 77
65408 0
65562 54
65576 0
65632 62
65677 0
65870 62
66010 0
66452 63
66477 77
66500 0
66590 62
66605 63
66773 77
66844 0
66872 57
66970 0
67037 77
67039 0
67368 63
67684 0
67832 62
68039 0
68105 57
68205 0
68534 54
68544 0
68638 57
68828 0
68989 63
69234 0
69249 54
69328 63
69499 77
69558 0
69708 63
69711 77
69798 0
69839 54
69846 0
69899 57
69943 63
70192 63
70224 0
70552 63
70591 0
70726 54
70941 0
71205 57
71295 63
71561 0
71569 54
71691 0
71740 63
71877 77
72116 0
72174 77
72292 0
72433 57
72447 0
72653 54
72665 0
72695 63
72801 0
72833 62
72983 0
73214 77
73346 0
73570 77
73848 62
74123 0
74456 63
74537 0
74571 77
74586 0
74647 77
74704 54
74730 62
74751 57
74880 54
75091 0
75176 54
75290 0
75323 63
75663 0
75757 77
75770 0
75804 57
76231 0
76626 54
76642 77
76790 54
76910 0
76978 62
77038 0
77094 54
77107 0
77610 77
77720 54
77956 0
78412 63
78452 62
78515 0
78837 57
78988 0
78990 57
79049 63
79326 54
79347 0
79509 54
79803 0
79894 57
79944 57
80018 54
80324 0
80573 57
80757 62
80760 0
80769 57
80822 0
80974 62
81230 0
81265 77
81533 0
81723 63
82174 0
82294 54
82304 0
82430 57
82668 0
83013 62
83016 0
83048 62
83198 0
83242 54
83452 0
83573 54
83577 0
83627 57
83656 77
83807 0
84103 54
84110 0
84206 54
84228 54
84305 0
84313 63
84589 0
84645 63
84654 77
84908 62
85401 0
85602 77
85644 0
85663 62
85709 0
85716 63
85717 57
85733 0
85981 54
86042 0
86195 77
86363 63
86402 0
86506 54
86579 54
86637 0
86967 57
87010 0
87138 54
87433 77
87771 62
87820 0
87965 57
87989 0
88048 63
88462 0
88519 77
88584 0
88714 77
89067 0
89212 77
89306 0
89415 77
89486 0
89508 77
89696 0
89820 57
90047 0
90419 57
90614 0
90707 54
91017 62
91022 63
91189 0
91234 62
91438 54
91562 0
91666 77
91782 0
91798 57
91835 54
91901 0
91956 62
91978 54
92036 0
92056 62
92060 0
92457 77
92460 0
92473 62
92636 0
92679 57
92724 0
92793 54
92851 0
93096 77
93217 63
93240 0
93257 62
93392 0
93587 77
93834 0
93933 62
94037 0
94125 62
94322 0
94384 77
94424 0
94427 57
94603 0
94872 57
95147 54
95333 0
95437 63
95583 62
95665 0
95726 57
95744 63
95937 0
96188 54
96332 0
96420 62
96459 62
97019 0
97211 62
97498 0
97602 63
97606 0
97642 63
97783 54
97803 0
98123 77
98210 0
98216 57
98224 0
98266 57
98335 0
98538 62
98777 54
98899 0
99123 57
99366 0
99375 62
99464 0
99596 63
99779 77
99820 77
155 events for 1
227 70
648 0
1025 70
1122 59
2735 59
3057 70
4704 0
5194 59
5659 0
7666 72
8072 0
8414 70
8469 0
8542 72
9122 0
9205 59
9475 70
9562 0
9860 70
10127 0
10558 72
10830 0
11462 70
14080 0
14820 72
15065 0
15804 70
17626 0
18137 59
18667 0
19056 59
19617 0
20216 72
21607 72
23482 59
23664 70
24127 0
24158 72
24372 0
24497 72
25192 0
25433 72
25445 0
26012 72
26079 59
26251 0
26482 70
26958 0
28081 72
29532 0
29601 70
30639 0
31926 59
32522 70
33757 0
33920 59
34905 72
35794 0
37925 72
38063 0
38771 70
39354 0
39714 59
40684 70
40904 0
41445 70
41724 72
41788 0
43894 59
44947 0
45842 59
46442 0
46549 72
47196 0
47340 59
49293 0
49364 59
49463 0
51996 70
52717 0
53950 59
54384 70
54425 0
55316 59
55333 0
56130 70
56214 70
56457 0
56579 70
57076 0
57221 59
57900 0
58524 59
58896 0
59467 70
60009 59
60166 59
60307 0
61980 72
64763 0
64880 72
67101 0
68838 70
70140 0
70255 70
72549 0
74106 70
74255 0
74694 70
75829 59
75988 0
76584 72
76830 0
77564 70
78527 0
78685 70
78803 72
80268 70
80440 0
81341 70
81463 0
81982 70
82073 0
82104 70
82532 72
83425 0
84027 72
84170 72
84259 0
84920 70
84939 0
85405 72
85999 0
86093 59
87063 0
87256 59
89438 0
90335 72
90883 0
91734 72
91956 0
92196 59
92294 72
92721 59
92966 0
93078 70
93124 0
94298 72
94443 70
94555 59
94700 0
94809 70
95036 59
95953 0
98695 72
809 events for 2
38 58
87 0
223 58
627 0
685 58
786 0
828 60
867 0
931 58
1200 58
1346 0
1387 58
1466 60
1652 58
1814 0
1938 60
1996 58
2192 0
2391 58
2435 0
2582 58
2601 0
2632 58
2730 0
2798 58
2874 60
3125 58
3176 58
3284 0
3328 60
3366 0
3559 60
3853 0
3938 60
4068 58
4099 0
4193 58
4337 0
4575 60
4638 0
4660 58
4696 0
4698 60
5012 0
5020 58
5066 0
5152 58
5181 0
5423 60
5490 0
5504 60
5578 0
5612 58
5692 0
5723 60
5954 0
6252 60
6437 0
6586 58
6624 0
6763 58
7239 58
7526 0
7589 58
7606 0
7730 60
7853 0
7884 60
7961 58
8065 0
8451 60
8686 58
8812 0
9157 58
9252 0
9328 58
9456 0
9538 58
9549 0
9760 60
9844 0
10005 58
10056 58
10314 0
10324 58
10445 60
10515 58
10671 0
10683 58
10732 0
10750 60
10802 0
10904 60
10908 60
11036 0
11449 58
11496 0
11869 60
12254 60
12498 58
12733 0
12855 60
12934 0
13224 60
13445 0
13460 60
13464 58
13601 0
13744 58
13955 0
14005 60
14205 0
14338 60
14788 60
15106 0
15273 60
15313 58
15755 0
15784 60
15795 0
16364 58
16478 0
16502 58
16503 58
16543 0
16742 58
16816 0
17068 60
17072 60
17388 0
17550 58
17601 0
17639 60
17671 0
17717 60
17798 58
17896 60
18545 60
18631 0
18800 58
18873 60
18883 0
18947 60
19070 0
19092 60
19532 60
19628 0
19782 58
19943 60
20008 0
20029 60
20084 0
20141 58
20167 0
20205 58
20238 0
20339 60
20649 0
20780 60
20812 58
20897 0
20920 60
20994 0
21124 60
21153 0
21183 60
21298 0
21453 60
21514 0
21692 58
21745 0
21808 58
21874 0
21971 58
21986 60
22121 0
22146 58
22203 0
22331 60
22438 0
22544 60
22610 0
22625 60
22932 0
23287 58
23295 0
23453 58
23512 0
23531 58
23648 0
23671 60
23688 0
23692 58
23956 0
23957 58
23962 0
24199 60
24513 0
24544 58
24658 0
24799 60
25078 60
25424 0
25485 58
25568 0
25675 58
25755 0
25889 58
25951 60
26003 0
26235 60
26390 0
26550 60
26592 60
26643 0
26646 58
27041 0
27203 60
27297 60
27361 60
27378 60
27646 0
27799 58
27837 0
27919 60
28017 0
28067 58
28444 0
28658 60
28995 0
29224 60
29234 0
29383 58
29566 0
29695 60
29727 0
29948 60
30234 0
31004 60
31060 60
31403 0
31450 58
31452 0
31704 58
31709 0
31793 58
32002 0
32107 58
32242 0
32259 60
32333 0
32347 58
32540 0
32585 60
32627 58
32628 0
33240 58
33537 0
33557 58
33610 58
33709 0
33829 58
33909 0
34076 60
34246 0
34521 58
34545 0
34720 60
34997 0
35232 58
35370 0
35635 60
35813 60
35977 0
36132 60
36151 0
36195 60
36579 0
36604 60
36814 0
36860 60
37091 0
37123 60
37215 60
37241 0
37301 58
37326 60
37551 0
37644 60
37808 0
37827 58
37959 58
38301 58
38719 0
38908 60
38946 0
39080 60
39111 0
39205 58
39265 0
39335 58
39436 0
39465 60
39504 0
39689 60
39751 0
39786 60
39802 0
39928 58
40116 60
40119 0
40196 58
40216 0
40287 58
40309 0
40310 58
40371 58
40461 0
40601 60
40631 60
40632 58
40756 0
40786 58
40824 0
40832 58
40910 0
41203 58
41330 60
41333 0
41347 60
41348 0
41414 60
41504 0
41604 60
41743 0
42113 60
42326 0
42332 58
42473 0
42560 60
42562 60
42704 58
42717 0
42826 60
42846 0
42873 60
42945 0
43112 60
43688 58
43748 0
43778 58
43780 0
43916 60
43921 0
44022 60
44041 0
44171 60
44256 0
44300 58
44505 0
44564 58
44684 58
44930 0
44955 58
44974 58
45178 0
45328 60
45413 0
45904 58
46019 60
46146 58
46182 0
46209 60
46557 0
46642 60
46696 0
46927 60
47018 0
47778 58
47960 0
48053 58
48208 0
48436 58
48495 0
48842 58
48958 60
49121 60
49209 0
49473 60
49601 60
49644 60
49885 0
49942 58
50072 0
50142 58
50225 0
50404 58
50425 0
50492 58
50533 0
51071 60
51080 58
51121 58
51177 60
51241 0
51390 60
51476 58
52011 0
52195 58
52318 60
52354 0
52370 58
52600 0
52721 60
52984 0
53025 60
53517 0
53751 58
53801 0
53891 58
54106 0
54118 58
54206 60
54584 0
54656 58
54669 0
54772 60
54847 0
55085 60
55128 0
55132 60
55144 60
55254 58
55450 58
55614 0
55690 58
55747 0
55765 58
55795 0
55868 58
55967 0
56308 58
56346 60
56647 0
56854 60
56911 0
56934 60
56994 0
57093 58
57194 0
57287 58
57306 58
57619 0
57684 60
57823 0
57847 58
57945 0
57947 60
57976 0
58345 58
58551 0
58586 58
58723 0
59020 60
59046 60
59283 58
59284 0
59434 58
59481 0
59674 60
59685 0
59793 58
60108 0
60128 58
60395 0
60533 60
60540 0
60735 58
61074 58
61076 0
61088 60
61242 0
61340 58
61375 0
61405 60
61456 0
61461 58
61519 0
61632 60
61656 0
61689 60
61759 0
61807 60
61863 60
62073 0
62107 58
62225 0
62310 58
62351 0
62415 58
62805 0
62923 58
63019 0
63225 58
63360 0
63420 58
63547 60
63623 0
63641 58
63724 0
63768 58
64121 0
64226 60
64245 0
64254 60
64268 0
64296 60
64350 58
64427 60
64739 0
64742 60
64826 0
64838 58
64871 58
64920 0
65077 60
65329 0
65343 58
65392 58
65458 0
65552 58
65830 0
65842 58
65976 60
66083 58
66489 60
66569 0
66804 60
66855 58
66880 0
66973 60
67174 58
67195 0
67240 58
67342 0
67411 58
67631 0
67727 60
67898 60
68220 0
68286 60
68729 0
68734 60
68835 0
68853 60
69114 60
69227 60
69333 0
69339 60
69898 60
69903 58
69934 0
70012 60
70063 0
70133 58
70218 0
70379 60
70432 60
70434 0
70544 60
70573 0
70689 58
70793 60
70814 58
70960 0
71004 60
71007 0
71008 60
71455 0
71508 58
71738 0
71805 60
71830 0
71836 58
72242 0
72333 58
72531 60
72605 0
72780 58
72893 0
73027 60
73387 0
73552 60
73564 0
73572 58
74067 58
74210 60
74263 0
74377 58
74515 0
74602 58
74631 0
74634 58
74643 0
74659 58
74713 0
74754 60
75016 0
75040 60
75093 58
75155 0
75305 58
75737 0
75783 58
75816 0
75936 60
76299 58
76312 58
76606 0
76810 60
77094 0
77464 58
77683 0
77999 60
78023 0
78038 60
78059 0
78294 58
78405 0
78414 60
78498 0
78736 58
79451 60
79462 0
79514 58
79686 0
79701 60
79742 60
79769 0
79797 58
79875 60
80096 0
80195 60
80272 0
80332 58
80372 0
80378 58
80399 0
80524 60
80713 0
80786 60
80808 0
80865 60
81007 60
81366 0
81444 58
82050 0
82306 58
82317 0
82614 58
82857 0
82877 60
82881 58
82935 60
83070 0
83084 60
83218 58
83254 60
83493 0
83702 58
83831 0
83954 60
84145 0
84188 58
84301 0
84332 58
84359 0
84497 58
84522 0
84574 60
84595 0
84643 60
84933 0
85126 58
85257 58
85415 0
85483 58
85670 60
85732 0
85735 60
85815 0
85909 60
85938 0
85981 60
86093 0
86300 60
86308 58
86487 0
86544 58
86715 0
86741 60
86780 0
86861 60
86879 0
86957 58
87075 0
87184 58
87281 58
87458 0
87495 58
87651 60
87743 60
87857 0
87898 58
88109 0
88423 60
88426 0
88693 58
88744 0
88799 60
88913 0
89232 60
89277 58
89321 0
89717 60
89722 0
89820 60
89938 0
90223 58
90300 60
90665 60
90829 0
90834 60
90963 0
91062 58
91254 0
91292 60
91298 58
91310 0
91475 60
91479 0
91510 58
91873 0
91995 58
92153 0
92267 58
92668 60
92686 0
92714 60
93048 0
93086 58
93236 60
93243 58
93244 0
93262 58
93302 60
93336 60
93425 58
93515 58
93540 60
93571 0
93574 60
93610 0
93781 58
93795 60
93819 0
93921 58
94094 0
94198 58
94240 0
94257 58
94503 0
94616 60
94638 0
94705 58
94777 0
94819 58
95107 58
95520 0
95536 60
95550 0
95670 58
95949 0
96250 58
96453 0
96642 60
96828 0
96848 58
97017 60
97246 0
97290 60
97544 0
97817 60
97870 60
98150 0
98331 60
98351 0
98377 60
98459 58
98543 0
98865 58
98910 0
98932 58
99061 58
99688 0
99706 60
99723 0
99765 60
99844 0
978 events for 3
173 68
310 0
436 36
633 0
675 36
744 0
830 63
910 0
1055 68
1114 0
1191 36
1238 0
1255 36
1550 36
1577 0
1712 63
1751 36
1793 0
1828 68
1850 63
1935 63
1942 0
1943 36
1951 0
1959 36
1966 68
2024 54
2132 0
2151 54
2240 36
2463 0
2681 68
2708 36
2751 0
2899 54
2949 0
2957 68
3152 0
3269 63
3388 36
3423 54
3585 0
3605 68
3734 0
3823 54
3920 36
3972 68
4332 36
4511 54
4587 54
4722 36
4785 0
4800 36
4882 68
4890 36
5241 0
5326 54
5406 0
5547 36
5620 0
5704 54
5815 0
6114 63
6122 54
6147 0
6183 54
6223 0
6307 68
6415 0
6725 36
6739 0
6861 36
6898 54
6966 36
7204 0
7299 68
7322 0
7352 36
7716 0
7881 63
8004 0
8222 54
8255 36
8437 0
8502 68
8570 0
8785 36
8809 0
8882 36
9045 0
9114 68
9217 0
9417 54
9460 0
9524 68
9621 0
9664 36
9679 36
9688 0
9812 54
9858 0
9967 54
10090 0
10174 36
10209 0
10265 36
10286 0
10448 63
10453 63
10515 54
10516 0
10638 36
10654 0
10748 63
10751 0
10830 63
10850 63
10873 36
10893 0
10900 36
10992 0
11146 63
11213 36
11226 0
11432 36
11460 68
11563 0
11567 54
11607 0
11629 36
11632 54
11647 54
11760 0
11859 36
12174 0
12261 54
12595 0
12737 54
12859 0
12923 68
12976 36
13023 63
13039 0
13144 36
13165 0
13507 63
13651 54
13860 68
13874 0
14160 36
14187 0
14275 36
14824 0
14841 63
14934 63
14954 36
14962 0
15110 36
15118 0
15157 63
15161 0
15190 68
15247 0
15583 36
15595 36
15617 0
15646 68
15718 0
15755 54
15817 0
15826 36
15935 0
15949 36
15994 63
16113 0
16222 63
16233 36
16361 0
16460 54
16568 0
16746 36
16891 0
16912 63
16922 0
17013 54
17120 0
17422 54
17543 0
17669 68
17709 0
17928 36
18015 0
18113 68
18196 0
18270 36
18449 36
18487 0
18806 36
19413 0
19639 63
19642 0
19694 36
19759 0
19912 68
19921 0
20068 36
20166 0
20258 63
20286 0
20288 63
20367 0
20435 63
20493 0
20498 68
20573 0
20653 54
20663 0
20716 63
20803 63
20839 0
20897 36
20995 36
21074 0
21123 63
21152 0
21256 68
21339 0
21698 68
21783 54
21833 0
21863 36
22281 0
22328 63
22329 0
22412 54
22462 0
22515 54
22805 0
22895 68
22900 0
22936 63
23035 0
23280 63
23421 0
23466 68
23508 36
23551 0
23883 36
23884 0
23964 63
24026 0
24185 63
24362 0
24411 36
24559 54
24744 0
24758 68
24800 0
24838 36
24975 63
25049 0
25055 36
25236 0
25554 68
25609 0
25643 68
25808 36
25871 63
25877 0
26080 63
26113 0
26190 54
26255 0
26285 36
26550 36
26730 63
27184 0
27204 63
27367 68
27578 54
27697 0
27839 63
27845 0
27963 36
28081 0
28098 36
28181 63
28273 0
28544 54
28633 68
28637 0
28731 36
28751 68
28768 0
29107 54
29196 0
29384 63
29876 0
29960 68
30080 0
30274 63
30277 63
30293 0
30348 68
30619 0
30637 36
30700 0
31172 68
31230 54
31307 68
31321 36
31375 0
31568 63
31569 0
31696 36
31734 0
31787 63
32004 0
32190 68
32412 0
32413 36
32490 0
32532 63
32537 0
32608 36
32623 36
32655 0
32805 68
32830 0
32854 63
32884 0
32905 36
33133 0
33374 36
33452 54
33618 54
33784 36
33952 68
34145 0
34270 36
34308 0
34416 36
34582 0
34594 68
34675 68
34687 0
34934 36
34968 0
34973 36
35025 0
35053 54
35833 0
36211 63
36233 0
36295 68
36332 0
36366 54
36385 0
36543 36
36568 36
36630 0
36645 68
36661 0
36820 68
36963 0
37726 36
37839 0
37895 68
37949 0
37995 36
38170 0
38368 36
38446 0
38478 63
38655 36
38910 0
38944 54
38992 0
38997 36
39121 0
39173 54
39175 0
39307 36
39333 0
39404 36
39686 0
39688 36
39792 0
39849 63
39853 63
40024 0
40035 36
40140 0
40306 68
40520 36
40553 36
40585 0
40650 36
40900 0
40957 63
41056 0
41119 54
41213 0
41398 36
41602 0
41697 36
41932 54
42279 0
42288 68
42403 36
42720 0
42801 63
42841 36
42917 36
43044 54
43058 0
43176 63
43190 0
43266 68
43311 0
43355 68
43667 0
43911 36
43937 63
44132 0
44213 36
44272 0
44336 36
44433 0
44527 63
44727 0
44902 54
45021 0
45032 36
45165 68
45214 0
45343 36
45496 0
45780 36
45918 0
45925 68
46032 0
46251 63
46284 0
46341 68
46440 0
46488 63
46521 36
46823 36
46942 0
47146 36
47164 0
47233 36
47295 0
47417 63
47499 36
47798 63
47801 0
47865 63
47979 0
47990 68
48044 63
48091 54
48165 63
48239 36
48605 68
48807 0
48986 36
49047 0
49107 63
49261 36
49424 0
49455 68
49470 0
49547 36
49553 0
49571 54
49937 0
50053 36
50164 0
50220 63
50239 0
50335 54
50363 0
50388 54
50435 0
50534 36
50945 0
50962 63
51167 0
51362 36
51414 0
51479 68
51535 0
51794 54
51806 0
51876 36
51933 0
52178 68
52226 0
52305 36
52364 0
52420 68
52447 0
52550 63
52666 0
52733 68
52846 36
53157 0
53183 63
53284 68
53501 36
53515 0
53525 68
53560 36
53655 0
53669 36
54028 68
54336 0
54348 36
54406 0
54509 63
54520 0
54658 36
54747 0
54874 63
54916 0
54938 36
54954 0
54964 68
55263 0
55543 63
55728 0
55849 36
55850 36
55984 68
55997 0
56225 68
56228 0
56436 36
56489 36
56602 0
56831 36
56870 0
57004 36
57049 0
57237 63
57272 0
57507 63
57656 36
57663 54
57687 0
58147 36
58157 0
58252 68
58367 0
58492 36
58920 0
58956 68
59029 0
59403 36
59463 54
59512 0
59609 54
59677 0
59706 63
59731 0
59747 36
59760 0
59888 54
59942 0
59995 54
60310 0
60425 36
60502 0
60517 36
60618 68
60682 0
60717 63
60759 0
60855 36
60918 0
61117 36
61402 0
61538 36
61746 0
61782 54
62232 0
62240 36
62261 0
62380 36
62425 0
62465 36
62467 0
62662 68
62741 63
62890 0
63248 36
63357 0
63410 36
63602 36
63603 0
63680 36
63817 0
63876 68
63878 36
63984 0
64024 36
64433 54
64493 36
64563 0
64633 36
64763 68
64854 68
64856 0
64874 36
64928 0
64934 63
64957 0
64965 68
65045 0
65259 68
65466 0
65510 54
65645 0
65736 63
65769 36
65826 36
65952 0
66080 63
66088 0
66161 36
66186 36
66208 0
66239 54
66341 0
66442 36
66583 0
66601 36
66606 0
66730 36
66824 63
66838 68
66857 0
67221 68
67323 0
67353 36
67364 0
67591 63
67764 0
67813 54
67816 0
67929 63
67965 0
68063 68
68064 0
68159 36
68216 0
68219 54
68250 36
68300 0
68326 36
68452 36
68490 0
68572 63
68579 36
68789 0
69019 63
69091 0
69155 68
69232 0
69242 36
69267 0
69301 36
69344 0
69441 68
69503 0
69530 68
69537 0
69677 54
69775 36
69781 0
69856 63
69919 63
69941 0
70037 36
70390 0
70468 54
70664 0
70878 68
71056 0
71398 68
71601 0
71635 36
71867 0
71962 63
72291 63
72535 0
72730 36
72858 0
73026 63
73117 0
73364 63
73461 0
73548 68
73571 0
74046 36
74160 54
74268 0
74301 36
74312 36
74677 0
74718 36
75038 36
75124 0
75130 63
75160 63
75303 0
75354 36
75363 0
75365 63
75491 68
75616 0
75621 36
75637 0
75653 68
75725 36
75810 36
76012 0
76068 36
76336 0
76370 68
76375 0
76523 36
76551 68
76695 0
76872 54
77188 0
77202 63
77244 0
77277 63
77282 54
77289 36
77323 54
77346 36
77358 0
77387 54
77446 0
77695 36
77760 54
77854 36
77942 0
77981 54
78245 0
78285 54
78388 0
78390 63
78411 63
78469 0
78634 36
78896 68
78927 0
78970 54
78973 0
79034 68
79171 0
79263 68
79371 0
79374 36
79382 36
79452 0
79465 68
79501 36
79531 0
79581 54
79606 0
79612 63
79941 0
79952 63
80050 54
80120 68
80181 0
80188 68
80304 68
80676 68
80691 0
80735 68
80816 0
80999 36
81053 0
81095 68
81175 0
81237 68
81262 0
81369 36
81680 54
81752 0
81815 68
81878 0
81897 36
81975 0
82200 54
82500 0
82568 68
82829 36
82864 63
82875 0
83155 36
83191 0
83210 54
83229 0
83291 36
83776 0
83967 36
84100 54
84164 54
84185 54
84295 0
84405 68
84427 0
84431 68
84433 0
84534 54
84623 36
84716 0
84764 36
84775 0
84899 36
85013 0
85052 36
85145 0
85180 36
85182 0
85266 54
85329 0
85419 68
85459 0
85544 36
85569 63
85673 0
85763 54
85783 36
85790 0
85796 63
85807 68
85906 0
86024 68
86438 0
86498 36
86620 0
86717 36
86741 0
86844 54
86942 54
87039 54
87045 68
87220 0
87577 63
87591 0
87652 36
87690 36
87723 54
87730 36
87786 0
87840 36
88038 0
88059 36
88060 0
88256 68
88368 0
88715 36
88722 0
88942 36
89231 0
89518 36
89610 36
89658 0
89891 68
90033 54
90155 0
90278 54
90290 0
90378 36
90463 0
90651 68
90718 0
90739 36
90796 0
91013 63
91038 0
91087 54
91409 0
91425 68
91444 0
91661 36
91840 0
92015 54
92025 0
92041 68
92050 36
92066 54
92213 36
92277 0
92323 36
92614 0
92793 68
92796 36
92896 0
92983 36
93045 0
93051 36
93477 68
93625 36
93664 68
93679 36
93739 0
93886 54
93996 68
94141 0
94146 63
94281 0
94391 36
94492 63
94564 63
94653 0
94757 68
94942 0
95066 68
95131 0
95136 54
95227 0
95250 68
95349 54
95561 0
95669 54
95716 0
95717 63
95759 0
95761 36
95979 0
96007 54
96324 0
96488 54
96556 68
96639 0
96733 63
96757 0
96898 54
96924 36
97200 63
97254 0
97301 54
97752 36
97887 0
97918 68
97962 0
98014 36
98185 36
98198 0
98257 54
98377 0
98380 36
98526 0
98587 36
98748 0
99025 54
99056 0
99086 36
99172 0
99270 36
99311 0
99519 63
99529 0
99635 54
99773 0
99801 63
99884 36
99963 36
332 events for 4
55 74
151 0
1181 74
1588 0
1775 40
2741 40
2785 0
2983 40
3603 40
3643 63
3888 0
3911 40
4254 0
5099 63
5733 0
5935 40
6068 0
6322 74
6531 0
6826 40
7175 74
7303 40
7438 40
7609 0
7664 74
8138 0
8379 74
8454 0
8776 63
9655 40
9975 0
10218 74
10334 40
10731 74
10778 0
11016 63
11044 0
11911 74
12171 0
12303 40
12398 40
12954 74
13051 40
13063 40
13780 0
14015 63
14269 74
14416 0
14621 74
14810 0
15019 40
15176 0
15447 63
15448 0
16287 74
16363 0
16471 63
16533 0
16963 63
17421 40
17426 0
17892 40
17969 0
18230 40
18240 0
18250 40
18816 40
19116 0
19427 74
19816 0
19895 63
19898 0
19954 74
21485 0
21493 63
21717 74
22146 0
22322 40
22394 0
22408 63
22415 0
23280 63
23301 0
23666 40
23917 40
24633 0
24641 63
25095 0
25451 63
26300 0
26360 40
26400 74
26887 0
26937 63
27100 40
27558 0
27621 40
27686 0
27814 40
27901 0
27906 40
28264 74
28299 0
28638 40
28894 0
29035 74
29525 0
29921 63
30195 40
30433 0
30435 74
30930 0
31427 74
31596 0
32127 74
32335 40
33377 0
33752 63
33763 74
34392 0
34533 40
34996 63
35073 0
35194 40
35664 0
35940 40
36147 40
36275 0
36444 63
36504 0
37155 63
37519 0
38962 40
39580 74
39952 40
40016 63
40038 0
40375 63
40549 0
40661 63
40999 0
41025 63
41165 0
41236 40
41708 0
42018 74
42811 0
42858 40
43520 0
43994 40
44251 0
44592 63
44970 0
45354 63
45456 0
45611 63
45619 63
45625 74
46799 40
47130 63
47840 0
47909 63
47950 0
48039 40
48850 74
49490 0
50225 63
50835 0
51054 40
51715 63
52170 0
52245 74
52534 40
53455 0
53967 40
54200 0
54544 40
54581 0
55038 63
55140 0
55375 74
55779 74
56526 40
57203 0
57415 63
57501 0
57692 74
57928 0
58356 63
59278 0
59405 63
59411 0
59737 74
60960 0
61007 40
62161 0
62431 74
62441 63
62467 0
62738 40
62769 0
62980 40
63267 0
64115 40
65550 0
66245 63
67016 0
67058 74
67650 0
67747 40
67795 0
67911 63
68011 0
68012 74
68139 74
68148 63
68150 63
68710 0
69114 40
69770 0
70105 40
70137 63
70148 74
70818 0
71272 74
71353 0
71445 74
71630 0
71728 63
72003 63
72176 0
72764 40
72960 0
73725 40
73981 63
74046 0
74277 40
74297 0
74443 74
74483 0
74505 63
74593 74
74924 0
75355 74
75405 0
75533 74
75593 0
75999 40
76414 0
76723 40
76831 0
77092 63
77262 40
77619 0
77858 74
77913 0
78023 74
78446 0
78482 63
78571 63
79140 0
79142 63
79717 0
80677 63
81203 40
81679 40
82408 0
82442 63
82922 40
83095 40
83614 0
83769 74
83917 63
84700 0
85090 63
85188 0
85216 40
85294 0
86723 74
86766 0
86950 40
86971 0
87012 63
87026 0
87038 74
87143 0
87313 63
87759 74
88205 0
88333 74
88405 0
88792 40
88818 0
88886 63
88961 0
88999 74
89003 0
89068 63
89261 74
89943 74
90233 40
90345 0
90545 74
90636 0
90658 74
90912 0
90987 74
91244 74
91284 0
91594 63
91774 63
92000 63
92061 0
92268 74
93217 0
93539 63
93736 0
93914 40
94585 0
94627 63
95182 0
95380 74
95487 40
95665 0
95876 63
96574 0
97679 63
98213 63
98269 0
98660 63
99290 74
99534 40
630 events for 5
270 79
379 79
529 0
611 79
700 0
1004 79
1157 0
1199 79
1201 0
1339 79
1409 79
1715 0
1742 79
1822 0
1880 79
1942 0
2048 79
2089 0
2180 79
2398 0
2485 79
2746 79
2804 0
2806 79
3041 0
3163 79
3197 79
3437 79
3851 79
4260 0
4839 79
4998 0
5055 79
5087 0
5187 79
5414 0
5711 79
5779 0
6002 79
6203 0
6365 79
6484 79
6688 79
6836 0
6873 79
6901 79
6935 0
7336 79
7449 0
7572 79
7765 0
7860 79
8020 79
8111 0
8327 79
8404 0
8574 79
8608 0
8728 79
8840 0
8911 79
9117 0
9285 79
9326 79
9362 0
9655 79
9826 79
9923 0
10011 79
10080 0
10097 79
10189 0
10195 79
10708 79
10746 0
10822 79
10935 0
10958 79
10977 79
11077 0
11251 79
11257 0
11287 79
11324 0
11609 79
12066 0
12345 79
12491 79
12601 0
12611 79
12758 0
12912 79
13164 0
13220 79
13491 79
13533 79
13625 0
13722 79
13886 0
14280 79
14306 0
14498 79
14764 79
15101 0
15375 79
15709 79
15735 79
15745 79
15819 0
15976 79
16138 0
16201 79
16229 0
16294 79
16340 79
16398 0
16628 79
16735 79
16886 0
17067 79
17160 79
17250 0
17350 79
17701 0
17875 79
17915 79
17944 79
18054 0
18147 79
18202 79
18287 0
18321 79
18411 0
18516 79
18574 0
18646 79
18739 79
18784 0
18874 79
18896 79
19125 79
19127 79
19138 0
19153 79
19294 79
19409 0
19548 79
19708 0
19894 79
19961 0
20167 79
20274 79
20445 0
20824 79
20852 0
20990 79
21082 0
21160 79
21308 0
21319 79
21514 0
21615 79
21737 0
22069 79
22125 0
22135 79
22223 79
22411 0
23262 79
23296 0
23297 79
23332 0
23842 79
24544 0
24718 79
25203 0
25257 79
25428 79
25517 0
26005 79
26023 0
26315 79
26376 79
26594 79
26604 0
26632 79
26641 79
26670 79
26726 0
26815 79
27061 0
27233 79
27306 0
27564 79
27897 0
28165 79
28273 0
28341 79
28569 0
28725 79
28762 0
28840 79
28987 79
29008 0
29510 79
29760 0
29791 79
29863 0
29898 79
29949 0
29998 79
30044 79
30615 0
30643 79
30802 0
31045 79
31093 79
31396 79
31452 79
31704 0
31726 79
31789 79
31838 0
32706 79
32852 0
32865 79
32867 79
32933 79
32941 79
33072 79
33346 0
34032 79
34037 0
34203 79
34788 0
35122 79
35271 0
35279 79
35512 0
35681 79
35811 79
35901 0
36286 79
36295 0
36446 79
36483 0
36715 79
36901 0
37128 79
37164 0
37460 79
37547 0
37638 79
38142 0
38606 79
39033 79
39125 0
39190 79
39218 0
39554 79
39702 0
40318 79
40328 0
40771 79
40859 79
41109 0
41126 79
41128 79
41170 79
41419 0
41550 79
41562 0
41604 79
41689 0
41709 79
41964 79
42020 0
42071 79
42171 0
42431 79
42652 0
42783 79
42916 0
43575 79
43590 0
44075 79
44212 0
44215 79
44364 0
44413 79
44662 79
45121 79
45159 0
45195 79
45320 79
45367 0
45415 79
45528 79
45809 0
45831 79
46115 0
46134 79
46303 0
46920 79
47221 79
47379 79
47467 0
47536 79
47608 0
47964 79
48333 0
48530 79
48687 0
48812 79
48937 79
49016 0
49036 79
49361 0
50481 79
50982 0
51079 79
51174 0
51267 79
51315 0
51408 79
51429 0
51519 79
51555 79
51827 0
51902 79
52004 0
52052 79
52263 79
52805 0
52967 79
53123 0
53516 79
53606 0
53724 79
53888 79
53945 0
54002 79
54097 0
54176 79
54377 79
54396 79
54466 0
54738 79
54931 0
55182 79
55322 0
55386 79
55535 0
55668 79
55852 79
55885 0
55938 79
56357 79
56475 79
56852 79
56922 0
57217 79
57221 79
57523 0
57706 79
57885 0
58072 79
58111 79
58121 0
58348 79
58472 0
58586 79
58639 0
58771 79
58890 0
59261 79
59422 0
59519 79
59559 0
59564 79
59754 79
59962 0
59971 79
60436 79
60538 0
60582 79
60612 0
60820 79
60882 0
60990 79
61063 0
61218 79
61336 0
61803 79
61861 0
61891 79
61896 0
61975 79
62024 79
62242 79
62285 0
62298 79
62471 0
62509 79
62743 79
62820 0
62845 79
62898 0
63159 79
63221 79
63334 0
63381 79
63416 79
63487 0
63695 79
63744 0
63820 79
63827 0
63834 79
64186 79
64971 0
65010 79
65062 0
65159 79
65191 0
65375 79
65476 0
65572 79
65602 79
65646 79
65762 0
66043 79
66301 79
66401 0
66807 79
66958 0
67041 79
67091 79
67215 0
67451 79
67458 79
68335 0
68392 79
68680 0
68794 79
68857 0
68925 79
69197 0
69311 79
69324 0
69415 79
69449 0
69504 79
69648 0
69823 79
69982 0
70009 79
70053 0
70137 79
70307 0
70317 79
70339 0
70400 79
70574 79
70718 0
70728 79
70866 0
70988 79
71341 0
71675 79
71830 79
72252 0
72409 79
72411 0
72793 79
72899 79
73012 79
73320 79
73539 79
73967 0
74245 79
74278 0
74293 79
74377 0
74725 79
75518 79
75649 0
76117 79
76176 79
76532 79
76540 0
76597 79
76844 79
77016 79
77431 0
77567 79
77617 0
77649 79
78033 79
78341 0
78535 79
78764 0
78900 79
79143 0
79199 79
79350 0
79357 79
79366 79
79654 0
79884 79
79903 79
79953 0
80119 79
80430 0
80466 79
80477 0
80717 79
80743 79
80886 0
81242 79
81392 79
81449 0
81720 79
82563 79
82736 0
82806 79
82828 0
82877 79
83027 0
83196 79
83253 0
83271 79
83365 79
83504 79
83594 0
83874 79
83897 0
83939 79
84082 0
84522 79
84559 0
84582 79
84798 79
84859 0
84897 79
85158 79
85744 0
85880 79
85945 79
86286 0
86302 79
86332 79
86478 79
86924 0
87234 79
87536 79
87625 79
87630 0
87647 79
87732 79
87738 0
87883 79
87928 0
87947 79
88081 79
88138 0
88224 79
88333 79
88375 0
88383 79
88876 0
88878 79
89194 79
89562 0
89791 79
89820 0
90161 79
90327 0
90566 79
90568 79
90625 79
90745 79
90775 0
91369 79
91518 79
91724 0
92311 79
92708 0
92771 79
92849 0
92900 79
92936 0
92958 79
93156 79
93227 0
93747 79
93827 79
93948 0
94112 79
94171 0
94172 79
94185 79
94293 79
94331 0
94423 79
94433 0
94589 79
94640 79
94787 79
95698 0
95958 79
96395 79
96399 0
96403 79
96448 0
96684 79
96910 0
96943 79
97524 0
98044 79
98145 79
98267 0
98335 79
98719 79
98777 0
99324 79
99659 0
99781 79
99899 0
99940 79
680 events for 6
17 72
52 0
451 72
655 72
809 0
998 72
1006 72
1070 0
1208 72
1341 0
1345 72
1389 0
1626 72
1724 0
1743 72
1813 0
2282 72
2306 0
2412 72
2609 0
2697 72
2845 0
2852 72
2975 0
3124 72
3236 0
3599 72
3684 0
3742 72
3842 0
4477 72
4591 0
4618 72
4931 0
5712 72
5979 72
6012 72
6257 0
6389 72
6486 0
7359 72
7691 0
7890 72
8003 0
8114 72
8427 72
8494 72
8617 72
8687 72
8743 0
9100 72
9364 72
9459 0
9466 72
10514 72
10582 0
10800 72
10930 72
11043 0
11080 72
11334 0
11335 72
11647 0
11734 72
11737 72
11788 72
11815 0
12002 72
12219 0
12328 72
12408 72
12510 0
12525 72
12591 0
13461 72
13627 0
13909 72
13990 0
14013 72
14288 0
14873 72
14971 0
15225 72
15268 0
15270 72
15315 72
15566 0
15703 72
15783 0
16049 72
16063 0
16156 72
16256 72
16523 72
16544 0
16744 72
16883 0
17133 72
17337 0
17577 72
17873 0
17901 72
17965 0
17973 72
18104 72
18122 0
18502 72
18684 0
18786 72
18867 0
18914 72
19161 72
19170 0
19858 72
19885 72
19907 0
20089 72
20140 0
20153 72
20406 0
20602 72
20724 0
20765 72
20935 72
21176 72
21262 0
21842 72
21846 72
22129 72
22158 0
22213 72
22411 0
22611 72
22681 72
23017 72
23527 72
23537 0
23602 72
23713 0
23759 72
23774 0
23931 72
24191 0
24241 72
24371 72
24466 0
24616 72
24910 0
24993 72
25022 0
25023 72
25158 0
25260 72
25527 0
25555 72
25725 0
25736 72
25974 72
26025 0
26120 72
26132 0
26423 72
26526 0
26605 72
26753 72
27134 0
27432 72
27452 0
27552 72
27669 0
28033 72
28202 72
28309 0
28403 72
28810 0
29075 72
29440 72
29521 72
29753 72
29935 72
29966 0
30151 72
30226 72
30527 72
30806 0
30945 72
31062 0
31178 72
31322 0
31432 72
31528 0
31664 72
31713 0
31720 72
31873 72
32079 0
32145 72
32292 0
32348 72
32433 72
32459 72
32671 72
33000 0
33090 72
33201 72
33367 0
33602 72
33691 0
33952 72
34269 0
34397 72
34412 0
34585 72
34657 0
34814 72
35022 0
35125 72
35350 0
35601 72
35869 0
35917 72
35961 0
36646 72
36682 0
36785 72
36831 0
36890 72
37389 72
37458 0
37482 72
37556 0
37869 72
37904 72
37953 72
38242 0
38261 72
38531 0
38756 72
39342 0
39386 72
39439 0
39578 72
39756 0
39789 72
39800 0
39817 72
39982 72
39989 0
40005 72
40014 0
40113 72
40221 0
40267 72
40590 72
40955 0
40992 72
41022 0
41084 72
41219 0
41511 72
41574 72
41762 0
42182 72
42402 0
42537 72
42643 0
42830 72
43344 0
43643 72
43739 72
43792 0
43827 72
43881 72
44045 0
44065 72
44228 72
44299 0
44609 72
44707 0
44766 72
44775 0
44836 72
45205 0
45269 72
45448 0
45626 72
45923 72
45947 72
45950 0
45967 72
46118 0
46151 72
46475 72
46642 0
46689 72
46742 0
46832 72
46888 72
47147 0
47191 72
47265 0
47512 72
47644 0
47684 72
47737 0
47752 72
47765 0
47820 72
48065 0
48545 72
48621 0
48680 72
48720 0
48785 72
48900 72
49129 0
49140 72
49192 72
49213 0
49214 72
49340 0
49500 72
49609 0
49983 72
50064 72
50290 0
50425 72
50518 0
50551 72
50711 0
50739 72
50779 0
51217 72
51356 0
51492 72
51528 0
51534 72
51621 0
52053 72
52185 0
52265 72
52355 0
52409 72
52420 0
52653 72
52745 0
52778 72
52824 72
52853 0
53226 72
53386 0
53419 72
53468 0
53634 72
54031 0
54034 72
54070 0
54351 72
54659 72
55228 0
55404 72
55677 0
55937 72
56027 72
56327 0
56458 72
56631 0
56658 72
56677 0
57150 72
57487 0
57501 72
57541 72
57935 0
58092 72
58166 0
58288 72
58298 0
58363 72
58429 0
58453 72
58500 72
58708 0
58747 72
58846 0
58848 72
58933 72
59271 0
59683 72
59882 0
59957 72
60049 0
60320 72
60336 0
61125 72
61301 72
61387 0
61451 72
61510 0
61654 72
61779 0
61864 72
62015 0
62049 72
62210 0
62353 72
62393 72
62451 0
62455 72
62604 0
62644 72
62830 0
62858 72
63057 0
63242 72
63350 72
63393 72
63440 72
63445 0
63510 72
63884 0
64088 72
64421 72
64445 0
64480 72
64491 0
64554 72
64561 72
64954 72
65008 0
65144 72
65164 0
65261 72
65358 0
65377 72
65505 0
65557 72
65608 0
66143 72
66418 0
66527 72
66874 72
67046 0
67106 72
67149 0
67341 72
67466 0
67481 72
67513 72
67527 72
67717 0
68518 72
68942 72
68951 72
69018 72
69122 0
69269 72
69315 72
69385 0
69466 72
69551 72
69701 0
70040 72
70110 72
70228 72
70237 72
70455 72
70484 0
70663 72
70998 0
71163 72
71396 0
71425 72
71447 0
71592 72
71704 72
71891 0
72055 72
72177 0
72681 72
72754 0
72839 72
73015 72
73136 72
73362 72
73380 0
73656 72
73675 0
73698 72
74030 0
74090 72
74109 0
74321 72
74743 0
74891 72
74986 0
75065 72
75244 0
75396 72
75698 0
76230 72
76280 0
76372 72
76559 72
76577 72
76604 72
77393 0
77494 72
77831 0
77870 72
77899 0
78150 72
78232 72
78401 72
78500 72
78519 0
78729 72
78771 0
78929 72
79006 0
79027 72
79301 72
79446 0
79713 72
79785 0
80041 72
80353 0
80520 72
80597 0
80681 72
81153 0
81189 72
81507 0
81678 72
81903 72
81920 72
82099 0
82164 72
82297 72
82427 0
82567 72
83085 0
83087 72
83208 72
83237 0
83248 72
83437 72
83441 72
83515 0
83521 72
83666 72
83992 0
83993 72
84092 0
84231 72
84233 0
84345 72
84436 0
84458 72
84508 72
84591 0
84606 72
84610 0
84751 72
84778 0
84917 72
84966 0
84982 72
85076 0
85656 72
85795 0
85995 72
86013 0
86029 72
86163 72
86172 72
86542 0
86675 72
86676 0
86740 72
86782 0
86828 72
87077 0
87100 72
87264 0
87265 72
87286 72
87293 0
87301 72
87542 72
87567 0
87606 72
87706 0
87811 72
87893 0
87976 72
88347 72
88353 0
88419 72
89147 0
89291 72
89495 0
89509 72
89711 0
90009 72
90060 0
90077 72
90143 72
90145 72
90176 0
90250 72
90274 0
90404 72
90653 72
90664 72
91231 72
91509 72
91670 72
91753 0
91861 72
91992 0
92064 72
92130 0
92173 72
92337 72
92839 0
93141 72
93156 72
93196 0
93415 72
93851 72
93881 72
93897 0
94021 72
94130 72
94248 0
94334 72
94495 0
94679 72
94844 72
94886 0
94974 72
95302 0
95633 72
95668 0
95711 72
95742 72
95757 72
95799 0
95881 72
96053 72
96271 0
96438 72
96625 0
96700 72
96861 0
96878 72
96985 0
96994 72
97067 0
97133 72
97622 0
97839 72
97977 0
98074 72
98379 0
98422 72
98650 0
98653 72
98743 0
98826 72
98958 72
98961 0
99068 72
99449 72
99614 0
99789 72
99819 72
99827 0
99908 72
393 events for 7
37 70
53 0
210 71
264 69
341 69
468 0
570 67
1250 0
2349 70
2611 0
2797 71
3092 0
3272 71
3788 0
3949 70
4336 0
4450 71
4499 71
4616 0
4711 67
4801 0
5348 71
5774 0
5897 69
6225 71
6231 0
6267 70
6761 0
7015 70
7656 0
7875 70
7985 0
8019 69
8393 0
8443 69
8649 0
9250 71
9969 0
11058 69
11346 0
11385 71
12306 70
12403 0
12575 70
13628 67
13658 0
13700 71
13998 67
14166 0
14271 67
14769 0
15109 71
15113 0
15119 69
16142 0
16324 67
16467 0
16509 69
16850 0
16929 71
17535 67
17572 0
17608 71
18941 0
19150 69
19377 0
19438 71
19471 0
19934 71
20607 70
21880 0
21906 67
21923 0
21983 70
21990 69
22159 0
22310 70
22345 0
22599 69
22674 0
22731 69
22873 0
23131 71
23528 67
23580 69
23606 0
23667 70
23905 0
24034 69
24098 70
24448 0
24752 69
24951 0
25014 67
25017 0
25036 69
25366 0
25416 70
25653 69
25800 69
25909 0
26074 69
26124 0
26133 70
26212 0
26432 71
26500 0
26708 70
26999 0
27161 69
27438 0
27599 67
27759 0
28354 70
28654 70
28815 70
28855 0
29141 70
29481 0
29786 70
29803 0
30188 67
30513 0
30705 70
30783 69
31295 0
31352 67
31442 0
31556 70
31902 0
31944 71
32406 0
32549 71
32791 0
32836 67
33180 67
33341 0
33782 71
34340 70
34544 71
34816 0
34853 69
35411 0
36192 69
36196 67
36313 0
36398 70
36558 0
37051 71
37305 0
37476 69
37492 69
37607 69
37650 0
37681 67
38040 0
38700 70
38795 0
39140 69
39328 0
39671 67
39918 69
40767 0
40887 69
40938 0
41159 71
41182 0
41492 69
41558 0
41948 71
42100 69
42133 0
42136 67
42981 69
43591 0
43600 70
43602 71
43699 0
43981 70
44136 0
44469 67
44629 0
44642 67
45224 0
45749 71
45904 69
46101 0
46383 71
46446 71
46715 0
46887 69
47312 0
47545 71
47908 70
48006 0
48335 69
49203 0
49395 67
49416 67
49478 0
49908 69
49975 0
50119 70
50143 0
51138 71
51308 0
51382 67
51572 0
52197 70
53154 0
53513 69
53575 67
53606 0
54088 67
54416 0
54873 67
55807 0
56044 69
56511 67
56975 70
57250 67
57299 67
57881 70
58301 0
58362 67
58638 0
58942 70
58996 0
59203 71
59344 0
59848 70
60091 0
60229 69
60276 0
60286 69
60299 69
60508 0
60560 71
60673 67
60878 0
60935 67
61359 67
61500 69
61578 67
62318 70
62394 0
62553 69
62608 0
62834 67
63224 0
63471 70
63547 0
64118 70
64385 0
64693 71
65374 0
65403 69
65603 70
65729 0
65959 70
66553 0
66917 67
67004 71
67088 0
67281 69
67799 0
68136 71
68326 0
68949 67
69388 69
69777 0
69848 71
69999 0
70018 69
70199 0
70361 71
70840 0
71055 70
71353 0
71472 69
71540 69
72295 0
72552 70
73260 0
73547 70
74441 69
74555 0
74570 70
74794 69
74935 70
75152 0
75171 69
76073 0
76458 70
76467 70
76481 0
76698 69
77101 67
77428 0
77854 71
78689 0
78968 71
79168 0
79352 69
79388 0
79545 67
79722 0
79810 67
79975 0
80042 71
80316 0
80394 70
80418 0
80671 71
80774 0
80958 67
81079 0
81080 71
81612 0
81810 67
82129 0
82210 69
82776 67
83125 0
83137 70
83297 67
83308 0
83775 67
83871 0
84525 71
84751 0
84863 71
85342 0
86171 70
86205 0
86995 71
87247 67
87250 0
87355 67
87433 0
87687 67
87744 0
88030 69
88080 70
88738 0
89005 69
89133 0
89317 70
89355 70
89388 0
89409 71
89831 70
90657 0
90674 70
90759 0
91556 67
92035 0
92206 67
93091 0
93678 70
93739 0
93786 67
93835 0
94018 67
94294 69
94346 0
94509 71
94713 67
94935 0
94969 71
95077 0
95149 69
95467 67
96011 0
96201 67
96399 0
96623 70
96706 0
96875 67
96914 0
97003 71
97748 70
97824 0
97860 70
98068 0
98575 70
98677 0
99008 67
99538 0
99765 67
99833 0
99849 69
99910 0
