16 buffers
211107 10367
437483 39227
128238 12670
200366 4928
467678 52917
207673 32310
190352 2071
160630 30147
149014 7483
231568 1425
264446 7543
269362 37130
238058 22888
276433 29259
391454 60941
58380 2991
40 downlinks
0 375 2500 612
1 2875 5000 682
2 5375 7500 566
3 7875 10000 595
4 10375 12500 619
5 12875 15000 553
6 15375 17500 700
7 17875 20000 548
8 20375 22500 589
9 22875 25000 511
10 25375 27500 635
11 27875 30000 593
12 30375 32500 554
13 32875 35000 507
14 35375 37500 517
15 37875 40000 716
16 40375 42500 721
17 42875 45000 634
18 45375 47500 613
19 47875 50000 658
20 50375 52500 522
21 52875 55000 578
22 55375 57500 696
23 57875 60000 593
24 60375 62500 649
25 62875 65000 641
26 65375 67500 592
27 67875 70000 725
28 70375 72500 585
29 72875 75000 503
30 75375 77500 598
31 77875 80000 584
32 80375 82500 573
33 82875 85000 669
34 85375 87500 494
35 87875 90000 520
36 90375 92500 519
37 92875 95000 570
38 95375 97500 590
39 97875 100000 704
716 events for 0
0 42
24 47
267 0
613 48
746 0
976 47
1099 0
1158 48
1233 0
1400 47
1695 0
1918 42
2161 0
2216 48
2274 0
2362 42
2532 0
2775 76
2818 39
2950 0
3103 39
3184 0
3203 48
3663 48
3687 39
3805 0
4266 53
4339 48
4438 0
4532 48
4558 0
4785 47
5031 0
5086 52
5171 0
5237 47
5430 48
5513 0
5629 61
5720 0
6253 48
6373 0
6591 48
6613 47
6643 0
6660 42
6722 0
6754 53
6949 0
6979 53
7198 0
7569 39
7619 42
7825 0
7830 48
7862 39
8062 0
8080 39
8185 0
8285 76
8527 0
8538 52
8951 0
8989 47
9006 0
9272 47
9310 76
9414 0
9532 61
9560 0
9709 53
9743 0
9841 39
9915 48
9974 0
10071 61
10392 0
10438 76
10554 61
10739 0
10821 61
10853 0
10900 61
10917 0
11120 48
11147 0
11184 53
11332 42
11533 0
11582 39
11595 0
11790 47
11932 0
12141 42
12454 0
12636 48
12654 0
12726 52
12747 39
13346 47
13356 0
13447 61
13673 0
13688 76
13690 53
13824 0
13886 53
13909 0
14031 48
14061 48
14452 0
14528 48
14559 0
14560 48
14963 53
15583 52
15767 0
15847 47
15929 39
15943 0
15951 76
16258 0
16343 52
16666 42
16862 0
16940 76
17101 0
17319 76
17389 0
17522 39
17654 0
17850 47
17962 0
18233 76
18437 0
18673 47
19050 47
19162 0
19163 48
19253 42
19281 0
19303 52
19375 0
19677 52
19685 61
19900 0
20037 61
20155 0
20197 47
21140 0
21147 47
21184 47
21317 47
21387 76
21453 0
21530 47
21635 47
21698 47
21889 61
22040 52
22050 0
22138 39
22335 0
22406 48
22658 0
22753 61
23246 52
23425 0
23848 52
24169 0
24305 52
24500 42
24619 76
24822 0
25254 76
25399 0
25410 47
25584 0
25725 52
25831 42
26107 0
26171 48
26228 61
26652 0
26770 76
26773 0
26867 47
26906 0
27019 76
27025 0
27034 53
27037 0
27053 47
27201 0
27244 48
27424 53
27440 0
27465 61
27651 53
28073 0
28360 48
28541 76
28700 76
28987 42
29117 0
29191 53
29404 0
29900 48
29970 0
30025 39
30105 52
30114 47
30343 0
30475 53
30684 53
30695 0
30698 76
30721 42
30749 76
30812 0
30833 48
30917 52
31097 53
31115 0
31221 47
31237 0
31610 47
31673 61
32020 0
32046 52
32281 0
32707 53
32920 0
33000 76
33109 0
33184 76
33357 0
33394 48
33561 0
33722 47
33896 0
34128 47
34193 0
34411 48
34447 0
34572 47
34590 39
34826 0
34936 53
35073 0
35092 42
35126 0
35166 42
35303 39
35420 0
35558 47
35798 48
35804 0
36067 53
36078 61
36180 48
36295 0
36323 42
36353 0
36523 48
36629 61
37031 0
37140 42
37532 0
37557 47
37671 0
38334 47
38480 0
38656 47
39014 0
39062 52
39066 0
39118 76
39168 0
39351 42
39415 0
39453 61
39678 0
39824 47
40036 52
40437 0
40850 47
41211 48
41319 0
41479 47
41719 39
42625 52
43006 0
43323 61
43396 0
43609 76
43728 0
43770 52
43815 0
43908 47
43958 0
44021 39
44210 47
44460 53
44492 0
44553 53
44623 0
44910 48
45010 0
45205 48
45212 0
45216 52
45231 76
45265 0
45481 39
45495 0
45515 52
45685 0
45813 47
46021 0
46190 61
46640 0
46782 48
46784 47
46822 76
46840 0
46900 47
47058 0
47277 42
47320 0
47514 48
47546 0
47781 53
47844 0
48146 61
48357 0
48590 39
48713 0
49043 47
49092 0
49256 76
49364 0
49787 52
49814 0
49912 52
49937 39
50023 0
50272 39
50316 0
50548 48
51184 53
51281 39
51499 52
51716 42
51857 61
52076 0
52535 47
52733 47
52939 52
52971 52
53188 53
53236 0
53423 76
53432 0
53550 48
53676 0
53749 52
53756 0
53775 53
54240 48
54597 48
54645 0
54837 76
54868 47
54881 47
54921 0
55000 42
55154 52
55256 0
55520 42
55793 0
55870 42
55937 0
55950 47
55961 0
56037 48
56136 0
56324 42
56409 0
56427 48
56499 52
56513 0
56558 52
56574 0
56662 39
56882 0
57086 47
57088 0
57417 47
57619 76
57642 48
57738 39
57965 0
58073 42
58103 0
58214 52
58289 48
58523 0
58563 48
58592 0
58603 48
58632 0
58845 76
59058 0
59144 48
59154 0
59334 48
59554 0
59810 61
60090 0
60099 61
60202 47
60505 0
60600 47
60846 48
61057 48
61395 48
61396 0
61821 48
61910 0
62533 48
62600 61
62657 0
62747 47
62794 42
62902 0
63170 52
63211 0
63268 48
63560 0
63681 61
63919 0
63957 76
64005 0
64342 48
64346 52
64392 0
64537 48
64727 47
64841 0
64864 42
64906 0
64927 47
64950 0
65193 39
65320 48
65601 48
65606 61
65853 0
65870 47
65922 0
66012 42
66103 0
66133 52
66170 0
66172 39
66177 0
66364 47
66595 39
66915 0
67013 48
67040 48
67046 0
67095 53
67399 0
67548 48
67563 48
67765 52
67849 0
67909 48
67917 0
67979 42
68743 76
68762 0
68773 76
68786 76
68856 0
68935 47
69039 0
69351 76
69604 0
69759 76
69890 0
69920 48
70056 39
70170 0
70585 76
70703 47
70727 0
70753 42
70954 0
71064 53
71156 0
71208 42
71299 48
71355 52
71406 0
71780 47
71845 0
72030 52
72034 76
72157 0
72214 48
72444 0
72586 52
72646 53
72648 47
72872 61
72947 0
73126 52
73260 0
73707 48
73802 0
74141 39
74614 0
74975 39
75097 0
75301 42
75439 0
75451 76
75518 48
75678 0
75684 53
75836 0
75965 48
75983 0
76000 47
76057 0
76291 52
76475 0
76538 47
76553 0
76574 61
77202 0
77219 42
77451 0
77596 47
77746 0
77752 47
77993 0
78243 47
78244 0
78398 52
78568 0
78614 52
79594 0
79614 42
79626 53
79751 0
79878 48
79904 0
80176 47
80344 0
80595 48
80678 0
80845 61
80851 0
80978 76
81009 0
81076 61
81121 42
81342 0
81412 48
81505 0
81544 48
81624 76
81689 0
81705 42
81716 0
81874 47
81901 0
81972 47
81976 0
82027 39
82236 48
82254 0
82373 61
82393 0
82472 53
82610 48
83563 0
83577 47
83694 0
84336 48
84528 0
84549 52
84558 0
84581 48
84730 0
84809 47
84981 53
85080 0
85081 48
85090 0
85101 76
85300 0
85550 47
85577 48
85640 0
85719 76
85728 0
85753 39
85799 76
85913 48
86085 0
86138 76
86189 61
86233 0
86282 47
86694 53
87167 48
87428 0
87469 48
87562 0
87679 47
87705 42
87772 0
88160 76
88190 0
88403 48
88545 0
88591 48
88609 48
88639 0
88714 52
88729 0
88849 53
89045 53
89195 0
89363 42
89450 0
89921 76
89981 0
90163 48
90444 42
90495 61
90614 0
90680 39
90788 0
90992 76
91026 76
91051 61
91141 0
91656 53
91688 48
91771 0
91795 76
91821 0
91964 61
92525 76
92959 47
93032 0
93097 39
93236 0
93255 42
93352 0
93397 47
93403 52
93538 0
93731 47
93883 0
93980 61
94041 0
94180 53
94457 0
94649 47
94771 52
94787 0
94940 48
95157 0
95285 42
95412 0
96109 53
96255 52
96313 0
96338 42
96471 0
96589 39
96623 0
96691 48
96833 0
96852 48
97001 0
97086 52
97089 47
97229 0
97467 39
97527 0
97652 42
97833 0
97897 48
98063 0
98271 48
98273 0
98422 61
98460 0
98526 47
98749 0
98756 47
98902 47
99053 0
99074 61
99133 0
99152 53
99234 48
99479 0
671 events for 1
68 87
153 0
253 87
295 87
596 87
656 0
691 87
1215 0
1260 87
1319 0
1344 87
1440 0
1499 87
1579 87
1644 87
1800 0
1817 87
1824 0
2111 87
2313 0
2363 87
2419 0
2957 87
3040 0
3122 87
3282 87
3301 0
3362 87
3546 87
3766 0
3961 87
3979 0
3990 87
4032 0
4103 87
4265 0
4278 87
4303 0
4530 87
4553 87
4557 0
4653 87
5301 0
5311 87
5643 0
6028 87
6165 0
6301 87
6303 0
6362 87
6493 0
6551 87
6673 0
6766 87
6836 0
6998 87
7153 0
7350 87
7362 0
7375 87
7772 0
7831 87
8502 0
8677 87
8681 0
8709 87
8966 0
9021 87
9098 87
9930 0
10033 87
10103 87
10150 0
10370 87
10371 0
10438 87
10590 87
10642 87
10674 87
10808 87
11077 0
11174 87
11444 0
11657 87
11710 0
11810 87
12196 87
12212 87
12406 0
12470 87
12696 0
12810 87
13034 0
13061 87
13181 0
13183 87
13222 0
13361 87
13509 87
13597 0
13738 87
13934 0
14067 87
14070 0
14237 87
14356 0
14454 87
14567 0
14725 87
14831 0
14875 87
15170 87
15307 0
15357 87
15417 0
15772 87
16180 0
16465 87
16910 0
17056 87
17172 0
17276 87
17293 0
17402 87
17429 0
17510 87
18227 87
18302 87
18479 0
18581 87
18930 0
19091 87
19107 0
19109 87
19117 0
19548 87
19623 0
19681 87
19706 87
19807 87
19897 87
19915 0
20008 87
20390 0
20488 87
20563 0
20591 87
20830 0
20879 87
20896 0
21158 87
21272 0
21392 87
21456 0
21728 87
21772 87
21832 87
22097 87
22224 87
22300 0
22319 87
22364 0
22712 87
22812 0
23034 87
23172 0
23178 87
23311 87
23699 0
23703 87
23897 0
24181 87
24277 0
24353 87
24532 0
24951 87
25478 0
25730 87
25761 87
25974 0
25988 87
26181 0
26332 87
26670 0
26686 87
26700 87
26704 0
26712 87
26773 0
26813 87
26827 87
26999 0
27073 87
27075 0
27210 87
27821 0
27888 87
27933 0
28111 87
28153 87
28241 0
28376 87
28407 0
28449 87
28455 87
28615 87
28655 87
28662 87
28725 0
28884 87
28979 0
29200 87
29251 0
29368 87
29444 87
29574 0
29665 87
29674 87
29768 87
29781 0
29790 87
29848 87
29942 0
30201 87
30266 0
30609 87
30683 87
30714 0
30956 87
31064 87
31100 0
31419 87
31558 87
31572 0
31720 87
31821 87
32146 0
32196 87
32283 0
32312 87
32368 0
32447 87
32461 0
32548 87
32677 0
33015 87
33029 0
33047 87
33084 87
33144 0
33148 87
33541 0
33545 87
34408 0
34585 87
35203 87
35277 0
35543 87
35738 87
35881 0
36363 87
36591 0
36649 87
36790 87
36920 87
37125 0
37377 87
37590 0
37599 87
37739 87
37758 0
37800 87
37859 87
37863 0
38101 87
38236 0
38344 87
38355 0
38368 87
38461 87
38497 87
38722 0
38726 87
38810 0
39002 87
39060 0
39620 87
39869 87
40097 87
40182 87
40187 87
40372 0
40405 87
40618 0
40627 87
41093 0
41322 87
41624 0
41778 87
42004 0
42452 87
42461 87
42503 0
42529 87
42692 0
43527 87
43641 0
43649 87
44023 0
44277 87
44366 0
44456 87
44680 0
44946 87
44960 0
45149 87
45449 87
45735 87
45818 0
45909 87
46616 0
46702 87
46738 0
46815 87
46975 0
47299 87
47534 0
47907 87
48300 0
48429 87
48553 0
48673 87
48802 0
48809 87
48858 0
48965 87
49328 87
49458 0
49906 87
50043 0
50224 87
50267 0
50494 87
50495 0
50528 87
50608 87
50838 0
50899 87
50930 0
51140 87
51405 0
51467 87
51555 0
51581 87
51688 87
51741 87
51760 87
51855 0
51924 87
52185 87
52346 0
52435 87
52444 0
52660 87
52720 87
52871 0
52987 87
53014 0
53107 87
53343 87
53559 87
53750 0
53985 87
55076 0
55080 87
55283 87
55835 0
55934 87
56207 87
56290 87
56293 0
56346 87
56383 0
56495 87
56811 0
56824 87
56902 0
56990 87
57153 0
57415 87
57462 87
57615 0
57856 87
58223 87
58371 87
58380 87
58419 87
58469 87
58746 0
58837 87
58995 87
59002 87
59108 0
59123 87
59331 0
59339 87
59622 87
59664 87
59955 0
60038 87
60097 87
60364 87
60412 0
60420 87
60456 87
60759 0
60806 87
60827 0
60944 87
60969 0
60999 87
61051 87
61114 0
61191 87
61367 0
61636 87
61656 0
61931 87
62055 0
62145 87
62161 0
62223 87
62244 0
62734 87
63183 87
63188 87
63377 0
63404 87
63622 87
63789 0
64449 87
64568 0
64753 87
64845 0
65012 87
65067 0
65160 87
65180 0
65309 87
65459 0
65591 87
65714 0
65872 87
66032 0
66091 87
66371 87
66694 0
66809 87
66838 0
67494 87
67754 87
67770 87
67785 0
67800 87
67876 0
68149 87
68410 0
68518 87
68537 0
68578 87
68802 0
69268 87
69520 0
69756 87
69813 0
69953 87
69992 0
70096 87
70129 87
70238 87
70286 0
70368 87
70397 0
70427 87
70742 0
70760 87
70947 0
71628 87
71709 0
71776 87
72074 0
72081 87
72095 0
72554 87
72572 0
72705 87
72793 87
72818 0
72984 87
73148 0
73190 87
73193 0
73278 87
73407 0
73426 87
73463 0
73571 87
73696 0
73978 87
74222 0
75050 87
75174 87
75290 0
75400 87
75415 0
75652 87
76103 0
76468 87
76480 87
76641 0
76660 87
76700 0
76742 87
76807 0
76863 87
77148 0
77273 87
77278 0
77445 87
77659 0
77917 87
78024 0
78097 87
78205 87
78394 0
78482 87
79002 0
79091 87
79452 0
79485 87
79632 0
79739 87
79829 0
80038 87
80167 87
80221 0
80602 87
80607 0
80938 87
81142 87
81190 0
81231 87
81244 87
81470 0
81489 87
81511 0
81593 87
81790 0
81796 87
81802 0
81828 87
81914 0
82295 87
82385 0
82494 87
82528 0
83167 87
83227 0
83328 87
83581 87
83634 0
83644 87
83685 0
83861 87
83943 0
84087 87
84214 0
84278 87
84740 87
85363 0
85856 87
86154 0
86212 87
86449 0
86890 87
87197 0
87210 87
87398 87
87428 0
87587 87
87702 87
87782 0
87803 87
88191 0
88661 87
88709 0
88712 87
88773 0
88959 87
89043 0
89323 87
89522 0
89676 87
89707 0
89732 87
89735 87
89744 0
89768 87
89811 0
89878 87
90116 0
90155 87
90244 0
90350 87
90541 87
90554 0
91081 87
91217 0
91233 87
91458 87
91658 0
91883 87
91984 87
91998 0
92252 87
92594 0
92617 87
92740 0
92746 87
92748 0
93091 87
93161 0
93171 87
93223 87
93526 0
94125 87
94704 0
94756 87
94769 0
94874 87
94919 0
94978 87
95260 87
95609 87
95648 0
95693 87
95974 0
96188 87
96695 0
96705 87
96858 0
96894 87
97265 0
97659 87
97935 0
98090 87
98092 0
98265 87
98302 87
98609 0
98809 87
99127 0
99174 87
99262 0
99303 87
99665 87
99730 87
99815 87
99832 0
99888 87
99973 0
450 events for 2
501 28
664 0
720 28
922 0
994 28
1285 0
1353 28
1550 0
1812 28
1973 0
2009 28
2016 0
2020 28
2042 0
2198 28
2255 28
2284 0
2347 28
2546 0
2671 28
2852 0
3288 28
3383 0
3416 28
3677 28
4200 0
4373 28
4467 0
4485 28
4687 28
4895 28
4950 0
5304 28
5465 0
5897 28
6318 0
6756 28
6850 0
7101 28
7153 0
7229 28
7518 28
7756 0
7866 28
7872 28
7946 28
8103 28
8282 0
8638 28
8664 28
8909 0
9320 28
9780 28
10323 28
10368 0
10480 28
10547 0
10649 28
10759 0
10860 28
10869 28
11667 0
11840 28
11929 0
11931 28
12138 28
12139 0
12266 28
12915 0
13026 28
13571 0
13679 28
14316 28
14369 0
14503 28
15715 0
15842 28
16424 0
16739 28
16806 0
16942 28
17570 28
17693 0
17823 28
17859 0
17932 28
17974 0
18215 28
18322 28
18456 28
18687 0
18766 28
18973 0
19025 28
19158 0
19424 28
19602 0
19632 28
19689 28
19777 0
19803 28
19947 0
19958 28
20102 0
20159 28
20206 0
20466 28
20622 0
21197 28
21236 0
21398 28
21477 28
21485 0
21843 28
21901 0
22177 28
22334 0
22335 28
22700 0
23062 28
23335 0
23444 28
23504 0
23681 28
24172 0
24313 28
24535 28
24906 0
25180 28
25212 0
25380 28
25619 28
25996 28
26428 0
26944 28
27149 0
27177 28
28003 28
28104 0
28175 28
28182 28
28260 0
28941 28
28969 0
29438 28
29450 0
29469 28
29777 28
29865 0
30037 28
30079 0
30098 28
30184 0
30226 28
30440 28
30452 0
31166 28
31307 0
31580 28
31891 28
32190 0
32301 28
32437 0
32504 28
32575 28
32619 28
32658 0
32976 28
33116 28
33590 0
33732 28
34104 0
34112 28
34280 28
34405 0
34806 28
34862 28
34982 28
35604 0
35921 28
36156 0
36180 28
36314 28
36408 0
36447 28
36866 28
36880 0
37368 28
37426 28
37682 28
37757 0
37786 28
37790 0
37863 28
37952 0
38032 28
38549 0
39094 28
39261 28
39306 28
40227 0
40519 28
40582 0
41005 28
41018 0
41692 28
41749 0
41808 28
41855 0
41915 28
42097 0
42338 28
42507 0
42847 28
43294 0
43328 28
43425 0
43686 28
43853 0
44065 28
44100 0
44178 28
44685 28
44721 0
44724 28
44842 28
44959 28
45122 0
45200 28
45224 0
45236 28
45361 28
45930 0
46128 28
46316 0
46524 28
46758 0
46910 28
46968 0
47198 28
47257 0
47398 28
47584 0
47682 28
47923 0
48360 28
48471 28
49386 0
49532 28
50154 0
50579 28
50840 28
50944 0
51013 28
51059 0
51140 28
51438 0
51717 28
52485 0
52785 28
52934 28
53161 0
53243 28
53344 0
53409 28
53756 0
53910 28
53951 0
54134 28
54327 28
54589 0
54680 28
54902 28
55150 28
55415 0
55441 28
55776 0
56379 28
56503 0
56814 28
58413 28
58720 0
58882 28
58935 28
60074 0
60146 28
60160 0
60329 28
60360 28
60560 28
60613 0
61022 28
61760 0
61921 28
62095 28
62307 0
62772 28
63108 0
63247 28
63373 0
64093 28
64627 28
64856 28
65361 28
65547 0
65666 28
65779 0
65963 28
65990 0
66047 28
66220 0
67066 28
68428 0
68719 28
69922 28
70447 0
70607 28
70721 28
70943 28
70955 28
71000 0
71017 28
71113 28
71262 28
71788 0
71878 28
72442 0
72536 28
72591 0
72850 28
72902 0
73006 28
73184 28
73269 0
74260 28
74376 0
74853 28
75068 0
75148 28
75521 0
75599 28
76071 0
76545 28
76689 0
77400 28
77538 0
77758 28
77792 28
77896 28
77990 0
77992 28
78390 0
79644 28
79744 0
80078 28
80178 0
80262 28
80518 0
80828 28
81153 28
81252 28
81553 0
81596 28
81634 28
81785 0
82117 28
82189 0
82238 28
82529 0
82802 28
83218 0
83341 28
83549 0
83765 28
84772 28
84786 0
84916 28
85404 28
85588 0
85999 28
86010 0
86176 28
86284 0
86378 28
86426 28
86469 0
86480 28
86550 0
86574 28
87772 0
87791 28
87946 0
88202 28
88562 0
88582 28
88585 0
88685 28
88797 28
88839 0
88925 28
88965 0
88992 28
89477 28
89560 0
89709 28
89797 28
89921 0
90167 28
90773 28
90784 28
90987 0
91038 28
91130 0
91218 28
91891 0
92368 28
92519 0
92683 28
92804 0
92957 28
93255 0
93999 28
94213 0
94466 28
94625 0
94814 28
95144 0
95208 28
95233 28
95741 28
96007 0
96120 28
96233 0
96399 28
96441 28
97587 28
97708 0
97817 28
98007 0
98145 28
98203 0
98212 28
98308 0
98992 28
99132 0
99185 28
99597 28
99641 28
99758 0
99948 28
189 events for 3
370 32
1785 0
1795 34
2201 0
2426 51
3464 0
3627 32
3689 32
6271 0
6800 32
7075 0
8292 50
8378 41
8450 0
8495 41
9857 0
10690 36
11274 34
11818 0
13292 34
13375 0
13550 34
13624 50
13761 34
13866 0
14072 50
14348 0
14609 50
15486 0
15568 41
17591 34
18144 0
18601 41
19274 0
19461 32
19781 0
20393 34
20538 0
21119 32
22580 0
23411 50
24289 51
27926 34
28260 0
28919 36
29806 0
29881 50
30144 0
30303 41
30866 0
31141 41
31589 51
32700 0
33668 50
33745 0
34101 51
34486 0
34579 41
34644 0
34704 36
35303 50
35324 34
36146 0
36551 36
36645 0
37754 51
38159 0
38467 50
38468 0
38676 34
39323 41
39856 0
39905 51
40301 50
40876 0
41340 36
42160 0
42930 51
43091 36
43209 0
44209 51
45070 0
45170 41
45780 0
46242 41
47383 0
47746 36
49126 0
49267 36
49905 41
50309 36
50871 0
51115 51
51267 0
51609 34
51918 36
52375 50
53218 36
53261 0
53462 34
53873 50
53944 0
54315 50
54619 0
54634 51
55093 41
55104 32
55622 0
56445 36
56717 0
57861 32
58051 0
58677 36
58956 50
59049 51
60227 34
60285 0
60485 32
61904 41
62315 0
62583 41
63296 34
64654 0
65778 32
66338 51
66811 41
66935 0
66948 36
67078 0
67361 34
68480 0
68941 36
70303 50
70802 0
72600 36
73220 0
73402 36
73569 51
74475 0
74679 36
75676 51
75820 0
75890 32
76087 0
76391 51
76652 0
76804 51
76909 0
77147 41
77262 0
77565 36
77578 0
78533 34
79411 0
79699 41
80474 0
81824 50
82932 0
83776 41
84046 34
84267 0
85490 34
85547 0
86342 50
86656 0
87673 51
88971 41
89385 0
90639 50
91047 0
91271 51
91291 0
92360 41
92453 0
92583 32
92599 0
93603 34
93833 34
94364 0
95144 51
95237 0
95349 41
96667 0
96790 50
96826 0
97504 41
97864 0
97881 34
99493 0
631 events for 4
43 93
512 0
583 97
633 0
925 93
942 96
979 0
1093 93
1174 0
1309 94
1316 0
1646 96
1846 0
1983 96
2210 0
2322 93
2416 94
2758 94
3009 97
3306 93
3358 95
3395 0
3417 97
3488 0
4113 95
4257 0
4489 96
4672 96
4934 0
5211 93
5420 0
5601 94
5696 0
5922 96
6252 0
6427 94
6470 0
6496 93
6531 0
6909 94
7441 94
7474 0
7698 95
8104 0
8210 93
8212 0
8231 93
8269 0
8486 93
8514 0
8882 97
9180 0
9190 94
10193 0
10287 96
10445 0
10678 94
11160 0
11166 95
11243 0
11520 93
11588 0
11669 94
11830 0
11852 94
11915 93
12115 93
12148 0
12429 94
12480 0
12525 97
12588 94
12723 0
12780 94
12862 0
13265 94
13377 0
13983 96
14127 95
14382 0
14523 96
14605 0
14743 94
14831 93
15063 94
15146 95
15164 0
15167 95
15293 0
15335 97
15460 94
15462 0
15642 94
15832 0
15953 94
16347 93
16533 0
16700 97
16717 0
16836 97
16867 0
16891 96
16892 0
17060 94
17291 0
17372 93
17471 0
17481 94
17611 95
17717 0
17943 93
18018 0
18270 94
18340 0
18986 95
19016 94
19041 0
19258 94
19338 0
19610 94
19655 0
20001 97
20061 0
20109 96
20154 0
20947 95
21087 0
21286 94
21321 0
21679 96
21773 0
21825 94
21900 94
21948 0
22147 94
22184 0
22494 96
22590 0
22859 93
23086 0
23630 93
23890 94
24107 0
24301 97
25038 94
25182 0
25243 94
25250 0
25258 96
25319 0
25403 94
25423 0
25457 94
25645 0
25758 94
25839 97
26274 96
26291 97
26395 0
26396 96
26743 0
26973 94
27014 0
27046 97
27451 0
28085 96
28199 94
28517 0
29000 94
29223 0
29226 94
29311 97
29519 0
29529 93
29618 0
29673 97
29710 97
29760 0
29776 93
29790 0
29799 94
29931 0
30083 93
30171 0
30190 94
30218 0
30387 94
30593 0
30797 95
30819 0
30981 94
31180 0
31340 94
31676 97
31823 0
31872 94
32112 0
32458 96
32513 93
32670 0
32960 96
33066 93
33516 97
33619 0
33651 94
33652 0
33827 96
34096 94
34178 96
34200 0
34230 95
34304 0
34321 93
34344 94
34552 94
34922 0
35128 96
35212 96
35543 93
35587 94
35618 0
35723 97
35882 0
35998 97
36016 0
36229 96
36529 0
36791 95
36957 0
36992 93
37018 0
37030 94
37350 0
37446 93
37746 93
37999 97
38145 0
38162 97
38257 0
38277 93
38479 0
38485 97
38503 0
38728 95
39010 0
39117 94
39126 0
39139 95
39575 97
39694 0
40068 94
40168 94
40268 0
40443 94
40579 96
40907 0
40951 97
40987 94
41082 0
41322 93
41375 93
41386 0
41420 95
41674 0
41992 97
42131 0
42200 93
42243 0
42398 97
42649 0
42689 97
42784 0
42804 97
42914 0
42926 93
43207 0
43279 93
43386 95
43416 0
43478 93
43480 0
43781 93
43980 96
43983 0
44089 96
44529 95
44685 0
44725 94
44881 0
44962 93
45087 94
45361 0
45448 94
45468 97
45472 0
45514 94
45569 94
45595 0
45860 97
45901 94
46089 94
46621 0
46858 96
47248 0
47270 97
47714 0
47806 95
47951 0
47997 95
48137 0
48512 94
48621 0
48743 94
48768 0
48819 93
48835 93
48950 0
48953 93
49081 0
49171 93
49432 0
49860 94
49884 0
50015 94
50130 94
50137 0
50199 94
50766 0
50768 93
50820 0
51052 94
51183 94
51336 0
51366 97
51525 0
51770 97
51864 0
51954 94
52400 0
52445 94
52508 0
52620 97
52799 0
52805 95
52835 0
52919 95
53069 0
53218 95
53428 93
53453 0
53617 95
53734 97
54266 93
54304 0
54315 96
54317 96
54368 94
54742 96
54827 0
54904 94
55004 0
55065 93
55098 0
55320 93
55588 0
55805 97
55858 0
55881 97
55900 96
55904 0
56269 96
56482 0
56511 93
56529 0
56646 94
56802 93
56942 0
57092 97
57103 94
57548 0
57605 94
57634 0
57722 94
57819 0
58075 95
58081 0
58303 94
58618 0
58699 94
58829 94
59012 93
59351 94
59380 0
59388 97
59423 94
59688 0
59762 93
59824 0
60058 95
60544 94
60611 0
60624 97
60752 0
60785 94
60853 0
60883 95
61031 94
61082 97
61092 0
61128 93
61173 0
61272 94
61489 0
61537 96
61622 0
62007 95
62154 0
62161 97
63093 96
63179 94
63211 0
63243 93
63271 0
63584 93
63667 0
63918 95
63928 0
64304 94
64444 93
64806 0
65169 93
65226 0
65228 95
65392 0
65421 97
65988 0
65997 97
66155 0
66189 97
66232 97
66312 95
66519 0
66522 94
66789 93
66820 0
66932 94
66993 0
67126 94
67423 0
67826 96
67984 95
68365 93
68552 94
68749 0
69206 97
69288 97
69347 0
69444 94
69851 0
69980 93
69990 96
70218 0
70702 94
70752 0
71127 94
71206 0
71251 97
71318 94
71339 0
71359 97
71477 0
71482 97
71910 0
72548 97
72588 95
72740 0
72890 97
72918 94
73114 94
73117 0
73525 93
73588 0
73596 95
73887 94
73971 0
74081 94
74168 0
74813 97
75241 97
75743 0
75909 94
76051 0
76326 95
76569 0
76895 93
77133 0
77287 93
77654 94
77673 0
77933 93
78306 0
78320 94
78383 0
78776 93
79173 0
79262 94
79358 94
79431 94
79693 0
79702 93
79790 0
79840 96
79972 0
80075 94
80537 0
80674 94
80899 94
81064 0
81069 97
81295 0
81364 96
81375 0
81728 97
81922 95
82312 0
82434 94
82569 0
82631 96
82833 0
83081 93
83214 94
83459 0
83544 97
83645 96
83690 94
83713 97
83865 0
83992 93
84079 0
84208 96
84362 94
84636 93
84857 0
85065 93
85322 0
86154 93
86268 97
86743 94
86780 97
86872 0
87418 94
87457 0
87880 96
88057 94
88069 0
88099 97
88156 0
88198 93
88355 95
88514 0
88539 97
88560 0
88589 97
88622 93
89140 94
89191 0
89276 96
89630 97
89888 0
89893 94
90004 0
90399 94
90623 0
90921 96
90999 0
91000 95
91132 93
91921 0
91942 93
92172 0
92174 94
92198 0
92746 95
92751 95
93011 0
93218 94
93244 0
93246 94
93300 0
93519 97
93557 0
93755 94
93862 0
93940 93
94026 97
94140 0
94199 95
94234 93
94615 93
94694 0
94706 95
94759 0
94823 94
94884 0
95093 95
95375 96
95751 0
96297 94
96332 97
96411 0
96723 94
96938 97
96995 0
97463 93
97473 94
97612 94
97763 0
98012 97
98214 0
98312 96
98392 0
98908 93
98959 0
98991 94
99185 0
99282 97
99325 0
99366 94
99879 0
99921 96
99962 0
986 events for 5
54 63
288 67
319 0
441 44
805 0
857 67
863 67
1143 66
1246 62
1313 47
1315 66
1553 62
1570 44
1627 67
1737 0
1844 24
1856 0
1911 27
1945 27
1959 47
1994 0
2040 47
2137 0
2158 24
2190 0
2309 63
2340 0
2344 66
2461 0
2557 24
2724 0
2843 24
2893 0
2935 47
2993 47
3033 0
3156 24
3249 62
3416 0
3542 27
3819 0
3868 63
3901 0
4050 63
4095 0
4115 63
4289 0
4364 44
4522 0
4564 66
4597 0
4601 67
4690 0
4756 24
4859 0
4875 24
4954 0
4978 44
5011 0
5067 63
5129 0
5217 62
5387 0
5478 62
5593 0
5853 66
6160 24
6190 0
6211 67
6216 0
6274 44
6438 66
6514 0
6520 62
6617 62
6672 0
6792 47
6930 0
7001 24
7163 44
7196 0
7221 66
7249 0
7506 44
7683 0
7705 47
7818 0
7844 27
8050 47
8294 44
8297 0
8382 44
8490 67
8517 27
9393 0
9414 63
9537 0
9545 63
9671 44
9680 0
9806 66
9853 0
9873 44
9906 0
10032 67
10145 0
10265 44
10331 24
10563 0
10640 63
10701 0
10702 67
11025 0
11165 44
11191 0
11201 47
11271 0
11283 47
11378 0
11580 62
11663 0
11772 62
11825 0
11854 67
11981 24
12132 0
12138 27
12343 0
12385 63
12394 66
12543 0
12593 62
12806 63
12826 27
12903 0
12962 44
13041 0
13548 66
13687 0
13741 66
13804 66
13826 0
13891 63
13982 0
14051 44
14121 44
14129 0
14185 24
14445 63
14514 0
14526 66
14576 62
14632 0
14784 66
14854 0
14917 47
15125 0
15242 66
15407 0
15639 63
15645 0
15676 47
15717 66
15746 66
15884 27
15956 0
16167 47
16279 27
16283 0
16627 47
16712 0
16931 27
16954 27
16962 0
16996 67
17094 0
17164 44
17176 0
17223 63
17359 0
17445 63
17486 0
17549 47
17628 47
17788 0
17832 24
17899 27
17988 44
18029 0
18291 62
18297 0
18357 67
18514 63
18769 27
18869 0
18888 66
18943 0
19147 44
19201 47
19287 24
19349 0
19352 47
19408 0
19434 63
19631 0
19653 24
19680 0
19714 47
19810 0
19814 24
19893 0
19959 47
20055 62
20076 47
20185 24
20203 0
20303 63
20413 0
20427 67
20536 0
21046 63
21096 0
21201 44
21321 0
21550 63
21721 47
21837 0
22017 63
22204 0
22336 62
22439 66
22470 66
22486 0
22515 66
22610 0
22643 67
23020 67
23078 0
23103 24
23196 67
23241 67
23395 0
23403 47
23524 63
23626 0
24029 67
24167 0
24276 62
24527 0
24536 44
24785 0
24807 62
24924 67
24956 0
25093 27
25548 0
25630 63
25668 27
25692 67
25788 47
25937 47
26039 63
26101 0
26127 47
26142 0
26245 44
26476 0
26926 66
27050 0
27076 62
27345 0
27413 62
27418 0
27618 63
27736 0
28212 63
28308 0
28322 62
28566 0
28844 47
28891 0
28973 62
29401 66
29687 0
29746 62
29851 0
29903 62
29946 0
29964 63
30034 66
30129 47
30249 0
30252 24
30272 0
30450 47
30603 44
30746 0
30836 67
31044 0
31109 63
31177 0
31272 66
31560 0
31586 62
31852 0
32227 62
32271 62
32438 0
32503 67
32530 24
32781 0
32833 44
32932 0
33193 47
33278 24
33349 0
33577 27
33603 0
33981 47
34168 66
34178 0
34223 47
34275 0
34290 24
34442 0
34448 44
34503 0
34619 24
34640 0
34693 27
34717 0
34735 47
34842 0
34893 63
34912 0
34954 27
35017 0
35074 63
35164 0
35170 67
35279 0
35340 47
35364 63
35401 0
35404 44
35431 0
35574 44
35799 0
35847 66
35850 0
35858 24
35913 0
35986 47
36066 0
36096 63
36174 0
36287 27
36443 0
36762 62
36813 0
36895 27
37100 0
37237 62
37460 44
37544 0
37548 47
37604 0
37646 24
37742 0
37747 67
37812 62
37822 44
37840 0
37873 47
38025 0
38069 27
38071 0
38220 27
38254 0
38374 66
38446 62
38472 0
38560 47
38628 0
38662 62
38664 63
38718 0
38791 27
38813 0
38957 47
39020 67
39209 0
39634 63
39792 0
39831 63
39914 0
40057 62
40068 0
40099 47
40112 44
40263 0
40342 24
40350 44
40414 0
40555 63
40579 0
40630 47
40870 0
40993 24
41034 0
41047 62
41049 0
41050 27
41265 0
41522 62
41625 0
41659 62
41760 0
41804 27
41831 62
41879 0
42222 27
42466 0
42580 67
42760 0
42798 63
42925 0
42941 67
42945 0
43192 66
43424 0
44007 62
44209 0
44332 44
44381 0
44427 24
44642 0
44747 63
44753 0
44772 67
44778 63
44811 0
44866 44
44890 0
44916 27
44971 0
45008 66
45062 66
45175 0
45473 66
45519 62
45531 0
45582 44
45647 0
45656 47
45660 0
45752 66
45776 0
46139 66
46215 44
46272 27
46670 0
46685 24
46738 0
46837 47
46846 63
46858 0
46908 66
46997 0
47016 47
47053 0
47286 66
47443 0
47523 66
48136 0
48138 67
48146 0
48267 67
48438 0
48509 63
48512 0
48530 62
48643 47
48703 0
49098 44
49275 0
49350 44
49399 0
49552 24
49557 0
49637 47
49703 0
49896 63
50032 62
50125 0
50177 47
50321 0
50373 44
50392 47
50439 0
50475 47
50625 0
50636 47
50654 0
50755 47
50758 0
50797 44
50806 27
50925 0
51126 44
51148 0
51156 24
51175 0
51184 63
51256 0
51847 63
51950 0
52036 62
52061 44
52155 0
52488 66
52629 0
52717 62
52892 0
52918 47
52939 44
53235 0
53242 63
53374 47
53489 0
53515 63
53679 24
53780 0
53875 24
53964 0
54146 66
54166 0
54213 63
54548 0
54595 63
54632 0
54694 62
54743 0
54853 44
55241 66
55260 47
55469 44
55524 0
55532 27
55576 0
55654 27
55775 0
55955 67
56066 44
56180 0
56198 66
56221 0
56225 67
56227 27
56452 0
56529 27
56590 62
56917 47
56918 0
56975 67
57030 0
57141 24
57195 0
57507 44
57610 66
57788 0
57921 24
57957 0
57978 47
58187 0
58536 24
58548 0
58759 67
58983 0
58992 62
59015 0
59071 63
59270 0
59330 24
59465 63
59469 0
59612 67
59700 24
59763 0
59875 44
60065 0
60103 66
60152 0
60589 47
60741 47
60847 44
61031 62
61097 0
61239 63
61248 66
61426 27
61459 47
61602 0
61620 66
61664 0
61802 27
61828 0
61983 24
62353 0
62366 67
62469 0
62552 47
62622 0
62704 62
62759 0
62836 63
62868 0
62877 67
62926 0
63012 44
63091 0
63133 66
63184 0
63317 47
63424 62
63450 0
63492 24
63541 0
63552 44
63595 67
63818 24
63935 47
64113 0
64134 66
64141 0
64194 62
64341 0
64522 63
64640 0
64704 62
64845 0
64868 62
65022 0
65085 66
65092 67
65155 62
65158 27
65206 0
65447 27
65454 0
65573 63
65593 0
65711 63
65772 44
65914 0
66030 44
66178 67
66226 0
66603 66
66642 0
66797 24
66939 0
66955 62
67250 0
67253 27
67323 44
67442 0
67506 27
67651 0
68202 62
68276 0
68288 47
68365 0
68440 24
68683 0
68817 66
68864 0
69007 44
69051 0
69081 47
69090 24
69099 0
69374 67
69394 0
70099 63
70121 0
70124 63
70282 62
70300 0
70331 44
70351 0
70416 44
70455 0
70660 63
70754 27
70783 0
70829 27
70889 0
71226 47
71295 0
71310 62
71485 0
71532 24
71609 24
71623 47
71704 24
71713 0
71754 63
71821 0
71938 67
71947 0
72022 47
72344 63
72406 0
72466 62
72530 44
72646 0
72760 47
72762 0
72768 24
72822 0
73024 62
73026 24
73080 0
73141 44
73147 44
73290 27
73304 63
73388 0
73434 66
73553 24
73630 0
73720 27
73793 0
73891 47
73908 0
73917 63
74343 0
74350 67
74516 62
74541 0
74542 47
74617 0
74697 62
74733 0
74801 47
74825 63
74835 0
74981 47
75315 0
75346 27
75473 0
75541 67
76144 0
76196 44
76338 63
76493 67
76628 0
76736 67
76786 0
76885 62
76930 24
77013 67
77131 0
77160 44
77374 67
77432 0
77449 24
77545 0
77640 66
77704 0
77734 67
77770 0
77867 24
77897 47
78098 0
78196 47
78360 0
78453 47
78682 27
78727 44
78767 0
78768 44
78848 0
78979 44
79017 0
79082 27
79097 62
79114 0
79166 47
79370 0
79451 27
79603 66
80068 0
80163 67
80672 0
80697 66
80700 67
80862 63
80923 0
80931 67
81049 63
81083 0
81166 47
81195 0
81313 27
81363 67
81396 44
81577 0
81901 27
82063 0
82155 44
82164 27
82217 0
82709 62
82777 0
82931 67
82994 0
83059 44
83149 0
83484 47
83557 0
83582 27
83613 63
83814 0
83821 47
83942 0
83946 27
84031 0
84478 47
84492 27
84720 0
84765 47
84989 0
85011 62
85054 0
85085 62
85187 0
85229 67
85282 0
85409 67
85422 63
85489 0
85556 62
85605 0
85673 24
86049 63
86214 63
86235 47
86264 63
86306 0
86319 67
86444 0
86592 27
86626 0
86701 62
86867 0
86993 62
87002 27
87027 0
87085 24
87152 47
87158 62
87251 0
87300 44
87317 66
87545 0
87696 27
87725 0
87742 66
87794 0
87865 24
87929 67
88004 63
88138 47
88327 0
88424 44
88562 0
88743 62
88825 24
88830 0
88922 27
88985 24
89124 0
89428 62
89447 0
89522 63
89858 0
89917 63
89946 0
89970 67
90059 0
90073 24
90390 0
90471 47
90530 47
90547 44
90553 0
90557 47
90577 27
90608 0
90690 44
90702 0
90803 44
90860 0
91105 24
91263 0
91329 62
91405 0
91463 66
91514 0
91661 44
91694 0
92027 63
92166 0
92209 63
92419 62
92675 0
92800 27
93105 0
93156 44
93163 0
93326 66
93456 47
93466 0
93503 66
93925 0
93940 62
94107 0
94385 47
94605 62
94622 0
95086 27
95138 0
95283 67
95297 0
95495 63
95510 0
95621 47
95637 0
95720 24
95722 0
95767 67
95931 0
96204 67
96348 0
96380 44
96408 0
96448 62
96797 0
96939 63
97090 0
97146 63
97283 0
97392 67
97405 0
97464 47
97498 67
97610 0
97704 24
97711 0
97714 44
97757 0
97763 44
97841 0
97867 44
97974 0
98162 67
98217 0
98244 63
98301 47
98396 0
98864 67
98867 0
98885 63
98948 0
99118 27
99226 0
99297 24
99525 0
99543 66
99636 66
99643 0
99762 44
99823 0
99968 44
756 events for 6
165 21
231 0
463 41
499 0
665 38
722 0
1006 51
1196 27
1200 51
1339 0
1918 27
2190 38
2210 41
2307 0
2542 38
2650 0
3002 21
3048 0
3384 38
3401 51
3478 0
3480 51
3948 0
3998 27
4052 0
4172 41
4246 21
4630 0
4643 27
4856 0
4860 51
4870 0
5081 41
5608 21
5723 0
5731 51
5821 27
5936 27
6086 21
6167 38
6950 0
7269 51
7366 0
7448 38
7454 27
7471 51
7834 41
7868 51
7887 38
7949 41
8248 0
8338 38
8554 21
8627 38
8736 0
8747 38
8791 21
8814 0
9017 51
9067 0
9149 27
9275 27
9432 0
9972 21
9997 0
10100 27
10117 0
10194 41
10560 38
10836 0
11104 27
11171 0
11256 27
11283 0
11287 38
11329 0
11412 21
11419 27
11694 0
11877 38
11972 0
12006 21
12007 0
12201 51
12249 0
12376 41
12607 0
12909 27
12920 21
12988 0
13081 41
13172 27
13279 41
13288 0
13415 38
13429 0
13696 41
13840 0
13877 27
14253 0
14394 21
14429 21
14791 0
14824 41
14838 0
15187 27
15195 0
15201 21
15536 0
15550 38
15571 51
15591 41
15854 0
15867 51
15903 21
16166 51
16235 0
16431 41
16526 27
16562 41
16580 0
16778 41
17109 0
17323 21
17346 0
17493 27
17758 21
17778 51
17812 51
17898 0
17981 27
18020 51
18291 0
18471 21
18560 41
18663 21
18725 0
18918 51
18933 0
19216 41
19617 0
19854 41
20114 0
20155 27
20282 0
20293 27
20413 0
20613 41
20944 0
21337 21
21362 0
21439 41
21636 0
21647 38
21740 0
21801 21
21989 0
22693 38
22910 0
23039 51
23087 0
23135 51
23177 0
23196 21
23310 0
23442 21
23480 0
23828 41
23896 0
23999 51
24492 0
24588 41
24961 0
25082 38
25171 21
25219 41
25498 0
25565 21
25567 27
25612 0
25625 27
25706 0
25770 51
25790 27
26165 0
26316 51
26407 0
26638 38
26666 51
26766 0
26837 38
27108 0
27193 51
27366 27
27518 0
27705 41
28034 27
28149 0
28505 27
28520 0
28592 27
28942 0
28945 38
28960 0
29486 51
29829 0
29991 27
30296 0
30426 51
30539 0
30610 27
30614 0
30664 41
30686 0
30724 27
30903 0
31088 41
31143 0
31261 27
31554 0
31712 21
31776 0
31843 21
32089 0
32108 27
32117 0
32120 21
32187 0
32536 38
32618 21
32797 0
32802 21
32940 0
33300 51
33549 27
34182 0
34407 41
34693 0
34729 41
34731 0
34755 27
34915 51
35096 27
35135 21
35427 0
35541 51
35653 21
35866 51
36039 0
36189 21
36291 0
36428 21
36452 51
36507 0
36701 41
36752 0
36767 21
36791 0
36840 41
37016 38
37092 41
37098 0
37103 27
37237 51
37241 0
37476 51
37552 41
37591 21
37647 27
37742 27
37777 0
37816 51
37966 0
37978 38
38071 0
38082 51
38199 0
38411 27
38440 0
38593 41
38756 41
38864 27
38897 0
38938 51
39175 0
39207 41
39235 0
39289 27
39379 0
39463 41
39850 0
39864 27
39908 41
39963 0
39996 21
40107 0
40228 51
40331 0
40535 21
40872 51
40940 41
41028 0
41048 41
41459 0
41490 41
41589 0
41660 41
41688 0
41742 41
41828 0
42165 41
42217 0
42219 38
42230 51
42244 21
42321 0
42430 41
42433 0
42624 21
42650 0
42778 38
42884 0
42968 21
43048 0
43204 51
43264 0
43369 38
43420 21
43556 0
43637 38
43770 0
43827 51
43979 21
44099 27
44148 0
44501 51
44516 0
44727 51
44737 0
44858 21
44934 0
45033 51
45336 0
45672 41
45673 0
45676 21
45754 0
45790 41
45866 0
46039 51
46050 41
46066 0
46167 27
47082 0
47083 51
47502 0
47663 21
47755 0
48026 21
48279 0
48331 38
48418 51
48458 0
48594 41
48675 0
48737 51
48802 0
48841 41
49181 0
49373 41
49410 38
49454 0
49769 38
50058 21
50073 0
50088 27
50435 51
50775 0
50837 27
51018 0
51184 21
51236 38
51253 38
51274 0
51372 51
51413 0
51517 21
51720 0
51725 21
51925 51
51986 0
52121 38
52142 0
52354 41
52434 41
52459 0
52481 51
52485 0
52624 41
52891 0
53169 38
53315 0
53321 41
53398 0
53475 41
53583 41
53711 38
53886 41
54117 0
54181 41
54220 0
54306 27
54329 0
54337 27
54375 0
54703 41
54972 0
55083 38
55207 0
55258 27
55382 0
55465 21
55629 0
55711 27
55824 0
55916 41
56996 0
57055 21
57343 0
57389 21
57578 0
57673 21
57761 21
57804 0
57845 27
58000 27
58169 27
58225 0
58332 38
59204 0
59256 41
59506 51
59734 0
59841 38
60028 0
60186 27
60254 0
60268 51
60287 0
60295 27
60661 0
60713 38
60715 0
60734 51
61138 0
61195 38
61272 0
61430 38
61547 0
61570 21
61573 0
61694 51
61746 0
61803 41
61887 0
62015 38
62159 0
62555 38
62690 0
62713 27
62966 0
63209 51
63261 0
63342 27
63391 38
63508 38
63547 38
63559 0
63719 21
63756 0
63950 21
63990 0
63997 21
64109 0
64295 41
64458 0
64466 41
64562 0
64573 38
64574 0
64580 51
64636 38
64663 0
65111 41
65126 0
65344 27
65665 41
65696 0
65787 51
65906 0
66067 51
66224 0
66298 51
66315 0
66345 21
66434 41
66505 0
66658 27
66887 38
67010 0
67059 51
67309 27
67386 0
67436 51
67501 51
67687 38
67915 0
67934 21
68024 21
68068 0
68109 51
68222 0
68262 38
68274 0
68384 38
68482 21
68879 41
68917 0
68957 27
69169 0
69263 21
69602 0
69892 27
70047 41
70387 51
70491 38
70529 38
70636 0
70858 27
71038 21
71115 0
71620 38
71707 0
71801 27
71874 0
71892 38
71951 41
72050 0
72182 38
72944 0
73013 51
73073 0
73110 51
73263 0
73365 27
73432 0
74021 51
74052 51
74146 0
74191 27
74229 51
74318 0
74406 41
74407 38
74507 0
74525 51
74559 0
74763 41
74842 0
74894 38
74920 0
74928 51
74955 0
75000 27
75212 38
75324 38
75427 0
75596 51
75937 0
75972 41
76008 0
76037 51
76145 21
76195 0
76424 38
76625 0
76661 27
76821 0
76956 51
77609 0
77619 27
77700 0
77747 51
77756 0
77757 21
77996 27
78025 0
78079 51
78277 0
78318 51
78541 0
78584 27
78896 41
79143 41
79361 0
79474 27
79761 0
79897 51
80325 0
80413 38
80441 0
80498 21
80609 0
80755 51
80798 0
80803 41
80806 51
80869 21
81271 0
81283 27
81372 21
81496 0
81655 41
81930 0
82226 51
82383 0
82496 41
82514 27
82566 0
82649 51
82651 38
82796 38
83069 0
83081 21
83181 27
83418 0
83682 27
84440 0
84589 51
84675 0
84700 27
84877 27
85072 0
85077 27
85117 0
85207 21
85242 0
85264 51
85318 51
85532 0
85565 21
85566 0
85587 21
85588 0
85612 51
85639 0
85723 38
86342 0
86650 38
86895 51
87003 27
87105 0
87242 27
87761 0
87801 41
87802 0
87929 38
87959 0
87991 21
88131 38
88442 0
88531 27
88586 0
88871 27
89071 0
89392 38
89404 41
89428 0
89458 27
89996 27
90347 0
90399 41
90495 0
90522 51
90612 0
90747 27
90772 0
90867 38
91277 27
91307 41
91375 51
91417 0
91483 27
91552 0
91688 51
91738 0
91749 27
91928 0
92518 21
92542 0
92545 38
92575 0
92600 21
92855 38
92878 0
93003 41
93090 0
93136 38
93251 41
93491 0
93524 51
93679 0
93977 41
93979 0
93984 27
94152 0
94187 51
94232 0
94254 41
94370 0
94917 38
95160 27
95204 0
95226 21
95229 0
95430 38
95481 41
95737 0
95936 51
96011 0
96350 21
96557 0
97197 41
97216 21
97347 0
97469 27
97570 0
97600 38
97809 0
98003 41
98038 38
98170 0
98224 51
98329 0
98581 41
98688 27
98792 0
98804 21
99165 0
99262 27
99509 0
99511 27
99704 27
99787 0
99881 51
99939 0
736 events for 7
8 23
394 0
1020 41
1026 0
1048 55
1410 0
1452 61
1530 0
2002 11
2048 0
2333 11
2404 0
2416 61
2430 0
2451 55
2524 0
2553 11
2638 0
2912 11
2913 0
3056 61
3121 0
3222 32
3362 55
3398 41
3457 55
3604 11
3713 0
3723 33
3737 0
3793 23
3859 41
4045 0
4091 23
4292 39
4564 23
4677 0
4751 41
4760 0
4847 41
4868 0
4937 55
5204 0
5306 32
5575 0
5722 32
5851 0
5874 33
5943 39
6212 0
6237 55
6238 0
6473 33
6523 0
6554 11
6692 32
6695 0
6744 39
6827 55
6838 0
6851 41
6953 0
7285 33
7312 32
7329 0
7339 61
7461 0
7565 33
8261 55
8435 0
8440 11
8458 0
8514 23
8691 0
8757 33
8949 32
9461 0
9562 41
9625 0
9630 41
9642 0
9730 33
9765 0
9835 61
9843 41
10090 0
10263 33
10459 39
10703 11
10713 0
10723 39
10742 55
10950 0
11145 39
11270 0
11526 32
11585 0
11590 23
11663 0
12014 32
12311 23
12470 41
12558 61
12644 0
12652 23
12686 23
13018 0
13038 32
13414 11
13692 0
13721 11
14017 32
14226 0
14325 39
14397 0
14407 11
14419 55
14529 11
14575 23
14820 0
15011 61
15289 0
15292 55
15301 0
15343 41
15396 0
15450 32
15650 0
15730 11
15849 0
15930 39
16033 23
16163 32
16313 0
16473 39
16480 41
16512 0
16541 39
16876 0
16967 55
17000 0
17104 11
17361 0
17453 61
17707 0
17741 32
17756 0
17801 55
17815 0
17842 11
18037 0
18064 61
18116 0
18224 33
18437 0
18485 32
18764 0
19046 39
19119 0
19157 33
19303 0
19329 23
19606 0
19699 23
19966 0
20590 61
20703 11
20831 55
21279 0
21542 33
21837 11
21861 0
22696 11
22915 0
23337 39
23433 0
23563 55
23849 0
24392 61
24541 0
24601 61
24638 32
24708 0
24799 61
25041 61
25056 11
25057 0
25142 33
25594 0
25686 23
25693 0
25730 23
25848 0
25906 41
25978 0
25996 61
26135 0
26229 61
26331 11
26528 0
27023 39
27035 33
27110 0
27209 33
27257 33
27268 0
27279 11
27400 0
27439 55
27714 0
27841 41
27863 0
27884 23
27923 0
27929 32
28255 0
28342 39
28386 0
28389 32
28440 61
28466 55
28648 0
28746 61
28758 61
28782 0
28846 32
28894 23
28985 0
29125 61
29208 0
29340 61
29485 55
29735 0
30179 39
30273 0
30494 33
31004 32
31288 0
31382 32
31618 0
31712 61
31716 0
31844 41
31880 0
32142 55
32211 0
32460 55
32577 0
32795 41
32927 0
32955 55
32975 11
33015 61
33640 23
34021 0
34054 11
34594 33
34692 33
34706 0
34721 33
34906 0
35013 32
35100 39
35102 0
35177 41
35213 61
35425 55
35667 0
35673 23
35701 0
35769 39
36210 0
36278 32
36478 39
36491 23
36563 0
36774 33
36885 55
37044 0
37145 33
37186 0
37190 41
37290 0
37803 55
38051 55
38108 39
38216 0
38242 23
38621 0
38753 55
38804 0
39046 61
39217 32
39303 0
39388 11
39457 0
39770 23
39771 0
39918 55
39989 0
40120 32
40156 0
40403 39
40463 0
40585 41
40755 41
40789 0
40823 41
40855 0
40858 33
41112 11
41336 0
41384 39
41583 0
42153 39
42162 61
42182 32
42208 0
42370 41
42406 0
42438 41
42912 41
43277 0
43438 39
43540 0
43564 55
43872 0
44058 39
44297 23
44366 11
44418 0
44501 32
44579 0
44586 23
44705 0
44801 55
44967 0
45007 41
45114 0
45544 11
45547 0
45567 23
45631 0
45644 11
45648 11
45750 0
45815 32
46013 33
46273 0
46386 11
46571 0
46685 23
46834 0
47005 33
47020 0
47443 39
47446 0
47487 55
47673 0
47747 41
48096 0
48244 41
48284 0
48395 39
48479 0
48514 39
48649 0
48714 55
48727 23
48892 0
48972 39
49198 0
49562 39
49647 0
49786 23
49968 0
50132 39
50135 39
50275 0
50292 61
50524 0
50700 55
50809 0
51043 11
51182 11
51274 0
51371 61
51456 0
51519 61
51756 0
51809 33
51834 0
51903 39
51912 11
51940 0
51952 32
52260 0
52739 23
52852 11
52905 0
53205 55
53239 0
53321 11
53651 0
53678 61
54143 0
54159 61
54326 0
54480 11
54519 0
54838 41
55127 41
55132 0
55270 11
55388 23
55396 0
55436 39
55448 0
55510 23
55524 61
56010 0
56258 39
56394 0
56415 33
56718 0
56775 23
56799 23
56819 0
57010 23
57094 0
57106 61
57387 0
57457 11
57500 39
57531 0
57547 32
57877 0
57952 32
58056 0
58187 39
58295 0
58533 11
58585 11
58770 0
58858 32
58886 0
59171 39
59188 0
59384 33
59493 0
59803 32
59833 55
59919 0
59959 39
60010 41
60042 0
60265 33
60499 0
60576 61
60748 0
60776 33
60982 0
61264 41
61396 0
61406 11
61410 23
61464 41
61603 0
61644 39
61679 23
61842 0
62088 32
62542 0
62607 61
62829 0
62929 33
63101 39
63102 0
63109 39
63674 0
63866 32
64056 0
64180 32
64245 0
64377 41
64580 11
64630 0
64634 33
64709 0
64800 61
64829 55
64982 11
65145 0
65165 23
65545 0
65578 32
65637 0
65920 32
66116 32
66150 0
66413 33
66504 0
66814 55
67232 33
67458 0
67563 39
67702 0
67724 23
67953 33
68011 0
68391 32
68656 0
68795 41
68885 0
69148 55
69161 0
69393 55
69421 0
69544 33
69646 0
69689 11
69693 0
70037 55
70077 11
70158 0
70310 55
70535 32
70641 0
70746 32
71248 0
71441 61
71467 0
71635 23
71676 39
71716 39
71846 0
71902 39
71994 0
72628 55
72651 0
73069 41
73133 11
73213 0
73300 33
73530 61
73824 0
73874 61
73879 61
74103 0
74115 23
74155 0
74253 23
74271 23
74390 32
74528 0
74978 55
74986 32
75115 0
75301 55
75327 0
75445 61
75476 0
75649 32
75745 32
75762 0
75822 61
76092 0
76098 39
76100 0
76147 55
76153 0
76277 55
76362 0
76661 33
76748 0
76814 61
77150 0
77258 39
77270 0
77285 33
77427 0
77456 33
77582 0
77837 39
77879 0
78011 55
78128 0
78267 41
78320 0
78416 23
78716 0
78733 33
78764 0
79021 41
79107 0
79478 33
79669 0
79873 23
79935 0
79960 41
79987 0
80429 33
80473 0
80477 41
80495 0
80581 32
80783 0
80818 41
81224 0
81588 41
82037 0
82151 11
82254 0
82256 39
82779 55
82835 0
82895 33
82956 0
82967 33
83313 0
83442 23
83606 0
83712 41
83807 39
83866 23
83869 0
84001 41
84090 11
84117 41
84167 0
84767 32
85390 41
85578 0
85667 41
85869 0
86135 61
86235 0
86261 39
86360 0
86407 55
86610 0
86806 55
86903 0
86915 55
87119 0
87219 33
87325 0
87582 39
87745 0
87853 23
88162 0
88191 11
88267 0
88474 32
88579 0
88638 11
88842 0
89050 11
89057 0
89300 61
89342 0
89392 61
89418 0
89425 61
89427 0
89569 23
89573 0
89730 23
89877 0
89964 61
89997 0
90177 23
90694 55
90790 33
91039 0
91148 41
91321 0
91450 41
91469 0
91490 39
91691 0
92065 32
92311 0
92406 11
92739 0
93339 39
93527 61
93726 0
93745 39
93751 0
93840 32
93977 61
94278 0
94291 61
94342 0
94361 55
94397 32
94750 0
94795 55
94894 0
94896 32
94897 0
95025 41
95037 23
95100 55
95232 23
95301 0
95454 41
95609 41
95616 39
95717 0
95935 41
96014 41
96247 0
96320 61
96398 39
96455 0
96519 11
96816 0
97194 23
97424 39
97978 0
98074 61
98142 0
98184 61
98550 61
98668 0
98968 32
98969 0
99044 23
99071 33
99131 0
99351 41
99458 0
99716 55
99777 0
872 events for 8
35 38
293 25
478 0
598 38
623 0
680 25
764 0
790 38
802 26
821 0
931 26
940 0
1024 25
1037 26
1140 0
1195 25
1244 0
1456 25
1549 0
1578 25
1651 0
1873 26
2133 25
2165 0
2182 25
2377 25
2416 25
2427 25
2488 0
2799 25
2862 0
3001 38
3082 0
3413 38
3570 0
3728 25
3875 38
3946 38
3961 25
4071 0
4128 38
4507 0
4643 26
4714 0
4828 38
5433 0
5680 25
5979 0
6277 38
6729 0
6995 38
7014 0
7100 38
7110 0
7192 25
7258 0
7461 38
7548 38
7799 25
8478 0
8637 25
8711 0
8844 25
8990 38
8994 0
9023 38
9135 0
9172 38
9220 26
9316 38
9381 0
9446 38
9486 0
9659 26
9743 38
9885 0
9887 26
10007 0
10081 26
10229 0
10240 25
10558 26
10596 0
10622 38
10674 0
10862 38
10929 0
10960 38
10962 25
11131 0
11232 25
11254 0
11275 38
11278 0
11698 25
11780 38
12033 0
12130 26
12253 25
12316 0
12342 26
12344 0
12348 26
12376 0
12844 25
13130 0
13189 26
13206 26
13259 25
13306 0
13423 26
13459 38
13478 0
13656 26
13824 0
13839 25
14132 0
14207 26
14339 25
14358 0
14506 25
14565 0
14641 26
14643 0
14722 38
14737 0
14824 26
14956 0
15103 38
15124 0
15224 25
15351 0
15390 25
15539 38
15628 0
15841 38
15925 0
15933 25
16284 0
16654 26
16904 26
16956 0
16965 26
17058 0
17115 26
17121 0
17154 38
17287 0
17293 38
17315 0
17317 38
17367 26
17378 0
17430 26
17804 0
17858 26
18027 0
18090 38
18237 25
18413 0
18615 25
18643 0
18712 26
18714 25
18745 0
18776 26
18968 0
19096 25
19150 0
19173 26
19338 0
19475 38
19547 38
19590 0
19671 25
19779 0
19806 38
20327 0
20372 38
20463 0
20535 38
20568 25
20623 0
20800 26
20931 0
21147 38
21162 26
21272 0
21370 26
21418 0
21494 25
21562 0
21587 25
21916 26
22005 0
22095 26
22238 0
22297 25
22335 0
22396 38
22428 26
22476 0
22725 38
22825 38
22850 25
22887 25
22905 0
22992 25
23055 0
23281 26
23592 0
23613 26
23732 0
23746 38
23808 0
23886 26
24001 0
24177 38
24256 0
24400 25
24453 0
24566 26
24568 0
24747 38
25126 0
25207 26
25295 38
25756 0
25914 25
26010 0
26045 26
26094 0
26158 25
26179 0
26205 38
26462 0
26495 26
26496 38
26552 0
26698 38
26718 0
26971 25
27161 0
27234 25
27266 0
27276 25
27282 0
27430 26
27445 0
27933 26
27948 0
28130 26
28143 0
28147 38
28428 0
28519 26
28548 0
28602 26
28630 38
28674 38
29042 0
29110 26
29199 38
29274 0
29435 26
29481 0
29487 38
29532 25
29575 0
29895 25
30068 0
30081 26
30399 38
30468 38
30482 25
30757 38
30999 0
31033 26
31067 0
31113 26
31290 0
31345 38
31364 0
31847 38
31854 25
31975 0
32010 38
32063 0
32269 26
32357 0
32360 38
32586 0
32606 38
32789 0
33045 25
33093 26
33185 0
33327 38
33465 0
33717 26
33729 0
33783 26
33834 0
33946 26
34121 0
34250 26
34254 38
34331 0
34379 26
34459 0
34514 26
34522 0
34650 26
34835 38
35408 0
35422 26
35774 0
35784 38
35812 0
36312 26
36410 25
36470 25
36608 26
36696 0
37039 25
37044 0
37147 38
37216 25
37455 38
37516 0
37848 38
37890 0
37909 38
37985 0
38088 26
38139 0
38202 26
38223 0
38249 26
38393 0
38538 38
38657 38
38661 25
38748 0
38892 25
39237 0
39590 26
39600 0
39601 25
39706 0
39728 25
39755 0
39779 26
39789 0
39859 26
39863 25
39935 0
40526 26
40652 0
40660 38
40788 0
40819 38
40849 0
40995 25
40998 0
41116 26
41138 0
41260 26
41572 25
41653 0
41783 25
41992 0
42027 26
42072 0
42097 26
42317 0
42670 38
42876 0
42878 26
43007 0
43279 25
43295 0
43322 26
43482 0
43488 26
43752 0
43830 25
43861 0
43930 26
44030 0
44058 26
44428 0
44516 26
44682 26
44775 38
44816 0
44825 25
44846 0
44907 38
45035 38
45185 0
45229 26
45397 0
45409 26
45507 26
45672 0
45720 26
45966 0
45989 26
46199 0
46202 25
46518 0
46580 38
46605 26
46672 38
46749 0
46792 25
46922 0
47137 38
47193 0
47251 38
47286 0
47312 38
47340 0
47736 26
48086 0
48109 25
48186 0
48408 26
48477 25
48556 0
48577 38
48610 25
48632 0
49050 26
49150 0
49177 25
49240 0
49642 25
49685 38
49771 25
49782 0
50149 26
50198 0
50329 38
50562 38
50576 0
50616 26
50770 0
50842 38
51003 0
51018 25
51383 25
51642 25
51738 0
51862 38
52174 0
52272 25
52355 25
52501 0
52609 26
52617 0
52728 38
52752 0
52949 26
53166 0
53168 38
53331 0
53501 26
53583 38
53715 38
53741 0
53825 25
54055 25
54090 0
54255 26
54295 0
54493 38
54596 0
54650 26
54732 0
54766 25
54830 0
54991 26
55069 0
55124 25
55163 38
55381 0
55399 38
55690 0
55740 25
56010 0
56153 26
56171 25
56199 0
56328 25
56470 38
56476 25
56562 0
56649 26
56781 25
56967 38
56977 0
57061 26
57118 0
57179 25
57256 0
57435 26
57594 0
57723 38
57814 0
57861 26
57871 0
57968 25
57975 0
58022 25
58043 26
58070 26
58245 0
58358 26
58375 25
58481 0
58697 38
58911 0
59021 26
59174 0
59214 38
59326 38
59363 0
59387 25
59449 0
59590 38
59645 0
59740 38
59864 0
59962 25
60529 38
60548 0
60863 38
60870 26
60884 0
61368 38
61752 38
61954 26
61976 0
62113 38
62153 0
62189 25
62244 0
62346 25
62468 0
62516 26
62656 0
62659 25
62771 25
63072 38
63255 0
63294 38
63318 0
63611 25
63640 0
63655 25
63931 38
64003 0
64233 25
64278 0
64308 26
64350 0
64355 26
64570 0
64708 25
64846 38
65371 0
65510 25
65531 0
65595 25
65929 0
65957 38
66024 26
66037 26
66064 25
66115 0
66247 38
66306 0
66644 25
66668 25
66693 25
66897 0
66927 26
67370 0
67500 26
67515 0
67551 26
67563 0
67595 26
67654 38
67681 0
67689 25
67706 38
67932 38
68012 0
68137 25
68309 0
68314 26
68374 38
68756 0
69053 38
69240 0
69299 26
69316 0
69436 26
69511 0
69743 25
69902 0
70018 26
70028 0
70229 25
70256 0
70283 26
70301 0
70511 26
70514 38
70599 0
70732 25
71042 0
71087 26
71155 0
71279 38
71475 0
71614 26
71639 38
71731 0
71789 26
71821 0
71856 26
71871 38
71891 0
71931 26
71952 25
72054 0
72270 25
72271 0
72333 38
72401 0
72448 26
72507 0
72561 25
72870 0
73033 38
73049 25
73112 25
73114 25
73676 0
73726 38
73851 0
73906 38
74007 38
74145 25
74154 0
74404 26
74664 0
75006 38
75105 0
75156 38
75176 0
75252 38
75446 0
75474 38
75488 0
75569 25
75642 38
75941 0
76037 38
76093 25
76212 0
76645 38
76659 25
76698 0
76739 25
76872 0
76912 26
76944 0
77062 26
77528 0
77611 26
77623 0
77770 26
77833 26
77871 25
77956 0
78076 26
78112 0
78230 25
78248 0
78492 38
78578 0
78814 38
78919 26
79160 0
79225 26
79257 0
79425 38
79902 0
80114 38
80149 0
80170 26
80254 0
80317 38
80335 0
80853 26
81004 0
81115 26
81138 0
81172 25
81203 0
81227 26
81516 0
81551 25
81637 38
81662 25
81683 0
81747 25
81910 0
82310 38
82447 0
82634 26
82729 0
82802 26
82831 0
82932 38
83009 0
83055 25
83166 0
83202 38
83332 0
83459 25
83536 38
83612 0
83632 25
83657 25
83802 25
83826 38
83839 0
83896 38
83908 0
84188 26
84189 0
84237 38
84338 25
84402 0
84610 25
84616 0
84800 25
84836 25
84873 0
85100 26
85101 0
85196 25
85307 38
85377 0
85396 25
85560 25
85617 0
85625 38
85937 0
86004 25
86070 0
86323 26
86390 0
86442 25
86459 0
86533 38
86714 0
86836 25
86893 0
87249 38
87251 0
87362 38
87613 0
87749 25
88094 0
88129 26
88323 0
88399 38
88499 0
88554 25
88591 38
88804 0
88843 26
88949 0
89028 26
89245 0
89366 26
89383 38
89677 0
89682 38
89784 0
90138 25
90402 0
90517 25
90570 0
90806 26
90889 38
91117 0
91286 38
91396 0
91634 38
91913 25
92129 0
92293 26
92397 38
92584 38
92594 0
92738 38
92780 0
92833 25
92965 0
93017 25
93092 0
93179 26
93487 0
93498 38
93635 0
93744 25
93921 25
93967 0
94044 26
94253 0
94498 38
94564 0
94802 25
94948 38
95227 0
95319 26
95410 0
95442 25
95478 25
95490 0
95685 38
95773 0
95871 26
95905 0
96049 26
96199 0
96431 26
96834 25
96850 0
96936 25
97407 0
97464 38
97489 0
97549 26
97665 0
97706 38
97919 38
97966 26
98165 0
98256 26
98413 0
98643 25
98665 25
98959 0
99119 38
99198 38
99254 0
99275 38
99277 0
99426 25
99593 0
99714 38
99838 0
99887 38
295 events for 9
153 90
641 84
779 37
864 0
1126 40
1128 96
1371 40
1662 0
1706 84
1750 37
1861 96
1917 0
2526 84
3921 0
4665 96
4723 37
5122 40
5779 0
6384 96
6472 40
6475 0
6877 96
6975 0
7131 90
7824 37
8200 0
8677 40
9473 90
9632 96
10250 96
10675 0
10866 37
10986 0
11059 40
12145 0
12583 96
12606 96
12690 0
12838 40
13042 0
13065 40
13226 96
13425 0
13886 96
13949 0
14361 84
14789 0
15092 90
15315 0
15447 40
15766 40
16835 0
17685 37
17789 0
18182 90
18394 0
18797 40
19240 90
19784 0
19931 90
20638 0
21514 96
21704 90
21752 40
22144 0
22153 40
22359 40
22496 40
22547 40
22587 0
22661 90
22878 0
22906 90
22936 0
23320 90
23443 0
23803 40
24022 0
24181 37
24273 0
24350 90
24439 0
24500 96
24501 0
24848 40
24909 0
24955 96
25298 0
25493 90
25665 0
25766 96
26318 0
26765 37
26775 84
27188 0
27302 96
27643 0
27781 37
28092 0
28804 40
28846 0
30042 84
30806 37
31161 0
31218 40
31426 0
31831 40
32115 37
32473 90
32829 0
32960 37
33239 0
35722 40
35729 90
35737 40
35873 37
36392 37
36476 0
37986 84
38068 0
38152 40
38799 40
39501 0
39542 96
39808 0
39845 40
39960 0
40133 96
40419 0
40733 96
40803 0
40979 84
41456 0
43045 37
43091 0
43342 96
43367 0
43517 84
43885 84
44538 0
44856 40
45126 0
45324 96
46072 0
46326 84
47333 0
47409 96
48100 0
48161 84
48433 84
48701 96
48909 96
49352 0
49422 84
49438 37
49775 0
49907 37
49955 0
50538 96
50951 40
51952 90
52096 96
52346 0
52483 84
52525 0
52626 40
52682 0
52754 84
52827 0
52926 90
53893 0
55261 90
55445 0
55614 96
55665 0
55901 96
55924 0
56311 96
56333 96
56902 0
56907 40
57033 0
57214 90
57335 37
58292 0
58747 96
58997 37
59149 0
59276 96
59500 0
59516 37
59753 0
59944 40
60167 0
60791 96
60812 0
61207 90
61259 40
61829 0
62051 96
62603 0
63087 37
63285 96
64044 0
64053 40
65155 0
65920 96
66717 0
67538 84
67774 90
67848 0
69568 40
69635 40
69750 0
69900 40
70230 0
70248 90
70733 0
71589 37
71906 0
71971 37
72366 40
72378 37
72536 0
72688 37
73358 96
74082 84
75216 0
75450 96
75530 84
75548 40
76838 37
76910 90
77470 90
77940 0
78210 90
78291 96
78956 0
79487 96
80044 0
80046 40
80924 96
81290 0
81684 90
81741 84
81863 0
81944 90
82164 0
83022 40
83210 0
83506 37
83532 90
83808 0
84047 40
84199 37
84420 0
84547 96
84687 90
85013 96
85173 0
85703 40
85952 40
86058 0
86227 96
86417 90
86636 0
87576 40
88429 40
88855 37
89266 0
89901 84
90089 96
91056 0
91584 40
93792 0
94091 37
94469 90
94857 0
94907 40
95608 0
95822 96
95891 96
96636 0
97145 90
97314 0
97594 37
97616 0
97621 37
98187 37
98257 96
98351 0
98835 40
99140 0
99791 40
99797 0
933 events for 10
4 26
18 0
82 69
102 60
194 0
271 60
395 0
635 69
707 0
719 73
897 0
949 62
1082 69
1232 60
1351 0
1439 69
1493 0
1569 60
1683 0
1688 69
2430 0
2636 60
2963 0
3193 61
3323 0
3325 26
3528 0
3553 62
3735 0
3849 40
3858 60
4015 26
4115 0
4134 26
4228 0
4259 73
4346 26
4455 0
4464 26
4475 0
4477 40
4611 26
4621 0
4751 61
4762 26
4773 69
4822 0
4873 26
4875 26
4903 0
4924 73
5178 0
5224 26
5366 60
5585 0
5679 26
5703 0
5890 62
6423 0
6554 62
6668 0
6953 60
6988 0
7360 40
7374 0
7409 61
7685 26
8029 0
8066 62
8270 0
8297 26
8374 26
8579 40
8820 0
8845 73
9100 0
9124 61
9137 40
9464 0
9591 40
9596 26
9642 62
9693 0
9878 69
9920 26
9968 0
10029 62
10333 69
10385 26
10627 0
11014 69
11018 0
11267 61
11368 0
11390 26
11472 0
11504 73
11579 0
11712 61
11747 61
11793 0
11844 73
11899 0
12103 69
12208 60
12254 60
12260 0
12367 62
12500 0
12666 69
12735 0
12741 62
12951 62
13010 62
13145 0
13414 73
13422 0
13456 73
13506 0
13554 26
13660 0
13738 26
13749 0
13790 61
14098 69
14164 0
14261 69
14285 0
14324 26
14336 62
14375 0
14399 61
14462 62
14489 0
14644 26
14727 0
14743 62
14775 0
15092 61
15198 0
15203 60
15319 40
15596 0
15611 73
15679 26
15903 0
15966 61
16023 0
16030 40
16156 0
16499 73
16549 0
16680 73
16719 0
16903 61
17111 0
17215 26
17226 0
17241 26
17288 26
17538 0
17635 62
17641 0
17704 40
17785 0
17873 69
17925 0
18082 60
18117 0
18178 40
18245 0
18262 60
18443 0
18614 62
18710 0
18738 61
18797 0
18803 73
19038 0
19240 26
19330 0
19477 61
19654 0
19744 40
19766 0
20016 40
20484 26
20490 0
20557 73
20888 0
20898 62
21258 0
21298 26
21366 0
21384 73
21545 0
21722 61
22048 62
22266 0
22296 69
22350 62
22362 26
22384 69
22482 0
22491 61
22605 0
22663 26
22789 0
22832 26
22849 0
23024 73
23136 0
23273 26
23347 0
23529 26
23716 0
23783 26
23785 0
23790 26
23856 0
23990 61
24021 0
24049 40
24077 69
24128 0
24228 62
24273 62
24314 61
24366 0
24393 60
24401 0
24570 26
24646 0
24767 26
24904 62
25143 60
25156 0
25278 60
25375 60
25714 0
26052 26
26084 0
26189 40
26207 0
26307 62
26406 0
26531 26
26826 60
26854 0
26970 61
26977 0
27024 73
27069 0
27325 73
27364 0
27615 26
27683 61
27710 0
27781 61
27797 0
27835 26
27931 0
28106 73
28151 0
28254 62
28486 0
28518 40
28575 61
28762 69
28889 0
28987 26
29047 0
29173 40
29269 61
29276 61
29338 0
29457 60
29515 62
29545 0
29563 40
29805 0
29880 62
29898 0
30175 69
30396 62
30556 0
30571 40
30592 0
30632 40
30657 0
30744 40
30794 0
30921 61
30989 0
31315 73
31427 0
31519 73
31575 0
31697 62
31809 61
31922 62
32188 26
32401 0
32427 40
32516 0
32542 26
32548 0
32645 26
32662 40
32807 69
32983 73
33013 0
33063 26
33182 0
33239 26
33289 0
33367 69
33505 0
33598 60
33666 0
33686 26
33720 0
33953 69
33955 0
34084 69
34242 0
34287 62
34355 0
34461 60
34970 0
34973 60
35104 26
35150 0
35331 61
35463 0
35489 26
35549 0
35651 26
35749 0
35856 40
35950 0
35956 69
36315 0
36331 73
36517 0
36535 69
36562 0
36564 26
36593 26
36663 0
36707 26
36855 0
36886 69
36950 69
36966 0
37032 26
37051 73
37057 0
37062 26
37108 62
37132 0
37176 62
37232 26
37296 0
37746 69
37909 0
37965 69
37991 0
38094 60
38122 0
38129 73
38330 0
38524 26
38541 0
38686 60
38709 0
38875 61
38904 73
38912 0
38958 61
39032 0
39084 40
39308 0
39367 62
39450 61
39623 60
39651 0
39733 26
39756 0
39780 26
39803 73
39876 40
39898 0
39964 26
40036 62
40119 0
40175 73
40358 26
40608 0
40646 40
40676 0
41088 26
41169 0
41277 26
41306 0
41316 61
41961 0
42011 26
42100 0
42421 62
42443 26
42582 61
42585 26
42668 0
42784 60
42857 0
42982 26
43068 0
43196 26
43273 61
43341 61
43531 0
43572 61
43621 62
43699 0
43988 61
44021 73
44024 26
44174 0
44181 26
44208 0
44239 73
44802 0
44809 69
44831 26
45067 0
45114 26
45141 0
45169 60
45247 0
45305 26
45571 0
45641 26
45932 0
46042 69
46062 0
46076 26
46095 0
46262 62
46309 26
46847 0
46878 40
46944 0
47042 40
47180 0
47443 26
47685 62
47720 0
47793 73
47934 0
48089 62
48157 40
48259 0
48325 60
48499 0
48505 69
48615 0
48778 26
49039 0
49042 26
49417 60
49516 62
49536 0
49681 61
49907 73
49959 0
49977 62
50043 0
50077 61
50097 0
50328 60
50379 0
50473 26
50474 0
50501 40
50616 73
50669 26
50746 0
50797 69
51068 0
51286 62
51348 60
51368 26
51579 0
51655 62
51727 0
51741 61
51921 0
52009 60
52193 0
52220 60
52341 0
52461 61
52559 73
52654 0
52670 61
52768 26
52832 40
52924 61
52989 40
53067 0
53158 69
53265 26
53318 0
53386 26
53399 0
53598 61
53761 40
53833 0
53872 26
53962 0
54341 60
54346 0
54483 61
54817 0
54838 62
54878 60
54960 61
55046 0
55250 61
55267 26
55284 0
55305 62
55388 62
55475 26
55477 0
55527 26
55724 0
55740 26
55903 0
56076 62
56303 0
56474 73
56648 0
56692 61
57075 0
57275 73
57344 0
57410 26
57868 0
58078 61
58133 0
58345 62
58572 0
58599 62
58648 0
58660 62
58709 0
58711 26
58847 0
59163 69
59213 0
59239 62
59351 0
59614 61
59623 62
59631 0
59693 69
59712 0
59800 61
59943 26
59982 0
60085 73
60135 73
60161 0
60243 26
60274 0
60314 60
60766 0
60879 40
60946 0
60964 60
60996 40
61016 0
61276 62
61319 0
61448 26
61524 0
61636 26
61898 0
61997 69
62151 0
62186 26
62299 0
62318 61
62470 0
62520 26
62659 0
62696 26
62737 0
62899 26
63050 26
63058 0
63186 69
63348 0
63410 69
63415 0
63528 62
63656 40
63748 0
63777 69
64003 0
64102 60
64210 0
64267 26
64286 0
64288 60
64420 40
64473 26
65041 0
65113 62
65159 60
65289 0
65473 40
65543 0
65633 69
65796 0
65807 69
65973 0
66263 73
66288 0
66409 62
66537 0
66602 26
66664 0
66900 60
66951 0
67149 40
67519 0
67576 40
67753 0
67792 26
67880 69
67889 0
67901 62
67995 0
68022 60
68130 69
68427 62
68465 60
68807 26
68846 0
69021 40
69602 0
69607 69
69888 0
69923 61
70018 0
70178 73
70239 0
70339 73
70355 73
70356 0
70362 61
70394 0
70502 60
70547 62
70654 69
70680 0
70726 26
70733 0
70797 73
70906 0
71012 69
71121 0
71294 60
71331 0
71564 26
71698 0
71882 62
71926 0
72126 40
72175 0
72212 69
72783 0
73131 69
73340 0
73398 73
73418 0
73472 40
73589 26
73604 61
73679 61
73720 0
73782 61
73999 0
74032 73
74039 0
74128 73
74747 40
74762 0
74874 26
74897 0
74998 60
75038 40
75090 0
75151 62
75194 0
75217 60
75379 0
75404 73
75507 0
75559 26
75649 73
75728 0
75816 26
75859 61
76019 26
76193 0
76431 40
76573 0
76624 26
76634 0
76772 26
76807 0
76886 26
77049 0
77126 69
77486 61
77547 60
77740 0
77781 60
77826 0
77988 69
77996 0
78020 62
78171 0
78294 40
78370 0
78386 26
78621 26
78717 0
78769 69
78799 0
78803 61
79227 0
79254 69
79427 73
79441 0
79570 62
79634 69
80073 0
80101 69
80186 40
80262 0
80284 26
80769 0
80900 40
81075 0
81200 26
81219 0
81284 62
81414 0
81497 60
81515 40
81532 0
81578 40
81693 0
82217 61
82292 0
82369 73
82551 0
82582 61
82676 0
82854 69
83023 0
83155 26
83157 0
83241 26
83456 60
83562 0
83730 60
83956 0
84131 62
84396 0
84427 73
84451 0
84482 26
84586 0
84588 40
84975 0
85000 40
85039 0
85053 60
85076 0
85160 62
85173 0
85279 73
85439 0
85456 62
85591 69
85597 40
85628 0
85658 62
85731 40
85736 73
85903 26
86055 0
86085 26
86533 0
86587 26
86739 0
86995 69
87015 26
87029 0
87124 60
87228 61
87295 60
87356 0
87422 26
87431 0
87494 61
87502 0
87503 26
87788 73
87996 0
88014 60
88116 62
88212 0
88267 40
88298 0
88299 62
88532 62
88618 61
88699 26
88765 0
88819 40
88863 0
88897 69
88933 0
89006 26
89070 0
89114 73
89211 60
89361 0
89463 60
89563 73
89587 0
89688 62
89737 0
89767 60
89784 0
89791 40
89814 0
89884 60
90247 0
90294 62
90407 0
90548 61
90615 0
90787 40
90802 0
91029 60
91075 26
91143 0
91174 61
91335 61
91336 0
91361 62
91398 0
91416 73
91600 62
91645 60
91668 73
91763 0
92250 60
92390 61
92452 0
92483 60
92651 0
92690 26
92700 26
92744 0
93227 26
93380 0
93748 40
93751 60
93793 40
93821 60
93859 0
93976 60
94249 0
94336 69
94546 0
94637 60
94689 62
94813 26
94885 0
94991 60
95060 40
95218 0
95260 61
95395 0
95505 26
95645 60
95887 0
96077 61
96112 0
96318 69
96622 26
96738 0
96898 61
97016 0
97216 60
97319 0
97402 73
97790 0
98210 26
98213 0
98261 62
98398 0
98583 26
98714 0
98880 40
99163 0
99230 62
99313 0
99486 62
99498 69
99522 0
99785 73
99819 0
99924 62
255 events for 11
274 82
357 0
451 84
843 0
2113 79
2143 0
2192 84
2214 0
3032 84
3201 0
3877 79
4451 0
4507 82
4801 82
5351 0
5558 82
5677 0
5703 79
6381 0
6477 79
6890 0
7228 82
7927 0
8389 82
8418 0
8557 82
9092 0
9434 79
9756 0
9844 82
10474 82
12325 0
12896 82
13614 0
14251 79
14737 0
14788 79
15198 0
15360 84
15571 0
15863 84
16030 0
16470 84
16959 79
16981 79
17280 0
17780 79
18487 0
18673 79
19534 0
20242 79
20732 0
20788 82
21046 82
22597 0
22837 79
23032 0
23191 82
23731 0
23747 84
23879 0
24538 79
24849 82
25259 0
25712 84
25730 0
25812 84
26091 82
26178 0
27044 79
27147 0
27356 84
28356 0
28441 79
28583 84
28901 84
29043 0
29138 84
29209 0
29620 82
30240 82
30413 0
30536 82
30572 0
30631 82
30797 0
31072 79
31809 79
31999 84
32358 0
32404 79
32509 82
32800 0
34242 79
34443 84
35196 84
37264 0
37899 82
37948 0
38036 82
38610 79
38930 0
40101 84
40521 0
40739 79
40876 79
41982 84
43241 0
43266 82
43360 0
43932 79
44442 0
44849 82
44985 0
45291 82
45361 0
45442 82
45730 0
46120 82
46470 84
46492 82
46856 0
46938 84
47066 0
48386 82
49299 79
49522 0
49603 82
50098 79
50144 0
50662 79
51115 0
51316 79
51367 84
51628 79
51819 0
52018 79
52051 82
52310 0
52652 82
52979 82
53363 0
54887 82
56596 0
57679 82
57911 0
58266 79
58280 84
58920 82
59448 0
60021 82
60069 0
60500 79
60667 0
60803 82
60815 0
61803 82
61909 0
62033 84
62128 0
63161 82
63180 0
63654 84
63825 0
63982 79
64082 0
64117 82
64556 0
64973 79
65038 0
65445 79
65463 0
65671 79
66685 0
66885 84
67093 84
67338 82
67428 0
67768 79
67820 0
68102 84
68263 0
68690 79
68936 0
69857 82
70688 84
71714 82
72448 82
73454 0
73826 82
75014 0
75346 82
75376 0
76614 82
77775 84
78596 82
78681 0
79060 79
79066 79
79446 0
79496 82
79681 0
79750 79
81228 0
81309 79
81550 0
81749 79
82387 0
82519 84
82605 0
83459 79
83585 0
84468 84
84851 84
84899 0
85360 84
85491 84
86882 84
86885 82
87241 0
87493 84
87568 84
88026 0
88118 79
88296 0
88531 79
89360 0
89942 82
90464 0
90844 79
90864 82
91234 0
91895 84
91966 0
92345 79
92966 0
93439 84
93626 84
93688 84
94679 82
94816 82
95205 0
95225 79
95591 82
95593 79
95698 0
96355 79
96617 0
96770 84
96949 0
97377 84
97920 82
97967 0
99102 82
99294 79
815 events for 12
34 51
197 0
737 55
773 0
963 68
1089 0
1289 78
1541 0
1573 75
1625 0
1729 55
1746 0
1776 50
1804 0
1883 50
2003 0
2012 50
2086 82
2098 50
2102 0
2646 49
2685 0
2743 82
2758 0
2986 50
3166 0
3197 82
3234 0
3266 68
3307 0
3341 49
3403 0
3491 68
3576 55
3692 0
4001 51
4018 0
4345 55
4623 0
4919 82
5505 0
5638 55
5670 78
5729 75
5812 0
5815 82
5880 78
5957 0
6175 50
6277 0
6381 82
6468 0
6549 51
6589 49
7501 0
7603 55
7686 0
7701 55
7749 50
7772 0
8056 49
8278 82
8406 0
8423 49
8440 0
8465 50
8518 0
8563 82
8834 50
9295 55
9314 0
9364 51
9413 0
9918 49
9923 0
10228 51
10238 0
10346 75
10380 0
10419 68
10463 49
10558 50
10725 0
10859 50
10903 0
11026 75
11096 78
11113 0
11197 50
11268 0
11276 49
11384 0
11470 75
11575 0
11717 50
11756 0
11846 50
12004 0
12224 50
12328 0
12362 82
12496 78
12518 0
12644 68
12654 0
12755 55
12849 55
13754 0
14117 51
14175 78
14552 0
14585 51
14604 0
15030 50
15101 82
15122 0
15250 50
15394 0
15418 68
15452 0
15603 78
15652 0
16021 75
16222 0
16289 50
16444 0
16553 55
16642 0
16643 55
16669 0
16810 49
16944 0
16962 75
17338 50
17394 0
17469 75
17747 0
17832 55
18054 0
18379 50
18539 0
18722 50
18747 0
19070 55
19171 0
19242 75
19387 51
19419 0
19463 78
19476 78
19503 78
19539 0
19580 68
19675 0
19820 50
19843 0
20044 82
20069 0
20072 68
20272 0
20290 75
20459 0
20685 78
20724 0
20862 82
21087 82
21190 0
21287 68
21301 0
21317 82
21495 51
21771 0
21801 68
21960 0
21986 50
22020 0
22040 68
22143 49
22166 82
22322 0
22334 82
22613 0
22708 78
22734 0
23014 75
23062 0
23161 82
23196 0
23774 78
23785 0
23830 68
23854 0
24014 50
24108 0
24140 75
24142 0
24448 51
24450 75
24512 0
24591 68
24598 0
24944 49
24966 0
25002 49
25084 0
25196 68
25265 0
25311 82
25352 0
25494 82
25538 0
25546 55
25815 49
25822 55
26100 82
26341 75
26346 0
26358 75
26406 0
26421 68
26423 0
26476 75
26485 0
26486 50
26799 0
26943 51
27076 0
27135 55
27169 0
27234 49
27249 0
27433 68
27574 0
27662 78
27666 0
27737 49
27833 0
28040 55
28161 68
28213 49
28272 51
28305 50
28470 0
28495 49
29101 0
29317 50
29371 0
29645 55
29946 0
30083 82
30100 78
30235 0
30491 78
30612 82
30616 0
30763 75
30899 50
30981 0
31102 82
31592 0
31657 82
31791 0
32036 50
32076 0
32362 55
32457 0
32538 82
32866 68
32989 0
33000 82
33067 0
33351 68
33512 51
33566 0
33643 50
33754 0
33791 55
34042 51
34380 51
34442 55
34791 75
34853 0
34863 78
34983 0
35229 78
35248 0
35273 75
35354 0
35359 51
35503 0
35760 49
35866 0
35948 82
36094 0
36390 78
36472 0
36613 82
36616 51
36662 0
36731 49
36738 0
36812 55
36818 0
36854 75
37109 75
37169 0
37179 75
37213 82
37254 0
37405 51
37454 0
37529 55
37838 50
38116 0
38191 49
38233 82
38404 0
38412 82
38652 0
38822 49
38883 75
38952 82
39050 0
39073 75
39166 0
39427 82
39784 0
40074 55
40559 49
40820 0
40967 78
41022 0
41074 68
41151 0
41417 78
41662 51
41980 0
42058 50
42066 0
42137 49
42682 0
42748 75
43044 0
43330 82
43415 0
43416 51
43464 0
43477 55
43596 68
43597 0
43724 49
43800 0
43837 50
43855 0
43914 55
43928 55
44319 50
44321 0
44474 75
44551 78
44589 50
44946 0
45047 49
45196 0
45288 49
45300 0
45304 49
45322 0
45612 49
46022 0
46141 82
46338 0
46426 82
46514 0
46693 55
46766 0
46809 75
46900 50
46905 0
47039 68
47078 78
47255 0
47314 68
47348 0
47351 49
47368 82
47416 51
47466 0
47581 49
47894 0
47991 68
48055 49
48136 0
48238 51
48272 68
48400 55
48414 0
48446 50
48705 0
48971 50
49001 78
49016 0
49269 49
49440 0
49487 49
49636 0
49641 78
50194 0
50217 68
50242 0
50306 68
50559 0
50680 51
50875 0
51214 49
51319 0
51510 82
51657 78
51704 0
51939 49
51951 50
52280 0
52359 75
52371 0
52390 55
52401 0
52433 49
52490 82
52571 82
52725 0
52784 49
52952 0
52957 50
53137 0
53162 68
53226 0
53476 55
53492 0
53628 49
53672 0
53695 55
53974 0
54013 78
54015 0
54237 75
54423 0
54431 51
54537 0
54569 49
54647 0
54751 75
54754 75
54755 68
54797 75
54818 0
55018 82
55115 0
55142 78
55417 50
55426 55
55450 75
55753 0
55853 78
55877 82
56294 55
56553 0
56580 82
56639 0
56689 78
56875 0
56998 55
57150 0
57312 78
57371 0
57444 51
57820 0
57894 78
57945 75
58806 0
58897 51
58956 0
59757 78
59903 51
60138 0
60219 50
60220 0
60338 78
60693 49
60801 0
60864 78
61078 0
61125 68
61187 0
61205 55
61338 49
61355 0
61360 51
61402 50
61476 0
61537 51
61815 0
62157 51
62657 0
62996 49
63002 0
63122 50
63150 0
63177 49
63459 0
63566 75
63782 55
64157 0
64238 55
64266 0
64271 75
64277 0
64431 68
64476 49
64516 0
64555 75
64650 0
64678 68
64730 0
64824 51
64826 78
65006 0
65199 78
65264 78
65447 0
65477 75
65782 0
65812 68
65975 68
65982 82
66097 49
66098 51
66212 0
66242 49
66252 0
66259 68
66379 0
66452 50
66586 0
66807 49
66833 0
67048 55
67189 0
67287 55
67325 49
67418 0
67458 55
67460 0
67619 51
67657 0
67730 49
67731 0
67746 55
67770 0
67861 78
67977 0
68057 68
68257 0
68317 75
68329 0
68609 55
68698 0
69095 78
69299 51
69308 51
69320 50
69327 0
69444 78
69513 82
69742 55
69925 0
69945 78
70090 68
70192 51
70461 0
70534 55
70576 0
70654 49
70758 0
70767 75
70969 0
71092 55
71118 0
71137 75
71235 0
71532 68
71624 0
71836 78
71982 0
72241 51
72379 68
72409 0
72458 55
72609 0
72720 75
72962 0
73002 51
73087 55
73526 0
73579 50
73660 0
73775 51
74444 0
74457 82
74491 0
74912 50
75034 0
75137 50
75164 68
75896 0
75915 75
76020 50
76227 55
76341 0
76393 55
76515 0
76592 78
76739 0
76814 78
76850 0
76861 68
76893 0
76947 50
76954 68
77010 0
77167 51
77173 0
77177 49
77282 0
77288 82
77370 68
77395 0
77538 49
77637 0
77912 68
77959 0
78145 75
78329 0
78453 75
78550 0
78672 55
78702 0
78771 50
78859 78
78982 0
79006 49
79086 51
79152 0
79522 51
79660 0
79781 50
79864 0
79870 75
79971 0
79986 78
80151 0
80220 55
80384 0
80405 75
80574 0
80931 55
80943 0
80961 78
81104 0
81257 51
81541 68
81569 82
81606 55
82403 0
82669 78
82732 51
82873 55
83461 68
83588 0
83659 82
83698 49
83716 51
84117 0
84381 50
84527 0
84805 75
84815 51
84843 49
85010 0
85019 51
85285 78
85431 78
85496 0
85512 50
85867 78
85891 0
85995 78
86309 75
86316 0
86396 50
86423 0
86539 78
86745 0
86993 49
87276 0
87329 55
87361 0
87422 49
87521 0
87561 50
87590 0
87894 49
87935 0
88115 49
88762 50
89124 50
89256 55
89262 0
89414 50
89782 0
89797 49
89829 0
89867 51
90020 0
90051 68
90074 0
90126 50
90198 0
90266 51
90424 0
90529 68
90602 0
90631 78
90633 50
90959 0
91090 50
91106 0
91121 82
91130 0
91134 55
91169 0
91272 55
91403 0
91544 68
91727 0
91758 49
91791 0
91954 78
92095 68
92140 0
92148 49
92316 0
92519 68
92640 0
92667 51
92922 0
92939 78
92953 82
92980 55
93041 0
93070 55
93153 0
93184 49
93203 0
93283 78
93436 0
93533 51
93555 0
93666 82
93748 0
93837 51
93894 55
93935 0
94250 55
94671 50
94857 0
95025 82
95034 0
95057 68
95158 0
95464 68
95661 68
95711 0
95716 51
96029 51
96064 0
96420 50
96621 75
96625 0
96762 50
96865 0
97027 51
97091 0
97187 49
97255 49
97472 0
97665 82
97693 68
97989 0
98035 68
98088 0
98303 78
98376 0
98410 49
98445 49
98647 0
98971 51
99107 51
99145 75
99160 55
99264 0
99437 55
99461 0
99530 49
99814 0
99990 49
775 events for 13
3 76
101 81
355 78
467 81
668 0
701 78
742 0
786 78
793 0
949 81
970 0
995 76
1039 0
1084 78
1086 0
1545 78
2064 76
2135 0
2281 78
2530 0
2551 81
2614 78
2618 0
2628 78
2670 0
2774 78
2866 78
3037 0
3128 81
3294 0
3367 76
3737 0
4099 81
4530 0
4726 78
4769 0
4829 81
4837 81
4869 0
4894 76
5127 0
5140 81
5237 0
5391 78
5522 0
5603 81
5656 0
5738 78
6015 78
6081 0
6202 78
6296 0
6341 78
6361 78
6448 0
6452 78
6707 0
7069 76
7209 0
7253 78
7288 76
7340 0
7474 81
7777 78
7783 81
7855 0
8509 81
8512 0
8704 81
8713 0
8729 76
9125 78
9146 81
9860 0
9899 78
9976 81
10019 0
10238 78
10464 78
10703 0
10926 81
10953 76
11211 0
11229 81
11306 0
11395 78
11803 0
11859 78
11870 0
11902 76
11999 0
12021 78
12115 0
12118 81
12231 0
12348 81
12378 0
12441 81
12456 0
12971 78
12995 0
13024 76
13325 0
13593 81
13612 78
13657 0
13691 76
13717 0
13811 76
13852 0
13907 81
13995 81
14081 0
14175 78
14357 0
14439 76
14578 78
14906 76
15006 0
15562 78
16000 0
16006 76
16243 0
16288 78
16305 76
16307 0
16425 81
16465 0
16571 81
16688 78
16718 78
16732 0
16970 81
16974 0
17087 78
17132 78
17211 81
17388 0
17607 81
17615 0
17945 78
18042 0
18445 81
18493 0
18566 78
18857 0
18928 76
18984 0
19023 76
19416 0
19614 78
19624 0
19870 78
20165 78
20334 78
20337 0
20377 78
20411 0
20734 78
20825 0
20935 81
21063 0
21473 78
21814 0
22223 81
22384 0
22459 78
22471 0
22586 76
22792 78
22897 81
23170 0
23316 81
23352 0
23373 81
23417 76
23431 78
23520 0
23577 81
23636 78
23676 76
23706 0
23798 76
23831 0
23888 81
23985 0
24034 78
24069 78
24215 0
24242 76
24307 0
24426 78
24448 0
24458 76
24502 0
24623 76
24635 0
24877 81
25008 0
25050 81
25063 0
25190 81
25232 0
25252 81
25357 0
25368 78
25549 0
25573 81
25633 0
25675 76
25726 0
25811 78
26111 0
26206 76
26270 0
26529 81
26635 81
26783 0
27209 81
27316 0
27432 78
27514 0
27595 76
27856 0
27889 81
28326 0
28481 81
28753 0
28984 81
29107 0
29350 76
29396 0
29815 78
29886 0
29925 78
29979 78
30162 76
30213 78
30224 78
30260 0
30274 81
30366 0
30383 78
30431 0
30452 81
30476 0
30589 81
30669 81
30843 0
30866 78
30881 81
31030 0
31175 78
31306 0
31325 78
32021 76
32051 78
32080 78
32153 0
32164 78
32168 0
32476 81
32519 0
32778 78
32812 0
32816 78
32988 78
33061 0
33153 78
33480 0
33489 78
33558 0
33561 81
33610 0
33706 76
34085 81
34174 0
34283 76
34291 0
34440 78
34572 81
34890 0
35052 81
35061 0
35070 81
35306 76
35350 0
35646 76
36128 0
36358 78
36731 0
36781 76
36860 76
36879 0
37169 81
37576 0
37791 81
38096 0
38130 81
38192 0
38248 76
38315 78
38435 0
38650 78
38694 0
38787 81
38906 0
39295 81
39621 78
39808 0
39963 78
39969 0
40124 78
40383 81
40709 78
40787 81
41114 0
41435 81
41525 0
41542 78
41704 0
41797 81
42055 0
42074 81
42292 81
42304 0
42521 76
42527 0
42584 76
42713 76
42736 0
42907 78
43003 0
43098 78
43355 0
43571 81
43773 0
43814 81
43860 0
43980 78
44036 78
44042 0
44135 76
44263 81
44293 0
44552 78
44570 0
44683 81
44694 76
45070 0
45184 76
45261 81
45321 78
45375 81
45460 81
45722 0
45870 78
46111 0
46180 78
46235 0
46386 78
46485 0
46500 81
46503 0
46525 78
46786 0
46813 78
46947 0
46970 78
47095 78
47163 0
47301 78
47406 76
47527 0
47717 81
47847 81
47962 0
48333 78
48398 0
48463 81
48514 78
48558 0
48618 76
48675 0
48682 78
48813 78
48825 0
48880 81
48975 81
48989 0
49133 78
49308 81
49421 0
49572 81
49603 81
49619 0
49620 78
49734 78
50080 0
50156 78
50408 81
50561 0
50648 78
50788 0
51047 81
51061 78
51070 0
51076 81
51503 0
51595 78
51667 78
51734 0
52355 76
52445 0
52778 76
52971 0
53379 78
53475 0
53495 81
53703 0
53827 76
53848 78
53905 76
53914 0
53922 81
54130 0
54192 78
54224 0
54508 81
54705 0
54868 76
55150 81
55291 76
55545 0
55655 81
55853 0
56177 78
56186 0
56310 81
56316 0
56382 78
56394 0
56451 81
56569 0
56642 76
56766 0
56791 78
56904 0
56959 81
57124 0
57313 81
57445 81
57651 81
57775 0
57826 78
57903 0
58001 76
58191 78
58249 0
58360 81
58363 0
58594 81
58753 0
58842 81
58849 0
58986 81
59052 0
59275 78
59377 0
59385 76
59445 0
59571 78
59642 0
59707 81
59935 0
59947 81
60000 0
60105 76
60498 0
60699 76
61100 0
61177 78
61399 0
61487 76
61991 0
62007 78
62105 81
62275 81
62385 81
62872 81
63123 0
63187 81
63223 0
63761 81
64159 0
64525 81
64625 76
64628 81
64654 76
64696 0
65052 78
65065 0
65088 81
65199 78
65240 78
65306 0
65460 81
65584 0
65759 81
66002 78
66176 81
66192 81
66441 0
66514 76
66754 78
66797 0
66838 78
67044 0
67158 81
67182 0
67260 76
67284 0
67457 81
67517 0
67585 76
67798 0
67803 81
67987 0
68134 81
68319 0
68378 78
68407 81
68521 0
68578 76
68624 0
69068 81
69276 76
69732 0
69750 81
69797 0
69862 78
70076 0
70454 78
70461 0
70693 76
70746 76
70801 0
70803 81
70930 0
71186 81
71225 0
71293 78
71336 0
71353 78
71737 0
71849 78
71853 0
71874 81
71938 0
72123 78
72425 0
72474 81
72564 0
72686 78
72823 0
72891 78
72951 0
73247 78
73569 0
73592 81
73687 0
73792 81
73980 0
74210 78
74280 0
74452 78
74537 0
74628 76
74881 0
74889 81
74988 76
75348 0
75416 81
75786 0
75798 78
75954 0
76012 81
76334 0
76660 78
76674 78
76692 0
76764 78
76871 0
76996 76
77078 76
77123 0
77160 76
77192 78
77197 0
77436 81
77720 81
77793 0
78355 76
78885 81
79117 0
79295 78
79359 0
79362 81
79760 81
79821 81
79917 78
80080 0
80175 76
80246 0
80278 81
80318 0
80367 81
80434 0
80790 76
80885 81
80922 0
80949 76
81015 76
81317 78
81331 0
81399 78
81446 0
81587 76
81693 0
81718 76
81777 78
81826 0
81869 81
81992 76
82050 76
82170 0
82867 78
82927 0
82967 76
83401 76
83527 76
83601 81
83646 0
83719 76
83866 0
84025 81
84263 76
84725 0
84753 81
84999 0
85006 78
85017 76
85028 0
85148 78
85161 81
85431 0
85633 81
85726 0
85745 78
85769 78
86192 0
86685 81
86704 0
86815 81
86817 76
86905 0
86929 81
87046 0
87388 76
87495 78
87614 0
87739 78
87759 0
87795 78
87990 76
88029 0
88080 81
88166 0
88290 76
88399 0
88667 81
88707 0
88953 81
89010 0
89050 81
89113 0
89144 81
89263 0
89298 81
89529 0
89700 78
89777 78
90028 78
90081 0
90483 78
90514 76
90522 0
90523 81
90736 0
90834 78
91161 0
91234 81
91277 0
91282 78
91746 0
92205 81
92346 0
92347 78
92510 0
92618 81
92733 0
92881 81
92894 76
92924 0
93330 76
93355 0
93375 81
93475 0
93546 78
93625 81
93734 0
93883 81
93951 0
94004 81
94162 0
94587 81
95018 0
95077 81
95142 0
95315 81
95507 78
95611 0
95637 76
95639 0
96017 78
96570 0
96579 81
96685 76
96713 0
97106 78
97162 78
97227 78
97381 81
97443 81
97512 0
97649 81
97656 0
97749 78
97876 0
97948 78
98112 0
98124 81
98336 0
98571 78
98598 0
98608 81
98623 0
98660 78
98791 0
98812 81
98921 0
98989 78
99038 81
99085 0
99147 76
99237 0
99393 81
99423 81
99549 81
99557 0
99596 78
99763 0
99771 78
99821 81
99886 0
840 events for 14
109 70
154 0
250 70
289 0
425 70
578 70
579 0
713 70
724 70
762 0
883 70
1002 70
1066 0
1361 70
1408 70
1697 70
1711 0
1715 70
1737 0
1740 70
1927 0
1966 70
1988 0
2174 70
2570 70
2722 0
2735 70
2769 0
2879 70
2929 0
3095 70
3127 70
3149 0
3319 70
3385 0
3422 70
3491 0
3508 70
3520 0
3524 70
3569 0
3630 70
3753 0
3852 70
3856 0
3980 70
4055 0
4092 70
4351 70
4549 0
4697 70
4970 0
5034 70
5091 0
5198 70
5357 0
5371 70
5524 0
5607 70
5762 0
5925 70
5944 0
5964 70
6236 70
6294 70
6370 0
6528 70
6557 70
6558 0
6582 70
6753 0
6899 70
7025 0
7097 70
7125 0
7422 70
7436 0
7471 70
7767 0
7986 70
8100 70
8122 70
8405 0
8442 70
8588 0
8605 70
8703 0
8872 70
9016 0
9103 70
9200 70
9359 0
9437 70
9703 70
9726 0
9858 70
9919 70
9972 0
10122 70
10127 0
10200 70
10202 0
10305 70
10434 0
10656 70
10669 0
10963 70
10985 0
11038 70
11131 0
11147 70
11153 0
11234 70
11283 0
11356 70
11695 0
11738 70
11744 0
11780 70
12476 70
12478 70
12569 0
12655 70
12691 0
12752 70
12771 0
12773 70
13030 70
13076 70
13123 0
13875 70
14037 70
14087 70
14335 70
14526 0
14608 70
14808 70
14903 0
15127 70
15404 0
15413 70
15646 0
15806 70
15875 70
15902 70
16070 0
16138 70
16143 0
16411 70
16678 0
16799 70
16868 0
17013 70
17377 0
17385 70
17503 0
17529 70
17588 0
17603 70
17736 70
17998 0
18156 70
18592 0
18653 70
18810 0
18835 70
18869 0
19006 70
19297 70
19407 0
19522 70
19566 0
19568 70
19582 0
19648 70
19693 0
19694 70
20098 0
20137 70
20363 0
20374 70
20380 0
20424 70
20429 70
20485 70
20493 70
20579 0
20806 70
20810 0
20867 70
20875 0
21209 70
21411 70
21720 0
21801 70
21818 0
21894 70
22132 70
22506 0
22612 70
22657 0
22671 70
22743 70
22956 0
23155 70
23219 0
23384 70
23604 70
23606 0
23676 70
23748 70
23907 0
24181 70
24204 0
24212 70
24227 0
24236 70
24357 0
24672 70
24711 0
24726 70
24773 0
24850 70
24879 70
24898 0
24932 70
25005 0
25090 70
25556 70
25570 70
25643 0
25736 70
25749 70
25764 0
25808 70
25852 0
26256 70
26267 70
26335 0
27067 70
27132 70
27224 70
27517 70
27959 0
27990 70
28043 0
28090 70
28265 0
28454 70
28457 0
28472 70
28900 0
29051 70
29082 70
29112 0
29350 70
29420 70
29427 0
29544 70
29571 0
29658 70
29675 0
29821 70
29857 0
29903 70
29934 0
30052 70
30118 0
30132 70
30159 70
30371 0
30399 70
30400 0
30430 70
30510 70
30566 70
30672 0
30888 70
31118 0
31184 70
31278 70
31553 0
31649 70
31770 70
31815 0
32068 70
32319 0
32340 70
32377 70
32402 70
32553 0
32610 70
32851 70
33020 70
33159 0
33166 70
33247 0
33354 70
33456 0
33482 70
33506 70
33508 0
33641 70
33687 0
33776 70
33914 70
34042 70
34076 70
34094 0
34102 70
34238 70
34243 0
34281 70
34297 0
34331 70
34429 0
34529 70
34635 0
34776 70
35129 70
35279 0
35280 70
35464 0
35539 70
35654 0
35695 70
36032 0
36285 70
36399 0
36568 70
36584 0
36629 70
36668 70
36716 70
36805 70
36933 70
36947 0
37128 70
37141 70
37167 70
37239 0
37292 70
37342 0
37345 70
37426 0
37545 70
37581 70
37664 0
38103 70
38233 0
38243 70
38646 70
38728 0
38771 70
39426 0
39498 70
39540 0
39836 70
39864 70
39929 0
39958 70
39980 0
40202 70
40205 70
40260 0
40561 70
40664 0
40684 70
40917 0
41009 70
41176 0
41225 70
41437 0
41442 70
42207 0
42430 70
42513 70
42578 0
42771 70
42974 0
43072 70
43365 0
43372 70
43522 0
43571 70
43623 0
43659 70
43846 0
44156 70
44490 0
44506 70
44594 0
44702 70
44878 0
45001 70
45063 0
45225 70
45251 70
45545 70
45547 0
45560 70
45580 0
45675 70
45747 0
45989 70
46011 0
46302 70
46381 0
46464 70
46947 0
46989 70
47204 0
47232 70
47235 70
47341 0
47635 70
47744 70
47814 0
47926 70
47977 70
48210 0
48216 70
48297 70
48353 70
48438 0
48525 70
48620 0
48632 70
48673 70
48698 0
48817 70
48864 0
49115 70
49140 0
49204 70
49367 70
49566 70
49755 70
49816 0
49858 70
50085 0
50096 70
50298 0
50358 70
50445 0
50723 70
50863 70
50956 0
51027 70
51245 0
51297 70
51413 0
51562 70
51596 0
51636 70
51781 0
51896 70
52140 0
52141 70
52181 70
52199 70
52310 0
52448 70
52704 70
53242 0
53243 70
53248 0
54130 70
54245 0
54255 70
54298 0
54316 70
54499 0
54562 70
54602 0
54830 70
54861 0
54907 70
55184 0
55331 70
55524 70
55599 70
55625 70
55707 70
55813 70
55923 0
55963 70
56272 0
56278 70
56322 0
56460 70
56823 0
57110 70
57122 0
57352 70
57628 0
57791 70
58194 0
58311 70
58313 0
58441 70
58561 70
58644 70
59204 0
59304 70
59377 0
59452 70
59509 0
59562 70
59846 70
59933 70
60248 0
60289 70
60366 0
60382 70
60430 0
60477 70
60599 0
60637 70
60746 70
60842 0
61028 70
61125 0
61139 70
61146 0
61148 70
61575 70
61616 0
61693 70
61909 0
61967 70
62011 70
62066 0
62103 70
62491 70
62762 0
62823 70
62878 70
62935 0
63044 70
63111 0
63118 70
63175 70
63406 70
63460 70
63683 70
63727 70
63925 0
64005 70
64150 70
64207 0
64285 70
64333 0
64673 70
64700 0
64752 70
64844 0
64858 70
65023 0
65310 70
65574 0
65635 70
65644 70
65685 70
65732 70
65800 0
65922 70
66111 70
66121 70
66122 70
66450 0
66576 70
66789 70
66847 0
66855 70
66866 70
66910 70
66931 0
67028 70
67045 70
67071 0
67081 70
67164 0
67218 70
67294 0
67314 70
67368 0
67526 70
67546 0
67615 70
67785 0
68150 70
68215 70
68431 0
68515 70
68865 0
69023 70
69100 0
69193 70
69210 0
69348 70
69773 0
69784 70
69787 70
69838 70
69870 0
69944 70
69988 0
70030 70
70371 70
70390 70
70443 70
70444 0
70671 70
70672 70
70765 0
70773 70
70820 0
70881 70
70971 0
70993 70
71122 0
71199 70
71292 70
71314 0
71358 70
71371 0
71410 70
71558 0
71656 70
71750 0
71987 70
72379 70
72472 0
72546 70
72763 70
72816 70
73153 0
73327 70
73390 0
73470 70
73752 70
73832 0
73983 70
74554 0
74690 70
74711 0
74803 70
74861 0
74890 70
74932 0
74942 70
74995 0
75055 70
75166 70
75238 70
75272 0
75373 70
75436 0
75450 70
75609 70
75692 0
76145 70
76383 70
76992 0
77148 70
77189 0
77401 70
77416 0
77481 70
77550 70
77744 70
77874 0
78244 70
78345 0
78496 70
78619 0
78734 70
79196 0
79199 70
79217 0
79409 70
79440 70
79709 0
79751 70
79980 70
80001 70
80003 70
80010 70
80042 0
80132 70
80201 70
80221 0
80363 70
80390 0
80604 70
80940 0
81071 70
81383 0
81488 70
81570 0
81698 70
81788 70
81905 0
81906 70
81955 0
81983 70
82138 0
82173 70
82276 70
82376 70
82527 0
82576 70
82604 70
82775 0
82847 70
82865 0
82969 70
83097 0
83101 70
83478 0
83497 70
83591 70
83698 70
83701 0
83707 70
83841 0
84039 70
84082 0
84191 70
84387 0
84448 70
84483 0
84738 70
84754 70
84790 70
85063 0
85241 70
85255 0
85590 70
85937 0
86163 70
86427 70
86775 0
86816 70
86939 70
87219 0
87259 70
87320 0
87447 70
87588 70
87621 0
87892 70
87953 0
88101 70
88377 70
88518 0
89049 70
89164 0
89269 70
89281 0
89393 70
89653 0
89876 70
90196 70
90263 70
90364 0
90867 70
91102 70
91161 70
91206 0
91318 70
91809 0
91812 70
91815 0
91852 70
91872 0
91993 70
92080 0
92115 70
92165 0
92183 70
92249 0
92410 70
92682 70
92736 0
92765 70
93061 0
93127 70
93205 0
94069 70
94072 0
94119 70
94177 0
94199 70
94200 0
94309 70
94413 0
94460 70
94877 0
95117 70
95167 70
95344 0
95430 70
95706 0
95891 70
95983 0
96040 70
96048 0
96123 70
96130 0
96442 70
96629 0
96840 70
96943 0
96949 70
96957 0
96979 70
97170 0
97222 70
97472 0
97827 70
98215 0
98308 70
98331 70
98392 70
98482 70
98595 70
98623 0
98809 70
98874 70
98935 0
98982 70
99259 0
99346 70
99453 0
99491 70
99742 0
99889 70
99906 0
817 events for 15
31 16
76 0
278 11
280 12
315 0
517 14
674 14
676 10
695 13
928 0
1044 14
1359 0
1612 10
1666 0
1689 14
1797 0
2074 10
2415 11
2462 0
2605 14
2894 0
2914 14
2940 0
3086 11
3119 16
3142 0
3205 10
3346 11
3429 10
3626 14
3719 16
3849 0
3874 14
3949 14
3960 0
4065 13
4103 0
4158 14
4268 14
4315 0
4464 14
4505 0
4596 10
4602 0
4644 10
4700 0
4867 14
4915 0
4940 14
5069 0
5085 14
5126 0
5215 13
5335 0
5352 10
5357 0
5440 16
5514 0
5726 11
5800 0
5809 14
6047 11
6303 0
6370 11
6445 0
6538 10
6827 0
7190 11
7203 16
7318 0
7354 12
7399 0
7416 14
7459 0
7533 13
7673 11
7699 0
7712 14
7937 0
8184 12
8291 0
8342 11
8364 0
8422 10
8452 12
8488 0
8700 16
8839 14
8841 0
8943 11
8954 10
8973 0
8976 12
9044 11
9133 0
9143 12
9157 0
9422 14
9594 0
9638 10
9687 0
9922 16
9923 0
10081 14
10245 0
10315 16
10504 0
10547 13
10664 0
10697 13
10946 12
10976 0
11126 13
11314 16
11509 0
12200 14
12296 0
12394 10
12526 0
12590 11
12738 0
12778 16
13093 0
13115 10
13268 0
13376 11
13527 12
13673 14
13704 0
13840 16
13886 0
14042 12
14233 0
14693 13
14958 0
15014 10
15080 0
15805 13
15833 0
15892 10
15937 13
16081 0
16108 10
16133 16
16154 0
16202 14
16443 0
16467 12
16475 0
16556 13
16659 0
16805 10
16828 0
17026 12
17206 12
17229 0
17248 11
17345 10
17461 0
17545 14
17655 0
17686 13
17784 0
17828 11
17840 0
17855 14
17896 0
18053 14
18193 14
18393 0
18440 10
18489 0
18532 16
18546 0
18599 14
18633 14
18669 0
18701 14
18853 0
19158 14
19179 0
19192 10
19423 0
19492 16
19572 12
19827 0
19940 14
20170 0
20575 14
20588 0
20728 14
21155 0
21476 14
21572 0
22020 11
22075 0
22198 12
22205 10
22322 0
22643 16
22659 0
22686 14
22717 14
22850 11
22954 0
23021 12
23063 0
23177 14
23365 0
23497 14
23518 0
23602 13
23734 0
23749 11
24002 0
24181 13
24462 0
24565 10
24719 0
24818 13
25396 0
25445 11
25737 0
25970 14
26154 0
26307 11
26440 0
26492 14
26691 10
26769 14
26813 0
27119 13
27167 0
27384 14
27484 0
27534 10
27660 0
27677 14
28002 11
28022 16
28125 13
28169 0
28311 10
28360 0
28367 11
28432 0
28463 10
28630 0
28690 10
28762 10
28796 0
28876 10
28900 0
29020 16
29076 0
29098 14
29183 0
29357 13
29432 14
29538 0
29637 11
29727 0
30052 10
30215 0
30465 13
30688 0
30742 16
30757 0
30824 10
30938 0
31013 11
31057 0
31104 14
31217 0
31469 11
31490 0
31595 11
31615 0
31686 11
31746 14
32049 0
32171 13
32333 0
32552 16
32714 14
32741 0
32810 14
33167 14
33170 0
33215 11
33410 0
33621 16
33686 0
34030 10
34312 10
34415 14
34561 14
34572 0
34810 13
34839 10
34914 11
35083 0
35157 14
35203 0
35213 12
35235 0
35242 12
35300 0
35338 11
35341 0
35527 10
35562 0
35986 14
36022 0
36354 14
36366 0
36626 14
36689 0
36762 16
37120 0
37156 14
37251 0
37288 11
37523 0
37863 10
37900 0
37956 10
37965 0
37996 10
38007 13
38011 0
38091 11
38257 0
38335 14
38365 0
38503 11
38598 0
38917 14
38968 14
39248 0
39394 10
39408 0
39445 10
39523 14
39582 0
39691 10
39883 11
40086 0
40181 10
40428 14
40506 0
40734 10
40961 0
41080 13
41162 0
41265 12
41567 0
41985 14
42036 0
42057 10
42426 0
42480 10
42571 14
42647 0
42843 14
42851 0
42890 11
42934 12
43174 0
43284 14
43354 0
43389 14
43390 0
43391 14
43764 0
43803 14
43848 0
43967 10
44225 14
44431 0
44482 14
44515 0
44547 14
44882 0
45416 14
45465 16
45640 13
45657 0
45885 16
45896 12
46005 0
46063 11
46140 0
46382 14
46656 11
47068 0
47136 11
47162 0
47235 11
47265 14
47332 11
47418 0
47483 12
47484 0
47523 10
47646 13
47694 11
48044 0
48338 11
48435 0
48558 14
48845 0
48997 10
49225 16
49421 16
49511 0
49695 10
49826 0
49845 14
49907 0
49957 10
50259 12
50272 14
50854 0
50872 13
51078 0
51766 14
51842 0
51852 11
51855 0
51891 11
51958 0
52139 13
52245 0
52259 11
52283 0
52487 12
52554 13
52608 14
52621 0
53069 14
53158 0
53302 16
53320 0
53325 12
53435 0
53458 14
53839 0
54002 10
54033 0
54060 14
54173 14
54384 14
54404 0
54421 16
54484 0
54633 14
54849 0
54909 11
54910 0
54988 12
55012 0
55118 12
55194 0
55451 10
55472 0
55508 13
55559 0
55742 14
56429 13
56555 0
56882 14
56955 10
57088 0
57258 14
57337 0
57518 13
57521 0
57687 14
57693 0
57774 13
57888 0
58121 14
58136 0
58158 14
58488 13
58498 0
58668 10
58698 0
58744 10
58990 0
59135 11
59149 14
59184 0
59343 16
59438 0
59553 10
59715 0
59717 14
59823 0
59835 14
59880 11
59987 16
60019 0
60123 14
60332 0
60424 10
60431 0
60617 10
60905 0
60945 10
60971 0
61222 11
61245 11
61555 0
61651 14
61758 14
61763 0
61764 12
62027 0
62281 16
62427 0
62746 14
62799 0
62949 12
63239 0
63565 14
63595 0
63620 14
63806 0
63924 11
63975 13
64130 0
64204 10
64348 0
64361 12
64396 14
64661 10
64848 16
65007 0
65065 13
65211 14
65224 11
65294 0
65305 16
65405 14
65689 0
65765 14
65908 16
65914 14
66210 0
66229 14
66276 0
66443 14
66521 14
66598 0
66888 11
67245 10
67246 0
67666 11
67668 0
67825 11
68148 14
68492 0
68508 11
68695 0
68716 16
68736 0
68750 10
68805 0
69020 10
69065 0
69117 13
69228 0
69235 14
69327 0
69556 16
69651 0
69737 10
69790 10
69795 0
70002 14
70092 0
70100 14
70103 0
70111 11
70148 0
70302 14
70336 11
70536 0
70658 11
70933 0
71041 10
71132 0
71367 14
71378 13
71402 10
71425 0
71428 10
71511 0
71636 14
71790 0
71935 14
71990 0
72033 10
72190 14
72261 0
72298 10
72774 0
72813 12
72965 14
73238 0
73295 14
73456 0
73919 11
74267 0
74280 11
74300 0
74313 11
74329 11
74579 0
74585 13
74940 0
74956 11
74967 0
75488 11
75641 0
75943 14
76077 11
76193 12
76393 14
76472 0
76620 11
77040 16
77215 16
77283 11
77344 11
77549 0
77573 14
77584 0
77597 16
77777 10
77794 0
77809 11
78129 0
78169 11
78246 0
78385 13
78423 0
78432 13
78497 0
78657 10
78666 14
78769 13
78871 0
78976 11
79148 0
79256 14
79406 0
79717 12
79883 0
80008 10
80611 14
80655 0
80726 12
80750 0
80757 12
80806 14
81112 0
81154 11
81221 0
81389 16
81670 0
81698 16
81738 0
81877 11
81904 11
82108 0
82128 14
82200 0
82657 10
82790 11
82845 0
83106 14
83182 0
83513 14
83514 0
83519 14
83898 11
83965 14
83987 0
84306 10
84677 13
84827 10
84852 0
84970 14
85000 0
85349 11
85369 13
85459 0
85634 16
85708 0
85757 14
85761 11
85791 0
85835 14
86026 14
86166 0
86270 11
86356 16
86458 0
86499 10
86570 0
86675 11
86798 14
86851 0
86901 11
87094 0
87167 11
87267 0
87305 16
87460 0
87697 11
87716 0
87858 14
87884 14
88041 0
88313 10
88528 0
88577 11
88697 14
88708 0
88793 11
88903 0
89285 12
89293 0
89311 11
89481 10
89727 14
89959 0
90045 11
90158 0
90451 12
90498 0
90504 11
90535 0
90540 16
90585 0
90658 13
90944 0
90959 11
91174 0
91300 10
91419 14
91548 13
91671 0
91692 11
91717 0
91984 13
92018 11
92255 14
92322 0
92374 16
92447 16
92568 0
92688 10
92926 0
92948 10
93430 16
93468 0
93580 14
93602 13
93696 0
93963 13
94135 0
94161 11
94168 10
94582 0
94664 14
94737 14
95137 16
95175 0
95657 10
95754 0
95789 10
95857 0
95909 16
95921 16
95937 0
96406 11
96430 0
96934 16
97109 0
97273 10
97346 0
97359 10
97455 0
97460 13
97629 0
97729 12
97789 10
98052 0
98363 11
98416 16
98437 0
98626 14
98723 14
98747 14
99079 14
99109 16
99140 16
99345 0
99423 10
99565 0
99697 12
99708 11
99779 0
