16 buffers
238011 18540
229790 43581
323728 33309
167519 9410
134300 25412
122745 19267
114291 11037
142232 194
124688 24886
82348 11448
241525 11673
122038 7830
205424 15219
246236 13122
180247 2217
174432 22939
60 downlinks
0 250 1667 722
1 1917 3334 702
2 3584 5001 585
3 5251 6668 590
4 6918 8335 626
5 8585 10002 740
6 10252 11669 517
7 11919 13336 558
8 13586 15003 685
9 15253 16670 577
10 16920 18337 638
11 18587 20004 599
12 20254 21671 607
13 21921 23338 679
14 23588 25005 554
15 25255 26672 670
16 26922 28339 525
17 28589 30006 725
18 30256 31673 704
19 31923 33340 730
20 33590 35007 648
21 35257 36674 709
22 36924 38341 674
23 38591 40008 754
24 40258 41675 697
25 41925 43342 569
26 43592 45009 535
27 45259 46676 655
28 46926 48343 663
29 48593 50010 549
30 50260 51677 513
31 51927 53344 668
32 53594 55011 518
33 55261 56678 655
34 56928 58345 706
35 58595 60012 672
36 60262 61679 591
37 61929 63346 743
38 63596 65013 630
39 65263 66680 681
40 66930 68347 606
41 68597 70014 546
42 70264 71681 621
43 71931 73348 689
44 73598 75015 651
45 75265 76682 712
46 76932 78349 653
47 78599 80016 655
48 80266 81683 613
49 81933 83350 703
50 83600 85017 600
51 85267 86684 753
52 86934 88351 702
53 88601 90018 590
54 90268 91685 678
55 91935 93352 595
56 93602 95019 699
57 95269 96686 750
58 96936 98353 687
59 98603 100020 746
761 events for 0
142 68
378 72
397 0
437 72
502 68
899 68
1216 0
1313 72
1361 0
1443 72
1460 68
1562 72
1787 0
1820 68
1838 0
1849 73
1859 73
1863 68
2157 72
2196 0
2246 72
2542 0
2750 68
2765 0
2839 72
2866 73
3046 72
3064 0
3258 72
3469 0
3696 68
3767 0
4188 68
4214 0
4334 68
4369 0
4471 68
4481 0
4553 72
4657 0
4806 72
4877 0
4883 73
4985 68
5042 68
5277 73
5469 0
5508 68
5739 0
5880 72
5951 0
6012 68
6219 0
6226 68
6236 0
6930 72
6996 0
7156 72
7178 0
7302 68
7320 0
7450 73
7787 0
7939 72
8076 72
8432 0
8461 72
8576 0
8717 72
9112 0
9366 68
9371 0
9410 73
9472 0
9490 72
9660 68
9786 72
9871 68
9985 73
10004 72
10382 0
10426 73
10453 0
10572 73
10580 0
10598 72
10745 0
11127 68
11218 0
11325 68
11360 0
11418 73
11531 0
11861 72
11866 0
11881 72
11902 0
11981 72
12101 72
12184 0
12235 68
12322 0
12326 72
12419 0
12438 68
12511 72
12520 0
12678 72
12751 73
12916 0
13002 72
13076 0
13747 68
14400 0
14740 68
14769 72
14838 0
15063 73
15121 0
15512 68
15622 68
15661 73
15725 0
15806 72
15955 0
16468 73
16481 0
16647 72
16830 0
17233 73
17255 0
17354 73
17366 0
17382 68
17388 0
17464 73
17528 0
17551 72
17583 68
17627 0
17965 72
18187 0
18285 73
18305 0
18376 72
18407 72
18410 0
18580 68
18602 0
18882 73
18887 0
19233 68
19471 72
19545 0
19573 72
19835 0
19838 72
19929 0
20087 68
20251 0
20384 72
20529 0
20612 72
20640 73
20721 0
21052 72
21089 0
21119 73
21164 0
21325 73
21398 73
21403 68
21437 0
21471 68
21477 68
21506 0
21598 68
21869 0
22090 68
22165 0
22194 68
22268 0
22561 73
22606 0
22620 68
22778 0
23130 72
23163 72
23210 0
23232 68
23401 0
23710 68
23882 0
23987 72
24388 0
24458 68
25053 0
25123 73
25161 72
25173 0
25294 68
25354 0
25564 68
25574 0
25636 68
25693 0
25744 68
25840 0
25858 68
26264 0
26350 72
26465 0
26706 68
26813 68
26854 0
26919 72
27032 0
27049 73
27121 0
27170 72
27194 0
27244 72
27413 68
27533 0
27648 73
27660 0
27744 72
27776 0
27913 72
27940 68
27964 0
28105 68
28116 0
28119 72
28217 0
28350 68
28354 0
28472 73
28613 0
28729 68
28966 0
29027 72
29295 0
29376 73
29992 68
30045 0
30174 68
30213 68
30318 0
30326 73
30341 68
30492 0
30926 68
31017 0
31072 72
31095 0
31124 72
31458 0
31481 68
31532 0
31779 72
31856 0
31941 72
32062 0
32162 72
32211 0
32347 72
32557 0
32559 72
32992 72
33226 0
33283 72
33311 0
33401 68
33502 0
33630 68
33708 0
34107 68
34127 0
34199 72
34408 68
34711 0
34743 73
34783 0
34797 72
34890 0
34973 73
35075 0
35251 68
35277 0
35571 68
35744 0
35771 73
35864 73
36012 0
36020 72
36050 0
36537 72
36767 0
36986 72
37028 0
37054 73
37057 0
37071 73
37166 72
37195 73
37338 72
37424 0
37554 72
37586 73
37839 0
37894 68
38336 0
38352 72
38714 72
38930 0
39047 68
39455 0
39747 73
39776 0
39893 72
40055 0
40185 68
40770 68
40772 73
40845 0
40896 68
40905 68
40943 0
40980 72
41085 0
41498 73
41549 72
41968 0
41982 68
42070 72
42291 0
42347 68
42894 68
43124 68
43193 0
43337 68
43650 0
43698 73
43924 0
44297 68
44327 0
44629 68
44632 72
44711 0
44862 72
45509 0
45894 68
45942 0
46089 68
46214 0
46366 72
46419 0
46886 72
46934 72
47032 68
47124 0
47225 72
47275 0
47289 73
47552 0
47578 68
47644 0
47669 68
47761 73
47963 72
47968 0
48100 73
48204 0
48211 68
48248 0
48332 72
48431 0
48639 73
48957 0
48966 68
49151 72
49261 72
49330 0
49408 72
49538 0
49643 72
49772 0
49830 73
49886 0
50350 73
50367 0
50438 72
50584 0
50598 68
50634 0
50767 72
51057 0
51255 72
51424 0
51618 72
51631 72
51800 0
51946 68
51963 72
51975 73
52095 68
52197 0
52351 72
52353 0
52365 72
52422 0
52504 73
52582 0
52608 72
52624 0
52713 72
52837 0
52911 68
53064 0
53152 72
53309 0
53569 72
53576 0
53605 68
53622 68
53651 72
53860 0
53891 68
53960 68
53981 0
54315 72
54350 0
54410 73
54551 0
54644 73
55058 0
55326 68
55460 73
55710 0
55721 72
55835 0
56187 73
56439 0
56481 72
56498 0
56559 72
56951 0
57392 72
57573 0
57665 72
57875 0
58334 68
58445 73
58456 0
58458 72
58712 0
58714 68
58802 0
59050 68
59075 0
59295 73
59525 0
59599 72
59612 68
59655 0
59770 68
59800 0
59877 68
59979 68
60110 0
60376 72
60468 0
60946 72
61121 0
61139 73
61201 0
61229 68
61761 0
61795 72
61874 0
62581 73
62631 72
62769 72
63137 0
63209 72
63294 0
63367 68
63475 0
63648 73
63748 0
63835 68
64096 0
64141 68
64267 72
64328 0
64516 72
64663 0
64736 73
65019 68
65645 0
66144 72
66285 0
66289 68
66325 72
66393 72
66505 72
66634 0
66691 68
67041 72
67066 0
67083 72
67152 0
67280 68
67399 0
67645 72
67713 0
67758 68
67830 0
67914 72
67988 0
68087 72
68248 68
68256 0
69118 68
69439 0
69469 72
69587 0
69771 68
69779 72
69885 0
70271 72
70469 0
70761 73
70830 68
70838 0
70934 73
71145 0
71146 72
71593 68
71688 0
71899 68
71966 0
72089 72
72093 72
72221 68
72374 0
72538 73
72659 0
73007 68
73102 68
73164 73
73288 0
73342 72
73585 0
73721 68
73793 0
73804 72
73946 0
74011 73
74094 73
74147 0
74354 73
74372 0
74475 72
75042 73
75361 0
75761 72
75874 0
76122 68
76250 0
76304 72
76386 0
76388 72
76390 0
76397 68
76775 0
76851 73
76872 0
76889 73
77129 0
77166 73
77232 68
77331 68
77346 72
77645 68
77692 0
77877 68
78086 0
78148 68
78298 72
78630 0
78667 73
78705 0
78978 72
79207 0
79363 68
79426 0
79530 68
79547 0
79647 72
79682 68
79858 73
79900 0
80090 72
80095 0
80335 72
80405 0
80456 68
80609 0
80669 72
81161 0
81312 73
81331 0
81362 68
81452 68
81598 0
81794 68
82070 72
82326 73
82408 0
82433 68
82487 0
82543 73
82553 72
82720 0
82924 72
82975 72
83152 0
83168 72
83338 0
83344 68
83480 0
83502 68
83755 0
83758 68
83891 0
83899 72
83964 0
84011 72
84728 0
84967 68
84984 0
85049 72
85329 68
85733 0
85807 72
85871 72
85894 0
85988 72
86007 0
86108 72
86162 0
86213 72
86343 0
86642 73
86718 0
86727 72
86905 68
86951 0
86959 68
86979 72
87136 0
87141 68
87210 0
87369 72
87371 0
87879 68
88051 0
88279 72
88380 72
88609 68
88905 0
89198 68
89591 0
89700 72
89757 73
89773 0
89785 72
89911 0
90176 68
90290 72
90392 0
90653 68
90877 0
90946 68
90969 68
91040 0
91051 68
91073 68
91123 0
91304 73
91391 68
91422 0
91575 68
91844 0
91845 73
91852 0
91968 72
92018 0
92025 68
92061 0
92124 72
92638 0
92806 72
92811 68
92819 0
93221 68
93254 68
93393 68
93501 0
93595 72
93649 72
93659 0
93994 72
94168 0
94577 73
94739 0
94922 68
94942 0
95227 68
95456 73
95486 0
95649 68
96031 72
96062 68
96312 0
96384 68
96445 0
96603 72
96898 68
97094 0
97174 72
97180 0
97337 73
97562 0
97568 72
97632 0
97703 72
97888 68
98094 0
98139 73
98787 0
99041 73
99162 72
99179 0
99196 72
99281 0
99303 73
99320 0
99408 68
99436 0
99671 72
99698 0
99713 68
99725 0
99726 72
99737 0
99891 72
99907 0
99977 72
971 events for 1
25 99
109 0
292 93
364 0
376 96
387 96
447 93
733 0
790 93
852 96
925 0
1119 96
1127 0
1156 99
1232 0
1283 99
1465 97
1582 0
1754 96
1807 0
1878 99
1953 99
2574 0
2586 96
3019 99
3131 0
3415 99
3458 99
3500 0
3601 99
3627 0
3671 99
3761 0
3781 99
3864 0
3888 99
4032 96
4035 0
4138 96
4169 99
4184 0
4299 96
4306 0
4395 96
4514 99
4837 0
4870 99
5495 96
5633 99
5702 97
5735 0
5762 99
5962 0
6118 96
6185 0
6235 96
6286 0
6410 96
6468 0
6471 96
6776 0
6865 96
6876 0
6954 93
7576 99
7645 93
7817 0
7885 96
8033 96
8170 0
8327 97
8397 96
8410 0
8454 96
8544 0
8612 96
8668 96
8829 96
8839 0
8856 96
9058 93
9118 0
9127 96
9194 99
9299 0
9302 96
9416 97
9600 0
9631 99
9654 96
9680 96
9728 0
9746 99
9816 0
10023 99
10088 0
10240 99
10285 0
10290 99
10408 0
10543 99
10838 0
10859 97
10927 96
11055 0
11235 96
11287 0
11393 96
11403 0
11474 99
11750 99
11864 96
11915 0
11920 96
12033 99
12221 96
12358 0
12638 99
12916 99
13423 99
13717 0
13726 96
13863 0
13866 93
13884 0
14136 96
14244 0
14247 96
14289 0
14296 99
14476 0
14530 99
14727 0
14777 97
14826 0
15059 99
15166 93
15199 0
15486 99
15640 0
15701 97
15867 0
16015 96
16102 96
16154 0
16161 96
16438 0
16497 99
16520 0
16575 99
16618 0
16787 93
16795 0
17045 99
17216 0
17222 99
17376 0
17543 96
17566 0
17575 96
17612 0
17621 96
17754 0
17935 93
18025 0
18313 99
18586 96
18947 93
19056 0
19245 99
19333 99
19434 0
19585 97
19608 0
19705 96
19781 0
19785 93
20394 0
20482 99
20822 0
21140 96
21280 0
21342 99
21352 0
21426 96
21512 99
21604 0
21888 96
22008 0
22029 96
22037 0
22147 99
22239 0
22486 93
22547 0
22802 96
22824 0
22847 99
22849 99
22853 0
22914 99
22926 0
23016 96
23103 0
23180 99
23260 0
23290 99
23593 96
23603 0
23945 96
24211 0
24267 96
24465 0
24551 97
24566 0
24618 99
24641 97
24695 0
24983 96
25044 0
25311 96
25379 99
25521 0
25655 99
25741 0
25777 97
26031 0
26065 96
26597 0
26643 96
26644 0
26711 96
26761 0
26763 96
26780 99
26991 0
27208 97
27243 0
27387 99
27402 96
27494 0
27634 96
27646 0
27688 93
27742 96
27795 0
27897 93
28073 0
28148 96
28236 96
28265 0
28355 99
28586 97
28670 0
28821 96
28852 0
29054 96
29255 0
29327 99
29330 0
29455 99
29528 0
29859 99
29993 0
30124 96
30144 0
30169 96
30351 0
30433 96
30456 0
30543 99
30748 0
30787 93
30910 0
31009 93
31082 0
31266 96
31497 0
31584 97
31799 99
31939 0
32101 96
32312 0
32540 97
32576 0
32614 97
32725 96
33335 0
33407 96
33619 0
33749 96
33753 99
33888 0
33929 96
33973 0
33994 99
34051 0
34246 96
34373 0
34405 96
34412 96
34422 0
34473 96
34478 0
34542 96
34590 0
34827 97
35045 0
35105 96
35142 0
35157 96
35206 0
35237 96
35564 0
35722 96
35768 0
35799 99
35804 0
36026 96
36461 93
36522 0
36536 99
36585 0
36667 99
36772 93
36851 0
37000 96
37033 0
37145 96
37150 0
37156 96
37203 0
37256 96
37791 0
37851 96
37920 96
38109 0
38156 96
38272 0
38321 93
38351 97
38379 0
38474 96
38504 0
38571 96
38588 0
38625 96
38732 0
38785 99
38860 97
38905 0
38969 96
38995 99
39140 0
39161 99
39184 0
39335 96
39341 0
39358 97
39397 99
39450 0
39564 99
39618 97
39674 0
39681 93
39880 93
40067 0
40209 96
40262 96
40333 0
40371 96
40612 99
40673 0
40743 96
40748 99
40750 0
41017 99
41063 0
41123 96
41278 0
41286 96
41305 96
41333 0
41416 99
41470 0
41471 93
41613 0
41614 99
41627 96
41886 99
41966 97
41967 0
42035 93
42080 0
42081 93
42128 0
42204 99
42275 0
42356 96
42358 97
42463 0
42571 96
42735 0
42754 96
42897 0
42941 96
42966 96
42973 99
43023 0
43038 97
43042 0
43100 99
43130 99
43157 0
43166 96
43270 0
43359 96
43497 96
43536 0
43925 96
44149 0
44228 96
44280 0
44310 99
44376 0
44449 96
44504 99
44543 99
44703 0
44719 96
44731 0
44910 96
44919 0
45072 96
45166 0
45337 99
45389 0
45406 99
45463 0
45493 96
45772 0
45854 96
45860 0
45878 99
45948 0
45955 96
46038 97
46462 0
46584 97
46605 96
46618 0
46727 97
46809 99
46871 0
46876 96
46880 96
46891 0
46909 96
46963 0
47144 99
47240 0
47463 96
47557 0
47588 99
47624 93
47831 0
47873 97
48136 93
48232 0
48457 97
48510 0
48666 99
48667 93
48804 0
48812 93
48874 93
49023 0
49075 96
49159 0
49228 96
49251 96
49446 0
49529 99
49872 0
49888 96
49904 0
49924 99
50052 99
50075 0
50086 96
50224 97
50251 0
50419 96
50438 0
50569 99
50639 0
50669 96
50673 96
50766 0
50813 96
50965 0
51014 93
51100 0
51143 93
51160 96
51301 0
51342 96
51369 0
51395 96
51427 97
51435 0
51465 96
51643 0
51745 96
51808 93
51941 0
51954 99
52007 0
52109 99
52129 0
52215 96
52257 0
52269 99
52373 0
52456 96
52481 0
52968 96
53043 0
53075 99
53230 0
53236 97
53276 0
53328 96
53348 96
53463 0
53509 99
53726 0
53885 93
53966 96
53999 0
54061 97
54127 0
54315 99
54388 0
54504 93
54555 0
54565 96
54660 0
54728 99
54795 0
54931 97
55335 0
55440 96
55479 0
55513 99
55918 0
55934 93
55951 0
55964 96
56048 0
56055 96
56122 0
56363 96
56740 96
56783 99
56891 0
57057 99
57150 96
57165 0
57208 97
57663 0
57786 99
57806 0
58003 97
58012 0
58289 97
58361 0
58543 99
58563 0
58585 99
58829 0
58944 99
59170 0
59500 99
59562 0
59654 96
59656 96
59713 0
59766 93
59841 0
59909 99
59935 0
60040 99
60173 0
60221 96
60433 0
60629 96
60703 96
61068 0
61214 96
61337 0
61384 99
61562 0
61833 96
61895 0
61959 96
62311 0
62337 96
62430 93
62473 0
62630 96
62780 99
62857 0
63262 96
63264 0
63341 96
63530 99
63614 0
63636 96
63819 93
63829 0
63926 93
63971 96
64097 0
64115 96
64123 0
64173 99
64216 0
64295 99
64330 0
64357 99
64707 96
64855 0
64871 99
64904 0
64938 99
64952 0
65009 99
65180 0
65311 99
65328 0
65352 99
65424 99
65430 0
65534 99
65561 99
65582 0
65696 99
65982 0
66066 99
66107 0
66166 96
66176 0
66203 96
66252 97
66407 0
66506 93
66583 0
66886 96
67031 99
67036 0
67301 93
67302 0
67392 96
67423 0
67445 96
67513 0
67556 93
67589 96
67618 0
67634 99
67675 0
67676 99
68128 93
68163 0
68215 99
68342 0
68605 96
68725 93
68919 0
68940 99
69018 93
69038 0
69067 99
69081 0
69125 93
69223 99
69475 0
69501 96
69505 0
69556 96
69791 96
69856 0
69923 96
70036 0
70386 96
70537 96
70788 0
71344 99
71362 0
71529 96
71555 0
71626 96
71661 0
71972 96
72416 97
72483 0
72620 96
72891 0
72984 93
73203 0
73544 97
73550 0
73615 96
73640 0
73793 96
74074 0
74259 96
74670 0
74760 99
74798 0
75127 96
75133 0
75223 96
75271 93
75328 0
75482 96
75511 0
75634 99
75696 0
75750 97
75866 0
75887 93
75955 99
76139 96
76192 0
76316 96
76365 96
76610 0
76837 99
76892 0
76903 99
76995 0
77137 96
77157 97
77187 0
77227 93
77327 0
77355 97
77385 0
77427 96
77468 96
77527 0
77688 99
77738 99
77756 0
77844 99
77855 0
77968 99
78018 0
78107 96
78136 96
78365 0
78570 96
78580 0
78612 93
78715 0
78753 97
78802 96
78837 0
78853 97
78903 0
78966 93
78984 0
79091 96
79230 93
79437 0
79885 96
79891 0
79966 93
80034 0
80305 99
80341 0
80418 96
80495 96
80995 0
81172 96
81414 97
81506 0
81545 99
81548 0
81556 96
81636 0
81747 96
81795 99
81890 0
81903 96
82182 99
82220 0
82331 99
82430 0
82573 99
82763 0
82860 99
82882 99
83280 0
83399 96
83523 0
83637 96
83883 0
83975 96
84049 0
84148 96
84166 0
84275 99
84311 0
84525 96
84653 99
84891 0
84982 99
85019 99
85041 0
85079 96
85451 0
85512 96
85533 96
85740 0
85786 96
85820 96
86476 0
86560 96
86617 0
87072 96
87078 0
87106 96
87147 0
87169 99
87175 96
87246 99
87269 96
87289 0
87298 99
87353 99
87589 96
87595 0
87686 97
87793 0
88239 99
88333 0
88350 99
88741 99
88746 0
88766 96
88844 0
88853 99
88890 0
88891 96
88916 0
89056 96
89159 93
89210 99
89217 0
89220 96
89304 99
89550 0
89603 96
89848 0
90028 99
90117 0
90157 96
90193 96
90201 0
90221 96
90316 0
90411 97
90478 0
90892 99
91148 96
91193 96
91195 96
91213 0
91214 96
91231 0
91304 99
91353 0
91367 99
91471 0
91609 97
91713 0
91946 96
92028 0
92271 96
92363 99
92518 0
92599 96
92717 0
92825 96
92918 0
93003 93
93127 96
93228 99
93244 96
93394 99
93480 97
93495 0
93621 96
93634 0
93783 96
93911 99
93972 99
94005 0
94029 99
94132 0
94159 99
94307 0
94319 96
94333 0
94337 96
94463 0
94605 99
94613 0
94650 96
94696 0
94828 99
94852 0
94943 99
94950 99
95134 0
95379 99
95380 99
95517 0
95557 97
95581 96
95716 99
95732 99
96034 0
96466 99
96750 0
96793 96
96895 0
96961 93
96964 0
96975 96
97001 0
97034 99
97038 0
97202 96
97245 0
97546 93
97931 0
98000 99
98172 0
98273 96
98299 0
98344 97
98385 96
98409 0
98592 96
98720 0
98824 96
99064 0
99457 99
99496 0
99578 99
99579 0
99624 99
99664 96
99716 0
99730 96
99753 0
99934 99
755 events for 2
281 86
285 86
314 0
415 91
558 86
584 0
604 83
726 0
846 91
907 0
915 86
996 0
1205 83
1214 0
1302 86
1417 0
1421 83
1485 0
1902 86
1994 0
2018 86
2146 91
2172 0
2197 91
2390 0
2576 86
2725 0
2808 86
2862 0
3117 83
3288 0
3290 83
3441 0
3538 86
3962 0
4016 86
4470 0
4523 91
4755 83
5203 0
5310 86
5478 0
5516 86
5551 0
5574 86
5606 83
5725 0
5729 86
5837 86
6012 0
6107 91
6152 0
6194 91
6398 0
6543 86
6545 0
6664 86
6682 0
6715 86
6797 0
6868 83
7051 0
7087 83
7162 0
7290 83
7388 0
7489 91
7608 91
7642 91
8132 91
8143 91
8158 83
8419 91
8934 0
9101 86
9191 0
9285 83
9359 0
9362 83
9753 0
9851 86
10054 0
10111 86
10175 0
10241 86
10250 0
10660 91
10686 86
11107 91
11552 0
11616 86
11623 0
11656 91
11681 0
11799 91
11841 0
11905 91
12200 0
12545 86
12581 91
12587 0
12711 86
12757 0
12796 86
12825 83
12857 0
12900 86
13139 0
13170 86
13202 86
13231 91
13310 0
13428 91
13548 0
13618 91
13688 0
13788 86
13832 0
14015 91
14211 0
14491 91
14516 0
14731 86
14778 91
14967 0
15156 91
15570 0
15761 86
15811 83
16032 0
16174 83
16520 0
16980 86
17093 83
17412 0
17420 91
17513 0
17556 83
17608 0
17614 86
17623 0
17762 83
18031 0
18082 86
18187 83
18274 0
18336 83
18348 0
18737 91
18987 86
19512 83
19515 0
19526 91
19744 0
19774 86
19851 91
19890 86
19989 91
20049 0
20538 83
20577 0
20725 91
20761 86
21118 83
21182 0
21292 86
21386 0
21494 86
21632 0
21646 91
21835 0
21894 83
21922 0
22194 91
22251 0
22267 86
22288 0
22383 83
22635 86
22867 0
23192 83
23243 91
23899 0
24133 86
24226 0
24268 83
24381 0
24461 86
24472 0
24558 91
24644 0
25126 91
25228 0
25265 83
25482 0
25582 86
25661 0
25741 86
26045 86
26221 83
26269 91
26323 0
26419 86
26476 86
26528 83
26603 83
26677 0
26855 83
26926 0
26990 86
27086 0
27250 91
27471 0
27548 86
27557 86
27672 0
27683 86
27745 0
28069 83
28432 0
28532 91
28713 0
28755 83
29232 0
29238 83
29280 0
29292 86
29652 86
29946 0
29979 83
30066 0
30221 83
30261 0
30276 86
30532 0
30609 86
30721 0
30807 91
30903 86
30998 0
31042 83
31064 91
31324 86
31407 0
31487 91
31757 0
31777 83
31838 0
31890 91
31991 0
32176 86
32180 0
32185 86
32232 0
32283 86
32837 0
33008 91
33032 86
33117 86
33269 0
33380 86
33565 86
33774 91
34112 83
34179 86
34197 0
34463 91
34662 86
34790 0
34844 86
34975 0
35155 86
35181 0
35246 83
35348 0
35412 83
35510 83
35516 0
35836 86
35928 0
35964 83
35977 0
36146 83
36181 0
36423 86
36540 0
36611 91
36620 0
36782 91
36938 0
37047 91
37233 0
37496 91
37510 0
37674 86
37685 0
37917 86
37999 0
38049 86
38056 0
38556 91
38572 86
38712 0
38728 86
38778 0
38892 86
38931 0
39167 86
39422 0
39847 86
40046 0
40064 91
40073 86
40176 0
40414 86
40427 83
40614 83
40945 0
40962 91
40986 0
41255 91
41332 86
41824 0
42068 91
42092 86
42259 91
42278 0
42403 91
42404 0
42472 86
42708 0
42742 91
42754 91
42884 86
42888 0
43023 86
43119 0
43167 83
43329 0
43475 91
43497 0
44886 86
45025 91
45323 83
45389 86
45425 0
45460 86
45630 86
45658 0
45689 86
46117 0
46319 86
46447 0
46469 86
46565 0
46873 91
47182 0
47207 83
47240 0
47358 91
47359 0
47390 91
47424 0
47438 83
47580 0
47813 86
47848 86
48186 0
48272 83
48294 0
48498 86
48512 86
48680 91
48725 0
48749 91
48758 0
49001 91
49151 86
49290 86
49593 0
49625 83
49696 0
49728 83
49770 0
49918 91
49952 0
50208 86
50227 0
50304 83
50320 0
50456 86
50593 83
51009 86
51135 0
51209 86
51235 0
51238 86
51289 0
51344 91
51377 0
51554 91
51658 0
51922 91
51995 0
52087 86
52172 86
52180 0
52245 86
52493 0
52674 86
52719 0
52814 86
52816 86
52927 0
52930 86
53064 83
53101 0
53155 91
53258 0
53320 86
53366 91
53766 0
54054 86
54151 83
54206 0
54296 91
54331 83
54372 0
54452 86
54479 86
54660 0
54923 86
55134 0
55151 86
55396 0
55772 86
55836 0
55951 86
56180 0
56203 91
56220 0
56299 86
56542 0
56746 83
56775 83
56861 0
57030 91
57183 0
57213 83
57436 0
57596 86
57960 0
58072 86
58093 83
58492 0
59272 91
59327 0
59564 91
59730 0
59964 91
60021 91
60116 0
60139 91
60240 86
60354 0
60382 86
60386 0
60412 91
60499 0
60540 83
60722 0
60865 86
60881 0
60945 83
61096 0
61542 86
61672 0
61798 86
62155 0
62157 86
62199 0
62368 86
62477 0
63026 86
63225 0
63315 86
63668 0
63730 86
63760 0
63952 91
63989 91
64108 86
64211 0
64282 86
64285 86
64406 86
64420 0
64676 86
64745 0
64983 83
65052 0
65062 91
65235 0
65340 83
65379 0
65392 91
65427 0
65613 83
65827 86
65830 0
65837 91
66036 0
66075 86
66711 0
66730 91
66880 0
67018 91
67118 91
67210 0
67388 86
67779 86
67802 86
68259 91
68341 0
68394 91
68435 86
68685 0
68975 86
69216 86
69331 0
69357 86
69386 86
69423 0
69514 83
69702 0
69913 83
70592 0
70631 86
70748 0
70775 91
70878 0
70967 86
71172 0
71244 86
71275 0
71951 86
72232 0
72337 86
72602 0
72723 86
72757 91
73011 86
73085 0
73325 86
73668 91
73845 0
73867 86
73883 0
74078 86
74210 86
74247 0
74397 86
74411 0
74809 91
75011 91
75118 0
75273 86
75401 0
75415 83
75420 0
75744 83
75782 0
76309 86
76569 0
76902 86
76908 0
77156 86
77414 91
77470 83
77673 83
77811 0
77812 83
77835 0
77938 86
78131 0
78195 91
78310 86
78512 0
78684 86
78711 0
78756 86
78794 0
78932 83
79074 86
79079 0
79172 86
79188 86
79344 0
79375 83
79389 0
79648 91
79707 0
79856 91
79940 0
80009 86
80158 0
80208 91
80227 86
80500 0
80588 86
80650 0
80695 86
80832 0
80895 86
80911 86
80979 0
81053 86
81167 0
81175 83
81364 0
81400 86
81593 0
81597 86
81648 86
81675 0
81772 86
81856 86
81959 91
82021 0
82046 91
82071 83
82133 0
82273 83
82510 0
82579 91
82635 86
82990 0
83052 86
83218 86
83399 0
83512 86
83820 0
83946 86
84218 0
84401 86
84442 0
84555 91
84781 83
85203 86
85420 0
85460 86
85657 0
85767 86
85821 0
85889 86
85962 86
85985 0
85997 86
86072 86
86262 0
86269 86
86687 0
87212 83
87631 86
87632 86
87652 0
88137 91
88229 0
88255 91
88800 0
88835 91
89013 0
89123 86
89460 91
89608 0
89811 86
89896 86
90021 0
90189 86
90274 0
90359 86
90535 0
90565 83
90970 0
91239 83
91514 0
91570 86
91600 83
91917 0
92036 91
92126 0
92323 91
92395 0
92482 86
92842 83
92853 91
93271 0
93283 83
93510 0
93772 86
93947 0
94016 83
94092 83
94141 0
94165 91
94319 0
94418 86
94705 0
94862 83
94863 86
94898 0
94903 86
95120 0
95144 86
95150 0
95180 86
95304 91
95443 0
95665 91
95706 83
95767 0
96103 86
96170 0
96330 86
96579 0
96852 86
96998 0
97086 91
97293 0
97404 86
97504 86
97598 86
97677 0
97852 86
97975 0
98167 91
98202 0
98240 83
98280 0
98364 86
98418 0
98441 83
98499 83
98529 86
98776 0
98903 83
98936 86
99167 91
99236 0
99294 83
99349 0
99525 86
99552 86
99613 0
99642 86
964 events for 3
70 45
115 0
270 61
367 0
414 35
429 0
436 61
567 0
601 61
645 35
747 0
966 35
1088 0
1109 35
1169 0
1207 35
1358 0
1395 45
1401 45
1862 35
1977 0
2197 45
2247 0
2295 61
2326 45
2334 0
2384 45
2528 0
2685 45
2799 0
2829 61
3030 0
3169 35
3193 0
3218 35
3237 61
3372 0
3427 35
3563 0
3698 45
3888 0
3902 61
4127 45
4393 0
4477 45
4741 0
4836 61
4839 0
4857 35
4900 0
5060 61
5247 0
5349 45
5368 0
5473 45
5495 0
5539 35
5583 0
5610 45
5820 0
5894 61
5995 0
6045 61
6203 0
6338 61
6490 0
6548 61
6638 0
6662 61
6663 0
6752 61
6869 45
6888 0
6965 45
6987 0
7121 45
7168 61
7224 0
7262 35
7603 61
7743 0
7925 61
8130 0
8150 35
8161 0
8245 61
8374 61
8396 0
8453 45
8466 0
8504 45
8704 0
8751 35
8853 0
8983 61
9127 35
9181 0
9317 61
9370 0
9390 45
9411 0
9569 45
9882 35
9888 35
10148 0
10211 61
10228 0
10370 35
10388 0
10686 35
10703 0
10709 45
10747 0
10800 45
11067 0
11142 45
11298 0
11497 35
11520 61
11595 0
11667 61
11722 45
11818 0
12037 35
12239 45
12305 0
12535 35
12540 0
12612 35
12646 0
12726 61
12826 0
13430 61
13433 0
13731 45
13989 0
14036 35
14120 0
14169 35
14216 45
14229 0
14267 45
14301 35
14365 0
14610 61
14674 0
14818 61
14852 0
14911 35
15004 0
15110 35
15232 45
15704 61
15722 0
15780 61
15907 35
15979 0
16011 61
16200 61
16296 0
16340 45
16460 0
16695 45
16711 0
16819 61
16963 0
17038 61
17067 35
17409 0
17442 35
17466 0
17544 45
17785 35
17794 0
18104 45
18534 0
18611 45
18870 0
18881 35
19033 35
19069 0
19169 35
19192 0
19741 35
19958 45
19969 45
19973 45
19985 0
20584 35
20640 61
20727 61
20732 0
20910 45
20980 61
21288 0
21408 61
21472 0
21489 35
21564 0
21689 35
21872 45
22021 45
22078 45
22440 35
22547 0
22688 45
22747 0
23030 45
23056 0
23338 35
23370 61
23439 61
23451 0
23453 35
23519 0
23617 35
23623 61
23629 0
24055 61
24208 0
24486 61
24530 45
24557 0
24603 45
24650 0
24732 61
24824 45
25017 0
25081 61
25157 45
25177 0
25270 45
25349 0
25389 61
25504 61
25530 0
25537 61
25852 0
25950 45
26134 0
26770 61
26880 45
26881 0
26915 61
27009 0
27103 35
27378 45
27969 0
28165 35
28198 0
28236 61
28384 0
28411 61
28489 61
28563 61
28651 61
28705 0
28774 61
28796 35
28812 45
28834 0
28869 35
28902 35
28967 0
29051 61
29117 61
29353 0
29504 45
29701 0
30070 35
30208 0
30237 45
30309 35
30349 0
30355 61
30407 0
30421 45
30521 0
30558 61
30643 0
30711 61
30930 0
30992 35
31119 0
31137 45
31357 0
31382 45
31493 0
31578 45
31699 45
31748 35
31764 0
31785 45
31939 0
32166 61
32218 45
32237 0
32371 61
32393 0
32455 45
32495 35
32520 45
32544 45
32771 0
32940 35
32968 45
33025 61
33042 45
33093 0
33159 35
33267 0
33445 61
33454 0
33655 35
33860 61
34128 45
34272 0
34306 45
34805 0
34878 61
35012 0
35057 61
35234 0
35332 45
35364 0
35459 45
35513 0
35600 35
35736 61
35819 0
35861 61
36026 0
36095 45
36109 61
36114 0
36161 61
36188 45
36266 0
36445 61
36461 0
36475 35
36589 0
36844 35
37017 0
37087 35
37111 0
37136 35
37159 0
37188 61
37248 0
37353 35
37461 45
37516 45
37632 0
37665 61
37705 0
37777 61
37798 0
37829 35
37907 0
37964 45
37967 0
37968 61
38096 35
38211 0
38303 45
38494 35
38623 0
38749 35
38760 0
38878 35
38896 0
39088 35
39169 0
39221 61
39403 0
39741 61
39812 45
39881 0
39890 45
39896 0
40112 45
40201 35
40260 0
40389 35
40528 0
40549 45
40736 0
40761 61
40936 0
40971 61
41266 0
41310 61
41409 0
41442 61
41762 0
41805 35
41814 0
41940 35
41945 35
41978 0
42075 61
42098 0
42254 45
42470 0
42485 61
42505 0
42515 35
42525 0
42612 35
42795 61
42801 45
42892 0
42981 61
43012 0
43097 45
43231 45
43367 61
43430 0
43544 61
43564 0
43711 61
43721 45
43789 0
43883 45
44121 0
44159 35
44434 0
44465 45
44835 0
44864 61
44914 35
45281 45
45350 45
45436 45
45497 61
45526 35
45690 0
45921 45
46101 0
46115 35
46133 35
46149 0
46290 45
46392 61
46407 0
46512 45
46519 0
46587 45
46662 0
46729 45
47007 45
47034 61
47065 0
47169 61
47331 0
47612 61
47940 0
47967 45
48095 0
48302 61
48525 0
48567 61
48899 0
48950 35
48985 0
49205 45
49263 0
49387 61
49446 45
49678 45
49694 0
49706 35
49981 0
50051 35
50123 0
50229 45
50419 0
50521 35
50528 0
50558 61
50585 0
50594 61
50730 0
51035 35
51348 0
51417 35
51443 0
51485 35
51647 0
51692 35
51773 61
52134 0
52352 35
52389 0
52661 35
52673 35
52769 0
52804 61
52899 61
53018 0
53222 45
53278 0
53393 45
53464 61
53526 0
53588 45
53654 61
53790 0
53814 35
53854 0
54113 61
54248 0
54368 45
54558 0
54608 61
54637 35
54745 0
54769 45
55037 0
55162 45
55525 0
55552 35
55622 45
55760 0
56008 45
56050 45
56244 0
56321 35
56354 0
56423 35
56571 0
56660 35
56860 0
56888 35
56929 0
57229 35
57315 0
57382 45
57536 45
57693 0
57844 35
57987 0
58143 35
58164 35
58214 0
58302 35
58332 0
58459 45
58557 35
58893 0
59167 45
59295 0
60009 61
60034 0
60071 61
60219 0
60234 61
60494 45
60539 0
60652 61
60660 0
60816 61
60912 61
61134 35
61374 45
61591 61
61618 45
61660 0
61753 35
61769 0
61868 35
61911 0
62163 45
62374 0
62391 45
62399 45
62443 0
62595 61
62641 0
62672 35
62714 0
62965 45
63017 0
63222 35
63227 0
63270 35
63277 45
63294 45
63406 0
63465 61
63587 0
63836 35
63989 35
64042 0
64080 45
64236 0
64247 61
64369 0
64393 45
64631 0
64768 61
64781 61
65035 35
65288 0
65353 35
65443 0
65522 35
65556 0
65630 45
65632 0
65742 45
65886 0
66181 35
66369 35
66401 61
66683 0
66720 61
66777 61
66796 0
66970 61
67114 0
67224 61
67244 0
67401 61
67601 35
67621 0
67963 61
67965 0
68285 45
68322 0
68356 35
68801 0
68865 35
68867 0
68878 45
68987 0
69047 35
69133 0
69301 61
69529 0
69620 61
69762 61
69838 0
69889 35
70323 0
70684 35
70695 0
70715 35
70737 0
70799 35
70975 0
71021 61
71091 0
71127 35
71148 0
71176 61
71303 0
71308 45
71347 0
71449 61
71491 0
71771 45
72061 0
72258 61
72353 0
72358 35
72372 0
72394 45
72469 0
72514 45
72546 0
72579 45
72605 0
72660 35
72699 0
72714 61
72748 0
72755 61
72881 45
72984 0
72995 35
73128 0
73156 45
73316 0
73472 35
73492 0
73557 61
73937 0
74190 45
74260 0
74300 35
74364 35
74755 0
74817 61
74819 0
74833 35
75003 0
75059 35
75334 0
75345 61
75369 0
75376 61
75391 0
75415 61
75425 0
75495 45
75660 0
75721 45
75735 0
75736 35
75748 0
75753 35
76079 61
76111 0
76245 45
76261 0
76293 45
76324 0
76404 35
76482 61
76749 0
76777 35
76798 0
76841 61
76986 0
77004 61
77053 61
77146 0
77154 35
77160 35
77318 0
77360 45
77581 0
77586 35
77669 0
77705 61
77733 0
77784 45
78175 0
78399 35
78441 0
78455 35
78465 45
78484 61
78563 0
78621 35
78696 61
78793 0
78877 45
78915 0
79289 61
79376 0
79449 45
79605 0
79663 35
79731 0
79783 45
80077 61
80630 0
80701 45
80811 0
80891 35
81130 0
81174 45
81259 0
81286 35
81320 0
81359 45
81472 45
82029 45
82193 0
82478 45
82643 0
82841 35
82978 61
82980 0
83250 61
83280 61
83338 0
83432 61
83440 35
83489 61
83590 61
83626 0
83679 35
83867 0
83931 35
84108 45
84157 0
84267 45
84344 35
84491 0
84556 61
84625 0
84790 35
84828 0
84919 61
84943 0
85036 45
85168 0
85208 45
85341 0
85358 35
85517 0
85523 45
85696 0
85751 45
85917 45
85957 0
86200 45
86417 0
86586 45
86597 45
86733 0
86871 61
86929 0
87172 45
87223 0
87316 45
87449 0
87677 61
87730 0
87766 61
87918 0
88085 35
88090 0
88236 61
88291 45
88296 0
88327 45
88421 61
88510 0
88653 45
88657 0
88790 61
88805 35
88850 61
89054 45
89107 0
89120 45
89144 0
89172 45
89183 0
89271 35
89292 0
89301 35
89403 35
89684 45
89702 0
89743 61
89750 0
89816 61
89882 61
89960 0
90080 45
90114 0
90192 61
90449 0
90452 45
90596 0
90628 45
90719 35
90728 0
90753 45
91192 61
91200 0
91343 35
91428 0
91492 45
91634 61
91642 0
91772 45
91898 0
91998 45
92067 0
92104 35
92318 0
92508 35
92517 0
92794 45
92823 45
92835 0
92988 61
93069 45
93136 35
93249 35
93278 0
93301 61
93702 0
93716 45
94084 35
94125 61
94250 0
94275 45
94368 61
94472 35
94537 0
94589 45
94691 0
94812 61
94838 61
94935 0
94964 35
95011 0
95128 35
95202 0
95232 45
95317 45
95330 61
95354 35
95462 0
95570 61
95604 0
95652 35
95782 45
95827 61
95851 61
95939 0
96012 45
96050 0
96206 61
96210 0
96220 45
96372 0
96647 61
96696 0
96766 61
96819 61
96963 0
97076 45
97096 0
97102 35
97110 45
97143 45
97200 61
97259 45
97295 0
97597 61
97598 0
97779 61
97800 45
97932 0
97987 35
98088 61
98136 0
98317 45
98550 0
98557 45
98617 35
98619 0
98651 45
98696 0
98757 35
98758 0
98987 61
99034 0
99239 45
99377 0
99413 35
99525 0
99718 45
99873 45
99999 61
897 events for 4
116 52
372 0
394 26
563 0
794 42
812 42
816 0
1107 36
1155 0
1185 42
1230 0
1254 52
1287 0
1613 52
1640 0
1773 36
1776 51
1792 0
1899 36
1902 0
1911 51
2222 0
2275 36
2303 0
2348 52
2360 0
2407 28
2490 0
2527 26
2535 0
2596 42
2649 0
2800 51
3103 52
3218 0
3690 36
3719 0
3775 52
3811 0
3864 42
3889 0
3892 36
3938 0
4010 40
4163 0
4271 28
4278 36
4416 0
4796 36
4833 52
4834 0
5096 36
5110 0
5162 42
5352 0
5376 36
5487 36
5528 0
6000 26
6107 0
6200 52
6334 0
6460 40
6758 0
6811 51
6918 0
6920 36
6940 0
6973 26
7212 0
7253 52
7325 40
7347 42
7360 0
7546 52
7557 42
7645 36
7809 0
7989 36
8159 0
8214 40
8334 0
8399 28
8444 36
8721 40
8838 0
9137 51
9157 0
9250 28
9355 40
9470 0
9474 42
9532 0
9672 36
9777 52
9845 0
9877 51
9889 0
9896 36
10095 0
10388 28
10526 0
10536 52
10576 51
10645 26
10845 0
10998 36
11026 0
11037 40
11285 0
11300 26
11402 0
11408 52
11535 0
11672 40
11808 0
12049 42
12280 36
12368 42
12383 0
12399 42
12486 0
12639 36
12777 0
12794 40
12941 36
12955 36
13026 0
13155 52
13333 0
13389 28
13422 0
13437 36
13485 0
13881 36
13951 0
14105 40
14159 0
14209 36
14461 36
14491 0
14574 40
14783 42
14784 36
14830 0
14831 40
14925 0
15144 26
15238 0
15286 40
15344 0
15506 42
15598 0
15709 36
15927 0
16327 26
16415 0
16599 40
16628 28
16675 0
17116 36
17147 0
17257 28
17339 0
17431 28
17515 0
17589 51
17612 26
17714 26
17767 0
18025 52
18438 0
18461 51
18482 26
18688 36
18833 42
18883 36
18957 0
19060 51
19151 28
19252 0
19524 36
19655 36
19672 28
19728 0
19777 52
19840 0
20196 26
20383 0
20401 42
20426 0
20662 42
20896 26
20931 0
21048 52
21091 0
21218 51
21227 0
21257 51
21437 0
21701 36
21844 0
21948 42
22113 28
22121 0
22158 36
22564 0
22707 26
22723 0
22774 36
22871 36
22877 0
23375 42
23420 0
23501 26
23538 0
23595 51
23600 0
23629 36
23873 0
23939 51
24123 0
24134 42
24220 0
24250 36
24431 0
24488 42
24533 0
24854 51
24901 0
25098 40
25138 0
25535 40
25661 52
25666 0
25737 28
25748 0
25781 40
25824 42
25868 0
25970 42
26195 0
26282 51
26317 0
26376 51
26448 0
26546 28
26679 36
26743 0
26916 36
27071 0
27108 52
27229 0
27371 52
27436 51
27540 0
27636 36
27807 0
27962 40
28020 0
28081 52
28137 42
28237 0
28261 26
28320 28
28541 0
28568 40
28632 0
28699 51
28832 0
29014 26
29034 0
29045 28
29123 0
29144 51
29178 0
29261 36
29368 0
29465 26
29584 0
29602 36
30069 0
30215 26
30554 0
30557 40
30664 0
30818 28
31056 0
31287 36
31421 26
31796 0
32171 36
32234 0
32255 40
32395 0
32460 36
32668 0
32758 40
32853 40
32922 0
32928 42
33313 0
33613 36
33809 51
33878 0
34090 26
34112 0
34165 40
34233 0
34280 36
34293 0
34446 36
34497 0
34575 28
34667 0
34718 42
34781 51
34918 0
35188 36
35337 0
35345 26
35576 0
35888 52
36117 0
36172 28
36183 0
36522 26
36578 0
36638 51
36822 0
36838 42
36914 0
37025 40
37064 28
37433 0
37594 36
37619 52
37665 42
37734 0
37885 52
38095 0
38111 42
38227 0
38448 42
38597 0
38644 52
38655 0
38831 36
38834 0
38891 42
39042 0
39220 42
39530 26
39532 0
39542 51
39549 0
39620 52
39661 42
39699 0
39845 26
39907 0
39976 40
40114 36
40120 52
40169 40
40337 36
40344 40
40520 0
40530 26
40642 26
40819 0
40935 51
41062 0
41079 40
41131 0
41213 28
41241 36
41319 42
41387 0
41509 36
41554 0
41631 51
41703 28
41792 0
41828 28
41997 0
42186 36
42302 0
42310 40
42501 0
42647 42
42674 0
42884 52
42971 0
43232 52
43261 0
43267 40
43338 26
43413 0
43549 28
43661 0
43735 28
43778 0
43891 52
43980 0
43997 26
44078 0
44262 42
44308 0
44585 26
44898 0
45137 28
45479 0
45535 36
45596 0
45761 36
45862 0
45888 26
45918 52
45965 0
46056 52
46083 0
46093 36
46109 0
46139 36
46520 36
46580 0
46735 26
46863 0
47214 26
47286 0
47338 51
47403 0
47523 26
47638 26
47676 0
47692 52
47840 0
47904 52
48035 0
48141 28
48214 40
48253 0
48274 51
48425 0
48518 36
48581 52
48650 28
48760 0
48839 52
49069 42
49145 42
49222 0
49323 36
49363 0
49417 36
49570 0
49615 52
50004 0
50044 36
50155 0
50238 40
50519 36
50527 0
50611 52
51003 40
51077 0
51390 42
51541 26
51579 0
51580 42
51654 0
51715 51
51761 0
51867 28
51915 0
52027 36
52084 36
52156 36
52270 0
52275 28
52366 52
52420 0
52496 36
52575 0
52774 40
52892 0
53131 40
53246 26
53435 0
53772 52
53897 51
54148 42
54213 0
54231 40
54257 0
54418 52
54486 0
54638 36
54874 28
54918 0
54946 51
55027 0
55040 40
55090 0
55102 28
55202 0
55227 36
55417 28
55420 0
55514 36
55613 0
55715 51
56081 0
56160 28
56176 0
56207 40
56367 0
56446 42
56649 0
56750 36
56775 0
56862 36
56955 36
56977 42
57040 0
57333 26
57988 0
57997 26
58177 0
58292 36
58301 0
58650 42
59064 0
59087 52
59222 51
59226 0
59396 52
59398 42
59611 0
59660 26
59781 0
60179 36
60243 42
60345 0
60612 28
60763 0
60830 40
60942 0
60968 51
61180 0
61256 36
61317 0
61450 36
61532 0
61661 42
61691 0
61695 42
61724 0
61895 40
61942 0
62077 26
62210 0
62465 51
62469 0
62526 42
62615 0
62668 26
62699 28
62728 26
62886 40
62976 40
63030 52
63192 0
63391 26
63439 36
63467 0
63497 36
63502 0
63510 52
63725 40
63902 0
63981 51
64007 36
64128 0
64361 36
64429 0
64498 26
64517 0
64614 51
64666 0
64794 52
65109 0
65306 40
65342 0
65521 26
65770 0
66003 42
66115 0
66303 28
66411 0
66546 28
66614 0
66680 52
66690 0
66785 51
66940 0
67026 36
67030 0
67084 51
67296 0
67414 36
67419 0
68034 36
68071 0
68126 36
68139 0
68264 36
68952 0
69108 42
69188 52
69215 40
69429 26
69555 0
69618 26
69673 0
70016 51
70085 0
70140 28
70427 0
70539 51
70599 0
70751 36
70944 0
71112 36
71117 26
71118 42
71362 42
71485 0
71633 51
71730 0
71782 28
71795 0
72093 26
72181 52
72238 0
72429 36
72481 0
72504 51
72702 0
72725 52
72753 26
72785 0
72931 26
73183 36
73217 0
73220 40
73279 0
73375 51
73768 0
73790 36
74119 0
74134 42
74147 0
74239 40
74347 26
74353 0
74365 40
74439 0
74488 26
74650 0
74713 51
74773 0
74784 26
74890 36
74940 0
74996 36
75041 0
75093 36
75108 0
75296 36
75500 36
75538 52
75846 40
75980 0
75982 51
76031 0
76102 40
76231 40
76344 0
76482 52
76492 0
76683 51
76719 0
77078 40
77130 0
77379 51
77401 0
77793 36
77806 0
78413 51
78457 0
78565 42
78598 0
78603 42
78672 0
78967 42
79084 28
79127 0
79224 36
79269 0
79338 36
79372 0
79436 26
79447 0
79489 36
79633 0
79718 52
79895 0
80204 42
80231 0
80311 40
80372 0
80421 40
80499 28
80583 0
80590 40
80767 0
80920 36
80933 0
80984 42
80996 0
81062 40
81351 36
81422 26
81451 52
81614 0
81747 40
81870 42
82304 0
82310 28
82366 42
82385 51
82417 0
82523 52
82739 51
82890 0
82905 51
82961 0
82963 51
83073 0
83207 52
83588 0
83882 28
83944 51
84025 0
84061 42
84121 0
84250 51
84357 36
84516 40
84837 0
84877 51
85003 0
85075 28
85235 52
85256 0
85391 42
85668 52
85747 0
85794 52
85845 0
86604 36
86829 52
86843 0
86850 42
87165 28
87287 0
87312 26
87567 0
87676 26
87750 51
87791 0
87821 28
87944 0
88021 42
88064 0
88069 28
88092 0
88404 52
88419 0
88601 26
88638 0
88744 36
88751 36
88801 0
89031 40
89111 0
89134 40
89233 26
89239 0
89319 42
89367 0
89520 40
89555 0
89593 26
89647 0
89793 28
89807 0
89811 52
90260 0
90339 36
90393 28
90467 40
90624 42
90647 36
90696 0
90874 36
90878 36
90980 0
91374 26
91403 0
91485 36
91673 0
91867 28
91957 0
92029 51
92033 0
92196 52
92598 0
92680 28
92758 0
92869 51
93148 0
93191 36
93306 40
93347 28
93478 0
93681 26
93744 28
93815 0
93950 36
93997 0
94125 52
94194 42
94346 26
94511 0
94585 52
94616 0
94642 36
94645 0
94836 26
94843 0
94893 51
94935 0
94965 42
95217 26
95323 36
95361 0
95513 28
96069 52
96080 0
96322 26
96514 0
96588 36
96713 40
96795 0
96812 42
96870 0
96917 36
97201 0
97240 52
97255 40
97465 0
97497 28
97629 40
97873 0
97932 26
97947 52
98015 0
98031 51
98169 0
98256 42
98656 42
98732 0
98744 52
98761 0
98868 28
99102 36
99411 36
99428 36
99449 0
99454 28
99531 0
99589 51
99702 0
99889 40
202 events for 5
1947 47
2643 0
2702 42
3440 0
3484 47
4792 31
5178 42
5411 31
5549 0
6595 31
6804 0
7999 42
8727 0
8788 31
9417 0
9828 53
12455 0
13028 31
13113 53
13322 31
13421 0
15418 53
15895 53
15970 0
16079 47
16518 31
16533 0
16688 47
17358 0
17460 66
17516 0
17557 53
17593 53
17663 0
17690 47
18345 66
19292 42
19968 0
20257 66
21160 0
21537 66
21751 0
22168 47
22310 0
22627 31
22637 0
23585 42
23917 47
23976 53
24577 0
25709 66
26104 0
27264 66
27585 0
27824 53
28698 0
28852 66
29128 0
29351 47
29804 42
29835 0
30266 47
30897 0
31721 47
32009 0
32044 31
32859 0
34024 47
34667 66
34862 42
34961 0
35069 42
35326 0
35845 53
36000 0
36236 66
36770 66
36800 0
36948 53
37701 0
38069 47
39424 0
39515 53
39604 0
40046 42
41425 0
42111 66
42198 0
43263 42
43665 66
43758 0
44219 31
44441 0
44962 66
45220 31
47255 0
48040 66
49492 47
50314 0
50893 31
50926 0
52146 42
52288 0
52394 47
53245 31
53496 0
53606 53
53914 0
54004 53
54147 0
55135 47
55449 31
57690 31
58032 0
58198 31
58268 0
58635 53
58747 42
59103 0
59415 53
59587 0
59847 47
59964 0
62389 53
62759 0
63361 31
63849 0
64692 47
64799 31
64883 31
65002 0
65366 53
65561 0
65742 53
67882 0
68661 31
68810 0
68867 31
69054 0
69725 53
70616 0
71257 66
71542 66
71632 0
72620 31
73216 0
73511 66
73581 0
73721 53
74794 0
74846 66
74872 0
77521 53
77635 66
77686 0
77694 31
77698 47
78230 0
79342 47
79697 0
80322 66
81214 0
81500 42
81613 0
82126 53
82498 42
82554 0
83588 66
84018 42
84329 0
84859 47
85510 0
85683 53
86907 0
87874 42
88251 0
89382 66
89712 0
90550 66
91360 0
91364 66
91605 0
92198 42
93143 53
94223 47
94367 0
94802 66
95545 0
95564 66
95588 0
95735 47
97216 0
97855 53
98100 47
98229 0
98480 47
98632 0
98785 42
99041 66
99056 0
99814 66
99943 0
395 events for 6
119 36
614 36
842 0
941 36
1065 36
1422 36
1593 36
1608 0
1930 36
2508 0
2658 36
2733 0
2852 36
2888 0
3010 36
3474 0
3630 36
3681 36
3809 0
4189 36
4429 36
4575 0
4703 36
5087 0
5258 36
5397 36
5570 0
5655 36
5664 36
5750 0
5782 36
6219 0
6259 36
6263 36
6483 0
6642 36
6720 0
6746 36
6803 0
6868 36
7201 0
7272 36
7468 0
7939 36
8244 0
8300 36
8519 0
8528 36
8732 36
8862 36
9098 0
9238 36
9333 0
9401 36
9794 0
10082 36
10223 0
10228 36
10332 0
10334 36
10429 36
10528 0
10664 36
10757 36
11740 0
12086 36
12611 36
12739 0
12772 36
13893 0
13914 36
14117 0
14326 36
14885 0
14902 36
14949 0
14954 36
15094 0
15856 36
16094 0
16238 36
16241 0
16411 36
16759 36
16842 36
16889 0
16939 36
17404 36
17454 0
17797 36
18036 36
18079 0
18273 36
18696 0
18800 36
18849 0
19379 36
19477 0
19541 36
20461 0
20513 36
20899 0
20968 36
21308 0
21707 36
22023 36
22048 0
23150 36
23283 36
23913 0
23937 36
23969 0
24311 36
24323 0
24380 36
24428 0
24452 36
24661 0
24704 36
24892 0
25124 36
25360 0
25666 36
25677 36
25844 0
26208 36
26381 36
26507 0
26590 36
26614 0
26857 36
26913 0
27114 36
27127 36
27721 0
27971 36
28231 0
28295 36
28447 0
29075 36
29233 36
29457 0
29847 36
29954 36
30070 36
30672 0
30852 36
30950 0
31159 36
31727 0
31909 36
32229 0
32334 36
32389 0
32523 36
32632 36
32674 0
32937 36
34153 36
34201 0
34333 36
34447 36
34501 36
34533 36
34847 0
35122 36
35624 0
36014 36
36259 0
37121 36
37204 0
37480 36
37505 0
37569 36
38147 0
38469 36
38703 36
38811 0
40016 36
40035 0
40716 36
40897 0
41077 36
41090 0
41221 36
41352 0
41640 36
41717 0
42559 36
42882 0
43030 36
43032 0
43332 36
43348 0
43770 36
43832 0
44169 36
44764 36
45288 36
45445 36
45872 36
46263 0
46961 36
47530 0
47601 36
48056 0
48567 36
48659 0
48880 36
49154 0
49734 36
49808 36
50138 0
50414 36
50499 0
50610 36
50883 36
51137 0
51154 36
51183 0
51759 36
51830 36
51939 0
51980 36
52040 0
52849 36
53458 36
53938 0
54010 36
54106 0
54280 36
54398 0
55218 36
55470 0
55833 36
55841 0
56285 36
56384 0
57051 36
57407 0
57778 36
57799 0
57872 36
58600 0
59729 36
59820 0
59930 36
60214 0
60788 36
60854 36
60998 0
61027 36
61064 0
61155 36
61207 0
61309 36
61361 0
61754 36
62458 36
62642 0
62701 36
62767 0
63723 36
64508 0
64651 36
64785 0
64829 36
65103 0
65479 36
65529 0
65547 36
65553 0
66118 36
66134 36
66316 36
66471 36
66902 0
67369 36
68157 0
68276 36
68319 0
68813 36
68856 0
69281 36
69569 0
69586 36
69779 36
69857 36
70286 0
70538 36
70650 36
70849 0
71285 36
71772 0
71778 36
72058 0
72317 36
73022 36
73130 0
73166 36
73943 36
73971 0
74056 36
74225 0
74321 36
74554 0
74620 36
74692 0
75464 36
75774 36
75899 0
76541 36
76963 0
77292 36
77839 36
78266 0
78282 36
78422 0
78872 36
79438 36
79736 36
79772 36
79999 36
80096 0
80196 36
80254 36
80529 36
80532 0
80836 36
81270 0
81282 36
81642 36
82225 0
82530 36
82937 36
83117 36
83232 0
83657 36
83690 0
83881 36
84049 0
84126 36
84710 36
84799 0
85028 36
85316 0
85637 36
85818 36
85834 36
85856 0
86603 36
86949 0
87213 36
87396 36
87599 0
87953 36
88604 0
88612 36
89091 0
89561 36
89878 0
89905 36
90034 0
90131 36
90150 36
90321 36
90768 0
91313 36
91383 0
91386 36
91477 0
91790 36
91821 0
92471 36
92495 0
93019 36
93178 36
93483 0
93508 36
93669 0
93778 36
95217 36
95358 0
95447 36
95482 0
95866 36
97307 36
97326 0
98364 36
98542 0
98583 36
98948 0
99017 36
99309 0
99987 36
506 events for 7
199 76
447 0
527 76
701 51
917 0
945 45
1161 0
1254 66
1861 0
1977 54
2169 0
2203 54
2276 0
3065 64
3239 0
3482 76
3511 0
3555 70
4101 64
4397 0
4403 70
4711 51
4851 70
4963 0
5047 45
5068 0
5309 51
5596 0
5904 64
6003 0
6004 76
6228 0
6438 45
7053 0
7081 45
7119 0
7300 51
7524 0
7627 70
8036 0
8268 70
8321 0
8359 45
8694 70
8740 0
8763 64
8775 0
8846 51
8898 0
8977 45
9291 64
9433 0
9723 64
10087 0
10142 51
10431 0
10824 70
10832 0
11022 64
11820 0
12079 64
12190 0
12665 64
12805 0
12849 54
12895 0
13561 76
13762 0
14992 64
15049 0
15260 64
15470 0
15485 64
15575 0
15577 64
15957 0
15978 76
15985 0
15995 51
16095 76
16717 0
17031 54
17114 66
17150 0
17433 64
17679 0
18095 76
18141 54
18386 0
18402 66
18553 0
18630 64
18659 0
19318 51
19360 0
20155 70
20326 0
20457 76
20525 0
20752 66
20768 64
21179 0
21446 70
21921 0
22669 66
22892 0
23208 64
23212 0
23448 51
23852 0
23943 64
24662 0
24742 64
24823 64
25062 0
25289 64
25547 64
25950 0
25958 70
26265 76
26441 0
26863 64
27167 51
27186 0
27194 45
27220 0
27379 64
27532 0
27753 76
27926 0
27956 51
28043 0
28129 76
28350 0
28506 64
28602 54
28664 64
28675 70
28779 0
28812 45
29163 66
29175 45
29700 0
29789 64
29964 76
30162 0
30564 51
30647 76
30778 0
31040 45
31543 0
31597 45
31647 70
31792 0
31804 64
32023 0
32458 45
32509 0
32576 70
32849 0
32992 76
33112 64
33124 64
33505 0
33622 64
33763 0
33964 64
33971 0
33997 51
34067 0
34440 45
34446 0
34453 70
34602 0
34753 64
35431 0
35851 64
35856 0
36088 70
36295 0
36466 51
36654 64
36717 0
36818 70
37459 0
37700 64
37904 0
37915 66
38112 0
39123 54
39127 0
39222 64
39238 0
39258 76
39426 70
39856 0
39933 45
40175 45
40250 0
40523 64
41107 0
41138 64
41208 0
41278 64
41286 0
41982 70
42124 0
42156 64
42302 66
42545 0
42848 51
42961 0
42971 51
43221 64
43381 0
43392 45
43581 45
43752 0
43834 70
43850 0
43852 64
44521 0
45243 64
45316 0
45600 66
45740 0
45791 64
46406 0
46518 70
46562 51
46898 0
46943 64
47388 0
47714 45
47732 0
47755 51
47772 0
48117 51
48266 76
48310 0
48473 64
48758 0
48847 64
49202 0
49226 76
49284 0
49624 51
49741 64
49888 0
49941 64
49983 0
50043 64
50153 0
50411 54
50517 0
50597 70
50605 0
50889 51
50921 0
50994 64
51178 0
51376 51
51468 76
51526 0
51593 70
51711 0
52243 76
52290 66
52396 0
52654 64
53038 0
53192 64
53361 0
53367 45
53541 0
53635 64
53685 0
53877 66
54046 0
54629 64
54681 45
54788 0
55017 76
55390 0
55568 45
56284 70
56334 0
57082 45
57360 0
57874 76
58361 0
58668 64
58720 0
58803 54
58852 0
59087 70
59565 0
59612 64
59655 0
59780 64
59881 0
59961 76
60117 0
60131 51
60575 0
60671 70
60697 0
60731 51
61011 0
61390 66
61409 0
61483 51
61679 64
61870 64
62488 0
62701 45
62968 0
62986 45
63095 51
63363 0
63433 76
63730 0
63812 66
64000 0
64078 64
64117 66
64527 0
64758 51
64826 0
64905 66
65028 0
65665 66
65830 0
65832 76
65852 0
66137 54
66204 0
66812 54
67081 0
67569 45
67748 0
67877 45
68027 76
68315 64
68342 0
68512 51
68782 76
68948 0
68969 64
68976 0
69763 66
69784 0
69854 45
69983 45
70079 0
70601 51
71329 0
71604 51
71696 0
71730 45
72045 70
72060 0
72582 51
72620 0
72695 51
72732 0
72769 45
72793 0
72832 64
72987 45
73347 54
73545 0
73860 70
73920 0
74391 64
74770 45
74904 76
75172 0
75320 76
75415 0
75566 70
75750 51
75887 0
75960 66
76006 0
76337 66
76470 70
76559 0
76608 70
76633 0
76902 64
76992 0
77120 51
77162 0
77331 64
77451 0
77541 64
77696 70
78298 0
78454 76
78857 66
78927 0
79059 64
79436 0
79790 64
79872 0
79915 51
80200 66
80437 0
80824 66
80825 0
80999 51
81485 0
81616 64
81844 0
81861 76
82949 0
83064 54
83232 0
83439 51
83512 0
83541 66
83969 0
84112 76
84137 0
84189 70
84299 64
84437 0
84537 76
84545 76
84701 0
84736 64
85227 0
85439 70
85553 0
85764 54
85774 64
85814 0
86229 45
86275 0
86393 51
86534 0
86663 45
86731 0
87257 66
87323 0
87375 45
87740 0
87838 64
87848 0
88074 51
88326 0
88443 45
88611 0
88668 45
88949 0
89034 51
89668 0
89814 70
89936 0
90253 51
90413 0
90445 45
90513 0
91512 70
91717 0
91730 51
91764 0
91817 45
92033 0
92549 76
92691 0
92787 64
92936 0
93133 76
93281 0
93619 76
93711 0
93860 66
94057 0
94140 64
94772 0
95047 45
95134 0
95326 54
95456 76
96324 66
96393 45
96433 0
96473 45
96484 64
96637 0
96765 70
96776 45
97244 0
97967 76
98347 0
98411 76
98833 0
98883 45
99197 0
99336 54
99423 0
99740 76
99758 0
99808 64
186 events for 8
270 39
590 0
1485 53
2062 36
3070 0
3085 37
3757 39
3804 53
4293 39
4413 0
4530 37
6084 0
7301 36
7641 0
7954 36
8420 0
8484 83
9112 0
9860 53
10334 39
10383 36
10583 0
10747 36
10914 0
11109 83
13039 0
13082 83
13448 0
13609 83
14079 0
14221 39
16608 36
16869 0
16910 83
16989 0
17243 39
18522 0
19001 37
19033 0
19199 37
19901 0
20036 36
20466 0
20736 39
20949 0
20964 83
21073 0
21227 53
21296 37
22040 0
22351 37
22881 0
23215 83
23629 0
24319 83
24412 39
25274 0
25464 36
25670 53
27989 0
28301 39
28758 83
28786 0
29903 53
30290 0
30745 36
31537 83
32119 0
32198 36
33774 0
33847 36
34823 0
35879 39
35956 0
35969 39
36829 0
36992 83
37288 0
37368 53
37470 0
37880 83
38104 0
38700 83
39192 0
40048 37
40276 0
41544 83
42129 0
44693 36
44761 0
45551 37
45642 53
45705 39
45828 83
46208 37
46785 0
46850 83
47021 0
47865 39
48455 0
48787 53
49282 36
50126 39
51046 0
51631 39
51981 0
52631 36
54315 0
54529 83
54535 0
55082 37
56709 0
57068 39
57377 39
57872 0
58231 53
58673 53
59059 37
59142 0
59361 36
59945 0
60312 83
61327 0
61488 37
62086 0
64243 53
64299 37
64365 0
64866 37
65066 0
66164 39
67484 0
67584 37
68519 0
69161 83
69602 0
70890 36
71357 0
73717 37
74066 53
76224 0
76305 37
76427 0
77011 53
77605 0
77798 39
78166 0
78609 39
78930 0
79067 37
79166 0
79402 83
79421 0
79556 39
80969 0
80995 53
82171 39
82410 0
82490 83
82694 36
82822 37
82883 36
82916 0
83273 83
83486 0
83852 36
85283 0
86045 37
86611 0
86897 53
87877 0
88128 39
88607 0
89027 39
89119 37
89397 0
89805 53
90101 0
90715 37
91083 0
92858 37
93255 0
95555 39
96580 0
97019 53
97987 0
700 events for 9
70 16
352 0
415 59
645 0
660 59
707 0
710 32
764 0
920 32
945 59
972 16
991 21
1053 0
1961 32
1987 0
2205 32
2623 0
2736 21
2764 59
2934 0
2942 32
3034 21
3212 59
3493 0
3667 16
3872 0
3913 59
4044 0
4907 16
5170 59
5235 16
5510 0
5513 32
5520 32
5536 0
5547 21
5560 0
5853 32
5923 0
5936 21
5985 0
5990 59
6029 0
6099 59
6210 21
6211 32
6252 0
6639 32
7459 0
7487 32
7593 0
7728 16
7841 21
7902 21
8114 0
8474 21
8480 0
8616 21
8721 0
8873 16
9036 0
9190 21
9472 32
9534 0
9625 21
9943 32
10253 21
10354 0
10430 32
10591 0
10592 59
11062 0
11100 32
11390 21
11611 0
12005 21
12350 0
12551 59
12759 0
13183 59
13187 16
13704 21
13946 0
14008 16
14043 0
14195 32
14240 0
14286 59
14405 0
14429 16
15100 21
15239 16
15254 0
15425 16
15445 0
15514 16
15631 0
15850 16
15904 0
15952 59
16260 21
16451 0
16926 21
17625 32
17638 32
17652 0
17668 21
17673 32
17783 0
17818 16
18063 59
18144 0
18305 16
18513 0
18651 16
18903 0
18942 59
19071 0
19242 16
19310 0
20398 59
20791 59
20820 32
20856 0
21338 32
21508 59
21639 59
21663 59
21912 32
22003 0
22067 16
22111 0
22248 59
22287 0
22584 59
22772 0
22893 59
23062 0
23134 16
23188 0
23225 59
23278 0
23500 16
23627 0
23648 16
23704 0
23803 59
23873 0
24022 21
24069 0
24461 32
24499 21
24813 16
24906 0
24954 32
25124 0
25427 59
25446 0
25559 59
25567 0
25726 16
25929 0
26160 59
26726 16
26787 0
27084 59
27221 0
27343 21
27372 59
27584 0
27703 59
27779 32
28210 16
28343 21
28470 16
28547 0
28588 16
28590 59
28625 32
28652 59
28831 0
29062 59
29151 16
29299 59
29307 0
29363 59
29453 0
29486 21
29835 0
29929 16
30226 0
30280 32
30361 0
30409 21
30501 0
30515 32
30556 21
30726 0
30742 21
30773 16
30882 0
30940 32
30947 0
30976 32
30993 0
30999 59
31000 16
31197 0
31727 59
31737 0
31824 16
31895 59
32097 0
32099 21
32159 0
32240 21
32426 21
32452 0
32458 21
32498 0
32512 59
32654 0
32705 16
32814 59
32846 0
32873 16
32943 0
32956 32
33250 0
33262 16
33342 16
33494 0
33603 16
33657 0
33824 32
33996 0
34028 21
34211 0
34491 32
34553 16
34663 0
34741 32
35090 0
35292 59
35484 0
35595 21
35862 0
35884 16
36181 0
36244 16
36252 0
36366 59
36444 16
36850 0
36880 32
37012 21
37029 0
37040 21
37178 0
37340 16
37441 0
37795 21
37797 0
37804 32
37847 0
37952 21
37970 0
38202 32
38209 21
38498 0
38635 21
38903 0
39174 32
39243 0
39383 59
39662 0
39955 59
40323 59
40385 0
40462 21
40579 0
40582 32
41137 0
41180 21
41203 0
41273 32
41287 0
41297 32
41438 16
41582 32
41670 0
41739 32
41789 0
41807 32
41923 0
41942 32
41994 0
42043 16
42146 0
42158 59
42193 16
42287 16
42376 0
42506 59
42537 21
42721 0
42754 21
42909 0
42922 16
43001 0
43044 59
43047 0
43126 16
43422 59
43476 0
43685 32
43753 0
43802 16
44128 0
44327 59
44518 0
44521 32
44726 0
44789 16
44803 21
45112 0
45289 32
45902 0
46019 59
46142 0
46381 32
46520 0
46523 16
46858 32
46931 0
47267 21
47773 0
48049 21
48159 0
48236 21
48238 0
48365 16
48400 0
48661 59
48733 0
48903 21
49070 0
49095 32
49232 0
49387 21
49645 0
49652 21
49819 0
49945 59
49972 0
50005 16
50052 0
50288 59
50559 0
50647 21
50660 0
50681 16
50737 32
50753 21
50874 0
51055 16
51327 16
51438 0
51834 59
51844 0
52096 32
52488 0
52520 21
53053 16
53074 0
53305 32
53381 0
53495 21
53680 0
53711 59
53952 0
54122 21
54490 0
54532 32
54664 21
54868 0
54909 59
54954 0
54982 16
55309 21
55379 0
55436 32
55474 0
55526 21
55584 32
55641 32
55873 16
55911 16
56030 59
56131 0
56205 16
56218 0
56224 59
56380 0
56507 32
56752 21
56874 0
57108 59
57155 0
57321 59
57335 0
57416 16
57477 0
57605 32
57788 0
57895 32
57953 0
58050 16
58102 0
58610 21
58617 0
58631 16
58633 0
58881 21
59175 0
59225 21
59229 21
59432 0
59534 21
59765 0
59843 16
59890 0
60405 59
60499 0
60526 32
60556 59
60632 21
60889 0
61215 16
61280 21
61365 0
61463 59
61798 32
61968 0
62479 32
62652 0
62855 59
62887 32
63045 0
63109 32
63113 0
63296 16
63333 0
63377 59
63427 59
63579 0
63614 32
63841 0
64689 32
64774 16
64976 0
65596 59
65769 0
66310 16
66385 0
66515 21
66525 0
66635 59
67023 0
67424 16
67879 0
67911 16
67982 0
68013 21
68320 0
68367 21
68427 0
68621 59
68646 0
68674 16
68804 0
68979 59
69078 0
69184 21
69256 0
69468 21
69691 16
69734 32
69790 0
69821 21
69849 0
69868 21
69990 0
70390 59
70425 21
70499 0
70603 16
70778 0
71003 59
71167 0
71206 32
71215 0
71228 21
71439 0
71616 21
71773 0
72453 21
72760 21
72871 0
72923 59
72977 16
72984 0
73168 59
73205 0
73346 32
73377 32
73519 0
73526 21
73541 0
73737 21
73738 0
73953 16
74007 59
74045 0
74082 21
74174 0
74301 59
74497 0
74511 21
74809 0
75403 21
75478 0
75528 16
75569 0
75799 32
75954 0
75976 21
76066 32
76291 0
76361 21
76463 0
76472 32
76491 0
76871 59
77075 0
77083 21
77193 0
77569 32
77736 0
78346 21
78556 0
78573 32
78580 0
78874 21
79123 0
79449 16
79689 0
79978 32
80157 0
80247 32
80284 16
80568 0
80648 21
80716 0
80790 32
80801 59
81024 0
81587 21
81727 0
81798 32
81850 0
81872 21
81885 59
81890 0
81992 32
82013 16
82058 0
82386 16
82416 0
82507 21
82570 0
82582 16
82708 16
82886 0
82927 59
83130 21
83622 0
83648 21
83706 0
83855 16
83911 21
83937 0
83942 59
84094 0
84101 32
84204 0
84391 32
84402 21
84697 0
84785 21
84827 16
84909 0
84916 59
85225 0
85327 32
85503 0
85692 59
85915 0
86154 16
86215 0
86301 21
86404 21
86716 16
86800 16
86810 21
86858 0
86867 32
86920 0
87341 16
87503 16
87820 32
88112 0
88184 21
88191 0
88214 16
88248 0
88534 59
88904 0
88905 21
88998 0
89296 16
89297 0
89298 21
89380 0
89481 59
89527 16
89537 0
89781 59
89857 0
89904 16
90098 0
90565 16
90754 16
91125 32
91152 0
91217 21
91382 32
91453 0
91653 59
91679 0
91880 32
92130 0
92320 32
92425 59
92539 16
92569 32
92690 0
92694 59
92830 16
93120 32
93266 0
93292 32
93293 0
93327 16
93495 21
93502 0
93610 32
93689 0
93735 32
93835 0
93850 21
93896 0
94079 32
94090 21
94401 16
94403 0
94630 32
94803 21
95383 59
95417 0
95846 16
95895 0
96227 32
96374 32
96520 32
97739 21
97923 32
97986 16
98219 0
98538 21
98567 59
98580 0
98642 16
98721 0
98784 21
99243 0
99365 21
99430 16
99766 0
99893 59
247 events for 10
15 50
123 50
801 0
1183 79
1915 50
2046 0
3592 57
4230 89
4819 0
6272 66
9165 0
9176 57
10236 0
10238 57
11147 0
11165 52
11532 0
11914 79
12491 0
13341 89
13619 0
13929 50
14232 0
14551 52
14570 47
14692 0
15098 89
15102 0
15246 91
16060 0
16515 66
16734 57
16950 0
17386 52
17840 66
18074 50
18295 47
18869 0
19161 79
19166 52
19230 47
19687 0
20167 47
20378 0
21007 52
21895 0
22036 91
22071 0
22265 50
22651 0
22686 50
23071 0
23466 47
24326 0
24587 79
24668 0
25041 57
26057 0
26326 66
26909 0
27166 91
27730 0
27973 66
28019 0
28654 52
28763 0
29051 47
29145 0
29185 66
29398 0
29426 91
30184 0
30418 79
30702 57
30968 0
31908 47
32157 50
32854 0
32887 50
32953 0
33353 47
33446 0
33935 66
34780 50
34781 0
35403 52
36373 0
36386 91
36479 0
37117 91
37306 0
37330 89
37721 0
38050 47
38152 52
38496 0
38556 50
39129 52
39839 0
40509 52
40727 0
41006 57
41655 0
41906 47
42061 0
42645 66
43692 57
43730 50
43893 91
44566 47
44785 0
44806 47
45837 0
45946 47
46165 47
46248 0
46328 50
46608 0
46677 50
48836 0
48860 57
48940 0
49355 52
49489 89
49937 0
50030 52
50497 0
50654 89
51809 0
52200 52
52438 0
53960 57
54679 0
54861 91
55013 0
55791 89
55795 0
56228 52
56756 0
57108 66
57597 50
59445 0
59461 50
59609 52
59710 91
59958 0
60060 66
60298 0
60349 57
60618 0
61099 47
61129 0
61230 66
61480 0
61768 52
61911 50
62520 66
63462 0
65067 52
65076 57
65771 0
65821 50
65899 0
67250 79
67537 0
67573 50
67721 0
68238 66
68954 0
68960 50
69354 0
69373 47
70171 66
70793 47
71605 0
71872 79
71894 0
72028 79
72250 50
72313 50
74933 0
75533 89
75682 0
76648 89
76820 0
77121 79
77721 0
77863 79
78027 0
78028 47
79771 47
80538 0
80812 57
81153 0
81226 66
81772 0
82528 89
82640 0
82659 57
83199 0
83230 89
83430 47
84979 0
85740 52
86137 79
86148 0
86351 52
86413 0
86537 57
86592 0
86614 79
86951 57
87119 91
87395 0
87977 47
88242 0
88442 47
89894 0
90258 52
91191 0
92230 47
92730 52
92735 0
92802 66
93165 0
93715 91
94003 0
94097 47
94107 0
94496 57
94795 0
95586 89
95638 0
95727 79
96053 50
96479 91
97300 52
97307 0
97783 66
98041 57
98222 0
98237 66
98677 57
98758 0
99322 66
99620 50
99938 0
417 events for 11
330 38
435 0
546 41
849 0
912 41
1782 38
1857 0
1978 41
2562 0
2581 41
2646 0
2786 41
3161 0
3375 41
3920 0
4307 38
4800 0
4842 41
5245 0
5264 41
5505 38
5621 0
5700 41
5719 38
5728 0
5850 41
6465 0
6643 41
6751 0
7013 41
7590 0
7609 38
8042 38
8330 0
8400 41
8461 0
8738 41
8852 0
9824 38
9994 0
10065 41
10185 0
10288 41
10397 0
11292 41
11340 0
11848 38
12117 0
12213 38
13138 38
13189 0
13405 41
13604 38
13943 0
14320 38
14657 0
14862 41
15022 0
15753 38
15793 0
16086 38
16201 41
16232 38
16669 41
16682 0
17229 38
17567 38
17858 0
17908 41
18046 38
18052 41
18089 0
18391 38
18944 0
19034 41
19095 41
19108 0
19419 41
20248 38
20892 38
20997 0
21071 38
21417 41
21454 38
21571 0
21576 38
21884 0
21983 38
22536 41
22869 38
22933 0
23645 38
23727 0
23862 41
24483 0
24487 41
24504 0
24555 41
24742 38
24902 41
24906 0
24942 38
25147 0
25609 41
25611 41
26327 41
26359 38
27241 0
27736 41
27837 0
28088 38
28121 0
28411 38
29013 0
29060 41
29415 0
29878 41
30203 0
30226 38
30362 0
30445 41
30689 38
30757 41
30845 0
30871 41
32087 0
32235 38
32959 41
33023 0
33028 38
33031 0
33344 41
33732 0
33801 41
34065 0
34173 41
34205 38
34623 0
34948 38
34976 0
35034 41
35452 38
35581 0
35783 41
35885 0
36276 41
36297 0
36620 41
36802 0
36859 41
37209 41
37251 0
37751 41
37818 41
37985 0
38055 41
38114 0
38859 41
39026 0
39190 41
39383 0
39528 41
39590 0
39693 38
40067 0
40257 41
40258 0
40600 41
41556 41
41988 38
41999 0
42066 38
42278 0
42495 41
42623 0
43269 41
43950 0
43979 41
43980 0
44135 41
44260 0
44264 41
44359 38
44374 0
44612 38
44694 0
44818 41
44839 0
44955 38
45363 38
45554 0
45674 41
45903 0
46111 41
46195 0
46290 38
46611 0
46991 41
47165 38
47310 38
47652 0
48299 41
48710 0
49246 38
49379 0
49648 41
49922 0
50098 38
50196 0
50370 41
50679 41
50723 0
51265 38
51449 0
51544 38
51603 41
51680 38
51762 0
51874 41
51889 0
52338 41
52383 0
52438 41
52799 0
52895 38
52920 0
52971 38
52977 0
53272 41
53377 0
53410 38
53753 38
54036 0
54221 38
54321 38
54649 41
54724 0
55001 41
55027 41
56069 0
56305 38
57171 0
57303 41
57397 0
57433 41
57526 38
57790 0
57832 41
57849 41
57892 0
57921 38
58030 0
58829 38
58883 0
59181 41
59236 0
59438 38
59490 0
59652 38
60829 0
60959 38
61107 0
61146 41
61165 0
61193 41
61425 0
61489 38
61687 0
61723 38
61743 0
62054 41
62789 0
62965 41
63678 0
63931 38
64191 0
64257 38
64419 0
65166 41
65806 41
65830 38
65919 41
65972 0
66076 41
66491 0
66966 38
67601 0
67725 41
67916 0
68634 38
68827 0
68838 38
68900 0
68982 38
69129 0
69964 41
70155 0
70227 38
70275 0
70276 41
70467 0
70565 41
70655 0
70691 41
70786 38
70853 41
72328 0
72386 38
72549 38
72758 38
72864 0
72961 38
73056 0
73069 41
73601 0
73690 38
74147 0
74182 41
74236 0
75185 38
75380 0
75601 41
75695 0
76032 38
76122 38
76986 0
77267 41
78446 0
78670 41
78761 0
78817 38
79088 38
79262 41
79577 0
79645 38
79744 41
80051 38
80278 0
80546 41
80824 0
80830 38
81067 0
81834 38
81874 38
82037 0
82416 38
82772 38
82860 0
83002 41
83459 0
83583 38
83731 0
83748 38
84231 38
84324 41
84699 0
84867 41
85033 38
85163 0
85325 41
86040 41
86294 0
86313 38
86517 0
87163 38
87552 0
87593 38
87659 0
87852 38
87966 0
88256 41
88395 41
88703 0
88838 41
89732 0
91219 41
91579 0
92282 38
93078 0
93477 38
93995 0
94063 38
94109 0
94801 38
95209 0
95257 41
95410 41
95645 0
95805 41
95831 0
95840 38
96406 0
96412 41
96501 38
96619 0
96840 38
97061 41
97197 38
97339 38
97597 0
97610 41
97695 0
97959 41
98174 38
98281 41
98361 0
98402 38
98433 0
98550 38
98673 0
98740 41
98782 0
98792 38
99024 0
99363 41
99426 0
99939 38
546 events for 12
190 52
410 0
432 52
657 75
697 0
792 61
859 75
878 75
945 0
1173 52
1297 0
1707 75
1742 0
1975 66
2207 0
2340 61
2495 0
2798 66
2962 52
2966 0
3003 75
3107 0
3646 52
3662 0
3825 61
4163 0
4480 82
4666 61
4813 66
5291 0
5338 86
5346 82
5580 52
5585 0
5880 82
6002 52
6108 0
6170 61
6335 0
6412 66
6531 0
6770 52
6775 66
6815 66
6994 0
7135 82
7374 0
7435 66
7463 0
7507 75
7777 0
9221 61
9302 0
9632 52
9876 0
9882 75
9968 0
10045 86
10193 0
10226 66
10338 0
10848 52
10917 61
10938 0
11044 86
11048 0
11666 82
11968 0
11986 52
12275 75
12343 66
12607 66
13425 0
13426 66
13568 86
13672 0
14153 75
14534 0
14554 82
14710 0
15087 82
15235 0
15572 86
15713 86
15746 61
15975 0
16033 82
16342 86
16618 0
16763 52
17101 0
17129 52
17208 0
17296 66
17354 0
17356 86
17368 82
17396 61
17635 0
17640 61
17976 82
18058 0
18126 61
18507 0
18613 75
18656 0
18784 86
18939 0
19186 66
19416 0
19576 75
19702 0
19706 75
19708 0
20024 61
20052 0
20117 66
20171 0
20182 86
20773 82
21090 0
21264 75
21413 61
21673 75
21961 52
22233 0
22544 82
22836 0
23255 86
23311 0
23364 75
23450 0
23914 82
23942 86
24147 0
24753 61
24963 0
25191 82
25300 0
25382 52
25389 82
25570 52
25770 0
25930 82
26083 0
26267 86
26312 0
26369 61
26464 0
26671 82
26759 0
26791 86
26880 0
27098 86
27555 0
27844 82
28023 52
28228 61
28265 0
28389 61
28605 0
28632 86
28679 0
28706 75
28724 0
28886 82
28948 52
28964 0
28991 86
29098 52
29386 0
29573 82
29756 86
29851 0
30043 86
30251 0
30266 52
30308 0
30850 66
31271 52
31272 0
31430 66
31895 0
31959 66
31975 0
32184 61
32274 52
32542 0
32948 52
33130 0
33149 66
33814 0
33852 61
33873 0
33885 61
33916 86
34012 0
34096 66
34141 0
34501 75
34699 61
35012 0
35050 61
35297 0
35447 66
35487 0
35713 82
35833 0
36156 52
36545 82
36733 0
37029 52
37273 0
37391 75
37697 75
37915 61
38094 0
38184 75
38211 0
38517 52
39069 0
39245 86
39506 66
39518 52
39523 0
39741 82
39868 66
39890 0
39947 52
40382 0
40906 61
41064 0
41308 75
41834 0
42336 61
42394 86
42585 0
42910 66
43729 75
44691 52
44761 82
45817 0
46213 52
47149 0
47243 66
47427 0
47626 52
47747 0
47791 82
47945 0
48164 66
48276 66
48418 82
48567 0
48754 52
48777 66
48805 52
48831 0
48926 75
49149 0
49271 75
49881 0
49973 61
50122 66
50342 0
50350 61
50677 86
50944 0
50978 75
51036 0
51095 86
51290 0
51416 66
51535 0
51716 82
51748 0
51749 52
51803 0
51816 75
51890 0
51953 61
52112 0
52289 61
52386 82
52529 0
52725 52
52866 52
52932 0
53029 82
53098 82
53268 86
53481 0
53858 66
53968 0
54098 82
54608 0
55204 82
55282 0
55338 86
55346 61
55480 0
55621 82
55758 0
55781 86
55832 0
55946 52
56314 0
56392 66
56506 0
57014 52
57058 0
57090 82
57137 0
57461 66
57479 86
57544 86
58069 66
58146 0
58176 52
58180 0
58334 82
58468 52
58618 0
58619 75
58934 0
59006 52
59068 0
59114 52
59180 0
59363 82
59428 0
59562 52
59659 52
59726 0
59838 86
59891 0
60171 66
60461 0
60653 75
60662 52
61473 0
61511 61
61523 52
61788 0
62173 86
62341 0
62495 82
62524 0
62535 52
62863 0
63078 82
63260 0
63290 66
63327 0
63566 86
63876 52
64170 0
64422 75
64495 0
64573 82
65340 0
65522 52
65591 0
65692 61
65847 0
65869 52
65881 61
66323 0
66623 61
66660 0
66676 61
66842 0
66877 86
66934 0
67081 82
67087 0
67194 82
67423 0
67731 61
68072 61
68279 0
68462 75
68663 0
68815 61
69120 75
69188 0
69237 82
69467 66
69655 0
69759 52
70063 0
70116 86
70400 75
70548 0
70828 52
70943 86
70984 86
71059 0
71468 52
71484 0
71693 52
71817 82
72094 0
72181 66
72350 75
72551 0
72645 52
72763 0
73000 82
73691 52
74074 52
74116 0
74351 61
74371 0
74758 61
74951 66
75076 52
75340 82
75966 0
76015 82
76070 0
76227 52
76322 0
76354 75
76625 0
76652 66
76843 0
76875 52
77095 0
77177 66
77215 0
77495 52
77546 0
77626 75
77650 82
77701 0
77774 86
78070 0
78174 86
78681 0
79043 61
79111 0
79565 66
79694 0
79784 82
80042 0
80326 75
80420 82
81057 0
81168 52
81458 0
81485 52
81568 0
81632 66
81653 0
81846 82
81850 0
81913 86
81964 61
82081 0
82295 66
82314 61
82428 82
82531 0
82785 75
82842 0
83105 86
83378 0
83837 86
84102 52
84185 0
84397 52
84709 0
84819 52
85197 52
85296 0
85493 52
85501 0
85622 82
85775 0
85804 66
87152 0
87256 61
87487 0
87593 61
87621 0
87640 52
87772 0
87797 82
87898 0
88332 52
88335 0
88449 52
88641 61
89096 0
89542 86
89633 61
89820 52
89991 0
90088 61
90406 0
91322 82
91819 75
91997 0
92020 82
92088 82
92090 75
92097 66
92639 0
92895 82
93011 86
93170 0
93348 75
93350 86
93453 86
93576 0
93908 66
93941 66
94004 52
94351 0
94764 52
94792 0
95281 86
95390 0
95591 61
95617 0
95649 52
95656 0
95679 82
95748 0
95804 75
96034 0
96143 61
96491 0
97377 52
97538 52
97601 0
97675 82
97871 52
98015 0
98069 52
98914 0
98935 61
99154 86
99647 0
99668 75
399 events for 13
0 82
22 89
83 0
226 87
378 0
571 87
625 0
736 77
961 0
963 89
1073 85
1179 82
1822 0
1824 87
1870 89
2369 0
2594 77
2644 0
3145 77
3156 0
3702 82
4613 0
4666 89
4886 0
4973 87
5014 0
5168 77
5334 0
5796 75
6259 0
6487 85
6618 0
6773 82
6880 0
7093 82
8088 0
8576 82
8839 0
8918 77
9088 77
9382 0
9507 75
9813 0
10068 85
10105 0
10132 82
10289 0
10471 89
10805 87
10818 0
10840 87
10872 0
10883 89
11051 0
11409 87
11617 0
11661 87
13062 0
13351 87
13455 77
13956 0
14096 89
14308 0
14947 82
14961 0
15593 87
16429 0
16759 89
16770 77
16917 0
17349 89
17666 0
17758 75
17793 82
18202 0
18209 87
18419 0
18507 89
18783 0
18996 89
19034 0
19661 87
19683 85
19883 89
19963 0
20988 82
21038 0
21178 87
22115 0
22176 85
22233 87
22686 0
22741 89
22774 0
22861 77
23026 0
23273 77
23389 0
23559 77
24216 0
24283 89
24314 0
24743 77
25594 0
25690 89
25762 0
26855 87
27243 0
27465 77
28335 82
28472 0
29073 87
29532 0
29629 89
29711 82
30124 89
30145 0
31312 89
31447 77
31968 0
32125 75
32275 0
32450 85
32550 0
32634 82
33169 0
33591 75
33867 0
33874 89
34292 77
34418 0
34950 87
35437 0
35731 87
35869 0
36006 82
36096 77
36097 0
36169 89
36822 0
36846 87
36935 0
37284 85
37298 0
37786 77
37815 0
38056 87
38151 0
38337 85
39020 0
39050 75
39169 77
39373 0
39635 87
39787 85
39912 85
40238 77
40596 0
40766 82
41039 0
41235 77
41701 89
41807 77
42320 0
42426 85
42524 0
42663 77
42836 0
42946 89
43200 77
43375 0
43602 85
43684 0
43828 89
43981 77
44297 0
44580 87
44785 0
44993 89
45053 75
45099 0
45109 77
45353 89
45562 0
45675 82
45760 0
45788 77
45815 0
45970 87
45979 0
46063 75
46220 77
46934 0
46944 82
47112 0
47265 77
47365 0
47491 82
47975 0
48287 89
48383 75
48581 0
48809 77
48831 0
49272 75
49480 0
49721 77
49864 0
50051 82
50320 0
50479 82
50723 0
51194 89
51758 0
52291 75
52468 0
52638 77
52739 0
53304 77
53336 0
53558 77
53667 0
54053 85
54221 0
54368 87
54752 0
54896 77
55039 0
55658 77
55786 0
56327 89
56478 0
56545 82
57306 0
57441 82
57468 89
58456 0
58507 82
58844 0
58970 87
59089 87
59154 89
59813 0
60024 77
60062 0
60261 89
60302 0
60640 87
61317 75
61713 0
61869 77
61886 0
61945 77
62249 0
62262 87
62300 0
62354 77
62576 0
63540 75
63788 0
63830 89
63833 77
63839 0
64509 89
64546 0
64802 87
64819 85
64842 0
65027 87
65323 0
65463 89
65531 0
65687 77
66036 0
66048 75
66410 87
66545 0
66637 87
67323 0
67488 87
67497 77
67584 82
67940 87
68022 0
68040 87
68180 77
68552 85
68598 0
68720 82
69262 0
70060 89
70125 77
70398 0
70457 89
70791 82
70890 0
71074 89
71206 0
71425 89
71631 0
73673 89
74563 87
74887 0
75197 82
75746 0
75832 75
76230 0
76345 89
76419 87
76498 0
76623 89
76660 75
76662 0
77400 77
77421 0
78347 87
78425 82
78629 0
79503 77
80195 0
80345 87
80877 89
81061 0
81810 82
81843 77
81862 0
82189 87
82528 0
82620 89
82726 77
83588 0
83679 87
83729 87
83767 75
84029 0
84475 85
84486 0
84654 75
85234 0
85479 82
85669 0
85844 75
85862 0
86212 87
86579 0
86645 75
86894 0
87442 87
87872 85
88246 0
88718 82
88759 77
88890 0
89262 75
89451 0
89693 89
89786 87
89923 0
90048 75
90053 0
90078 77
90215 0
90250 89
90506 0
90558 82
90586 0
90718 87
90787 89
91283 0
91599 77
91715 0
92098 85
92099 0
92130 77
92153 0
92575 77
92768 85
93426 0
93744 82
94001 0
94059 82
94107 0
94514 87
94728 0
95228 87
95502 0
95890 89
96069 0
96078 89
96343 82
96642 0
96650 87
97082 0
97251 75
98106 0
98237 87
98248 0
98304 82
99166 0
520 events for 14
145 50
169 0
349 50
363 0
450 51
556 50
827 0
1160 51
1293 0
2376 51
2556 0
2870 51
2890 0
2924 51
2956 0
3069 51
3075 0
3485 50
3776 0
3865 51
3957 0
4087 50
4218 0
4318 51
4447 0
4506 50
4613 0
5066 51
5069 0
5093 51
5371 50
5562 0
5645 50
6134 0
6370 51
6672 0
6818 50
6885 0
7032 51
7050 0
7507 51
7522 51
7574 0
7660 50
8339 0
8601 51
8838 0
8841 50
8931 0
9035 51
9059 0
9729 50
9772 0
9905 50
10033 0
10257 51
10658 0
10866 50
11491 51
11509 50
11563 0
11644 50
11647 0
11871 50
11977 0
12979 50
13122 0
13251 50
13321 0
13485 51
13609 0
13651 51
13756 0
13979 50
14032 50
14077 50
14095 51
14181 0
14348 51
14565 0
14725 50
14876 50
15053 0
15085 51
15110 0
15438 51
15491 0
15572 51
15700 51
16102 50
16247 0
16286 51
16321 0
16682 50
16847 51
17028 51
17269 0
17521 51
17612 0
17736 51
17931 0
17988 50
18173 0
18449 51
18486 0
19017 51
19116 0
19457 51
19657 0
19703 50
19988 0
20046 50
20105 0
20335 51
20556 0
20699 51
20974 51
21334 0
21401 50
21781 0
21847 50
22024 0
22289 51
22342 51
22361 51
22483 0
23042 50
23243 0
23248 51
23344 0
23354 50
23691 0
23738 50
23758 0
23814 51
23832 0
23861 51
23935 0
24110 51
24279 0
24291 50
24424 0
24445 50
24499 51
24506 0
25012 50
25170 0
25269 51
25587 0
25849 51
26109 0
26128 50
26608 0
26961 51
26984 0
27047 51
27294 0
27301 50
27533 0
27634 50
27658 50
27765 50
27861 0
27925 50
27981 0
27990 51
28031 0
28276 50
28311 0
28432 51
29078 51
29311 0
29318 50
29466 0
29476 51
29715 51
30109 0
30637 50
30656 0
30971 51
31280 0
31456 50
31562 0
31587 51
31872 50
31930 50
31977 0
31994 50
32207 51
32352 0
32555 50
32763 50
32827 0
33007 51
33032 0
33220 50
33279 0
33518 50
33546 0
33919 50
33947 51
33970 50
34025 0
34030 51
34124 50
34518 0
34527 51
34596 0
34680 51
34759 0
34990 51
34999 50
35102 50
35164 0
35520 50
35564 51
35704 0
35851 51
35946 0
36130 50
36422 0
36540 50
36655 0
36765 50
37124 0
37432 51
37541 0
38274 51
38302 0
38347 50
38500 0
38519 50
38831 0
39027 50
39103 0
39252 51
39381 0
39519 51
40227 0
40383 51
40433 0
40705 51
40799 51
40919 50
41168 51
41170 0
41304 50
41737 0
42256 51
42666 50
42726 51
42797 0
43389 51
43675 0
43788 50
43863 50
44028 0
44038 50
44345 0
44381 51
45072 0
45083 51
45277 0
45420 51
45452 0
45511 51
45634 0
45735 51
46187 0
46193 51
46196 50
46971 0
47015 50
47096 0
47162 50
47173 0
47558 51
47603 0
47608 51
47661 0
47809 51
47843 50
48028 0
48731 50
48859 0
49047 51
49597 0
49820 50
49866 0
50080 50
50110 0
50249 51
51200 50
51361 0
51463 50
51549 0
51565 51
52048 0
52180 50
52332 50
52723 51
52988 0
53034 50
53561 0
53625 50
53925 0
54079 50
54553 0
54626 51
54772 0
54943 50
55117 0
55320 50
55719 0
56216 50
56253 50
56501 50
56791 0
56884 51
56897 0
57039 50
57090 51
57651 51
57849 0
59324 51
59582 0
59842 50
60000 0
60122 50
60264 0
60365 51
60634 51
61042 0
61070 51
61095 0
61100 50
61275 51
61359 51
61763 51
61792 50
62260 51
62496 0
62794 50
62796 51
62985 0
63229 50
63327 51
63641 0
64051 50
64081 0
64084 50
64258 0
64419 50
64467 0
65194 50
65529 0
65789 51
66121 0
66154 51
66191 0
66288 51
66537 50
67315 0
67576 51
67584 51
67750 0
68087 51
68123 0
68184 51
68210 0
69140 51
69464 0
69698 50
69796 0
69980 50
70003 0
70682 51
71353 0
71590 50
71866 0
72151 51
72449 51
72581 51
72627 0
72752 51
72793 0
72965 50
73032 0
73066 51
73104 0
73247 50
73275 0
73321 50
73690 0
74142 50
74210 0
74645 51
74706 50
74734 0
74810 51
75048 0
75092 51
75241 0
75459 51
75533 0
75773 51
76657 0
76844 51
76981 0
77586 50
77695 51
77733 0
77868 51
78469 0
78987 51
79199 51
79346 0
79522 51
79570 50
79668 0
79951 50
80060 0
80310 50
80337 0
80400 51
80408 0
80512 51
80632 0
80908 51
81043 0
81061 51
81234 51
81557 50
81957 0
82423 51
82513 0
82515 50
82633 0
82668 51
82962 0
83161 51
83212 0
83217 51
83335 0
83671 50
84243 51
84291 51
84309 0
84515 50
84517 0
84726 50
84917 0
85277 51
85473 0
85503 50
85910 51
85935 50
85979 51
86060 50
86067 0
86646 51
86716 50
86771 0
86903 51
87416 0
87469 51
87549 51
87634 0
87709 51
88150 50
88809 0
88960 51
88989 0
89250 51
89287 0
89675 51
89761 0
89854 51
89857 51
89895 0
89992 50
90011 50
90080 0
90148 51
90264 0
90464 50
90588 51
90982 0
91521 50
91635 50
91766 51
92253 51
92386 0
92477 51
92543 0
92703 51
92835 0
93035 51
93268 0
94030 51
94328 50
94429 51
94533 0
94678 51
95513 0
95795 50
96504 0
96706 50
96751 0
96963 51
97433 50
97979 0
98136 50
98139 50
98201 50
98234 51
98272 0
98516 50
98905 0
98964 50
575 events for 15
296 68
354 0
405 65
587 64
597 0
937 65
1259 65
1313 0
1621 68
1826 60
1879 64
2089 65
2160 0
2442 63
2470 0
2703 64
2872 0
3166 65
3291 0
3347 68
4138 0
4189 60
4280 0
4493 60
4563 0
5184 65
5301 0
5461 64
5732 0
5832 60
6118 0
6268 64
6769 0
7175 64
7407 0
7664 68
7757 0
7922 63
8025 64
8096 65
8415 0
9051 64
9198 64
9223 0
9455 65
9695 65
10450 0
10471 60
11002 0
11218 64
11399 0
11529 60
11532 0
11559 64
12039 0
12192 64
12342 0
12445 65
12489 0
12565 65
12570 0
13253 63
13417 65
13476 0
13653 63
13826 0
13926 65
13940 64
14328 0
14442 64
14743 65
14820 0
15135 68
15197 0
15605 64
15640 0
15782 63
15959 0
15966 63
15979 0
16453 63
16477 64
16532 0
16593 64
17138 0
17405 60
17576 0
18002 64
18224 0
18265 68
18290 0
18456 65
18714 0
18763 64
19085 0
19140 65
19174 60
19423 0
19495 64
19702 0
19789 63
19987 0
20404 64
20563 0
20607 65
21237 0
21320 68
21454 0
22030 63
22490 0
22693 60
22984 65
23154 0
23168 64
23267 0
23588 60
23761 0
23808 63
23912 0
24047 64
24116 0
24180 65
24233 0
24565 65
24669 0
24818 64
24911 0
25174 63
25333 0
25340 65
25446 0
25520 60
25595 68
25670 0
25794 68
25893 0
25993 65
26161 0
26163 65
26341 0
26509 65
26519 0
26547 68
26703 0
27141 65
27165 64
27253 0
27281 65
27394 0
27412 65
27480 63
27553 0
27793 64
27855 0
27901 68
28219 0
28338 63
28507 0
28759 65
28772 0
28929 65
29140 0
29148 65
29170 0
29227 68
29427 60
29452 0
29903 65
30030 60
30411 64
30433 0
30634 65
30635 64
30691 65
30892 0
30990 65
31220 60
31293 0
31574 68
31755 0
31965 63
32132 65
32313 0
32372 68
32511 0
32794 64
32946 0
33244 64
33649 63
33858 0
33910 65
34302 0
34464 65
34531 0
34580 65
34687 0
34723 65
34764 0
35091 65
35120 0
35582 64
35686 0
35757 60
36477 0
36585 64
36645 0
36691 64
36755 0
37123 65
37175 65
37205 0
37409 60
37501 63
37532 0
37806 64
37914 0
38065 68
38483 0
38496 68
39044 0
39088 65
39217 0
39356 65
39427 0
39788 65
39862 0
39907 65
40588 0
40649 60
40707 0
40819 65
40891 65
41049 0
41093 65
41167 0
41197 65
41247 64
41638 0
41752 64
41771 63
41994 0
42891 64
42906 0
43061 68
43274 0
43369 63
43478 0
43600 68
43669 0
43822 60
44108 0
44196 63
44212 0
45069 60
45135 60
45611 65
45931 0
45962 65
46894 0
47294 68
47433 0
48076 65
48247 0
48306 65
48613 65
48783 0
49043 64
49264 0
49339 64
49513 0
49531 63
49614 65
49649 0
50255 65
50267 0
50424 68
50552 64
51180 68
51195 0
51257 65
51804 0
51860 68
52140 0
52179 63
52311 65
52697 0
53145 64
53204 60
53233 0
54223 60
54247 0
54653 64
54745 0
55408 60
55503 0
55830 65
55985 0
56012 64
56173 65
56479 0
56605 65
57207 0
57272 63
57486 64
57545 0
57797 65
57928 65
58071 0
58324 63
58575 0
58579 63
58901 65
59249 0
59258 64
59517 0
59582 64
60034 0
60176 65
60397 0
60439 64
60552 0
60706 65
60792 68
60793 0
61143 65
61248 0
61604 63
61610 64
61674 0
61772 63
61788 0
61996 64
62271 0
62512 68
62703 0
62792 64
62882 65
62942 0
62971 65
63257 60
63685 0
63839 68
63897 0
63969 64
64125 0
64344 65
64395 0
64537 65
64620 0
64650 64
64821 0
64945 64
65293 0
65369 64
65820 65
66484 0
66560 64
66805 64
66874 0
67142 65
67147 0
67154 64
67224 0
67293 65
67303 0
67507 65
67521 0
67624 64
67817 0
67832 64
67920 60
68199 0
68959 65
69045 65
69046 0
69541 64
69576 65
69951 64
70212 0
70222 63
70775 63
70818 0
70947 64
71402 0
71411 65
71476 0
71623 68
71960 68
72401 0
72568 65
72707 0
72934 65
73245 0
73413 68
73487 0
73671 68
73722 0
73741 68
73885 65
74219 0
75113 64
75183 0
75216 68
75301 0
75621 68
76038 68
76043 64
76114 0
76297 64
76495 0
76504 68
76853 0
76873 64
76981 60
77112 0
77228 65
77270 68
77366 63
77537 68
77667 0
77717 64
78115 64
78198 0
78264 64
78542 0
78605 64
78738 65
78925 0
79104 65
79141 0
79318 63
79345 0
79483 64
79631 65
79640 64
79677 0
79759 64
79835 64
79875 65
79961 0
80091 65
80359 64
80361 0
80762 65
80848 0
81181 65
81470 0
81535 64
81660 0
81887 63
81993 0
82473 68
82558 0
82847 68
82887 0
82946 65
83064 0
83215 68
83224 60
83488 0
83599 60
83780 0
83789 65
83949 60
83992 0
84210 64
84410 0
84436 64
84513 63
84639 63
84759 64
84855 0
84868 63
84880 68
84981 0
85161 68
85226 64
85240 0
85264 65
85757 0
85887 64
85931 0
85947 65
86160 65
86223 0
86363 65
86451 68
86539 0
86585 63
86657 0
86694 60
86947 0
87240 68
87256 0
87775 64
87824 0
87878 63
87946 63
87992 0
88049 68
88171 0
88291 64
88356 0
88497 65
88504 0
88679 65
89180 65
89208 64
89261 63
89344 0
89368 64
89481 0
89881 65
89956 0
90110 63
90225 0
90315 65
90952 63
90970 0
91004 63
91118 0
91200 65
91562 0
91579 64
91784 0
91935 64
91949 0
92129 64
92194 0
93011 65
93023 0
93259 65
93484 0
93796 63
93825 64
94600 65
94615 0
94673 65
94756 0
95009 64
95092 0
95232 68
95267 0
95389 64
95916 64
96039 0
96089 64
96153 0
96199 65
96420 0
96772 65
97051 0
97081 64
97119 0
97189 64
97377 0
97559 64
97829 64
97938 0
98159 60
98270 0
98351 63
98443 0
98544 68
98686 68
98765 64
98881 0
99030 68
99144 0
99198 64
99275 0
99496 65
99785 0
99816 64
99975 0
