8 buffers
220456 14875
92462 16726
94384 5776
162986 22347
161966 16504
113678 16274
231762 31957
276710 37876
60 downlinks
0 250 1667 359
1 1917 3334 361
2 3584 5001 337
3 5251 6668 376
4 6918 8335 289
5 8585 10002 380
6 10252 11669 338
7 11919 13336 352
8 13586 15003 280
9 15253 16670 362
10 16920 18337 352
11 18587 20004 360
12 20254 21671 373
13 21921 23338 310
14 23588 25005 350
15 25255 26672 371
16 26922 28339 392
17 28589 30006 362
18 30256 31673 321
19 31923 33340 309
20 33590 35007 315
21 35257 36674 317
22 36924 38341 370
23 38591 40008 301
24 40258 41675 334
25 41925 43342 383
26 43592 45009 310
27 45259 46676 322
28 46926 48343 344
29 48593 50010 338
30 50260 51677 279
31 51927 53344 343
32 53594 55011 347
33 55261 56678 299
34 56928 58345 394
35 58595 60012 375
36 60262 61679 303
37 61929 63346 402
38 63596 65013 341
39 65263 66680 352
40 66930 68347 413
41 68597 70014 333
42 70264 71681 298
43 71931 73348 317
44 73598 75015 388
45 75265 76682 358
46 76932 78349 286
47 78599 80016 383
48 80266 81683 318
49 81933 83350 307
50 83600 85017 294
51 85267 86684 357
52 86934 88351 380
53 88601 90018 309
54 90268 91685 364
55 91935 93352 380
56 93602 95019 283
57 95269 96686 333
58 96936 98353 378
59 98603 100020 327
107 events for 0
1369 79
2191 79
3812 0
5657 79
5671 0
6150 79
7013 0
8779 79
11087 0
12882 79
13129 0
14050 79
14110 79
14317 0
15468 79
17171 79
19142 0
21262 79
21677 0
21916 79
22740 0
23615 79
23819 79
25249 79
27961 79
28432 0
29385 79
29607 79
31475 0
32689 79
32759 0
33101 79
34641 0
35225 79
38487 79
38644 79
38794 0
39998 79
44996 0
45492 79
45927 0
47863 79
49653 79
50529 0
50536 79
50586 0
50969 79
51544 79
52827 0
53027 79
53115 79
54140 79
54859 0
55662 79
55745 79
56286 79
57606 79
57705 0
58514 79
58903 0
59596 79
59721 79
61315 0
62338 79
62585 0
63513 79
65333 79
66174 79
67092 0
68332 79
68695 0
69116 79
69135 79
69873 0
70703 79
71523 79
71683 0
72699 79
73551 0
73755 79
73966 0
74024 79
74926 0
75984 79
78684 79
79411 0
80767 79
80877 0
84907 79
86229 0
87286 79
87377 0
87920 79
90002 0
90279 79
90343 0
90430 79
92270 0
93417 79
93694 0
93872 79
94470 0
94521 79
97155 0
97157 79
99689 0
99866 79
415 events for 1
613 35
1242 0
1325 35
1394 35
1521 0
1705 35
1826 0
2131 35
2288 0
2293 35
2305 0
2395 35
2623 0
2666 35
2826 0
2958 35
3217 0
3223 35
3787 0
3896 35
4253 0
4354 35
4364 0
4555 35
4664 0
4701 35
4898 35
5027 0
5107 35
5530 0
5571 35
5633 0
5779 35
5786 0
5969 35
5991 35
6352 0
6410 35
6631 35
7161 0
7620 35
7629 0
7664 35
7693 0
7717 35
7904 0
7908 35
8654 0
8659 35
8721 0
8745 35
8882 0
9169 35
9339 35
9388 0
9762 35
9944 35
10477 0
10535 35
10713 0
11697 35
11846 0
12200 35
12320 0
12886 35
13024 0
13302 35
13647 0
13811 35
13821 35
14104 0
14167 35
14594 35
14948 0
14976 35
15011 0
15152 35
15642 0
15683 35
16035 0
16940 35
16963 0
17131 35
17137 35
17141 35
17231 0
17613 35
17709 0
18235 35
18356 0
18372 35
18382 0
18989 35
19108 0
19130 35
19183 0
19905 35
19935 0
19965 35
20333 35
20963 0
21222 35
21704 35
21842 0
22045 35
22116 0
22237 35
22263 35
22433 0
22582 35
22837 0
23396 35
23411 35
23433 0
23522 35
23552 0
24420 35
24512 0
24790 35
25186 0
25287 35
25359 0
25374 35
25515 0
26207 35
26330 0
26437 35
26470 0
26485 35
26492 35
26567 0
26636 35
26902 0
27004 35
27194 0
27345 35
27587 0
27680 35
27994 0
28027 35
28637 0
28822 35
29063 35
29298 35
29466 35
29471 0
29539 35
29784 0
29945 35
29961 35
30064 35
30683 0
30943 35
31238 0
31520 35
31605 35
32164 35
32270 35
32324 0
32535 35
32754 0
32927 35
32963 0
33494 35
33618 35
33770 0
34014 35
34992 0
35147 35
35201 35
35407 35
35963 0
36006 35
36263 0
36383 35
36436 35
36471 0
37265 35
37353 0
37662 35
37674 0
38167 35
38350 35
38688 0
38714 35
38775 0
39339 35
39656 0
40018 35
40066 35
40426 0
40469 35
40595 0
40696 35
40993 0
41644 35
42616 35
43288 0
43501 35
43576 35
43884 0
43900 35
43935 0
44005 35
44220 0
44924 35
45522 0
45586 35
45658 0
46255 35
46437 0
46858 35
46861 0
47004 35
47144 0
47171 35
47561 0
47936 35
48111 0
48180 35
48195 0
48263 35
48406 0
49169 35
49403 35
49455 35
49459 35
49810 0
49840 35
49870 0
50293 35
50455 0
50575 35
50717 35
51554 0
52701 35
52760 35
53087 35
53108 0
53950 35
54291 0
54622 35
55202 35
55298 0
55355 35
55452 0
55486 35
55539 35
55685 0
55798 35
56052 0
56074 35
56347 35
56390 0
56767 35
57004 0
57694 35
58163 0
58711 35
60091 0
60363 35
60782 0
60904 35
61663 0
62069 35
62488 35
62555 35
62597 35
62878 0
63005 35
63599 0
63798 35
64859 0
65397 35
65931 0
66219 35
66329 0
66497 35
66576 0
66629 35
66711 35
66773 0
66791 35
66975 0
67271 35
67527 0
67651 35
67931 35
68168 0
68461 35
68605 0
68768 35
69076 35
69165 0
69272 35
70139 35
70309 0
70361 35
70626 0
71166 35
71198 35
71795 35
72029 0
72390 35
72473 35
72533 0
72631 35
72687 0
72871 35
73033 0
73078 35
73297 0
73316 35
73409 35
73493 0
73791 35
73822 0
73909 35
73954 0
74095 35
74240 0
74714 35
75141 0
75143 35
75391 0
75416 35
75532 0
75675 35
75680 0
75694 35
76279 0
76399 35
76792 0
76830 35
76863 0
76908 35
76913 0
77291 35
77821 0
77863 35
78047 0
78582 35
78903 35
78909 0
79022 35
79497 0
79629 35
80130 0
80222 35
80470 0
80522 35
80863 0
81094 35
81156 0
81280 35
81300 0
81500 35
81967 35
82273 35
82534 35
82594 35
83193 35
83326 0
83801 35
83979 0
84396 35
84917 35
85182 0
85227 35
85638 35
85835 0
86341 35
86690 0
88111 35
88172 35
88193 35
88347 0
88696 35
88773 35
88980 0
89318 35
90189 0
90950 35
91616 0
91728 35
92056 0
92255 35
92577 35
93083 35
93545 0
93611 35
93620 0
94647 35
94696 0
94882 35
94955 0
95139 35
95225 0
96124 35
96134 0
96191 35
96211 0
96258 35
96308 0
96361 35
96475 0
96600 35
97872 0
98243 35
98265 35
98339 0
98675 35
99137 35
99150 0
99879 35
807 events for 2
96 42
454 42
1058 23
1260 0
1285 42
1501 0
1547 42
1587 0
1611 14
1686 0
1840 42
1864 42
1887 0
1915 13
1954 0
2441 20
2635 0
2759 20
2776 0
2819 36
2974 0
3178 20
3582 0
3706 13
3742 36
3750 0
3798 13
3857 14
3908 0
3967 20
4109 0
4116 42
4389 0
4467 36
4525 0
4535 23
4674 42
4778 0
4915 20
5099 0
5897 36
5922 0
6533 36
6595 14
7341 0
7382 42
7550 0
7684 13
7777 0
7897 20
7901 0
7937 14
7983 0
8024 42
8097 0
8329 36
8473 0
8570 36
8586 0
8736 20
8887 0
8910 14
8950 20
9431 23
9491 0
9606 42
9654 0
9776 13
10046 42
10124 23
10175 0
10176 13
10343 0
10445 42
10573 0
10622 36
10707 0
10778 20
11212 0
11364 13
11395 0
11470 23
11542 36
11727 0
11999 42
12139 0
12216 13
12317 0
12361 14
12383 0
12641 36
12698 0
12713 42
12737 14
12865 0
12886 42
12892 0
13120 42
13141 14
13411 0
13438 20
13656 0
13936 42
13964 0
14023 20
14316 14
14483 0
14597 23
14736 0
14795 20
14837 14
14917 0
14985 13
14995 0
15144 36
15186 0
15312 42
15320 0
15343 42
15613 0
15704 20
15737 0
15765 42
16012 0
16090 23
16288 0
16306 20
16796 0
16915 42
16941 0
16954 23
16955 0
17077 23
17148 0
17521 42
17632 13
17758 0
18039 42
18059 23
18973 14
18986 0
18990 14
19154 0
19344 42
19508 36
19587 0
19659 20
19734 0
19748 42
19769 0
20034 36
20069 0
20132 36
20250 36
20265 0
20313 14
20388 0
20434 42
20435 0
20873 36
20900 0
20998 23
21014 0
21019 23
21175 0
21251 42
21386 14
21879 0
21989 20
22159 0
22221 36
22337 0
22519 23
22560 0
22645 14
22696 0
23175 36
23197 0
23280 14
23305 42
23623 0
23697 23
24030 0
24100 23
24329 0
24446 42
24521 0
24549 42
24609 0
24629 13
24950 0
25132 23
25183 0
25310 13
25434 0
25495 42
25520 0
25523 42
26029 0
26079 14
26143 0
26154 42
26171 0
26302 14
26323 0
26523 36
26734 42
26736 0
27027 42
27064 0
27079 13
27114 0
27379 23
27384 13
27871 20
27956 0
28035 23
28215 0
28216 20
28385 23
28486 20
28844 42
28881 0
28940 20
29021 20
29057 0
29406 14
29451 0
29530 14
29666 0
30225 20
30313 0
30379 20
30428 0
30525 13
30541 13
30565 0
30566 20
30615 36
30647 36
30762 23
30837 42
31040 42
31221 0
31234 36
31665 0
31944 42
31996 23
32269 0
32312 23
32329 0
32588 13
32875 0
32882 42
33343 23
33460 42
33513 14
33670 14
33732 42
33750 0
33758 13
34255 42
34669 0
34729 23
34908 0
35309 20
35639 0
35698 42
35763 0
35985 14
36058 0
36111 20
36336 0
36370 36
36392 0
36457 42
36460 0
36485 36
36521 23
36710 0
36849 23
36923 14
37156 0
37188 36
37427 42
37449 0
37611 36
37718 0
38025 13
38084 0
38331 42
38349 0
38532 42
38598 23
38701 0
38798 42
38849 14
38872 0
38998 23
39081 0
39318 42
39561 14
39584 0
39623 42
39664 0
39682 20
39714 0
39805 42
40029 0
40058 20
40089 14
40271 0
40622 13
40963 0
40985 42
41076 0
41085 42
41171 42
41611 42
41679 14
41714 0
41742 13
41840 0
41918 23
41940 0
41953 14
42001 0
42004 14
42138 42
42228 0
42230 13
42452 0
42588 42
42689 13
42865 0
42925 20
43476 0
43522 14
43803 0
43847 36
43937 42
44001 0
44035 36
44100 20
44245 0
44439 42
44563 36
44647 0
44715 20
44843 0
45114 20
45187 13
45337 13
45551 0
45653 42
45693 0
45736 42
45739 0
46055 36
46170 0
46263 20
46321 36
46492 23
46609 0
46664 42
46872 0
46883 13
47024 0
47108 42
47146 0
47355 42
47424 13
47515 14
47555 0
47658 14
47668 0
47701 20
47802 0
47963 13
48078 42
48205 23
48268 0
48390 42
48424 0
48539 13
48693 0
48732 23
48735 13
48891 0
48957 20
49028 0
49305 20
49521 0
49687 42
49787 23
49818 0
49937 14
50168 0
50338 42
50472 13
50506 42
50657 0
50722 42
50744 0
50827 36
51124 0
51147 42
51157 0
51204 42
51313 23
51343 0
51356 42
51627 42
51754 23
51791 0
51897 42
51933 0
52105 42
52259 0
52289 42
52339 42
52423 0
52436 13
52817 20
52871 0
52956 23
52996 0
53007 14
53071 0
53098 36
53227 0
53267 14
53341 0
53371 42
53744 0
53753 36
53795 0
53847 42
54057 0
54637 42
54761 0
54820 14
54822 0
55177 42
55212 0
55272 42
55310 0
55480 36
55506 0
55524 42
55660 0
55868 13
55953 0
56340 36
56500 0
56552 20
56686 0
56745 42
56756 20
56908 0
57001 42
57254 14
57382 0
57431 23
57492 0
57651 36
57667 42
57675 0
57846 36
57854 36
58134 42
58224 0
58234 23
58399 0
58466 42
58871 0
58955 23
59028 0
59201 42
59305 0
59928 20
60053 0
60102 23
60150 0
60317 14
60387 13
60435 23
60595 23
60643 0
60755 23
60766 0
60804 14
60973 0
60986 42
61207 0
61396 13
61442 0
61560 20
61659 0
62306 42
62352 0
62355 13
62443 0
62551 42
62787 0
62843 20
62994 0
63028 42
63105 14
63183 0
63287 23
63367 42
63710 0
63867 42
64143 0
64222 14
64391 0
64438 42
64480 0
64666 36
64901 0
64963 13
64995 0
65046 20
65103 20
65237 0
65247 42
65410 0
65427 20
65561 0
65899 20
65909 0
66083 42
66310 36
67003 0
67047 14
67684 0
67762 13
67975 0
67981 13
68164 0
68486 20
68577 0
68723 14
68900 13
68977 36
69104 0
69153 13
69284 0
69421 36
69517 14
69578 14
69682 23
69692 20
69693 42
69748 0
69911 13
69925 0
69992 13
69998 23
70154 0
70423 14
70528 0
70610 36
70631 0
70670 14
70749 0
70835 23
70854 0
71328 36
71501 0
71611 20
71895 36
72019 0
72103 14
72183 0
72200 42
72211 23
72572 0
72653 36
72804 0
72826 14
72858 0
72895 23
72911 0
73204 13
73223 0
73239 42
73379 13
73657 0
73676 13
73692 14
73986 42
74003 0
74029 42
74111 0
74330 14
74819 0
75139 13
75385 14
75414 0
75593 42
75609 0
75623 42
75831 36
75916 0
75941 13
75999 0
76241 42
76243 0
76251 20
76635 0
76749 20
76790 0
76824 23
76921 0
76933 13
76974 0
77136 42
77168 0
77220 23
77259 36
77295 0
77411 23
77614 0
77840 36
77858 42
77996 0
78046 23
78141 0
78233 42
78496 36
78500 0
78552 42
78677 0
78687 20
78726 0
78740 42
78887 0
79008 13
79111 0
79159 23
79185 14
79274 0
79368 14
79388 42
79944 0
79958 23
80372 20
80565 0
80566 23
80728 0
80738 14
80787 0
80911 42
81101 0
81267 42
81365 0
81431 13
81476 0
81488 14
81554 0
81582 13
81606 36
81772 20
81833 0
82358 42
82412 0
82697 42
82704 0
82844 42
83036 0
83421 14
83553 23
83951 23
83980 0
84005 42
84065 0
84071 36
84219 23
84224 0
84708 23
84863 0
84868 42
85183 14
85283 0
85438 14
85481 0
85537 23
85701 13
85890 0
86100 42
86235 0
86242 14
86290 0
86634 23
86661 0
86708 14
86803 42
86806 0
87046 42
87050 0
87087 42
87280 0
87319 42
87357 42
87540 20
87543 0
87699 20
87776 0
87808 14
88027 0
88119 23
88120 0
88136 13
88291 0
88292 42
88294 0
88329 20
88406 0
88435 42
88515 0
88658 14
88789 0
89269 20
89338 36
89347 0
89362 36
89614 0
89808 42
89824 0
90057 13
90168 36
90288 0
90411 42
90423 0
90569 42
90709 20
90874 0
90895 14
91002 0
91056 14
91104 0
91278 20
91441 0
91536 42
91587 0
91603 14
91604 0
91840 14
91955 0
92013 36
92098 0
92175 20
92186 14
92291 0
92430 23
92642 20
92864 42
93036 13
93083 0
93505 14
93618 20
93776 0
94181 20
94311 0
94335 42
94534 0
94580 36
94880 13
94939 0
94988 23
95017 0
95131 20
95410 0
95458 42
95703 0
95874 20
95945 0
95966 23
96080 0
96132 20
96269 0
96347 23
96585 42
96692 0
96928 36
97627 0
97629 42
97656 42
98172 0
98178 13
98332 0
98361 13
98464 14
98666 0
98860 23
99133 23
99162 42
99301 23
99531 0
99674 23
99818 0
99833 42
99889 0
99891 20
99946 0
593 events for 3
20 61
121 0
157 28
515 0
645 28
688 0
741 61
831 0
1029 61
1350 0
1504 44
1602 72
1970 0
2261 72
2445 28
2513 44
2533 61
2538 0
2591 61
3256 44
3403 0
3475 84
3614 0
4029 84
4058 0
4078 84
4554 0
4626 28
4781 0
4786 84
5180 28
5390 0
5468 84
5605 0
5872 28
5937 84
6315 84
6362 0
6604 84
6760 0
6891 84
7141 0
7149 28
7226 0
7242 28
7564 0
7997 84
8009 0
8202 44
8289 0
8382 84
8518 0
8629 44
8729 28
8822 0
9167 84
9170 0
9232 28
9302 0
9345 28
9485 0
9549 84
9802 44
9939 0
10110 28
10224 0
10623 72
10625 0
10664 28
10769 0
10839 61
10893 72
11106 0
11461 61
11813 28
12836 44
12842 0
12868 61
12939 0
13069 61
13101 0
13347 61
13540 44
13625 0
13631 61
14244 0
14251 28
14909 0
15358 44
15468 0
15568 84
15623 0
15659 72
15836 28
15981 61
16057 61
16181 0
16325 84
16726 0
16740 72
16827 0
16848 72
16930 61
16935 0
16974 72
16994 0
17044 72
17221 28
17494 28
17796 0
17869 44
17891 0
18088 61
18097 0
18275 44
18405 72
18718 0
18920 72
19010 28
19141 0
19478 44
19619 61
19702 61
19737 44
19941 0
20170 72
20343 72
20535 0
20628 84
20670 0
20764 44
20772 0
20903 28
21015 0
21091 28
21121 61
21210 0
21558 61
21655 0
21679 28
21769 0
21993 84
22150 72
22174 0
22249 61
22252 0
22451 44
22496 84
23015 0
23035 72
23038 0
23082 44
23151 0
23350 61
23854 0
23882 28
24281 84
24302 0
24455 28
24458 0
24543 44
24821 72
24851 0
24926 61
24964 28
24965 0
25242 61
25965 28
25983 0
26711 72
26723 61
27021 0
27481 61
27840 0
27865 28
28292 0
28773 84
28928 0
29128 72
29831 0
29845 28
30181 44
30299 0
30555 72
30557 61
30566 44
30786 0
31209 28
31451 0
31823 72
32017 0
32490 72
32559 61
32601 0
32604 61
32954 0
32975 28
33137 0
33748 44
33754 0
34043 84
34275 0
34287 44
34347 0
34744 61
34906 84
35613 44
35719 84
36360 0
36380 28
36729 61
37147 0
37407 44
37638 0
37739 44
37771 0
37821 28
38061 0
38322 28
38620 0
38831 72
38892 0
38961 84
39084 61
39144 84
39161 0
39177 61
39267 0
39438 44
39450 61
39953 0
40296 72
40436 0
40441 28
40720 44
41020 0
41118 84
41170 44
41231 0
41481 61
41517 44
42116 0
42259 84
42303 0
42304 61
42316 0
42380 72
42653 61
42944 0
42945 72
42998 0
43013 61
43036 0
43224 84
43661 0
43685 61
43698 0
43765 84
43777 0
43802 44
43904 0
44030 61
44181 0
44281 61
44361 28
44401 0
44412 72
44520 0
44632 61
45111 0
45139 61
45528 0
45716 61
45759 0
45784 28
46013 44
46350 0
46557 61
46769 0
46855 72
47488 0
47743 72
47840 0
48057 28
48617 0
49010 28
49027 0
49060 84
49275 0
49424 61
49518 0
49603 72
49859 0
50034 44
50038 44
50151 0
50167 28
50381 0
50629 72
50663 0
50732 28
50808 0
50838 44
50855 44
50882 0
51068 28
51156 0
51372 72
51492 0
51599 28
51601 0
51728 44
51736 0
52265 61
52384 44
52457 0
52553 61
53107 0
53217 72
53240 0
53463 84
53521 0
53527 44
53838 0
53928 72
53954 44
54054 0
54099 72
54166 0
54214 28
54624 28
55326 0
55329 61
55354 44
55431 0
55515 72
55628 84
55714 0
55864 72
55934 61
56413 61
57077 28
57138 0
57404 84
58023 0
58244 84
58279 0
58346 28
58479 0
58521 72
58632 0
58707 28
58984 0
59186 44
59294 0
59355 44
59930 0
59946 44
59998 0
60758 84
60805 61
61038 0
61294 61
61560 0
61620 72
61725 0
62290 28
62603 0
62641 84
62725 72
62747 0
62835 84
62873 0
62935 61
62942 0
62943 84
63171 0
63189 44
63325 0
63336 61
63360 61
63379 0
63382 72
63690 61
64037 0
64063 61
64097 28
64282 0
64285 61
64304 0
64561 61
64616 0
64871 72
65134 0
65154 44
65318 0
66529 84
66599 61
66703 0
67135 28
67507 0
67690 72
67804 0
68165 44
68260 0
68467 72
68519 0
68572 28
68587 0
68641 28
68743 0
69329 28
69573 28
69576 0
69947 61
70100 0
70151 72
70635 61
70773 0
71197 61
71201 0
71244 61
71473 44
71579 84
71675 72
71906 0
71940 28
71951 0
72145 44
72719 28
73016 28
73183 0
73245 44
74029 0
74129 44
74198 0
74217 84
74373 61
74420 84
75041 61
75108 0
75146 44
75245 72
75352 28
75366 0
75386 28
75443 0
75511 44
75632 0
75867 28
75873 0
76194 61
76357 0
76364 84
76661 61
76714 0
76726 28
77108 0
77543 72
77669 61
78599 72
78634 0
78655 84
79023 61
79492 0
79571 61
79692 0
79759 61
79886 0
79941 61
80003 0
80124 28
80363 0
80381 61
80412 0
80443 61
80520 0
80630 72
80756 28
80773 0
80800 28
81107 0
81265 72
81710 0
81797 84
81871 0
82169 84
82724 61
82855 0
83406 72
83555 0
83673 44
83775 0
84304 72
84361 0
84411 72
84453 0
84699 28
84863 0
85248 84
85284 0
85294 28
85360 61
85781 61
85789 72
86147 0
86235 84
86252 0
86362 84
86424 0
86434 28
86618 0
86681 28
86712 0
87030 84
87371 0
87909 61
87916 0
87979 28
87998 0
88291 28
88691 28
88694 0
88720 61
88816 0
88845 28
88921 0
88995 72
89565 0
89572 28
89807 0
90697 84
90834 0
91177 61
91359 0
91430 44
91457 84
91884 0
92448 28
92644 0
92677 61
92754 28
92892 0
92900 28
92951 0
93351 84
93396 28
93419 61
93458 0
93642 72
93712 44
93785 0
93800 72
93831 72
93853 61
94062 0
94117 44
94137 44
94319 0
94399 28
94796 0
94803 28
95017 61
95066 0
95103 61
95178 61
95641 0
95660 84
95711 72
95818 44
95845 0
95958 72
96049 0
96265 44
96331 0
96387 61
96705 0
97142 61
97224 28
97348 0
97639 44
97889 0
98076 61
98253 0
98502 44
98645 0
98658 72
99031 0
99450 84
99532 72
99587 84
99789 0
99933 84
364 events for 4
280 33
942 0
1193 73
1272 0
1976 58
2489 81
2871 80
2969 0
3450 60
3463 0
3511 80
3866 73
4512 59
4665 80
5030 0
5283 81
5871 0
6796 81
6903 0
7011 59
7201 0
7712 80
8066 0
8522 59
8770 33
8996 0
9020 33
9230 60
9422 0
9727 73
10102 0
10259 59
10769 0
10916 80
11428 0
11772 60
11957 0
12021 81
12543 0
13712 81
14088 0
14469 73
14582 0
14699 33
14861 0
14990 60
15074 60
15187 0
15457 60
15545 81
15550 0
15598 33
15621 80
15622 81
15675 33
15693 0
15811 81
16027 0
16218 59
16320 0
16716 59
16724 59
16782 59
16840 0
16979 58
17014 0
17595 33
18122 59
18632 0
18675 80
18920 0
18991 80
19069 0
19295 73
19583 0
20098 80
20452 81
20747 0
20757 60
20839 0
21117 60
21702 60
21816 0
23564 33
23817 80
24722 0
24897 80
25176 0
25202 58
25563 0
25734 59
26228 58
26246 0
26472 73
26727 0
26941 59
27309 81
28120 0
28496 58
28624 0
28858 80
29348 0
29352 81
29450 0
29479 59
29806 81
29914 81
30162 0
30498 81
30624 0
31004 73
31421 0
31741 60
31888 0
32066 80
32146 0
33180 33
33544 73
33705 0
33910 58
33954 0
34232 60
34296 0
34334 81
34603 73
34754 73
34851 0
35177 58
35196 0
35770 81
36069 0
36258 73
36622 0
36989 80
37114 0
37224 81
37236 0
37848 73
37877 81
38138 0
38884 81
39805 0
39949 60
40362 81
40511 0
40924 59
41098 0
41498 58
42201 0
42232 58
42396 0
42683 73
42801 0
43412 81
43432 0
44076 33
44145 33
44267 0
44484 33
45155 0
45894 73
45944 0
46630 33
46696 0
46805 59
47058 0
47595 60
47945 0
48003 60
48166 0
48370 81
48397 0
48448 81
50095 0
50114 59
50306 81
50698 0
50878 58
51255 0
51278 59
51358 58
51854 0
51983 58
52155 0
52621 60
52910 0
53480 60
54511 0
54538 60
54783 73
55279 0
55284 33
55372 0
55561 81
55706 0
56176 58
56275 81
56413 0
56799 81
56985 60
57009 0
57512 81
57778 58
57865 0
57878 33
57963 0
58018 81
58062 0
58159 60
58260 0
58333 59
58359 58
58476 81
58946 73
59174 0
59516 58
59558 0
59862 59
59981 0
60283 58
60714 0
60991 58
61011 0
61521 59
61647 0
61970 80
62018 0
62028 81
62044 0
62149 73
62268 0
62449 33
62995 0
63087 58
63527 0
63686 80
63689 0
63753 60
64400 0
64618 80
64957 0
65139 60
65534 60
65612 81
66230 0
66817 59
66840 0
66842 59
67096 80
68021 0
68310 58
68622 58
68755 0
68986 73
69744 0
69859 73
70079 0
70153 73
70386 0
70787 73
70796 0
70986 73
70987 0
71245 59
71417 0
71652 81
71909 60
72082 0
72212 58
73616 81
74074 0
74225 80
74504 0
74537 60
74926 81
75213 73
75284 0
75416 59
75811 0
76117 81
76327 0
76838 73
77075 0
77519 59
77943 0
78236 80
78825 0
79767 58
79793 33
79887 0
80045 73
80410 0
81425 73
81541 58
81949 0
81995 58
82302 0
82311 58
82477 0
82944 60
83582 0
83943 33
84199 0
84238 73
84548 80
84632 58
84837 81
85007 0
85178 60
85781 81
85849 0
86072 73
86198 0
86432 33
86565 0
86857 59
86864 58
87063 0
87194 80
88048 0
88108 59
88598 0
88778 73
88797 0
89562 58
89566 0
89641 73
89976 0
90148 33
90825 0
91164 80
91396 0
91639 81
91754 81
91784 0
93392 81
93421 0
93492 60
93968 60
93999 60
94354 0
94612 81
94884 0
95165 81
95386 0
95415 59
95453 0
95852 80
96097 60
96135 0
97122 73
97272 0
97406 60
97693 0
97694 81
97931 0
97998 73
98178 0
98224 81
98370 58
98656 0
99596 60
99620 60
99852 0
318 events for 5
174 42
419 0
664 42
673 0
1393 42
2393 0
3733 53
3912 0
4584 44
4850 0
5307 53
5546 53
5572 0
5812 42
6095 42
6607 0
7581 42
7878 0
8299 42
8706 53
9074 0
9202 53
9289 42
9391 0
9550 42
9714 40
9776 44
10971 50
11128 0
11177 42
11195 0
11209 42
11981 0
12016 42
12169 0
12411 50
12906 46
12961 0
13288 46
13827 0
14116 40
14324 0
14582 42
14669 46
14792 0
14806 42
14975 0
14994 50
15107 53
15144 0
15853 53
16693 0
16897 46
17018 0
17980 50
17986 0
18056 50
18193 0
18560 46
18589 53
18704 46
18791 42
18907 0
18908 46
19195 0
20793 44
20931 44
20959 0
21046 50
21493 42
21542 0
22503 42
22525 0
22942 50
23564 50
23977 0
24232 46
24245 0
25179 46
25398 0
25450 42
25670 0
26069 44
26693 40
26764 0
26818 53
26870 0
27540 50
27629 0
28528 42
28848 0
28899 44
28904 50
29060 42
29495 53
29685 0
30402 44
30416 0
30580 44
31057 42
31150 42
31341 0
31474 50
31537 0
31738 42
32373 0
32422 46
32495 42
33055 0
33442 53
33502 46
34024 0
34419 42
34996 40
35266 53
35526 46
35565 0
36245 46
36543 0
36643 42
37469 50
37488 0
37990 40
38952 0
39368 50
39964 42
40130 0
40368 53
40599 0
41207 50
41682 0
41723 42
42154 0
43069 42
43581 0
44292 46
44311 0
44657 40
44792 50
44865 0
45237 50
45239 0
45334 44
45627 0
46340 42
46489 46
47293 0
47439 50
47575 0
48840 46
49222 0
50153 42
50493 0
50947 42
50960 0
51034 44
52068 0
53028 53
53233 0
53367 42
53417 0
53702 53
53758 42
53797 0
54270 53
54586 0
55525 40
55563 0
56486 42
56505 0
57250 50
57760 0
58673 42
58768 0
59057 50
59759 0
59798 42
60385 0
61077 53
61284 42
61314 0
61546 46
61590 0
61952 53
62234 0
62504 50
62505 0
62636 53
62841 0
63416 44
63553 40
63607 0
63787 44
63820 0
64044 42
64224 0
64299 53
64350 0
64933 44
65261 0
65709 42
66068 42
66605 50
66773 42
66780 0
66786 42
67025 0
67368 40
67513 42
67518 0
67807 40
67886 42
67960 0
68723 40
68782 0
68798 42
68952 0
69063 42
69358 0
69587 46
69647 42
69722 42
70090 42
70487 0
70548 42
70987 44
71385 0
71648 53
71953 0
71978 53
72731 0
73193 42
73311 0
73406 50
73778 0
74420 50
74561 0
74724 44
74819 0
75179 53
75534 53
76076 0
76424 46
76846 40
76970 0
77068 40
77373 0
77876 44
77904 42
77954 0
78185 44
78511 0
78555 42
78723 0
79530 46
80519 0
80549 40
81027 0
81133 42
81160 42
81309 53
81392 0
81432 40
81447 0
82248 40
82327 0
82676 42
82766 0
83316 40
83814 0
84251 40
84669 46
85238 0
85351 44
85479 0
86026 42
86426 0
86556 46
86878 46
86918 46
87110 46
87419 0
87441 42
87458 0
88020 42
88074 0
88569 42
89109 0
89619 50
90039 42
90970 0
91044 40
91147 0
91161 53
91252 0
91930 42
91949 0
92756 42
92771 0
92809 40
93102 0
93191 50
94135 42
94270 44
94423 0
94534 42
95286 0
95357 40
95943 44
96246 0
96498 42
96681 0
97471 44
97890 42
98010 0
98414 50
99068 0
99760 50
985 events for 6
11 96
96 95
131 0
615 95
666 96
671 0
833 96
847 0
947 96
972 0
990 95
1152 96
1199 0
1210 96
1397 0
1469 96
1522 0
1533 96
1542 0
1717 95
1723 0
1840 96
1968 0
1999 95
2122 95
2326 0
2381 96
2753 95
2785 0
2873 96
2950 96
2971 95
3062 0
3137 96
3259 0
3312 95
3367 95
3425 95
3504 0
3533 95
3754 96
3882 0
3884 96
4094 0
4172 96
4305 0
4410 95
4415 0
4456 96
4485 95
4489 0
4606 96
4757 0
4845 95
4901 95
4979 0
5139 95
5170 0
5183 95
5606 95
5787 0
5824 95
6098 95
6105 0
6137 95
6144 0
6440 95
6596 95
6718 0
6853 96
6888 0
6894 96
6971 0
7063 96
7091 0
7113 95
7168 95
7224 0
7319 95
7395 0
7447 95
7488 0
7516 96
7630 96
7909 0
7937 96
7959 96
8114 0
8125 95
8372 0
8421 96
8588 0
8694 96
8720 0
8739 96
8765 96
8873 96
9022 0
9337 95
9459 0
9486 96
9532 95
9612 0
9677 96
9767 0
9768 95
9822 0
9861 96
9906 96
9925 0
9978 95
10038 0
10056 96
10063 95
10130 0
10295 95
10377 0
10543 95
10682 95
10801 0
10810 95
10975 96
11037 0
11056 95
11113 0
11307 95
11443 96
11516 0
11567 95
11789 0
12378 95
12501 0
12604 95
12722 96
12868 0
13109 95
13372 0
13535 95
13562 95
13665 0
13715 95
13757 0
13964 95
14042 0
14172 96
14265 0
14319 96
14416 0
14417 95
14434 0
14474 96
14528 95
14767 0
14954 96
15012 0
15340 95
15365 0
15453 95
15466 0
15514 95
15560 0
15674 96
15688 0
15775 96
16083 0
16093 95
16103 0
16292 95
16369 0
16441 95
16449 0
16533 96
16698 0
16731 96
16743 0
16937 96
17164 0
17246 96
17328 0
17371 95
17500 0
17634 95
17667 95
17733 0
17748 95
17753 96
17789 0
17943 96
18002 0
18041 96
18265 95
18272 0
18274 95
18494 0
18925 96
18992 95
19575 96
19674 0
19931 95
19944 0
20032 96
20131 95
20158 96
20239 95
20264 95
20341 96
20514 0
20541 95
20784 0
20915 96
20923 95
20925 0
20934 96
21024 95
21048 0
21056 96
21087 0
21091 95
21179 95
21231 0
21361 95
21362 0
21665 96
21716 0
21740 96
21865 0
21893 96
21967 95
22036 95
22055 0
22101 95
22161 0
22180 95
22185 0
22392 96
22400 0
22472 96
22675 0
22938 95
23065 95
23203 0
23269 95
23321 0
23349 96
23437 0
23904 95
23960 0
24136 96
24365 0
24441 96
24465 0
24606 95
24621 0
24630 96
24703 0
24798 96
24823 0
25101 95
25182 96
25193 0
25297 95
25388 95
25433 0
25567 95
25570 95
25636 95
25782 96
25791 0
25900 96
25911 0
25913 96
25979 0
26002 95
26007 95
26024 95
26098 96
26113 0
26362 96
26448 95
26712 96
26722 96
26935 95
26950 0
27171 96
27226 96
27249 0
27342 96
27436 0
27456 95
27694 0
27764 95
27806 96
27842 0
27957 96
28013 0
28020 95
28045 96
28105 0
28213 95
28236 95
28289 0
28359 96
28451 0
28452 95
28564 0
28710 96
28724 95
29162 96
29307 0
29369 95
29425 0
29517 96
29586 0
29693 95
29770 95
29967 0
30305 96
30657 0
31068 95
31277 96
31390 96
31991 0
32068 95
32151 96
32566 95
33086 96
33138 0
33296 96
33324 0
33492 95
33563 0
33601 95
33641 0
33841 95
33888 96
33897 0
33917 96
33993 0
34245 95
34316 95
34702 0
34778 96
34788 0
34845 95
34957 96
34966 0
35114 95
35407 0
35471 96
35546 96
35699 0
35817 96
35931 0
36009 95
36131 0
36428 96
36602 0
36837 96
36852 0
36905 95
37008 0
37171 95
37242 0
37414 95
37590 96
37592 0
37988 95
38146 0
38403 96
38423 95
38858 0
38868 96
39051 96
39097 95
39113 95
39274 0
39336 96
39389 96
39507 0
39590 95
39618 0
39721 96
39745 0
39804 95
40101 0
40385 95
40421 0
40424 95
40498 0
40668 95
41095 0
41142 96
41195 0
41279 96
41302 95
41437 0
41445 96
41495 0
41549 96
41661 95
41710 0
41886 96
41983 0
42219 95
42231 0
42341 96
42480 0
42584 96
42848 96
43058 0
43469 96
43520 95
43535 0
43543 95
43608 0
43733 96
43862 0
43870 96
43890 0
44310 95
44409 0
44439 95
44455 95
44496 0
44540 95
44601 0
44654 95
44728 0
44760 95
44792 95
44806 0
44992 95
45094 0
45112 96
45147 0
45176 96
45247 0
45347 95
45624 0
45723 96
45798 95
45836 0
45939 96
45962 95
46001 0
46125 95
46311 0
46432 95
46486 0
46665 95
46688 95
46844 95
46929 95
46941 95
47057 96
47159 96
47284 0
47318 96
47495 95
47496 0
47787 95
47953 0
48139 96
48158 96
48419 0
48616 95
48633 95
48677 0
48714 95
48760 96
48848 0
48849 96
48886 96
48988 95
49107 0
49127 96
49187 0
49228 95
49280 95
49390 0
49398 95
49411 95
49496 96
49542 96
49557 96
49654 0
49690 95
49753 0
49823 96
49969 0
50117 96
50190 95
50288 0
50376 95
50409 0
50502 95
50595 0
50680 95
50714 95
50729 0
50827 96
50844 0
50904 96
50955 0
50977 96
51015 0
51114 95
51155 0
51511 96
51513 0
51518 96
51574 0
51607 95
51718 95
51812 0
51865 95
51871 0
52020 95
52107 0
52113 96
52421 95
52425 0
52556 96
52721 0
52810 95
52843 95
52969 95
53016 96
53079 95
53100 96
53118 0
53120 96
53387 0
53434 96
53446 0
53710 95
53725 0
53731 96
53922 0
54131 95
54173 95
54215 0
54350 95
54558 95
54700 0
54800 95
54905 0
54941 95
54970 96
55087 0
55343 95
55538 0
55571 95
55776 96
55849 0
56057 96
56238 96
56240 95
56382 95
56667 0
56811 96
57062 0
57649 95
57758 95
57939 0
57982 96
58174 0
58381 95
58570 0
58839 95
59027 0
59108 96
59202 0
59203 96
59465 0
59602 95
59627 95
59719 0
59888 96
60002 0
60243 96
60362 0
60377 96
60408 0
60431 95
60494 0
60583 95
60590 95
60661 0
60857 95
60884 95
61036 95
61048 0
61139 95
61159 95
61253 0
61286 95
61349 0
61384 96
61670 0
61676 95
61716 0
61776 96
62100 0
62349 96
62429 0
62431 95
62735 0
62745 95
62823 96
63008 0
63028 95
63033 0
63089 95
63216 0
63345 96
63372 95
63381 95
63523 96
63604 95
63671 0
63709 95
63743 0
63768 95
63841 96
63890 0
63902 95
64097 0
64142 96
64189 0
64252 96
64267 95
64332 0
64335 96
64422 0
64424 96
64450 0
64585 95
64694 95
64777 0
64805 95
64892 96
64914 0
64927 96
65233 0
65256 96
65322 0
65434 95
65479 95
65501 0
65531 96
65534 96
65603 0
65701 95
65761 0
65774 96
65877 0
65955 95
66004 0
66098 95
66282 0
66396 95
66504 0
66557 96
66598 95
66637 0
66710 95
67052 95
67149 95
67274 0
67290 96
67595 96
67823 0
68000 95
68210 0
68349 96
68432 96
68573 95
68638 96
68667 0
68728 95
68776 0
68838 95
68933 0
68949 95
68981 0
69184 95
69228 0
69628 95
69774 96
69830 0
69838 95
69891 96
69942 0
70011 96
70033 0
70048 95
70228 95
70643 0
70680 96
70829 0
70903 95
71170 0
71272 95
71389 0
71395 95
71397 95
71679 96
71692 95
71811 0
71906 95
72370 0
72409 95
72446 0
72461 95
72497 0
72608 96
72640 96
72656 96
72723 0
73035 95
73089 0
73266 95
73373 0
73609 95
74099 95
74149 96
74205 0
74209 95
74284 96
74286 95
74308 0
74454 95
74499 0
74570 96
74677 0
74750 96
74774 0
74836 96
74921 0
74988 95
75095 0
75295 96
75386 0
75419 95
75519 0
75529 96
75567 0
75625 95
75713 0
75751 95
75837 0
75875 96
75889 0
75898 95
75923 0
75968 96
76061 0
76078 95
76139 0
76140 96
76306 0
76312 95
76504 0
76630 96
76631 0
76828 96
76858 0
77122 95
77185 0
77240 95
77293 96
77479 95
77820 0
77909 96
77976 0
78066 95
78104 95
78108 0
78151 96
78169 95
78295 0
78322 95
78564 0
78642 95
78676 0
78678 95
78772 96
78782 0
78877 95
78938 96
78952 0
78976 96
79150 0
79208 95
79224 96
79353 95
79376 95
79651 0
79716 95
79750 0
79814 95
80030 0
80080 96
80090 95
80358 95
80389 0
80413 95
80693 96
80775 95
80779 0
81006 96
81112 95
81202 95
81272 95
81371 0
81478 96
81732 0
81800 95
81988 96
82065 0
82086 96
82117 0
82179 95
82274 0
82416 96
82600 96
82663 0
82729 96
82780 0
82791 96
82831 0
82885 95
82960 0
82979 96
82995 0
83023 96
83381 0
83499 96
83692 0
83737 96
83806 96
83890 0
83920 95
84361 0
84403 96
84420 96
84515 95
84629 95
84722 0
84829 96
84864 95
84998 0
85087 96
85130 0
85302 96
85320 0
85465 96
85500 0
85506 96
85510 0
85555 96
85620 0
85762 95
85788 0
85851 95
86136 0
86234 95
86522 0
86578 95
86653 0
86733 95
86991 95
87137 0
87175 95
87360 0
87527 96
87603 0
87677 95
87703 96
87705 0
87723 95
87750 0
87810 95
87821 95
87843 0
87977 96
87991 95
88194 0
88353 96
88415 0
88431 95
88463 0
88753 95
88955 0
88993 95
89036 0
89040 96
89069 0
89385 96
89586 0
89772 95
89955 0
90051 96
90111 0
90186 95
90248 0
90366 95
90552 95
90742 0
90843 96
91108 0
91375 96
91377 0
91444 95
91505 0
91523 95
91821 0
91904 96
91974 0
92015 95
92056 0
92089 95
92167 0
92232 96
92290 95
92515 96
92573 0
92747 95
92779 95
92781 0
92829 96
93254 96
93329 0
93348 95
93585 0
93636 96
94038 96
94162 0
94225 95
94240 0
94271 96
94281 95
94416 0
94479 96
94507 0
94685 95
94725 0
94923 95
94988 0
95032 95
95107 0
95112 96
95393 0
95440 95
95571 0
95729 96
96038 0
96128 96
96133 96
96149 0
96225 95
96717 95
96764 0
97061 96
97088 0
97342 96
97388 0
97478 96
97530 0
97547 95
97760 95
98105 0
98148 95
98213 0
98261 96
98321 96
98447 0
98734 96
98795 0
98951 96
99214 0
99394 96
99643 0
99738 95
750 events for 7
72 98
100 0
200 98
265 0
575 98
669 0
707 98
738 0
752 98
895 0
963 98
1174 0
1215 98
1267 0
1418 98
1585 98
1678 0
1752 98
1783 98
1826 98
1835 0
1977 98
2107 0
2385 98
2492 98
2570 0
2572 98
2752 98
2778 98
2904 98
2978 0
3053 98
3145 98
3298 0
3323 98
3336 0
3378 98
3391 0
3517 98
3573 98
3994 0
4049 98
4059 98
4087 98
4197 98
4204 98
4438 98
4796 0
5014 98
5156 0
5241 98
5588 0
5721 98
5744 98
5869 0
5884 98
5925 98
5947 0
6200 98
6404 0
6512 98
6776 0
6801 98
6907 0
7060 98
7200 0
7337 98
7472 0
7491 98
7512 0
7634 98
7637 0
7766 98
7823 98
7839 0
8208 98
8506 0
8587 98
8657 0
8734 98
9264 0
9382 98
9430 98
9505 98
9515 98
9935 0
9940 98
10051 0
10098 98
10373 0
10410 98
10449 98
10643 0
10903 98
11269 98
11508 0
11519 98
11545 0
12011 98
12073 0
12131 98
12213 0
12235 98
12455 0
12467 98
12479 98
12584 0
12733 98
12887 0
12919 98
13071 0
13938 98
14002 0
14003 98
14148 98
14173 0
14182 98
14298 0
14410 98
14512 0
14622 98
14773 0
14857 98
15882 0
15890 98
16823 98
16867 98
17056 0
17145 98
17225 0
17348 98
17587 0
17602 98
18051 0
18073 98
18475 0
18548 98
18668 98
18712 98
18773 0
18779 98
18982 0
19362 98
19409 98
19633 0
19819 98
19991 0
20037 98
20106 0
20120 98
20281 0
20354 98
20396 0
20498 98
20566 0
20661 98
20721 98
20793 98
21091 0
21128 98
21233 0
21387 98
21425 0
21582 98
21681 98
21907 98
22030 0
22058 98
22413 0
22414 98
22416 0
23230 98
23424 0
23452 98
23631 0
23844 98
23872 0
24107 98
24155 0
24332 98
24375 98
24636 0
24720 98
24744 0
24794 98
24844 0
24995 98
25066 0
25278 98
25345 0
25362 98
25589 0
25707 98
25778 0
25950 98
25965 0
25985 98
25999 0
26087 98
26167 0
26445 98
26536 98
26793 0
27082 98
27393 0
27756 98
27784 98
27815 98
27830 0
27916 98
27991 98
28001 0
28071 98
28251 0
28334 98
28492 0
28590 98
28899 0
29008 98
29041 0
29127 98
29215 98
29234 0
29272 98
29809 98
30102 98
30103 0
30121 98
30314 0
30393 98
30463 0
30503 98
30576 0
30680 98
30761 0
30795 98
30830 0
31056 98
31183 0
31465 98
31653 98
31754 0
32039 98
32057 98
32202 0
32280 98
32313 0
32347 98
32518 0
32522 98
32716 0
32999 98
33037 0
33125 98
33380 98
33431 0
34012 98
34293 98
34406 0
34419 98
34442 0
34463 98
34593 0
34662 98
34701 0
35043 98
35137 0
35259 98
35512 0
35519 98
35592 0
35758 98
35783 0
36044 98
36330 0
36542 98
36583 98
36720 0
36729 98
37039 0
37257 98
37262 0
37326 98
37586 0
37603 98
38024 0
38050 98
38344 0
38382 98
38421 0
38476 98
38577 0
39090 98
39384 0
39399 98
39404 0
40058 98
40344 0
40460 98
40509 0
40645 98
40815 98
41029 0
41156 98
41213 98
41368 0
41480 98
42060 0
42079 98
42156 0
42183 98
42703 0
42941 98
43052 0
43168 98
43305 0
43314 98
43426 0
43428 98
43447 98
43502 0
43557 98
43639 98
43837 0
43917 98
44057 0
44103 98
44251 98
44265 0
44305 98
44340 0
44475 98
44483 98
44519 0
44579 98
44668 0
44674 98
44768 0
45134 98
45135 0
45167 98
45281 0
45375 98
45734 98
45770 98
45863 0
45900 98
46156 98
46851 0
46930 98
47295 98
47585 0
47627 98
48100 0
48678 98
48943 0
48944 98
48962 0
49014 98
49421 0
49431 98
49465 98
49543 0
49793 98
49827 0
49895 98
50069 0
50155 98
50326 98
50430 98
50461 0
50822 98
51135 0
51143 98
51238 0
51432 98
51439 0
51516 98
51572 0
51589 98
51591 0
51639 98
51813 0
52151 98
52329 0
52407 98
52555 98
52556 0
52693 98
52804 98
52865 0
52878 98
52910 0
53074 98
53361 98
53364 0
53477 98
53526 98
53615 0
53640 98
53671 0
53746 98
53930 0
53993 98
54079 0
54080 98
54081 0
54249 98
54283 98
54401 0
54440 98
54454 0
54486 98
54505 0
54683 98
54730 98
54867 98
55109 98
55307 0
55350 98
55534 0
55611 98
55939 0
56119 98
56251 0
56299 98
56395 0
56493 98
56710 98
56776 98
57095 0
57111 98
57151 0
57182 98
57269 0
57272 98
57295 0
57459 98
57468 0
57594 98
57621 0
57637 98
57750 0
57862 98
58415 0
58593 98
58844 98
58871 98
59111 0
59245 98
59264 0
59324 98
59361 98
59467 98
59609 98
59614 0
59685 98
59711 0
59960 98
59964 0
60169 98
60207 0
60426 98
60493 0
60717 98
60849 0
61000 98
61078 0
61327 98
61750 98
61993 0
62238 98
62261 0
62287 98
62342 0
62521 98
63228 0
63299 98
63400 0
63428 98
63555 0
63656 98
63811 98
63910 0
63963 98
64113 0
64320 98
64467 0
64517 98
64644 0
64758 98
64809 98
64863 0
65218 98
65309 0
65311 98
65317 98
65400 0
65458 98
65475 98
65851 0
65937 98
65958 0
66299 98
66548 0
66972 98
66984 0
67149 98
67227 98
67322 0
67372 98
67398 0
67405 98
67475 0
67930 98
67934 0
68012 98
68237 98
68342 98
68376 98
68378 0
68564 98
68727 98
68801 0
68917 98
68933 0
69247 98
69248 0
69365 98
69522 0
69538 98
69573 0
69596 98
69725 98
69947 0
69968 98
70061 0
70499 98
70699 0
70744 98
71070 98
71222 98
71698 0
71750 98
71805 0
71976 98
72088 0
72242 98
72689 0
72819 98
72856 0
72899 98
73019 0
73350 98
73566 0
73723 98
73730 0
73742 98
73841 0
73926 98
74117 0
74124 98
74330 0
74383 98
74685 0
74752 98
75560 98
75614 0
75686 98
75722 0
75820 98
75863 0
75889 98
75957 0
76022 98
76174 0
76849 98
76865 0
76914 98
77079 0
77082 98
77127 0
77533 98
77566 0
77658 98
77974 0
78055 98
78317 0
78369 98
78611 0
78683 98
78713 0
78797 98
79023 0
79345 98
79352 0
79498 98
79833 0
79897 98
80164 0
80440 98
80537 0
80784 98
81284 0
81433 98
81459 0
81687 98
81820 0
81944 98
82053 0
82089 98
82135 0
82250 98
82318 98
82372 98
82568 0
82607 98
82715 0
83055 98
83137 0
83352 98
83497 0
83558 98
83771 98
83780 0
84199 98
84645 0
84710 98
84924 98
85015 0
85211 98
85308 0
85468 98
85470 98
85689 0
85985 98
86021 0
86063 98
86237 0
86307 98
86318 0
86418 98
86434 98
86446 0
86458 98
86535 98
86623 0
86778 98
86781 0
86859 98
86861 0
87456 98
87461 0
87559 98
87665 98
87873 0
87968 98
87987 0
88007 98
88118 98
88258 98
88303 0
88383 98
88447 98
88481 98
88530 0
88611 98
88745 0
88879 98
88926 0
89019 98
89204 0
89349 98
89494 98
90214 98
90288 0
90910 98
91048 0
91178 98
91212 98
91314 98
91392 98
91556 0
91785 98
91817 98
91940 0
92044 98
92063 98
92120 0
92185 98
92310 0
92407 98
92423 0
92481 98
92533 0
92612 98
92641 98
93224 0
93287 98
93318 0
93416 98
93417 0
93419 98
93586 98
93723 0
94072 98
94131 0
94549 98
94620 98
94689 98
94858 0
95159 98
95253 0
95490 98
95563 0
95647 98
95703 0
95706 98
95707 98
95790 0
95792 98
95804 98
95874 0
95876 98
95877 98
96047 0
96208 98
96307 0
96499 98
96585 0
96891 98
97023 0
97250 98
97342 0
97444 98
97506 98
97790 0
97825 98
97893 98
97975 0
98096 98
98296 0
98335 98
98492 98
98674 98
99064 98
99158 98
99168 98
99610 0
99733 98
