8 buffers
170997 10692
86919 5219
108099 3069
77403 8309
100450 14841
167907 12606
220557 21426
191218 4960
60 downlinks
0 250 1667 338
1 1917 3334 315
2 3584 5001 240
3 5251 6668 342
4 6918 8335 306
5 8585 10002 277
6 10252 11669 269
7 11919 13336 286
8 13586 15003 288
9 15253 16670 271
10 16920 18337 298
11 18587 20004 237
12 20254 21671 294
13 21921 23338 342
14 23588 25005 312
15 25255 26672 317
16 26922 28339 276
17 28589 30006 288
18 30256 31673 337
19 31923 33340 269
20 33590 35007 251
21 35257 36674 284
22 36924 38341 273
23 38591 40008 296
24 40258 41675 343
25 41925 43342 248
26 43592 45009 281
27 45259 46676 266
28 46926 48343 295
29 48593 50010 238
30 50260 51677 275
31 51927 53344 263
32 53594 55011 274
33 55261 56678 346
34 56928 58345 277
35 58595 60012 329
36 60262 61679 248
37 61929 63346 308
38 63596 65013 315
39 65263 66680 287
40 66930 68347 302
41 68597 70014 293
42 70264 71681 247
43 71931 73348 264
44 73598 75015 293
45 75265 76682 330
46 76932 78349 246
47 78599 80016 318
48 80266 81683 323
49 81933 83350 240
50 83600 85017 313
51 85267 86684 239
52 86934 88351 313
53 88601 90018 312
54 90268 91685 262
55 91935 93352 317
56 93602 95019 243
57 95269 96686 267
58 96936 98353 327
59 98603 100020 234
763 events for 0
192 47
235 0
535 35
827 0
1001 67
1309 0
1634 79
1791 0
1794 47
1812 0
1888 78
2022 79
2104 0
2305 40
2401 51
2559 0
2822 67
2842 0
3186 51
3285 0
3298 78
3346 78
3461 0
3590 67
3607 0
3643 35
3800 0
3884 67
3895 0
3941 78
3948 0
3966 79
3986 0
4023 40
4064 79
4253 0
4258 67
4934 67
5023 0
5034 47
5199 0
5281 35
5623 40
5741 40
6126 79
6232 79
6347 0
6466 35
6482 0
6647 79
6672 0
6719 35
6739 35
6771 0
6970 47
7104 40
7131 0
7269 78
7306 0
7434 47
7461 0
7559 47
7562 0
7629 35
7662 0
7775 51
7827 79
7887 0
8120 47
8131 0
8150 79
8362 40
8586 0
8689 40
9745 0
9775 67
9833 47
9877 0
9909 35
10019 0
10181 67
10339 0
10341 79
10370 0
10590 47
10971 0
10992 47
11141 0
11154 35
11166 0
11240 47
11262 35
11264 0
11328 47
11430 47
11781 0
11916 40
12275 0
12439 78
12445 0
12458 78
12515 0
12532 78
12655 0
12774 67
12861 0
12971 67
13100 0
13123 79
13181 79
13291 79
13310 47
14013 0
14017 79
14108 51
14308 47
14490 79
14584 35
14651 40
14701 0
14705 51
14734 67
15139 0
15379 47
15412 0
15471 47
15490 47
15606 0
15721 67
15882 0
15890 35
16216 0
16253 51
16316 0
16332 40
16398 0
16549 67
17393 0
17458 40
17611 0
17667 40
17820 0
18049 67
18260 0
18332 40
18392 0
18809 40
18862 0
19209 40
20063 0
20195 47
21308 0
21787 67
21996 0
22056 51
22669 0
22830 67
22847 0
22945 79
22971 51
23002 0
23311 35
23314 0
23526 51
23587 0
23770 51
23988 0
24022 51
24106 0
24193 35
24285 0
24457 35
24613 0
24649 35
24748 0
24779 78
24829 0
24880 79
24981 0
25151 47
25315 35
25337 0
25506 79
25664 0
25743 79
25746 0
25888 51
25926 0
25968 40
26152 0
26232 78
26358 0
26463 78
26472 0
26488 51
26560 0
26777 78
26987 47
27007 0
27086 67
27135 0
27170 78
27205 79
27269 79
27535 0
27547 40
27951 0
27952 79
28042 0
28064 40
28125 0
28211 78
28240 0
28289 47
28325 0
28495 35
28657 0
28799 51
28987 0
29373 79
29441 78
29530 79
29614 0
29916 78
30016 0
30034 47
30282 0
30763 35
30794 0
31191 79
31697 0
31956 35
31957 0
31958 67
32012 0
32049 79
32085 51
32125 0
32226 47
32381 0
32455 78
32836 0
32902 51
32905 79
33051 0
33520 78
33630 79
33805 79
33830 0
33845 47
34027 0
34332 51
34348 0
34391 79
34440 40
34507 0
34516 67
34716 0
35003 35
35039 0
35115 40
35310 0
35397 40
35398 67
35406 0
35426 47
35532 0
35588 67
35649 78
35739 0
35843 67
35996 0
36006 67
36235 0
36361 79
36673 0
36801 67
36921 67
37097 0
37102 79
37177 0
37201 40
37340 0
37467 67
37544 0
37579 78
37623 0
37665 79
37780 0
37978 78
37989 0
38208 35
38290 67
38842 67
38917 51
39233 0
39353 40
39408 0
39749 79
39943 51
40035 0
40257 47
40271 35
40297 0
40394 40
40552 79
40610 0
40659 79
40683 0
41128 35
41249 40
41537 79
41544 0
41557 79
41899 0
42066 51
42204 40
42717 0
43021 67
43176 0
43185 79
43211 0
43230 40
43257 0
43267 35
43333 0
43416 79
43496 0
43547 79
43592 0
43853 35
43986 0
44446 40
44471 0
44649 35
44655 0
45090 35
45102 47
45457 0
45511 35
45536 0
45716 79
46380 0
46576 47
46591 51
46664 0
47428 47
47467 0
47687 78
47697 0
47736 51
47963 0
48757 47
48781 0
48936 40
49396 79
49397 0
49435 40
49473 0
49694 47
49729 0
49770 78
49888 0
49939 78
50039 0
50086 47
50206 0
50222 67
50430 67
50433 0
50520 35
50574 0
50631 51
50862 0
50935 40
50943 51
50990 0
51055 67
51068 35
51301 51
51345 0
51354 51
51441 0
51448 51
51514 0
51803 47
51898 0
51913 78
51925 0
52051 79
52318 35
52424 0
52562 78
52700 0
52785 40
52799 0
52812 35
53327 0
53354 67
53422 0
53492 35
53519 67
53638 78
53692 0
53793 51
54158 0
54603 51
54656 0
54903 47
54909 0
55283 78
55365 0
55678 51
55777 0
55950 51
55998 67
56068 0
56346 40
56549 78
56569 78
56648 0
56736 67
56738 0
56742 35
56804 0
56840 35
56889 67
56895 0
56947 67
56967 0
57013 35
57177 0
57306 51
57339 0
57374 78
57409 0
57485 78
57780 0
57803 51
57955 51
58071 0
58252 67
58430 0
58683 51
58842 67
59344 79
59358 0
59488 47
59714 78
59760 0
59821 67
60283 0
60413 67
60578 51
60915 0
60937 47
61229 0
61298 79
61362 0
61380 78
61531 0
61771 40
61943 0
62042 51
62503 0
62644 47
62661 35
62695 67
62735 0
62759 67
62783 0
62821 35
63032 0
63241 47
63328 79
63346 0
63390 51
63436 35
63570 0
63633 40
63756 0
63881 47
63894 0
63922 79
64348 78
64371 0
64402 78
64417 0
64537 40
64554 0
64562 51
64589 78
64750 0
64942 67
65110 0
65116 79
65255 0
65371 40
65384 0
65482 47
65533 0
65677 47
65750 0
65767 47
65935 47
65955 51
65981 0
66063 47
66253 78
66365 0
66525 35
66708 35
66843 0
66882 79
66909 0
67062 51
67090 51
67184 0
67383 47
67645 0
67691 40
67907 0
67912 35
67937 0
68068 47
68084 35
68107 79
68143 0
68297 35
68376 0
68504 67
68918 0
69006 67
69125 78
69145 0
69524 40
69692 0
69755 40
69804 0
70053 67
70254 0
70566 51
70670 67
70697 79
70709 0
70790 79
70850 0
71117 79
71256 0
71354 79
71543 0
71551 79
71572 67
71664 47
72023 0
72111 35
72116 0
72250 47
72542 0
72574 35
72758 0
73394 35
73764 0
73781 78
73954 0
74328 51
74520 0
74538 40
74563 0
74944 47
75246 0
75464 35
75484 40
75596 0
75847 79
75908 0
75920 78
76069 0
76091 78
76171 0
76271 67
76279 0
76419 67
76544 0
76724 67
76786 0
76892 78
77039 67
77191 0
77242 78
77278 0
77281 78
77380 0
77451 40
77505 0
77727 79
77754 0
77831 40
77931 0
77961 35
77983 79
78014 0
78101 78
78232 0
78310 47
78568 47
78605 51
78750 0
78872 67
78884 47
79280 0
79447 35
79649 0
79783 40
79849 0
79957 79
80228 0
80349 51
80627 0
80776 51
81031 0
81063 78
81183 40
81296 0
81342 47
81473 0
81492 79
81592 47
82026 0
82053 67
82069 0
82104 67
82204 40
82282 67
82382 78
82584 0
82605 78
82623 0
82716 78
82841 0
83039 67
83070 0
83142 35
83196 0
83425 78
83588 0
83766 79
83797 40
83842 0
83871 51
84007 0
84300 35
84450 0
84535 78
84563 0
84596 78
84603 0
84746 35
84895 0
85043 47
85114 0
85234 40
85346 0
85429 40
85678 79
85842 0
85962 78
86072 51
86278 0
86540 51
86603 0
86609 67
87098 0
87174 35
87289 0
87553 67
87564 0
87960 47
87972 0
88004 47
88103 0
88383 35
88411 0
88454 47
88462 0
88662 40
88772 0
88872 67
88985 67
89211 0
89441 47
89442 0
89452 78
89985 0
90673 67
90679 40
90836 47
91036 0
91179 67
91261 0
91305 67
91327 0
91413 67
91610 35
91770 47
91891 0
91980 47
91981 0
92211 67
92258 35
92556 0
92905 79
93200 40
93275 0
93343 67
93453 47
93458 51
93510 0
93825 78
93980 0
94029 35
94049 0
94313 78
94905 0
94988 79
95054 0
95369 67
95370 0
95726 67
95900 0
96023 79
96071 0
96163 47
96304 0
96416 79
96506 78
96543 0
96577 78
96830 79
96874 0
97108 79
97310 47
97635 0
97667 51
97703 0
97790 79
97852 0
98062 79
98848 0
98949 67
99185 47
99243 0
99263 51
99347 0
99453 51
99459 0
99556 79
99772 0
99788 67
99810 0
99932 47
99960 0
99996 79
870 events for 1
39 29
146 0
254 30
294 0
341 26
511 0
718 30
1028 0
1165 26
1438 0
1496 30
1669 0
1754 29
1937 0
2018 30
2170 0
2334 31
2555 0
2685 31
3056 31
3134 0
3155 31
3321 30
3468 0
3643 30
3661 0
3746 30
3798 30
4212 0
4228 30
4239 0
4318 26
4427 0
4577 26
4599 0
4613 29
4739 0
4750 26
4820 26
4967 0
5224 31
5300 0
5344 30
5454 26
5618 0
5648 30
5658 0
5681 30
5697 0
5762 30
5970 0
5984 31
6133 0
6160 30
6164 0
6284 29
6355 0
6717 29
6817 30
7069 0
7336 26
7339 0
7396 29
7537 0
7684 31
7755 30
7867 0
7887 30
7949 0
8275 30
8315 0
8316 30
8348 0
8404 30
8613 0
9086 26
9528 30
9533 26
9599 30
9757 30
9772 0
9861 29
9899 29
10116 0
10486 26
10533 0
10587 26
10688 31
10723 30
10788 0
10903 26
10923 0
11262 30
11492 30
11580 0
11619 30
11866 0
12067 26
12110 0
12292 30
12852 0
12884 26
12948 0
12959 30
13044 0
13101 30
13120 30
13318 30
13475 0
13484 31
13773 0
13857 30
13946 0
13998 26
14069 0
14089 26
14156 26
14334 0
14406 31
14542 0
14565 30
14861 26
14917 0
15195 26
15289 26
15388 30
15423 26
15672 0
15723 26
15811 0
15812 30
15876 0
15879 26
15939 0
15973 31
16040 0
16089 26
16288 0
16402 29
16849 0
16872 26
17137 0
17217 30
17271 26
17349 26
17516 26
17531 30
17537 0
17583 26
17592 0
17810 30
17829 0
17966 26
18123 0
18124 30
18209 0
18290 30
18613 30
18659 0
19091 30
19111 0
19150 26
19170 0
19219 26
19305 0
19326 30
19576 29
19683 29
19959 0
19969 30
20094 0
20109 26
20113 0
20215 30
20393 0
20413 26
20448 29
20469 0
20481 29
20536 30
20642 0
20692 30
20696 30
20758 26
20819 30
20871 0
20918 29
21075 0
21080 31
21119 0
21170 31
21213 0
21258 26
21458 0
21467 26
21533 26
21629 30
21670 0
21827 26
21991 0
22103 26
22126 30
22198 26
22411 0
22431 31
22549 0
22825 30
22842 0
22852 30
22920 0
22993 30
23431 0
23681 30
23711 0
23774 26
23782 0
23834 31
23997 0
24140 30
24460 0
24683 31
24742 0
24776 26
24786 0
24935 30
25057 0
25077 30
25134 0
25138 31
25177 0
25290 30
25372 0
25403 30
25517 26
25564 0
25750 31
25842 0
25909 30
25995 0
26043 26
26071 30
26074 26
26181 30
26623 30
26763 0
26843 29
27197 0
27206 30
27357 0
27360 31
27390 30
27470 30
27490 31
27544 0
27549 31
28042 26
28082 0
28195 30
28638 0
28714 29
28870 30
28880 0
29044 30
29227 0
29231 29
29509 0
30026 26
30380 0
30505 30
30511 30
30598 0
30634 30
30808 0
30909 30
31040 0
31062 30
31252 0
31282 26
31349 0
31351 26
31428 29
31530 31
31616 26
31875 0
32062 26
32079 26
32112 0
32179 26
32269 0
32274 26
32338 0
32434 31
32503 0
32650 26
32659 0
32698 29
32898 0
32934 31
32950 30
33017 0
33249 26
33285 0
33340 29
33346 30
33408 30
33430 30
33806 0
33950 29
34311 0
34394 26
34512 30
34598 0
34690 30
34713 0
34836 30
34848 0
35066 29
35144 0
35146 30
35311 26
35666 0
35958 31
35996 0
36102 30
36163 0
36165 26
36219 0
36370 26
36417 0
36543 30
36692 31
36718 30
36740 30
36847 31
36895 0
37029 29
37214 30
37219 0
37436 26
37663 0
37739 30
37764 0
37944 30
37981 0
37996 29
38229 0
38315 30
38427 0
38686 26
38808 0
38853 29
38889 0
38918 26
39044 0
39180 30
39183 0
39222 31
39290 0
39299 31
39404 0
39425 29
39663 0
40205 31
40235 0
40372 26
40481 30
40512 0
40543 30
40587 30
40594 0
40618 30
40636 0
41138 31
41173 0
41453 26
41642 0
41905 30
41938 0
41969 26
42095 0
42454 26
42610 0
42755 30
42782 0
42941 26
43164 0
43629 26
43636 26
43864 0
44105 26
44170 0
44562 31
44564 30
44642 0
44710 30
44800 31
44915 29
45231 0
45280 26
45425 29
45537 29
45924 26
45928 31
46020 30
46203 0
46345 26
46564 0
46583 30
46591 30
46645 0
46833 31
46971 0
47143 30
47153 0
47314 26
47336 29
47337 0
47428 30
47583 31
47644 0
47657 30
47769 0
47855 30
47974 0
48004 30
48125 0
48324 26
48370 0
48463 30
48569 0
48663 30
48698 0
48721 29
48760 0
48884 30
48928 0
48996 30
49023 26
49113 0
49193 30
49513 0
49950 26
50017 30
50063 0
50520 30
50553 31
50554 0
50561 30
50633 0
51012 26
51210 0
51215 26
51334 0
51552 30
51919 0
51981 30
52016 0
52167 30
52229 30
52285 0
52299 26
52397 30
52578 0
52602 26
52672 0
52695 30
52706 0
52768 30
53008 0
53071 26
53083 0
53154 30
53182 0
53305 30
53405 26
53599 29
53653 0
53741 31
53803 26
54171 30
54222 0
54356 30
54371 29
54666 30
54693 31
54940 0
55058 30
55084 26
55090 0
55097 30
55137 0
55183 29
55288 0
55304 30
55363 0
55601 31
55631 26
55753 0
56026 30
56038 0
56127 26
56133 0
56136 29
56323 0
56401 29
56506 0
56588 31
56892 0
57037 26
57070 26
57095 0
57164 30
57213 0
57494 30
57565 30
57836 0
57935 29
58150 26
58227 0
58319 30
58449 0
58454 30
58478 0
58716 26
58940 30
58956 0
59104 30
59195 0
59279 29
59707 31
59737 31
59751 30
59893 30
60004 30
60037 0
60062 29
60313 26
60334 0
60357 26
60518 0
60737 30
61022 30
61072 0
61462 30
61485 0
61711 30
61799 0
61875 30
61895 29
61971 30
62232 30
62257 0
62429 29
62486 0
62533 30
62584 0
62647 26
62656 0
62660 30
62965 0
63024 30
63062 26
63070 0
63193 31
63331 30
63516 30
63557 0
63583 30
64098 0
64144 29
64154 0
64307 31
64471 0
64519 30
64740 0
65002 30
65131 0
65221 30
65325 30
65517 0
65588 26
65668 0
65831 30
65989 30
66139 0
66331 30
66417 30
66421 0
66426 26
66796 0
66853 31
67211 0
67467 30
67660 0
67771 29
67822 0
67855 30
68012 0
68159 26
68593 0
68625 31
68732 0
69038 26
69129 0
69163 30
69363 26
69400 31
69532 0
69681 29
69781 0
69839 26
69974 0
70154 26
70201 0
70278 31
70323 26
70382 0
70482 30
70506 0
70574 26
70817 0
70826 31
71007 0
71106 26
71112 0
71125 30
71233 0
71370 30
71448 31
71472 31
71674 0
71930 31
72107 0
72178 30
72297 30
72378 30
72462 0
72700 26
72784 0
72870 29
72925 30
72983 0
73019 26
73224 31
73363 0
73471 26
73484 0
73614 30
73672 0
73911 26
74112 0
74310 29
74341 0
74440 26
74493 30
74595 26
74658 0
74762 26
74923 0
74993 30
75064 0
75155 30
75331 0
75406 30
75875 0
76294 26
76543 26
76708 0
76858 31
76903 30
76905 0
76963 30
77070 0
77218 31
77238 26
77314 29
77338 0
77430 30
77507 0
77916 30
78121 30
78245 0
78607 30
78613 0
78767 30
78892 0
79094 26
79178 0
79380 29
79429 26
79686 0
79719 29
79815 31
79849 26
80133 26
80187 26
80432 0
80903 26
81201 0
81336 26
81451 31
81863 30
81868 31
81926 29
82001 26
82069 30
82183 0
82298 29
82305 31
82353 0
82362 29
82388 31
82500 0
82540 26
82544 0
82698 30
82709 0
82743 26
82844 0
82857 30
83013 31
83053 0
83210 26
83264 0
83463 26
83511 0
83518 31
84104 30
84209 0
84285 30
84297 26
84302 0
84468 31
84470 0
84636 31
84851 0
84962 30
84975 0
85122 30
85313 0
85333 30
85426 0
85467 26
85481 30
85560 0
85672 26
85927 0
86094 31
86160 0
86274 26
86351 29
86382 0
86511 30
86563 30
86643 29
87070 31
87093 0
87137 30
87166 0
87287 31
87392 30
87403 30
87552 0
87643 30
87756 0
87905 26
87911 0
87951 30
88180 0
88271 29
88508 0
88793 30
88929 30
88988 31
89068 0
89119 30
89265 0
89338 30
89438 0
89495 31
89846 0
90162 30
90271 30
90342 0
90407 26
90677 0
90707 30
90755 30
90760 0
90990 29
91055 26
91171 0
91507 26
91565 0
91701 26
92025 26
92129 0
92169 26
92225 30
92233 0
92387 31
92621 29
92776 0
92798 26
93049 0
93069 31
93364 0
93516 26
93897 0
94048 31
94156 0
94477 26
94478 29
94585 26
94587 0
94642 31
94666 0
94715 26
94976 0
95106 30
95604 0
95608 26
95622 30
96143 0
96250 30
96401 29
96593 0
96620 26
96639 0
96737 30
96803 0
96918 30
96955 0
96993 31
97104 0
97127 30
97179 26
97324 0
97342 26
97350 30
97524 26
97545 0
97842 30
97868 0
97896 26
97901 0
97936 30
97992 31
98094 29
98194 0
98257 29
98320 0
98597 26
98645 0
98707 29
98827 0
98897 30
98985 30
99105 0
99282 30
99413 26
99442 0
99447 31
99528 0
99568 31
99596 0
99651 26
99751 0
99856 26
99866 0
692 events for 2
180 30
244 0
351 29
375 0
392 30
648 36
744 0
850 30
873 0
1761 31
1821 0
1840 36
1867 0
2109 30
2160 0
2301 31
2602 0
2693 36
2807 0
2931 30
3449 0
3831 30
4032 0
4109 31
4173 29
4196 0
4293 36
4408 0
4461 31
4527 36
4759 0
5371 36
5400 30
5460 36
5500 0
5544 36
5954 0
6674 31
7078 0
7201 30
7292 0
7293 31
7446 36
7958 0
7970 31
8047 0
8348 31
8679 0
8852 30
8954 0
9054 31
9069 0
9446 29
9470 0
9517 36
9846 31
10074 0
10326 30
10410 0
10428 31
10502 0
10507 29
10615 31
10831 0
11352 36
11364 0
11378 30
11466 0
11497 30
11640 0
11688 31
11786 0
11833 36
11859 0
11962 30
12038 0
12103 30
12175 0
12287 36
12289 31
12345 0
12418 36
12674 31
12675 0
13003 31
13045 0
13221 30
13483 0
13627 31
13684 29
13687 0
13752 36
13797 0
13802 31
14023 0
14027 36
14099 29
14113 0
14159 36
14218 0
14316 30
14448 0
14763 29
15181 36
15197 0
15507 29
15638 31
15668 0
15932 29
16001 30
16142 30
16607 0
16636 30
16730 36
16780 0
16876 30
16889 0
16946 29
17150 0
17410 36
17436 30
17507 31
17864 0
17887 30
18059 0
18520 30
18808 0
19048 29
19095 0
19149 36
19494 0
19628 29
20070 0
20100 36
20349 0
20453 30
20481 0
20533 36
20680 36
20733 29
20846 31
20884 31
21006 30
21043 0
21123 36
21131 0
21516 36
21562 0
21659 29
21770 0
21790 29
21890 36
21978 0
22354 29
22479 0
22539 30
22761 0
22870 30
22999 0
23034 30
23253 0
23323 30
23395 29
23520 0
23537 29
23636 0
23655 36
23672 0
23751 29
24324 0
24510 36
24580 0
24610 30
24761 0
24780 30
25002 0
25179 30
25453 0
25540 36
25588 30
25599 0
25611 36
25696 0
25766 29
25998 0
26036 29
26246 0
26357 29
26372 29
26769 0
26916 31
27184 30
27460 0
27634 30
27698 29
27808 0
27943 29
28465 0
28520 30
28529 0
28532 31
28721 36
28975 0
29556 36
29974 0
30117 31
30763 0
30808 29
30830 0
30874 31
30952 0
30976 30
31039 30
31044 0
31109 29
31272 0
31435 36
32606 29
32758 0
32856 29
33167 30
33417 0
33453 31
33554 0
33572 30
33606 0
33704 30
33707 30
34109 0
34298 36
34469 0
34496 36
34550 0
34909 29
34938 31
34976 31
35080 0
35161 30
35446 0
35459 31
35617 0
35847 29
35974 0
36063 31
36246 0
36326 29
36393 0
36409 31
36596 0
36599 31
36727 29
36944 0
36990 29
37082 0
37178 29
37279 0
37384 29
37473 0
37579 30
37727 0
37839 30
37920 0
38265 36
38319 0
38433 31
38476 0
38662 31
38733 31
38935 36
39002 0
39364 31
39739 0
39808 30
39879 0
39973 30
39996 0
40063 29
40185 0
40247 36
40289 0
40309 31
40311 0
40320 36
40586 29
40790 0
41067 31
41518 0
41563 29
41759 0
42011 30
42156 0
42374 36
42476 0
42605 31
42676 0
43208 29
43265 0
43271 36
43323 0
43339 36
43517 31
43583 31
43913 0
43977 30
44033 0
44333 30
44426 0
44636 36
45100 0
45108 31
45163 0
45224 36
45401 0
45433 29
45510 0
45560 36
45640 0
45726 31
46196 0
46248 31
46289 29
46348 0
46600 30
46756 36
46765 0
46873 30
46918 0
46919 31
46948 0
47124 29
47176 0
47229 31
47259 0
47278 36
48131 0
48225 30
48665 30
48770 29
48815 0
48914 31
48988 0
49216 36
49324 0
49366 30
49651 0
49736 29
49926 29
50275 0
50504 29
50547 0
50608 36
50694 0
50909 30
50912 0
50920 30
50977 0
51171 31
51235 0
51307 31
51545 0
51627 30
51666 29
51690 0
51696 31
51729 0
51848 30
51993 0
52076 36
52142 0
52172 31
52186 0
52334 31
52397 0
52413 36
53030 0
53159 29
53181 0
53262 29
53274 0
53299 36
53307 36
53331 0
53381 36
53420 31
53479 29
53631 0
53743 31
53849 31
54094 0
54143 36
54199 0
54512 31
54649 0
54964 36
54965 0
55028 31
55054 31
55153 29
55172 36
55432 0
55476 30
55477 0
55504 36
55554 0
55679 29
55767 30
55952 0
55993 30
56217 0
56354 29
56380 0
56457 31
56830 29
56902 0
57077 31
57166 0
57255 29
57267 0
57462 30
57610 0
57685 31
57687 36
57694 0
57995 31
58273 0
58313 31
58384 0
58534 30
58598 0
59036 29
59056 0
59095 30
59365 31
59546 0
59772 29
60214 0
60284 30
60467 0
60479 36
60500 0
60671 36
60701 0
61135 31
61449 0
61461 30
61475 29
61604 31
61933 36
61976 30
62029 36
62264 0
62384 29
62537 0
62626 36
62639 0
63003 36
63130 0
63319 30
63382 30
63613 0
63643 31
63803 0
63833 31
64108 0
64141 29
64268 0
64397 36
64482 0
64502 31
64554 0
64909 31
64926 0
64946 31
64984 0
65023 30
65386 0
65387 31
65471 0
65518 29
65654 0
65950 30
66145 30
66395 0
66594 31
66696 30
66726 31
66763 0
67125 31
67506 29
67781 36
67970 0
68065 29
68399 0
68416 29
68508 0
68666 31
68966 0
69216 30
69226 30
69477 30
69963 29
70162 0
70286 30
70436 0
70476 29
70518 29
70689 0
70876 30
70908 31
70924 0
71015 29
71046 0
71122 29
71468 29
71505 0
71555 31
72030 0
72035 30
72137 0
72265 36
72546 0
72804 29
73304 0
73575 29
73617 29
73701 31
74453 0
74653 30
74762 0
74797 36
74929 0
75086 31
75153 31
75261 30
75269 0
75382 29
75416 30
75437 0
75517 31
75528 0
75608 31
75759 0
76123 29
76144 31
76167 0
76434 30
76596 0
76612 30
76852 0
76937 31
77188 36
77425 30
77575 0
77713 31
77943 0
77970 31
78070 0
78328 29
78358 0
78425 36
78567 0
79006 36
79053 29
79178 0
79188 36
79601 0
79624 29
79939 0
80008 30
80258 0
80495 31
80617 36
80705 0
80706 30
80808 0
80835 29
80951 0
81030 31
81039 0
81100 29
81153 36
81430 36
81948 0
82038 30
82518 31
82905 0
82944 29
83178 30
83246 36
83321 0
83814 36
84135 0
84421 30
84442 0
84488 31
84924 0
85143 36
85423 0
85799 30
85959 0
86080 30
86117 0
86442 30
86488 0
86493 30
86688 36
87030 0
87185 31
87297 0
87355 31
87372 0
87590 36
87629 0
87645 30
87819 0
87836 29
88029 0
88185 36
88233 36
88348 36
88669 0
88801 29
88811 30
88824 0
88978 29
89302 31
89324 0
89524 31
89638 0
89822 29
90060 0
90148 30
90269 29
90325 31
90534 31
90593 0
90627 29
90679 0
91266 31
91391 0
91500 36
91560 29
91990 0
92508 30
92770 0
92957 30
93002 0
93082 36
93115 0
93261 31
93301 30
93312 31
93321 29
93328 29
93347 0
93697 36
93783 0
93865 29
93999 0
94367 31
94457 0
94591 31
94678 0
94776 36
94898 0
95016 36
95275 0
95285 36
95405 0
96016 30
96032 31
96042 30
96209 0
96249 31
96251 0
96492 31
97009 0
97285 30
97748 30
97982 0
98062 30
98113 30
98199 0
98301 29
98579 0
98717 31
98901 29
98920 0
99042 36
99371 29
99631 0
99785 36
378 events for 3
228 24
586 18
666 0
1072 32
1302 0
1533 18
1699 0
2650 22
2703 18
3168 0
3826 32
3905 0
4325 34
5162 0
5772 34
5991 24
6201 0
6243 24
6260 0
6321 18
6980 0
7864 22
7945 0
8394 18
8635 0
9104 18
9475 0
9652 32
9660 0
9878 34
10602 0
10788 32
10832 0
11002 34
11012 18
11089 0
11258 24
11273 0
11550 22
12115 0
12131 32
12149 0
12620 18
13230 24
13399 0
13615 22
13658 0
13720 22
13736 24
14071 0
14480 24
14769 22
14875 0
15308 18
15369 34
15681 0
15698 22
15847 0
16426 24
16479 22
16899 0
16911 34
16967 32
17137 0
17176 34
17221 0
17305 18
17489 18
17516 0
17688 24
17978 0
18379 24
18538 0
18645 18
18808 0
19314 22
19342 0
19840 22
19915 0
20010 32
20511 0
21319 18
21498 24
21564 0
21721 24
22204 0
22763 18
23233 0
23492 22
23509 24
23661 0
23695 32
23995 24
24024 34
24061 22
24366 34
24789 0
24919 24
24933 32
25050 0
25520 22
25638 0
25738 22
25847 0
26252 18
26380 0
26663 24
27107 22
27161 32
27359 32
28256 0
28303 34
28527 0
28686 32
29717 0
29843 24
30168 0
30261 34
30715 0
30865 34
31236 0
31308 22
31519 22
32018 0
32314 24
32388 18
32439 0
32673 24
32757 0
32995 18
34514 22
34940 0
35312 24
36008 22
36038 24
36387 0
36389 32
36686 24
36894 0
37001 18
37112 0
37658 18
38040 0
38274 34
39231 0
39275 34
39383 32
39607 24
39803 0
39906 24
39952 0
40524 34
40694 0
41332 22
41448 0
41594 18
41894 24
41931 0
42105 34
42138 0
42516 24
42568 18
42653 0
43419 34
43774 0
44316 24
44407 0
44446 24
44656 0
44688 24
44960 34
45117 0
45278 24
45306 0
45567 32
45676 18
46387 0
47447 22
47905 0
48304 24
48463 0
49105 24
49131 34
49295 0
49353 24
49567 0
49688 22
49773 0
49815 34
50213 0
50328 32
50714 0
50730 24
52065 0
52247 24
52329 22
52352 24
52364 0
52927 24
53110 0
53456 22
53902 18
54191 34
54692 0
54839 24
55224 0
55284 24
55719 0
55741 24
55877 0
56036 24
56080 0
56534 18
56885 0
57265 22
57351 24
57595 0
57739 22
57770 32
57885 32
58152 0
58218 18
58588 0
58777 34
58951 0
59087 34
59390 0
59489 24
59522 32
59666 0
59757 24
60033 0
60143 32
60196 34
60369 32
60619 0
60676 18
60828 0
60883 34
61210 0
61638 22
62039 22
62064 24
62170 18
62890 0
62975 34
64281 0
64506 24
65211 24
65582 0
65669 22
66099 22
66369 0
66476 32
66806 0
67635 32
67692 0
68587 32
68636 0
68994 24
69176 34
69557 0
69952 18
70089 0
70749 22
70803 34
71203 0
71447 32
71574 0
71597 22
71605 0
71612 24
71929 0
72230 34
72289 0
72451 24
72559 0
72781 34
73248 32
73962 0
74288 22
74594 0
74788 24
74877 0
75759 22
76098 18
76178 0
76357 24
76439 32
76454 0
76754 34
76947 22
77072 0
77387 18
78364 0
78481 34
78691 0
79995 34
80211 24
80370 24
80956 0
81487 32
81760 0
81769 24
81977 0
82033 22
82239 0
82328 18
82417 34
82529 0
82962 32
83164 0
83354 32
83396 0
83671 24
83731 0
83932 34
84128 18
84582 32
84740 0
85138 32
86364 0
87041 22
87075 0
87118 32
87465 34
87690 0
88481 32
88644 34
89082 0
89768 34
89809 34
89812 0
89866 22
90018 18
90769 0
90770 34
91198 0
91548 18
91813 34
92159 24
92441 0
92669 34
92706 0
92737 22
93238 0
93256 32
93561 24
93827 24
94059 24
94068 0
94328 22
94849 0
94876 32
95141 0
95304 24
95411 0
95499 24
95670 0
96261 34
96272 32
96317 0
96724 32
96733 0
96761 32
96933 0
96941 34
97227 0
97564 24
97857 34
98610 32
98765 0
99065 34
99235 0
99385 34
99695 0
99787 34
99915 24
236 events for 4
639 32
751 0
753 56
765 0
1599 56
1664 0
1688 32
1703 0
2129 32
2252 0
2976 56
3309 0
3338 56
3441 0
3820 56
3841 0
4070 32
4340 56
4679 56
5981 0
6372 56
7233 0
8306 32
9091 0
9486 56
9930 0
9935 56
10306 32
10513 0
10852 32
10933 0
11274 32
11750 56
11824 0
12346 32
12415 0
12739 56
13631 32
13900 0
14437 32
14725 0
15092 56
15538 0
15896 32
16216 0
16722 32
18413 0
19157 56
19392 0
19511 32
20119 0
21357 32
21748 0
22043 56
22495 0
22498 56
22910 0
23530 56
24086 32
24105 0
24139 32
24872 32
25329 0
25495 32
25731 0
26088 56
26177 0
27666 32
27769 32
28163 56
28834 56
28878 32
29119 0
29271 56
29372 32
29754 0
29757 56
29786 32
30060 0
30094 32
30183 0
30346 56
31015 0
32454 32
33165 0
33284 32
33899 0
34349 32
34558 32
34796 32
35503 0
35593 56
36370 0
36576 56
36681 0
37086 56
37133 0
37260 56
39151 0
40117 32
40648 56
40919 0
41726 56
41763 0
41764 32
41851 0
42375 56
43184 56
43650 32
43752 32
43826 0
44510 56
44876 0
45411 32
46860 32
46889 32
47156 56
47192 0
47659 56
47979 56
48684 32
48865 56
49201 0
49283 32
50196 0
50397 56
51197 0
51635 32
51746 56
51782 0
52037 56
52070 0
52163 32
52567 0
52800 56
53219 0
53346 56
54021 0
54747 32
56037 32
56058 56
57043 56
57169 0
57404 56
58787 0
59377 32
59917 0
60533 32
60609 0
60745 56
60958 0
60988 56
61452 0
62132 32
62300 32
62861 0
62863 32
63000 0
63212 32
63544 0
64121 56
64719 32
65141 0
65374 56
65470 32
65638 0
66340 32
67095 56
68194 0
68845 32
68956 0
70394 56
71156 0
71658 56
71740 0
72209 32
72500 56
72613 56
72682 0
74151 56
74298 32
74427 32
74758 0
74782 32
74900 0
75055 56
75159 56
75349 0
75738 56
75987 0
76202 32
78346 0
78860 32
79010 0
79385 32
79514 0
80022 32
80185 0
80317 32
80475 0
81359 56
81468 0
82367 32
82648 32
82719 32
83844 32
84660 0
84701 56
84777 0
85399 56
85666 0
86229 56
86314 56
87576 0
87781 32
87913 0
88567 32
90122 32
91132 0
91330 32
92797 0
93126 32
93367 32
93841 56
94445 0
94615 32
95122 0
95463 32
95619 56
96302 0
97105 56
97691 56
98150 32
98447 0
98759 32
99608 0
304 events for 5
23 65
211 0
360 65
536 0
608 65
634 0
675 65
712 0
789 65
1713 0
1952 65
2041 0
2122 65
2400 0
3758 65
3819 0
4411 65
4949 0
5866 65
7805 65
7851 0
7929 65
8109 65
8148 0
8351 65
8879 65
9368 0
9621 65
9991 65
10287 65
11098 0
11503 65
11643 65
11866 65
11972 0
12086 65
12110 0
12473 65
13129 65
13572 65
14575 65
14634 0
14642 65
15190 0
15442 65
15779 65
16286 0
16587 65
16934 0
17668 65
17792 0
18827 65
19266 0
19745 65
20073 0
21146 65
21268 65
21451 0
21784 65
21882 65
21899 65
23265 0
23402 65
23505 65
23616 65
23831 0
25404 65
25725 0
25888 65
26833 0
26994 65
27139 0
27390 65
27491 0
28334 65
29441 0
29494 65
29571 0
30131 65
31434 0
31505 65
31545 0
31863 65
31926 0
32378 65
33790 0
33978 65
33986 65
34089 65
34278 0
34450 65
34721 0
35911 65
36088 0
36630 65
37269 0
37328 65
37731 0
37895 65
38332 0
38539 65
39128 0
39611 65
39620 0
39775 65
40433 65
40825 0
41006 65
41118 0
41144 65
41289 0
42482 65
42501 0
42527 65
42624 0
42765 65
43019 0
43645 65
43836 0
44238 65
44658 0
44662 65
45167 0
45555 65
46405 0
46718 65
47338 0
47940 65
48162 0
48440 65
48609 65
48959 0
49113 65
49388 0
49613 65
49631 0
49681 65
49783 65
50690 0
50866 65
51322 0
51342 65
51473 0
51531 65
52119 0
52238 65
52897 65
52971 0
53545 65
53635 0
53639 65
53652 0
53877 65
54267 0
54337 65
54379 0
54462 65
54720 0
54749 65
55548 0
55910 65
56244 0
56324 65
56427 0
56694 65
57237 0
57291 65
57490 0
57876 65
58865 65
59135 65
59324 65
59735 0
62034 65
62076 0
62211 65
62239 0
63484 65
64115 0
64335 65
64983 65
65095 65
65338 0
65904 65
66466 0
66778 65
66848 65
66874 65
67054 65
67604 65
67611 65
67618 0
67928 65
67933 0
67950 65
68499 0
68692 65
68927 0
69128 65
69319 0
69777 65
69991 0
70077 65
70679 65
71186 0
71417 65
71844 65
71910 0
72035 65
72199 0
72389 65
72673 65
72745 0
72758 65
72975 65
73784 65
74052 0
74098 65
74569 65
74605 0
74641 65
75084 65
75119 0
75162 65
75197 65
76288 0
77188 65
77228 65
77400 0
77442 65
77685 0
77960 65
78291 0
78831 65
79064 65
79264 0
79464 65
79793 0
79837 65
80144 0
81310 65
81837 65
82161 65
82618 0
82995 65
83084 0
83774 65
83882 0
83965 65
84026 0
84334 65
84706 0
84844 65
84918 0
84949 65
85496 0
85777 65
85824 0
86039 65
86246 0
86287 65
87355 65
87403 65
87639 0
87791 65
88188 0
88412 65
88549 0
88685 65
89070 65
89196 0
89264 65
89281 0
89916 65
91267 65
91440 0
93000 65
93069 0
93075 65
93346 0
93349 65
93362 0
93971 65
94162 0
94293 65
95653 0
95816 65
95920 0
95933 65
96111 0
96434 65
97195 0
97423 65
97863 65
98062 65
98181 65
98238 65
98430 0
98538 65
99505 0
99713 65
99731 0
99772 65
99963 0
901 events for 6
18 80
53 0
63 80
565 0
885 85
968 90
977 0
978 85
1055 0
1289 90
1679 0
1736 80
1771 0
1888 85
2008 90
2014 85
2022 0
2262 90
2334 80
2671 82
2682 80
2753 0
3201 85
3233 88
3375 0
3380 85
3396 0
3406 88
3585 0
3617 91
3637 90
4035 90
4071 85
4134 85
4380 85
4533 85
4628 0
4807 88
4931 90
4988 0
5051 88
5178 0
5513 90
5612 0
5671 91
5873 0
5963 90
6034 90
6075 0
6119 90
6123 90
6149 0
6284 82
6358 90
6613 88
6707 85
6732 0
6745 90
6904 0
6961 82
6999 0
7014 91
7259 0
7517 90
7644 0
7731 91
7787 0
7859 80
7875 0
7925 80
8014 0
8176 82
8184 0
8244 80
8361 0
8460 90
8461 80
8487 0
8537 90
8759 0
8765 91
8905 0
9113 91
9237 0
9433 82
9512 91
9567 0
9645 90
9646 88
9810 0
10283 90
10466 90
10480 0
10500 91
10623 0
11066 91
11273 85
11445 0
11545 80
11613 88
11865 90
11906 0
12004 90
12549 0
12900 90
12986 82
13046 0
13121 91
13146 90
13359 90
13626 0
13716 88
13763 0
13924 88
13960 0
14044 91
14088 0
14253 90
14357 0
14445 90
14630 0
14650 91
14756 0
14784 88
14795 80
14866 0
14874 88
15144 90
15303 0
15319 91
15362 90
15524 88
15555 0
15724 91
15868 82
15963 0
16110 90
16130 0
16210 88
16218 90
16461 88
16525 0
16607 85
16641 0
16703 80
16711 88
16757 0
16762 90
16956 0
17115 85
17302 0
17320 90
17378 0
17419 90
17473 90
17642 0
17755 88
17859 0
18022 88
18040 0
18202 82
18349 0
18427 90
18447 0
18521 85
18529 90
18728 90
19031 0
19069 91
19077 90
19135 0
19332 90
19350 88
19456 0
19508 85
19581 90
19746 0
19799 90
19884 0
20015 91
20081 90
20095 0
20116 88
20190 0
20255 91
20544 0
20608 88
20890 0
21060 88
21061 0
21094 90
21458 0
21583 88
21800 0
21828 90
21869 0
21967 82
21982 0
22180 90
22336 0
22354 90
22578 0
22733 85
22984 91
23022 0
23024 80
23072 0
23103 90
23139 0
23349 88
23352 0
23399 88
23539 90
23659 0
23685 90
23915 0
23946 88
23963 0
24130 88
24228 80
24337 0
24386 82
24440 0
24449 90
24631 0
24745 90
24869 82
25082 0
25148 82
25189 88
25315 80
25455 0
25686 90
25725 0
25813 88
26111 0
26224 82
26297 0
26417 88
26489 0
26512 91
26606 0
26675 91
26741 82
26768 0
26845 88
27207 0
27275 90
27279 0
27354 90
27497 91
27586 0
27777 90
27842 0
27848 88
27872 0
27939 91
28070 0
28341 91
28422 80
28535 0
28617 90
28818 82
29211 0
29229 88
29268 0
29481 88
29482 0
29507 90
29549 0
30021 82
30077 0
30131 90
30389 0
30482 91
30606 82
30659 0
30732 90
30772 0
30804 82
30808 0
31012 85
31101 0
31264 82
31280 0
31299 91
31390 0
31570 90
31639 0
31661 85
31744 80
31795 0
31891 88
31915 91
31927 80
32123 85
32403 0
32629 82
32632 80
32795 0
32844 82
32869 0
32974 90
33027 0
33434 82
33482 0
33734 85
33747 85
33808 0
33820 80
33863 82
34172 0
34296 85
34672 90
34716 0
34717 85
34735 85
34808 0
34961 82
35447 80
35529 88
35579 0
35704 82
35856 0
35902 90
35924 90
35998 0
36022 88
36076 80
36169 0
36538 91
36540 0
36632 90
36815 0
36841 90
36928 80
37051 0
37127 82
37128 0
37334 85
37378 85
37390 0
37416 80
37609 0
37697 80
37823 0
37980 90
38110 0
38222 88
38257 0
38276 80
38424 0
38425 90
38540 0
38598 88
38675 0
38694 91
38702 0
38894 88
39095 90
39190 0
39250 90
39646 90
39806 0
39918 80
40157 0
40653 90
40727 0
40817 91
40982 0
41052 80
41188 0
41295 91
41461 0
41500 80
41767 0
41806 82
41807 90
41885 0
41938 88
42047 0
42156 90
42182 0
42343 90
42420 0
42458 85
42885 0
43060 90
43230 91
43299 0
43334 85
43399 85
43461 85
43531 0
43723 90
43750 90
44391 0
44454 85
44619 0
44622 82
44708 90
44711 0
44738 90
44893 0
44925 80
44963 0
45058 85
45210 0
45238 88
45291 0
45541 88
45730 0
45792 82
45921 90
45927 0
45991 85
46150 0
46191 91
46309 0
46664 88
46980 0
46987 80
47053 0
47069 91
47133 0
47176 90
47554 0
47570 80
47603 80
47814 0
47989 90
48063 0
48118 80
48217 88
48272 90
48512 0
48730 90
48733 82
48973 91
49071 82
49306 90
49357 0
49361 88
49670 0
49732 88
49775 0
49802 85
49853 0
49924 82
50007 0
50036 88
50132 90
50282 80
50400 0
50462 82
50642 0
50661 90
50711 0
50796 90
50805 88
50886 80
51017 0
51090 88
51565 0
51722 90
51757 0
51835 80
51906 0
52027 80
52314 0
52330 88
52387 90
52413 0
52463 88
52537 0
52650 82
52792 0
52929 91
53235 0
53323 85
53423 0
53472 88
53504 0
53617 90
53663 0
53833 90
53893 90
54020 0
54068 85
54338 0
54373 91
54478 0
54506 82
54780 91
54794 0
54821 91
54860 0
54933 88
55058 0
55190 91
55227 0
55261 90
55279 0
55386 91
55678 0
55748 80
56129 91
56204 0
56224 88
56261 82
56290 0
56472 82
56545 0
56815 80
56936 0
56952 88
56965 0
56997 91
57331 0
57545 82
57691 0
57850 82
57868 0
57894 82
57988 0
58076 85
58119 90
58158 0
58179 90
58238 85
58334 0
59003 80
59065 80
59132 0
59188 80
59256 0
59559 90
59618 90
59688 0
59784 91
60037 82
60108 0
60179 88
60287 0
60390 82
60464 0
60595 88
60764 0
60807 85
60895 0
60915 85
60944 90
60954 88
61320 0
61468 85
61558 90
61906 0
62172 82
62192 90
62211 0
62239 91
62782 90
62934 0
63359 90
63498 0
63571 80
63590 0
63714 88
63857 0
63977 85
64060 0
64061 80
64139 0
64419 90
64439 0
64454 90
64585 85
64801 0
64879 90
65173 0
65210 90
65216 0
65335 91
65363 90
65367 0
65406 90
65429 82
65491 0
65582 90
65641 85
66115 0
66418 90
66638 0
66776 90
66916 0
67038 82
67101 0
67163 85
67364 85
67420 0
67447 90
67582 80
67790 91
67840 0
67864 90
68408 0
68451 80
68581 91
68606 0
68695 90
68939 85
69076 90
69114 91
69125 0
69301 88
69379 0
69404 88
69492 0
69854 91
69914 0
69925 85
69992 82
70025 0
70153 85
70180 90
70540 0
70823 85
70970 90
70986 0
71158 80
71202 0
71216 88
71301 0
71437 82
71515 0
71572 82
71647 0
71690 82
71987 0
72114 91
72132 0
72170 85
72272 0
72287 91
72371 0
72436 82
72439 0
72534 90
72535 0
72552 90
72587 0
72835 90
72909 91
73054 0
73120 90
73296 88
73318 90
73351 0
73553 90
73663 0
73700 80
73731 82
73733 90
73813 0
73864 85
73876 0
73938 90
73939 82
73963 0
74035 88
74106 80
74328 88
74466 0
74520 90
74782 0
74792 80
74825 90
75209 0
75230 90
75248 0
75364 80
75504 0
75574 82
75714 0
75788 91
75792 0
75912 88
75950 0
76050 88
76073 0
76281 80
76335 0
76341 90
76506 0
77243 88
77263 0
77289 80
77325 0
77465 80
77478 88
77594 90
77729 0
77925 90
78049 90
78103 90
78187 82
78191 90
78398 0
78515 90
78533 85
78564 85
78666 0
78678 90
78691 0
78907 90
79047 0
79218 82
79293 0
79312 91
79488 90
79581 0
79740 90
79890 0
80346 80
80368 0
80382 80
80395 88
80408 0
80551 90
80555 85
80624 0
80807 85
80901 0
80933 88
80942 0
81080 90
81241 0
81403 85
81427 0
81514 85
81929 0
82016 82
82059 0
82167 88
82220 0
82710 90
82763 90
82800 0
82824 90
82837 0
82993 88
83047 90
83063 0
83122 91
83269 0
83360 85
83367 88
83389 82
83504 0
83608 90
83685 85
83823 0
83880 90
84084 0
84303 88
84350 91
84397 0
84457 90
84700 0
84953 90
84977 88
85114 0
85242 90
85330 85
85431 90
85664 0
85714 80
85715 88
85783 0
86085 90
86086 0
86295 82
86316 0
86411 91
86464 0
86786 80
86798 0
87075 88
87265 0
87316 82
87338 0
87362 88
87382 90
87387 91
87396 0
87432 80
87449 90
87460 0
87513 90
87529 0
87696 88
87925 0
87945 88
87953 0
88561 85
88580 0
88716 82
89132 0
89273 91
89289 90
89574 90
89632 0
89669 91
89676 0
89842 91
89863 80
90069 0
90208 90
90225 90
90395 0
90397 90
90505 90
90509 0
90601 90
90623 0
91043 82
91130 0
91257 82
91288 0
91405 80
91423 0
91601 90
91617 0
91782 90
91845 0
92054 90
92172 0
92187 91
92439 90
92492 0
92530 85
92546 91
92552 0
92813 80
93063 0
93532 90
93613 0
93631 85
93700 0
93828 90
93953 0
94007 82
94070 0
94317 80
94437 0
94572 91
94657 0
94730 80
94748 0
94914 80
94988 0
95071 80
95082 0
95151 91
95192 80
95212 0
95256 88
95276 0
95522 80
95530 0
95593 91
95878 88
96183 0
96371 85
96450 90
96537 0
96591 90
96728 0
96871 88
96881 0
96893 90
96930 0
96993 88
97012 91
97085 0
97091 82
97129 90
97818 0
97907 85
97971 0
98056 91
98085 91
98252 0
98600 90
98826 0
98827 90
99383 0
99401 91
99545 0
99640 85
99720 90
897 events for 7
258 81
299 0
305 82
524 0
579 82
722 89
757 0
956 84
970 0
1090 89
1110 0
1360 89
1382 0
1595 91
1771 0
1817 87
1824 87
2053 81
2142 0
2174 89
2355 91
2470 0
2493 84
2660 89
2733 0
2772 81
2888 0
2982 84
3021 0
3162 89
3254 0
3343 81
3351 0
3354 81
3417 84
3429 81
3466 0
3620 91
3643 89
3779 0
4163 81
4219 87
4314 82
4373 89
4381 0
4437 81
4450 81
4493 0
4510 89
4551 89
4557 0
4837 89
4861 81
5018 0
5020 89
5100 81
5203 0
5322 84
5651 0
5860 84
5904 81
6232 0
6236 91
6755 0
6767 81
6777 0
6786 89
6800 0
6885 91
6950 81
7057 0
7153 81
7190 0
7467 89
7542 81
7594 0
7782 89
7934 84
7967 0
8176 81
8346 0
8655 84
8866 0
9046 81
9074 0
9097 91
9121 89
9151 0
9156 89
9168 0
9374 81
9422 0
9455 87
9549 0
9673 89
9686 0
9714 84
9794 0
9941 81
10015 89
10198 0
10296 89
10430 0
10539 89
10550 0
10639 81
10664 0
10848 82
11150 87
11204 0
11639 82
11788 0
11796 84
11919 0
12051 81
12136 81
12188 89
12271 81
12318 81
12570 0
12616 84
12640 0
12670 87
12734 0
12847 87
13140 0
13250 89
13271 0
13461 84
13600 89
13733 0
13816 89
13872 0
13938 84
13970 82
14170 0
14199 81
14284 0
14303 81
14429 81
14451 0
14513 81
14718 89
14799 82
14888 0
14914 81
15082 81
15160 87
15184 0
15561 84
15595 0
15605 87
15616 0
15638 81
15676 0
15762 81
15783 0
15830 87
15923 0
15950 89
16014 89
16078 84
16113 81
16315 81
16346 0
16553 81
16584 0
16608 81
16621 0
16651 81
16721 0
16846 84
16892 0
17011 82
17049 0
17251 81
17269 81
17533 0
17629 84
17765 0
17842 89
17947 0
17995 81
18086 0
18292 89
18382 0
18673 87
18981 87
18985 0
19113 81
19140 0
19253 81
19311 0
19397 81
19673 0
19727 84
19740 0
19885 81
19910 87
20060 82
20247 0
20255 89
20401 82
20679 0
20713 82
20824 0
20834 89
20954 89
21190 84
21709 0
21998 82
21999 81
22023 91
22028 0
22033 82
22211 0
22263 81
22386 87
22434 0
22442 84
22651 0
22793 89
22963 89
23260 81
23285 0
23496 91
23569 0
23684 89
23702 0
23814 91
23825 0
23871 91
24005 0
24186 82
24282 0
24544 81
24694 81
24749 81
24793 0
24815 84
24944 0
25002 82
25055 87
25338 0
25631 81
25734 89
25907 89
25967 91
26081 0
26088 87
26096 81
26200 0
26284 82
26598 91
26841 84
26891 0
26994 89
27204 0
27319 87
27475 0
27531 89
27560 0
27587 84
27679 0
27716 84
27801 0
27843 89
28032 0
28319 81
28384 0
28792 89
28968 0
29103 82
29134 0
29285 81
29439 0
29450 91
29473 0
30018 89
30106 0
30168 89
30251 0
30286 81
30385 89
30444 0
30570 81
30723 0
30794 87
30974 91
31002 0
31003 89
31131 0
31565 87
31579 0
31633 81
31774 0
31781 82
31816 0
32088 84
32123 84
32211 0
32263 81
32345 81
32448 82
32736 0
33191 89
33311 81
33404 0
34076 82
34111 0
34275 91
34389 89
34468 84
34469 81
34502 0
34506 81
34574 0
34869 87
34871 0
34931 81
35068 81
35095 91
35402 81
35507 0
35533 84
35596 0
35602 81
35643 0
35751 81
35805 87
35919 0
36000 87
36486 0
36509 84
36512 81
36544 0
36658 87
36759 87
36773 0
36951 87
37016 0
37057 89
37119 0
37223 81
37225 0
37311 87
37327 0
37357 89
37415 0
37517 81
37890 0
37976 87
38122 82
38133 0
38298 84
38325 0
38351 84
38444 0
38557 82
38735 0
38818 87
38900 0
38911 89
38990 0
39037 89
39063 0
39228 81
39233 0
39300 82
39329 0
39392 82
39514 0
39752 82
39848 0
39900 82
39901 0
40243 81
40275 0
40547 89
40617 0
40625 84
40794 0
40824 82
41168 0
41191 81
41237 0
41426 87
41604 0
41670 81
41777 0
41945 82
42107 0
42229 82
42376 0
42567 91
42741 81
42841 84
43070 0
43090 81
43183 81
43194 91
43198 0
43506 84
43691 0
43965 87
44121 0
44144 82
44211 81
44240 0
44270 91
44400 0
44556 87
44619 82
44751 0
44752 89
44769 0
44791 91
45470 89
45550 89
45602 0
45604 81
45664 0
45939 87
45980 0
46208 81
46216 0
46352 81
46487 0
46643 81
46794 0
46862 81
46956 87
47005 0
47111 91
47134 0
47187 84
47299 81
47312 91
47321 0
47689 84
47855 0
47874 89
47882 0
48033 87
48068 0
48084 89
48112 82
48198 0
48256 91
48502 89
48644 81
48982 0
49047 82
49153 0
49217 91
49221 0
49499 89
49626 0
49915 81
49946 0
49972 91
49978 81
50059 0
50079 84
50144 82
50187 0
50205 81
50206 84
50221 81
50239 0
50300 84
50598 0
50847 82
51002 91
51351 0
51559 82
51578 0
51767 89
51829 91
51858 0
52155 84
52219 0
52455 89
52588 0
52645 89
52673 0
52789 84
52841 87
52984 0
53375 81
53523 0
53720 81
53724 81
53808 87
53818 0
53880 82
53903 81
54118 0
54277 89
54677 0
54721 89
54724 89
54757 81
54806 0
54817 87
54857 0
54927 81
54968 0
55165 91
55173 0
55177 82
55184 0
55186 84
55420 81
55519 81
55628 82
55683 0
55789 84
55802 0
55848 81
55899 81
55952 0
56053 84
56713 0
56950 81
57020 0
57145 81
57245 0
57283 81
57324 0
57586 81
57822 87
58178 0
58214 81
58501 0
58698 91
58699 0
58804 91
58894 0
58980 91
59043 89
59179 82
59198 91
59237 0
59284 87
59368 0
59598 81
59644 0
59731 87
59772 0
59919 89
59939 84
60025 0
60131 89
60673 0
60743 89
60808 0
60947 81
61095 89
61122 0
61130 81
61233 0
61266 89
61327 81
61506 0
61603 81
61837 0
61851 87
62047 82
62168 0
62199 81
62377 0
62520 89
62607 0
62867 81
62920 0
62965 89
62974 0
63166 82
63290 0
63530 87
63878 0
64017 84
64077 87
64121 0
64126 82
64402 84
64527 81
64560 82
64636 0
64654 81
64721 0
65187 89
65252 0
65357 87
65369 0
65432 81
65457 0
65498 81
65557 0
65563 81
65777 0
65809 91
66094 0
66154 81
66323 0
66429 91
66476 0
66531 81
66547 0
66669 91
66927 0
67146 84
67236 0
67306 82
67343 81
67367 0
67681 84
67694 0
67738 82
67999 0
68219 87
68278 81
68416 82
68421 0
68424 82
68430 84
68586 0
68670 81
68707 0
68805 81
68949 0
68961 82
69020 0
69331 89
69606 0
69725 81
69735 0
69742 91
69813 0
69901 84
70073 0
70091 81
70218 89
70287 81
70463 81
70710 0
70846 82
70859 0
70870 87
70966 89
71001 0
71227 91
71423 0
71461 81
71512 0
71912 81
71980 0
72107 81
72223 0
72332 82
72393 0
72400 84
72683 0
72696 82
72904 0
73201 91
73512 89
73541 0
73545 81
73547 0
73620 91
73687 0
73696 89
73784 0
74010 81
74047 0
74235 89
74239 81
74427 0
74471 89
74506 87
74598 0
74806 82
74901 0
74948 84
74992 81
75043 0
75249 84
75282 89
75510 0
75551 91
75776 81
75899 0
76107 91
76200 0
76293 89
76474 0
76531 82
76566 0
76685 81
76841 0
76878 89
76990 0
77183 84
77210 81
77349 0
77690 87
77721 0
77975 89
78015 0
78122 91
78485 87
78530 0
78703 89
78862 0
78922 84
78927 0
78985 89
79048 89
79118 84
79215 0
79254 81
79348 0
79459 89
79552 0
79671 81
79806 89
79990 0
80047 91
80052 89
80089 0
80102 81
80193 0
80201 84
80226 0
80394 82
80431 0
80537 84
80651 0
80940 89
80946 0
80948 81
81001 87
81058 81
81260 0
81540 89
81599 0
81672 87
81763 0
81999 89
82142 0
82353 81
82642 0
82684 84
82710 89
82815 81
82855 0
82974 89
83141 0
83404 81
83415 82
83680 89
83813 0
83834 81
83859 0
83920 81
84031 0
84072 89
84091 0
84148 87
84293 0
84491 87
85067 89
85291 0
85502 89
85572 89
85657 0
85728 91
85937 82
86126 0
86524 81
86580 0
86604 81
86656 0
86709 91
86775 0
86799 84
86872 89
86929 91
86959 0
86962 81
87210 0
87229 82
87262 81
87472 81
87492 0
87521 89
87575 0
87593 82
87753 0
87811 81
87845 0
87917 82
88065 0
88256 89
88306 0
88509 82
88939 0
88990 87
89021 81
89245 0
89343 81
89346 89
89459 0
89495 87
89621 0
89633 81
89780 0
89839 89
89881 0
89999 81
90009 91
90105 0
90339 82
90411 0
90705 81
90722 0
90750 82
90936 81
91006 89
91232 81
91332 0
91469 81
91474 0
91563 91
91577 91
92025 91
92249 0
92377 81
92426 0
92511 82
92626 0
92716 81
92956 87
93087 0
93287 84
93525 0
93566 91
93652 89
93923 0
94190 84
94315 0
94390 84
94439 81
94455 0
94560 81
95106 0
95156 81
95233 81
95279 0
95299 82
95373 0
95507 89
95727 0
95877 81
96156 0
96536 81
96591 0
96803 89
97023 84
97034 0
97153 87
97173 0
97285 81
97289 0
97478 91
97552 0
97838 81
97868 91
98024 0
98212 89
98293 0
98318 81
98676 0
98756 89
98925 0
98927 89
98930 0
99015 91
99121 91
99145 0
99301 84
99306 81
99331 0
99785 91
99995 82
