16 buffers
220593 16574
150743 22789
210365 41697
94739 6387
114446 2093
148195 3801
236127 23502
93842 10981
284028 44501
115743 677
69055 1085
154587 6139
61358 9082
128150 20345
122489 8909
63025 1483
60 downlinks
0 250 1667 541
1 1917 3334 456
2 3584 5001 642
3 5251 6668 556
4 6918 8335 485
5 8585 10002 515
6 10252 11669 588
7 11919 13336 606
8 13586 15003 620
9 15253 16670 519
10 16920 18337 520
11 18587 20004 611
12 20254 21671 549
13 21921 23338 526
14 23588 25005 528
15 25255 26672 535
16 26922 28339 623
17 28589 30006 521
18 30256 31673 628
19 31923 33340 533
20 33590 35007 575
21 35257 36674 670
22 36924 38341 488
23 38591 40008 477
24 40258 41675 656
25 41925 43342 586
26 43592 45009 550
27 45259 46676 503
28 46926 48343 566
29 48593 50010 666
30 50260 51677 635
31 51927 53344 537
32 53594 55011 488
33 55261 56678 449
34 56928 58345 624
35 58595 60012 545
36 60262 61679 459
37 61929 63346 643
38 63596 65013 595
39 65263 66680 577
40 66930 68347 586
41 68597 70014 461
42 70264 71681 578
43 71931 73348 471
44 73598 75015 640
45 75265 76682 514
46 76932 78349 547
47 78599 80016 506
48 80266 81683 460
49 81933 83350 601
50 83600 85017 623
51 85267 86684 660
52 86934 88351 568
53 88601 90018 663
54 90268 91685 625
55 91935 93352 460
56 93602 95019 512
57 95269 96686 647
58 96936 98353 458
59 98603 100020 664
606 events for 0
52 72
176 0
291 72
332 0
582 72
782 0
996 72
1077 72
1669 0
1683 72
1905 0
2011 72
2163 0
2292 72
2466 0
2495 72
2769 0
2846 72
2890 72
2897 0
2910 72
3019 0
3332 72
3895 0
3943 72
4213 0
4407 72
4487 72
5089 0
5182 72
5366 0
5517 72
5744 72
6191 0
6280 72
6606 72
6957 0
7036 72
7387 0
7698 72
7954 72
8385 0
8426 72
8684 0
8831 72
9051 0
9077 72
9251 0
9441 72
9499 72
9928 72
10084 0
10165 72
10371 0
10514 72
10574 0
10923 72
10947 72
11024 0
11341 72
11572 0
11779 72
12294 0
12470 72
12657 0
12749 72
12911 0
13006 72
13054 0
13057 72
13288 0
13681 72
14103 72
14446 0
14778 72
15496 72
15517 0
15548 72
15603 72
15649 72
15841 72
15866 72
15988 0
15992 72
16132 0
16219 72
16347 0
16374 72
16772 0
16843 72
16931 0
17052 72
17096 72
17140 0
17172 72
17329 72
17472 72
17998 0
18020 72
18026 0
18080 72
18167 0
18493 72
18541 0
18599 72
18675 0
18833 72
18923 0
19005 72
19192 0
19330 72
19687 72
20056 0
20087 72
20495 0
20616 72
20683 72
20793 0
20982 72
20987 0
21070 72
21072 0
21251 72
21565 0
21732 72
21837 0
21884 72
22033 0
22083 72
22196 72
22438 0
22505 72
22778 0
22875 72
22887 0
23169 72
23400 72
23563 0
23647 72
23663 72
24486 0
24560 72
24582 0
24613 72
24638 0
24886 72
24935 0
25276 72
25314 0
25533 72
25903 72
25998 0
26106 72
26220 0
26800 72
26831 72
26832 0
26971 72
26994 0
27385 72
27425 72
27609 72
27937 72
28077 0
28144 72
28238 0
28306 72
28315 72
28923 72
28995 0
29130 72
29270 0
29619 72
29948 0
29989 72
30274 0
30293 72
30371 72
30488 0
30517 72
30531 0
30615 72
30833 0
30971 72
31058 0
31081 72
31212 0
31258 72
31371 0
31573 72
31590 72
32052 0
32320 72
32402 0
32553 72
33132 0
33310 72
33434 0
33619 72
33905 0
33926 72
33954 0
34036 72
34278 0
34518 72
34558 72
34669 0
34839 72
35059 0
35107 72
35420 72
35466 0
35721 72
35792 72
35813 72
35882 72
36050 0
36064 72
36221 0
36250 72
36303 0
36725 72
36837 72
36874 0
36903 72
36926 72
37148 72
37232 72
37506 0
37682 72
37979 72
38000 0
38212 72
38382 72
38561 72
38727 72
38832 0
39214 72
39328 0
39624 72
39692 72
39774 0
39859 72
40139 72
40214 72
40279 0
40442 72
40621 0
40662 72
40734 0
40775 72
41091 72
41124 0
41193 72
41218 0
41334 72
41471 0
41550 72
41903 0
42094 72
42176 72
42210 0
42353 72
42407 72
42640 0
42942 72
42945 0
43134 72
43178 72
43194 0
43348 72
43451 72
43811 0
43855 72
43928 0
43963 72
44184 0
44191 72
44463 0
44608 72
44956 0
45277 72
45606 0
45642 72
45645 0
45662 72
45675 0
45863 72
46037 72
46352 0
46537 72
46541 0
46856 72
46926 72
46995 72
47067 72
47174 0
47220 72
47234 72
47240 72
47519 72
47756 0
47842 72
47852 72
47952 72
48296 0
48368 72
48407 0
48726 72
48914 72
48972 0
49174 72
49176 72
49276 0
49380 72
49483 0
49702 72
49721 0
49759 72
49781 0
50031 72
50396 72
50702 0
50709 72
50730 0
50782 72
50857 0
50992 72
51282 0
51363 72
51676 0
51831 72
51967 0
51990 72
52326 72
52456 72
52765 72
52872 0
53094 72
53146 0
53675 72
53882 0
53891 72
54169 72
54219 0
54465 72
54508 0
54729 72
54773 0
55067 72
55108 0
55291 72
55370 0
55378 72
55520 0
55530 72
55738 0
55767 72
56295 0
56583 72
56731 72
56822 72
56830 0
56993 72
57698 0
57758 72
58576 0
58633 72
58957 0
59066 72
59197 0
59500 72
59806 0
59935 72
59953 0
60316 72
60345 0
60398 72
60408 72
60844 0
60948 72
61031 0
61561 72
61877 0
61943 72
62015 0
62201 72
62328 0
62603 72
62831 72
63000 72
63045 0
63165 72
63172 0
63493 72
63497 0
63717 72
63924 0
63961 72
64107 0
64176 72
64332 0
64548 72
64549 72
64650 72
64907 0
65106 72
65143 0
65402 72
65484 72
65634 72
65851 0
66051 72
66431 72
66538 0
66572 72
66601 0
66771 72
66920 0
66921 72
67001 0
67152 72
67625 0
67626 72
67703 0
68359 72
68642 72
68816 72
68927 72
69016 0
69040 72
69097 0
69197 72
69204 72
69580 0
69686 72
69756 72
69771 0
69869 72
70081 0
70414 72
70451 0
70830 72
71019 0
71066 72
71078 72
71138 0
71368 72
71518 72
72043 0
72046 72
72160 0
72764 72
72905 0
73020 72
73125 0
73789 72
73912 0
73963 72
73991 0
74259 72
74989 0
75028 72
75271 72
75605 72
75673 0
75801 72
76097 0
76249 72
76573 0
76712 72
76737 72
76986 0
77007 72
77107 0
77331 72
77763 0
77862 72
78121 0
78853 72
78880 0
79128 72
79195 0
79255 72
79278 0
80018 72
80448 0
80673 72
80679 0
80748 72
80954 0
81221 72
81311 0
81348 72
81360 0
81392 72
81534 0
81638 72
81716 72
81784 0
81986 72
82088 0
82127 72
82155 0
82230 72
82252 72
82392 72
82614 0
83268 72
83543 0
83650 72
83932 72
83989 0
84259 72
84423 0
84505 72
84615 72
84683 72
84700 0
84762 72
84807 0
85247 72
85491 0
85629 72
85685 0
85902 72
85961 0
86045 72
86159 0
86351 72
86390 0
86646 72
86677 0
87126 72
87259 0
87297 72
87834 0
88097 72
88189 0
88275 72
88761 0
89321 72
89420 72
89442 72
89470 0
89505 72
89532 0
89631 72
89687 72
89841 0
89864 72
89899 0
89920 72
89998 0
90213 72
90276 0
90488 72
90507 72
90969 0
91213 72
91530 0
91758 72
91855 0
92035 72
92145 0
92183 72
92438 0
92583 72
92678 0
92956 72
93133 0
93275 72
93425 0
93611 72
93630 0
93649 72
93892 0
93952 72
94525 0
94652 72
94882 0
95197 72
95526 0
95777 72
95896 0
95918 72
96000 0
96006 72
96008 0
96224 72
96243 0
96814 72
96861 0
96886 72
97038 0
97126 72
97208 0
97473 72
97520 0
97629 72
97745 0
97833 72
99185 0
99294 72
99780 0
99965 72
926 events for 1
442 56
689 52
717 56
806 0
829 41
844 41
964 56
1035 0
1037 52
1073 0
1186 44
1224 0
1348 52
1521 44
1797 0
1833 44
1869 44
1901 0
1950 44
2151 52
2209 0
2211 41
2245 0
2380 52
2458 0
2532 44
2608 0
2674 39
2948 41
3056 39
3079 0
3150 41
3151 0
3229 39
3696 39
3737 0
3817 44
3898 56
3983 0
4054 41
4186 0
4190 41
4286 0
4405 39
4485 0
4708 52
4859 0
5033 41
5085 0
5094 41
5311 0
5412 44
5502 0
5524 56
5535 39
5586 0
5768 39
5910 0
6004 52
6023 39
6052 0
6189 56
6376 39
6496 52
6579 41
6723 0
6775 41
6877 0
7414 52
7611 0
7723 41
7956 52
7995 0
8068 44
8123 0
8158 52
8199 44
8365 0
8469 56
8616 0
8643 41
8755 56
8921 0
9558 52
9636 0
9672 56
9698 0
9761 39
10026 0
10039 39
10102 0
10425 44
10428 0
10451 44
10605 0
10713 41
10727 56
10736 56
10781 44
10838 0
10871 41
11004 0
11096 41
11119 0
11505 52
11591 0
11806 56
11926 41
11950 41
12065 0
12086 52
12316 39
12575 39
12956 56
13120 0
13144 44
13182 0
13237 56
13350 0
13430 41
13512 0
13608 41
13697 0
13720 52
13822 52
13866 0
14097 44
14158 0
14190 39
14237 0
14311 52
14324 0
14326 44
14419 0
14451 56
14538 0
14721 56
15087 0
15139 39
15214 0
15433 52
15657 0
15760 52
16062 44
16205 0
16251 39
16467 39
16479 52
16587 0
16607 56
16641 0
16722 41
16869 39
16951 0
16995 44
17001 0
17038 41
17072 0
17082 52
17110 56
17226 52
17290 0
17402 44
17465 0
17472 41
17475 0
17502 56
17550 0
17575 56
17596 56
17641 0
17668 39
18093 0
18115 44
18178 56
18193 0
18317 52
18353 56
18604 41
18622 0
18890 39
19248 0
19281 44
19368 0
19732 56
20019 0
20027 52
20029 0
20083 39
20153 0
20358 52
20376 0
20658 39
20954 39
21092 0
21104 56
21158 0
21217 44
21637 41
21650 0
21826 44
21903 0
22058 39
22061 0
22169 39
22412 0
22566 44
22639 56
22674 0
22696 44
22788 0
22908 52
23014 0
23078 41
23111 0
23121 41
23225 44
23240 41
23276 0
23311 41
23370 56
23564 44
23628 0
23671 41
23801 0
23840 52
23915 0
23942 44
24120 0
24148 56
24150 0
24160 52
24342 0
24521 44
24661 0
24738 44
24771 56
25074 52
25161 0
25168 41
25240 0
25248 41
25264 56
25430 52
25527 44
25529 0
25570 52
25683 0
25685 39
25742 0
25771 56
26017 41
26047 0
26093 52
26238 0
26292 39
26415 0
26417 52
26466 0
27045 52
27216 56
27659 0
27727 56
27789 0
27900 52
27929 0
28007 39
28210 0
28237 39
28238 52
28273 0
28278 39
28341 0
28368 39
28445 0
28621 56
28687 0
28858 52
28871 0
28883 41
29126 0
29391 39
29598 0
29673 39
29689 0
29769 41
29921 0
29954 41
29989 0
30001 41
30316 41
30363 0
30558 39
30682 0
30724 52
30828 56
30867 0
31034 39
31094 56
31348 0
31450 41
31516 0
31603 44
31673 0
31690 44
31729 0
31932 52
32090 0
32309 52
32555 56
32558 0
32664 52
32683 0
32694 56
32742 0
32946 41
33048 0
33253 39
33305 0
33312 44
33452 0
33651 39
33894 0
33967 41
34103 0
34132 52
34136 0
34450 41
34482 0
34489 44
34527 56
34621 0
34726 56
34738 0
34907 52
35368 56
35497 0
35508 41
35536 0
35567 44
35573 44
35661 0
36079 52
36259 56
36554 44
36590 0
36657 56
36668 0
37207 44
37265 0
37480 56
37499 0
37660 56
37920 52
38549 0
38601 41
38680 41
38840 39
39172 0
39382 56
39499 39
39679 0
39687 52
39841 0
39895 39
40078 0
40425 56
40436 0
40576 52
40596 41
40597 0
40610 56
40731 52
40814 0
40832 39
40909 0
41005 56
41178 0
41265 44
41288 0
41307 44
41387 0
41429 41
41450 56
41519 0
41810 44
41853 0
41863 41
41930 0
41965 44
41982 56
42023 41
42030 0
42109 41
42474 0
42606 39
42966 0
43014 56
43050 0
43144 44
43162 0
43203 52
43247 0
43313 52
43376 0
43388 39
43487 0
43507 52
43613 0
43749 56
43761 0
43878 39
43894 0
43899 56
44102 0
44109 39
44135 0
44174 56
44275 0
44404 44
44521 0
44585 52
44664 0
44673 44
44745 44
44867 41
45066 0
45109 52
45175 0
45396 52
45526 0
45640 41
45798 0
46156 39
46289 0
46366 39
46425 44
46443 0
46474 44
46714 0
46741 41
46755 0
46820 56
47184 41
47216 0
47430 41
47511 0
47626 52
47802 0
47905 44
48126 0
48793 56
48919 0
48958 39
49007 0
49053 56
49216 0
49272 56
49341 39
49636 56
49690 0
49728 56
49747 41
50124 0
50877 41
50985 56
50997 0
51031 41
51082 0
51225 56
51360 0
51432 52
51617 0
51643 41
51727 0
51749 41
52140 0
52351 56
52421 0
52914 39
52937 0
53026 44
53182 0
53207 41
53933 0
53997 52
54170 0
54184 52
54400 0
54406 52
54546 0
54784 52
54871 0
55052 56
55127 0
55213 44
55220 56
55467 0
55600 52
55668 0
55690 56
55734 52
55788 0
55818 44
55843 0
55873 56
55971 0
56548 41
56554 0
56620 41
56672 0
56751 41
56832 0
57175 39
57190 0
57258 52
57370 0
57378 44
57489 56
57728 0
57747 39
58010 39
58035 0
58039 39
58270 0
58292 52
58524 0
58662 41
58700 0
58783 44
58820 0
58878 39
58929 0
58998 56
59017 0
59082 41
59117 0
59198 39
59261 44
59313 39
59327 0
59525 56
59593 0
59601 52
59911 0
59967 39
60079 0
60118 41
60228 0
60255 44
60263 0
60273 56
60277 0
60475 44
60541 0
60588 39
60809 0
60867 39
61081 0
61124 56
61271 0
61298 39
61333 0
61350 39
61362 56
61409 0
61496 44
61729 0
61733 39
61884 44
61944 0
61956 39
61993 52
62102 0
62133 56
62160 0
62171 52
62181 0
62204 41
62256 0
62283 44
62307 0
62425 44
62485 0
62575 44
62683 56
62783 0
62922 39
62989 44
63215 0
63219 52
63230 0
63302 39
63484 39
63486 0
63647 39
63764 0
63773 56
64121 56
64333 0
64334 41
64516 39
64556 41
64621 0
64839 52
64852 0
64915 52
64958 39
64968 0
64975 39
65054 44
65146 52
65207 39
65240 0
65260 41
65296 44
65330 0
65340 41
65376 39
65413 0
65500 52
65512 52
65594 41
65718 52
65804 0
65851 56
65861 0
65890 41
65928 0
65941 41
66160 56
66576 0
66649 44
66655 0
66787 52
67004 0
67044 52
67111 0
67153 44
67156 0
67344 41
67413 39
67418 0
67510 39
67567 0
67736 56
67830 0
67835 39
67884 44
68192 0
68542 56
68889 0
69136 41
69201 0
69219 41
69252 52
69553 0
69613 52
69693 0
69738 52
69769 41
69885 0
70164 39
70558 0
70601 44
70647 56
70714 0
70792 56
70843 0
70849 41
71100 0
71118 44
71142 0
71351 41
71385 56
71570 44
71586 0
71625 56
71988 0
72041 41
72188 0
72254 52
72737 52
72891 41
72993 56
73255 0
73368 44
73389 0
73429 41
73760 39
73834 44
73943 39
74112 39
74199 0
74242 56
74389 41
74479 0
74483 44
74489 0
74494 39
74520 39
74527 0
74591 39
74789 0
74953 44
75180 44
75213 0
75221 52
75531 0
75570 39
75583 39
75809 0
76107 56
76125 52
76234 0
76244 39
76288 0
76358 39
76512 56
76783 0
77109 39
77417 0
77892 44
77992 0
78005 52
78055 41
78059 0
78097 52
78214 0
78381 44
78448 0
78767 39
79167 0
79246 56
79473 0
79694 44
79750 0
79827 52
79858 0
80074 41
80149 0
80435 52
80440 0
80797 56
80825 56
80907 56
81152 0
81349 39
81462 0
81473 39
81563 0
81885 56
82141 0
82525 44
82693 0
82742 39
82799 52
82802 39
82816 41
82972 0
83176 44
83317 44
83469 0
83581 39
83702 0
83727 44
83996 52
84084 0
84277 41
84344 0
84815 41
84957 41
85037 41
85247 0
85310 56
85331 0
85716 56
85884 0
85913 41
85928 0
86016 39
86052 0
86308 41
86435 0
86573 41
86610 0
86611 41
86672 0
86676 39
86766 0
86885 39
86957 0
87094 44
87382 0
87400 39
87426 0
87731 52
87839 0
88487 56
88528 0
88612 56
88653 0
88683 44
88712 0
88820 41
88880 44
88904 56
89017 0
89151 52
89312 39
89499 0
89537 44
89754 39
89767 0
89790 41
89866 0
89919 44
90319 0
90446 44
90510 52
90527 0
90616 52
90647 0
90689 44
90711 0
90992 41
91032 0
91141 52
91359 41
91373 56
91382 0
91448 44
91636 0
91808 44
91832 0
92037 52
92120 0
92125 56
92190 0
92230 52
92330 39
92341 0
92381 41
92730 0
93077 52
93225 0
93250 56
93268 52
93313 0
93375 56
93378 0
93608 41
93665 44
93827 39
93863 44
93872 56
93873 0
93955 56
94033 0
94053 41
94065 0
94066 56
94216 41
94234 0
94282 39
94320 52
94434 0
94534 41
94785 56
94794 39
95061 41
95063 0
95086 52
95133 0
95151 39
95268 0
95627 41
95632 0
95675 52
95703 0
95759 52
95772 0
95915 39
95940 0
96003 52
96290 0
96333 41
96576 0
96613 52
96848 39
96856 0
96878 39
97021 39
97054 0
97086 56
97110 41
97199 39
97212 41
97311 56
97362 41
97463 39
97542 0
97593 56
97683 44
97745 39
97884 0
97887 39
97905 44
98233 39
98300 52
98308 0
98341 39
98491 56
98531 0
98548 52
98573 0
98610 44
98625 0
98694 44
98916 0
99044 41
99171 0
99240 41
99244 0
99392 44
99566 0
705 events for 2
160 52
195 51
320 0
425 51
536 0
698 51
730 0
960 61
1068 61
1244 61
1254 0
1445 61
1542 0
1741 52
1801 52
1879 0
2304 61
2407 0
2493 52
2496 0
2497 61
2564 0
2672 61
3123 0
3223 52
3304 61
3458 0
3504 52
3891 0
4090 61
4180 0
4473 51
4590 0
4599 57
4645 0
4784 61
4834 0
5314 52
5493 0
5598 57
5765 52
5899 61
6107 0
6544 57
6576 0
6741 61
7093 0
7111 51
7581 0
7603 52
7645 0
8147 61
8317 0
8451 52
8585 0
8752 51
8962 0
9011 52
9137 0
9157 51
9397 0
9492 61
9903 0
9914 57
10485 61
10641 0
10671 61
10686 0
10764 61
10821 57
11002 0
11176 57
11178 0
11304 52
11654 51
11668 0
12030 52
12236 0
12350 57
12866 57
12883 0
13075 61
13199 52
13241 0
13457 51
13836 0
13866 61
13963 57
13967 57
14050 52
14116 0
14527 52
14550 0
14610 61
14702 0
15031 57
15090 0
15092 51
15149 0
15213 57
15287 0
15692 52
15905 0
16681 57
16857 0
16985 57
17101 52
17485 0
17674 57
17722 0
18272 61
18311 0
18340 57
18435 0
18554 61
18698 0
19172 52
19298 51
19491 0
19494 51
19638 0
19722 61
19749 0
20020 61
20340 52
20399 57
20408 0
20414 52
20475 57
20501 51
20726 57
20849 0
20868 52
21114 0
21266 57
21292 61
21327 0
21367 51
21402 51
21566 52
21806 51
21828 61
22004 61
22070 52
22115 51
22327 0
22370 57
22459 0
22599 52
22800 0
22802 52
22936 0
23006 57
23011 61
23545 0
23668 57
23708 0
23726 51
23880 0
23998 57
24052 52
24229 0
24518 57
24618 57
24647 0
24651 52
24773 0
24847 57
24963 0
25010 57
25177 0
25199 57
25233 61
25248 0
25391 52
25540 0
25541 52
26238 0
26280 57
26345 0
26416 51
26509 0
26591 52
26636 0
26927 57
26978 61
27117 57
27234 0
27815 61
27967 57
28303 61
28323 0
28539 52
28825 0
29157 61
29343 0
29362 61
29368 0
29447 61
29735 0
30236 52
30425 51
30608 51
30836 61
30912 0
30914 52
30965 52
31167 57
31182 57
31421 57
31781 0
31882 61
32193 57
32194 61
32291 51
32358 0
32445 57
32893 0
33001 57
33283 51
33448 0
33638 52
33845 0
33886 51
33910 0
33970 57
33976 0
34038 51
34152 0
34321 57
34331 52
34351 52
34392 0
34444 61
34534 52
34757 0
34782 52
34849 0
35063 51
35244 0
35405 52
35457 0
35773 61
35940 51
36160 0
36192 61
36312 0
36338 52
36395 0
36524 61
36571 0
36699 52
36766 0
36784 52
36793 51
37142 51
37195 0
37204 52
37461 52
37682 0
37766 52
37777 0
37890 61
37917 0
38147 52
38206 57
38324 0
39401 51
39737 0
39872 52
40198 0
40455 61
40622 0
41184 51
41254 0
41325 52
41429 0
41622 52
41682 61
41739 0
41744 52
41782 52
41973 0
42139 57
42288 0
42423 57
42555 0
42677 61
42816 0
42832 52
42871 0
42948 52
43019 0
43086 61
43161 0
43261 52
43417 0
43716 61
43759 0
43983 57
44016 0
44116 61
44147 51
44469 0
44489 51
44526 0
44732 51
44775 51
44861 0
45527 61
45662 61
45666 0
45791 57
45901 0
45948 57
46020 0
46136 57
46186 57
46317 51
46354 0
46365 61
46465 0
46732 51
47211 51
47251 51
47506 51
47628 0
47649 52
47799 0
47819 51
48057 51
48244 51
48372 51
48467 57
48770 0
49057 57
49109 52
49568 0
49895 61
49912 0
49939 61
49985 0
50146 57
50183 52
50250 0
50608 51
50614 0
50619 57
50642 61
50664 0
50736 61
50781 0
50782 61
50836 61
51294 0
51391 57
51483 57
51888 0
52009 51
52156 0
52504 51
52582 0
52600 57
52760 61
53002 0
53234 52
53372 0
53396 57
53548 0
53653 61
53845 0
54015 61
54130 0
54540 51
54616 52
54634 0
54636 52
54652 0
54671 52
54796 0
54911 51
54951 52
55275 0
55557 57
55607 0
55735 52
55763 0
55767 61
55800 0
55860 51
56003 52
56070 0
56334 52
56487 52
56566 61
56599 52
56608 0
56788 61
56834 51
56948 0
57003 51
57102 0
57259 52
57487 61
58049 0
58182 52
58314 0
58412 61
58528 0
58553 51
58608 51
58621 0
58942 51
59032 57
59228 0
59304 61
59329 0
59592 57
59593 0
59757 52
59787 0
59877 52
59904 57
60907 51
60990 0
61181 52
61314 52
61467 0
61615 61
61699 61
61759 0
61809 52
61833 0
62108 61
62182 0
62252 57
62264 0
62291 51
62447 0
62504 57
63374 57
63521 0
63585 52
63997 0
64129 61
64289 0
64519 52
64539 51
64852 0
65071 52
65236 57
65251 51
65307 57
65341 0
65523 51
65585 51
65598 0
65828 52
65955 0
66153 57
66368 51
67032 61
67267 52
67361 61
67652 0
67667 61
67825 52
67977 0
68037 61
68638 0
68740 61
68744 52
68814 0
68990 52
69061 0
69082 57
69336 0
69346 51
69782 0
69806 61
69825 0
69878 57
70095 51
70185 0
70552 61
70613 57
70627 0
70659 51
70784 0
70909 57
71096 0
71709 61
71731 0
72199 52
72626 51
72637 0
72736 61
73468 57
73472 0
73542 57
73566 0
73644 51
73660 0
73682 51
73696 0
73739 51
73756 0
73819 52
73825 57
74008 57
74058 57
74170 57
74428 0
74542 61
74647 0
74840 57
75159 0
75316 61
75471 0
76023 61
76064 0
76521 51
76787 61
76936 0
77482 57
77498 57
77542 57
77545 51
77554 0
77649 57
77725 0
77818 57
77831 51
78084 57
78105 0
78206 57
78360 0
78384 61
78617 0
78879 52
78927 52
79195 61
79298 0
79479 61
79556 51
79612 0
79706 61
79756 51
80113 0
80121 52
80346 0
80504 61
80536 0
80588 57
81054 0
81073 61
81175 0
81199 61
81219 0
81244 52
81410 0
81654 52
81677 51
81839 0
81872 52
81899 57
82185 51
82190 0
82484 57
82488 0
82522 61
82868 0
83086 51
83340 0
83436 61
83528 0
83716 61
83821 51
83942 0
83987 61
84065 57
84231 0
84285 57
84340 61
84658 52
84671 0
84725 52
84814 0
84994 61
85179 52
85630 0
85780 61
85806 0
85880 61
85896 51
86025 57
86104 0
86369 51
86759 0
86831 61
87023 57
87056 0
87162 61
87263 0
87491 52
87621 0
87632 51
87691 52
87692 52
87801 57
87859 61
87888 0
87908 61
88475 0
88478 57
88531 51
88534 61
88584 0
88714 52
88962 61
89044 0
89064 61
89134 0
89141 51
89174 52
89284 0
89403 61
89460 0
89483 52
89583 57
89604 0
89783 57
89832 52
89838 0
89995 57
90066 0
90143 51
90227 0
90357 61
90560 0
90749 52
90769 52
90813 0
90829 57
91036 0
91152 57
91224 0
91522 52
91579 61
91797 51
91799 51
92116 0
92183 51
92297 0
92543 52
92819 0
92861 57
93248 0
93547 51
93705 0
93814 51
93909 52
93922 0
94016 57
94130 51
94234 61
94306 0
94465 57
94592 57
94867 52
94978 0
95041 52
95320 57
95337 0
95397 61
95525 0
95605 52
95668 0
95684 61
95846 52
95907 0
96125 51
96141 0
96648 61
96660 0
96721 61
96798 0
96845 51
97104 51
97105 0
97188 51
97270 0
97387 52
97596 0
97812 57
97856 0
97860 61
98178 0
98603 51
98876 0
99354 61
99470 0
99807 52
99855 51
99931 61
952 events for 3
79 45
86 0
191 41
228 45
351 41
419 0
519 49
527 0
591 47
592 0
821 41
889 49
1082 41
1084 0
1104 45
1364 0
1417 47
1540 0
1727 44
1780 0
1887 41
1930 0
2295 41
2399 0
2501 41
2519 45
2547 0
2607 46
2613 0
2750 41
2859 0
3110 46
3186 0
3288 44
3540 0
3655 46
3683 0
3730 44
3755 0
3892 46
4140 0
4211 44
4224 0
4398 49
4527 0
4622 45
4753 0
4838 46
4843 0
4902 46
5023 0
5267 46
5335 44
5388 41
5463 45
5510 0
5555 41
5557 0
5732 41
6066 0
6111 46
6243 0
6245 46
6517 0
6740 41
6845 0
6987 47
7004 46
7029 0
7268 46
7306 0
7383 47
7535 0
7649 49
7896 0
7917 47
8490 0
8542 49
8807 0
8861 41
8870 44
8994 0
9116 49
9200 0
9384 41
9495 45
9582 41
9645 0
9825 45
9939 0
9996 46
10065 0
10129 45
10145 0
10183 49
10185 0
10267 45
10278 0
10336 49
10374 0
10496 46
10497 0
10540 46
10570 0
10815 44
10855 41
11008 45
11024 49
11130 0
11186 45
11381 0
11460 46
11481 0
11644 44
11666 0
11837 45
11887 0
11897 46
12190 46
12197 0
12246 46
12316 44
12377 0
12499 46
12707 0
12831 41
12882 47
12891 0
12992 45
13021 0
13026 46
13037 0
13124 46
13186 0
13397 46
13472 0
13671 44
13742 0
13836 46
13933 0
14089 44
14125 0
14131 45
14297 49
14545 0
14727 46
14840 0
14849 44
14981 49
15181 0
15252 47
15266 0
15368 45
15455 0
15472 41
15594 0
15631 46
15643 0
15646 46
15665 0
15760 41
15918 0
15954 47
15988 44
16005 49
16060 0
16515 47
16517 0
16593 46
16604 45
16608 0
16656 46
16788 44
16983 0
17161 46
17429 0
17462 41
17555 41
17708 44
17874 45
17983 49
18007 45
18084 0
18145 49
18152 0
18201 41
18555 0
18590 49
18725 44
18838 0
19005 44
19127 0
19217 41
19340 45
19526 0
19699 46
20056 0
20138 47
20219 0
20347 41
20514 0
20928 46
21090 0
21402 46
21468 0
21472 46
21563 0
21592 47
21702 0
21707 47
21830 44
21891 0
21927 41
22001 0
22019 49
22343 0
22418 41
22483 41
22672 46
22704 0
22955 41
23244 44
23284 0
23318 46
23329 45
23338 0
23373 41
23379 0
23547 45
23660 0
23722 45
23750 0
23941 49
24319 46
24504 0
24535 46
24547 47
24619 49
24838 0
24902 45
24916 0
24933 45
25180 41
25478 0
25720 47
25795 45
26047 0
26177 44
26181 0
26190 49
26273 0
26367 46
26488 0
26552 46
26577 45
26610 0
27080 45
27105 0
27247 47
27453 0
27661 45
27950 0
27991 45
27993 0
28181 45
28326 0
28409 44
28440 0
28523 45
28594 0
28642 41
28723 0
28732 41
28746 46
28774 0
28800 41
28811 0
28829 44
29085 49
29093 49
29139 0
29181 45
29251 0
29287 46
29446 0
29508 45
29519 0
29656 45
29718 0
29803 47
30115 46
30264 0
30289 49
30332 0
30369 47
30423 41
30565 0
30687 49
31156 44
31193 0
31419 47
31752 44
31756 0
31921 45
31983 0
32158 41
32249 0
32344 46
32452 0
32504 46
32534 0
32548 49
32614 44
32844 0
32966 49
33076 0
33102 46
33290 0
33323 41
33405 0
33524 44
33527 44
33656 44
33731 0
33785 47
33865 0
33866 47
33895 0
33915 41
34014 45
34109 0
34208 46
34551 0
34732 47
35069 0
35104 44
35185 47
35279 0
35383 47
35404 0
35471 45
35581 46
35594 0
35850 45
36409 45
36618 0
36670 49
36680 0
36708 49
36823 0
36975 41
37093 0
37167 47
37205 0
37353 45
37520 46
37738 0
37843 46
37984 0
37993 45
38192 45
38202 0
38235 45
38340 0
38461 44
38512 0
38542 45
38656 0
38694 44
38740 0
38815 46
38821 0
38862 41
39063 0
39097 41
39122 0
39144 49
39333 0
39647 41
39666 0
39755 41
39901 0
39979 46
40002 45
40134 0
40277 47
40318 0
40325 46
40350 0
40452 46
40572 0
40701 44
40737 49
40886 0
40980 41
41011 45
41171 0
41189 45
41226 0
41315 41
41365 0
41485 49
41497 0
41515 41
41516 0
41708 45
41832 0
41915 46
42025 0
42154 41
42306 41
42331 0
42618 44
42642 45
42656 0
42684 46
43002 49
43106 0
43132 41
43215 0
43437 47
43477 0
43529 41
43637 0
43747 49
43907 0
43939 49
44070 41
44116 0
44216 45
44333 46
44506 0
44519 41
44633 45
44791 41
44805 0
44848 45
44999 0
45043 47
45192 0
45248 46
45313 0
45365 44
45401 45
45419 0
45497 46
45514 0
45529 44
45573 0
45710 49
45759 0
46084 47
46473 0
46668 44
46745 47
47185 0
47253 47
47274 0
47365 44
47390 0
47403 47
47429 0
47496 45
47497 41
47505 0
47531 45
47539 49
47748 0
47767 41
48284 0
48546 44
48669 0
48738 41
48911 0
48931 45
49025 0
49092 46
49114 0
49199 46
49378 0
49677 45
49707 0
49885 49
49912 0
50071 41
50150 0
50152 41
50204 0
50277 46
50312 46
50397 0
50409 46
50513 41
50635 46
50886 0
50920 41
50949 47
51076 0
51090 49
51125 0
51169 44
51393 0
51585 46
51634 0
51652 41
51706 41
51751 0
51813 45
51885 41
52145 0
52178 47
52206 0
52221 49
52297 0
52309 41
52334 46
52507 45
52530 0
52542 41
52759 0
52781 44
52814 45
53003 0
53067 46
53140 44
53208 0
53255 44
53320 0
53517 45
53587 0
53638 44
53783 0
53876 44
54158 45
54160 0
54271 45
54283 0
54329 41
54384 0
54486 46
54576 0
54675 45
54740 0
54812 45
54871 44
54928 0
55033 47
55118 0
55445 46
55527 0
55544 41
55608 0
55656 46
55835 0
55894 49
55945 44
56159 0
56254 41
56343 0
56369 45
56371 0
56709 45
56845 0
56958 46
56993 0
57158 46
57500 0
57608 44
57879 0
57906 45
58026 0
58174 45
58244 0
58337 45
58730 49
58744 46
58838 0
59085 49
59122 44
59194 0
59269 46
59450 0
59479 45
59571 0
59710 49
59909 0
59948 49
59952 0
59964 46
60298 0
60334 46
60359 0
60534 47
60881 0
61034 45
61092 0
61118 47
61316 0
61335 47
61479 0
61535 46
61564 0
61671 41
61769 49
61825 0
61957 41
62012 47
62024 45
62239 47
62377 0
62480 46
62603 46
62821 0
63052 46
63108 0
63146 45
63449 0
63518 47
63546 47
63562 0
63735 41
63764 0
64070 45
64495 0
64687 45
64879 0
65166 41
65344 0
65537 41
65540 46
65657 0
65706 41
65765 45
65785 0
65944 45
66133 0
66314 49
66423 0
66525 49
66593 46
66953 0
66985 41
67032 45
67113 0
67238 41
67244 45
67246 49
67584 0
67645 45
67750 46
67788 0
67908 41
68049 0
68178 46
68245 45
68263 0
68553 41
68855 0
68864 46
68920 0
68983 41
69029 0
69282 49
69331 0
69615 45
69647 0
69679 47
69815 46
69899 0
69907 47
69974 0
70026 41
70087 47
70119 0
70338 45
70366 0
70379 46
70436 0
70480 41
70626 0
70663 41
70760 0
71244 45
71245 0
71275 44
71564 0
71573 47
71641 0
71862 44
71884 0
72051 41
72159 41
72268 0
72508 41
72711 0
72761 45
73041 0
73084 45
73110 45
73461 0
73596 41
73837 0
73921 45
74022 0
74101 41
74125 47
74330 0
74363 45
74399 0
74419 47
74602 0
74634 47
74734 0
74838 44
74868 0
74890 46
74924 0
74991 47
74994 0
75043 49
75135 0
75144 45
75229 0
75360 46
75439 0
75549 46
75799 0
75929 45
76272 0
76302 44
76377 0
76378 44
76518 0
76710 49
76726 46
76730 41
76767 0
76769 41
77085 0
77188 46
77202 0
77373 46
77498 0
77508 45
77696 0
77765 46
77991 0
78169 46
78225 47
78245 49
78249 0
78250 41
78256 45
78345 0
78355 45
78404 0
78494 41
78626 0
78808 47
78896 0
79109 45
79487 0
79606 41
79635 0
79805 46
79848 0
80064 45
80086 45
80184 0
80301 44
80565 0
80581 49
80591 0
80649 44
80855 0
81282 47
81586 0
81667 49
81759 0
81938 46
81944 0
81962 46
82026 0
82032 49
82286 49
82348 0
82524 46
82526 0
82667 41
82668 0
82702 47
82770 0
82985 49
82987 0
83019 41
83044 0
83137 47
83180 0
83193 47
83330 0
83596 41
83662 46
83931 41
84028 0
84033 46
84070 0
84119 46
84469 41
84482 0
84615 45
84721 0
84773 41
84868 49
85057 0
85102 41
85136 0
85157 46
85160 0
85230 41
85234 46
85412 0
85524 46
85644 49
85776 0
85788 45
85860 0
85893 46
85983 47
86156 47
86481 0
86585 45
86628 0
86894 41
87081 0
87163 46
87472 46
87482 45
88261 45
88459 45
88520 0
88549 45
88646 0
88832 45
88836 45
88853 47
88873 0
89161 45
89196 0
89204 41
89297 0
89426 41
89506 0
89532 44
89555 0
89652 47
89770 45
89943 0
90290 49
90340 45
90458 0
90506 46
90518 0
90526 44
90530 0
90659 46
90716 47
90787 0
90887 49
90906 0
91059 49
91064 0
91260 46
91355 45
91458 0
91522 45
91525 41
91636 44
91698 0
91882 47
92173 45
92216 0
92261 44
92418 0
92999 49
93001 0
93044 41
93091 0
93380 45
93459 49
93469 41
93567 0
93710 41
93761 0
93924 47
94002 0
94126 46
94455 0
94478 46
94667 0
94718 49
94785 0
94801 47
94819 0
94917 41
95036 46
95281 49
95299 0
95304 45
95344 44
95570 0
95868 49
95909 0
95960 47
96444 0
96543 45
96700 0
96712 47
96716 0
96754 47
96858 0
96928 44
97230 0
97242 47
97266 0
97331 46
97347 0
97416 45
97557 0
97610 41
97731 0
97810 46
97921 45
97941 41
97960 0
98051 46
98119 0
98273 44
98306 0
98400 49
98985 41
99154 45
99157 0
99220 45
99376 0
99617 45
99651 0
99679 47
99765 0
99772 44
99837 0
99912 49
99940 0
500 events for 4
216 48
244 0
429 48
622 0
653 48
728 0
752 48
807 48
989 48
1104 48
1385 0
1771 48
1783 0
1955 48
2190 0
2461 48
2507 0
2791 48
3057 48
3139 0
4031 48
4067 0
4092 48
4142 0
4436 48
4657 0
4948 48
5210 0
5790 48
5883 0
6514 48
6555 0
6596 48
7069 48
7339 48
7498 0
7581 48
7676 48
7733 48
7759 0
8093 48
8247 48
8548 48
8723 0
8854 48
9243 0
9398 48
9670 0
10113 48
10470 0
11173 48
11260 48
11317 0
11423 48
11724 48
11773 48
11852 48
11874 0
12097 48
12636 0
13043 48
13675 0
14148 48
14156 0
14301 48
14364 0
14510 48
14538 0
14550 48
14804 0
14825 48
15112 48
15687 0
15738 48
15833 48
16267 0
17617 48
17840 0
17850 48
17859 48
17894 48
18117 0
18160 48
18248 0
18887 48
19048 48
19358 0
19714 48
19749 0
19818 48
20121 48
20155 0
20196 48
20699 48
20717 0
21338 48
21441 0
21569 48
21967 0
22337 48
22594 0
22724 48
22778 48
22943 0
22971 48
23386 48
23456 0
23477 48
23855 0
23967 48
23977 0
24014 48
24621 0
24630 48
25152 48
25239 48
25405 0
25557 48
25808 48
26132 0
26186 48
26400 0
26413 48
26494 0
26763 48
26866 0
26924 48
27779 48
28336 0
28736 48
29004 0
29155 48
29333 0
29345 48
29520 0
30367 48
30659 0
30899 48
31182 0
31377 48
31424 0
31507 48
31891 0
32129 48
32232 0
32320 48
32471 48
32546 0
32681 48
32878 0
32978 48
33210 0
33360 48
33477 0
33711 48
33889 0
34077 48
34274 0
34786 48
35034 0
35145 48
35601 0
35755 48
35863 0
36023 48
36305 48
36316 0
36408 48
36447 0
36850 48
37127 48
37228 0
37515 48
37867 0
38061 48
38066 0
38112 48
38143 0
38352 48
38542 0
38853 48
38890 0
39265 48
39468 48
39565 0
39775 48
39931 48
40205 0
40482 48
40954 0
41029 48
41510 0
41584 48
41732 0
41734 48
42173 48
42207 0
42272 48
42346 0
42625 48
43025 48
43773 0
43879 48
43902 0
43996 48
44242 0
44254 48
44307 48
44636 0
44641 48
45527 48
45570 0
45626 48
45726 48
45735 48
45767 48
45938 48
45974 0
46066 48
46113 0
46260 48
46401 0
46512 48
46755 48
47058 0
47196 48
47292 0
47475 48
47759 0
47834 48
47886 48
48088 0
48194 48
48574 0
48580 48
48602 48
48739 0
48853 48
48916 48
48926 0
49134 48
49167 0
49350 48
49471 0
49549 48
50082 0
50420 48
50583 48
50984 0
51172 48
51228 48
51319 0
51681 48
51739 0
51784 48
51874 0
52022 48
52470 48
52482 0
52863 48
53174 0
53199 48
53262 48
53289 0
53466 48
53487 0
53493 48
53520 0
53960 48
53964 0
54123 48
54206 0
54295 48
54410 0
54434 48
54524 48
54557 48
54605 0
54691 48
54957 0
55130 48
55344 48
55443 0
55578 48
55634 0
55760 48
56160 48
56575 0
57007 48
57183 0
57394 48
57572 48
57684 0
57828 48
57876 0
58547 48
58783 0
58819 48
59050 0
59138 48
59163 0
59361 48
59574 0
59582 48
59852 0
59893 48
60497 0
60632 48
60850 0
60958 48
61267 48
61467 0
61785 48
61890 0
62104 48
62337 48
62694 0
63147 48
63246 48
63261 0
63278 48
63719 48
63954 0
64380 48
64806 48
64903 0
64949 48
65352 48
65487 0
65588 48
65641 48
66656 0
66749 48
66891 48
67081 48
67317 0
67374 48
67495 0
67558 48
67632 0
68127 48
68297 0
68501 48
69004 48
69137 0
69429 48
69460 0
69790 48
69997 0
69998 48
70054 0
70142 48
70263 48
70304 0
70462 48
70777 0
70846 48
71001 48
71156 0
71387 48
71494 0
71496 48
71755 0
72184 48
72512 48
72573 0
72589 48
73026 0
73250 48
73470 0
73549 48
73830 0
73832 48
73895 48
73963 0
74006 48
74072 48
74078 0
74376 48
74514 0
75180 48
75513 0
75533 48
75910 0
76230 48
76354 0
76610 48
76674 0
76682 48
76703 0
76729 48
76816 48
76840 0
77070 48
77161 48
77302 0
77665 48
78085 0
78383 48
78636 48
78730 48
78792 0
79440 48
79702 0
79951 48
80106 0
80392 48
80796 0
81111 48
81112 0
81335 48
81493 0
81546 48
81660 48
81946 0
82248 48
82381 0
82387 48
82651 48
82870 0
82899 48
83081 0
83328 48
83432 0
83450 48
83653 48
83888 48
83995 0
84269 48
84394 0
84556 48
84608 48
84786 0
84892 48
84893 0
85003 48
85513 0
85882 48
86018 0
86114 48
86195 48
86351 48
86930 48
86932 48
87469 0
87551 48
87841 48
88202 48
88228 48
88499 48
88551 48
88845 0
89009 48
89150 0
90230 48
90532 0
91329 48
91504 48
91576 0
91748 48
91864 0
92282 48
92352 0
92425 48
92481 0
92485 48
92610 0
92629 48
92948 0
93179 48
93240 0
93284 48
93439 0
93512 48
93661 48
93913 0
94637 48
94719 0
94817 48
95302 48
95453 0
95614 48
96118 0
96326 48
96555 0
96781 48
96913 0
97228 48
97767 0
97807 48
97830 0
97923 48
99066 0
99131 48
99148 0
99512 48
99661 0
99694 48
99875 0
99885 48
417 events for 5
43 60
283 0
473 54
516 54
784 0
899 54
1758 60
2424 54
2450 0
2616 54
3459 0
3626 60
3640 0
3740 60
4491 60
4500 0
4658 54
4834 0
4853 54
5406 0
5878 54
6299 54
6487 54
7189 54
7612 0
7687 60
8041 60
8287 0
8754 60
8899 0
9045 60
9241 0
9349 54
9351 60
9612 54
10663 0
10818 54
10832 0
11542 60
11549 0
11675 54
12134 0
12507 60
12529 0
12678 60
12842 0
13031 60
13075 0
13629 60
13839 54
13917 0
14253 60
14372 0
14477 54
15209 60
15238 0
15314 54
15958 60
17236 54
17517 0
17540 60
17621 0
17782 54
17937 54
18507 0
18776 60
18857 0
19183 54
19265 0
19297 60
19332 60
19646 0
19705 54
19754 54
19861 54
19990 0
21322 60
21685 0
22329 54
22417 0
22507 54
22621 54
22770 0
22874 60
22967 0
23211 54
23701 0
23993 54
24136 60
24316 0
24753 60
24761 54
24883 54
25609 0
25619 60
25629 0
25952 60
26357 0
26381 54
26388 0
26747 60
26953 0
27028 60
27109 0
27160 60
27190 54
27393 0
27650 54
27786 54
27813 54
27886 54
28185 0
28211 60
28308 0
28313 60
28392 0
28683 54
29210 0
29258 54
29833 0
29885 54
30095 0
30190 54
30245 0
30326 60
30379 0
31369 60
31541 0
32788 60
32906 0
33043 60
33488 0
33541 60
33625 0
33860 54
33904 0
34122 54
34237 0
34634 54
34915 0
34945 60
35588 60
35703 0
36353 60
36436 0
36557 60
36598 0
37436 54
37993 0
38005 54
38012 0
38368 54
38405 0
38874 54
39171 0
39523 54
39569 54
39984 54
41156 54
41199 0
41814 60
41969 0
42189 60
42947 0
43497 54
43729 54
43771 54
44059 54
44554 0
44887 54
44949 0
45220 60
45583 60
45817 0
46041 54
46162 0
46390 54
47275 0
47380 60
47803 54
47819 0
47959 54
48131 60
48378 0
48595 60
48702 0
48818 54
49369 54
49535 0
49921 54
50036 54
50088 60
50210 54
50281 54
50366 0
50689 60
50746 0
50786 54
51080 60
51432 0
51739 60
52088 0
52311 54
52934 0
52946 60
53176 0
53520 60
53700 0
53762 54
54067 0
54212 54
54291 0
54333 54
55013 60
55863 0
55866 60
55936 54
56832 0
56939 60
57143 0
57154 60
57208 0
57239 54
57294 0
57440 60
57914 0
57949 54
58477 0
58970 60
59166 0
59250 54
59711 0
59959 60
60076 0
60215 60
60295 54
60439 0
60456 60
60519 0
60531 54
60793 60
61108 0
61113 60
61123 0
61442 60
61516 0
61681 54
62075 0
62232 54
62367 0
62429 54
62451 0
62787 54
62982 0
63079 54
63194 0
63259 54
63832 54
64111 60
64182 0
64235 54
64385 0
64687 54
64802 0
64989 54
65043 54
65300 0
65425 54
66472 0
66491 60
66724 54
66985 54
66992 0
67116 54
67132 0
67260 54
67294 0
68078 60
68285 0
68355 54
68545 54
69788 0
70172 60
70392 60
70576 54
71233 0
71275 54
71699 0
71714 60
71761 0
71811 54
72166 54
72365 0
72503 54
72717 54
72777 60
73084 0
73382 54
73456 0
73978 60
74250 0
74371 54
74743 54
74837 0
74938 60
75032 0
75700 60
75743 0
75832 60
75848 0
76198 54
76683 60
76918 60
77205 60
77221 0
77267 60
77330 0
77500 54
77547 60
77942 0
78437 54
78474 0
78478 54
78510 0
78704 54
79079 0
79742 54
79879 0
80145 60
80343 0
80601 60
80610 0
80719 60
81025 0
81447 60
81655 0
82858 54
83171 0
83402 54
83416 0
83796 60
83877 54
83899 0
84098 60
84602 54
84785 0
85791 54
85982 54
86042 0
86116 60
86354 0
86665 60
86872 54
87101 0
87168 54
87204 60
87227 0
87519 60
87810 0
88074 60
88413 0
89606 60
89685 0
89781 60
89884 0
89928 60
90165 0
90318 54
90351 0
90419 60
90881 54
91288 54
91324 60
91391 54
91404 0
91459 54
92190 54
92262 0
92746 54
92762 0
92872 54
93165 60
93303 0
93401 54
93447 54
93463 0
93549 60
93726 54
94065 0
94432 54
94481 54
94496 0
94691 60
94718 54
94806 60
95029 54
95261 0
95793 54
96677 0
96867 54
96921 60
97043 0
97075 54
97077 60
97656 0
97736 54
97740 0
98111 60
98497 0
98795 54
98870 60
99270 0
99382 54
99555 54
99621 0
99657 54
99821 60
247 events for 6
217 88
778 0
896 85
1012 87
1037 87
1334 0
1370 85
1786 85
2024 0
2346 85
3350 0
3367 87
3761 0
3897 84
4215 0
4806 88
5990 91
6159 85
6187 86
6498 0
6919 88
6943 0
7530 85
8315 0
8369 85
8385 90
9096 0
9217 87
9693 87
9710 0
10172 88
10318 86
10417 0
10491 91
10641 88
11166 0
11275 85
12356 0
12559 87
12717 0
13016 90
13843 0
14021 87
14122 85
15555 0
15602 91
16380 85
16401 88
16929 0
17267 86
18736 86
18954 0
19164 90
20025 87
20143 84
20234 0
20854 87
20941 0
20977 85
21237 88
21973 86
22431 0
22649 86
22717 0
23019 87
23707 87
24492 90
26192 0
26598 85
27668 85
27962 0
28001 86
28687 0
28775 91
29046 0
29291 84
29981 0
30736 87
30872 87
30899 88
30903 0
31406 85
31906 0
32016 84
33005 91
33447 0
33548 90
33653 0
33768 85
33824 87
34095 0
34100 87
34834 0
34882 91
35435 0
36180 85
36406 0
37491 87
38130 0
38184 87
39207 90
39945 0
40093 84
40489 84
41028 0
41168 87
41189 0
42083 90
42094 0
42239 84
42322 0
42706 88
42931 85
42942 88
43427 88
43452 0
44146 88
44796 0
44922 85
45344 0
45909 87
46341 90
47111 0
47685 84
47690 0
48110 85
48263 0
48567 88
49057 0
49575 91
50172 86
50405 0
50982 87
51032 86
51161 0
51164 88
51750 86
51882 0
52198 85
52996 90
53461 85
53647 0
53790 86
55347 0
55865 87
56067 0
56794 87
58639 0
58661 90
59248 0
61041 90
61121 90
61387 85
62229 0
62413 90
62605 0
63092 90
63227 0
64287 85
64433 0
64510 90
65269 0
65829 90
66057 0
66505 84
66650 0
66867 86
66877 87
67393 0
67426 88
67456 0
68114 85
68697 0
69062 85
69110 90
69495 0
69672 88
69992 0
70699 87
71913 0
72189 86
72463 0
72493 87
72577 0
72808 88
72849 0
74300 86
74810 0
74932 85
75625 0
75896 91
76030 85
76330 88
76434 87
76444 85
77411 0
78003 85
78258 0
78680 90
79209 0
79264 90
79502 87
80272 0
81110 84
81982 0
82183 90
82349 0
83666 86
83689 0
83904 90
83957 0
84139 85
84475 0
85660 85
85921 0
86571 85
86699 0
87043 85
88299 0
88416 87
88528 0
89835 91
90214 0
90397 88
90472 88
91168 91
91255 0
91370 84
91591 0
91801 86
91847 0
92431 85
93089 87
94108 0
94546 85
95084 0
95261 88
95924 91
96089 88
96685 85
96701 87
97251 0
97457 84
99088 87
99282 85
99477 0
99822 90
659 events for 7
53 28
477 0
505 23
709 0
1115 28
1121 0
1245 28
1346 0
1906 23
1971 0
2566 28
2807 0
2858 28
2969 23
3460 28
3753 0
3841 23
3968 0
4010 28
4205 23
4246 0
4323 28
4441 0
4462 28
4594 0
4836 28
4868 0
5650 23
5676 23
5725 0
6119 23
6258 0
6267 28
6285 0
6527 23
6958 0
6974 28
7028 28
7056 0
7110 28
7212 0
7231 28
7490 0
7659 23
7839 0
7904 28
7908 0
8219 23
8236 28
8279 0
8328 28
8700 0
8759 28
8795 0
8884 28
8896 0
8956 28
9336 0
9623 23
9678 0
9736 28
9770 0
10079 28
10248 0
10883 23
11126 0
11153 23
11249 0
11253 23
11296 0
11353 28
11367 0
11612 28
11635 28
11646 0
11737 28
12009 23
12027 0
12071 23
12161 0
12301 23
12318 28
12505 0
12512 23
12722 0
12775 28
12892 23
13118 0
13293 23
13328 0
13390 28
13658 0
13705 23
14031 0
14124 23
14160 0
14297 28
14382 28
14475 0
14702 23
14754 28
14782 0
15076 23
15409 0
15479 28
15696 0
15804 23
15822 23
15904 0
15986 28
16108 0
16167 28
17038 0
17099 28
17316 0
17336 23
17653 0
17780 28
17888 28
17970 0
18201 23
18363 0
18583 23
18592 0
18737 28
18880 0
19087 23
19242 0
19286 28
19808 0
19852 23
20015 28
20188 0
20229 23
20284 28
20360 0
20379 28
20414 0
20442 23
20675 0
20769 28
20854 0
21059 23
21082 0
21190 28
21389 28
21702 23
21709 0
22027 23
22394 0
22519 28
22542 0
22773 23
23260 0
23383 28
23394 0
23541 23
23636 0
23934 23
24156 0
24245 23
24289 0
24415 23
24422 0
24665 23
24790 23
24806 0
24819 28
24927 28
25012 23
25270 0
25387 28
25448 0
25542 23
25588 28
25629 28
25998 0
26014 23
26061 28
26080 0
26210 28
26216 0
26339 28
27443 0
27505 28
27511 0
27901 28
28150 0
28190 28
28217 0
28778 23
29094 28
29148 0
29204 23
29281 0
29584 28
29625 0
29652 23
29774 23
30205 23
30295 0
30338 28
30382 0
30479 23
30526 0
30579 28
30806 0
30902 28
31049 0
31138 28
31458 28
31752 0
31884 28
31901 0
32014 23
32143 28
32498 0
32956 28
33083 0
34155 28
34247 0
34575 28
34636 23
34761 0
34765 28
34889 0
34894 28
34900 0
35094 23
35107 0
35113 28
35232 0
35271 28
35427 28
35576 0
35583 28
35610 0
36003 23
36112 23
36703 0
36891 23
36951 0
37038 23
37143 0
37699 23
37872 28
37970 0
38146 28
38245 0
38396 23
38434 0
38544 28
38724 0
38872 28
38954 0
39095 23
39130 0
39373 23
39413 23
39478 0
39729 23
40056 23
40073 0
40281 23
40358 0
40385 28
40613 0
40832 28
40885 0
40989 23
41004 0
41322 28
41516 0
41632 23
41780 23
41900 0
42038 28
42265 0
42329 23
42943 0
42984 23
43078 28
43327 0
43654 23
44080 0
44427 28
44890 28
45069 0
45464 23
45645 23
45770 0
45780 28
46123 0
46382 28
46593 0
47072 28
47216 0
47250 23
47342 23
47366 23
47443 28
47634 0
47909 23
48044 28
48172 0
48385 28
48627 0
49161 23
49309 23
49340 0
49349 23
49372 0
49415 23
49760 0
49781 28
49903 28
50031 0
50507 28
51106 28
51142 0
51279 23
51382 0
51422 28
51525 28
51683 0
51727 23
51790 23
51959 0
52034 23
52038 0
52323 23
52558 0
52579 28
52633 28
52651 28
52898 0
52935 28
52959 0
53038 23
53150 0
53288 23
53429 28
53541 0
53657 23
53864 0
53865 23
53895 0
53915 28
54150 0
54291 23
54375 28
54393 0
54605 28
54628 0
54643 23
54679 0
54680 28
54701 23
54730 0
54867 28
55071 28
55344 0
55375 28
55397 0
55467 28
55557 0
55797 23
55851 28
56602 0
56685 23
56757 0
56902 28
57012 0
57138 28
57240 0
57324 28
57430 0
57495 28
57677 0
57800 23
57820 0
58070 23
58234 0
58538 23
58583 0
58718 23
58748 28
58879 28
59099 0
59197 28
59455 0
59587 23
59920 0
60134 23
60165 23
60218 28
60263 0
60442 23
60563 0
60668 28
60681 28
60791 0
60849 23
61251 28
61299 23
61316 23
61396 28
61648 0
61700 28
61808 23
61826 0
62076 23
62097 23
62162 0
62287 23
62736 0
63613 28
63708 0
63710 28
63770 0
63790 23
63826 0
63913 28
64324 0
64476 23
64574 0
64648 28
64704 0
64788 28
64795 28
64917 23
65276 0
65584 23
65632 0
65953 28
65994 0
66155 23
66221 0
66268 28
66679 0
66685 28
66869 0
67143 23
67196 28
67413 23
67587 23
67743 28
67991 0
68170 23
68203 23
68217 0
68316 28
68577 0
68610 28
68891 0
69081 23
69148 28
69583 0
69893 23
70003 0
70098 23
70129 0
70321 23
70447 28
70471 0
70592 23
70819 28
71156 0
71166 23
71318 28
71455 0
71464 23
71670 28
71764 0
72036 28
72252 0
72723 28
73170 0
73203 28
73526 0
73623 23
74096 0
74251 23
74527 0
74707 23
74733 0
74834 23
74917 0
74940 23
75225 0
75309 28
75639 0
75684 23
75927 0
75936 28
76037 23
76206 0
76354 28
76667 0
76908 23
76924 0
76963 28
76965 0
77307 23
77473 0
77608 23
77692 0
77841 23
77917 0
78013 23
78164 0
78187 23
78294 0
78296 23
78796 0
78802 23
78990 0
79073 23
79095 0
79125 23
79181 0
79234 28
79490 0
79555 28
79691 0
79818 28
79855 0
80078 23
80187 0
80362 23
80464 0
80539 28
80618 28
80706 0
80730 28
80761 28
80871 0
80911 28
81061 0
81567 23
81581 23
82563 0
82764 28
82765 28
82824 0
82878 28
82970 0
83187 28
83249 23
83489 28
83549 28
83585 0
83786 23
83808 0
84051 28
84173 28
84240 23
84394 0
84502 28
84586 28
84738 0
84857 28
85252 0
85364 23
85483 0
85551 23
85686 0
85746 23
85784 28
86034 28
86390 0
86718 28
86755 0
87124 23
87967 0
87997 28
88644 0
88848 28
88909 28
89095 0
89130 23
89177 23
89269 23
89513 0
89795 23
89832 0
90050 28
90150 0
90289 28
90388 0
90577 23
90965 23
91250 23
91360 23
91374 0
91650 28
91920 0
91981 28
92015 0
92116 28
92388 23
92862 0
92919 28
93058 0
93123 23
93212 0
93245 28
93294 0
93427 28
93658 0
93933 28
93937 23
94329 28
94408 0
94499 28
94530 28
94803 0
94866 23
95112 0
95140 23
95375 0
95486 28
95542 23
95572 0
95669 28
95949 0
96033 28
96113 0
96125 23
96191 0
96206 23
96362 28
96493 0
96514 23
96665 23
96734 0
96750 23
96859 0
96912 28
97392 0
97483 28
97492 0
97509 28
97624 0
97681 28
97985 0
98183 23
98614 0
98709 28
98741 23
98951 23
99049 0
99073 28
99089 0
99240 28
99296 0
99806 23
99823 0
99829 23
870 events for 8
9 88
298 0
343 84
580 88
615 0
705 88
905 0
1146 84
1151 0
1272 88
1404 83
1457 88
1485 84
1497 0
1592 83
1792 0
1881 83
1944 0
1975 88
2123 88
2493 0
2723 83
2830 0
2918 88
3066 0
3179 84
3181 0
3301 88
3319 88
3354 0
3416 83
3642 0
3851 84
3917 0
4099 84
4134 0
4138 88
4247 0
4356 83
4413 0
4529 88
4602 0
4651 88
4675 88
4750 84
4921 0
5034 83
5382 88
5619 0
5938 88
6135 84
6262 84
6270 0
6291 88
6295 0
6352 83
6365 88
6540 88
6545 0
6603 88
6646 84
6720 0
6743 83
6952 88
6956 0
7001 84
7029 0
7343 88
7392 0
7575 83
7585 88
7599 84
7727 88
7795 88
7873 0
8033 84
8040 0
8084 83
8111 84
8122 0
8633 88
8817 0
8873 88
8895 0
8958 84
9086 0
9340 83
9400 0
9707 83
10252 0
10468 84
10474 0
10622 83
10733 0
10828 88
10893 0
11004 88
11065 0
11112 84
11313 88
11371 0
11546 88
11570 0
11767 88
11877 0
11952 83
12067 0
12098 83
12109 0
12187 84
12236 0
12576 84
12662 0
12724 88
12742 88
12823 0
12990 88
13157 0
13184 88
13207 83
13299 88
13303 0
13410 83
13411 84
13514 0
13738 88
13830 0
13848 88
13939 0
14062 88
14239 88
14494 83
14643 0
14765 88
14970 0
15040 88
15054 83
15234 83
15399 0
15464 83
15487 88
15958 0
15978 88
16098 88
16111 0
16270 88
16323 0
16452 88
16458 0
16542 84
16563 0
16600 84
16714 0
16922 88
17037 0
17103 88
17116 0
17376 88
17491 0
17546 88
17719 0
17741 88
17771 0
17795 84
17879 0
17918 83
17991 0
18098 88
18124 88
18165 0
18222 88
18371 0
18690 88
18698 0
18847 83
18858 0
18911 88
19030 83
19091 0
19134 84
19189 84
19374 0
19523 84
19787 0
19879 88
19962 0
20011 88
20013 88
20281 88
20413 0
20514 88
20724 0
20812 84
21146 83
21295 0
21307 88
21416 88
21581 0
21673 83
21689 0
21698 84
21774 84
21800 0
22151 88
22207 84
22241 0
22261 83
22281 84
22573 0
22620 88
22629 0
22710 88
22725 83
22728 0
22855 84
23121 0
23141 88
23201 0
23675 88
23805 83
23924 88
23967 0
24074 88
24309 88
24321 0
24387 88
24574 0
24655 88
24664 0
24673 83
24941 0
25041 88
25249 83
25289 0
25557 84
25739 0
25753 88
25784 84
25858 88
26155 88
26249 0
26364 84
26470 0
26588 88
26627 0
26700 84
26749 88
26757 0
26764 88
26795 0
27088 88
27179 0
27253 83
27433 88
27914 0
28002 88
28022 0
28156 88
28212 0
28346 83
28416 0
28432 88
28546 0
28860 88
28894 0
29233 84
29343 0
29437 88
29438 88
29573 0
29689 88
29717 88
29770 84
29834 88
29971 0
30062 88
30065 84
30255 88
30278 83
30317 0
30403 88
30607 0
30609 88
30673 88
30861 0
30935 84
31011 0
31441 88
31603 0
31641 84
32125 88
32140 88
32447 0
32552 88
32616 0
32720 83
32749 0
33456 84
33466 0
33537 83
33690 0
33779 84
33974 0
34016 83
34024 0
34249 83
34255 88
34347 88
34525 0
34537 84
34913 0
34954 83
34990 0
35226 84
35413 0
35466 88
35582 0
35603 88
35614 0
35667 88
35689 84
35705 0
35767 83
36049 88
36076 0
36153 88
36463 0
36820 88
36915 0
36920 88
36945 0
36971 83
37057 0
37084 88
37201 0
37449 84
37479 0
37506 88
37510 88
37642 0
37687 83
37750 0
37874 88
38150 0
38213 83
38366 84
38375 0
38874 88
39140 0
39178 84
39197 0
39272 83
39301 88
39669 0
39735 83
39774 83
39952 0
40069 88
40191 88
40235 0
40319 83
40410 0
40425 83
40585 0
40694 84
40765 88
40852 0
41307 88
41619 0
41865 83
42088 0
42348 84
42440 88
42645 0
42667 84
42749 88
42965 88
43095 0
43500 83
43533 0
43848 83
43907 88
43936 88
44074 0
44104 84
44192 0
44207 88
44341 88
44424 0
44635 88
44679 88
44792 0
44938 88
45052 83
45055 83
45207 0
45336 83
45357 0
45365 84
45386 0
45842 84
46214 0
46295 83
46386 88
46633 0
46679 88
46778 0
46854 84
47090 88
47153 84
47198 88
47250 0
47320 88
47365 88
47373 0
47386 88
47519 88
47821 88
47833 83
47937 0
48224 83
48295 0
48342 83
48404 0
48429 84
48570 0
48616 88
48658 84
48704 0
48736 84
48759 84
49119 84
49197 84
49218 0
49377 84
49428 0
49550 88
49611 0
49616 83
49739 0
49744 84
49768 0
49827 88
49884 0
49975 84
50017 0
50103 88
50188 88
50193 88
50243 0
50358 88
50606 0
50876 83
50877 0
50975 88
51035 84
51065 0
51073 83
51647 0
51724 83
51758 83
51884 88
52019 0
52185 83
52307 0
52374 88
52672 83
52878 88
52938 88
52946 0
53041 84
53059 0
53096 88
53414 0
53471 88
53519 0
53604 84
53640 0
53655 88
53740 0
53741 88
53766 88
53902 0
53907 88
53980 0
53993 84
54013 0
54575 84
54593 0
54613 84
54728 0
54747 88
54800 0
54972 88
54986 0
55204 88
55255 0
55406 84
55426 0
55713 88
56025 0
56330 88
56494 0
56581 88
56627 84
56662 0
56699 83
56709 88
56747 0
56770 83
56786 0
56837 88
56843 0
57348 88
57376 0
57423 88
57690 0
57736 88
57875 0
57912 84
58048 0
58156 88
58267 0
58280 88
58376 84
58499 0
58652 88
58753 0
58762 83
58776 88
58855 88
58886 0
58967 84
59073 0
59588 84
59817 0
60333 84
60437 84
60947 0
61020 88
61136 0
61230 84
61282 83
61518 0
61526 83
61717 0
61912 88
61918 88
61995 0
62045 88
62244 88
62371 0
62404 88
62456 0
62527 88
62605 0
62638 83
62797 0
62883 88
63269 0
63319 88
63534 0
63585 88
63943 84
64085 0
64255 88
64293 0
64353 88
64857 83
64886 0
65083 84
65089 88
65091 0
65118 84
65127 88
65233 0
65265 88
65351 83
65371 0
65550 88
65689 0
65763 88
65960 0
66079 83
66151 0
66370 88
66413 0
66415 88
66708 0
66915 88
66959 0
67028 88
67051 88
67139 0
67150 83
67198 0
67246 88
67647 0
68191 88
68436 88
68439 0
68845 88
69155 83
69173 0
69274 88
69303 83
69358 0
69363 88
69627 84
69684 0
69741 88
69760 0
69778 84
69893 0
70234 83
70510 88
70535 0
70538 83
70601 0
70831 83
70888 0
71027 88
71270 0
71415 83
71446 88
71462 0
71524 88
71615 0
71628 88
71651 83
71711 84
71724 83
71755 0
71776 88
71896 0
72039 84
72113 88
72207 0
72276 83
72387 0
72462 88
72643 0
72681 83
72985 88
73180 0
73413 84
73496 84
73574 0
74035 84
74129 88
74253 0
74283 83
74360 0
74364 84
74365 0
74702 88
74721 0
74828 88
74898 0
75130 84
75275 84
75396 0
75398 88
75408 88
75644 83
75753 0
75821 83
75957 88
76117 0
76197 88
76255 0
76284 83
76853 88
77795 0
77831 88
77879 0
78025 88
78066 0
78090 83
78123 84
78226 0
78233 84
78344 0
78426 83
78644 0
78653 83
78761 88
78948 0
78988 83
79178 88
79237 0
79404 84
79666 0
79692 88
79851 0
79925 84
80119 83
80128 0
80377 88
80435 88
80516 88
80524 88
80615 88
81093 0
81099 88
81253 88
81292 88
81570 0
81670 88
81989 0
82007 83
82068 0
82262 83
82427 0
82664 83
82786 0
82909 84
82934 0
82982 84
82998 0
83205 84
83274 0
83280 83
83445 0
83473 88
83478 0
83577 84
83724 0
83874 83
84069 83
84108 84
84165 0
84277 84
84378 83
84644 84
84696 0
84699 88
84754 0
84824 84
84871 83
84973 0
85173 83
85207 0
85239 88
85293 88
85426 0
85431 83
85663 84
85876 0
86158 83
86301 88
86346 0
86559 88
86622 0
86951 88
87235 0
87239 88
87383 88
87395 84
87474 0
87649 88
87806 0
88010 84
88119 88
88204 0
88325 88
88410 0
88522 84
88687 0
88699 84
88717 0
88740 88
88755 88
88784 88
89017 88
89020 84
89107 0
89140 88
89271 0
89338 83
89400 0
89686 84
90047 0
90133 88
90142 88
90230 88
90331 0
90343 83
90419 88
90528 0
90565 84
90629 0
90658 84
90666 0
90671 84
90894 0
91427 84
91467 0
91538 88
91622 88
91702 0
91722 83
91777 0
91899 83
91932 83
92204 88
92208 83
92214 0
92342 83
92374 0
92622 83
92663 83
92968 84
93043 0
93088 88
93176 0
93412 88
93609 0
93884 84
94094 88
94134 83
94136 0
94139 88
94149 88
94303 88
94472 0
94661 83
95106 0
95216 88
95267 0
95316 88
95444 0
95798 83
95928 0
95995 84
96043 0
96264 88
96310 0
96381 83
96430 0
96564 88
96680 0
96761 88
96910 0
97162 84
97339 0
97390 88
97398 0
97423 84
97917 0
97994 88
98296 88
98318 0
98367 83
98404 83
98423 83
98435 88
98497 84
98501 88
98633 0
98787 83
98815 88
98894 0
99153 83
99264 0
99333 84
99436 0
99505 88
99523 0
99730 83
801 events for 9
34 44
132 35
345 44
412 0
414 44
417 0
562 35
828 0
863 44
1032 35
1040 0
1052 44
1210 0
1462 35
1678 0
1837 35
2404 0
2413 35
2442 35
2494 0
2643 44
2649 0
2745 35
2860 0
2867 35
2879 44
2886 0
2977 44
3133 35
3208 0
3841 44
4049 35
4112 0
4161 44
4391 0
4407 35
4433 0
4436 44
4518 35
4607 0
4642 35
4747 44
4951 35
4983 0
5066 44
5161 0
5200 44
5388 0
5397 44
5442 0
5481 44
5507 0
5578 44
5767 0
5791 44
5823 44
5850 0
6048 35
6186 0
6345 35
6346 0
6425 44
6586 0
6681 35
6708 0
6783 35
7032 0
7067 44
7159 35
7458 0
7466 35
7496 0
7509 35
7764 0
7768 44
7835 35
7874 0
7959 35
8003 44
8095 0
8228 44
8256 0
8490 44
8534 35
8673 0
8760 35
8802 44
8875 44
8940 0
9009 44
9137 0
9420 44
9428 0
9519 44
9541 0
9798 44
9852 0
9943 44
9970 44
9993 44
10006 0
10342 35
10349 0
10686 35
10737 0
10797 44
11005 44
11136 0
11251 44
11475 35
11544 0
11672 35
11746 0
11907 35
11976 44
11998 0
12239 35
12264 0
12448 35
12458 0
12594 44
12886 0
13094 44
13499 35
13502 0
13557 44
13609 0
13646 44
14004 0
14027 35
14478 0
14521 35
14541 44
14900 0
14960 35
14971 0
15079 35
15281 0
15306 35
15545 44
15694 0
15855 35
16161 0
16535 44
16566 0
16994 35
17083 44
17186 0
17289 35
17460 0
17631 44
17723 0
18005 35
18102 44
18246 0
18373 35
18736 0
18847 44
18886 0
19075 44
19487 0
19564 44
19662 0
19876 44
19907 35
20048 35
20069 0
20144 44
20170 0
20268 44
20313 44
20905 0
20915 35
20990 0
21047 35
21158 0
21171 44
21232 44
21393 0
21555 44
21779 0
21907 44
22039 44
22051 35
22074 0
22122 44
22213 0
22284 44
22315 0
22356 35
22435 0
22720 35
22835 35
22839 0
22851 44
22891 0
22929 35
23257 0
23417 35
23488 0
23580 35
23635 0
24025 44
24034 35
24106 44
24407 0
24548 35
24620 0
24960 44
24975 44
25151 0
25166 35
25236 44
25415 0
25569 44
25917 0
25943 44
26044 0
26130 35
26139 0
26158 35
26271 35
26324 44
26506 0
26737 35
26762 0
26896 35
26906 0
26935 35
26950 0
26997 35
27027 35
27223 35
27510 0
27701 44
27847 0
28104 44
28151 0
28189 44
28395 35
28557 35
28582 35
28668 0
28719 44
28735 0
28778 35
29081 0
29450 35
29469 0
29786 35
29924 0
29968 35
29979 0
30095 35
30204 0
30389 44
30489 35
30507 0
30576 44
30596 35
30619 0
30624 35
30856 0
31001 35
31082 0
31114 44
31598 0
31821 44
32014 0
32465 35
32718 44
32804 0
32852 35
32957 0
33237 35
33369 0
33451 35
33635 0
33726 35
33902 0
33929 35
33971 0
34047 44
34177 0
34204 35
34241 0
34256 35
34321 0
34402 44
34431 0
34674 35
34751 0
34758 44
34787 44
34839 44
34953 0
35057 44
35070 0
35323 44
35377 0
35503 44
35640 0
35665 35
35871 0
36286 44
36455 0
36461 44
36511 0
36539 35
36851 0
36878 44
36931 44
37052 0
37063 35
37335 0
37338 35
37386 0
37706 35
37729 0
37741 35
37826 0
37996 44
38112 44
38135 35
38220 35
38348 0
38361 44
38691 0
38745 35
38759 0
39137 35
39197 0
39215 44
39270 35
39286 0
39306 35
39389 44
39417 0
39557 35
39640 0
39801 35
39825 0
39904 35
39927 0
39986 44
40302 44
40399 0
40414 44
40416 0
40582 35
40774 0
40781 35
40863 0
40974 44
41040 0
41123 44
41233 0
41287 44
41417 0
41497 44
41554 0
41671 44
41793 0
42024 35
42442 0
42560 35
42599 0
42623 44
42675 0
42715 44
42921 0
42975 35
43284 0
43544 35
43582 0
43824 35
44176 44
44229 0
44669 35
44826 0
45007 35
45102 35
45140 0
45288 35
45671 0
45987 44
46096 0
46167 35
46278 44
46298 35
46315 35
46412 0
46415 44
46447 35
46525 0
46603 44
46632 0
46688 35
46709 44
46711 0
46746 35
46854 0
47189 35
47212 35
47390 44
47622 0
47816 35
47835 0
48005 35
48164 35
48263 0
48472 44
48595 35
48686 0
48729 35
48925 0
48958 35
48974 0
49066 35
49107 35
49336 0
49647 35
49691 35
49878 44
50023 35
50038 44
50261 0
50758 44
50831 44
50880 35
50947 0
50949 35
51687 0
51755 35
51963 35
52040 44
52086 44
52235 0
52385 35
52429 0
52497 44
52614 0
52957 35
53064 35
53230 0
53376 35
53521 0
53642 35
53702 0
53913 35
54431 0
54483 35
54530 44
54545 35
54576 0
54620 44
54805 0
55141 44
55210 44
55315 0
55353 35
55431 0
55491 44
55529 35
55859 35
55868 0
55963 35
56039 0
56193 44
56226 44
56356 0
56525 35
56622 0
56722 35
56813 44
57059 44
57114 0
57344 35
57555 0
57794 44
57862 0
58235 35
58282 0
58338 35
58395 0
58503 35
58519 0
58536 35
58587 0
58634 35
58733 0
58939 44
59033 0
59133 35
59175 0
59200 44
59488 0
59564 35
59591 0
59667 35
59716 0
59946 44
59951 44
60096 0
60103 35
60258 0
60328 44
60426 0
60702 35
60760 0
60850 35
61256 0
61321 44
61477 0
61551 44
61630 35
61967 35
62005 0
62243 35
62388 35
62422 0
62629 44
62706 0
62922 44
62986 0
63002 44
63140 0
63285 44
63527 0
63578 35
63668 0
63832 35
64037 0
64202 44
64232 35
64262 44
64449 0
64539 44
64578 35
64974 0
65183 44
65202 0
65210 44
65295 44
65907 0
65909 44
65914 0
66561 35
66629 0
66857 44
66950 0
67132 35
67314 35
67359 0
67461 35
67546 0
67770 44
67967 0
67976 35
68058 35
68126 0
68226 44
68242 35
68386 0
68755 35
69203 35
69627 0
69716 35
69726 0
69915 44
69930 0
70066 44
70210 44
70294 0
70475 35
70544 44
70622 0
70755 35
70826 0
70846 44
70962 44
70987 0
71190 35
71242 0
71433 35
71480 0
71865 35
71895 44
72009 44
72034 0
72246 35
72513 0
72912 44
73311 35
73531 0
73804 35
73887 35
73934 44
73988 44
74024 35
74092 0
74288 35
74332 0
74477 35
74893 0
75052 44
75145 0
75324 35
75406 0
75503 44
75556 0
75587 44
75633 0
75707 35
75735 0
75905 35
75989 0
76058 35
76088 35
76113 0
76167 44
76340 0
76346 35
76376 0
76406 35
76552 0
76863 35
76911 0
76943 35
77305 44
77343 35
77409 0
77415 44
78145 35
78176 0
78555 44
78649 0
78722 35
78812 0
78843 35
78851 44
78931 0
78985 44
79028 0
79370 35
79496 0
79543 44
79561 44
79567 0
79591 35
79671 0
80050 35
80052 0
80155 35
80724 0
80782 35
81009 35
81021 0
81123 35
81172 0
81271 35
81287 35
81358 35
81396 0
81598 44
81611 0
81650 44
81683 35
81706 0
81758 44
82005 0
82132 44
82375 0
82396 35
82603 0
82653 44
82707 35
82758 0
82906 35
82927 44
82961 0
83064 44
83269 0
83434 35
83475 0
83915 35
84043 0
84047 44
84155 0
84452 35
84481 0
84630 44
84852 44
85290 0
85486 44
85642 0
85687 44
85750 35
85763 0
85801 35
86138 35
86456 0
87105 44
87204 0
87374 44
87412 0
87464 35
87699 0
87729 44
87815 0
88031 35
88091 44
88416 35
88652 0
88791 44
88841 0
89033 44
89174 0
89279 35
89354 0
89498 35
89561 0
89739 44
89879 0
90198 35
90271 0
90289 44
90473 35
90713 0
90818 35
91003 0
91226 44
91463 44
91816 0
91897 35
91913 0
91932 44
92281 44
92334 0
92454 35
92522 44
92556 0
92583 44
92862 44
92901 0
92926 44
92994 0
93089 44
93217 0
93228 35
93266 0
93340 35
93460 0
93462 35
93472 35
93485 35
93565 44
93852 0
94687 35
94699 0
94719 44
94845 0
94930 35
94949 0
94992 44
95186 0
95726 35
95729 44
95805 0
96051 35
96064 0
96099 44
96120 0
96217 35
96821 44
96842 0
96931 44
96957 0
96959 35
96962 0
96964 35
97122 0
97362 44
97612 44
98007 0
98188 44
98280 35
98334 0
98445 35
98634 44
98648 0
98710 44
98739 0
98838 35
98970 0
99137 44
99141 0
99308 44
99550 0
99702 35
99809 0
451 events for 10
39 30
248 36
503 30
570 0
650 21
869 28
887 21
1007 36
1011 0
1040 30
1718 0
2123 21
2305 0
2314 28
2354 0
2464 31
2619 21
2888 0
3122 51
3226 28
3761 0
3997 31
4054 0
4130 31
4616 0
4630 31
4726 0
5347 31
6550 36
6568 0
6610 28
6692 0
7572 28
7664 0
7766 36
8075 31
8207 30
8798 31
8856 0
9015 51
9708 31
9796 0
10337 28
10556 0
10897 30
10991 30
11270 0
11341 51
12010 0
12264 30
12539 31
12714 0
12820 30
12872 0
13473 21
13823 0
13862 30
14053 31
14175 0
14330 31
14535 0
14837 21
14966 51
15323 31
15559 0
16216 28
16735 0
16858 31
17407 36
17441 0
17553 51
17615 28
17825 36
18026 36
18216 30
18331 0
18386 51
18403 0
18516 30
18636 0
18866 28
19029 21
19122 31
19138 0
19164 31
19237 0
19356 51
19458 0
19655 21
19735 0
19827 21
20125 0
20156 21
20474 0
20490 28
20657 0
20695 30
20852 28
20919 31
21087 0
22124 31
22139 0
22258 31
22830 31
22853 0
23152 30
23237 0
23390 31
23591 36
24012 36
24098 36
24182 0
24313 30
24399 0
24532 30
24640 31
24790 30
24924 31
25046 31
25106 30
25176 0
25475 28
25480 0
25973 51
26380 0
26740 31
27110 0
27133 30
27414 0
27431 28
27877 0
27900 21
28110 0
28255 31
28428 0
29185 31
29661 31
29811 21
29873 0
29904 28
29920 0
30162 31
30319 0
31115 30
31632 0
32231 51
32528 31
32910 21
33420 0
33615 36
33703 0
34186 28
34465 0
34596 51
34606 0
34716 51
34865 0
35382 21
35546 0
35562 30
35825 0
35851 36
36037 0
36276 51
36352 0
36574 31
36649 0
36844 31
36861 36
37025 0
37454 51
37557 31
37631 0
38482 31
38527 21
39015 0
39105 36
39140 0
39768 31
39811 31
39848 0
40239 51
40799 28
40883 31
41019 0
41039 36
41284 0
41557 28
41943 30
41955 0
42088 28
42266 0
42422 31
42445 0
42992 21
43043 0
43294 36
43620 0
43683 31
43721 0
43739 31
43809 0
43856 31
43913 0
44325 21
45044 0
45262 31
45515 0
45570 28
46001 0
46300 31
46685 0
47211 31
47342 0
47415 30
48073 28
48337 28
48562 0
48576 36
48621 0
48660 31
48844 0
48952 31
49259 0
49774 31
49789 0
49931 31
49954 0
50033 31
50102 0
50501 36
50603 0
50685 31
51176 0
51816 31
52084 0
52325 21
52462 51
52471 31
52605 31
52820 0
53206 31
53337 0
53521 30
54286 0
54304 21
54489 31
54499 0
55111 31
55145 0
55777 31
56248 28
56256 31
56270 31
56279 0
56339 30
56620 0
56637 31
56652 0
56706 30
57064 51
57086 0
57099 36
57207 0
57273 51
57628 0
57662 31
58317 36
58370 36
58375 0
58529 28
59124 0
59199 36
59200 0
59265 28
59428 0
59626 31
60006 0
60017 30
60023 0
60136 51
60255 0
60409 30
60440 0
60612 21
60635 0
60979 36
61014 0
61157 36
61268 31
61780 0
62088 21
62530 0
62599 36
63092 30
63128 0
64226 36
64317 31
64349 0
64470 21
64727 0
64815 21
65004 0
65317 31
65492 0
66061 28
66086 51
66360 0
66610 30
67514 30
67555 0
68044 30
68403 0
68414 36
68738 0
69161 51
69340 51
69422 0
69429 31
69670 0
70085 30
70460 51
70627 0
70652 51
70667 31
70772 31
70791 0
71139 31
71184 0
71296 36
71388 30
71394 0
71917 21
72112 0
72291 36
72560 28
72692 51
73029 0
73081 21
73697 0
74114 28
74128 21
74689 0
74866 28
75217 0
75450 21
75622 36
75956 0
76255 31
76842 0
76961 51
77428 31
77771 0
77897 30
78177 0
78594 31
78970 0
79027 36
79197 0
79257 28
79529 31
79562 21
80224 36
80370 0
80396 31
80663 0
80744 30
80765 0
80797 31
80859 31
80995 0
81107 31
81123 0
81434 36
81549 0
81615 36
81618 0
81715 21
81836 51
82088 31
82132 31
82157 0
82686 30
83168 0
83430 31
83480 0
83898 30
83940 0
83993 36
84318 0
84876 28
84913 0
85086 31
85321 0
85886 36
86008 0
86253 51
86782 0
86813 51
86834 30
86921 0
87065 36
87108 0
87307 31
87493 0
88096 21
88106 0
88249 30
88511 0
88791 36
88979 28
89248 31
89322 0
89420 28
90605 0
90645 21
90646 51
91135 36
92081 0
92428 36
92443 0
92904 30
93111 51
93284 0
93298 31
93310 0
93362 51
93401 0
93917 31
93922 0
94130 31
94556 0
95214 28
95346 0
95719 21
96289 0
96594 28
97054 0
97758 28
97794 0
97800 21
98263 36
98447 0
98503 31
98670 0
98740 51
98790 0
98986 36
99156 51
99448 0
99839 36
271 events for 11
1477 62
1967 0
2057 62
2153 0
2162 62
3493 0
3836 62
4381 0
4544 62
5104 62
5367 0
5684 62
6893 0
6894 62
6954 0
6979 62
7279 0
7941 62
8146 0
8449 62
8704 0
9493 62
10831 0
11250 62
11866 0
12332 62
13133 0
13516 62
13527 0
13636 62
13793 62
13833 62
14615 0
15457 62
16002 0
16065 62
16172 0
16544 62
16994 0
17200 62
17299 62
17802 0
17896 62
17902 0
18730 62
20525 62
20735 0
20742 62
20770 0
20859 62
22028 0
22623 62
22833 0
23546 62
23647 62
24356 0
24469 62
24569 0
24998 62
25532 62
27316 0
27841 62
28715 62
29145 0
29554 62
29741 0
30081 62
30690 0
30891 62
30963 0
31154 62
31617 62
31665 0
32133 62
32926 0
33342 62
33580 0
33642 62
33813 62
33993 0
34094 62
34102 0
34581 62
34846 62
35138 0
35240 62
35459 0
36066 62
36084 0
36185 62
36482 0
36752 62
36759 0
37018 62
37184 0
37451 62
37580 0
37842 62
38209 0
38421 62
38685 62
39201 0
39419 62
39430 62
39650 0
39795 62
39843 62
39916 0
40305 62
40385 0
40509 62
40580 62
40674 62
40714 0
40735 62
41858 0
42120 62
42466 0
43026 62
43161 0
44672 62
45519 62
45677 0
45711 62
46007 0
46270 62
46441 0
46981 62
47019 0
47148 62
47372 0
47541 62
48852 0
49670 62
50251 0
50481 62
50873 0
51425 62
51875 62
52080 0
52253 62
53428 62
53513 0
54400 62
54486 0
54597 62
54946 0
54949 62
55019 0
55036 62
55220 0
55359 62
55554 62
56178 0
57092 62
57359 62
57414 62
57788 0
58288 62
58453 62
58544 0
59127 62
59581 0
59695 62
59784 62
60895 62
60925 0
61116 62
61159 0
62580 62
63117 0
63226 62
63447 0
63994 62
64094 62
64874 0
65530 62
65948 0
66216 62
66413 0
66828 62
66890 62
67689 0
68077 62
68938 0
69406 62
69466 0
69634 62
69657 0
70055 62
70685 62
70897 0
72078 62
72178 62
72754 0
72777 62
72850 0
72888 62
73564 0
74036 62
74158 0
74403 62
74505 62
74984 62
74996 0
75092 62
75567 0
75603 62
75701 62
75892 0
76098 62
77064 62
77413 0
77988 62
78053 0
78080 62
79767 0
79878 62
80189 0
80282 62
80437 62
80461 62
80865 0
81489 62
82088 0
82282 62
82355 62
82462 0
83842 62
84140 0
84323 62
84738 62
85010 0
85466 62
86338 0
86345 62
86579 62
86683 0
86867 62
87209 0
87250 62
87568 0
87769 62
87957 62
88663 0
88821 62
89502 0
90117 62
90322 0
90719 62
91383 0
91547 62
91861 0
92125 62
92407 62
92408 62
92479 0
93054 62
93350 0
93878 62
95736 0
95746 62
96137 0
96432 62
96957 0
97235 62
97860 62
98016 0
98871 62
99401 0
99859 62
914 events for 12
72 30
178 0
199 36
264 21
314 0
372 38
434 0
474 29
489 0
606 20
660 0
727 32
792 0
1316 29
1322 0
1408 29
1520 37
1572 0
1638 32
1865 0
1958 29
2211 0
2283 32
2431 0
2446 20
2473 0
2508 25
2573 29
2601 0
2842 25
2844 28
3252 0
3340 32
3396 0
3540 28
3636 37
3693 0
3835 29
3912 32
4220 0
4410 29
4475 0
4567 21
4713 0
4752 25
5078 25
5297 20
5315 0
5320 38
5587 0
5599 38
5619 29
5730 0
5782 32
5786 36
5814 0
5835 25
5996 21
6036 0
6519 38
6572 0
6614 37
6707 0
6752 20
6777 0
6844 30
6858 0
6946 28
6995 0
7134 30
7561 0
8015 20
8248 0
8279 32
8299 0
8313 38
8749 28
8862 0
8953 21
8971 0
9096 36
9175 30
9180 0
9227 28
9235 0
9318 38
9380 0
9415 29
9722 0
10026 29
10116 0
10210 29
10408 0
10553 25
10869 38
10942 30
10952 37
11051 0
11195 28
11345 0
11407 25
11822 0
11869 32
11883 0
11911 32
12023 0
12183 20
12209 0
12625 30
12715 36
12787 37
12998 0
13035 32
13122 0
13126 28
13127 0
13130 25
13192 0
13651 29
13681 0
14002 32
14228 0
14442 30
14521 0
14612 21
14693 32
14723 0
14784 21
14872 20
15018 0
15022 30
15288 0
15464 30
15472 0
15494 37
15505 21
15588 0
15658 25
15682 0
15745 28
15747 0
16082 20
16221 30
16286 0
16337 25
16443 0
16446 20
16467 0
16474 38
16486 0
16550 29
16562 0
16683 29
16692 0
16752 29
16828 25
16863 0
17048 29
17060 0
17064 38
17175 29
17200 0
17336 36
17665 21
17700 30
17752 0
17854 32
17873 36
17914 0
17922 32
18181 0
18264 29
18353 38
18621 0
18741 21
18853 0
19047 37
19127 0
19141 28
19217 0
19258 25
19311 0
19603 20
19604 0
19650 21
19962 30
19972 30
19990 0
20048 28
20283 0
20287 21
20317 0
20332 36
20334 0
20444 29
20447 32
20626 0
20973 37
21068 0
21125 21
21188 0
21195 29
21204 0
21399 30
21463 0
21531 38
21542 0
21585 37
21715 0
21972 29
22039 0
22120 28
22191 0
22196 21
22286 0
22366 37
22561 0
22727 36
22837 0
22934 21
23163 37
23173 0
23217 32
23320 37
23367 0
23400 20
23955 29
24207 0
24283 30
24297 32
24411 0
24426 38
24445 25
24447 0
24465 37
24783 21
24912 0
25018 30
25031 0
25117 21
25188 36
25279 0
25379 38
25412 0
25555 25
25607 0
25739 20
25742 0
25803 36
25900 0
26031 21
26058 0
26073 36
26335 0
26439 38
26505 20
26543 0
26590 32
26768 0
27102 32
27125 0
27185 20
27384 36
27443 0
27467 21
27588 0
27630 21
27658 0
27755 36
27806 0
27867 32
28217 21
28293 0
28346 38
28360 0
28370 20
28431 0
28449 20
28467 0
28615 38
28683 0
28689 21
28939 0
28946 38
29090 0
29324 36
29327 0
29593 20
29669 0
29701 30
29780 0
29837 29
29848 0
29999 36
30048 0
30131 21
30219 28
30444 0
30537 32
30616 0
30862 21
31005 0
31049 20
31134 32
31251 32
31414 0
31460 37
31516 38
31678 0
31703 28
31778 32
31784 0
32056 20
32131 0
32191 29
32277 0
32515 21
32719 0
33039 25
33172 0
33193 28
33334 0
33443 28
33577 0
33675 36
33710 28
33815 30
33879 0
34017 36
34277 0
34322 28
34401 0
34415 32
34426 0
34490 38
34651 0
34833 37
34970 0
34988 32
35028 37
35102 29
35154 0
35189 38
35191 0
35321 28
35532 0
35562 30
35664 0
35700 30
35748 0
35822 36
35844 0
36065 37
36075 25
36175 0
36408 29
36731 25
36952 0
37235 21
37236 30
37357 25
37695 36
38153 0
38223 30
38462 30
38752 0
38902 25
39404 0
39504 30
39725 0
39778 21
40140 25
40223 0
40289 37
40454 0
40488 32
40527 0
40622 29
40704 0
40800 20
41006 0
41195 38
41383 28
41409 37
41484 0
41735 29
41830 0
41896 36
41916 0
42139 28
42156 0
42228 37
42298 0
42351 29
42413 0
42427 29
42595 36
42640 21
42827 0
42926 32
42967 0
42981 36
43190 0
43303 28
43322 0
43469 20
43518 0
43696 28
43733 0
43756 20
43782 0
43963 32
44045 0
44091 21
44118 0
44142 21
44197 36
44252 0
44331 21
44360 0
44470 25
44659 38
44704 0
44802 32
44808 0
45002 32
45213 0
45220 29
45325 0
45337 21
45660 0
45707 36
45865 28
45867 0
45882 29
46024 29
46094 20
46111 20
46124 25
46179 38
46222 0
46317 21
46435 20
46798 0
46818 29
46849 30
46874 0
46958 25
47002 0
47516 38
47711 0
47846 36
47982 0
48199 36
48221 0
48224 29
48372 0
48489 30
48551 0
48717 20
48838 29
48897 30
48939 0
49040 28
49051 37
49078 32
49214 30
49719 0
49786 25
49787 0
49809 37
49836 36
50107 0
50279 29
50307 0
50758 28
50865 0
51072 29
51153 0
51248 25
51318 0
51350 21
51473 0
51487 30
51551 21
51750 0
51944 21
52088 0
52093 38
52109 0
52158 36
52257 0
52275 32
52291 37
52484 0
52588 32
52893 0
52953 21
52979 0
52985 30
53268 32
53301 0
53409 21
53812 0
53986 36
53991 29
54069 0
54080 25
54141 0
54374 32
54405 36
54451 0
54525 38
54825 0
54957 30
55011 0
55213 20
55228 20
55284 0
55285 32
55291 30
55844 30
55860 0
56080 28
56100 0
56357 29
56420 0
56559 37
56635 29
56746 0
56907 30
57031 0
57130 29
57183 0
57320 32
57642 20
57670 0
57681 38
57711 0
58084 37
58298 38
58420 0
58511 38
58577 0
58584 28
58729 38
58909 0
58983 21
59072 0
59294 28
59406 0
59572 20
59759 0
59798 38
59810 0
59822 38
59832 0
59865 25
59889 0
59941 25
60896 0
60899 32
60907 0
60923 30
60977 0
61086 32
61182 0
61318 29
61371 28
61604 0
61678 30
61710 0
61820 32
62145 0
62196 25
62437 0
62601 37
62602 0
62637 32
62765 0
62828 29
62928 0
63135 25
63205 0
63239 38
63285 0
63619 20
63648 0
63698 30
63741 0
64245 28
64361 36
64477 0
64572 28
64655 0
64822 29
65190 0
65217 28
65248 0
65520 32
65696 0
66304 37
66863 30
67176 0
67254 30
67321 0
67323 21
67619 20
67651 0
67722 25
67832 29
67855 0
67858 25
67884 0
67920 25
67949 0
68141 38
68146 0
68251 20
68478 0
68568 29
68652 0
68924 21
68951 0
68974 37
69053 0
69144 20
69239 0
69385 29
69392 30
69425 36
69487 25
69636 0
69716 38
69765 25
69799 37
69827 38
69995 0
70153 25
70162 0
70198 32
70266 0
70364 21
70503 21
70649 0
70679 21
70702 0
71122 36
71124 0
71134 37
71143 0
71180 25
71250 0
71428 30
71597 0
71665 25
71800 0
71952 37
72011 0
72049 38
72226 20
72436 0
72472 21
72864 0
73010 25
73235 0
73284 30
73293 0
73299 28
73515 0
73540 21
74068 30
74110 28
74169 0
74217 37
74378 0
74487 36
74600 25
74673 38
74792 0
74910 29
74988 0
75413 29
75427 0
75479 25
75567 0
75684 28
75729 0
75847 30
75862 30
75938 29
75975 0
76170 30
76185 0
76379 30
76455 28
76547 0
76782 20
76858 0
77084 38
77267 0
77488 30
77585 0
77616 25
77670 0
77692 20
77782 0
78049 20
78207 0
78217 36
78223 0
78378 36
78450 0
78498 25
78718 0
78766 25
78900 0
79011 37
79107 0
79126 37
79195 0
79404 38
79533 30
79634 36
79686 30
79742 0
79813 28
79887 0
80017 30
80051 0
80077 37
80147 0
80210 21
80267 0
80372 20
80609 0
80679 29
80719 38
80838 25
80862 0
80897 37
81043 25
81151 0
81297 21
81414 32
81426 0
81559 30
81560 32
81785 0
81940 36
82262 25
82434 0
82573 20
82743 0
83140 32
83249 0
83472 30
83627 0
83674 29
83816 0
83834 20
83838 0
83867 36
83908 0
84041 32
84130 32
84461 21
84546 0
84748 29
84928 0
84964 38
85076 0
85343 37
85378 0
85467 30
85501 21
85564 0
85638 20
85773 0
85870 32
85877 0
85878 36
85961 0
86015 30
86148 25
86340 0
86371 30
86485 30
86486 0
86544 29
86640 25
86861 0
86868 28
86930 0
87021 32
87049 0
87285 36
87312 0
87313 38
87556 32
87573 0
87667 28
87922 21
88013 28
88032 0
88043 32
88132 21
88569 0
89276 25
89406 0
89507 29
89651 0
89666 20
89763 0
89768 21
89833 0
90102 38
90188 0
90228 30
90329 38
90408 36
90424 30
90428 0
90445 28
90568 0
90582 32
90614 0
90723 37
90887 0
90899 30
90923 30
90924 0
90962 38
91239 28
91408 0
91598 38
91607 32
91831 0
91860 20
92072 37
92115 0
92118 21
92120 0
92138 38
92186 0
92307 25
92457 38
92529 0
92593 38
92611 0
92724 32
92990 37
93414 0
93569 36
93600 30
93688 0
93890 32
94088 0
94168 30
94171 37
94184 0
94593 28
94759 0
94861 29
94882 36
94895 0
95036 28
95085 0
95144 21
95202 0
95253 21
95311 0
95366 29
95392 0
95487 28
95489 0
95653 20
95851 0
95856 30
95962 0
95977 30
96061 0
96169 38
96199 0
96204 30
96239 0
96397 25
96501 0
96590 36
96728 29
96814 30
96876 0
97046 20
97136 25
97623 0
97687 36
97850 38
97854 0
97907 38
98002 25
98106 0
98177 30
98206 0
98256 30
98407 0
98412 20
98465 0
98709 21
98931 36
98999 0
99052 21
99224 29
99810 29
99987 0
407 events for 13
29 40
42 0
378 41
645 0
1075 42
1638 0
1836 42
2161 0
2173 40
2388 40
2523 0
2591 42
2739 0
2853 41
2879 0
3051 40
3080 0
3433 41
3444 0
3589 41
3681 0
3713 40
3777 0
3850 42
4218 0
4386 40
4442 0
4735 40
4915 0
5209 42
5260 0
5606 41
5699 0
6368 42
6515 40
6950 0
7217 42
7379 42
7785 0
7942 41
8085 40
8107 0
8343 42
8594 0
8682 41
8684 0
8787 40
8816 41
9446 0
9509 40
9790 40
9992 0
10077 40
10230 0
10421 42
10593 0
11237 41
11555 0
11648 42
11778 0
11949 40
12058 0
12080 41
12093 0
12237 40
12364 40
12674 0
12790 40
13659 40
13748 0
13947 42
14138 0
14328 40
14335 41
14440 40
14534 0
14837 42
14872 0
15078 41
15144 0
15282 40
15305 0
15435 40
15455 0
15500 40
15550 42
16031 0
16503 41
16516 0
16700 41
16980 0
17400 41
18280 0
18532 42
19708 0
19769 42
20800 0
20888 41
21087 41
21823 42
21830 40
22269 0
22377 42
22610 0
23220 40
23588 41
23652 0
23694 40
24325 0
24345 42
24430 42
24549 0
24553 41
24958 0
25373 42
25625 0
25669 40
25687 0
26278 41
27352 0
27645 40
28449 41
28491 42
28537 40
28692 0
28736 40
29067 0
29484 42
29830 0
29878 42
30136 0
30522 41
30526 0
30611 42
30653 0
30724 42
30944 0
31198 42
31664 0
31754 41
32144 0
32326 41
32643 0
32725 41
32887 0
33091 41
33415 0
33856 41
33935 0
34539 41
34634 41
34757 0
34825 40
35370 0
35641 41
36457 0
36635 41
36652 0
36693 40
36807 0
37109 40
37386 0
37470 41
37916 0
37994 42
38867 0
39190 40
39225 41
39289 0
39686 41
39699 0
40059 41
40065 0
40428 40
40787 0
40855 40
41009 41
41253 0
41319 40
41396 0
41653 40
42405 0
43142 42
43281 0
43496 42
43626 0
43760 40
44107 0
44256 40
44318 0
44523 42
44551 0
44730 40
44790 40
44926 0
45043 40
45356 42
45996 0
46073 40
46129 0
46620 42
46662 0
46893 42
47265 41
47365 0
48133 41
48146 0
48246 41
48356 0
48477 42
48569 40
48750 0
49324 42
49436 42
49595 0
49662 40
50016 42
50443 41
50921 0
50970 40
51436 0
51645 40
51787 0
52116 42
52340 40
53123 0
53283 42
53389 0
53429 42
53563 0
53814 41
54102 41
54154 0
54157 40
54229 40
54616 0
54628 40
55025 0
55177 40
55346 0
55385 41
55746 42
56553 0
56571 41
57360 0
57803 42
57833 0
58150 40
58330 0
58348 42
58662 0
58683 42
59030 42
59525 0
59906 42
60459 0
60628 41
60651 42
60812 0
60895 40
61871 40
62066 0
62135 41
62164 0
62397 41
62406 0
62672 41
62742 42
62754 0
62855 40
63199 41
63542 0
63745 40
64132 0
64430 41
64447 0
64551 40
64651 40
65051 40
65112 0
65226 41
65475 0
65915 42
67448 0
67624 42
67957 0
68267 40
68433 41
68854 42
69010 0
69109 40
70452 0
70587 42
70630 0
70934 41
71153 0
71615 41
71725 41
71827 0
71855 41
72157 0
72336 41
72424 0
72498 41
73322 0
73769 42
73940 40
74236 0
74672 41
74896 0
74910 42
75076 0
75349 41
75352 0
75451 41
75567 0
75770 40
75815 0
75817 41
76111 0
77376 42
77491 0
77551 41
77722 40
78027 0
78350 40
79144 0
79269 41
79432 42
79773 0
80986 40
81857 41
82283 40
82444 0
82681 40
82719 40
82732 0
83412 41
83646 42
83717 41
84303 0
84703 41
85140 41
85158 0
85241 42
85344 0
85535 42
85592 0
85673 42
85953 0
86065 40
86138 0
86155 41
87215 41
87223 0
87459 42
87947 0
88311 42
88528 42
89150 0
89356 41
89983 0
90090 42
90375 0
90445 40
90598 0
90601 42
90928 41
91254 0
91277 40
91805 42
91975 0
92056 42
92150 0
92242 41
92267 42
92431 0
92500 40
92616 0
92654 42
92829 0
93199 40
93429 40
93757 0
94138 42
94143 0
94153 41
94555 0
94995 42
95159 0
95562 41
95840 0
96057 40
96478 0
96693 42
97050 0
97089 42
97124 42
97157 42
97271 0
98167 40
98476 0
98926 42
98962 0
98975 40
99186 42
99525 0
962 events for 14
133 52
169 34
349 0
361 57
426 0
447 57
607 0
647 50
878 0
1130 45
1145 0
1208 52
1272 0
1318 57
1336 0
1391 57
1504 57
1595 0
1611 52
1916 0
2091 52
2160 45
2232 45
2341 50
2392 0
2719 50
2758 0
2953 45
3037 0
3210 34
3255 0
3345 34
3484 0
3488 52
3499 0
3557 34
3592 0
3621 45
3875 0
3959 45
3996 0
4298 57
4331 52
4602 0
4697 34
4788 0
4875 50
4899 0
5257 52
5384 52
5483 57
5510 52
5540 52
5548 0
5884 50
5900 0
5983 34
5990 0
6061 50
6082 0
6147 50
6171 0
6271 52
6294 50
6324 57
6372 0
6660 50
6720 0
6802 52
6806 50
6850 0
6935 34
7235 45
7237 0
7274 57
7517 50
7608 0
7695 57
7700 57
7799 45
7813 0
7814 45
7964 0
7993 45
8009 0
8301 50
8315 57
8327 0
8574 45
9040 0
9071 50
9226 0
9241 57
9656 45
9731 0
9737 57
9859 57
9868 0
9959 52
9967 0
10005 52
10051 0
10087 45
10200 0
10229 52
10266 0
10297 45
10325 45
10562 0
10608 50
10685 0
10710 34
10778 34
10862 0
11129 57
11191 0
11260 50
11286 0
11338 45
11376 52
11434 0
11491 50
11770 0
11818 50
11856 0
11857 45
11925 0
12135 45
12200 0
12221 34
12426 0
12440 50
12555 0
12739 52
12892 0
12960 34
13095 52
13227 57
13355 0
13464 45
13604 0
13861 52
13875 0
13953 57
13995 0
14150 45
14241 0
14258 57
14354 0
14411 57
14494 0
14505 34
14749 50
14915 0
15517 57
15523 0
15529 45
15726 0
15964 45
16010 34
16051 52
16139 0
16209 57
16286 0
16321 57
16398 0
16596 45
16604 52
16664 0
16724 45
17002 0
17055 50
17137 0
17232 50
17273 0
17292 50
17457 0
17469 52
17499 50
17619 0
18116 34
18120 52
18362 0
18446 34
18593 0
18608 52
18640 0
18654 45
18785 0
18861 57
19061 0
19145 57
19217 57
19520 0
19746 50
19810 0
19913 50
20089 0
20107 52
20143 0
20166 57
20374 0
20422 45
20425 45
20461 0
20631 45
20693 0
20705 57
21073 45
21200 0
21224 52
21291 0
21344 34
21470 0
21538 50
21545 34
21676 0
21780 52
21997 50
22048 57
22085 0
22142 52
22228 52
22337 0
22537 45
22570 0
22612 57
22663 0
22694 50
22710 0
22818 52
22954 45
23084 0
23120 52
23133 45
23176 0
23254 50
23362 0
23700 45
23791 0
23990 50
24155 0
24204 52
24262 0
24409 34
24862 0
24961 45
24968 0
24978 50
25047 0
25114 34
25310 52
25335 0
25368 52
25407 0
25582 34
25626 0
25638 52
25651 45
25659 0
25788 45
25857 0
25863 52
25948 0
25957 50
26146 0
26221 57
26262 0
26282 57
26305 57
26416 0
26577 57
26832 57
26836 0
26851 34
26971 0
27020 52
27127 52
27209 0
27235 52
27267 52
27432 34
27446 0
27503 52
27522 0
27799 57
28048 34
28256 0
28261 50
28580 50
28674 0
28805 57
28995 45
29182 0
29279 52
29681 45
30139 0
30161 45
30178 52
30388 0
30496 50
30531 0
30800 50
30862 52
31044 34
31088 0
31107 34
31241 0
31341 50
31610 0
31614 50
31731 0
31741 52
31742 0
31848 52
31944 0
32065 34
32075 0
32137 34
32514 0
32594 57
32653 0
32724 50
32812 57
32949 45
33156 0
33547 45
33689 0
33769 34
33810 52
33854 0
33961 34
33980 0
34067 52
34131 52
34177 0
34536 34
34575 0
34635 52
34958 0
34985 50
35168 0
35293 45
35416 45
35420 34
35525 0
35738 50
35762 0
35859 45
35891 50
36017 0
36555 50
36590 34
36607 45
36969 0
37102 34
37228 0
37621 52
37763 0
37800 45
38070 34
38194 52
38244 0
38322 57
38393 0
38635 52
38771 0
38995 57
39078 52
39164 0
39295 57
39450 50
39538 0
39657 57
39903 0
40136 50
40197 50
40840 0
40914 45
40994 0
41137 45
41212 0
41483 45
41591 0
41592 57
41839 0
41942 45
42019 52
42090 57
42432 0
42468 50
42495 0
42654 52
42727 0
42764 52
42873 0
43025 34
43280 50
43308 0
43349 50
43475 0
43562 34
43587 52
43673 0
43724 57
43992 45
44322 0
44368 52
44381 0
44441 57
44452 0
44456 34
44574 50
44719 57
44756 0
44772 52
44795 0
44841 57
44851 0
45051 34
45103 0
45204 34
45207 0
45272 34
45303 0
45525 50
45534 0
45637 45
45705 57
45753 34
45841 34
45903 52
46059 45
46190 0
46236 34
46237 0
46352 57
46355 0
46427 50
46454 34
46647 0
46763 34
46958 0
47054 34
47256 52
47511 45
47546 0
47614 45
47664 52
47768 0
47790 52
47827 0
47853 57
47938 34
47956 0
48377 50
48449 50
48462 0
48538 45
48692 34
48828 0
48831 34
48913 52
48932 0
48986 45
49208 0
49266 50
49298 45
49404 52
49550 0
49604 45
49778 0
49852 57
49857 0
50002 52
50074 45
50313 0
50560 50
50625 0
50645 57
50781 0
50844 52
50862 34
50902 0
50983 50
51126 0
51208 50
51273 0
51426 52
51632 34
51677 0
51745 34
51804 0
51981 57
52108 0
52504 50
52561 45
52633 0
52753 52
52870 0
52978 50
53004 0
53182 50
53291 0
53296 52
53374 45
53620 0
53730 57
53965 0
54129 57
54219 34
54479 57
54483 0
54558 45
54580 0
54627 52
54667 0
54938 34
55077 50
55265 0
55289 50
55300 0
55346 57
55415 0
55497 34
55642 34
55694 0
55869 50
55959 0
55972 34
56168 0
56174 57
56387 0
56599 50
56640 0
56641 57
56770 0
56825 50
56833 45
56867 0
56881 52
56892 0
56912 52
56915 52
56927 0
56991 52
57081 0
57082 45
57099 0
57238 52
57279 0
57399 45
57477 0
57616 57
57875 0
57996 57
58189 52
58384 0
58394 50
58476 0
58554 52
58564 0
58753 57
58948 0
59058 45
59107 0
59110 57
59477 0
59626 50
59787 0
59819 45
59887 0
59932 57
60112 0
60319 57
60324 0
60432 52
60638 0
60745 45
60757 45
60796 0
60801 57
60940 0
61025 50
61229 45
61272 0
61374 45
61422 52
61468 0
61851 57
61880 50
61926 0
62002 45
62008 50
62029 0
62052 50
62084 0
62144 57
62289 50
62687 0
62928 45
63120 0
63268 57
63274 57
63495 0
63771 45
63808 0
63866 50
63962 0
63969 34
64104 0
64162 52
64378 0
64436 52
64456 0
64458 57
64552 52
64717 0
64750 57
64856 0
64990 34
64991 34
65180 0
65293 50
65354 0
65458 57
65621 0
65627 52
65682 0
65719 50
65788 0
65868 57
65872 45
65885 0
66173 34
66196 0
66234 52
66266 45
66409 0
66472 57
66518 0
66552 34
66576 52
66636 0
66833 50
66984 50
66986 34
67042 0
67057 52
67298 0
67328 57
67463 0
67465 57
67518 0
67573 45
67587 57
67706 0
67797 52
67928 0
68082 34
68234 0
68539 52
68640 0
68680 45
68757 0
68811 45
69404 0
69408 52
69689 0
69769 45
69776 0
70082 57
70133 0
70549 57
70759 0
70823 52
70970 0
71065 45
71074 52
71154 0
71225 45
71388 0
71503 50
71534 34
71563 0
71656 50
71822 57
72071 0
72121 34
72123 50
72282 0
72463 57
72493 0
72565 45
72585 50
72623 0
72630 34
72804 0
72847 52
73028 45
73342 50
73373 57
73393 0
73493 57
73592 0
73695 52
73708 0
73933 52
74070 0
74218 45
74748 0
74762 50
74879 0
75221 52
75234 0
75238 50
75267 0
75356 52
75381 0
75493 52
75542 52
75568 0
75639 45
75671 45
75753 0
76335 45
76423 0
76483 45
76553 0
76875 34
77181 0
77352 57
77546 0
77574 57
77767 0
77830 52
77908 0
78013 52
78219 52
78349 0
78386 52
78526 0
78589 52
78604 0
78788 52
79215 0
79350 34
79427 0
79498 57
79738 0
79764 45
79888 0
79983 50
80167 0
80194 34
80209 34
80220 0
80231 50
80232 34
80348 50
80517 52
80557 0
80590 52
80639 0
80654 52
80695 0
80697 45
80865 0
80976 57
80998 0
81035 52
81111 34
81112 0
81395 50
81523 0
81743 57
81961 0
82119 50
82337 0
82427 50
82464 0
82669 50
82727 0
83049 52
83071 0
83127 57
83157 52
83161 45
83215 34
83219 57
83294 34
83354 0
83554 45
83838 0
83893 34
83925 0
84038 50
84058 0
84080 57
84245 0
84327 50
84472 0
84522 57
84715 0
84723 34
84747 0
84990 52
85114 57
85169 0
85247 52
85260 0
85281 52
85350 0
85355 34
85396 0
85551 45
85620 0
85663 34
85743 0
85745 52
85763 0
85781 45
85973 0
86185 34
86253 0
86428 52
86832 0
87114 45
87131 0
87371 52
87481 0
87671 57
87774 0
87899 52
87979 52
87997 0
88171 57
88235 0
88373 57
88407 34
88603 0
88677 57
88728 0
88962 50
88981 0
89033 50
89045 52
89072 0
89074 52
89126 0
89268 50
89416 0
89530 52
89560 0
89634 57
89672 0
89711 34
89772 52
89783 0
89790 52
89943 0
89944 45
89974 0
90225 34
90280 0
90295 52
90350 0
90433 34
90456 0
90497 52
90641 0
90721 34
91036 45
91122 52
91211 0
91471 52
91483 0
91489 45
91577 45
91608 52
91898 0
92001 34
92057 50
92098 0
92105 57
92118 45
92191 57
92234 0
92270 50
92455 0
92629 57
92738 0
92761 34
93025 0
93082 57
93314 0
93413 45
93644 0
93697 52
93721 0
93803 50
93901 45
93942 0
94013 52
94064 0
94351 57
94695 57
94787 0
94816 45
94845 0
94857 52
94972 0
95172 50
95227 45
95274 0
95357 57
95370 52
95604 57
95838 0
96034 45
96065 45
96276 0
96422 57
96497 0
96581 45
96807 0
96820 34
96824 0
96873 52
96878 0
96920 52
97012 0
97117 52
97336 0
97339 50
97545 0
97700 34
97725 50
97788 0
97817 45
97859 0
97879 34
97907 52
98042 0
98094 45
98202 34
98347 0
98348 50
98374 0
98534 34
98661 0
98716 50
98817 57
98898 0
99063 45
99075 45
99137 0
99305 50
99444 0
99685 57
99873 0
99944 45
547 events for 15
43 34
296 0
714 22
875 0
1094 30
1163 0
1262 34
1333 30
1526 0
2312 34
2385 0
2402 30
2743 0
2788 22
3193 0
3250 34
3346 34
3478 0
3532 30
3776 0
3860 30
3909 0
4361 30
4375 44
4477 0
4840 16
5121 0
5147 30
5193 0
5592 30
5711 0
6439 22
6642 0
6899 30
6949 0
7146 30
7153 0
7164 30
8019 0
8222 34
8417 0
8698 44
8738 0
8808 34
8847 0
9202 34
9214 0
9231 30
9421 0
9616 44
9802 0
9846 30
9994 0
10451 34
10721 0
10771 34
10829 0
11064 30
12148 0
12216 34
12230 0
12301 44
12312 0
12342 16
12427 16
12514 0
12516 30
12616 22
12925 0
12993 30
13139 0
13302 30
13791 30
13876 0
14074 44
14230 0
14297 22
14356 0
14391 30
14595 16
14648 0
14720 30
14745 0
14799 22
15078 44
15124 16
15174 0
15304 44
15453 0
15487 30
15909 0
15919 30
16246 44
16298 30
16455 34
16786 0
16829 34
17483 0
17496 22
17695 0
17967 34
17976 0
18404 34
18646 0
18720 16
19083 0
19183 16
19217 0
19416 30
19605 0
19841 44
20178 0
20332 30
20820 0
20838 22
20883 0
21042 30
21311 0
21375 30
21444 0
21629 30
21722 0
21767 44
22659 0
22746 16
23163 0
23328 44
23330 0
23424 34
23734 30
23885 34
23932 0
24436 34
24712 44
24801 16
25597 0
26128 30
26324 0
26444 16
26522 0
26647 44
27114 0
27354 16
27411 0
27414 34
27489 0
27505 22
27535 0
27589 44
27660 30
27865 0
27961 30
28235 34
28384 0
28611 34
28677 0
28737 16
28769 30
28927 0
29220 22
29278 0
29491 22
29604 0
29931 34
30211 0
30312 16
30336 44
30806 0
30857 30
30963 0
31208 34
31289 22
31291 0
31489 16
31659 0
31811 30
31982 30
32014 0
32021 22
32804 0
33156 34
33676 0
33844 16
34182 0
34496 30
34589 0
34647 44
34691 0
35287 30
35305 22
35639 30
35640 30
35743 0
35916 30
35970 0
36197 22
36359 22
36365 0
36395 44
36423 0
36556 16
36720 34
37004 0
37379 44
37413 0
37837 30
38050 0
38371 16
38628 0
38661 34
38869 16
39177 0
39564 16
39965 0
40559 34
41407 30
41666 34
41734 0
42204 30
42756 0
42838 16
42980 0
43205 30
43727 0
43737 34
43806 44
44124 34
44380 0
44534 44
44619 0
44765 16
45355 0
45396 16
45451 0
45500 30
45648 0
45661 22
45954 0
46549 44
46644 0
46873 30
47063 0
47234 16
47361 34
47785 34
47886 0
48266 16
48329 44
48475 30
48519 44
48927 30
49128 22
49194 0
49313 44
49335 0
49442 34
49450 0
49484 30
49539 0
49558 30
49632 0
49671 34
49899 30
50030 0
50091 22
50194 30
50243 0
50338 30
50647 0
51592 44
51608 30
51618 30
51658 0
51703 44
52528 0
52706 34
52775 0
52885 30
52899 0
52918 22
53061 0
53230 34
53272 0
53576 16
54248 0
54606 30
54657 0
54674 22
55487 0
55873 22
56227 0
56319 34
56341 22
56370 0
56506 34
56780 0
57018 30
57080 0
57159 44
57172 0
57216 44
57410 30
57448 0
57449 16
57898 0
57955 22
57996 0
58127 44
58277 0
58376 22
58454 0
58472 22
58501 0
58702 22
58863 34
58879 0
58954 22
59334 0
59599 30
59614 30
59839 0
59920 44
60206 0
60477 16
60620 22
60675 0
60708 16
60739 0
61426 44
61447 34
61495 22
61514 0
61524 16
61547 0
61687 16
61909 0
61918 30
61959 22
62015 0
62096 30
62216 22
62323 0
62402 22
62514 0
62540 16
62902 0
63356 34
63439 16
63475 0
63800 22
64079 0
64153 44
64326 0
64346 30
64412 0
64425 16
64520 44
64626 0
64642 30
64654 0
64680 30
64734 0
64838 16
64898 0
65487 22
65809 0
65869 44
66037 34
66239 44
66444 34
66465 0
66561 30
66644 0
66787 30
66813 34
67365 0
67422 44
67492 0
67569 16
67620 44
68025 0
68055 34
68066 30
68314 0
68377 44
68461 0
68544 30
68578 0
69203 44
69261 0
69280 22
69282 0
69332 22
69337 0
69712 16
69768 34
69920 16
69941 0
69993 30
70076 0
70312 30
70569 0
70658 44
70728 0
70798 44
70917 0
70973 22
70975 0
71127 34
71261 0
71381 22
71750 30
72008 22
72098 0
72239 44
72363 30
72696 44
72922 0
72929 34
73189 0
73396 16
73476 30
73598 0
73605 44
73706 22
73724 0
73747 22
73935 16
73988 34
74147 0
74339 16
74393 0
74465 30
74535 0
74565 16
74931 0
74989 16
75084 0
75191 16
75302 30
75381 16
75384 0
75613 34
75987 0
76056 22
76227 0
76557 34
76723 30
76841 22
76976 0
77270 34
77309 0
77397 30
77613 0
77889 44
78392 30
78912 0
79094 44
79390 0
79433 16
79546 0
79706 22
80538 16
80639 0
80830 22
81102 0
81266 30
81292 34
81731 16
81733 0
81901 44
81952 34
81987 0
82176 22
82271 0
82741 44
82765 0
83331 30
83399 0
83662 34
83722 0
83867 44
83895 0
84205 34
84313 0
84983 30
85645 34
85742 0
86039 44
86131 44
86269 0
86398 34
87108 0
87367 30
87704 0
88032 34
88606 0
89388 44
89818 0
90248 44
90251 0
90670 22
90783 0
90871 16
91119 0
91232 44
91246 0
91478 44
91521 0
92173 30
92330 16
92338 0
92389 34
92416 0
92754 44
92837 0
93137 16
93268 30
93393 30
93876 0
93912 22
93913 44
93947 0
94004 34
94168 16
94239 0
94982 34
94991 0
95021 30
95356 0
95408 16
95947 0
96281 30
96335 30
96476 34
96601 0
96789 30
96959 44
97096 0
97359 22
97513 0
98130 34
98236 0
98441 34
98551 0
98888 30
99956 0
