24 buffers
301369 45250
171198 2523
420495 59655
239249 31134
107056 8005
257564 31583
386224 22368
325232 53149
458074 40182
317449 33606
193223 8977
329598 55387
199567 34581
200060 25251
67652 10854
171629 5820
198046 10149
322647 15923
375369 8380
272684 3223
243675 45790
214563 23369
272595 37958
231652 14402
40 downlinks
0 375 2500 1096
1 2875 5000 927
2 5375 7500 847
3 7875 10000 962
4 10375 12500 1031
5 12875 15000 945
6 15375 17500 909
7 17875 20000 901
8 20375 22500 777
9 22875 25000 881
10 25375 27500 868
11 27875 30000 820
12 30375 32500 869
13 32875 35000 1138
14 35375 37500 1045
15 37875 40000 986
16 40375 42500 1105
17 42875 45000 800
18 45375 47500 1057
19 47875 50000 1039
20 50375 52500 812
21 52875 55000 830
22 55375 57500 792
23 57875 60000 1147
24 60375 62500 1095
25 62875 65000 881
26 65375 67500 818
27 67875 70000 1067
28 70375 72500 809
29 72875 75000 938
30 75375 77500 894
31 77875 80000 1117
32 80375 82500 1118
33 82875 85000 768
34 85375 87500 814
35 87875 90000 827
36 90375 92500 838
37 92875 95000 1037
38 95375 97500 908
39 97875 100000 1074
828 events for 0
74 85
86 71
139 0
226 85
336 0
440 85
582 0
623 78
667 0
675 78
717 0
911 88
1004 0
1040 78
1443 0
1591 71
1705 0
1842 88
1866 0
2212 78
2246 0
2670 78
2718 0
2724 78
2900 0
3196 88
3276 85
3286 0
3327 88
3329 0
3397 88
3763 78
3929 0
4051 88
4085 84
4226 0
4326 71
4522 0
4523 71
4603 0
4623 84
4633 0
4845 88
5515 0
5644 85
5762 71
5914 0
5954 85
6068 0
6084 85
6247 88
6290 0
6312 85
6323 85
6383 0
6456 85
6551 0
6663 78
6670 84
6850 0
7059 85
7316 85
7406 85
7442 0
7500 88
7564 78
7800 78
7814 78
7967 84
8309 84
8455 0
8564 78
8745 0
8864 88
8877 88
9097 0
9326 78
9387 0
9660 78
9754 88
9960 0
10081 88
10165 0
10181 85
10503 0
10524 84
10791 88
10848 0
10966 84
11044 78
11142 0
11187 84
11278 85
11612 84
11715 0
11781 88
11797 0
11894 78
12238 0
12288 88
12385 0
12521 71
12744 0
12926 84
13027 78
13320 85
13365 78
13576 0
13591 84
13597 71
13750 71
13965 0
13982 71
14130 85
14143 0
14163 85
14180 0
14321 85
14412 0
14578 85
14592 0
14798 88
14837 78
15055 0
15225 78
15283 0
15455 78
15521 0
15592 78
15759 88
15851 71
15862 0
15872 71
16033 0
16246 85
16475 0
16552 88
16638 88
16690 0
17140 84
17212 88
17319 0
17396 78
17440 0
17534 84
17910 0
18000 71
18013 0
18125 85
18169 0
18346 85
18631 0
18754 85
18782 85
18941 0
19182 85
19449 0
19541 84
19622 0
19687 84
19762 0
19842 85
19855 0
19973 84
20000 0
20121 84
20152 84
20754 0
20842 71
21060 71
21281 84
21303 0
21333 84
21608 0
21836 85
22324 0
22502 85
22878 0
23029 78
23064 78
23213 0
23249 71
23273 0
23543 78
23716 0
23801 71
24123 85
24217 0
24264 71
24306 0
24435 71
24670 85
24675 0
25008 88
25096 0
25136 85
25500 0
25541 85
25648 0
25727 71
25745 0
25808 85
25838 0
26000 78
26187 0
26245 78
26496 85
26570 0
26666 84
26675 0
27250 71
27292 0
27377 85
27544 0
27690 88
27768 85
28076 0
28236 78
28250 84
28270 71
28578 0
28841 71
28969 0
29073 88
29398 0
29582 85
29667 0
29788 78
30060 78
30129 0
30356 85
30372 71
30435 0
30475 85
30541 0
30648 78
31093 85
31500 0
31542 78
31980 0
32097 85
32104 88
32120 0
32446 78
32457 0
32466 78
32938 84
32948 0
33155 85
33304 0
33343 85
33437 71
33443 0
33459 78
33465 85
33506 0
33517 71
33526 78
33562 85
33586 0
33597 85
33664 0
33784 85
33936 0
34054 85
34064 0
34299 71
34644 0
34662 88
34706 0
34920 85
34928 0
34989 85
34990 0
35097 78
35109 0
35228 71
35289 0
35389 78
35588 0
35743 84
35772 0
35881 71
35910 0
36204 84
36257 85
36450 88
36525 0
36629 85
36699 85
36768 0
36775 78
36803 0
36873 88
37289 0
37335 85
37671 85
37679 85
37815 84
37834 84
37862 0
37869 85
37904 0
37950 85
38498 0
38503 84
38596 0
38660 85
38916 0
38951 78
39101 0
39319 71
39553 85
39606 0
39788 78
39858 0
40011 88
40126 0
40303 84
40392 0
40490 78
40763 0
40829 88
40918 0
40960 78
40988 84
41026 85
41299 0
41647 85
41656 85
41696 85
41723 0
41991 88
42149 0
42180 85
42187 0
42257 84
42270 0
42509 85
42511 84
42617 78
42655 85
42745 0
42757 85
42906 0
42982 71
43126 0
43185 71
43205 84
43224 0
43243 84
43248 0
43390 84
43428 0
43697 84
43779 0
44050 78
44061 0
44218 85
44306 0
44319 85
44377 0
44541 85
44544 0
44590 88
44812 0
44877 71
44882 0
44913 84
45170 71
45182 0
45238 85
45287 0
45434 88
45510 0
45858 85
46140 84
46238 0
46280 85
46415 0
46636 88
46749 0
46799 84
46993 0
47408 88
47428 84
47654 0
47689 78
47715 0
47779 88
47917 0
48089 88
48145 0
48149 78
48235 0
48265 71
48404 0
48435 85
48510 85
48585 71
48779 0
48890 85
48910 0
49032 85
49079 85
49131 0
49223 85
49293 0
49396 71
49439 0
49444 84
49462 85
49474 85
49497 0
49586 71
49877 88
49893 0
50012 78
50250 0
50327 71
50529 88
50645 0
50992 84
51077 0
51081 88
51360 88
51389 0
51691 71
51922 85
52039 0
52393 88
52398 84
52489 0
52589 85
52645 0
52656 71
52698 0
52865 85
52996 0
53236 88
53242 0
53375 85
53469 0
53910 85
53993 0
54089 88
54124 85
54322 0
54423 71
54578 0
54609 78
54890 0
54929 71
54990 78
55029 0
55037 71
55061 0
55202 88
55217 78
55241 0
55799 84
56090 0
56183 85
56236 0
56310 84
56342 88
56598 0
56781 85
56798 88
56937 85
56942 0
56968 85
57083 0
57185 78
57336 0
57339 85
57420 84
57750 0
57924 88
57949 0
58001 84
58460 0
58552 84
58626 0
58652 71
58670 0
58732 88
58837 85
58838 0
58855 78
59127 71
59179 0
59335 84
59361 0
59475 88
59634 0
59902 71
60046 0
60059 88
60173 0
60183 85
60236 78
60262 0
60367 78
60483 0
60577 85
60907 0
61171 78
61226 78
61264 71
61313 0
61375 85
61566 0
61665 85
61839 0
62140 85
62146 0
62206 78
62218 0
62260 78
62290 0
62331 88
62336 0
62378 78
62457 85
62498 0
62547 88
62585 0
62925 78
62990 88
63021 0
63134 85
63159 78
63161 0
63231 71
63355 0
63359 78
63591 0
63867 88
64040 0
64188 84
64245 78
64591 0
64669 85
64716 71
64749 88
64789 0
65204 78
65379 0
65396 85
65483 0
65758 78
65883 0
65917 71
65978 85
66184 0
66223 71
66559 0
66614 85
66773 0
66802 78
66814 85
66915 85
67038 85
67078 0
67199 85
67366 0
67367 85
67396 0
67418 71
67441 0
67448 71
67474 85
67579 0
67625 85
67664 88
67760 0
67787 78
68441 0
68508 71
68516 78
68573 0
68868 78
69198 0
69265 85
69292 84
69504 0
69683 78
69776 0
69911 85
69922 0
69937 78
70114 84
70404 0
70618 85
70621 78
70703 0
70707 85
70749 0
70789 88
70835 0
71040 85
71435 0
71453 85
71490 0
71751 71
71766 0
72075 88
72284 0
72295 85
72386 0
72597 78
72735 0
72802 85
72980 0
73162 85
73259 0
73265 84
73328 0
73379 88
73551 0
73557 84
73614 71
73757 0
73918 78
73972 0
73982 85
74180 0
74312 88
74333 0
74425 88
74531 85
74620 0
75138 71
75150 0
75151 88
75279 84
75308 85
75459 0
75471 78
75490 88
75508 0
75651 71
75764 85
75850 0
76114 85
76230 0
76282 85
76401 71
76433 88
76814 0
77134 85
77347 0
77406 88
77444 0
77769 85
77883 71
77905 0
77941 85
78035 85
78122 0
78570 85
78606 0
78683 84
78714 0
78892 78
78984 0
79081 78
79170 0
79538 85
79810 0
79816 71
80040 0
80880 85
81587 0
81759 84
82048 0
82150 78
82545 0
82680 84
82851 88
82881 88
83012 85
83047 0
83187 85
83281 0
83367 71
83368 0
83403 71
83483 0
83555 85
83786 0
83801 88
83848 0
83900 78
83910 85
83983 84
83989 0
84206 84
84331 71
84355 84
84448 0
84541 85
84599 88
84611 0
84626 85
84671 0
84770 71
84872 0
84957 84
84990 85
85192 88
85467 85
85852 85
86195 85
86196 0
86200 78
86340 84
86392 0
86665 84
86793 78
86835 0
86841 71
86914 84
86934 0
86966 88
87137 0
87155 88
87208 0
87216 78
87221 0
87263 84
87308 0
87406 71
87530 0
87657 85
87689 0
87924 78
88096 0
88173 85
88224 84
88296 78
88322 0
88327 71
88354 0
88463 88
88483 0
88879 84
89259 0
89367 78
89469 0
89501 71
89614 0
89731 71
90298 84
90350 0
90576 71
90678 0
90741 88
90790 0
90990 71
91128 0
91349 85
91426 85
91456 0
91544 85
91562 0
91708 71
91722 0
91829 88
92045 0
92128 88
92130 0
92185 88
92309 88
92373 0
92381 78
92419 71
92440 0
92545 84
92601 0
92672 85
93108 84
93263 0
93669 71
93919 84
93923 84
94040 88
94055 0
94174 88
94209 0
94287 78
94354 71
94657 0
94857 78
94995 78
95047 0
95293 78
95307 0
95390 71
95400 84
95420 0
95484 71
95549 0
95571 85
95605 85
95649 0
95665 71
96363 0
96924 71
97260 88
97305 71
97548 85
97736 0
97756 84
97860 78
98018 0
98090 88
98205 0
98572 88
98729 0
98754 85
98833 0
98963 85
99216 85
99413 0
99556 88
99789 0
159 events for 1
613 27
618 0
843 38
1352 38
1546 43
1964 0
3486 38
4151 0
4197 27
4219 0
4466 43
4595 38
5081 0
5243 38
9850 0
12521 27
12602 0
13321 27
14241 0
14532 27
14829 38
14870 0
14905 43
15036 0
15168 38
15192 0
15531 43
16184 38
16324 0
16396 43
16503 0
16514 27
16938 0
17059 43
17739 0
18188 43
18817 0
18952 27
19243 27
19759 0
20543 38
20764 43
21622 0
22215 43
23246 0
25658 43
25906 0
26415 27
27680 0
27750 43
28839 0
29153 27
29509 0
29827 43
32293 0
32466 38
32573 0
32900 43
33806 0
33872 38
34197 0
34249 43
34423 0
34938 43
35085 0
35226 43
35268 0
36241 27
36383 0
37023 38
37360 0
38329 27
39723 0
40033 27
40035 0
40087 38
40222 38
42081 0
43237 38
43404 0
44067 43
44162 27
45261 0
46706 38
47171 0
47240 27
47433 0
48166 27
48193 0
48789 38
49247 0
49324 43
49571 43
49969 0
50019 27
50112 0
51385 38
51435 0
51580 38
52180 0
53213 43
53976 0
54670 43
54891 0
55957 27
58709 0
58908 27
60943 27
61396 0
61445 43
63069 0
65783 38
65923 0
66014 43
67957 0
68512 38
68910 0
68955 38
70557 0
70832 27
71025 43
71782 0
72621 43
74379 38
75882 0
76255 27
80734 0
81033 27
81445 0
81597 38
81704 27
81851 27
81954 0
82255 38
82535 0
82709 27
82746 0
83155 43
84036 0
86109 38
87323 0
87437 38
88443 38
88546 0
89744 38
89855 0
90487 27
90886 0
91582 27
91687 0
92188 27
93383 0
93527 43
94357 0
95631 27
95700 0
96787 43
97393 0
97428 38
539 events for 2
74 82
136 0
458 86
882 0
899 86
1437 0
1720 89
1750 0
1761 77
2121 0
2208 77
2268 0
2406 78
2453 78
2501 0
2568 78
3131 86
3350 86
3562 86
3578 0
3701 86
4150 0
4292 77
4466 0
4759 86
5111 0
5408 89
5445 0
5452 77
5818 0
6004 82
6586 0
6793 78
6845 77
7373 0
7419 78
7483 89
7804 82
7938 0
8058 82
8127 0
8141 78
8285 89
9100 82
9464 0
9728 78
9830 0
9865 77
9924 0
10335 86
10445 78
10510 0
10524 77
10614 0
10706 82
10897 0
10988 77
11061 0
11104 89
11124 0
11156 86
11857 77
12013 89
12057 0
12423 82
12762 78
12860 0
13259 77
13747 77
14046 0
14274 86
14631 0
14666 77
14936 78
15221 0
15242 77
15278 78
15624 77
15644 0
15856 77
15911 82
15924 82
15933 0
15939 89
16238 86
16277 0
16326 78
16410 77
16458 77
16527 0
16550 82
17281 0
17286 86
17848 0
17896 89
18010 0
18161 89
18171 0
18187 77
18257 86
18340 0
18484 89
18883 0
19086 89
19280 0
19684 86
19744 86
19780 89
20033 0
20191 86
20248 0
20343 89
20391 0
20544 78
20809 82
20858 0
21003 77
21116 82
21300 0
21534 86
21952 0
21971 82
22027 0
22821 89
23011 86
23257 0
23547 82
23719 78
24197 0
24367 86
24414 89
24761 0
24792 89
24850 0
24870 78
25104 0
25592 86
25840 82
25950 77
25988 78
26436 0
26578 77
26619 0
26686 78
27096 82
27238 0
27719 82
27766 0
27926 86
27957 0
28007 77
28140 78
28525 0
28623 86
28804 82
28994 0
29029 82
29081 0
29166 82
29730 0
30052 77
30108 82
30126 82
30418 0
30446 82
30745 0
30746 82
30765 0
31060 89
31278 0
31938 78
31953 0
32003 78
32253 0
32310 82
32689 0
33078 77
33511 0
33512 89
34065 0
34117 78
34156 0
34277 89
34537 0
34842 89
35454 0
35994 86
36259 77
36451 0
36548 82
36863 77
37022 78
37611 0
37660 82
37705 0
37796 78
37989 86
38151 78
38180 0
38603 89
38708 0
38831 89
38998 0
39137 77
39138 0
39216 77
39320 0
39329 78
39372 0
39392 82
39595 0
39623 78
39722 0
39761 86
39878 0
39934 86
40222 0
40553 82
40720 0
41006 89
41088 78
41157 89
41280 0
41472 78
41527 0
41539 86
41542 0
42424 78
42448 89
42624 0
42897 82
43123 0
43223 78
43636 0
43667 77
43814 0
43857 77
43988 0
44542 82
44714 0
45074 82
45203 0
45350 77
45483 82
45709 89
45735 86
45910 0
46357 82
46444 77
46496 0
46726 77
46806 82
47029 0
47391 78
47881 82
48140 0
48340 89
48419 0
48708 86
49010 0
49350 86
49358 82
49871 0
49911 82
49943 0
50292 77
50659 77
50729 0
51122 78
51130 0
51304 78
51323 0
51339 89
51444 82
51505 82
51644 0
51761 82
51836 0
51905 78
51985 0
52153 82
52166 0
52359 77
52741 0
52832 78
53057 0
53170 89
53601 0
53763 77
53986 0
54346 77
54379 0
54803 86
54866 0
55049 78
55167 82
55330 0
55438 77
55512 89
56261 82
56288 0
56340 89
56705 0
56976 86
57450 77
57642 0
57886 78
57909 0
58024 78
58069 0
58142 77
58262 0
58290 86
58294 0
58504 82
58611 0
58672 78
58745 86
58968 77
58989 0
59216 78
59479 0
60174 89
60276 77
60281 0
60507 86
60753 0
60843 82
60849 0
61017 78
61258 0
61267 78
61268 0
61319 86
61590 0
61594 77
62035 86
62055 89
62099 0
62177 78
62182 0
62290 77
62319 0
62364 86
62377 0
62496 82
62597 86
62641 0
62653 78
62955 0
63227 86
63272 78
63465 0
63721 89
63934 0
64094 78
64314 77
64327 0
64797 89
65035 78
65087 82
65322 0
65760 78
65908 0
66187 78
66494 0
66565 78
66799 89
67082 86
67270 0
67292 78
67385 0
67652 89
67671 82
67745 0
67833 86
68191 78
68284 86
68363 0
68471 77
68569 0
68713 82
69578 0
70643 89
70970 0
71017 78
71432 0
71776 77
71870 86
71990 82
72093 0
72162 77
72304 82
72740 0
72945 78
73095 0
73254 82
73662 82
73730 0
73856 78
73981 0
74304 77
74508 0
74974 82
74986 0
75029 78
75349 82
75456 0
75752 82
75805 78
75977 0
76033 78
76273 0
76452 89
76580 0
76747 89
76859 0
76872 82
77544 0
77632 86
77700 0
77922 89
78057 0
78175 78
78216 0
78612 86
78660 0
78749 89
78845 82
79209 0
79828 89
79985 0
80445 89
80468 0
80488 77
80538 89
80838 86
81393 0
81559 86
81722 77
81753 78
81774 0
82030 78
82276 0
82647 89
82653 0
82692 86
82870 0
82900 78
82938 0
83193 89
83271 0
83276 82
83400 0
83895 78
84178 0
84239 82
84258 0
84276 82
84515 0
84889 78
84968 82
85108 77
85211 0
85386 86
85429 0
85485 89
85671 82
85699 0
85948 78
86017 0
86142 86
86202 0
86317 77
86347 0
86674 78
86922 0
87011 89
87132 0
87471 86
88002 0
88078 82
88127 0
88203 89
88325 0
88463 89
88919 0
89268 78
89740 78
89877 0
89914 82
90141 86
90392 0
90575 89
90951 86
91037 0
91071 89
91091 0
91556 77
91744 82
92113 0
92305 77
92394 0
92436 77
92504 82
92780 89
92866 0
93571 77
93636 82
93736 0
93932 86
93941 0
93970 77
94258 0
94813 82
94816 86
95113 0
95137 89
95206 0
96496 86
96733 0
97002 78
97443 0
97554 89
97679 0
97803 78
97818 0
97870 78
98408 86
98795 0
98842 82
98965 0
98979 89
99195 0
99217 78
99362 0
99510 82
99650 78
99775 0
764 events for 3
67 41
98 0
234 41
552 0
687 41
758 41
773 0
923 41
971 0
991 41
1042 39
1060 0
1110 40
1329 39
1547 0
1705 39
1794 0
2041 40
2162 41
2191 0
2261 42
2325 42
2345 40
2484 0
2687 41
2903 40
3593 0
3601 42
3665 0
3675 41
3938 0
4026 39
4042 0
4089 39
4199 0
4271 42
4348 41
4364 0
4376 41
4437 41
4476 0
4597 41
4602 0
4828 42
4870 0
4965 41
5009 42
5045 0
5139 40
5240 0
5452 41
5523 42
5754 39
5785 39
5974 0
5995 40
6083 0
6129 42
6180 42
6306 40
6316 0
6486 42
6567 42
6907 41
6925 0
7125 40
7419 0
7459 41
7520 39
7694 0
7819 41
7831 0
8116 40
8129 0
8405 39
8488 0
8555 41
8736 42
8839 41
8875 0
8914 40
8972 0
9111 40
9474 0
9709 41
9747 0
9768 39
9861 0
9863 41
9894 0
10222 40
10315 0
10510 40
10574 0
10633 42
10915 0
11004 41
11097 0
11175 40
11410 0
11731 40
11745 0
11777 39
11842 0
11965 40
12187 0
12303 42
12769 0
12844 40
12917 0
13046 42
13102 0
13148 40
13252 0
13419 41
13617 0
13644 40
13762 0
13934 42
14034 40
14037 0
14084 41
14216 0
14312 41
14497 41
14582 0
14881 39
14974 0
15244 42
15264 41
15427 0
15465 40
15513 0
15698 42
15792 39
15828 0
15911 42
16396 0
16480 39
16600 41
16723 42
16849 0
16869 41
16873 40
17068 42
17087 0
17162 41
17338 0
17341 41
17384 0
17418 41
17519 0
17648 41
17744 41
18050 0
18088 41
18268 40
18345 0
18424 41
18583 0
18675 40
18736 0
18801 42
19007 0
19023 42
19036 0
19094 41
19266 0
19444 40
19502 0
19565 39
19678 41
20023 0
20331 41
20459 0
20614 41
21064 0
21128 42
21178 0
21182 42
21221 41
21450 0
21506 41
21539 0
21540 41
21592 40
21929 42
21950 41
22134 40
22292 0
22463 41
22822 0
22896 41
22949 0
22955 40
23046 0
23224 42
23396 40
23397 0
23517 42
23586 41
23624 0
23638 41
23660 0
23664 41
23985 0
24297 42
24320 41
24567 0
24621 41
24713 0
24742 42
24825 0
24857 41
24860 0
24914 41
24963 0
25271 41
25465 40
25580 42
25874 0
25978 42
26119 0
26201 42
26334 0
26369 42
26712 41
26956 0
26962 41
26998 0
27010 40
27054 0
27125 41
27349 41
27459 0
27461 42
27651 41
27990 0
28349 42
28555 0
28561 42
28610 0
28730 42
29045 0
29066 39
29082 0
29304 40
29344 0
29396 42
29452 0
29471 42
29762 41
29916 0
29939 41
30112 0
30183 40
30190 0
30235 41
30422 0
30906 41
31019 0
31032 40
31121 41
31128 41
31201 0
31512 41
31582 42
31605 0
32069 41
32237 42
32268 41
32600 0
32611 42
32656 0
32738 42
33039 40
33848 0
33867 42
34241 0
34396 41
34439 0
34591 41
34812 42
34969 0
35029 41
35104 0
35185 42
35213 40
35329 0
35345 42
35819 41
35846 0
36346 42
36364 0
36734 41
36766 40
36875 42
36929 0
37171 41
37421 41
37637 0
37647 41
37674 0
37684 40
37805 0
38028 42
38049 40
38134 40
38157 0
38223 42
38357 0
38490 41
38732 0
38837 41
39194 41
39204 0
39545 42
39566 41
39592 0
40003 41
40276 0
40290 41
40492 0
40741 41
41086 42
41178 41
41246 0
41347 41
41369 41
41379 42
41757 42
41943 0
42066 42
42132 41
42133 0
42143 41
42425 0
42478 40
42713 0
42776 41
42830 41
42933 0
43207 41
43548 0
43603 40
43765 40
43835 0
44087 40
44115 0
44187 41
44197 40
44496 0
44785 42
44820 0
44842 41
44960 40
44961 0
44968 42
45121 41
45170 0
45257 42
45290 0
45346 42
45365 0
45433 41
45439 0
45545 40
45562 0
45597 42
45682 40
45789 42
45988 40
46053 41
46097 41
46377 0
46526 41
46530 0
46692 41
46954 0
46980 41
47013 0
47188 41
47332 0
47333 41
47866 0
47871 39
48155 0
48285 41
48432 0
48502 40
48546 40
49111 40
49284 41
49335 42
49482 41
49496 0
49569 41
49712 0
49791 42
49938 42
50237 0
50246 40
50491 0
50539 42
50715 0
50925 42
51017 0
51088 39
51256 41
51414 0
51555 41
51590 0
51596 40
51874 0
51951 40
52154 39
52205 39
52235 0
52350 42
52448 40
52497 0
53150 41
53259 41
53326 0
53347 42
53409 42
53498 0
53515 41
54053 41
54057 0
54094 41
54648 0
54687 39
54722 0
54805 41
54907 0
55055 39
55087 0
55122 40
55270 39
55410 0
55445 42
55584 42
55626 0
55689 40
55743 0
55906 41
55991 0
56001 40
56008 0
56097 40
56171 0
56477 40
56923 0
56963 42
56992 0
57005 42
57055 40
57351 41
57615 41
57775 0
57785 40
57791 0
57978 41
58083 0
58216 41
58235 41
58250 0
58783 39
58994 0
58996 39
59472 0
59550 41
59602 40
59718 0
59925 40
60114 0
60219 41
60463 40
60489 0
60541 40
60570 40
60574 0
60707 40
61148 0
61186 41
61413 42
61480 0
61655 40
61796 39
61895 40
61906 41
61918 0
61955 42
61963 0
61974 42
62002 0
62111 41
62158 0
62465 42
62478 0
62674 41
62889 40
62967 41
63028 0
63090 41
63260 0
63261 39
63576 39
63588 0
63608 41
63688 0
64141 40
64284 0
64377 41
64789 0
64821 42
65036 40
65176 0
65191 40
65404 0
65555 41
65744 42
65752 0
65763 39
65843 0
65855 41
65947 0
66106 41
66512 39
66765 0
66830 42
66939 41
67365 0
67418 41
67525 39
67555 0
67576 42
67685 0
67866 41
67886 0
68082 42
68208 0
68241 42
68673 42
68687 0
68700 41
68776 41
68791 0
68876 40
68901 0
69089 41
69184 0
69215 40
69411 41
69551 0
69621 41
69884 41
69973 41
70265 0
70534 40
70602 42
70651 40
70814 0
70905 41
70951 0
71118 40
71154 0
71232 41
71317 42
71539 0
71629 42
71634 0
71788 42
71862 0
71926 41
72022 41
72138 0
72225 42
72639 0
72789 41
72862 41
72869 0
73148 41
73395 0
73537 42
73561 0
73820 41
73854 42
74640 0
74677 42
74719 42
74781 0
75031 40
75084 0
75143 41
75279 0
75388 41
75616 0
75627 42
75692 0
75774 41
75852 0
75949 42
76012 41
76353 0
76401 39
76529 0
76765 42
76843 41
76922 0
76991 42
77218 0
77220 42
77283 0
77501 40
77742 0
77760 40
77941 41
78474 40
78684 39
78694 0
78755 39
79148 0
79232 42
79279 41
79363 41
79374 0
79453 42
79617 42
79671 0
79801 42
79816 0
79825 41
79835 0
79870 41
80039 0
80043 42
80135 41
80390 42
80432 0
80583 40
80664 0
80943 41
81079 0
81126 40
81276 41
81368 0
81372 40
81591 0
81890 42
82003 0
82505 40
82810 0
82982 40
83021 0
83324 42
83383 41
83592 0
83774 40
83899 0
83907 42
83945 0
84293 42
84370 0
84418 41
84484 0
84542 41
84546 0
84749 41
84764 0
84857 41
85002 0
85309 41
85333 41
85392 0
85973 41
85987 0
86074 41
86219 0
86230 42
86376 41
86404 0
86494 41
86704 0
87284 41
87403 0
87741 41
87800 0
88381 42
88394 0
88543 42
88824 0
88825 41
88851 0
88871 41
88919 0
89001 41
89106 40
89174 0
89207 42
89440 0
89494 40
89780 0
89899 41
89948 0
90276 42
90398 0
90421 42
90617 0
90647 42
90719 0
90932 42
90989 0
91070 40
91227 0
91246 40
91249 42
91803 41
91850 41
91876 41
92249 39
92251 0
92282 39
92419 0
92795 41
92918 42
93159 41
93167 39
93368 41
93371 0
93484 41
93576 0
94190 41
94269 0
94951 41
94996 41
95115 0
95440 41
95648 0
95656 41
95937 42
96142 0
96276 39
96340 41
96595 0
96970 40
97145 0
97180 42
97411 42
97594 40
97705 41
97723 41
98202 0
98475 41
98898 42
98990 0
99048 42
99311 0
99573 41
99592 0
99601 41
99602 41
99696 0
910 events for 4
69 36
76 0
206 38
475 26
500 0
547 26
602 29
750 0
768 38
968 0
997 36
1079 0
1111 33
1146 36
1314 38
1620 0
1626 33
1751 0
2058 26
2061 0
2190 26
2236 0
2262 26
2359 0
2372 26
2400 0
2602 33
2605 36
2849 26
2983 0
3007 38
3157 0
3352 26
3476 29
3563 0
3573 29
3926 33
4039 36
4099 0
4208 33
4331 0
4415 33
4763 0
4845 33
4929 0
4976 36
5002 0
5016 29
5046 36
5105 36
5135 0
5144 26
5387 0
5468 36
5512 38
5699 0
5759 38
5819 0
5851 33
5952 0
6061 33
6120 0
6146 38
6178 36
6201 0
6216 38
6369 0
6440 36
6473 0
6546 29
6596 29
6621 33
6773 29
7071 26
7196 0
7529 33
7580 0
7603 38
7786 33
7962 0
8081 29
8200 38
8286 0
8372 36
8468 0
8474 36
8523 36
8736 0
8855 36
8950 38
8975 0
8999 29
9015 0
9166 26
9261 36
9308 0
9429 33
9432 38
9454 0
9464 38
9524 0
9586 26
9627 26
9877 0
9915 29
10062 33
10217 33
10527 0
10691 29
10863 36
11045 0
11114 36
11153 0
11248 26
11351 0
11400 29
11548 0
11763 29
12119 0
12203 36
12372 0
12378 29
12403 0
12497 29
12702 0
12710 29
12847 0
12893 36
13045 0
13167 36
13215 0
13281 36
13316 38
13555 0
13810 38
13842 0
14055 36
14132 0
14293 26
14499 38
14632 29
14807 33
14850 36
14854 0
14878 36
15223 0
15256 29
15278 0
15389 26
15489 0
15872 26
16462 0
16467 26
16736 0
16876 26
16987 33
17205 0
17304 36
17428 0
17512 36
17631 0
17657 26
17828 0
17946 26
17966 0
18080 36
18149 0
18248 26
18284 33
18382 0
18407 33
18507 0
18760 38
18798 0
18954 33
19037 0
19105 33
19182 0
19216 33
19325 0
19371 29
19466 0
19728 38
19817 0
20037 33
20074 0
20172 38
20198 0
20417 33
20599 26
20690 0
20785 26
20819 0
20821 36
20830 29
21210 0
21221 38
21223 33
21233 0
21254 33
21275 36
21731 29
21969 0
22238 33
22313 38
22437 36
22680 0
22704 33
22797 29
22874 38
23338 0
23410 36
23429 0
23494 38
23719 0
23845 26
23868 0
23958 26
24026 0
24284 29
24285 0
24293 33
24665 29
24722 26
24874 36
25026 0
25125 29
25133 0
25227 38
25327 0
25380 36
25487 0
25526 38
25540 0
25685 33
25830 0
25969 36
26338 0
26508 26
26559 33
26560 36
26773 29
26962 0
27190 33
27297 36
27450 26
27980 0
28016 38
28144 0
28161 29
28262 0
28531 26
28880 0
28908 33
28927 0
29032 38
29057 0
29059 29
29074 0
29079 33
29215 0
29480 36
29489 0
29535 36
29595 0
29630 26
29707 0
29977 36
30044 29
30146 0
30239 36
30251 0
30360 33
30508 38
30583 36
30635 36
30685 0
30763 38
30869 0
31019 33
31362 0
31370 36
31456 33
31565 0
31572 26
31676 0
31759 38
31773 0
31902 38
31967 26
31973 0
31999 38
32008 0
32096 33
32119 0
32250 33
32300 0
33013 38
33031 0
33152 38
33282 0
33375 26
33508 0
33688 26
33850 0
33884 38
33919 0
33930 38
33967 26
34178 0
34504 38
34650 0
34663 29
34681 0
34839 36
34843 0
35024 33
35060 26
35072 0
35198 26
35248 0
35400 33
35449 0
35502 29
35618 0
35774 33
35808 0
35820 26
35917 0
36080 33
36105 0
36311 29
36512 0
36568 29
36641 0
36713 26
36838 33
37329 29
37464 0
37560 26
37662 0
38033 36
38121 0
38152 29
38162 0
38174 26
38308 0
38405 29
38500 36
38677 0
38700 26
38796 38
38876 0
38998 36
39433 0
39562 33
39829 0
40065 26
40228 0
40459 26
40482 29
40486 33
40527 0
40798 38
40863 0
41012 29
41026 0
41447 26
41450 29
41761 38
41920 0
41938 36
41988 0
42055 33
42161 0
42185 26
42197 36
42312 0
42354 38
42682 0
42687 26
42703 0
42955 26
43163 36
43283 33
43291 29
43373 0
43480 36
43508 26
43537 0
43772 36
43794 26
43878 0
44028 36
44143 0
44149 38
44154 0
44286 36
44571 29
44576 0
44684 38
44702 0
44711 33
44865 0
45363 38
45408 0
45770 33
45891 0
45948 36
45975 36
45996 26
46012 0
46092 38
46107 0
46184 33
46254 33
46267 0
46312 26
46343 0
46355 36
46736 0
46750 38
47061 0
47183 26
47257 0
47339 26
47551 36
47570 33
47595 33
47620 38
47635 38
47666 0
47687 38
47777 0
47873 29
48014 29
48113 0
48114 26
48296 0
48340 29
48349 38
48533 33
48707 0
48709 36
48735 0
48814 38
48891 33
48924 0
48965 29
49033 36
49077 0
49341 26
49382 0
49622 29
49762 0
49820 26
49983 0
50235 36
50543 0
50722 36
50910 0
51229 29
51370 29
51440 0
51542 26
51558 33
51651 29
52004 29
52359 0
52438 36
52444 0
52586 36
52630 0
52655 29
52692 0
52780 36
53018 36
53068 38
53110 0
53180 36
53298 0
53329 38
53546 0
53700 29
53820 0
53828 36
53842 0
53966 33
54019 0
54081 38
54117 26
54219 0
54361 36
54439 0
54637 38
54815 33
54821 36
55039 38
55314 0
55469 26
55789 36
55856 33
55956 26
55968 0
55974 36
56249 29
56296 0
56316 26
56368 0
56388 29
56515 0
56570 29
56643 0
56734 33
56787 0
56790 26
56839 0
56855 26
57057 38
57522 36
57794 0
57949 36
57962 0
58171 26
58202 0
58225 33
58326 38
58435 0
58457 29
58498 26
58623 0
58659 38
58660 33
58969 0
59097 29
59173 0
59181 33
59197 0
59331 38
59416 36
59557 0
59616 36
59888 0
60074 33
60131 0
60198 36
60447 29
60527 0
60551 29
60823 36
60832 0
61017 26
61022 0
61025 36
61039 0
61044 29
61122 0
61137 38
61170 0
61213 33
61248 33
61262 0
61266 36
61526 26
61569 33
61687 0
62031 26
62082 0
62151 26
62272 0
62298 33
62714 26
62820 36
62821 0
62857 26
62893 0
63035 33
63169 0
63214 33
63295 0
63351 36
63582 0
63746 38
63803 26
63836 0
64106 36
64242 0
64265 26
64368 0
64573 29
64749 0
64875 26
64916 0
65250 36
65269 0
65369 38
65386 26
65459 0
65885 38
65936 0
65946 33
66027 0
66135 33
66181 38
66387 26
66540 33
66806 26
66901 0
66916 29
66957 38
66976 0
67176 29
67225 0
67689 26
67792 0
67977 36
68042 26
68075 0
68103 33
68292 0
68310 33
68432 0
68441 29
68458 29
68545 0
68572 26
68715 26
68832 33
68911 0
69221 26
69379 0
69455 36
69628 0
69635 26
69713 0
69726 33
69730 26
69814 0
69816 29
69917 0
69984 38
70132 0
70308 38
70416 0
70622 36
70943 33
71002 0
71019 33
71126 0
71162 38
71373 38
71521 0
71620 33
71782 0
72228 36
72268 0
72274 29
72571 33
72620 0
72655 26
72692 0
72732 36
72735 29
72899 0
72929 33
73168 0
73222 36
73342 0
73455 33
73523 0
73675 38
73676 26
73702 26
73997 33
74239 0
74293 26
74349 0
74433 36
74575 0
74647 33
74693 0
74935 33
75111 0
75328 29
75616 38
75805 0
75810 29
75815 38
75850 0
75906 29
75939 0
75977 33
76007 0
76226 38
76482 0
76664 29
76665 0
76814 38
77111 0
77331 29
77431 0
78173 36
78248 0
78628 38
78642 0
78804 29
79014 0
79183 33
79227 36
79374 0
79417 33
79423 0
79428 29
79535 0
79550 29
79664 0
79709 36
79832 0
80074 29
80213 0
80335 29
80442 38
80577 0
80674 38
80880 33
81180 0
81185 26
81392 0
81548 29
81896 0
81943 26
82101 0
82233 36
82404 0
82561 29
82606 26
82609 29
82769 0
82773 29
82784 38
82944 0
82975 38
82979 0
83088 38
83106 0
83142 26
83147 0
83412 29
83755 0
83813 38
83870 26
83887 0
83943 26
83949 0
83968 26
84027 0
84033 26
84054 29
84193 0
84212 26
84272 0
84302 38
84666 0
84677 38
84752 0
84776 33
84851 36
85142 36
85373 29
85503 33
85519 26
85579 26
85584 33
85949 26
86140 38
86142 0
86194 33
86363 0
86394 33
86542 0
86797 36
86837 0
86858 29
86930 36
87202 26
87296 0
87397 26
87588 0
87598 33
87631 0
87681 26
87771 36
87778 0
87856 29
87892 0
87991 38
88113 0
88289 33
88416 38
88431 29
88621 33
88700 38
88739 0
89109 29
89233 0
89276 33
89338 0
89457 38
89713 33
89731 0
89742 29
89844 0
89917 33
90105 0
90131 36
90210 0
90339 38
90529 0
90559 29
90630 0
90708 33
90719 0
90773 33
90778 0
90813 33
91017 29
91166 0
91225 36
91394 0
91397 26
91483 0
91519 38
91564 0
91620 29
91718 0
91829 38
91919 0
91964 36
92088 38
92178 0
92220 38
92262 0
92413 36
92420 0
92782 33
92869 0
93063 29
93092 0
93120 26
93194 0
93363 38
93454 38
93486 0
93578 36
93723 38
93891 0
93896 29
93986 0
94266 26
94313 36
94489 0
94535 33
94583 0
94601 26
94794 0
94935 38
95128 0
95144 26
95230 0
95530 33
95613 0
95691 33
95841 36
95861 0
95877 36
95937 29
96134 0
96225 38
96429 0
96676 29
96719 0
96727 36
96749 0
96881 26
96894 0
96964 29
97242 0
97591 26
97834 26
97940 0
98032 38
98291 0
98390 26
98408 0
98485 33
98486 0
98500 26
98589 36
98792 38
99224 38
99265 0
99271 38
99438 0
99476 29
99639 0
99657 26
99746 26
99831 0
99891 26
99914 0
134 events for 5
1100 84
1461 84
1613 0
1629 84
1766 0
2331 84
2953 0
3669 74
3806 0
3979 84
4575 0
5949 74
8041 0
10271 84
10419 0
11120 84
12844 74
13906 74
14472 0
14581 74
15488 0
16615 74
17295 0
20830 84
21689 74
21719 74
21791 0
22184 84
23185 0
23409 84
23697 74
24018 0
24589 84
25892 74
26869 0
27791 74
27880 84
28253 0
30660 84
31094 0
31648 74
31923 74
32175 0
32532 84
33466 74
33564 74
33970 0
34605 84
36806 0
37873 84
38670 0
39086 84
41839 0
41957 84
42121 0
43017 74
44396 0
44683 74
45320 0
45436 84
45852 74
46175 0
47185 74
48927 74
50081 0
51636 84
52035 0
52764 84
53219 0
53462 74
56118 0
57208 74
57873 0
59022 84
59258 0
59444 84
59819 0
59864 74
61109 0
61355 84
61924 0
62658 84
63439 84
63448 0
63543 84
64758 0
65088 84
65941 74
66583 0
67404 74
68232 0
68296 84
68313 74
68786 0
69815 84
69906 0
70207 84
70614 0
70862 74
72212 0
72554 84
72769 0
73083 84
73694 0
74064 74
74226 0
74358 74
76304 84
77362 0
78105 74
79072 0
79921 84
80053 74
80242 84
80595 84
80729 0
83050 74
83587 0
83656 74
86982 0
88996 84
89470 0
89580 84
90710 0
92970 74
94836 0
95078 84
95096 0
96672 74
96745 84
97633 74
98042 84
99193 0
99912 84
298 events for 6
53 73
616 0
695 73
749 0
857 73
1186 0
1516 73
2591 0
3025 73
3300 0
3779 73
4467 73
4480 73
4645 73
5072 73
5306 0
5658 73
6163 73
6308 73
6840 0
7141 73
7760 0
8527 73
8743 0
8964 73
9334 0
9697 73
9798 0
10121 73
10504 73
10907 73
11183 0
11990 73
12008 0
12024 73
12311 0
12639 73
12907 0
13308 73
13907 0
13984 73
14166 0
14179 73
14180 0
14273 73
14626 73
14983 0
15590 73
15599 0
15660 73
15942 73
16102 0
16652 73
16690 73
17323 0
17464 73
17527 73
17921 73
18423 0
18695 73
18836 0
19231 73
19331 0
19709 73
19832 0
20480 73
21087 0
21836 73
21974 0
22493 73
22630 0
22676 73
23038 0
23763 73
23889 73
24241 73
24298 73
27054 0
27505 73
28047 0
28255 73
28478 0
28696 73
29576 0
31166 73
31460 0
31730 73
31754 73
31790 0
32158 73
33414 0
33936 73
34115 0
34147 73
34649 0
34688 73
34693 0
34740 73
35075 0
35491 73
35754 0
35978 73
36143 73
36207 0
36414 73
36512 0
36525 73
36966 0
37015 73
38062 0
38190 73
38417 0
38737 73
38755 73
39830 0
39864 73
40084 0
40219 73
40765 73
41060 73
41280 0
42439 73
42547 73
42694 0
42770 73
43043 0
43469 73
44046 73
45142 0
45223 73
45414 0
45622 73
45665 0
46352 73
46862 0
47568 73
47593 73
47779 0
48059 73
48134 0
48146 73
48472 0
48645 73
48668 0
49066 73
50344 73
50510 0
51026 73
51783 0
51856 73
51867 73
51892 0
52255 73
53400 73
54112 73
54144 0
54395 73
54644 73
54755 0
55283 73
55481 0
55509 73
56013 0
56247 73
56848 0
57157 73
58032 0
59583 73
59653 0
59841 73
59918 0
60046 73
61034 0
61088 73
61788 0
61991 73
62075 0
62124 73
62489 0
62804 73
62929 0
63201 73
63641 73
63824 0
64274 73
65000 0
65215 73
65260 0
65337 73
65555 0
65867 73
65982 0
66667 73
66947 0
67005 73
67244 0
67682 73
67741 73
67764 73
68019 73
68146 0
68417 73
68702 0
69078 73
69086 73
69353 0
69512 73
69716 73
70042 0
70136 73
70801 0
70846 73
70863 0
71562 73
71777 73
72746 0
72929 73
72949 0
73007 73
73078 0
73968 73
74205 0
74234 73
74924 0
75088 73
75431 0
75492 73
75860 73
75967 0
76012 73
76247 0
76348 73
76445 0
76457 73
76806 0
77388 73
77844 73
78155 0
78190 73
78259 73
78419 73
78467 0
78576 73
79158 0
79517 73
79698 73
80352 0
80400 73
80618 73
80890 73
81294 0
81451 73
81910 0
82093 73
82441 0
82499 73
83466 0
83774 73
84268 73
84525 0
84737 73
85154 73
86316 73
86438 0
86886 73
87501 0
87916 73
87932 0
88074 73
88322 73
88330 0
88350 73
88382 0
88669 73
88917 0
89355 73
89708 0
90088 73
90284 73
90742 0
91884 73
92157 0
92250 73
92879 0
93084 73
94081 73
94213 73
95662 0
96010 73
96363 73
96374 0
97935 73
98342 0
98470 73
98488 0
99465 73
99672 0
99836 73
386 events for 7
38 57
177 0
278 57
415 0
485 51
700 51
1145 51
1691 0
2084 57
2092 0
2129 51
2241 0
2993 57
3127 96
3481 0
3570 96
3657 48
3846 0
4258 48
4410 51
4536 96
4874 0
5479 96
5644 0
5664 48
5768 0
6041 51
6200 0
6241 57
6527 0
6620 51
7016 48
7363 57
7416 0
7491 48
7517 0
7840 57
8255 0
8841 57
8987 0
9031 48
9129 51
9219 0
9237 57
9514 48
10051 0
10058 96
10667 0
10710 51
10738 57
11461 0
11785 51
11874 48
12053 0
12401 96
12497 51
12670 0
12762 57
12838 0
12982 51
13270 51
13341 57
13543 51
13722 0
13840 51
14052 96
15594 0
16137 96
16197 0
16236 51
16286 48
16680 0
16720 57
17210 0
17759 96
18004 0
18346 96
19063 0
19263 51
19463 0
19961 96
20252 0
20396 57
20528 0
20820 48
20834 0
21286 57
21389 0
21744 57
21793 0
22249 96
22279 0
22396 48
22417 0
22447 48
22584 48
23061 0
23170 57
23234 0
23273 96
23406 96
24285 0
24318 96
24427 0
24515 48
24597 0
24850 96
24924 0
24993 48
25199 0
25338 51
25377 0
25983 51
26081 0
26764 51
26835 0
27177 51
27346 0
27740 48
28406 51
28425 48
28511 0
29038 57
29155 0
29301 96
29449 0
29536 48
29757 0
29785 96
29958 0
30098 51
30369 48
30420 0
30511 96
30705 0
31282 48
31437 0
31997 51
32313 0
32630 48
33066 0
33244 51
33709 0
34186 96
34208 0
34315 48
34416 0
35325 48
35512 0
35597 48
35616 0
35832 57
35836 0
36030 48
36054 48
36994 51
37075 0
37309 48
37397 48
37433 0
38014 51
38070 0
38173 57
38367 57
39078 51
39170 0
39280 51
39547 0
39796 51
40266 96
40320 51
40430 0
40777 48
40839 0
41289 96
41496 0
42571 48
42693 0
42989 48
43271 51
43746 0
43768 57
44611 0
44624 96
44663 48
44671 51
44962 57
44977 0
45002 51
45039 96
45778 0
45785 57
46071 57
46318 0
46489 48
46493 0
46968 51
47589 0
48623 57
48850 0
49098 48
49148 0
49175 48
49334 0
49409 48
49631 0
49709 48
49885 0
50188 51
50733 48
50888 0
50936 51
51625 0
52135 57
52494 51
52605 0
53720 96
53901 0
54027 96
54077 51
54235 0
54299 51
54344 0
54697 57
55400 0
55410 96
56280 0
56302 51
56527 57
58650 0
58707 96
58722 51
58925 0
59172 51
60800 0
60828 51
60875 51
61160 0
61543 96
61669 0
61839 48
61848 0
61881 48
62046 0
62363 48
62487 57
63311 57
63398 0
63578 57
64043 48
64185 0
64876 51
65023 0
65126 48
65209 0
65554 57
65855 51
66059 0
66065 57
66250 96
66528 0
66677 51
67314 0
67345 57
67356 0
67401 96
68082 0
68407 51
68950 0
69088 48
69724 0
69978 51
70220 57
70235 0
70836 96
71033 0
71125 57
71308 0
71600 48
71764 0
72148 51
72193 0
72266 48
72670 0
72832 57
72918 0
73211 51
73214 0
73271 57
73683 96
74079 0
74523 48
75168 51
75204 0
75352 48
75704 51
76216 0
76301 48
76838 0
77137 96
77243 0
77547 96
77566 0
77636 57
77654 48
77819 48
78158 0
78640 51
78691 0
78737 48
79037 96
79213 0
79443 57
79532 0
79855 57
79938 0
80018 48
80094 0
80395 57
80735 0
80824 57
80973 0
80978 48
81576 0
81787 51
81815 0
82055 96
82305 0
82451 96
82930 0
83022 48
83529 96
83558 0
83795 57
83992 0
84079 57
84886 0
85344 57
85719 0
85755 96
86397 0
86522 51
86523 0
86781 48
87095 0
87191 96
87317 0
87422 57
88062 0
88155 48
88294 96
88386 0
88585 96
88673 0
88781 51
88831 51
90338 0
90344 48
91636 0
91659 57
91905 0
92303 96
92559 0
93381 51
94598 0
94622 51
94883 0
95342 57
95450 51
95685 0
96007 48
96716 0
96910 96
97004 0
97243 57
97527 0
97545 57
98097 0
98927 96
99045 48
99138 0
99454 48
99682 51
99772 0
99887 57
99930 57
546 events for 8
208 83
232 0
499 92
501 0
774 89
1034 90
1261 80
1349 0
1592 90
1617 0
1620 90
2071 90
2320 0
2322 92
2338 0
2658 89
2680 92
2741 0
2761 90
2792 0
2908 80
3140 0
3779 92
4177 0
4203 92
4503 0
4633 80
4830 0
4960 90
4998 90
5161 90
5227 0
5564 89
6024 0
6208 90
6313 0
6473 90
6706 0
7021 83
7391 90
7515 0
7626 90
7673 0
7779 80
7823 80
7852 0
7867 80
7972 0
8211 89
8239 0
8325 92
8547 83
8582 83
8603 0
8802 80
8916 0
8932 92
9029 0
9253 90
9304 0
9712 89
9844 0
9845 90
9905 0
9981 83
10010 90
10326 0
10422 90
10586 80
11046 0
11673 90
11871 0
12012 90
12053 90
12076 0
12507 90
12593 90
13340 0
13393 90
13397 90
13446 0
13499 90
14178 0
14389 90
14488 0
14601 83
14806 92
14941 0
15372 80
15871 80
15994 90
16154 0
16181 90
16678 0
16700 90
16707 0
16709 80
16721 0
16882 90
17102 90
17110 0
17131 90
17217 0
17222 90
17236 83
17383 0
18037 80
18085 80
18200 0
18220 89
18704 0
18728 90
18906 90
18952 0
19055 90
19098 80
19288 83
19747 0
19801 83
19991 90
20276 0
20282 90
20332 89
20774 0
21031 89
21172 92
21356 0
21452 89
21461 0
21493 90
21714 0
21824 90
21854 0
21980 90
22179 0
22712 90
23356 90
23573 0
23606 90
24062 0
24361 90
24424 83
24456 0
24548 90
24568 80
24718 0
24836 90
25069 80
25379 90
25510 0
25695 90
25878 0
25998 90
26287 0
26399 83
26602 89
26760 0
26902 90
26927 0
26962 89
27189 90
27457 90
27651 0
27686 90
27757 0
27782 90
28471 0
29022 90
29400 0
29656 90
29811 0
29947 90
30289 0
30314 90
30354 0
30412 90
30477 0
30595 90
30796 0
31011 80
31014 0
31263 90
31308 0
31468 83
31554 90
31714 0
31787 80
31986 0
32361 89
32461 0
32604 83
32646 0
32722 92
33041 92
33244 90
33428 0
33807 90
34580 89
34705 83
34800 89
35238 0
35504 80
36010 0
36100 92
36331 0
36373 80
36392 0
36853 83
37520 0
37606 90
37655 0
37691 90
37743 0
37806 90
37986 0
38039 92
38162 0
38282 90
38363 0
38415 90
38746 0
39100 92
39282 0
39307 83
39488 0
39515 80
39592 80
39874 90
39958 0
39989 80
40198 0
40593 90
40611 80
40613 0
40757 89
41113 0
41945 89
42465 80
42789 0
43067 90
43398 90
44017 0
44065 90
44156 0
44670 83
44673 0
45055 90
45777 0
46206 83
46496 0
46721 89
46866 0
46903 89
47005 0
47024 90
47044 90
47126 0
47204 90
47260 92
47337 90
47496 0
47546 90
47880 80
47906 90
47943 0
47986 90
48150 0
48253 80
48311 90
48526 89
48589 0
48671 90
48685 0
48914 80
48948 0
49002 83
49084 0
49329 80
49444 80
49690 0
49716 90
49793 0
49858 90
49990 90
50389 90
50419 0
50431 90
50602 0
50629 80
50753 0
50815 80
50837 0
50976 80
51209 0
51350 89
51494 89
51985 0
52008 80
52070 0
52120 90
52442 0
52464 90
52577 0
53127 90
53351 0
53382 92
53623 0
53838 92
53844 92
54110 0
54241 80
54288 90
54310 83
54326 0
54644 80
55060 80
55138 0
55298 90
55457 0
55720 83
55858 0
55902 80
56230 89
56344 90
56351 0
56671 80
57045 83
57132 0
57216 80
57245 90
57343 0
57481 90
57637 0
58211 83
58258 89
58326 0
58611 90
58901 90
59226 0
60828 83
60869 0
60958 80
61067 89
61341 0
61782 90
61787 0
62196 90
62218 0
62233 90
62468 0
62584 92
62638 0
62681 90
63085 90
63152 0
63342 90
63612 0
63996 80
64729 0
64778 90
65516 0
65838 92
65849 0
65962 90
66111 0
66363 83
66552 80
66635 0
66677 89
66905 0
67125 90
67132 0
67579 90
67767 0
67913 80
67993 0
68139 83
68672 90
69442 0
69511 90
69520 92
69779 89
69883 0
70033 90
70172 83
70197 89
70596 0
70708 83
70948 0
70983 90
71398 0
71571 90
71724 92
71761 0
71918 92
72027 0
72214 80
72220 90
72308 90
72675 0
72756 80
72776 80
72807 0
72979 83
73268 0
73880 90
73918 0
74231 80
74284 83
75138 0
75404 90
75490 80
75912 92
75938 0
76271 90
76464 80
76525 92
76657 0
76832 83
76908 0
76921 90
77111 0
77180 80
77340 0
77848 80
77962 0
78023 90
78272 0
78279 90
78292 90
78806 90
78934 0
79434 90
79457 90
79491 0
79804 90
79906 0
80417 80
80444 80
80555 0
80705 90
80732 0
80871 90
80939 0
81034 90
81041 0
81101 90
81187 90
81579 0
81590 90
81671 90
81867 92
81885 0
81924 92
82080 0
82184 80
82281 0
82411 83
82617 0
82921 90
83135 0
83319 90
83513 0
83566 80
83625 80
83803 0
83885 90
84001 80
84304 0
84689 89
84789 90
84944 0
85103 89
85112 0
85129 90
85165 0
85436 90
85677 0
85875 92
86415 0
86619 90
86717 90
86978 0
87115 89
87252 90
87322 0
87507 90
87928 0
88716 90
89237 83
89286 80
89389 0
89486 90
89521 0
90019 90
90142 90
90194 80
90398 0
90406 90
90482 89
90759 0
90941 90
91178 0
91209 90
91693 0
92179 92
92466 0
92856 80
92908 80
92936 0
93162 80
93194 0
93265 92
93376 0
93779 90
93852 0
94368 90
94516 0
94583 89
94905 90
94927 80
95072 0
95151 90
95233 0
95392 83
95456 0
95793 83
95802 0
95875 92
95905 92
95984 0
96407 90
96433 0
97831 80
98034 0
98167 90
98246 0
98642 80
98681 0
98779 89
98870 0
98945 89
98989 0
99006 80
99072 0
99510 89
881 events for 9
245 72
246 72
331 0
402 72
421 0
522 72
617 72
775 72
965 72
1169 0
1199 72
1357 0
1443 72
1485 0
1781 72
1789 0
1986 72
2037 72
2104 0
2143 72
2234 0
2265 72
2333 72
2422 0
2520 72
2538 72
2597 72
2839 0
2951 72
3699 0
3782 72
3795 0
3862 72
3978 0
4067 72
4099 72
4101 0
4105 72
4303 0
4323 72
4478 0
4587 72
4760 0
4766 72
4997 72
5035 0
5080 72
5295 0
5402 72
5530 0
5854 72
5911 0
5945 72
5975 0
6006 72
6168 0
6252 72
6294 72
6401 0
6405 72
6430 0
6444 72
7013 0
7029 72
7254 0
7486 72
7649 0
7744 72
8561 0
8654 72
8696 0
8815 72
8827 0
8944 72
8972 0
9123 72
9190 0
9265 72
9339 0
9344 72
9427 72
9444 0
9445 72
9517 0
9564 72
9814 0
9922 72
9923 0
9955 72
9976 0
9982 72
10267 0
10273 72
10310 72
10402 72
10537 0
10577 72
10756 0
10834 72
10853 72
11086 0
11111 72
11176 0
11382 72
11475 0
11519 72
12143 0
12411 72
12432 0
12562 72
12648 0
12828 72
12835 0
12852 72
13035 0
13147 72
13214 0
13278 72
13632 72
13672 72
13834 0
13971 72
14108 0
14125 72
14213 0
14299 72
14592 0
14834 72
14910 0
15080 72
15245 0
15364 72
15534 72
15546 72
15846 72
15886 0
15946 72
15971 0
16029 72
16229 0
16330 72
16479 72
16887 0
17021 72
17046 0
17186 72
17196 72
17463 0
17538 72
17581 0
17640 72
17689 72
17759 0
17965 72
18124 0
18144 72
18233 72
18541 0
18700 72
18763 0
18768 72
18920 72
18926 0
18951 72
19096 0
19253 72
19589 72
19844 72
20080 0
20099 72
20189 72
20295 72
20459 72
20463 72
20497 0
20694 72
20827 0
20829 72
20872 0
21043 72
21163 72
21166 0
21186 72
21211 0
21408 72
21530 0
21538 72
21559 72
21573 72
21607 72
21623 0
21849 72
21874 72
21927 0
22013 72
22095 72
22232 72
22250 0
22596 72
22669 0
22745 72
22861 0
22865 72
22902 72
22936 0
22946 72
22949 72
22982 72
23057 0
23131 72
23322 0
23324 72
23500 0
23542 72
23682 0
23760 72
23894 0
24015 72
24244 0
24433 72
24623 0
24661 72
24663 0
24724 72
24768 0
25032 72
25171 0
25255 72
25678 0
25953 72
25974 0
25995 72
26121 0
26126 72
26183 0
26317 72
26464 72
26537 0
26697 72
26712 0
26805 72
27223 72
27260 0
27290 72
27354 0
27377 72
27483 72
27628 72
27678 0
27875 72
27900 0
27951 72
28161 0
28289 72
28372 0
28530 72
28622 0
28666 72
28679 0
28841 72
29065 0
29079 72
29090 72
29326 0
29343 72
29563 0
29674 72
29683 0
29714 72
29946 72
29950 0
30047 72
30067 0
30199 72
30248 0
30354 72
30506 0
30579 72
30691 72
30772 0
30838 72
31003 0
31348 72
31416 0
31476 72
31490 0
31567 72
31575 0
31661 72
31706 72
32261 0
32745 72
32801 72
33004 0
33010 72
33175 0
33190 72
33212 72
33421 0
33454 72
33504 0
33554 72
33662 0
33731 72
33760 0
33917 72
34001 0
34062 72
34073 0
34086 72
34405 0
34689 72
34717 0
34966 72
35113 0
35272 72
35479 0
36199 72
36398 0
36454 72
36660 0
36716 72
36875 0
37076 72
37531 0
37800 72
37874 0
37956 72
37993 0
38075 72
38288 0
38342 72
38415 0
38443 72
38534 72
38566 0
38794 72
39005 0
39227 72
39390 72
39405 0
39474 72
39631 0
39817 72
40220 72
40532 72
40563 0
40787 72
40971 72
41551 0
41866 72
41887 72
41905 0
41989 72
42100 0
42124 72
42348 0
42400 72
42471 0
42548 72
42589 0
42619 72
42679 0
42707 72
42746 0
42798 72
42997 72
43065 72
43076 0
43089 72
43318 0
43458 72
43651 0
43652 72
43743 0
44268 72
44333 0
44348 72
44534 72
44579 0
44588 72
44667 72
44721 0
44856 72
45013 0
45018 72
45141 0
45175 72
45485 72
45538 0
45568 72
45709 0
45788 72
45908 0
45984 72
45985 0
46040 72
46109 0
46206 72
46251 0
46325 72
46415 72
46468 72
46531 72
47053 72
47077 0
47146 72
47173 0
47192 72
47621 0
47722 72
47753 0
48187 72
48204 72
48232 0
48399 72
48538 0
48620 72
48630 72
48884 0
49043 72
49082 0
49124 72
49138 0
49346 72
49437 0
49582 72
49714 72
49861 0
49933 72
49969 0
50108 72
50117 0
50279 72
50414 0
50453 72
50465 72
50590 72
50671 72
50750 0
50769 72
50810 0
50992 72
51084 0
51224 72
51328 72
51594 72
51822 0
51855 72
51931 0
52045 72
52095 0
52224 72
52308 0
52324 72
52357 0
52429 72
52457 72
52535 72
52588 0
52642 72
52746 0
52972 72
53092 72
53130 0
53275 72
53333 72
53428 0
53558 72
53740 0
54015 72
54534 72
54665 72
54802 0
54821 72
55081 72
55229 0
55316 72
55380 0
55382 72
55416 72
55791 0
55840 72
55999 72
56243 0
56373 72
56617 72
56620 72
56888 0
57003 72
57149 0
57233 72
57421 0
57466 72
57536 0
57781 72
57933 0
58264 72
58533 0
58630 72
58761 0
58903 72
58980 0
59201 72
59267 0
59611 72
59742 72
59765 0
59880 72
59894 0
60029 72
60063 72
60251 0
60266 72
60566 72
60709 0
60748 72
60817 0
60893 72
60940 0
61048 72
61055 72
61204 0
61424 72
61544 72
61693 0
61846 72
62279 72
62463 0
62819 72
62956 0
63001 72
63002 72
63044 0
63224 72
63298 72
63319 0
63343 72
63603 0
63626 72
63897 0
64092 72
64094 72
64099 72
64102 0
64728 72
64731 72
64778 0
64810 72
64840 0
64876 72
65058 0
65397 72
65419 0
65426 72
65635 0
65975 72
66068 72
66141 0
66175 72
66245 0
66326 72
66449 72
66526 0
66729 72
66802 0
66804 72
66876 0
66925 72
67041 72
67160 0
67407 72
67525 72
67671 0
67682 72
67735 72
67737 0
67823 72
67839 0
67856 72
68249 72
68263 0
68348 72
68369 0
68448 72
68476 0
68566 72
68695 0
68756 72
68840 0
68860 72
68910 72
69279 0
69488 72
69601 72
69701 0
69825 72
69874 0
70284 72
70362 0
70500 72
70542 0
70840 72
70879 0
70989 72
71089 72
71200 0
71271 72
71335 72
71540 72
71591 0
71852 72
71854 0
71887 72
71921 72
72010 0
72032 72
72108 0
72126 72
72301 0
72342 72
72467 72
72586 0
72678 72
72692 0
72773 72
72792 72
72801 0
72813 72
72921 0
72962 72
72969 72
72992 0
73109 72
73140 72
73146 0
73186 72
73297 0
73573 72
73613 0
73649 72
73672 0
73758 72
74042 0
74111 72
74181 0
74213 72
74230 0
74546 72
74568 0
74609 72
74873 0
74965 72
75245 72
75290 0
75378 72
75523 0
75793 72
75885 72
75944 0
75945 72
75982 0
76104 72
76124 0
76231 72
76314 0
76320 72
76429 72
76472 0
76579 72
76598 0
76605 72
76701 0
76787 72
77017 72
77378 0
77382 72
77480 0
77541 72
77693 72
77703 0
77767 72
77893 0
78073 72
78142 0
78185 72
78402 0
78551 72
78577 72
78809 0
78851 72
78889 72
79395 72
79462 72
79475 0
79548 72
79893 72
79933 0
79988 72
80168 72
80274 0
80381 72
80534 72
80623 0
80782 72
81112 72
81348 0
81491 72
81498 0
81605 72
81606 0
81697 72
81738 0
81947 72
81950 0
82070 72
82167 0
82259 72
82528 72
82654 0
82790 72
82873 0
82874 72
83124 0
83506 72
83611 0
83638 72
83944 0
84154 72
84160 72
84187 0
84387 72
84506 72
84584 0
84693 72
85218 72
85275 72
85399 0
85413 72
85464 72
85644 0
85813 72
86031 72
86069 0
86084 72
86132 0
86368 72
86382 0
86520 72
86804 72
86961 72
87153 72
87229 72
87308 0
87397 72
87434 0
87467 72
87812 0
87853 72
87938 0
88134 72
88205 0
88286 72
88361 0
88429 72
88481 72
88485 0
88499 72
88573 72
88590 72
88641 0
88925 72
89056 0
89125 72
89158 0
89665 72
90199 0
90292 72
90299 0
90413 72
90472 0
90678 72
90693 0
90851 72
90954 72
91248 72
91415 0
91433 72
91469 72
91698 0
91703 72
91715 72
91752 0
92104 72
92119 0
92244 72
92353 0
92446 72
92450 0
92599 72
92653 0
92870 72
92920 0
93070 72
93306 72
93345 0
93536 72
93770 72
93806 72
93905 72
94024 0
94040 72
94327 0
94451 72
94854 0
94873 72
94992 0
95331 72
95461 0
95509 72
95537 72
95634 0
95737 72
95810 0
95835 72
95854 72
95906 72
95910 0
96078 72
96106 72
96122 72
96124 0
96153 72
96394 0
96423 72
96479 72
96811 0
96946 72
97091 0
97119 72
97125 0
97128 72
97143 0
97239 72
97248 72
97278 72
97371 0
97437 72
97608 72
97618 72
97631 0
97783 72
97794 72
97807 0
97891 72
97967 72
97987 72
98088 0
98106 72
98223 0
98389 72
98395 0
98397 72
98649 0
98704 72
98985 0
99215 72
99270 0
99319 72
99326 0
99346 72
99436 72
99492 72
99497 0
99515 72
99583 0
99791 72
99818 0
99837 72
99843 0
99875 72
145 events for 10
22 36
1213 0
1905 36
2361 0
4048 36
4287 36
4415 0
4442 36
4935 0
5479 36
5731 0
6381 36
7359 0
7504 36
7955 36
8363 0
10189 36
10618 0
11558 36
11683 36
12082 0
12775 36
12923 36
15648 0
16269 36
16922 0
16962 36
18496 36
19922 0
19996 36
21160 0
21495 36
22707 0
23287 36
24568 36
24663 36
25366 0
26855 36
28709 0
30053 36
30367 0
30424 36
31013 0
31036 36
31821 36
33844 0
34031 36
35090 0
35593 36
35641 36
36596 0
37816 36
37953 0
38846 36
40058 0
40160 36
41125 0
41205 36
42006 0
42364 36
42448 0
42571 36
42769 0
44467 36
44792 0
45521 36
46318 0
46738 36
47651 0
49126 36
50450 36
50692 0
50812 36
52107 0
52126 36
52619 36
52712 0
53785 36
54413 0
55329 36
55759 36
55939 36
57172 0
57247 36
57859 0
58154 36
59022 0
59173 36
61387 0
62335 36
62445 0
62679 36
64918 36
65681 36
66034 0
66953 36
67796 0
68722 36
70108 36
70489 36
71840 36
72126 0
72182 36
74509 0
76321 36
76565 36
77152 0
77808 36
78743 0
78912 36
79135 36
80073 36
82179 36
82591 0
83931 36
84042 36
84497 0
85955 36
86251 0
86315 36
86824 0
87473 36
87522 0
87776 36
88338 0
90132 36
90493 0
91180 36
91747 0
92862 36
94974 0
95818 36
96064 0
96086 36
96204 0
96967 36
97165 0
97481 36
98392 0
98594 36
98893 0
99295 36
99365 0
99371 36
99730 36
446 events for 11
217 64
257 58
1157 0
1164 64
1303 0
1988 64
2043 0
2436 60
2516 69
2566 60
3024 0
3139 64
3312 0
3702 58
4128 0
4485 60
4557 60
4719 0
4971 64
5110 0
5147 58
5253 60
5393 0
5491 69
5531 0
5816 69
6143 0
6256 64
6397 0
6626 60
6710 69
6841 0
6850 58
7089 69
7174 0
7265 69
7345 58
7638 60
7695 0
7841 69
8305 0
8448 58
8628 69
8767 64
8951 0
9425 58
9532 0
9559 58
9693 60
10108 0
10171 64
10268 0
10451 58
10936 0
10959 64
11520 60
11791 0
11932 64
11963 64
11984 60
12165 0
12280 69
12285 0
12596 60
12680 0
12860 69
13346 0
14456 69
14490 69
14536 64
14637 69
14971 60
14984 58
15153 0
15216 69
15301 0
15506 64
16149 64
16314 0
16602 60
16639 0
16674 69
17162 0
17215 69
17864 0
17885 60
18715 69
18744 69
18984 0
19311 58
19395 0
19476 69
19752 69
19817 69
19920 58
19997 0
20033 64
20597 0
20630 64
21059 0
21194 69
21444 0
21494 69
21521 0
22076 60
22150 0
22160 64
22521 0
22660 60
22731 0
23247 58
23274 0
23312 60
23763 0
24041 64
24136 0
24184 58
24237 0
25428 69
25491 0
25592 69
26016 0
26176 60
26508 0
26628 60
27191 0
27192 58
27980 0
28268 58
28486 0
28553 69
29305 0
29629 58
29679 0
29744 69
29776 0
29830 69
30465 0
30466 69
30536 58
30862 60
31019 69
31094 0
31311 58
31413 69
31462 0
31598 60
32312 60
32500 0
32890 69
32906 69
32932 0
33102 69
33249 60
33445 0
33646 69
33708 0
33991 69
34766 0
34865 60
35081 69
35503 0
35543 60
35557 0
35947 69
35967 58
36260 0
36557 60
36708 69
37036 69
37076 58
37271 69
37324 58
37346 0
37386 69
37771 0
38041 64
38173 0
38297 69
38360 0
38604 69
38907 69
39599 0
39711 69
39728 0
39751 64
40411 0
40558 69
40779 0
41369 69
41518 0
41711 60
42250 0
42338 64
42385 60
42429 0
42715 60
42901 0
43044 69
43154 69
43233 69
43391 69
43830 0
44162 58
44859 0
44874 60
44877 0
44954 64
45298 0
45818 60
45890 0
45900 69
46262 60
47859 0
47967 64
48557 0
48858 69
49292 0
49850 69
50050 69
50578 0
50748 60
50755 0
50848 64
51026 58
51050 69
51455 69
51590 0
52092 69
52200 0
52287 69
52355 0
52433 58
53184 0
53952 60
54001 58
54085 0
54127 60
54216 0
54499 58
54593 60
55137 0
55415 69
55484 0
55689 64
55707 0
55952 60
56188 0
56360 58
56415 0
56552 58
56818 0
56975 58
56997 0
57054 69
57273 0
57402 69
57546 0
57688 69
57991 69
58239 64
58693 0
58882 69
58977 0
59169 64
59247 0
59424 69
60699 60
60772 0
60916 58
61204 69
61389 0
61738 60
62107 0
62131 64
62330 0
62488 69
62727 58
63010 0
63014 58
63088 0
63218 64
63704 0
64063 60
64093 0
64199 64
64261 0
64398 69
64587 0
64799 64
64892 0
64898 69
65484 0
65666 69
65879 60
66181 0
66200 69
66270 0
66464 64
66517 0
66640 60
66690 0
66746 58
66959 58
67068 0
67332 64
67396 0
67586 69
67606 0
68543 58
68553 0
68824 69
69000 0
69448 58
69880 0
70434 60
70439 0
71081 69
72324 0
72396 58
72889 69
73024 60
73045 0
73821 60
73825 0
74098 60
74331 0
74363 58
74485 0
74613 60
74850 0
74873 58
74897 0
75053 69
75439 69
75563 69
75702 0
75757 69
75771 0
76188 69
76414 64
76602 69
76747 0
76791 58
76889 60
77656 0
77712 69
78150 69
78875 0
79078 60
79543 0
79646 64
79662 0
79685 64
80004 69
80540 0
81020 64
81087 69
81280 64
82097 0
82223 64
82781 0
82845 69
83177 0
83193 69
83200 0
84020 64
84542 0
84603 69
84684 0
85010 69
85067 0
85268 60
85678 60
86019 0
86120 69
86178 0
86261 58
86663 0
86931 60
87597 0
87677 64
87976 0
88095 64
88447 0
88798 64
88901 0
89187 60
89277 0
89288 60
89593 0
89691 69
89711 0
90022 64
90696 0
90804 58
91001 0
91131 69
91321 60
91896 0
92023 69
92027 58
92574 60
92656 0
92689 69
92952 0
93001 69
93097 60
93112 0
93287 64
93378 0
93401 58
93407 0
93979 69
94442 69
94463 0
94478 60
94517 0
94581 69
94811 0
95418 69
95520 0
95551 69
96263 0
96453 60
96557 0
96658 64
96933 0
96989 58
97086 64
97158 0
97279 69
97675 58
98159 69
98376 0
98383 69
98688 0
98704 60
99066 0
99083 58
99245 0
99248 60
99439 0
99847 64
99852 0
99983 69
438 events for 12
29 62
109 0
515 68
710 0
816 68
1085 0
1183 21
1314 0
1386 21
1798 62
2435 0
2521 62
2859 0
3042 68
3563 0
3609 21
3770 0
4214 62
4748 0
4863 21
4902 0
5221 21
5238 0
5423 21
5532 0
5709 62
6140 0
7103 68
7164 0
7357 21
7713 0
8180 21
8728 68
8899 0
9085 21
9188 0
9300 21
9325 0
9391 21
9414 0
9820 68
9838 0
9996 68
10358 68
10451 0
10704 21
11159 0
11606 62
11836 0
11922 21
12246 0
12547 62
12818 0
13165 21
13299 0
13354 62
13512 68
13526 62
13543 0
13619 21
13974 0
14477 68
14758 0
15089 68
15559 0
15686 62
15790 21
16131 0
16181 21
16346 21
16372 62
16436 0
16807 68
16910 0
17570 21
17766 0
17932 21
18223 0
18335 62
18502 0
18566 62
18647 0
18967 68
19156 68
19411 0
19654 68
19776 0
20353 21
20851 0
20882 21
20965 0
21252 21
21777 68
21851 0
22049 21
22196 62
22291 62
22493 0
22710 68
22837 0
22899 62
23476 21
23518 68
23682 0
23886 21
23981 62
24023 0
24146 21
24170 0
24179 62
24244 0
24262 62
25068 0
25090 21
25102 0
25663 62
26145 0
26516 21
26537 0
26598 68
26965 62
27049 62
27212 0
27930 21
29119 62
29132 0
29333 68
29577 62
29618 0
29801 62
29958 68
30201 62
30473 68
30569 0
31335 68
31488 0
31494 68
32030 62
32069 0
32975 68
33139 0
33851 68
33869 21
34000 0
34034 21
34283 0
34618 68
34780 68
34889 21
34937 68
35807 68
35932 0
35969 62
36251 21
36448 0
36750 62
36785 21
36800 62
37118 0
37156 62
37572 0
37818 68
37948 0
38230 62
38397 0
38497 21
38816 0
38853 62
39079 0
39236 21
39420 0
39658 21
39718 0
39799 68
39842 62
40098 0
40268 21
40544 0
40982 68
41223 68
41374 21
41438 0
41662 68
42061 0
42266 62
42348 0
42394 62
43455 21
43584 0
43731 68
43759 68
44025 0
44157 62
44397 0
44938 62
45198 0
45289 68
45439 0
45675 68
46028 0
46685 68
46817 0
47001 62
47210 0
47492 62
47649 62
47835 0
47926 62
48078 0
48247 21
48989 0
49508 21
49657 0
50347 21
50443 62
50564 21
51038 0
51073 21
51254 0
51428 62
52026 0
52156 68
52266 68
52331 0
52511 68
52560 0
52577 21
52693 0
52738 62
53085 0
53159 62
53753 0
54132 21
54721 0
55242 62
55267 62
55384 68
55412 0
55521 68
56055 68
56083 0
56132 68
56446 0
56472 62
56881 0
57010 62
57029 62
57037 68
57218 0
58538 62
58573 0
58880 21
59153 0
59159 68
59361 0
59529 68
60039 0
60309 68
60842 0
60910 21
60920 0
60950 62
61252 0
61627 68
61899 0
61912 68
62679 68
63851 21
63911 0
63958 21
64355 62
64442 0
64686 68
64966 0
65145 68
65312 0
65608 21
65876 0
65930 68
65975 0
65986 21
66159 0
66286 21
66415 0
66494 68
66719 68
66763 21
66776 0
67160 62
67164 0
68463 62
68582 0
68699 62
69013 21
69848 0
69995 21
70629 21
70762 62
71208 0
71405 62
71499 0
71802 62
72041 68
72174 0
72609 68
72797 0
73159 21
73626 0
73631 21
73701 68
73972 62
74233 0
74600 68
74676 0
74933 62
75309 0
75619 68
75673 68
75948 0
76025 68
76040 62
76178 62
76344 68
76467 68
76471 0
76606 62
76748 0
76753 68
76939 62
77153 0
77177 21
77307 0
77632 68
77818 21
77821 0
78187 68
78271 0
78646 62
78882 0
79105 62
79404 0
79430 62
79871 62
80222 0
80322 21
80817 0
80859 62
80930 0
81372 62
81375 68
81442 0
82434 21
82458 0
82897 68
83126 0
83152 68
83471 0
83497 62
83828 68
84082 0
84084 21
84190 68
84529 0
84651 68
85096 0
85380 62
85711 0
85856 21
85979 0
86057 68
86305 0
86321 21
86417 68
86730 62
87061 0
87191 62
87207 0
87342 62
87355 0
87495 62
87542 0
87831 62
87856 0
87873 62
88037 0
88094 21
88812 0
88837 68
89245 21
89323 0
89682 21
89898 21
90261 0
90356 21
90473 0
91249 62
91298 0
91519 68
91679 0
91797 62
91827 21
91962 0
92539 62
92561 0
92600 21
92679 0
93097 68
93246 68
93620 0
93723 21
93780 0
94206 21
94612 0
94619 68
94681 0
95733 62
96072 0
96315 62
96323 0
96412 62
96653 0
96732 62
96804 21
96821 0
97039 62
97138 0
97584 62
97815 0
97852 62
97974 68
98158 0
98168 62
98467 0
98588 68
98727 0
98920 21
98974 0
99299 62
477 events for 13
48 62
387 70
413 0
1017 62
1053 0
1320 70
1450 0
2038 84
2124 0
2387 55
3095 0
3544 80
3917 55
3926 0
4438 62
4457 43
4513 75
4704 0
5092 43
5773 0
5943 62
6013 0
6067 80
6085 55
6090 0
6119 62
6146 0
6197 84
6390 0
6543 62
6552 0
7439 43
7561 0
7667 55
7722 0
7880 75
8123 0
8288 43
8583 0
9036 80
9288 0
9319 75
9719 84
10232 0
10238 43
10357 0
10706 43
10910 80
11295 80
11730 0
11890 43
11936 0
12288 55
12628 0
12841 80
12842 43
13022 84
13234 43
13791 62
14030 84
14040 0
14126 80
14408 0
14469 80
14709 0
14761 80
14801 0
15202 70
15235 84
15575 0
15629 80
15652 0
16352 70
16474 0
16670 55
16773 0
17092 70
17307 43
17533 0
17886 75
17963 62
18087 0
18179 55
18245 0
18289 80
18355 0
18421 62
18430 62
18473 0
18551 43
18576 84
18687 0
19012 75
19371 0
19379 55
19451 0
19597 43
19842 0
19952 62
20077 0
20194 84
20457 80
20582 0
20790 70
20888 62
20916 0
20966 75
21110 0
21275 62
21364 0
21495 80
21818 80
22302 0
22496 62
22617 0
22732 70
22937 0
22994 75
23139 0
23159 62
23245 0
23416 75
24219 0
24502 55
24548 0
24721 75
24746 0
24841 43
24850 84
24909 0
25397 55
26010 75
26019 0
26380 80
26412 0
26430 80
26791 80
26855 0
26946 80
27021 0
27578 75
27627 0
27927 70
28031 0
28220 84
28283 84
28606 0
28917 80
29004 0
29243 75
29695 0
29918 55
30344 0
30383 43
30405 0
30904 70
31179 0
31329 43
31368 0
31610 43
31956 0
32944 80
32974 80
33538 0
33624 80
33989 0
34238 62
34314 0
34738 55
34783 0
34943 75
35056 0
35326 70
35383 43
35575 0
35684 55
35850 0
36753 70
36793 0
36983 43
37903 55
38151 0
38485 84
38669 0
38796 80
38809 0
38930 80
39100 0
39110 43
39137 0
39445 80
39673 80
39801 0
40090 70
40207 0
40364 43
40492 84
40559 0
40701 80
40899 84
40952 0
40999 70
41083 0
41489 80
42129 0
42329 80
42632 0
42759 75
43451 0
43460 80
43685 80
43831 43
43855 43
43865 0
43964 84
44180 0
44208 80
44374 0
44656 62
44837 84
45042 0
45276 55
45577 75
45850 0
46444 62
46524 55
46592 43
47022 0
47141 80
47781 0
47802 80
47827 0
49254 75
49573 75
49694 75
49938 80
49999 0
50018 84
50138 0
50164 70
50679 0
50938 84
51124 0
51163 70
51521 0
51946 80
52204 0
52291 80
52579 0
52593 62
52840 0
52869 62
53112 0
53638 70
53815 0
53926 80
53944 0
54141 75
54336 0
54803 80
55453 0
55523 62
55607 0
55691 80
55741 0
55758 75
55792 0
56093 55
56880 0
57057 43
57126 0
57274 70
57635 0
58948 62
59092 0
59595 80
59629 0
59798 62
59854 0
60120 62
60601 0
60671 55
60815 55
60881 0
61103 80
61250 84
61402 0
61501 62
62063 0
62213 80
62289 0
62337 55
62537 80
63015 0
63139 70
63229 0
63499 80
63512 0
63524 70
63611 0
63762 84
63834 0
63985 55
64032 80
64067 84
64224 0
64411 70
64439 0
64443 70
64477 0
64576 75
64899 75
65391 80
65472 0
65611 84
65625 0
66131 84
66457 0
66468 84
66484 75
66515 0
66868 84
66911 0
67560 75
67654 0
67996 84
68062 55
68068 0
68644 55
68706 43
68789 0
69287 62
69412 0
69776 55
69779 0
69930 75
70297 0
70894 84
71057 80
71079 0
71109 43
71154 0
71177 70
71582 84
71863 0
71950 43
72035 70
72164 0
72648 62
73350 0
73613 80
73703 84
73858 70
74115 0
74182 70
74185 0
74244 84
74579 84
74894 0
74995 62
75739 55
75761 0
76274 43
76651 0
76893 70
76992 0
77180 84
77291 0
77525 43
77541 0
77804 75
78743 0
78788 80
78831 84
78842 0
79632 70
79735 0
80148 84
80749 0
81245 80
81312 0
81387 55
82065 0
82180 80
83120 0
83282 62
83334 80
83583 0
83694 70
83813 0
84131 84
84395 55
84663 0
84736 80
84803 0
84809 75
84840 0
85011 70
85019 80
85136 0
85524 75
85711 0
85876 43
85921 0
86220 62
86501 0
86899 62
87050 0
87173 75
87378 0
87554 80
87729 0
87904 43
88550 0
88622 70
88809 80
89106 0
89426 55
89537 80
89618 0
89735 75
89780 0
89789 70
89907 0
89939 75
90113 0
90151 62
90291 43
90297 80
90381 0
90602 62
90852 0
91083 84
91534 0
91683 62
91735 0
91965 75
92048 0
92103 84
92236 0
92489 80
92710 84
92806 80
92853 70
93065 0
93240 84
93246 0
93258 62
93829 0
93952 55
94123 0
94257 43
94516 0
94759 70
95115 0
95430 43
95495 0
95743 55
95825 0
95844 55
95920 0
96400 70
96465 43
96494 0
96727 70
96792 0
96862 55
96923 0
96966 55
97127 0
97135 62
98325 0
98478 84
98829 0
99103 43
99766 0
99831 70
153 events for 14
187 24
3624 19
4459 0
4928 22
5209 0
5456 22
6615 24
7271 22
8266 0
8548 19
9232 19
9937 22
9993 13
10173 0
10882 22
11209 0
11218 19
11796 0
12764 24
12930 13
13691 0
13786 13
15632 0
15689 22
17301 0
17429 23
17475 0
17705 22
18861 22
20053 0
22498 19
22538 0
23211 22
23456 0
23640 19
23998 0
24062 24
25483 0
26229 19
27740 13
27968 0
28133 17
28153 0
28837 22
29099 0
29339 23
29699 0
30358 23
30606 0
30694 19
33197 0
33813 23
34365 22
35515 0
35518 19
36770 19
37836 0
38096 22
38731 0
41879 23
41908 0
42706 19
44090 24
44594 0
44683 17
45576 23
46063 0
46825 22
47173 0
47964 17
48546 0
48747 19
48839 19
49510 0
50994 17
52208 0
52665 22
53876 19
53937 0
54180 19
54577 0
54691 23
54761 0
57234 23
57709 0
57931 17
58793 0
58804 22
58885 0
59102 24
61398 22
61690 0
62476 22
62592 0
63493 17
63980 0
64300 22
64419 0
64828 22
64853 0
65014 23
66430 0
66743 24
66750 13
68199 0
68226 22
68424 0
68469 13
69313 0
69333 19
69672 0
69701 19
70095 0
72490 19
73087 0
73359 22
73490 0
73946 24
75459 0
76012 17
76131 0
76171 19
76440 0
76478 17
77857 24
80158 13
80376 22
81591 0
83800 23
83929 0
86126 17
86939 0
88954 17
89477 17
89933 22
90230 0
90938 13
91159 0
91346 13
91901 0
92141 19
92266 0
92415 22
93147 19
93254 19
93413 0
93552 22
93770 0
95043 19
97006 0
97989 22
98465 0
98491 22
729 events for 15
142 44
144 0
171 44
249 0
580 46
805 0
1421 44
1425 46
1503 0
1603 32
1611 44
1870 0
1948 46
2107 0
2587 46
2809 44
2920 0
2929 52
2961 52
3298 0
3305 52
3511 0
3680 44
3753 0
3767 44
3790 0
4189 44
4234 0
4399 44
4537 0
4591 32
4665 0
4701 32
4761 0
4858 52
4978 46
5007 32
5094 44
5211 0
5270 46
5284 0
5506 52
5671 0
5837 44
5877 32
6031 46
6032 32
6125 52
6145 0
6269 52
6329 46
6431 0
6440 46
6607 0
6780 46
6973 0
7052 32
7152 0
7213 32
7287 0
7417 32
7637 0
7701 44
7719 0
8229 32
8248 46
8475 0
8648 52
8726 0
8738 52
8949 46
8995 52
9066 0
9344 32
9550 0
9577 52
9691 0
9792 46
9911 0
9952 52
10188 46
10385 0
10395 46
10400 0
10665 44
10937 0
11389 44
11492 0
11576 46
11649 0
11886 44
11964 44
11979 0
11989 32
12058 0
12846 46
12895 44
13053 0
13133 44
13237 0
13533 46
13555 0
13880 44
14030 0
14085 52
14388 46
14606 0
14738 52
14969 0
15005 46
15031 46
15229 0
15340 32
15595 0
15596 52
15659 0
15698 52
15774 0
15923 44
16017 0
16228 32
16236 0
16253 52
16269 0
16272 44
16478 0
16529 46
16549 46
16637 0
16681 52
16730 52
16753 0
17000 46
17067 0
17088 32
17133 0
17198 52
17278 0
17287 32
17343 0
17593 52
17875 44
18278 0
18424 52
18451 0
18461 52
18629 44
18652 0
18674 46
18884 0
19156 44
19231 0
19525 52
19557 0
19731 32
19939 0
20037 32
20048 0
20105 52
20140 32
20255 0
20906 32
21014 0
21022 46
21415 52
21531 44
21671 0
22008 46
22051 0
22097 44
22552 32
22602 0
22742 32
22777 0
22785 32
22877 0
22924 46
22944 0
22975 46
23019 0
23034 32
23335 44
23409 0
23539 46
23553 0
23589 52
23654 0
23908 46
24144 44
24289 52
24488 0
24639 52
25135 0
25240 46
25459 0
25530 32
25567 0
25584 32
26014 0
26133 32
26196 0
26210 44
26506 32
26791 46
27156 44
27456 0
27672 52
27785 0
27839 44
28063 0
28319 32
28346 0
28421 44
28605 52
28653 0
28655 32
28881 44
29118 0
29316 44
29427 0
29469 32
29644 0
29776 32
29950 0
30007 52
30172 46
30276 0
30473 52
30640 52
30646 32
30714 0
30810 32
30862 0
30875 52
30890 52
30918 0
31615 44
31773 0
31810 44
32181 46
32648 46
32898 0
33290 32
33755 0
33932 44
34010 0
34026 46
34253 44
34283 0
34335 46
34350 0
34827 52
34835 0
34950 32
35173 0
35341 32
35412 0
35580 46
35884 0
35911 32
36251 52
36312 0
36359 32
36374 0
36545 52
36635 0
36800 44
37153 0
37256 44
37582 46
37867 0
38059 32
38510 0
38559 46
38850 0
38963 52
39310 0
39373 52
39499 0
39612 44
39831 32
39892 32
40320 0
40571 46
40584 0
40799 52
40844 0
40873 44
41052 32
41173 0
41192 44
41222 0
41380 52
41694 44
41784 0
41929 52
42129 0
42341 52
42378 0
42387 46
42417 0
42743 46
42751 46
42802 46
42807 0
42842 46
42858 44
43046 32
43354 0
43600 32
43625 32
43886 0
43907 32
43992 0
44379 46
44567 32
44895 0
44924 44
44949 0
45094 46
45171 46
45343 52
45354 0
45460 44
45487 52
45538 0
45674 32
45675 46
45925 0
46204 44
46237 52
46364 0
46516 32
46615 52
47247 46
47399 0
47492 44
47516 46
47732 0
47743 32
47953 52
48101 0
48184 52
48447 0
48478 46
48553 0
48556 32
48847 52
48985 46
49039 0
49144 32
49155 0
49313 32
49330 52
50270 0
50540 52
50546 46
50584 32
50603 32
51229 0
51232 44
51256 0
51257 46
51500 0
51894 52
52062 52
52090 0
52131 32
52737 0
52748 46
52911 0
53024 44
53319 0
53488 44
53538 0
53553 52
53721 32
53755 32
53810 0
53857 52
53952 0
53983 44
53986 0
54022 46
54049 52
54056 46
54189 0
54285 52
54342 0
54442 52
54449 0
54539 46
54739 0
54827 52
54910 0
54943 52
55018 32
55055 0
55093 44
55214 46
55328 0
55335 46
55688 0
55829 52
56115 52
56125 46
56169 0
56172 44
56633 0
56675 44
56787 0
56931 44
57426 0
57454 52
57497 52
57587 44
57621 0
57660 46
57816 0
58001 32
58028 0
58050 32
58647 52
58660 0
58750 32
59095 0
59242 46
59693 46
59891 0
59958 32
59979 0
60061 52
60247 0
60430 44
60447 0
60479 44
60618 0
60633 46
60634 0
60716 46
60997 0
61496 52
61786 0
61860 32
62014 0
62256 46
62312 0
62466 46
63074 0
63097 32
63132 0
63158 32
63400 0
63717 46
63792 44
63819 0
63881 44
63922 0
63963 44
63980 0
64000 32
64047 0
64428 52
64528 44
64669 0
65036 46
65283 32
65537 0
65581 32
65621 52
65876 46
65951 0
66114 32
66136 0
66579 46
66644 46
66959 0
67026 46
67045 0
67199 44
67264 0
67449 52
67776 0
67885 46
68152 0
68241 52
68281 0
68415 46
68496 52
68706 32
68763 0
68879 44
68881 0
68966 52
68980 0
69065 46
69170 46
69758 52
69826 0
69848 46
69990 0
70023 32
70035 52
70396 0
70578 52
71352 0
71364 44
71425 44
71740 0
71944 44
72021 0
72106 46
72420 0
72429 46
72766 46
72830 32
72862 0
72869 46
72896 0
73238 44
73361 0
73386 52
73427 0
73429 46
73497 0
73594 46
73674 0
73676 52
73702 46
73977 32
74391 0
74633 32
74688 32
74738 44
74910 0
74948 46
75132 0
75152 52
75206 52
75325 32
75443 46
75588 0
75642 44
75703 0
75722 46
75760 52
75838 46
76247 0
76278 44
76299 0
76459 32
76501 0
76521 44
76660 0
76733 44
76932 0
77184 32
77207 0
77295 46
77449 0
77713 32
77938 0
78228 32
78530 52
78850 0
78881 32
79038 0
79259 44
79509 44
79604 46
80017 0
80096 32
80150 0
80322 52
80340 0
80406 32
80964 52
81480 46
81731 0
82010 52
82039 0
82229 46
82411 46
82415 0
82548 52
82600 0
82749 52
82976 0
83034 44
83059 46
83073 0
83087 32
83123 44
83143 0
83323 52
83347 0
83461 46
83539 0
83554 32
83863 46
83884 0
83958 52
84064 0
84107 32
84147 32
84149 0
84268 44
84624 52
84715 0
84756 44
84889 0
85231 46
85280 0
85340 32
85378 0
85489 44
85814 0
85935 32
86115 0
86254 44
86477 0
86523 52
86675 0
86763 52
86916 32
86975 0
87312 46
87549 0
87589 46
87975 32
87979 52
88012 0
88017 46
88077 0
88299 52
88682 0
88700 52
88871 0
88940 32
89030 44
89260 0
89293 46
89362 0
89422 52
89507 0
89595 44
89836 0
89895 52
89917 0
89920 32
90498 0
90739 44
90899 0
91121 44
91539 0
91598 44
92083 0
92089 44
92203 0
92272 44
92277 44
92341 0
92697 46
92846 0
92984 32
93062 0
93218 44
93227 0
93254 32
93457 0
93827 46
93916 0
94027 32
94047 0
94135 46
94250 32
94353 46
94447 0
94543 32
94614 0
94763 52
94820 0
94855 32
94914 52
94954 0
94997 52
95151 46
95153 0
95500 44
95625 0
95780 32
95879 0
95904 32
95914 0
95981 44
96020 0
96101 52
96457 0
96610 46
96639 0
96654 44
97324 0
97479 32
97520 0
97682 44
97683 52
97690 0
97775 44
97813 0
97830 52
97942 46
97973 44
98429 0
98471 46
98599 0
98897 52
98939 0
99156 46
99167 0
99360 32
99433 0
99485 32
99523 44
99631 44
99797 0
99865 32
99878 52
99979 44
99994 32
291 events for 16
417 13
536 0
673 66
953 0
1575 79
2339 24
3620 0
5760 79
5892 0
6168 39
6839 66
6892 79
8114 0
8140 67
8337 0
8359 36
8478 16
8932 0
8964 36
9276 0
10282 35
10362 0
10648 13
10735 36
10747 66
10988 66
11227 0
11433 13
11537 0
11593 13
12260 0
12373 16
13692 54
14034 0
14768 39
14973 13
15046 0
16987 54
17486 0
17892 24
18473 0
18669 39
18959 0
19303 66
21024 0
21025 35
21208 0
21296 79
21478 67
22166 66
22260 0
22754 79
22848 0
23304 16
23370 0
23377 35
24623 54
24734 0
25096 36
25268 0
25333 16
25711 0
26213 24
26249 39
26296 0
26328 35
26394 0
26397 79
26448 39
26464 0
26481 13
26554 0
26904 35
27251 0
27625 39
28727 0
28847 54
29492 79
29667 66
29863 39
30141 0
30554 24
30663 13
30825 0
30831 35
31217 0
31274 79
31955 0
32091 39
32136 54
32204 0
32704 16
34049 39
34314 0
34364 54
34791 0
35185 79
35568 39
35593 0
35615 67
35841 0
35869 39
36191 0
36391 67
36841 0
36863 13
37937 0
37996 13
38167 0
39004 66
39472 0
39989 67
40053 54
40870 0
41022 39
41892 0
41900 39
42453 54
43034 0
43056 36
43105 0
43545 79
44186 54
45000 67
46030 24
46195 0
46592 16
47544 13
48092 0
48453 36
48577 0
48597 16
50243 36
50387 0
50686 24
50773 0
51106 67
51169 0
51370 66
51798 0
52091 36
52560 0
52804 16
53421 16
54300 0
54486 39
54936 0
55977 79
55981 0
56026 16
56120 0
56369 16
57089 0
57230 54
57447 0
57525 36
57734 0
58777 66
58863 67
59142 13
59808 16
60192 0
60303 79
60487 0
60732 16
61275 24
61713 0
62030 79
62061 0
62193 79
62295 79
62527 0
62768 35
62794 0
62892 36
62894 0
63251 24
63776 0
64344 13
64653 0
64871 54
65054 0
65111 35
65381 0
65529 79
65767 66
66060 36
66065 0
67205 36
67631 0
68599 35
68783 0
69100 24
70078 67
70254 0
70286 36
70808 0
71552 13
72203 0
72238 39
73117 0
73610 66
74816 0
75201 16
75259 0
76161 39
76593 0
76735 24
77129 0
77333 66
77708 67
77973 24
78173 0
78450 39
79187 0
79299 35
79305 13
79877 16
79922 0
80356 16
80476 16
81198 0
81324 13
81466 0
81791 39
82016 0
82099 13
82147 0
82228 24
82230 0
82254 36
82334 0
82340 67
82597 54
82906 39
83170 0
83190 66
83314 0
84676 36
84821 66
85143 0
85246 39
85812 54
86083 0
86341 16
86773 0
86843 16
86981 54
87374 35
87424 0
87697 39
87811 0
87926 35
88049 0
88268 66
88316 0
88624 36
88632 0
88675 79
88772 67
88836 0
89067 66
89566 0
89605 36
89661 39
90124 0
90472 54
90631 0
90723 36
91284 54
91384 24
91386 0
91896 36
92286 0
92429 66
92529 0
92851 66
92858 16
92987 67
92999 0
93958 16
94079 0
94126 35
94594 0
94835 36
94929 16
95512 0
96489 24
97239 0
99088 66
99904 0
152 events for 17
1168 76
2253 53
2634 0
2889 76
5048 0
5142 76
5684 0
5808 77
6368 0
6427 48
6497 0
9105 53
10107 77
10128 0
10618 53
11053 76
12561 0
12611 53
13781 0
14363 76
14434 0
14882 53
15999 76
17881 0
18205 53
18783 0
19261 48
20246 0
21261 77
21730 0
21899 77
22742 0
23491 77
23789 0
24228 53
26068 0
26536 48
27379 0
27790 53
27953 0
28902 76
29987 0
31549 76
31741 77
32446 53
32474 77
32540 0
33394 48
34013 0
34040 53
34395 0
36647 53
37556 0
39159 77
39971 0
40586 77
40997 48
41814 77
42091 0
42479 48
42483 0
43330 53
44142 48
45197 76
45218 0
45731 77
46198 0
46352 48
47843 76
48374 0
48655 48
48666 0
49533 48
50039 76
50350 0
50605 48
50643 53
51144 0
51770 76
51796 76
52459 77
52897 53
52938 48
52949 0
53511 76
54368 0
54517 53
54694 0
54710 53
55639 53
55838 0
56437 77
56574 0
57685 48
58097 0
58103 76
58414 48
58517 0
59228 77
59311 0
59314 53
61213 53
61387 48
63951 77
63960 0
63994 76
64051 0
66693 48
67491 53
68448 0
70507 53
71390 0
71668 77
72527 0
72567 77
73379 76
74017 0
75358 77
75903 0
76617 77
76765 0
78091 53
79149 76
80787 77
81051 0
82436 76
83188 0
83494 76
84156 76
84400 0
85615 77
86984 76
87495 53
87575 48
88085 0
88188 53
88250 0
90392 53
90430 0
90956 76
91501 0
91654 77
92269 0
94077 77
95078 0
95732 76
95776 77
96372 0
96445 53
96480 48
99499 0
99600 77
165 events for 18
277 75
1670 75
1710 0
3881 65
3917 0
4797 70
5097 0
5410 92
6438 0
7508 70
8641 0
10419 93
10799 75
11973 75
12136 0
12361 83
13485 0
14391 80
15235 0
15457 80
15480 65
16807 0
16938 80
17150 93
18447 0
18566 92
18646 70
18927 0
19320 65
20201 0
20858 65
21017 0
21695 83
22307 0
22559 85
22983 83
23481 0
23492 65
23868 65
25847 0
26697 75
27221 0
28983 83
29048 0
29124 65
29269 65
29448 85
29941 0
30042 93
32527 0
33174 83
33891 70
33898 92
34424 92
34804 65
34807 0
34832 83
35299 0
35509 65
36051 0
37551 65
38283 70
39074 78
39338 0
39587 78
39931 0
40230 93
40824 0
41372 85
42331 0
44904 85
44940 75
45185 0
46255 85
46362 0
46677 93
46915 0
47209 75
47693 0
47996 80
48622 0
50784 75
53830 65
53986 0
54251 80
55519 0
56735 70
56907 0
57049 70
57265 85
57277 0
58349 83
58653 65
58994 78
59450 0
60664 93
60839 93
61181 0
62307 80
63108 65
63890 65
64598 0
64874 85
65996 0
66144 70
66410 70
66466 0
67014 80
67724 0
68121 83
68462 0
69075 93
69298 0
69377 93
70797 0
71148 65
71900 83
72084 0
72245 83
72791 65
73147 0
73870 93
74026 70
74426 80
76123 65
76723 0
77498 93
77499 75
78720 0
79037 75
80282 0
81061 93
81193 0
82043 93
82993 85
83127 0
83328 85
84149 0
84407 93
85014 0
85342 78
85582 0
87801 70
87836 0
88411 75
89502 0
90581 93
90830 0
91575 93
91635 0
91750 75
92182 83
93189 83
93980 0
94499 65
94576 0
95797 92
95999 83
96572 70
97164 0
97253 65
97789 0
98132 83
98133 0
99941 80
213 events for 19
127 32
531 0
702 32
1778 0
2651 32
3038 0
3372 32
4033 32
6356 0
7118 60
7677 47
8063 0
8824 60
9631 0
9747 32
10327 0
11538 32
11684 0
12572 43
13512 43
13521 0
14270 43
14915 60
15442 47
15634 43
16022 47
16166 0
16241 47
16617 32
16944 0
16975 47
17860 43
18403 32
18610 0
19689 32
20008 0
21132 47
21946 0
22306 60
22689 0
23458 60
23831 32
24475 0
24783 47
25270 60
25343 43
25481 0
25495 60
25543 0
26189 32
26276 0
26755 47
26803 47
26999 0
27625 60
28464 0
28664 60
28685 43
29201 60
29415 0
29728 60
31492 0
31576 43
32540 0
32580 47
33168 60
33457 60
33871 0
34068 60
34319 47
34709 43
35454 0
35652 60
35800 0
35905 43
36384 0
36448 43
37559 0
37611 43
37994 0
39096 60
39513 0
39525 47
40121 0
40301 32
40533 60
40682 0
40693 32
41539 32
42729 0
44618 60
45581 0
46467 32
46755 60
47009 0
47081 60
47185 0
48099 43
48660 43
49389 60
49974 0
50069 47
50195 0
50594 47
50682 43
50769 0
51411 60
51641 0
51944 60
52926 60
53581 60
53654 0
54585 47
54732 60
54822 47
54936 0
55071 32
55874 0
56106 32
57023 0
57448 60
57819 0
58525 32
58871 43
59130 0
59907 32
60511 47
60737 43
61134 32
61244 0
61545 32
62075 0
62306 32
63208 0
63522 47
64189 0
64530 60
64677 0
64683 43
64993 0
65286 60
65619 0
65789 32
65802 60
67272 0
67743 32
67866 0
68972 43
69705 0
71719 47
73084 0
73085 32
73439 32
73629 0
73889 47
74433 0
75305 47
75954 0
75965 43
76412 32
76599 60
77581 47
77749 0
78439 47
78552 60
78976 47
79145 0
79562 47
79925 0
80883 32
82728 60
82783 0
83101 43
83329 0
83346 47
83466 47
84248 0
84278 47
84702 0
85107 32
85601 0
86209 47
87998 0
88159 47
88957 0
89221 43
90150 60
90536 32
90552 0
91182 32
91407 0
92123 47
92561 0
92677 47
93959 60
94389 0
94482 32
94562 43
94980 60
95161 0
95453 47
96288 47
96979 0
97213 43
97891 32
97910 0
98204 47
98624 32
98856 0
99006 32
99377 47
99456 0
99583 43
204 events for 20
376 96
1011 0
1177 85
1324 0
2702 84
3730 96
3931 84
4737 67
5607 0
7401 84
7949 69
8761 0
9497 72
9583 0
10162 85
10304 0
10714 87
10824 0
11111 87
13011 0
13785 69
13865 0
13881 72
14134 0
14905 69
15370 0
15545 96
16283 0
16865 72
17254 0
17511 84
17543 0
17692 69
17742 0
18548 84
18648 0
18665 67
19080 87
19405 85
19803 87
20044 0
20233 85
20510 0
20862 87
21101 0
21254 96
21729 0
21985 87
22542 84
22583 0
23711 85
24942 0
25418 67
25497 0
26281 96
26618 0
27477 72
28058 0
28548 72
29074 0
29245 84
29388 0
29604 69
29613 0
30532 72
30679 0
32121 87
33140 0
33154 69
33315 0
35033 96
35993 0
36134 67
36350 0
36500 67
36750 67
37087 84
37341 0
38386 84
39040 72
39810 69
40403 0
41588 72
41650 0
41733 69
41756 0
44130 67
44677 87
44710 0
45274 72
45810 0
45887 85
46372 0
46509 72
46552 67
46565 0
48080 87
48188 0
48274 84
48316 0
49683 67
49894 0
50299 72
50926 0
51189 96
52186 87
52525 0
52632 69
52634 87
52798 0
52885 84
53224 0
53369 67
53498 0
53559 69
55078 0
55210 69
55779 72
56124 0
58350 87
58552 0
59266 69
59471 69
60109 0
60277 85
60524 0
60594 87
60767 0
60963 85
62269 0
63030 85
63494 0
63670 67
63978 0
64284 84
64801 96
64810 0
64882 87
65241 85
65361 0
66795 72
67680 96
67903 0
68767 84
68879 0
69441 84
69934 0
70093 87
71056 0
72790 96
72983 0
73666 67
74346 0
74441 67
75278 69
76597 0
76942 84
77632 0
77903 72
77964 96
78105 84
78123 0
79050 96
79705 0
80152 69
80251 0
81421 87
81505 84
82390 87
82433 0
82476 69
82583 0
83593 72
84077 0
85175 96
85906 0
86477 85
86724 85
86770 72
86774 96
86809 0
87452 87
87548 0
87844 87
89518 69
89547 0
89794 67
91151 67
91294 0
91748 69
92409 0
92463 67
92718 0
93214 67
94057 0
94176 69
94313 0
94393 69
94781 0
94820 84
95095 84
97108 67
98542 0
99774 96
689 events for 21
68 51
244 0
337 51
463 39
597 51
874 0
1379 39
1510 39
1573 0
1621 51
1917 51
2228 0
2331 51
2433 51
2503 51
2531 0
2536 51
2747 0
2777 39
2926 51
2996 51
3098 0
3123 39
3305 0
3378 51
3442 51
3619 0
3673 51
3706 0
3826 51
4752 0
5031 39
5334 0
5523 39
5714 39
5806 0
6198 51
6482 0
6483 39
6742 0
6807 51
6951 0
7145 39
7149 0
7260 51
7370 0
7750 51
7772 0
8106 51
8310 39
8556 0
8693 39
8923 0
9090 51
9314 0
9354 51
9500 51
10071 0
11155 39
11183 39
11250 0
11461 39
11570 0
11707 39
11805 51
11848 0
12049 39
12065 51
12359 0
12385 51
12448 0
12716 39
12787 0
12943 51
13153 0
13386 51
13492 51
13588 0
13633 51
13780 39
13799 0
13970 39
13991 39
14045 39
14114 0
14136 51
14160 0
14189 51
14402 0
14429 39
14576 51
14588 0
14600 51
14605 39
14800 0
15435 39
15583 0
15792 39
15853 0
15991 39
16124 0
16150 51
16277 0
16444 39
16470 51
16471 0
16698 51
16760 39
16818 0
16908 51
17138 0
17147 39
17226 0
17252 51
17588 0
17677 51
17694 0
18260 39
18469 0
18489 51
18843 0
18847 51
19083 0
19141 51
19142 0
19189 51
19252 0
19723 39
20131 39
20480 0
20600 51
20807 0
21133 39
21157 0
21181 51
21258 51
21430 0
21582 51
21928 51
21948 51
22097 0
22320 39
22367 51
22458 0
22532 39
22774 0
22788 51
22793 0
22809 51
22854 0
22933 39
23027 0
23030 39
23062 0
23135 39
23545 0
23590 51
23629 39
24053 0
24205 39
24253 39
24468 0
24536 51
24559 0
25050 51
25188 39
25390 51
25404 0
25522 39
25829 0
25895 51
25933 0
26012 51
26099 51
26202 51
26249 0
26591 39
26682 0
27144 39
27583 0
27646 51
27803 0
28051 51
28203 51
28224 0
28629 39
28905 0
29067 51
29309 0
30168 39
30220 0
30251 51
30444 0
30875 51
30958 0
31049 51
31352 51
31776 0
31836 39
31973 0
32327 39
32334 51
32469 0
32503 39
32635 0
32669 39
32680 51
32826 0
32841 39
32845 0
33112 51
33284 0
33662 51
33718 0
33724 51
33759 0
33767 51
33961 39
33983 0
34025 39
34042 0
34176 51
34528 0
34794 39
34939 39
35064 0
35362 51
35379 39
35418 0
35483 39
35696 39
35748 0
35805 51
35880 0
35897 51
35958 0
36412 39
36418 0
36790 51
36840 0
36849 51
36935 39
36959 39
37075 39
37156 39
37330 0
37542 51
37575 0
37719 39
37764 0
37826 51
37908 39
37946 0
37951 51
38315 0
38321 51
38624 0
38815 39
38952 0
39014 39
39208 0
39465 39
39494 0
39602 51
39642 0
39881 51
39890 51
40307 51
40417 0
40629 39
40680 51
40816 51
40862 0
41169 39
41419 0
41608 39
41742 0
41750 39
41798 0
41923 39
42225 0
42237 39
42256 0
42309 39
42433 0
42441 39
42835 0
42962 51
42974 51
43418 0
43642 39
43868 0
43923 51
44386 0
44413 39
44459 0
44482 51
44566 0
44605 51
44640 0
44722 39
44869 0
44874 51
45112 0
45425 39
45540 0
45694 51
45874 39
45977 51
46085 0
46235 39
46292 0
46337 39
46528 0
46794 51
46834 39
46847 0
46939 39
47054 0
47224 39
47516 0
47574 39
47904 39
48074 0
48094 39
48407 0
48551 39
48636 39
49025 0
49096 51
49185 0
49314 51
49440 51
49592 39
49599 0
49600 51
49602 0
49833 39
49939 39
50320 39
50845 0
51113 51
51262 39
51315 0
51386 51
51430 0
51494 39
51972 51
52080 51
52104 0
52400 51
52669 0
52687 51
52760 51
52790 39
52799 39
52907 0
52966 39
53379 0
53467 51
53590 0
53769 39
53845 0
53928 51
54068 39
54320 0
54476 39
54605 0
54695 39
54700 0
54777 51
54781 51
54822 51
54875 39
55042 0
55125 51
55222 0
55407 51
55509 0
55787 51
55822 0
55835 39
55954 39
56068 0
56077 39
56097 51
56157 51
57114 39
57203 0
57224 39
57229 51
57298 51
57371 0
57594 39
57861 0
57903 39
58206 0
58570 39
58617 39
58665 0
58722 51
58930 0
58952 51
59144 51
59268 0
59287 51
59413 0
59636 51
59655 0
59670 51
59798 0
59903 39
60157 0
60202 39
60239 0
60245 39
60330 0
60443 51
60571 0
60620 39
60772 39
60998 39
61148 0
61348 39
61364 39
61429 0
61623 51
61711 0
61781 51
61806 0
61860 51
62095 0
62141 39
62220 51
62229 39
62265 0
62270 39
62314 39
62433 0
62526 51
62574 0
62655 39
62755 0
62786 51
62789 0
63242 39
63249 0
63277 51
63336 51
63460 0
63474 39
63557 39
63912 0
64189 51
64218 39
64245 51
64441 0
64783 39
64980 0
65232 51
65343 0
65401 39
65492 0
65567 39
65660 39
65885 0
65905 51
65951 0
66029 51
66124 0
66237 39
66473 0
66523 39
66566 0
66600 51
66944 0
67193 51
67242 0
67280 51
67420 51
67448 39
67684 51
67801 39
67968 0
68131 39
68308 39
68515 39
69276 0
69482 39
69675 0
69961 39
69968 0
70098 51
70134 51
70298 0
70701 51
70823 39
70977 0
71092 39
71442 0
71468 51
71805 0
72041 51
72177 0
72275 51
72300 0
72579 51
72712 39
72768 0
73293 51
73386 0
73447 51
73511 0
73564 51
73711 39
73786 39
73948 0
74187 39
74321 0
74377 51
74403 51
74524 0
74833 51
74952 0
75001 39
75228 0
75407 51
75443 0
75448 39
75509 0
75519 51
75560 0
75590 51
75703 0
75738 51
75875 0
75923 51
75961 0
76158 51
76241 0
76396 39
76694 0
76837 51
76962 0
77325 39
77585 0
77687 39
77744 39
77759 0
77825 51
77831 0
77839 39
77920 0
77922 39
78095 0
78319 39
78811 0
79132 39
79521 0
79773 39
80125 0
80145 51
80163 0
80308 39
80576 0
80634 51
80700 0
80746 39
80938 51
80966 39
81131 0
81241 51
81538 0
81600 51
81619 0
82081 51
82114 0
82232 39
82431 0
82527 39
82613 0
82792 39
82886 0
82972 39
83005 0
83043 39
83068 0
83231 51
83240 0
83676 39
83734 0
83869 39
84240 51
84458 0
84696 51
84825 0
84978 39
85160 0
85233 51
85336 51
85363 39
85411 0
85437 39
85487 0
86009 51
86237 0
86244 51
86430 39
86999 0
87334 51
87409 0
87426 39
87589 0
87860 51
87946 0
88011 39
88218 0
88264 39
88317 0
88529 39
88640 39
88682 51
88708 0
88709 51
88936 0
89011 51
89300 0
89309 39
89474 0
89489 51
89564 0
89802 51
90181 51
90547 0
90788 51
90889 0
90949 51
91142 39
91292 0
91390 51
91481 0
91637 51
92417 0
92686 51
92750 0
92871 51
92902 0
92937 39
92972 0
93085 39
93213 0
93254 51
93324 39
93386 39
94135 0
94206 51
94552 0
94612 39
94904 0
94936 39
95005 0
95051 39
95126 51
95167 0
95313 39
95519 0
95542 51
95647 39
95662 51
96064 51
96149 0
96541 39
96680 0
96688 39
97480 51
97660 0
97838 51
97880 51
98012 51
98032 0
98092 39
98325 0
98404 51
98447 39
98802 0
99041 51
99181 51
99480 0
99964 51
770 events for 22
276 51
577 0
986 51
1113 48
1403 0
1443 48
1545 48
1633 0
2027 51
2374 0
2389 51
2584 48
2658 48
2692 51
2707 0
2761 51
3232 0
3376 51
3623 0
3725 48
3781 0
3843 51
3883 0
3944 51
4765 0
4767 48
4833 0
4858 48
4941 0
4995 48
5034 0
5206 48
5525 0
5594 51
5712 0
5945 51
6063 48
6068 0
6099 48
6236 0
6667 51
6674 0
6711 48
6989 0
7109 48
7179 51
7193 0
7546 51
7590 0
7612 51
7727 48
7890 0
8197 51
8227 0
8307 51
8487 0
8806 48
8820 0
8874 48
8880 0
8946 48
9180 51
9183 0
9360 48
9396 0
9414 51
9457 0
9544 48
9662 0
9718 48
9784 0
9861 51
9908 0
9968 48
10508 0
10583 51
10597 51
10640 0
10697 48
10826 0
10954 48
10980 0
11248 48
11300 0
11387 48
11736 48
11739 0
11777 51
12009 51
12037 0
12049 48
12059 0
12194 51
12334 51
12421 0
12458 51
13269 0
13416 51
13454 48
13691 0
13733 48
13862 0
13878 48
13913 0
13917 48
13964 51
14046 48
14137 48
14276 0
14319 51
14393 0
14626 51
14649 0
14707 48
14948 0
14972 51
14996 51
15125 51
15215 0
15412 51
15579 48
15627 0
15753 51
15854 0
16118 48
16214 0
16324 51
16358 0
16386 51
17172 51
17411 48
17532 0
17564 51
17578 0
17580 51
17663 0
17674 51
17818 0
17831 51
17881 0
17905 48
17935 51
17975 0
18041 51
18113 0
18255 48
18669 0
18879 48
19046 0
19075 48
19094 0
19288 48
19483 0
19629 48
19885 48
19916 0
20305 48
20352 51
20384 0
20732 51
20809 0
20820 51
20856 48
20929 0
21176 51
21313 0
21491 51
22282 0
22358 51
22362 48
22434 0
22553 51
22631 0
22638 51
22741 0
22764 48
22785 51
22939 0
23087 48
23272 0
23509 51
23609 0
23740 51
23825 48
23900 48
23936 0
24197 51
24202 0
24217 51
24524 0
24645 51
24659 51
24713 0
24754 51
24913 0
25038 51
25068 0
25240 48
25258 0
25365 48
25735 0
25745 51
25886 0
26020 48
26254 48
26319 0
26343 51
26518 0
26535 48
26593 0
26596 48
26701 0
26753 51
27498 0
27663 51
27722 0
27920 51
27926 48
27946 0
27976 48
28046 0
28186 48
28297 0
28354 51
28506 0
28525 51
28527 0
29246 51
29381 0
29423 48
29496 48
29593 0
29667 51
29808 0
30098 48
30274 48
30965 0
31005 48
31118 0
31230 48
31347 0
31643 51
31748 48
31810 0
31926 51
32013 0
32089 51
32176 48
32180 51
32200 0
32278 51
32300 0
32311 48
32325 0
32387 51
32482 51
32496 48
32524 0
32674 48
32774 0
32911 48
32928 0
33057 48
33230 0
33322 51
33389 51
33473 51
33677 0
33843 51
34112 0
34126 48
34406 0
34583 51
34622 0
34986 51
35232 0
35310 48
35515 51
35753 0
35809 48
35857 51
35942 0
36016 51
36038 0
36311 51
36921 0
36955 48
37247 0
37567 51
37577 48
37699 0
37722 48
37764 51
37905 0
37916 51
38101 0
38177 48
38649 48
38729 0
38800 48
38849 0
39137 51
39273 0
39284 51
39310 0
39495 48
39672 0
39754 48
39992 0
40091 48
40158 0
40170 51
40338 0
40683 48
40782 0
40969 48
41094 0
41182 51
41333 0
41349 51
41399 0
41520 48
41812 0
42049 51
42354 0
42624 48
42627 51
42701 0
42819 51
42929 0
43158 48
43279 0
43581 48
43881 48
44088 48
44098 48
44102 51
44208 0
44225 48
44880 0
45097 51
45390 51
45475 0
45596 51
45599 0
45737 48
45747 0
45797 51
45798 0
45814 51
45913 0
45925 48
46221 0
46223 51
46267 0
46328 48
46367 0
46493 51
46530 0
46673 51
46718 0
46721 48
46741 0
46836 51
46944 0
47216 51
47217 51
47353 0
47435 51
47483 51
47539 0
47589 48
47700 0
47751 48
47752 0
47907 48
48247 0
48454 51
48727 48
48745 0
48757 48
48811 0
48849 48
49042 48
49056 0
49470 51
49520 0
49570 48
49611 0
49620 51
49678 48
49749 0
50233 48
50448 0
50531 51
50590 48
50613 0
50730 51
50948 0
50995 48
51070 51
51147 51
51202 0
51300 51
51436 0
51579 48
51822 51
52102 51
52109 0
52111 48
52304 0
52525 51
52557 48
52575 51
52878 0
53131 48
53172 0
53245 48
53308 0
53351 48
53381 0
53486 51
53502 48
53635 0
54034 48
54097 0
54179 48
54304 51
54341 0
54449 51
54634 48
54710 0
54757 51
54981 0
55037 48
55294 51
55389 48
55450 0
55528 48
55706 0
55832 51
55857 0
55996 48
56050 0
56160 51
56329 51
56412 48
56626 48
56714 0
56723 51
56744 51
57126 0
57350 48
57389 0
57486 51
57585 0
57673 48
58181 0
58205 48
58409 48
58430 0
58440 48
58443 0
59239 48
59246 0
59268 48
59325 0
59394 48
59526 0
59542 48
59744 0
59785 51
59888 0
59936 51
60086 48
60087 48
60502 0
60798 48
60850 0
60867 48
61060 0
61065 48
61179 0
61290 48
61711 0
61816 51
62000 51
62086 0
62171 51
62508 0
62680 48
62707 51
62772 0
63035 51
63158 0
63277 48
63294 0
63813 51
64378 0
64451 48
64522 0
64649 51
64663 0
64883 48
65294 0
65389 51
65461 48
65539 0
65652 51
65872 0
65999 48
66061 0
66107 51
66129 0
66169 48
66407 0
66501 51
66665 0
66703 48
66951 0
67076 51
67190 51
67387 0
67407 48
67461 0
67536 51
67708 0
67848 48
67874 51
67884 0
68305 51
68367 0
68404 51
68472 0
68589 51
68625 48
68708 0
68793 51
68807 0
68847 48
69261 0
69335 48
69635 0
70447 51
70772 0
70848 51
70920 0
71010 51
71012 0
71476 51
71513 0
71567 48
71778 0
71895 48
72027 51
72306 0
72309 51
72313 0
73186 48
73431 0
73443 51
73571 0
73864 48
74158 0
74252 51
74347 0
74605 51
74611 0
74685 51
74869 0
74938 51
75087 0
75181 48
75287 0
75438 48
75659 0
75666 51
75943 48
76083 48
76187 0
76202 48
76335 0
76390 48
76670 51
77155 48
77412 0
77513 48
77555 0
77744 51
77821 48
77964 0
78015 48
78078 51
78397 48
78474 51
78499 0
78563 48
78620 0
78686 51
78803 0
79144 48
79317 0
79430 48
79442 0
79462 48
79532 0
79758 48
79777 0
80012 48
80099 0
80472 51
80518 0
80548 48
80597 51
80673 0
80744 48
80753 0
80760 51
81163 0
81206 48
81221 48
81258 0
81321 48
81343 48
81379 0
81927 51
81972 0
82030 48
82116 0
82169 48
82391 0
82624 48
82713 51
82772 48
83113 0
83202 48
83497 0
83637 48
83745 48
83790 51
83859 0
83994 51
84038 0
84332 51
84415 0
84484 48
84600 0
84906 51
84987 0
85270 51
85367 0
85481 48
85607 51
85762 0
85818 51
85994 0
86172 48
86211 51
86247 0
86304 48
86466 0
86541 48
86546 51
86599 51
86700 51
86945 51
86969 0
86991 51
87002 48
87178 48
87207 48
87243 0
87338 48
87420 0
87437 48
87592 0
87700 51
87743 0
87748 51
87796 51
87962 0
88016 48
88478 48
88602 0
88723 48
88806 0
89060 51
89574 0
89598 51
89639 0
89706 51
90084 0
90343 51
90678 0
90687 51
90689 0
90702 48
91033 0
91148 51
91339 0
91462 51
91497 48
91607 0
91739 51
91758 48
91790 0
91851 51
91944 0
92190 48
92250 0
92341 48
92369 48
92445 0
92656 51
92698 0
92899 48
93079 0
93133 51
93179 0
93355 51
93678 48
93690 0
93747 51
93922 48
93985 0
94034 48
94101 0
94293 48
94309 0
94373 51
94576 0
94628 51
94661 0
94708 48
94923 48
95029 0
95143 51
95280 0
95505 48
95650 0
95766 48
95873 0
95874 48
95936 0
95997 51
96197 0
96243 48
96342 0
96701 48
96841 48
97245 51
97306 0
97315 51
97687 0
97852 48
98033 51
98159 0
98215 51
98299 51
98354 0
98649 48
98775 0
98852 51
98966 0
99044 51
99664 48
99723 0
99763 51
99806 0
99807 48
543 events for 23
245 50
263 0
514 47
784 47
1472 0
1500 47
2112 0
2504 47
2609 0
2719 50
2834 47
2971 0
3425 50
3849 47
3980 0
3993 47
4066 0
4571 47
4612 47
4803 0
5027 47
5051 47
5116 0
5139 47
5883 0
6301 47
6382 47
6464 0
6496 47
6511 0
6678 50
7774 0
7996 47
8162 0
8269 47
8832 50
9008 0
9318 50
9529 0
9647 47
9769 50
9827 47
10340 0
10372 50
10404 0
10463 47
10666 47
10771 0
11032 47
11349 0
11469 47
11576 0
11693 47
11802 50
12000 0
12082 47
12090 47
12313 47
12336 0
12396 47
12410 47
12444 50
12658 0
12750 47
12752 0
13017 50
13345 0
13399 47
13458 47
13588 0
13658 47
13682 0
13809 47
13899 47
13905 50
14295 0
14301 47
14430 50
14647 0
14680 47
14688 0
14692 47
14713 47
14887 0
15019 50
15198 50
15608 50
15671 47
15748 47
15905 0
15912 47
15920 47
15969 0
16061 50
16249 0
16288 47
16817 0
17332 47
17341 47
17541 47
17586 47
17768 0
18276 50
18340 47
18683 50
18847 50
18877 0
18921 47
19198 0
19224 50
19242 47
19429 0
19446 47
19816 47
20001 0
20090 50
20158 0
20176 47
20361 0
20551 47
20585 0
20619 50
20793 47
20803 0
20959 47
20973 47
21144 0
21150 50
21225 0
21305 47
21522 0
21893 47
22342 0
22433 47
22766 0
23131 50
23255 47
23593 0
24056 50
24253 0
24971 47
25398 0
25542 47
25636 0
25906 50
26295 0
26338 47
26494 0
26670 50
27061 47
27174 0
27246 47
27355 0
27483 47
27637 0
27776 47
27788 47
28065 0
28119 47
28437 0
28536 47
28544 0
28762 47
28987 47
29300 0
29554 47
29575 0
29579 50
29616 0
29688 47
29763 47
29871 0
30051 47
30114 0
30326 47
30338 0
30516 47
30560 0
30653 47
30655 0
30715 47
30813 47
31059 0
31130 47
31150 0
31324 47
31616 0
31650 47
31664 50
31760 0
31905 47
31938 0
32089 50
32292 0
32348 47
32852 50
32920 0
33293 50
33661 47
33756 0
34081 47
34119 0
34559 50
34665 47
34767 0
34787 47
34885 47
34947 47
34968 0
35145 47
35339 50
35407 0
35686 50
35903 0
36370 50
36598 47
36796 0
36933 50
37006 0
37440 50
37460 0
37523 47
38205 0
38297 47
38304 47
38310 47
38482 0
38819 50
38876 47
38904 50
38999 0
39044 50
39105 0
39583 47
39678 50
39706 0
39910 50
40086 0
40465 47
40476 50
40934 0
41209 47
41426 47
41465 0
41752 47
41757 0
41781 47
42026 47
42027 50
42127 0
42157 47
42216 0
42354 47
42416 0
42457 50
43255 0
43260 47
43779 0
43787 47
43854 0
43920 47
44561 50
44568 50
44585 0
44677 47
45170 0
45182 50
45291 0
45423 47
45594 47
45785 0
45854 47
45943 0
46502 50
47337 47
47360 0
47454 47
47888 47
47944 47
48043 47
49077 47
49588 0
49700 47
49758 0
50845 50
50862 0
50876 47
51144 47
51513 0
51615 47
51734 0
51823 47
51883 0
52154 50
52266 0
52371 47
52443 0
52690 47
53078 0
53163 47
53176 0
53283 50
53361 47
53475 50
53546 0
53622 47
54074 50
54099 0
54145 50
54249 0
54270 47
54330 47
54527 0
54542 47
54650 0
54826 50
54947 0
55381 47
55412 50
55431 0
55803 47
55985 47
56066 0
56143 50
56224 47
56285 47
56299 0
56366 50
56760 50
57476 0
57496 50
57502 47
57645 47
57706 0
58035 47
59035 0
59135 47
59671 47
59735 50
59752 47
59753 0
59786 50
59810 0
59885 47
59967 0
60019 47
60068 0
60201 50
60750 47
61489 0
62187 50
62298 0
62438 50
63016 0
63029 50
63157 0
63166 50
63256 0
63317 47
63540 47
64306 0
64374 47
64568 0
64942 47
64964 0
65422 47
65707 0
65872 47
65925 50
66329 0
66394 47
66595 0
66982 47
67085 0
67106 50
67721 0
68058 47
68151 0
68445 47
69396 0
69402 47
69415 0
69498 50
69751 50
70082 0
70112 47
70260 0
70416 47
70510 0
70528 47
70639 0
70685 47
70736 0
71126 50
71207 0
71554 50
71587 0
71715 47
71898 0
71931 47
72033 0
72415 47
72431 0
72515 47
72835 47
72880 50
72882 0
72970 50
72975 0
72978 47
73027 47
73099 0
73334 50
73343 0
73362 47
73509 47
73672 47
73911 47
74175 47
74434 50
74728 0
74734 47
74843 50
75794 0
76810 50
77035 47
77471 0
78156 50
78203 0
78311 47
78491 0
78600 50
78613 0
78858 50
78898 47
78925 0
79121 50
79353 0
79400 50
79876 50
79884 0
79953 47
80117 50
80311 0
80353 50
81229 0
81242 47
81271 50
81281 0
81412 47
81443 0
81485 47
81687 0
81849 50
81906 0
81962 47
81966 0
82070 47
82232 47
82409 0
82761 47
82764 0
83029 47
83170 0
83341 47
84401 47
84523 0
84969 50
85055 47
85087 0
85187 47
85704 0
85757 47
85850 0
85891 50
86198 0
86199 50
86228 50
86287 47
86449 0
86765 47
87011 0
87225 47
87674 47
87686 0
87844 47
88353 0
88922 47
89039 0
90189 50
90210 47
90227 47
90893 0
90936 50
91063 50
91156 0
92022 47
92039 0
92182 50
92227 47
92351 0
92463 50
92616 0
92711 47
92759 47
92868 0
92874 47
93053 0
93618 47
93647 50
93718 50
93769 0
93898 47
93923 0
94372 50
94502 0
94526 50
94679 0
94823 47
95021 47
95159 50
95307 0
95722 50
95811 47
95918 0
95956 47
96638 0
97331 47
97333 0
97351 47
97747 0
97773 47
97830 0
97919 50
97990 0
98226 47
98289 0
98578 50
98790 47
99108 50
99342 47
99739 0
99956 47
