24 buffers
222384 25176
108595 14395
61668 8784
142258 137
130716 8785
152038 15363
93634 5476
46474 1585
57076 220
121912 15164
26638 1822
109895 926
121465 2360
76244 9409
102449 1453
90502 14039
138415 22142
135189 1900
93161 10817
189102 17422
66020 676
214710 13804
166788 32801
47629 8726
80 downlinks
0 188 1250 786
1 1438 2500 824
2 2688 3750 863
3 3938 5000 777
4 5188 6250 1003
5 6438 7500 733
6 7688 8750 913
7 8938 10000 1054
8 10188 11250 868
9 11438 12500 848
10 12688 13750 816
11 13938 15000 890
12 15188 16250 791
13 16438 17500 762
14 17688 18750 850
15 18938 20000 1030
16 20188 21250 836
17 21438 22500 1021
18 22688 23750 847
19 23938 25000 859
20 25188 26250 1010
21 26438 27500 918
22 27688 28750 849
23 28938 30000 851
24 30188 31250 912
25 31438 32500 855
26 32688 33750 957
27 33938 35000 720
28 35188 36250 833
29 36438 37500 924
30 37688 38750 874
31 38938 40000 810
32 40188 41250 776
33 41438 42500 735
34 42688 43750 724
35 43938 45000 1058
36 45188 46250 948
37 46438 47500 1060
38 47688 48750 1027
39 48938 50000 758
40 50188 51250 986
41 51438 52500 904
42 52688 53750 896
43 53938 55000 815
44 55188 56250 788
45 56438 57500 806
46 57688 58750 1029
47 58938 60000 939
48 60188 61250 801
49 61438 62500 926
50 62688 63750 794
51 63938 65000 884
52 65188 66250 1029
53 66438 67500 1026
54 67688 68750 914
55 68938 70000 904
56 70188 71250 1039
57 71438 72500 989
58 72688 73750 732
59 73938 75000 744
60 75188 76250 815
61 76438 77500 722
62 77688 78750 987
63 78938 80000 928
64 80188 81250 956
65 81438 82500 983
66 82688 83750 1050
67 83938 85000 909
68 85188 86250 976
69 86438 87500 1009
70 87688 88750 783
71 88938 90000 746
72 90188 91250 925
73 91438 92500 882
74 92688 93750 889
75 93938 95000 759
76 95188 96250 1017
77 96438 97500 1011
78 97688 98750 771
79 98938 100000 938
263 events for 0
941 85
972 0
1238 85
1567 85
1845 0
2598 85
3349 0
3402 85
3773 85
4418 85
4489 85
4631 85
4930 85
5127 0
5467 85
6034 0
6592 85
7097 0
7110 85
7144 0
8360 85
8765 0
8771 85
10631 85
11203 85
11524 85
11604 0
12871 85
13160 85
13227 0
13365 85
13400 0
13439 85
13995 0
14292 85
14654 85
14794 85
15324 0
15326 85
15399 85
15735 0
15821 85
15873 0
16750 85
17220 85
17222 0
17256 85
17395 0
17592 85
17743 0
18860 85
19110 85
19118 85
19368 0
19474 85
20042 0
21385 85
22974 0
23530 85
23560 0
23651 85
24561 0
25069 85
25361 85
25600 0
25903 85
25905 0
25988 85
26005 85
26263 0
26963 85
27322 85
28022 0
28292 85
28308 0
28440 85
29045 85
29158 0
29727 85
29952 85
29956 85
30133 0
30272 85
30537 0
30911 85
31589 85
32404 85
32462 0
32507 85
32559 0
32611 85
32710 85
32950 0
33467 85
33760 0
34545 85
34662 85
35014 0
35205 85
35471 85
35719 0
36096 85
36156 0
36563 85
36859 0
37389 85
38085 0
38137 85
38170 85
38779 85
39564 85
39764 0
40615 85
40633 85
40695 85
41724 0
42045 85
42525 0
43037 85
43922 0
44090 85
44394 85
44536 0
45073 85
45657 85
46244 85
46454 0
47133 85
47405 0
47780 85
47867 85
48422 0
48434 85
48746 0
49253 85
49441 85
50039 0
50312 85
50845 85
50906 85
50986 0
51360 85
51444 0
52111 85
52264 0
52659 85
52961 0
53444 85
55294 85
55784 0
55840 85
56291 0
56742 85
57341 0
58535 85
58856 0
59496 85
60168 85
61135 85
61325 0
61592 85
62156 0
62476 85
62670 0
63193 85
63330 0
63585 85
63781 85
63898 0
64065 85
65122 0
66159 85
66924 0
66991 85
67669 0
68114 85
68506 0
69621 85
70699 0
71054 85
71325 0
71576 85
71588 0
71673 85
71828 0
72108 85
72205 85
72381 85
72913 85
73065 85
73076 0
73870 85
73871 85
74431 0
75009 85
75199 0
75368 85
75498 0
75786 85
76067 85
76254 85
76875 0
77525 85
77761 0
77985 85
78334 0
79064 85
79445 0
80352 85
80394 0
80471 85
80679 0
80751 85
80778 85
80929 0
81060 85
81427 85
81727 0
82590 85
83041 0
83410 85
83453 0
83760 85
84221 0
84652 85
85517 0
85869 85
87097 0
87308 85
87373 0
87467 85
87895 0
88397 85
89330 0
89681 85
89915 0
90978 85
91032 0
91980 85
92143 0
92401 85
92478 0
92579 85
93264 0
94005 85
94704 85
95622 0
95639 85
95925 85
96450 0
96719 85
97123 0
97176 85
97207 0
97553 85
97711 0
98106 85
98250 0
98365 85
98450 0
98769 85
98823 0
98995 85
887 events for 1
162 66
197 55
541 0
568 45
897 0
915 45
937 26
1023 33
1078 45
1152 66
1205 0
1457 33
1525 0
1578 66
1656 0
1738 39
2004 0
2291 42
2323 0
2341 42
2393 0
2446 42
2576 0
2793 55
2986 0
3058 71
3546 0
3567 71
3611 0
3689 39
3846 39
3988 42
3999 42
4016 0
4029 42
4215 0
4257 39
4294 0
4325 45
4604 0
4655 42
4716 0
4723 45
4797 0
4998 26
5263 0
5296 71
5406 33
5428 0
5864 45
6057 0
6285 71
6293 0
6400 42
6535 0
6665 39
6745 0
6792 42
6827 0
7086 66
7097 39
7136 0
7137 45
7499 45
7941 0
8022 33
8109 0
8167 55
8310 0
8506 42
8730 0
8786 55
8937 0
8994 66
9046 26
9186 66
9292 45
9670 39
9819 0
9970 42
10158 33
10353 0
10470 66
10881 0
10885 33
11045 0
11239 55
11294 0
11376 71
11395 0
11554 42
11733 0
11787 45
11933 66
12059 0
12126 33
12228 26
12521 0
12536 45
12706 0
12888 71
13159 39
13341 45
13444 0
13465 33
13562 45
13916 0
13932 66
13935 0
14168 42
14292 0
14498 45
14595 0
14659 39
14669 0
15013 71
15114 0
15169 66
15291 0
15437 45
15538 0
15678 71
15696 0
15899 33
15977 0
16056 26
16194 71
16234 42
16372 45
16429 0
16504 71
16940 0
16972 33
17030 0
17057 39
17141 0
17149 26
17356 66
17410 39
17438 71
17515 0
17551 71
17712 0
17783 71
17827 0
18000 33
18051 0
18192 71
18320 0
18341 45
18725 0
18726 66
18735 55
18891 0
19140 66
19218 0
19280 33
19379 0
19399 33
19415 26
19423 0
19474 39
19521 0
19679 33
19742 26
19753 0
19946 66
20192 0
20235 71
20364 0
20657 33
20675 0
20786 55
21082 0
21194 71
21272 0
21303 39
21309 0
21327 45
21470 0
21580 42
21649 0
21865 71
21876 42
21879 0
21929 66
22046 0
22054 26
22177 45
22236 39
22284 39
22390 0
22496 66
22627 0
22679 33
22706 55
22927 0
22929 45
22966 0
23114 55
23142 45
23623 0
23624 39
23822 0
23921 45
23955 0
24033 71
24052 0
24063 33
24250 0
24261 39
24312 39
24700 71
24958 0
25070 42
25087 0
25113 45
25558 0
25613 39
25615 42
25692 0
25750 71
25787 0
25839 42
26014 0
26070 66
26151 0
26238 71
26260 0
26276 33
26288 0
26321 55
26474 45
26494 0
26540 55
26575 0
26630 39
26758 0
26919 66
27211 0
27328 33
27480 45
27524 39
27712 0
27864 55
27923 0
27958 39
28012 0
28196 33
28674 42
28851 0
28944 26
29013 33
29028 39
29034 0
29216 66
29382 0
29586 55
29689 0
29988 45
30040 0
30093 26
30100 0
30173 55
30328 0
30698 45
30799 42
30876 33
31086 0
31090 45
31096 66
31122 0
31153 66
31290 26
31462 0
31604 55
31612 0
31646 26
31721 0
31969 55
32034 0
32061 55
32215 0
32317 42
32369 0
32456 42
32476 33
32551 0
32585 55
32643 45
32704 42
32875 0
32987 26
33215 0
33480 39
33544 0
33805 42
33810 42
33849 0
34065 42
34302 0
34393 39
34414 0
34445 71
34594 0
34598 66
34720 0
34819 45
34838 39
34841 0
34969 66
35016 55
35144 42
35294 0
35319 45
35604 0
35747 71
35905 66
36160 0
36271 26
36651 0
36720 55
36851 71
36954 33
36995 0
37026 26
37092 0
37237 45
37369 66
37378 0
37485 66
37511 0
37528 71
37608 0
37631 33
38040 55
38116 42
38132 0
38543 33
38588 0
39158 26
39300 42
39310 0
39444 42
39506 0
39615 66
39620 71
39634 0
39694 71
39738 71
39897 0
40036 26
40090 42
40121 0
40459 55
40621 0
40796 33
40992 0
41003 33
41099 0
41103 33
41161 0
41171 42
41525 26
41573 0
41697 26
41755 33
41762 71
41857 39
42041 0
42060 33
42331 0
42487 71
42539 26
42546 0
42822 66
43009 0
43032 33
43071 0
43218 26
43369 66
43403 0
43443 42
43537 0
43570 39
43706 0
43904 71
44240 0
44359 55
44399 0
44735 66
44748 71
44785 0
44833 66
44870 66
45075 0
45239 71
45431 0
45442 39
45609 0
45684 33
45799 33
45833 0
45872 33
45884 0
45968 71
46183 0
46299 66
46415 0
46442 45
46500 45
46646 0
46787 71
46820 39
46885 0
46968 26
47155 0
47235 33
47373 0
47581 66
47701 39
47710 55
47973 0
48035 39
48036 0
48306 33
48320 0
48560 26
48602 42
48939 0
49129 45
49428 0
49499 42
49693 39
49697 0
49699 42
49734 0
50021 39
50140 0
50268 55
50418 0
50428 55
50456 42
50486 0
50539 66
50695 39
50727 0
50838 71
51127 71
51265 0
51314 45
51353 0
51420 45
51453 0
51480 33
51482 0
51534 33
51688 0
51730 33
51746 0
51771 39
51869 0
52158 66
52264 0
52430 45
52469 0
52558 26
52684 0
52844 45
52854 71
53188 39
53369 0
53407 55
53521 55
53717 0
53794 71
53882 0
54019 39
54222 26
54239 0
54375 71
54435 0
54490 45
54498 0
54581 42
54817 42
55151 71
55263 0
55515 66
55946 0
55980 39
56169 42
56426 0
56574 39
56742 42
56772 0
56952 33
57078 0
57431 39
57663 0
57830 66
58023 0
58033 26
58100 42
58195 0
58593 33
58666 0
58676 42
58709 0
58826 39
58910 66
58930 0
59413 42
59519 42
59601 0
59672 42
59756 0
60005 55
60077 33
60143 0
60238 39
60386 26
60403 0
60470 45
60503 39
60626 26
60709 26
60762 0
60886 42
60948 0
61098 71
61138 26
61295 0
61365 66
61442 0
61649 66
61714 0
61723 33
61785 42
61877 0
61911 71
61919 0
61950 45
62069 0
62306 33
62382 0
62512 42
62609 0
62862 45
62969 71
62998 0
63111 55
63128 0
63353 66
63396 0
63446 45
63504 0
63619 26
63776 0
63919 39
63962 0
64187 55
64281 55
64468 0
64594 55
64607 45
64856 0
64880 33
64913 0
64947 45
64992 0
65274 66
65294 0
65511 66
65865 0
65871 26
65889 55
66084 0
66279 33
66628 45
66645 0
66651 45
66671 0
66705 33
66861 0
66880 45
66931 26
67201 0
67247 66
67264 0
67314 45
67441 0
67712 42
67844 0
67907 45
67969 66
68002 0
68012 55
68245 0
68329 42
68698 0
68793 55
68994 0
69300 39
69327 0
69963 45
70012 55
70051 0
70097 39
70125 0
70297 42
70518 0
70523 26
70716 0
70754 42
70951 0
71534 39
71733 0
71985 39
72028 0
72082 45
72127 0
72503 26
72544 0
72567 45
72609 0
72651 33
72680 0
72768 66
72814 0
72977 33
73186 0
73213 26
73256 0
73414 55
73438 33
73599 0
73639 45
73731 66
73821 0
73851 66
73866 0
73885 39
73956 0
74133 42
74296 0
74322 33
74335 0
74488 26
74505 0
74510 55
74523 66
74568 71
74801 0
74972 26
74985 39
75057 0
75094 42
75122 0
75204 71
75594 0
75596 55
75673 55
75713 0
75763 45
76117 0
76196 66
76315 42
76324 0
76338 55
76392 0
76397 26
76525 0
76552 45
76584 39
76685 0
76691 33
76895 0
76980 55
77058 42
77061 0
77120 66
77528 71
77857 0
77867 33
77957 71
78014 0
78069 66
78254 0
78370 39
78443 0
78556 45
78764 39
79498 0
79665 26
79708 0
80138 45
80153 0
80213 71
80559 0
80646 71
80803 0
80953 71
81028 0
81039 71
81147 71
81246 0
81266 42
81597 0
82120 33
82279 0
82293 26
82488 26
82569 0
82574 39
82642 0
82653 45
82701 0
82850 39
82876 0
82882 42
82923 26
82929 0
82937 45
82970 0
83031 26
83236 0
83257 39
83263 42
83687 0
83694 42
83707 0
83753 33
83776 0
83920 55
84083 0
84233 33
84237 0
84445 33
84487 26
84489 0
85002 26
85075 45
85536 0
85570 71
85700 0
85737 45
85852 66
85856 0
85892 42
86220 0
86310 55
86403 0
86442 66
86508 0
86594 33
86631 0
86750 66
86776 0
86787 26
86808 39
86910 26
86970 0
87341 55
87559 0
87613 26
87620 0
87632 33
87828 0
88023 33
88052 0
88232 55
88397 45
88487 0
88658 33
88755 0
88852 45
88865 0
88962 39
88982 0
88992 26
89073 26
89183 55
89304 0
89322 66
89662 0
89708 71
89792 0
89833 71
89876 45
89885 0
90058 33
90309 39
90360 0
90508 55
90568 55
90719 55
90740 0
90828 26
90960 0
90989 71
91007 0
91140 26
91182 0
91239 33
91434 71
91738 0
91840 71
91863 66
92202 0
92322 55
92349 66
92394 0
92666 33
92745 42
92930 42
93423 0
93502 71
93658 71
93719 0
93735 42
93753 0
93873 39
93973 0
94018 39
94193 0
94356 71
94428 0
94585 26
94740 45
94743 0
95035 39
95065 42
95067 45
95085 55
95124 0
95187 45
95350 0
95375 39
95542 0
95589 71
95703 42
95705 0
96106 26
96303 0
96469 39
96587 0
96593 39
96829 0
96840 26
96880 0
96985 39
97021 42
97068 0
97097 66
97126 0
97225 71
97456 0
97527 55
97625 66
97638 0
97707 26
97871 33
97981 0
98077 26
98172 45
98505 0
98563 71
98586 0
98614 39
98704 39
98759 0
98776 55
98808 0
98828 39
98876 0
98894 42
98947 0
98965 42
99006 0
99184 55
99253 0
99352 71
99548 39
99565 0
99717 55
99736 45
381 events for 2
365 33
400 43
435 0
508 35
734 41
921 0
1315 43
1364 0
1592 40
1719 0
1834 43
2594 43
2676 35
2677 40
2728 0
3278 43
3874 0
3922 43
4052 0
4443 35
4473 31
4598 0
4763 35
4833 0
5076 31
5145 0
5763 43
5988 0
6252 43
6775 43
7153 0
7217 31
7551 0
7729 43
7748 0
8508 41
8588 0
8704 35
9155 0
9301 35
9505 0
9585 43
9746 0
10351 35
10711 35
10854 43
10901 0
10908 41
10970 0
11212 43
11695 0
12106 40
12531 40
12550 0
12909 43
13155 41
13692 0
14383 43
14662 0
14740 43
15317 0
15451 43
15568 41
15610 0
15746 41
15959 0
16081 43
16392 33
16430 41
16493 0
16976 43
17095 0
17202 41
17248 0
17456 43
17825 0
18276 43
18606 0
19647 43
19949 0
20244 43
20271 0
20713 43
20757 0
21355 43
21396 0
21784 35
21927 0
22260 41
22506 0
22528 43
23273 41
23520 0
23976 31
24473 0
25053 31
25116 0
26025 43
26178 43
26289 43
26658 0
26711 40
27068 0
27212 43
27481 43
28228 0
28976 43
29073 33
29160 33
30001 31
30148 0
30275 35
30703 35
31328 0
31445 40
32339 33
32377 0
32675 40
34122 0
34208 40
34936 0
35075 35
35999 35
36633 0
36989 41
37803 0
37860 41
38139 0
38432 35
38996 43
39073 0
39425 43
39613 35
39634 0
40030 41
40207 0
40276 33
41592 0
41634 35
43047 0
43072 43
43089 0
43128 31
43421 43
43870 0
44177 35
44275 0
44318 31
44327 0
44373 43
44477 0
45328 33
45390 0
45937 40
46017 33
46201 41
46436 0
46744 33
47033 41
47483 0
47907 35
47960 0
48236 35
48323 33
50015 0
50087 41
50189 0
50223 41
50484 43
51155 0
51161 43
51251 0
51405 43
51628 43
51714 0
52500 41
52982 0
52998 41
53085 0
53193 31
53671 0
53915 35
54083 33
54086 41
54139 0
54886 41
55130 35
55534 0
55561 40
56157 0
56405 41
56566 0
56785 43
56823 0
57057 31
57210 0
57246 43
57447 0
57571 43
57833 0
57877 43
58182 0
58245 31
58484 35
59020 41
59193 0
59506 43
59531 0
59691 31
59800 41
60006 31
60592 33
61388 31
61426 33
61521 0
61674 33
61858 0
62427 41
63110 0
63464 35
63565 40
63909 0
64228 41
64864 0
64963 40
65217 0
65570 31
65674 0
66520 41
66804 0
67282 31
67434 0
67827 41
67903 0
67909 41
68193 0
68195 43
68973 0
69400 41
69972 0
70025 35
70052 0
70151 41
70357 0
70711 41
70766 0
70909 33
71201 0
71404 35
71464 0
71888 41
71924 31
72009 0
72191 35
72219 0
72358 43
72625 0
72689 40
72898 0
73516 41
73663 43
73669 0
73693 41
73848 0
73941 40
74243 0
74431 43
74456 0
74542 41
74571 0
74616 43
74711 0
74747 43
75200 0
75478 41
75817 0
76592 40
76666 33
76794 41
76851 31
77178 0
77516 35
77635 0
77891 33
77935 0
78476 35
78510 40
78885 0
79704 43
79716 0
79998 40
80317 0
80563 31
80565 0
80701 40
80811 0
81072 41
81870 0
81935 43
81945 40
81967 0
81999 35
82434 0
82490 31
82874 0
82886 33
83380 0
83965 43
84104 41
84325 43
84351 0
84385 41
84616 0
84617 33
84820 0
84878 31
84938 0
85848 41
85874 41
86390 0
86666 41
86845 0
87189 41
87239 31
87787 43
87843 0
88587 41
88612 31
88745 35
88888 40
89200 43
89310 0
89595 41
89656 0
90290 41
90411 40
90465 41
91168 0
91277 31
91320 0
91496 41
91687 0
92075 33
92103 0
92120 31
92205 0
92246 31
92341 33
92605 0
93043 33
93324 0
93466 41
93978 0
94031 41
94171 0
94222 40
94541 43
94577 0
95073 41
95137 0
95586 40
95724 35
95808 0
95913 43
96236 0
96357 33
97240 0
97420 35
97592 0
97717 43
97883 31
98268 0
98390 40
98395 0
98403 40
98450 35
98714 33
98797 40
99238 0
99241 31
99498 31
131 events for 3
473 67
508 67
947 0
1281 68
2206 0
2216 68
3423 0
3903 72
6126 0
6866 71
6949 0
7119 73
9278 72
10333 0
11433 67
11518 0
11800 73
12267 0
12437 71
12683 0
12886 72
13086 80
13434 72
14837 0
14847 72
15160 0
17044 80
18063 0
19374 67
20453 0
20468 72
20660 0
21011 72
21160 67
21560 72
22623 80
22713 0
25672 71
27959 72
28108 0
29140 67
29770 0
30487 71
31014 0
32054 72
32486 0
32597 71
33170 0
33181 73
33972 0
34205 67
35345 0
35878 73
36490 0
38570 67
39091 0
39338 68
39766 73
40816 0
40889 71
41649 67
43544 0
44121 80
44722 0
45317 80
46901 80
49676 73
53455 0
53680 80
54659 73
54888 0
55482 72
60033 0
60780 72
61110 0
61820 80
62978 0
63417 80
63804 0
64271 72
66799 0
66823 73
69196 0
70077 73
70604 0
70856 71
71339 0
71443 73
72291 0
72358 71
72732 0
72914 73
73205 0
73477 73
75407 80
75518 0
75567 67
76591 0
76596 80
76869 0
79531 67
80265 67
80871 0
81807 73
81889 80
82231 0
83369 71
84624 0
84629 72
84773 0
85410 71
85800 0
88018 72
88453 0
88750 68
88959 80
89146 72
89737 0
90116 80
90773 71
92526 0
92604 72
93557 0
94718 73
94975 0
96143 72
96433 0
97144 68
98262 0
98495 80
99033 0
336 events for 4
72 77
733 0
959 79
1119 0
1309 77
1429 0
2086 62
2350 0
2508 78
2655 0
3268 68
3777 77
3866 0
4079 62
4430 0
4437 78
4901 0
5750 73
6628 62
7680 0
9214 64
9530 0
9642 64
10018 0
10119 64
10141 0
10326 73
10699 0
11008 73
11012 0
11034 73
11055 78
11779 0
12013 78
12110 68
12511 0
12579 79
12804 0
13122 64
13411 78
13413 0
13683 73
14603 0
14706 62
15184 0
15362 64
15399 0
15483 77
15699 0
15765 79
16047 64
16460 0
16642 77
16910 0
17000 79
17079 0
17940 64
18065 0
18109 78
18254 79
18816 0
19042 62
19510 0
19982 64
20124 0
20206 78
21046 0
21326 79
21846 0
22131 77
22629 0
22882 78
22917 77
23054 0
23266 64
23728 0
24162 73
24813 0
25560 64
25595 0
26506 62
26672 68
26933 0
27569 79
27648 0
27792 79
27923 77
28073 0
28433 62
28969 73
29207 0
29423 62
29536 79
29796 0
30031 77
30624 0
30655 78
31268 78
32023 0
32284 68
32302 73
32831 0
32845 77
33051 0
33307 78
33466 0
33537 79
33617 0
33627 62
34186 0
34990 68
35630 0
35643 68
35809 0
36164 78
36414 0
36809 73
36894 0
36919 62
37155 0
37847 68
38988 0
39087 78
39099 79
39117 73
40123 0
40236 77
40441 0
41047 73
41363 62
41841 0
42294 64
42873 0
43110 62
43134 78
43232 0
43453 62
43619 0
43673 79
44170 0
44922 62
45613 73
45659 0
45729 64
46791 0
46919 78
47107 0
47277 62
47342 78
47625 78
47962 78
47982 0
48124 77
48308 0
48552 78
48793 0
49347 78
49898 0
50589 77
50746 0
50765 64
50780 79
50869 78
51190 0
52030 68
52657 0
53643 68
53870 64
54002 0
54376 73
54401 64
54498 0
54986 78
56238 0
56245 73
56286 64
56298 0
56317 78
56358 64
56422 0
56456 62
56887 68
56961 0
57119 78
57266 78
57532 0
58326 64
58401 0
58451 78
58573 79
58591 0
58829 73
58976 0
59008 68
59388 64
59690 62
59950 0
60130 64
60140 0
60412 64
60597 0
60696 79
61372 0
61432 62
61809 0
61830 79
62094 0
62229 78
62409 0
62432 79
62686 0
62915 78
63136 73
63352 0
63858 77
64112 0
64185 78
64549 78
64579 79
64840 0
65097 73
65398 0
66112 79
66693 0
66973 73
67438 64
67472 0
67486 78
67654 77
67877 78
67887 0
68017 68
68885 68
69003 0
69649 68
69740 0
69800 77
70213 0
70364 78
70794 0
71110 73
71118 0
71687 73
72145 0
72201 79
72798 0
72811 78
73063 62
73326 0
73749 68
74421 64
74473 0
75376 73
75772 0
75789 73
76526 78
76748 79
76844 64
77397 0
77825 77
78472 0
78786 68
78944 0
79105 68
79400 62
79474 0
79687 73
80537 77
81050 0
81593 68
81806 0
82057 77
82339 0
82598 78
82891 0
83106 79
83134 0
83144 79
83572 0
83992 73
84583 0
84862 73
85244 68
85253 78
85640 0
86088 73
86234 73
86955 78
87041 0
87231 62
87304 62
87345 0
87392 62
87452 0
87488 78
88014 77
88379 0
88767 68
89018 0
89246 78
89386 0
89478 64
89698 0
89787 78
90566 77
91186 73
91355 73
91485 62
91694 78
91776 0
92116 77
92871 0
92969 78
93799 0
93858 78
93970 0
94139 68
94354 0
95479 77
95886 0
96049 68
96058 78
96240 0
96370 78
96430 79
96644 64
96881 0
97177 78
97259 0
97958 78
97995 0
98048 78
98359 0
98979 62
99180 0
99820 64
561 events for 5
24 76
282 0
351 95
372 0
409 60
474 0
955 76
993 0
1075 75
1083 0
1694 67
1951 0
1959 75
2558 0
2861 83
3180 0
3727 76
3799 0
3946 95
4001 67
4014 0
4336 62
4393 76
4422 0
4787 76
4984 76
5430 62
5519 0
5736 67
5776 0
5918 62
6092 0
6155 95
6280 75
7257 83
7323 83
7417 0
7773 67
8257 76
8295 0
8361 67
8661 0
9242 67
9359 0
9677 60
10078 83
10213 0
10375 76
10550 62
10737 0
11022 76
11127 76
11570 0
11584 76
11589 76
12133 0
12598 76
12727 60
12808 0
13147 67
13362 0
13365 67
13385 0
13465 95
13595 0
14052 60
14085 75
14141 0
14581 67
14590 67
14639 76
14650 0
14684 62
14934 76
15091 67
15447 0
15458 76
15638 0
15747 75
15826 0
15867 97
15981 0
16043 62
16288 0
16305 97
16346 0
16454 60
16485 0
17088 76
17151 0
17338 62
17775 75
17803 60
17975 0
18000 76
18120 76
18168 0
18196 76
18481 0
18711 62
18753 0
19071 75
19292 0
19471 83
19480 60
19677 0
20114 76
20239 0
20395 76
20583 0
20827 62
21189 97
21241 0
21328 60
21453 0
21550 67
21801 0
22313 60
22780 0
22948 76
22998 0
23045 60
23718 0
23768 60
23866 75
23959 67
24207 67
24217 76
24399 0
24426 97
24634 0
24680 95
24724 97
25115 0
25409 62
25574 76
25817 0
25904 83
25955 0
26099 97
26316 76
27082 0
27090 83
27149 97
27216 97
27278 0
27448 60
27863 95
27934 0
28089 76
28757 67
28994 0
29394 62
29449 0
29839 83
29851 0
29927 95
29973 97
29986 95
30074 75
30524 0
30598 83
30932 76
31033 0
31126 75
31145 0
31226 67
31473 75
32326 97
32426 0
32722 60
32944 0
32979 62
33034 0
33039 83
33154 0
33200 76
33218 95
33465 67
33534 83
33571 75
33703 0
33981 62
34061 0
34253 97
34411 0
34419 95
34487 0
34617 76
34664 0
35246 76
35426 0
35439 62
35637 0
35651 76
35917 76
36213 76
36244 0
36356 67
36391 0
36532 95
37671 97
37889 0
37986 76
38194 0
38291 60
38542 0
38724 67
38904 0
38909 75
39034 0
39068 60
39219 0
39625 76
39672 60
39686 0
39724 60
40372 97
40591 62
40624 0
41104 97
41741 0
41770 60
41930 0
42026 76
42029 0
42045 76
42859 67
43240 0
43285 60
43453 0
43844 75
44056 60
44111 0
44352 67
44525 67
44970 0
45234 97
45689 0
45797 76
46016 0
46071 60
46104 0
46121 95
46145 0
46529 67
46684 97
47199 0
47288 97
47358 0
47527 76
47663 0
47766 62
47883 0
47928 62
48122 76
48284 0
48287 83
48654 0
48693 62
48743 0
48758 75
48771 76
48964 0
49049 60
49141 0
49659 95
50658 0
50764 95
50987 0
51204 76
51238 0
52069 75
52439 60
52618 0
52648 67
52715 0
52751 76
53154 0
53309 76
53366 67
53436 0
53456 83
53476 95
53507 0
53609 97
53835 0
54154 67
54178 0
54388 60
54653 95
54663 95
54832 95
54915 83
54942 76
55034 83
55044 0
55245 83
55432 83
55437 76
55570 0
55701 60
55756 0
55776 75
55859 0
56054 67
56333 0
56510 76
56589 0
56625 62
56734 60
56896 97
57199 0
57305 83
57746 0
57757 76
57774 76
57801 62
58000 0
58129 75
58189 0
58475 83
59070 76
59123 62
59200 0
59399 83
59723 0
59755 76
60130 0
60462 95
60664 0
60667 60
60716 0
60733 62
60865 0
61052 95
61168 0
61408 67
61573 0
61610 95
61654 0
61955 97
62252 0
62411 67
62741 0
62788 75
62829 0
62943 95
63116 97
63356 60
63545 0
63580 76
63632 0
63706 60
63774 0
63965 76
64022 0
64054 76
64248 0
64296 75
64417 0
64422 76
64467 83
64522 0
64525 76
64536 0
64575 95
64580 0
65142 76
65299 0
65437 95
65749 0
65804 97
65885 0
65995 97
66024 0
66675 76
66822 0
66901 60
66918 0
67101 95
67210 0
67311 67
67389 0
67414 67
67706 0
67710 83
68442 0
68780 62
69234 0
69347 67
69776 97
69875 0
70104 67
70265 0
70643 67
70691 0
70889 75
70976 0
71161 95
71270 0
71341 76
71355 0
71790 67
71824 0
71846 76
71909 0
72174 67
72306 0
72427 97
72607 0
72837 95
73275 75
73561 0
73595 76
73742 76
73783 0
73839 60
73866 0
73892 67
74567 0
74572 67
75070 60
75127 97
75273 60
75457 76
75555 0
75584 76
75600 0
75676 67
76140 76
76343 0
76474 76
76913 76
77254 95
77284 0
77405 62
77469 0
77907 76
78132 0
78414 83
78621 0
78798 76
78891 0
79374 62
79755 0
79913 83
79922 0
79984 76
80047 0
80303 76
80346 0
80412 83
80456 0
81483 67
81712 0
81721 95
81908 0
82177 60
82197 0
82899 97
83089 75
83582 76
83598 0
83826 97
83940 0
84089 75
84274 0
84727 60
84981 83
85085 0
85151 62
85253 0
85414 76
85539 0
86341 83
86672 0
87026 97
87078 75
87116 0
87154 97
87571 83
87661 0
87682 75
87689 0
87728 67
87856 62
87998 0
88248 62
88363 0
88588 95
88719 0
88740 75
88807 0
88834 76
89175 0
89778 67
89779 0
89807 76
90145 0
90188 97
90386 0
90466 97
90631 0
90783 76
91280 0
91498 67
91610 0
91701 67
91702 0
91924 76
92020 0
92040 97
92041 0
92370 75
92425 76
92449 0
92632 75
92774 60
92957 0
92961 67
93085 0
93263 62
93546 62
93771 97
93877 95
93996 60
94004 0
94724 62
94788 0
94979 95
95245 0
95293 97
95315 76
95545 0
95709 62
95800 67
95977 60
96122 75
96180 0
96234 76
96297 0
96677 83
96843 0
97041 97
97070 76
97251 0
97272 75
97437 0
97733 62
97784 0
98255 97
98304 60
98429 95
99075 0
99084 76
99377 75
99466 0
99514 75
99536 0
99539 76
478 events for 6
148 68
205 27
249 67
492 0
655 27
764 0
914 51
1180 0
1463 27
2063 0
2249 54
2403 0
2423 54
2695 0
2762 52
2979 0
3505 67
3665 0
4069 68
4243 27
4326 0
4427 68
4473 51
4474 68
4895 0
5237 65
5384 65
6649 0
7163 51
7209 0
7317 65
7385 0
7435 51
7497 0
7530 54
7587 0
7651 27
7733 65
7984 68
8208 0
8378 67
8481 0
8614 27
8770 0
8826 67
8911 0
9156 51
9297 0
9482 52
9768 0
9847 65
9976 0
10081 65
10165 0
10217 52
10291 51
10625 0
10630 65
10984 0
11245 54
11609 0
11791 54
12053 0
12207 65
12360 0
12401 65
12469 0
13043 51
13058 0
13429 54
13649 0
14016 51
14118 0
15111 65
15268 0
15315 65
15414 0
15554 54
16045 0
16070 65
16125 65
16216 0
16234 51
16329 65
16964 0
17142 52
17217 0
17315 65
17427 0
18395 52
18618 0
19075 27
19111 0
19382 51
19891 51
20292 0
20303 68
21050 54
21544 0
21552 27
21695 52
22158 0
22359 52
22588 68
22942 0
22958 54
23069 0
23135 54
23177 0
23319 68
23321 0
23343 65
23482 0
23490 54
23672 0
23938 67
23968 0
24078 52
24121 52
24248 0
24263 51
24544 0
24863 67
24917 0
25349 51
25605 52
25759 0
25848 68
25963 0
26210 65
26529 67
26837 52
26962 0
27024 65
27031 0
27283 52
27380 0
27443 67
27556 0
28459 54
28833 0
28864 65
29201 65
30079 0
30099 27
30232 0
30870 67
31091 0
31103 51
31109 0
31155 65
31254 0
31366 68
31386 68
31709 0
31821 54
32138 0
32171 68
32272 0
32500 51
32582 0
32600 65
32623 0
32912 54
33788 0
33877 54
33924 0
34098 52
34369 0
34391 52
34488 0
35159 52
35406 0
35410 67
35575 0
35941 27
36257 0
36261 54
36296 67
36396 0
36493 65
36497 0
37029 54
37242 0
37897 68
37985 0
38507 68
38560 0
38612 51
38629 68
39365 0
39919 65
39972 0
40068 52
40512 0
40728 52
41005 0
41162 67
41249 0
41295 52
41344 0
41571 27
41704 0
41982 67
42061 0
42140 67
42313 0
42347 27
42348 0
42494 54
43360 0
43668 65
43701 27
43740 0
44133 67
44221 0
44307 51
44402 51
44476 0
44589 65
44651 0
44973 54
45488 0
45604 51
45742 0
46207 54
46387 0
46943 27
47120 0
47259 54
47487 0
48020 67
48512 0
48694 51
48801 0
48879 67
48944 0
48967 52
48980 67
49127 0
49132 27
49327 0
50309 68
50384 0
50480 52
51292 27
51354 0
51371 67
51600 67
51826 0
52095 52
52353 0
52485 54
52676 65
52837 0
52850 52
52998 0
53582 51
53728 0
54126 52
54185 0
54552 67
54557 0
54778 65
54892 0
55068 67
55090 0
55570 51
55634 0
55839 54
55968 0
56768 54
56871 65
56880 0
56959 52
57217 52
57280 0
57461 54
57788 65
58640 0
58685 65
58852 0
58919 51
58949 0
59092 54
59172 0
59796 51
59983 0
60061 68
60259 0
60668 27
60895 54
61158 0
61168 67
61244 65
61292 0
61298 68
61454 0
61685 51
61708 0
62048 67
62399 0
62753 65
62821 0
62880 54
62889 0
62927 65
63666 0
63715 65
63910 0
64073 54
64356 0
64390 65
64742 67
65523 0
65524 68
65629 0
65648 65
65728 0
66010 52
66240 0
66338 54
66665 27
66796 54
67890 65
68108 0
68213 68
68216 0
68342 51
69479 0
69535 67
69804 0
70150 68
70599 0
70795 54
72049 0
72348 67
72389 0
72512 51
72671 0
72957 52
73467 0
73483 52
73527 0
73841 54
74374 0
74667 67
74736 0
74856 68
75051 0
75205 52
75274 0
75624 51
75676 0
76630 52
77016 0
77510 51
77546 54
77740 0
78386 65
78437 65
78626 68
78653 0
78909 68
79331 0
79512 52
79827 0
80269 52
80367 0
80446 51
80805 0
81163 54
81287 0
81338 52
81380 0
81968 67
82761 0
82795 67
82797 51
83686 54
83920 0
84116 51
84169 0
84204 65
84672 0
84722 54
84765 67
85128 27
85240 51
85335 52
85678 0
85683 52
85868 0
85895 65
85921 51
86085 68
86105 52
86131 0
86429 51
86444 0
86747 67
86748 52
86853 52
86914 0
87018 67
87604 52
88218 0
88408 52
88554 67
88682 0
88899 52
88958 0
89052 54
89056 54
89134 0
89188 54
89198 51
89200 0
89484 67
89589 0
90120 65
90134 0
90525 27
90622 54
90658 0
90698 68
90746 51
90950 54
91111 0
91221 52
91324 0
91737 67
92591 65
92617 0
92959 54
92962 0
92963 54
93237 0
93409 65
93488 68
93648 52
93988 0
94178 68
94403 0
94405 27
94705 0
94730 65
94852 0
94977 27
95101 0
95141 51
95142 0
95340 65
95669 27
95692 0
95769 65
95803 0
95834 27
95967 0
95986 67
96057 52
96278 0
96554 68
96747 0
97012 27
97122 0
97332 27
97683 68
97689 0
97844 68
97962 0
98149 51
98190 0
98517 27
98802 0
98909 27
99214 52
99351 0
771 events for 7
63 20
120 0
144 25
409 0
411 17
628 0
629 25
687 0
708 20
766 0
896 20
1205 0
1207 20
1291 0
1385 26
1450 17
1601 17
1636 0
2076 20
2105 0
2227 17
2452 26
2619 25
2716 0
2752 26
2873 0
3071 25
3187 0
3368 20
3444 0
3563 26
3613 25
3651 0
3674 25
3823 0
3837 17
3900 25
4021 20
4031 0
4039 20
4057 0
4067 20
4081 0
4195 25
4219 0
4299 26
4362 0
4891 20
4972 0
4984 20
5050 0
5149 26
5165 17
5207 0
5230 25
5312 17
5398 0
5450 25
5534 0
5540 20
5615 0
5642 17
5685 0
5991 26
6104 20
6155 0
6298 26
6532 0
6771 17
6787 0
7029 20
7098 0
7485 17
7622 0
7789 20
7814 0
8330 25
8334 25
8839 0
9059 26
9127 20
9305 17
9371 25
9462 17
9938 0
10115 25
10229 0
10274 25
10326 0
10332 20
10491 0
10521 20
10586 26
10713 0
10849 25
10922 0
11258 26
11419 0
11503 25
11686 0
11775 20
11780 0
11848 25
11978 20
12329 26
12734 0
12820 25
12872 0
12918 20
12988 25
13165 0
13166 20
13394 0
13407 25
13599 26
13810 0
13897 17
13986 0
14409 26
14514 0
14536 20
14688 0
14749 17
14866 0
14943 20
15022 0
15113 17
15144 0
15387 26
15459 0
15466 17
15886 26
15911 0
15944 20
16818 0
16983 20
17012 0
17037 20
17528 0
17554 25
17612 0
17648 17
17772 25
18246 0
18285 26
18324 0
18388 17
18490 0
18505 17
18520 0
18695 25
19063 0
19148 25
19209 25
19835 26
19984 0
19985 17
20033 0
20115 17
20339 0
20406 17
20566 20
20904 0
21085 26
21211 26
21382 0
21529 20
21545 0
22143 20
22385 20
22554 0
22614 25
22674 0
22906 20
22913 0
22931 25
23039 20
23062 17
23132 20
23285 0
23476 17
23648 17
23753 20
23785 17
23802 0
24323 17
24520 17
24558 20
24665 17
24708 0
24851 25
25211 0
25470 25
25551 0
25606 26
25741 0
25824 20
25839 0
25895 17
26008 0
26167 26
26168 0
26272 20
26304 0
26375 17
26425 20
26725 0
27004 17
27310 25
27540 0
27652 20
27836 0
27862 26
27914 0
28372 17
28590 26
28626 17
28887 17
28981 0
29069 26
29355 25
29490 25
29491 26
29595 0
29604 25
29701 0
29900 25
29947 0
29997 17
30107 0
30160 25
30239 0
30559 25
30601 0
30646 17
30703 0
30968 17
31256 0
31278 17
31334 0
31350 26
31399 0
31484 26
31547 25
31564 0
31692 17
31730 0
31891 26
32187 0
32332 26
32372 17
32459 0
32569 25
32611 0
32972 26
33009 26
33010 0
33024 20
33127 0
33154 25
33274 0
33314 20
33401 0
33472 25
33642 0
33791 17
33817 20
33831 17
33967 17
33979 0
34030 26
34389 0
34442 17
34975 17
35046 0
35148 17
35196 0
35373 17
35415 0
35456 17
35457 0
35523 26
35652 20
35749 0
35792 17
35855 0
35910 25
36332 0
36404 25
36429 0
36530 26
36549 0
36707 25
36762 0
36915 17
37127 0
37209 25
37276 0
37323 17
37398 0
37590 20
37614 0
37719 25
37811 0
38041 20
38111 0
38144 17
38266 0
38360 25
38616 0
39538 25
39759 17
40185 0
40359 26
40696 0
41211 17
41262 17
41431 0
41444 25
41490 0
41587 17
41751 0
42124 25
42235 25
42319 0
42425 17
42427 17
42545 17
42743 0
42874 17
43100 0
43407 20
43773 17
43865 0
43889 20
43958 25
43963 0
44100 26
44240 0
44341 25
44448 0
44510 20
44593 17
44608 25
44672 0
44890 20
44915 0
44997 20
45014 26
45126 25
45375 25
45509 20
45594 0
45741 26
45912 26
45923 26
45944 0
46078 20
46227 25
46365 0
46457 20
46480 0
46647 17
46669 0
46732 25
46770 0
47013 26
47097 0
47208 17
47264 0
47327 17
47328 17
47465 0
47640 17
47741 0
48109 25
48193 0
48443 17
48468 20
48515 0
48744 25
48831 0
48910 26
49292 0
49308 20
49686 17
49765 20
49814 0
49818 17
49878 0
49887 26
50170 26
50279 20
50296 0
50322 20
50727 26
50925 0
51002 26
51469 17
51581 20
51752 0
51820 26
52018 20
52085 20
52138 0
52402 26
52412 0
52506 26
53060 0
53097 26
53183 0
53241 25
53573 17
53747 0
54074 26
54255 17
54351 0
54586 17
54631 25
54647 0
54667 26
54689 0
54718 26
54964 0
55441 25
55505 0
55768 26
55793 0
55812 25
56107 0
56109 17
56208 0
56242 25
56265 0
56299 17
56437 0
56491 25
56502 17
56784 0
56792 17
56814 0
56994 26
57068 0
57088 20
57099 0
57168 20
57188 0
57229 20
57280 0
57384 25
57545 0
57912 26
57987 0
58069 25
58132 26
58266 0
58313 20
58328 25
58563 0
58580 17
59193 0
59260 17
59466 0
59574 26
59862 0
60186 20
60226 26
60296 0
60430 25
60464 25
60465 0
60487 25
60653 20
60865 17
61068 0
61087 26
61252 0
61351 25
61477 0
61673 25
61921 0
62043 17
62106 17
62122 0
62133 17
62508 0
62526 20
62651 0
62657 26
62923 0
62943 17
63002 26
63031 0
63391 26
63513 20
63523 25
64130 0
64201 25
64336 0
64498 25
64675 0
64792 17
64818 26
65134 0
65377 17
65394 25
65502 0
65552 17
65565 0
65943 26
65990 0
66094 17
66196 25
66306 20
66479 0
66539 25
66651 17
66796 0
66897 17
66971 20
67049 0
67059 26
67316 25
67379 0
67419 17
67814 20
67833 20
67907 20
67950 20
67955 17
68181 0
68505 25
68599 0
68624 25
68761 26
69208 25
69318 25
69591 17
69648 20
69894 0
70420 26
70712 0
71140 25
71159 0
71344 17
71648 20
71872 0
71994 20
72752 0
72786 26
72813 0
73039 17
73320 0
73520 26
73566 17
73589 0
73610 25
73819 0
74193 25
74514 0
74624 26
74878 20
74941 0
75014 26
75072 25
75196 26
75216 0
75238 17
75246 17
75414 17
75435 0
75501 25
75507 0
75935 25
76052 0
76184 25
76403 20
76530 20
76698 0
76745 26
76753 0
76871 26
77125 0
77142 26
77367 0
77513 20
77541 0
77543 26
77586 0
77646 25
77912 0
77948 17
78026 0
78060 17
78261 0
78650 25
78726 0
78736 26
78743 0
78761 26
78813 0
78819 20
79029 0
79174 17
79220 17
79533 26
79589 0
79982 26
80121 0
80138 17
80229 17
80408 17
80431 0
80606 25
80712 26
80754 0
80818 26
80886 25
81062 0
81092 26
81100 0
81160 26
81296 0
81562 20
81629 0
81666 25
81751 20
81775 17
81848 0
81905 26
81948 0
82001 17
82073 20
82086 25
82168 0
82465 17
82603 0
82763 26
83166 26
83189 0
83202 20
83236 0
83263 17
83481 0
83647 25
83739 0
83955 26
84146 17
84199 17
84282 0
84385 26
84386 0
84494 26
84572 0
84596 25
84629 0
84657 20
84892 0
84909 17
85037 0
85155 20
85168 0
85377 17
85439 17
85564 0
85596 17
85965 0
86067 26
86070 0
86133 20
86328 26
86388 0
86422 20
86812 0
86905 20
86936 25
87037 0
87199 26
87311 0
87626 17
87876 0
87879 26
88123 0
88129 17
88179 25
88328 0
88868 26
88961 0
89067 26
89177 0
89224 26
89486 0
89794 26
89860 0
90033 26
90078 0
90081 20
90136 0
90333 17
90515 0
90744 20
91039 0
91257 25
91362 0
91605 26
91636 0
91819 17
92232 20
92274 0
92459 17
92464 20
92646 0
92825 26
93070 0
93366 17
93581 20
93697 0
93776 20
93926 0
93969 26
94356 0
94391 20
94455 0
94581 17
94589 26
94626 0
94798 20
94850 0
94888 26
94953 0
95287 26
95641 0
95687 26
95748 20
95838 0
95928 26
96001 0
96160 25
96228 0
96418 20
96443 0
96645 17
96806 0
97143 20
97182 0
97248 25
97352 0
97383 26
97734 25
97812 25
97825 0
97938 20
98010 17
98013 0
98259 26
98325 25
98416 26
98478 0
98572 17
98589 17
98711 20
98866 17
98951 0
98960 25
99074 0
99106 17
99111 0
99368 17
99464 0
99626 17
99864 25
421 events for 8
225 26
547 23
940 0
1256 26
1292 0
1330 26
1586 0
2026 26
2195 0
3070 23
3179 23
3646 0
3819 23
4033 0
4396 23
4412 0
5021 26
5199 0
5782 23
6010 26
6011 0
6275 23
6795 26
6966 0
7044 23
7296 26
7380 0
7485 26
7510 0
7889 23
8009 0
8373 26
8413 0
8457 23
8649 23
8734 0
9050 26
9276 23
9508 26
9637 0
9690 26
9720 0
11420 26
11505 0
11527 26
11563 0
11571 23
11760 0
11770 23
11804 0
11832 23
11929 0
11934 23
12027 0
12452 23
12833 0
13720 26
13813 0
14029 26
14464 0
14558 23
14639 0
14795 26
14841 0
14990 23
15031 0
15741 23
15932 0
16000 26
16430 0
16474 23
16672 0
16782 23
16783 0
17093 26
17288 0
17412 26
17581 0
17853 26
18007 26
18052 23
18414 0
18867 26
19010 0
19823 23
19963 0
20019 23
20241 0
21202 26
21510 0
21515 23
21596 0
21772 26
21855 26
22096 26
22197 0
22284 23
22497 26
22758 23
23000 0
23133 26
23767 0
23818 23
24233 0
24327 26
24593 0
24956 26
25059 0
25257 23
25359 0
25645 23
25670 0
25755 23
25954 0
26217 26
26240 0
26646 26
26922 0
27121 26
27266 0
28061 23
28087 0
28437 23
28770 0
28867 26
29015 23
29184 0
29223 26
29440 0
29589 23
29630 26
29825 0
30346 26
30543 0
30569 26
30599 0
30908 26
30958 0
31604 26
32490 0
32682 23
33174 0
34108 23
34183 0
34637 26
35024 0
35110 23
35382 23
36302 26
36502 26
36578 26
36748 26
36801 0
37008 26
37329 0
37424 23
37490 0
37499 23
37801 0
37933 23
38142 0
38334 26
38810 0
39328 26
39774 0
40442 23
40485 23
40494 0
40696 23
40783 0
40878 23
40999 26
41403 0
41583 23
41695 0
41909 26
42304 26
42467 23
42592 0
42686 23
42690 0
42884 26
43036 0
43384 26
43874 0
43964 26
44095 26
44137 0
44179 23
44501 0
44889 26
44930 0
44976 23
45071 0
45652 23
45852 23
46138 0
46333 23
46434 0
46437 23
46531 23
46760 0
46840 26
47201 0
47359 23
47780 23
47839 23
47962 0
48076 26
48274 0
48308 26
48719 0
48767 26
48834 0
48973 26
49103 23
49212 23
50042 26
50264 23
50548 0
50635 23
51222 0
51260 26
51307 0
51483 23
51633 0
51638 26
51659 0
51699 26
51735 0
51881 26
52080 0
52114 26
52416 23
52598 0
52618 23
52740 0
52933 26
52945 0
53550 26
53678 26
53742 0
54005 26
54094 0
54375 23
54485 0
54558 23
54804 0
54809 23
55397 26
55454 23
55887 23
55927 26
56039 0
56437 26
56439 0
56638 23
57264 0
57427 26
57839 0
58066 26
58298 0
58514 26
58701 0
58809 23
59066 26
59451 0
59513 23
59812 0
59818 23
60804 0
61086 23
61182 0
61644 23
61685 0
61777 26
61952 0
62075 23
62293 0
62326 26
62416 0
62457 23
62570 0
62722 26
63102 26
63114 0
63359 23
63368 26
63379 26
63428 0
63503 26
63705 0
63792 23
64156 0
64425 26
64843 0
65127 23
65250 0
65263 23
65706 0
65904 23
66164 26
66336 23
66376 0
66456 23
66507 0
66684 23
67030 0
67097 23
67326 0
67879 26
68089 0
68131 23
68812 0
68878 23
69537 26
69613 0
69822 23
69972 0
70350 26
70498 0
70639 23
70714 0
70923 26
71398 0
71871 26
72001 23
72429 0
72924 23
73097 23
73166 0
73677 23
74370 0
74896 26
75336 0
75398 23
75570 0
76082 26
76141 0
76381 26
76815 23
76931 0
76934 23
77130 0
77190 26
77742 0
78253 23
78470 0
78515 23
78788 23
78803 26
79291 0
79417 26
79518 0
79664 26
80077 0
80614 26
81052 0
82128 23
82136 26
82216 0
82460 26
82522 0
82684 23
82757 0
82781 23
83125 0
83166 26
83437 0
83728 23
84125 0
84399 23
84405 0
84609 23
84848 23
85162 0
85814 26
86063 0
86449 23
86862 0
86874 26
87031 26
87228 23
89304 0
89441 23
89496 0
89561 23
90093 0
90307 26
90328 26
90591 23
91762 0
91779 26
92000 23
92361 26
92518 0
92619 26
92640 0
92704 26
92770 23
92943 0
93156 23
93649 0
93675 23
93772 0
94871 26
95114 0
95337 23
95392 23
95491 0
96120 23
96157 0
96862 26
97065 0
97594 23
97692 23
97699 0
98188 23
98294 0
98502 26
99890 26
513 events for 9
678 78
681 80
786 0
1021 80
1058 0
1118 36
1167 64
1212 0
1339 36
1444 0
1761 80
1807 0
1887 79
1979 0
1981 72
2084 0
2263 73
2517 0
2577 23
2818 0
3043 73
3171 0
3691 72
3702 0
4141 80
4172 0
4378 72
4482 0
4521 72
4702 0
4835 80
4927 0
4961 36
5025 0
5179 72
5274 80
5397 0
6014 23
6133 0
6230 36
6424 0
6596 80
6693 80
6867 0
7438 23
7856 0
7922 78
7961 0
8075 23
8281 78
8445 0
8448 78
8512 0
8773 64
9224 0
9259 23
9392 72
9800 64
9868 0
9973 73
10257 72
10309 78
10495 78
10791 80
10987 78
11191 0
11383 78
11562 36
11575 0
11643 36
11762 0
11848 36
11866 0
11927 72
12231 79
12346 0
12389 73
12505 0
12632 73
13025 0
13118 79
13484 0
13838 72
14057 0
14123 78
14981 0
15226 80
15241 72
15404 0
15815 80
15867 73
16064 0
16344 36
16495 79
16929 0
16952 36
16976 72
17612 0
17706 23
17886 0
18029 79
18140 72
18569 0
19299 36
19345 0
19483 73
20100 0
20126 79
20597 80
20672 0
20705 64
20738 36
20825 64
21182 73
21795 0
22033 36
22201 0
22314 73
22474 73
22568 23
22750 0
22776 36
23072 80
23081 0
23184 78
23250 0
23369 72
23558 73
23565 0
23656 23
23719 0
23859 79
24694 0
24886 72
25363 0
25494 79
25634 72
26096 0
26123 36
26313 80
26349 23
26447 0
26586 79
27351 36
27460 0
27704 78
27953 0
28046 64
28651 0
28773 79
28880 0
28900 78
29068 0
29137 36
29179 0
29225 79
29797 0
29910 78
29933 0
30026 79
30108 0
30257 64
30568 0
30591 36
31308 73
31438 0
31528 80
31585 0
31855 23
32275 0
32322 79
32412 0
32507 64
32521 0
32743 79
33074 64
33270 0
33624 72
34242 0
34383 78
34464 0
34794 78
35500 0
35517 64
35916 0
35951 80
35976 78
36132 0
36138 72
36258 0
36277 72
36390 0
36412 64
36528 0
36726 64
37027 0
37111 64
37481 0
37514 73
37853 36
37871 0
38353 80
38370 73
38807 0
39260 80
39439 80
40142 0
40172 36
40297 79
40338 78
40479 0
41087 80
41141 79
41195 0
41239 80
41242 79
41417 0
41463 64
42080 0
42114 72
42166 0
42388 23
42462 23
42530 0
42552 80
42728 0
43122 23
43380 0
43996 72
44014 0
44213 78
44422 0
44660 36
45087 0
45203 78
45461 79
45523 0
45553 73
45726 0
46517 64
46553 0
46998 72
47146 0
47214 64
47295 0
47469 72
47755 36
47770 36
47981 0
48281 36
48296 0
48629 23
48764 78
48805 79
48878 80
49798 0
49997 72
50043 0
50688 23
50741 72
50825 0
50897 79
51156 0
51238 80
51249 0
52000 72
52086 80
52356 0
52444 78
52506 0
52561 78
52684 0
53155 72
53359 72
53445 0
53557 78
53641 0
53670 72
53710 0
53794 73
53944 0
53960 72
54677 0
55008 73
55096 0
55422 36
55679 0
55707 78
55715 0
55752 79
55927 0
55965 80
56157 0
56483 79
56659 0
56838 36
57425 72
57500 0
57860 78
58179 0
58310 79
58313 0
58437 78
58515 0
58552 36
58713 0
58784 23
58854 0
58873 64
59329 0
59443 64
59789 0
59874 79
60338 0
60388 80
60733 0
60837 80
60926 0
61099 23
61491 0
61508 23
61597 0
61918 80
62422 0
62431 64
62566 0
62994 79
63046 23
63221 0
63242 64
63248 0
63267 72
63397 0
64251 79
64801 73
64937 73
65232 64
65382 0
65412 36
65871 79
66226 78
66275 0
67142 36
67143 0
67252 79
67651 0
67738 36
67832 0
67872 78
67945 0
68261 78
68791 0
68949 36
69103 0
69378 78
69417 0
69725 73
69812 0
69997 78
70074 0
70550 64
70946 0
71165 23
71180 0
72125 72
72559 0
72609 78
72703 0
72747 72
72818 79
73071 79
73350 0
73622 73
73815 0
74259 72
74286 0
74409 78
74732 64
75050 72
75226 0
75312 36
75372 0
75451 72
75558 0
75752 64
75799 0
75825 73
76196 0
76232 23
76375 73
76432 0
77281 78
77410 0
77579 36
77755 0
77914 72
77917 0
78136 64
78291 23
78329 0
78484 72
78540 23
78875 0
79152 78
79268 79
79317 73
79375 0
79503 72
79552 72
79589 0
79738 64
79812 0
79938 72
80380 0
80746 79
80908 0
80927 23
80960 0
81392 79
81527 0
81822 80
82065 0
82316 72
82320 0
82514 78
82515 79
82534 0
82805 23
82830 0
83040 73
83583 0
83854 23
83857 0
83952 73
84022 0
84231 72
84232 0
84336 64
84599 23
84716 0
84773 36
84842 79
84977 0
85057 64
85347 0
85430 73
85711 0
85749 80
85755 0
86354 79
86643 72
87099 0
87301 80
87302 80
87456 64
87875 64
88138 23
88256 0
88660 72
89410 73
89467 80
89684 0
89852 73
90021 80
90171 0
90468 79
90771 0
90965 73
91012 0
91212 80
91745 0
92166 23
92176 0
92385 79
92461 0
92716 36
92921 0
93450 78
93842 0
93871 80
93905 36
94056 0
94361 78
94617 0
94767 23
94833 64
94837 0
95179 72
95209 0
95261 78
95439 0
95695 73
95699 0
96095 36
96214 23
96517 0
96720 23
97227 0
97459 36
97470 0
97566 80
97863 0
97958 23
97987 73
98060 23
98334 0
98411 23
98828 64
98919 0
99170 79
99224 79
99297 0
99717 73
630 events for 10
4 13
51 13
334 13
603 13
903 0
926 13
959 0
1158 13
1204 0
1686 13
2144 0
2201 13
2711 0
2794 13
2837 13
3236 0
3353 13
3415 13
3425 0
3428 13
3570 0
3881 13
3903 13
4274 0
4278 13
4351 0
4399 13
4526 0
4896 13
4914 0
5065 13
5113 13
5183 0
5198 13
5473 0
5540 13
5582 13
5849 0
5981 13
6037 0
6099 13
6203 0
6393 13
6681 0
6713 13
6946 13
7240 0
7297 13
7582 0
7887 13
8147 0
8243 13
8556 0
8715 13
9107 13
9149 0
9228 13
9300 13
9310 0
9367 13
9464 0
9620 13
9663 0
9674 13
9694 0
9722 13
9855 0
9969 13
10636 0
10661 13
11061 13
11116 0
11190 13
11223 0
11389 13
11409 13
11511 0
11822 13
12006 0
12070 13
12071 0
12082 13
12128 0
12327 13
12624 13
12665 13
12678 13
12772 13
12833 0
12915 13
13246 13
13328 13
13453 13
13614 0
13710 13
13714 0
13738 13
13774 13
13910 0
14008 13
14130 0
14246 13
14320 0
15008 13
15070 0
15124 13
15147 0
15428 13
15489 0
15637 13
15662 13
15693 0
15817 13
16537 13
16578 0
16602 13
16618 0
16653 13
16686 13
16702 0
17031 13
17439 0
17752 13
17878 0
18176 13
18179 0
18215 13
18386 13
18415 13
18699 13
18890 0
19281 13
19299 0
19351 13
19507 13
19629 13
20106 13
20242 13
20341 0
20460 13
20699 13
20827 13
20974 13
21174 0
21210 13
21489 0
21555 13
21697 13
21720 0
21884 13
22173 0
22484 13
22619 0
22724 13
22750 0
22787 13
22970 0
23224 13
23296 13
23405 0
23408 13
23481 0
23658 13
23666 13
24035 13
24170 0
24208 13
24267 0
24360 13
24732 0
24735 13
24747 0
24784 13
24813 13
24828 0
25735 13
25869 13
25932 0
25965 13
26032 0
26035 13
26235 0
26472 13
26500 0
26518 13
26749 0
26798 13
26883 0
26912 13
26996 0
27081 13
27204 0
27653 13
27879 0
27967 13
28129 13
28268 13
28278 0
28292 13
28776 0
28836 13
28926 0
28961 13
29354 0
29556 13
29567 0
29924 13
30417 0
30635 13
30657 13
30812 0
31041 13
31131 13
31150 0
31306 13
31393 0
31411 13
31520 13
31715 0
32336 13
32358 0
32461 13
32480 0
32853 13
33011 0
33074 13
33147 0
33223 13
33795 0
33920 13
33944 13
34016 13
34206 13
34735 0
34747 13
34999 13
35018 0
35222 13
35241 13
35249 0
35321 13
35649 0
35710 13
35888 0
36205 13
36276 13
36507 0
36880 13
36946 0
36971 13
37204 0
37218 13
37271 0
37355 13
37560 0
37626 13
38286 0
38612 13
38757 0
38993 13
39096 13
39199 0
39231 13
39387 0
39583 13
39893 0
40134 13
40195 0
40543 13
40855 0
41338 13
41384 0
41891 13
41972 0
42220 13
42245 0
42813 13
43110 13
43398 13
43447 0
43722 13
43752 0
43764 13
44024 0
44328 13
44431 0
44503 13
44583 0
44627 13
44678 13
44846 0
44919 13
45315 13
45368 0
45373 13
45783 0
45786 13
45847 0
45950 13
45959 0
45989 13
45992 0
46004 13
46010 13
46218 0
46417 13
46444 0
46492 13
47120 0
47349 13
47510 0
47588 13
47753 13
48044 0
48071 13
48423 13
48429 13
48558 0
48678 13
48859 0
48933 13
49158 0
49408 13
49573 13
49609 0
49657 13
49714 13
49759 0
49812 13
49924 0
49978 13
50245 13
50279 13
50779 13
50785 0
51176 13
51365 0
51492 13
51609 0
51804 13
51964 0
52378 13
52765 0
52787 13
53061 0
53266 13
53369 0
53548 13
53595 0
53642 13
53895 0
53932 13
54116 0
54350 13
54582 0
54698 13
54786 0
55026 13
55090 0
55527 13
55812 13
55872 0
56051 13
56068 0
56119 13
56298 13
56356 0
56413 13
56440 13
56446 0
56456 13
56582 0
57437 13
58087 0
58164 13
58179 0
58220 13
58420 13
58440 13
58479 13
58551 0
58773 13
58872 0
58908 13
58972 0
59069 13
59106 0
59493 13
59835 0
60674 13
60677 0
60865 13
60955 0
61148 13
61168 0
61284 13
61332 13
61400 13
61799 0
61858 13
61902 0
61910 13
62191 13
62251 13
62368 0
62369 13
62608 0
62652 13
63097 13
63106 0
63252 13
63409 0
63568 13
63764 0
63770 13
63825 13
63855 0
63959 13
64291 0
64391 13
64763 0
64813 13
64857 0
65326 13
65462 0
65525 13
65593 13
65730 0
65823 13
66064 0
66515 13
66546 0
66642 13
67024 0
67082 13
67158 0
67287 13
67391 0
67443 13
67849 0
67932 13
67938 0
67966 13
68276 0
68399 13
68481 0
68572 13
68642 13
68741 13
68764 13
68846 13
69097 13
69273 0
69472 13
69638 13
69679 13
69751 0
69853 13
70061 13
70118 13
70191 13
70289 13
70457 0
70575 13
70773 0
70777 13
70987 13
71011 0
71137 13
71175 0
71179 13
71192 0
71595 13
71647 13
71796 0
71926 13
72018 0
72122 13
72368 0
72784 13
72806 0
73366 13
73460 0
73550 13
73794 0
73923 13
74033 0
74055 13
74259 0
74286 13
74429 0
74431 13
74503 13
74637 0
74765 13
74790 0
75180 13
75185 0
75187 13
75320 0
75390 13
75495 13
75911 13
76163 0
76689 13
76916 13
77171 0
77258 13
77528 13
77594 13
77694 0
78347 13
78390 0
78609 13
78722 13
78742 0
79025 13
79048 13
79360 0
79831 13
79832 0
80676 13
80711 0
80856 13
81269 13
81298 13
81306 0
82178 13
82662 13
82705 0
83479 13
83618 0
83931 13
83944 0
84138 13
84373 13
84413 0
84440 13
85127 0
85252 13
85592 0
85654 13
85815 0
85858 13
85868 13
85885 0
85974 13
86656 0
86736 13
87643 13
88012 0
88034 13
88112 0
88159 13
88184 0
88244 13
88379 0
88685 13
88710 0
88777 13
88951 0
89700 13
89747 13
89951 0
90120 13
90166 13
90203 0
90220 13
90296 13
90353 13
90676 0
90955 13
91447 0
91739 13
91753 0
91808 13
92050 0
92109 13
92198 13
92285 0
92487 13
92509 13
92511 13
92657 0
93011 13
93070 0
93213 13
93267 0
93637 13
93715 0
93844 13
94113 0
94438 13
94515 0
94815 13
95258 0
95423 13
95613 13
95717 0
96019 13
96229 13
96252 0
96903 13
96931 0
96980 13
97024 0
97230 13
97291 0
97319 13
97772 13
97976 0
98486 13
98839 13
98933 0
98984 13
99007 0
99135 13
99284 0
99286 13
99331 0
99338 13
99346 0
99473 13
99509 0
99806 13
99837 0
99885 13
99954 0
99997 13
99998 13
164 events for 11
1553 51
1890 45
2682 0
4454 45
4897 0
5300 45
5742 0
6128 45
6689 0
7127 51
8306 0
8630 51
8831 45
9211 0
9616 51
10177 0
11608 45
12008 0
13758 51
14231 0
14369 45
15624 0
15873 51
16107 0
16609 51
17350 0
17713 51
19870 0
20316 51
20936 0
21370 45
21673 0
21825 45
23134 0
23319 51
24660 45
25293 45
25506 0
26739 45
27503 0
30540 51
30797 0
30877 51
31348 45
31536 45
31763 51
31806 0
32808 45
33524 0
34148 51
35200 0
35204 51
35222 45
35937 0
36970 51
37791 0
38114 51
38326 0
38508 51
39353 0
40022 45
40210 0
40442 51
42955 0
43052 51
43192 0
43706 51
44240 0
45139 45
45788 0
46189 51
47318 0
50280 51
50484 0
50701 45
51810 0
52503 45
53325 0
53451 51
53807 51
54602 0
55384 51
55420 0
56714 45
56884 0
56906 51
57023 0
57112 51
57729 0
59578 51
60136 0
60366 51
61422 0
61486 51
61731 0
61946 51
61968 0
62118 51
62634 0
63294 51
63343 0
63468 51
64109 0
65016 51
65385 51
65937 0
66679 45
66964 0
67228 51
68543 45
69331 0
69777 45
70583 45
71319 45
71407 51
71505 0
71520 45
71543 0
71801 45
72779 0
75740 45
76627 0
76996 45
77943 51
78137 0
79083 45
79353 51
79417 51
79713 51
80858 0
81116 45
81821 51
82490 51
83712 0
84016 51
84626 0
86077 51
86289 0
86716 51
87997 0
88063 51
88604 0
89213 51
90331 0
90607 51
91362 0
91528 51
92034 0
92986 45
94116 51
94159 0
94181 51
94960 51
95126 0
95675 45
96706 45
97517 45
97595 51
98016 0
98216 51
99085 0
99395 51
99702 0
99769 45
383 events for 12
165 41
276 40
406 40
418 0
546 41
842 0
1263 41
1313 40
1402 40
1465 40
1793 40
1816 0
1839 40
2031 0
2637 40
3218 0
3532 41
4373 0
4381 40
4671 41
5434 0
5653 41
5662 0
5691 40
5854 0
6712 40
7042 40
7112 0
7318 41
7382 0
7393 40
7560 41
7668 0
8038 40
8116 0
8405 41
8775 0
8889 41
9675 0
9723 40
9781 40
9956 0
10137 41
10770 0
11199 41
11213 0
11338 40
11712 0
11990 41
12253 0
12392 40
12477 41
12746 0
13252 40
13365 0
13452 41
13504 0
13644 40
13744 0
13842 40
13966 0
14425 41
14541 40
14562 0
14798 41
14937 41
14956 41
15526 41
15666 0
15692 41
15897 0
16065 40
16098 0
16229 41
16285 40
16338 0
16669 40
16856 0
17621 41
17628 0
17849 41
19256 40
19334 0
19640 40
19932 0
20052 41
20155 0
20408 40
20589 0
21099 40
21340 40
21410 0
21425 40
21509 0
21581 40
22021 0
22204 40
22227 0
22432 41
23353 41
23802 41
24001 0
24084 40
24703 0
24933 41
24975 0
25319 40
26037 0
26715 40
26726 40
26845 41
27386 0
27457 41
27477 40
27486 40
27638 0
27770 41
27991 0
28025 41
28158 0
28530 41
29243 0
29707 40
30333 41
30858 0
30864 40
31207 0
31546 40
31653 41
32048 41
32061 0
32875 40
33146 0
33861 41
34046 0
34110 41
34124 0
34533 41
34604 0
34649 40
34843 41
35176 0
35479 40
35824 40
36005 0
36745 40
36944 0
37103 41
37114 40
37775 0
37898 41
37930 0
38384 41
38661 41
38695 0
38835 40
38935 41
38956 0
39136 41
39851 41
40265 0
40321 41
40358 0
40437 41
40809 0
41584 41
41663 0
41668 41
41774 0
41793 40
41899 41
42467 0
42542 40
42583 40
43120 0
43225 40
43857 0
44292 40
44418 0
44463 40
44531 0
44852 41
44959 0
45127 41
45524 41
45531 0
45540 41
46014 40
46033 0
46431 40
46766 0
47576 40
47698 0
47778 40
48169 0
48199 41
48570 41
48930 0
49000 40
49958 40
49973 40
50392 0
50524 40
50656 0
50866 41
51247 0
51325 40
52173 41
52437 0
52469 41
52497 0
52827 40
52889 41
52988 40
53174 0
53312 40
54422 0
54553 41
54842 40
55614 40
55657 0
56320 40
56327 0
56502 41
56674 41
56731 0
56897 40
56903 0
57334 41
57649 0
57788 41
57982 0
58368 41
58378 0
58598 40
59237 41
59296 41
59321 0
59554 41
59940 41
60020 40
60145 40
60352 0
60609 40
60934 0
61213 40
61290 41
61341 0
61454 40
61770 0
62143 41
62236 41
62364 0
63513 41
63973 41
64062 0
64260 41
64569 40
64674 0
64685 41
64713 0
64848 40
65130 0
65510 40
66108 0
66186 41
66648 0
67280 40
67751 0
67855 41
68144 0
68534 41
68897 0
69083 41
69429 41
69623 0
69888 41
70033 0
70040 41
70078 40
70615 40
70840 0
70865 40
70919 0
71495 40
71655 0
71712 40
71804 0
71892 41
72657 41
72943 41
73210 0
73685 40
74258 40
74597 40
74615 0
74686 41
74726 41
74841 40
75066 41
75128 0
75170 40
75314 0
76204 40
76385 41
76436 0
76470 41
76880 0
76908 40
76923 40
77768 0
77778 40
78715 40
78793 0
78944 40
79477 40
79562 0
79734 40
79945 40
80764 40
80877 0
80946 41
81361 0
81879 41
81949 0
82600 41
82662 0
82994 41
83311 0
83780 41
83991 0
84308 41
84371 0
84705 41
84713 0
85869 40
86198 0
86284 40
86600 40
86916 0
87163 40
87499 0
87574 41
87800 41
87887 40
88657 0
89139 41
89303 0
89469 41
89861 41
90051 0
90186 41
90197 0
90636 40
91040 40
91865 0
92040 41
92212 41
92706 0
92750 40
93001 41
93075 0
93114 41
93553 41
93917 0
94018 40
94104 40
94197 0
94256 41
94678 40
96864 40
97337 0
97807 40
97852 0
98221 41
98450 41
98462 0
98759 41
98970 41
99226 0
99508 41
99705 0
99764 41
431 events for 13
252 46
344 0
651 34
749 0
817 43
886 0
1275 34
1375 46
1501 0
2318 34
2369 0
2383 46
2417 36
2507 0
2594 34
2800 0
2810 46
2924 0
2953 34
3148 0
3707 36
3766 36
4411 36
4828 36
4961 0
5239 34
5240 0
5341 46
5489 0
5524 36
5540 46
6376 0
6417 34
6505 34
6542 0
6805 43
7025 0
7212 34
8179 0
8771 46
9135 44
9371 0
9585 36
10051 0
10116 36
10366 36
10740 36
10878 46
11722 0
11731 44
12150 0
12186 43
12199 0
13405 44
13472 34
13604 34
13929 34
14280 44
14391 0
14416 43
14435 0
14567 34
14776 0
14792 36
14934 34
15244 0
15264 36
15563 0
15623 34
15726 34
15997 0
16025 34
16229 0
16265 36
16465 0
16475 46
16568 36
16864 0
17055 34
17062 0
17234 34
17456 0
17984 43
18134 0
18509 34
18904 0
19095 34
19325 0
19332 43
19347 34
19557 0
20093 44
20611 0
20900 36
20904 43
21297 0
21469 34
21494 0
21659 34
21796 0
21806 44
21866 0
22203 34
22214 0
22374 44
22766 46
22826 0
22838 46
23056 36
23495 43
23641 0
23670 34
23980 0
24154 34
24233 36
24407 34
24907 0
24977 36
25212 0
25235 44
26356 0
26632 34
26813 0
26922 46
27071 36
27198 0
27200 34
27536 43
28273 36
28959 0
29694 46
29716 0
29967 34
30185 0
30348 36
30391 0
30475 34
30489 0
30836 34
30876 0
30935 34
31204 0
31368 43
31526 0
31670 34
31707 46
31780 43
32210 0
32588 44
32589 44
32595 0
32935 44
33136 36
33535 0
33756 34
33972 0
34069 34
34352 0
34373 46
34497 0
34514 34
34555 0
34654 46
35152 0
35242 34
35460 34
35558 0
35608 44
36045 0
36219 34
36395 0
36629 43
36916 0
36943 34
37076 0
37279 43
37611 0
38064 44
38069 0
38138 34
38171 0
38221 34
38539 0
38684 34
38777 0
39071 34
39207 0
39639 36
39798 0
40533 36
40723 0
41404 34
41756 0
41768 43
42470 0
42474 36
42847 0
42879 44
42977 0
43789 43
44020 34
44238 0
44376 43
44563 0
44622 43
45047 0
45180 46
46295 0
47159 46
48144 0
48449 34
48670 36
48807 46
49293 0
49535 44
50159 0
50421 46
50432 36
50666 0
50970 34
51001 0
51152 43
51193 0
51306 34
51626 0
51853 34
51947 0
52581 34
52639 43
52855 0
52892 44
53049 43
53554 0
53561 34
53648 0
53894 34
54138 0
54144 34
54158 0
54170 34
54309 46
54411 0
54497 34
54534 0
55204 34
55330 0
55336 34
55485 0
55970 46
56088 0
56229 36
56271 0
56727 34
56852 0
57087 34
57349 0
57659 36
57916 0
58016 36
58083 0
58372 43
58384 0
58532 36
58593 34
59057 0
59201 46
59440 0
59904 44
59953 36
60474 0
60500 36
60539 0
60690 36
60859 0
60861 34
60934 0
61019 46
61371 0
61919 34
61935 0
62600 43
62653 0
62677 43
63008 0
63282 43
63321 44
63492 46
63854 0
63982 46
63984 0
64245 44
65179 36
65229 36
65544 0
65749 34
66086 46
66229 0
66473 44
66658 0
66925 34
67403 34
67695 0
67999 44
68635 0
68894 34
69001 34
69005 0
69391 34
69405 0
69517 46
70318 0
70351 34
70365 46
70562 0
70834 46
70951 0
71229 34
71280 0
71495 34
71683 0
71802 44
72390 0
72403 34
72419 0
72741 36
72746 44
72829 43
72845 0
72965 36
73337 0
73534 34
73762 0
73971 34
74087 0
74445 36
74699 0
74763 34
74796 0
74813 43
75246 0
75380 44
75430 43
75502 46
76076 0
76547 43
76707 43
77143 34
77388 36
77523 0
77579 43
77666 0
77881 34
78631 0
79002 46
80018 44
80362 44
80695 0
80955 36
81062 0
81113 43
81504 0
82180 34
82229 0
82276 44
82330 34
82393 44
82738 0
82888 46
83141 0
83182 43
83866 44
84017 0
84203 36
84371 0
84664 43
84792 0
85394 44
85523 46
85580 0
85808 34
86171 0
86610 34
86856 0
86998 34
87073 0
87526 34
87723 0
87750 34
88741 0
88995 44
89556 34
89961 0
90223 34
91075 0
91144 43
91832 0
91926 36
92081 43
92285 0
92346 43
92347 46
92566 0
92771 44
93188 0
93236 34
93244 0
93802 36
93880 0
93979 43
93982 0
94293 46
94630 44
94963 0
95048 36
95055 0
95586 34
95795 36
95900 0
96185 36
96566 0
96695 46
97002 0
97257 43
97505 0
97656 46
98290 0
98901 34
99054 0
99530 44
99641 36
99676 0
206 events for 14
65 56
392 66
727 0
2114 54
2157 0
3537 66
3723 0
4114 45
4136 56
4259 0
4337 66
5195 56
5216 71
5294 0
5402 56
5534 0
6314 43
6390 0
6890 71
7570 0
7752 66
9376 0
9980 64
10642 71
11132 0
11438 54
12338 0
12416 43
12468 0
13310 45
13521 41
13952 0
14479 66
14756 0
14792 45
15293 0
15439 66
15539 42
15615 0
15955 45
16210 0
16374 56
16837 54
17065 0
17256 71
17296 0
17328 43
17651 0
19243 56
19376 0
19933 42
19964 42
20216 42
20301 0
20303 42
20358 66
20659 0
21093 45
21913 0
23071 43
23544 42
24554 0
24811 71
24932 45
25485 0
26213 71
26508 45
27285 0
28760 42
29393 42
29624 0
30012 54
31468 41
31768 43
32613 43
32895 0
34269 64
34643 0
34940 71
35304 0
35439 42
35503 0
36172 43
36586 0
36781 66
36856 0
36892 64
37422 64
39037 0
40079 43
40385 0
41728 66
42596 0
44304 43
45350 0
45624 66
46116 43
46505 0
46537 42
46558 0
47395 64
47507 0
47616 54
47907 0
49236 56
50145 0
50307 41
51415 0
51645 45
52013 0
53300 41
54350 0
55467 66
55642 0
55746 56
56254 0
56262 41
56556 0
56608 41
57271 56
57519 0
57832 56
58387 54
58785 71
59313 0
59332 42
59887 0
60633 43
60680 0
62391 64
62412 43
63050 71
63388 0
63433 45
63492 42
64686 0
64693 42
65247 0
65436 43
65754 0
67963 41
68177 0
68285 42
69049 43
69249 0
71400 45
72300 0
73757 56
74539 0
74815 71
75277 0
75371 45
75837 0
76604 64
76933 41
77162 0
77677 66
77921 54
78092 43
78851 42
79143 66
79269 54
80488 43
80870 0
82264 41
82802 71
82947 0
83385 41
83496 0
84104 42
84408 0
84509 71
85105 0
85305 42
86230 42
87478 71
87562 71
87966 66
87992 0
88219 71
89407 66
90453 71
90559 0
91510 54
91560 42
92361 0
92869 66
93297 45
93352 0
93941 42
94146 54
94577 0
94583 66
94623 71
94839 0
95129 41
95242 0
95684 54
95995 43
96913 0
97388 64
97832 0
98576 42
98677 0
98874 56
99082 0
595 events for 15
51 53
88 0
396 53
411 0
509 50
586 0
885 66
1035 66
1167 0
1717 66
1732 66
1766 0
1942 66
2129 0
2298 66
2625 53
2765 0
2935 66
3140 66
3445 0
3491 50
3630 50
3696 0
3803 50
3843 0
4021 66
4072 0
4080 50
4176 0
4589 53
4595 66
4715 0
4794 66
5433 0
5735 66
6197 0
6332 53
7041 0
7121 50
7272 66
7365 0
7391 66
7491 0
7710 66
7811 0
8208 66
8349 0
8415 66
8625 0
8910 66
8917 0
9033 50
9099 0
9285 53
9313 0
10137 53
10334 0
10469 66
10475 66
10604 0
10695 53
10743 50
10809 0
10847 50
10988 0
11073 66
11146 53
11258 0
11316 66
11829 50
11948 0
11965 53
12117 0
12337 50
12717 0
13420 53
13642 0
13724 53
13966 0
14039 50
14140 0
14179 50
14186 0
14340 50
14451 0
14621 53
14764 0
14971 53
15517 0
15819 66
15932 50
15945 66
16024 0
16030 50
16163 0
16218 50
16223 0
16621 50
16798 66
17126 0
17196 53
17431 53
17436 53
17498 0
17748 53
17761 53
18002 0
18043 50
18147 0
18772 53
18848 0
18913 53
19285 0
19672 53
19715 0
20234 66
20297 50
20460 50
20527 0
20662 66
21058 0
21509 53
21670 0
21823 50
21826 0
21929 66
21967 0
21983 50
22192 0
22299 50
22460 0
22727 50
23034 0
23128 66
23275 0
23316 53
23389 50
23414 53
23592 66
23776 66
23821 53
23994 66
24026 0
24334 66
24556 50
24571 50
24602 0
24738 66
24998 50
25008 50
25067 0
25078 53
25124 50
25261 66
25468 0
25954 50
25983 53
26394 0
26399 53
26451 53
26468 53
26550 0
26777 50
26963 0
27289 50
27473 0
27511 50
27571 53
28307 0
29458 66
29488 0
29549 50
29555 0
30358 53
30388 0
30482 53
30726 0
30750 66
30863 53
31051 0
31110 50
31188 50
31308 0
31322 53
31736 50
31799 66
32750 0
32921 53
33121 0
33158 50
33414 50
33557 0
33678 66
33683 0
33856 66
33914 50
34173 0
34242 50
34323 0
34411 50
34630 53
34789 50
35032 0
35851 66
35945 0
36185 50
36375 50
36598 53
36688 0
37920 66
37938 0
38037 66
38108 66
38273 53
38394 66
38445 50
38474 0
38504 66
38668 53
38682 0
38741 53
38810 0
38911 50
39093 0
39294 66
39409 0
39781 50
39897 0
39965 53
39975 0
39983 66
40098 0
40244 50
40291 0
40403 53
40553 66
41210 0
41387 66
41492 0
41859 53
41962 0
42195 50
42312 66
42612 66
42669 0
42722 66
42731 0
42883 66
42916 0
43534 66
43747 50
43823 0
43929 50
44037 0
44764 66
44786 0
44803 53
44999 0
45209 66
45239 0
45455 66
45584 66
45639 0
45660 53
45682 53
45762 53
45886 0
45924 66
46141 0
46417 66
46654 0
46793 53
46856 0
46986 53
47162 0
47263 66
47507 0
47588 50
47598 0
47757 53
47892 53
48010 0
48318 66
48324 0
48665 50
48947 0
49014 53
49213 50
49238 0
49418 66
49432 0
50022 53
50157 66
50407 0
50641 66
50971 50
50972 0
51137 66
51737 0
52005 66
52171 0
52307 53
52329 0
52344 66
52412 0
52509 53
52652 0
52670 50
52969 0
53362 53
53490 0
53680 50
53906 66
54323 0
54445 53
54812 53
54921 53
55036 0
55172 66
55403 0
55627 53
55656 0
56341 66
56533 53
56541 0
56578 53
56806 53
56819 0
56825 53
56867 0
57295 66
57458 0
57476 66
57665 0
57714 66
58022 50
58124 53
58137 0
58162 53
58238 0
58246 50
58429 50
58489 0
58594 66
58607 50
58793 0
58863 66
58947 0
59029 50
59367 50
59676 53
59712 0
60534 66
60759 0
60974 53
61472 0
61588 50
61792 50
62071 0
62193 66
62256 53
62281 0
62457 50
62467 0
62735 50
62892 0
62952 50
62999 0
63019 66
63157 0
63238 50
63421 0
63485 66
63768 0
64600 53
65308 66
65469 0
65608 50
65975 0
66049 53
66096 0
66214 53
66343 0
66537 53
66665 66
66693 66
66710 0
66807 50
66814 0
66856 53
66879 0
67010 53
67163 0
67170 53
67434 0
67828 50
68227 0
68269 66
68366 0
68507 66
68856 0
68872 66
68973 0
68994 50
69063 50
69088 0
69147 66
69533 50
69548 0
69596 66
69704 0
69776 50
69878 0
69902 66
69975 0
70320 53
70724 0
70853 50
70878 0
71003 53
71150 0
71220 66
71251 0
71682 50
71817 66
72000 0
72107 53
72128 0
72156 50
72584 50
72837 53
73044 0
73158 53
73174 0
73293 50
73335 0
73846 53
73889 0
74030 53
74325 0
74372 50
74691 0
75237 53
75437 50
75621 0
75912 50
76209 0
76275 50
76458 0
76850 50
76987 0
77205 53
77238 0
77334 50
77397 53
77586 0
77829 50
78070 0
78301 66
78343 0
78559 50
78683 0
78704 66
78789 66
78822 53
78834 0
78874 50
79457 0
79636 66
79877 0
80013 53
80112 0
80729 66
80753 50
80884 0
80967 66
81319 0
81333 50
81518 0
81554 66
81980 0
82020 66
82033 0
82168 66
82260 50
82336 0
82732 53
82965 0
83504 50
83684 53
83808 0
83810 50
83819 0
83939 50
83940 0
84069 53
84088 0
84100 53
84445 0
84667 50
84678 0
84942 50
85118 50
85254 0
85364 50
85443 0
85520 50
85543 53
85675 0
85699 66
86028 66
86101 0
86107 50
86161 0
86220 66
86359 0
86453 53
86693 50
86941 0
87006 53
87385 0
87819 53
88191 50
88353 53
88442 50
88699 0
88709 50
89499 0
89507 66
89828 0
89993 66
90052 0
90174 66
90177 50
90306 0
90418 50
90498 66
90525 0
90597 66
90774 0
91075 50
91192 0
91568 50
91569 53
91653 66
91766 0
91767 66
91908 0
92003 66
92018 0
92081 50
92217 0
92331 50
92676 0
93129 50
93432 50
93471 50
93525 0
93700 53
93805 0
93932 53
94328 53
94331 50
94690 0
94910 66
95029 50
95084 0
95111 50
95240 0
95440 53
95590 50
95913 0
96135 66
96434 0
96459 66
96642 0
96774 66
97225 0
97235 66
97386 53
97478 0
98079 66
98261 0
98267 50
98487 0
98549 53
98794 0
98939 66
99071 0
99091 66
99098 0
99272 66
99296 0
99342 53
99613 0
487 events for 16
564 75
632 0
705 78
706 0
765 92
797 0
890 89
924 0
985 75
1043 0
1061 88
1109 0
1136 83
1403 0
2745 92
3339 0
3410 78
3508 0
4092 74
4125 92
4214 89
4300 0
4431 74
4675 92
4774 89
4877 0
5072 92
5504 0
5596 88
5799 74
6084 0
6244 88
6649 0
6920 89
6958 0
7026 83
7118 0
7313 75
7592 75
8053 83
8469 0
8608 74
8727 0
8752 75
8914 92
9839 0
10044 78
10313 0
10316 75
10813 0
10955 74
11207 0
11310 89
11488 89
11655 75
11727 0
11751 88
11820 0
12149 89
12445 0
12877 92
13003 0
13175 89
13394 0
13734 88
13783 0
13962 74
14763 88
14977 0
15004 89
15145 83
15483 92
15679 0
15768 88
15777 78
15962 74
16011 0
16064 74
16222 0
16409 89
16993 0
17274 92
17313 0
17434 88
17647 0
18636 92
18717 0
18902 92
19004 0
19058 89
19161 0
19243 92
19478 0
19651 89
19768 0
19823 74
19853 0
20212 92
20391 89
20733 0
21048 92
21298 0
21305 89
21554 0
22166 92
22201 0
22574 75
22802 0
23262 74
23403 92
23777 88
23878 0
24173 78
24393 0
24667 75
24687 0
25301 75
25760 0
25907 92
25973 0
26037 83
26139 0
26654 83
26693 0
26904 74
27628 0
27715 78
27724 0
27737 89
27981 0
28135 83
28165 0
28204 89
28559 0
28579 78
28782 0
28901 75
28994 89
29038 0
29291 83
29311 88
29815 0
29840 92
30001 74
30057 0
30315 78
30540 0
30695 88
31705 0
31723 89
31931 0
32014 89
32210 0
32269 92
32527 89
32628 0
32658 88
33212 88
33368 0
33563 83
33583 0
33661 78
33763 0
34075 92
34469 0
34569 89
34574 0
34813 92
34854 0
34875 78
34895 0
35436 89
35612 0
35645 89
35764 0
35785 78
35839 0
36428 78
36444 0
36540 88
36585 0
37163 89
37312 0
37503 78
37820 0
37947 88
38010 0
38039 88
38127 0
38437 75
38542 0
38772 89
38887 83
39211 0
39243 75
39265 78
39346 0
39394 83
39447 0
39454 89
39945 0
40021 78
40105 0
40122 89
40126 0
40288 92
40362 0
40587 89
40727 0
40752 92
40763 89
40787 78
40797 78
41128 78
41173 0
41212 89
41218 0
41608 78
41708 0
41761 78
42014 75
42241 0
42285 92
42329 0
42447 83
42575 92
42863 0
43551 89
44010 83
44610 0
44651 74
44675 0
44702 83
44947 74
45028 0
45131 89
45177 0
45705 78
45729 0
45937 92
45942 0
46743 92
46946 0
47933 74
48497 92
48564 75
48597 0
48711 78
49273 0
49713 92
49928 78
49956 75
50099 0
50786 88
50990 89
51247 0
51347 92
51573 0
52133 75
52777 0
52987 88
53054 0
53204 75
53281 0
53357 74
53442 0
53525 92
53698 0
53775 89
53818 0
53845 83
53968 92
54261 0
54266 92
54299 74
54408 74
54716 74
54751 0
54859 74
54939 0
55184 78
55329 0
55346 89
56385 0
56473 78
56476 83
56775 0
56961 92
57010 0
57136 89
57174 0
57181 75
57297 89
57533 88
57665 88
57807 0
58438 78
58477 78
58518 0
58891 88
58905 0
59002 75
59421 0
59477 78
59560 0
59685 78
59720 0
59734 89
60466 0
60530 83
60678 0
60701 92
60702 0
61251 92
61525 83
63033 0
63120 83
63481 0
63767 75
64172 0
64255 88
64263 88
64405 0
65669 89
66045 0
66245 92
66402 0
66612 78
66900 89
66997 0
67517 89
67882 0
67905 88
68060 92
68126 0
68154 75
68445 83
68499 78
68516 0
68567 89
68575 0
68658 83
68781 0
69328 89
69333 0
69489 78
69995 0
70403 75
70417 74
71205 75
71232 0
71320 88
71487 0
71542 89
71598 0
71754 89
71784 83
71942 0
71964 92
72012 0
72120 83
72575 0
72621 92
72934 0
73328 88
73413 0
73519 92
73563 83
73635 0
73712 92
73751 88
73835 0
73889 89
74128 0
74491 74
74985 92
75208 75
75213 0
75337 88
75788 0
76263 88
76376 0
77038 89
77140 89
77164 0
78092 74
78296 0
78302 74
78648 0
78714 88
79480 0
79798 74
80157 0
80856 74
81248 0
81433 88
81939 89
81965 0
81976 78
82249 0
82264 74
82448 0
83202 75
83410 83
83435 0
83511 83
83708 92
84040 0
84045 75
84147 92
84599 89
84611 88
84697 0
85044 75
85082 0
85207 89
85276 0
85900 78
86332 0
86541 92
87397 0
87451 92
87552 0
87682 89
87843 0
88777 78
88860 0
88866 89
89418 88
89523 0
90214 89
90366 0
90653 92
90789 0
90889 83
91106 0
91123 88
91453 0
91530 89
91690 92
91734 0
91956 74
92037 0
92705 89
93214 92
93468 0
94054 92
94057 74
94161 0
94185 78
94426 92
94534 0
95028 78
95033 0
95036 83
95491 0
95539 89
95701 92
95818 0
95906 75
96174 0
96181 75
96840 0
96946 92
97000 0
97035 74
97218 0
97519 89
97532 0
97569 88
97570 83
97587 0
97660 78
97729 0
97935 89
98026 0
98152 78
98153 0
98225 89
98427 75
98764 0
98949 88
99103 0
99152 92
99160 92
99245 0
99740 92
354 events for 17
351 56
644 41
720 0
919 53
1086 0
1859 56
2121 0
4113 56
4926 0
5105 41
5239 0
5309 52
5402 53
5470 0
6155 53
6297 0
6716 53
7224 41
7273 0
7378 59
7529 0
8132 53
8223 0
8468 52
8693 0
8909 52
9252 0
9494 53
9549 0
9569 52
9721 0
10102 59
10209 0
10533 53
10962 0
11000 53
11448 0
11485 56
11643 0
11922 56
12203 56
12461 53
12831 0
12927 52
13213 56
13912 0
13939 41
14339 0
14861 53
14944 0
15049 59
15442 0
15598 52
15738 0
16074 56
16535 52
16709 0
16839 41
17499 0
17559 52
17946 41
18494 0
18797 56
19388 0
19746 41
19767 52
19898 0
19900 56
19904 0
19951 41
19980 0
20148 41
20910 0
21206 53
21293 0
21432 53
23678 59
25352 0
25424 59
25700 56
25884 0
25908 53
25928 0
25950 56
26329 0
26377 53
26585 0
26647 56
26738 0
26839 56
26923 0
27100 56
27339 0
27890 56
28703 0
28730 59
29194 0
29214 41
29726 0
29847 52
29894 0
29993 56
30404 59
31080 0
31387 56
31728 0
32143 53
32430 0
32507 56
32608 56
32779 0
33013 41
33186 0
33201 52
33399 0
33446 41
34352 0
34438 59
34479 0
34501 53
34620 53
34963 52
35147 0
35194 53
35230 56
35676 56
36321 0
36877 53
37013 0
37084 56
37227 0
37259 41
37483 0
38103 59
38180 0
38297 41
38329 0
38394 52
38742 0
38756 53
38768 0
38823 52
39102 0
39331 52
39584 0
39965 52
40698 59
40738 0
40929 56
41399 0
41656 52
42250 56
42433 0
42483 56
42559 0
43660 56
43724 53
43821 0
44799 56
44809 0
44871 53
44892 0
45300 56
45329 0
45710 41
46562 0
46647 53
46669 56
46824 0
46995 59
47453 59
48105 0
48175 53
48458 0
48616 56
48927 0
48967 52
49498 52
49614 56
49692 0
51106 41
51284 56
51338 59
51641 53
52042 41
52768 0
53516 52
53519 52
53713 56
53964 0
54641 41
55005 0
55466 59
55469 0
55479 41
56185 0
56583 52
56716 0
56756 52
57112 0
57469 52
57471 0
57487 52
57567 0
57996 41
58622 0
58689 56
58903 41
59047 0
59050 56
59261 0
59457 41
59895 0
59938 41
60047 0
60077 59
60369 0
60843 53
60859 0
61020 56
61150 0
61204 52
61322 0
61355 59
61416 0
61796 59
62054 0
62266 41
62541 0
63346 52
63399 0
65230 41
66387 41
66456 0
66768 59
66828 0
66857 59
66950 0
67038 41
67110 0
67299 59
67827 53
68073 53
68604 0
68829 59
69648 0
69866 59
70531 0
70670 53
70700 0
70765 59
72286 0
72459 41
73925 0
74066 52
74093 0
74367 52
74615 0
76040 56
76138 59
76226 0
77108 41
77402 53
77414 52
77489 0
77510 41
78186 0
79008 59
79033 53
79155 41
79422 0
79529 53
79983 0
80025 53
80101 0
80317 59
82253 0
82254 41
82377 53
82414 0
82476 41
82496 56
82771 41
82995 41
83318 0
83926 41
83973 0
83985 59
84104 59
84185 0
84599 53
84733 0
84940 53
84960 0
84968 53
85181 59
85302 0
85581 41
85761 0
86126 41
86153 59
86549 0
87050 52
87061 0
87231 59
87301 0
87692 59
87695 0
87738 41
87740 0
87917 56
88176 0
88287 53
88536 0
88727 53
88943 0
89793 41
89891 0
90146 53
90208 0
90269 41
90463 0
90700 59
90853 0
90868 56
90918 59
91040 53
91228 52
91475 0
91572 41
91689 0
92415 41
93247 0
93418 59
93561 0
93638 53
94341 59
94945 0
95283 56
95402 52
95464 0
95646 41
96754 59
96947 0
96960 52
97398 52
97524 0
98209 53
98877 52
98880 0
99353 59
99468 0
99627 53
99869 53
933 events for 18
45 34
285 0
328 34
348 34
508 0
803 34
854 34
967 0
1023 34
1288 34
1358 0
1660 34
1964 0
2397 34
2399 0
2404 34
2411 0
2497 34
2769 0
2974 34
3079 34
3154 34
3230 0
3296 34
3458 0
3472 34
3487 34
3587 34
3590 0
3619 34
3667 0
3668 34
3834 34
4208 0
4310 34
4551 0
4695 34
4770 0
4809 34
5044 0
5050 34
5052 0
5254 34
5347 0
5392 34
5418 34
5625 0
5779 34
5998 0
6059 34
6075 0
6106 34
6228 0
6255 34
6278 0
6469 34
6487 34
6664 34
6771 0
6809 34
6864 34
6906 0
6987 34
7152 34
7178 0
7188 34
7482 34
7488 34
7634 0
7727 34
7839 0
8047 34
8186 34
8227 0
8235 34
8274 0
8445 34
8800 0
8853 34
8906 0
9307 34
9314 0
9445 34
9477 0
9487 34
9583 0
9600 34
9616 34
9941 0
9949 34
9971 0
10104 34
10272 34
10278 34
10284 0
10330 34
10339 0
10348 34
10429 0
10440 34
10478 34
10647 34
10660 34
10781 0
10904 34
11191 34
11196 0
11202 34
11264 0
11320 34
11332 0
11374 34
11385 0
11521 34
11741 0
11870 34
11899 0
12036 34
12043 0
12070 34
12189 34
12210 0
12386 34
12493 0
12500 34
12536 0
12669 34
12748 34
13038 0
13085 34
13376 0
13604 34
13622 34
13878 0
14325 34
14402 34
15075 0
15096 34
15118 0
15129 34
15299 0
15344 34
15439 0
15593 34
15598 0
15785 34
16086 0
16127 34
16130 0
16145 34
16290 0
16322 34
16500 0
16603 34
16707 0
16765 34
16928 0
17007 34
17235 34
17407 0
17499 34
17552 0
17844 34
17941 0
18096 34
18142 0
18248 34
18272 34
18350 0
18383 34
18384 0
18627 34
18640 0
18688 34
18855 0
18861 34
18928 0
18953 34
19024 34
19068 34
19154 0
19184 34
19296 34
19382 0
19400 34
19500 0
19531 34
19585 0
19655 34
19876 34
20031 0
20261 34
20355 34
20774 0
20885 34
21002 34
21088 0
21280 34
21406 34
21460 0
21593 34
21633 0
21634 34
21690 0
22241 34
22359 0
22407 34
22515 0
22706 34
22751 0
22784 34
22851 0
22853 34
22926 0
22942 34
23012 34
23026 34
23044 34
23056 0
23135 34
23217 0
23338 34
23422 0
23479 34
23630 0
23661 34
23681 34
23745 34
24088 0
24128 34
24375 0
24685 34
24748 0
24857 34
24936 34
24945 34
25040 0
25668 34
25775 0
25964 34
25985 0
26385 34
26393 0
26401 34
26465 34
26501 0
26544 34
26767 0
26768 34
26807 34
26872 0
27128 34
27275 0
27357 34
27608 0
27737 34
28041 34
28252 0
28284 34
28331 0
28385 34
28431 34
28516 0
28853 34
28863 34
28956 0
29020 34
29151 0
29336 34
29518 0
29613 34
29788 0
29812 34
29894 0
29926 34
30009 34
30060 0
30272 34
30292 0
30514 34
30680 34
30773 34
30812 0
31095 34
31225 0
31461 34
31742 0
31864 34
32017 0
32130 34
32145 34
32222 0
32226 34
32741 34
32797 34
32908 0
32923 34
32956 0
33031 34
33099 0
33105 34
33249 0
33324 34
33445 34
33517 0
33684 34
33697 34
33929 34
33939 0
34032 34
34064 0
34066 34
34078 0
34105 34
34157 34
34418 0
34466 34
34480 34
34545 0
34549 34
34836 34
35101 0
35363 34
35499 0
35537 34
35552 34
35737 0
35936 34
35947 0
35971 34
36008 0
36110 34
36220 34
36371 0
36382 34
36398 0
36664 34
36668 0
36703 34
36926 0
37101 34
37220 34
37471 0
37500 34
37504 34
37625 0
37691 34
37699 0
37718 34
37848 0
38146 34
38226 34
38255 0
38336 34
38344 0
38435 34
38819 0
38856 34
38888 0
38897 34
38910 0
38964 34
39030 34
39294 0
39390 34
39625 0
39880 34
39991 34
39993 0
40088 34
40543 34
40569 34
40757 0
40920 34
41224 0
41230 34
41261 0
41265 34
41440 0
41567 34
41569 34
41846 34
41924 0
42179 34
42215 0
42241 34
42358 0
42584 34
42691 34
42698 34
42723 0
42763 34
42838 0
42991 34
43003 0
43326 34
43371 0
43410 34
43449 34
43578 0
43607 34
43612 0
43672 34
43870 0
43871 34
44040 0
44085 34
44240 34
44291 0
44324 34
44357 0
44369 34
44396 0
44402 34
44448 0
44523 34
44751 34
44812 0
44828 34
44852 0
44881 34
45040 0
45098 34
45375 34
45395 0
45420 34
45476 0
45499 34
45718 0
45918 34
46065 0
46095 34
46276 0
46340 34
46684 0
46764 34
46935 0
47025 34
47062 0
47158 34
47194 34
47386 0
47393 34
47619 0
47942 34
48045 0
48125 34
48187 34
48256 0
48267 34
48281 0
48740 34
48875 34
48894 34
48965 0
49086 34
49156 34
49380 0
49445 34
49527 0
49736 34
49832 34
49904 34
50163 34
50166 34
50230 0
50393 34
50413 0
50797 34
50826 0
51078 34
51096 34
51195 0
51211 34
51225 0
51321 34
51344 0
51452 34
51484 0
51658 34
51826 0
51908 34
51966 34
52175 0
52241 34
52278 0
52525 34
52677 0
52753 34
52847 34
53009 34
53047 0
53108 34
53196 34
53375 0
53385 34
53390 34
53463 0
53535 34
53580 34
53634 0
53890 34
54044 0
54081 34
54271 34
54285 0
54493 34
54586 0
54670 34
54755 0
54877 34
55057 0
55074 34
55274 0
55353 34
55389 0
55454 34
55484 0
55834 34
56309 0
56402 34
56412 34
56559 34
56614 34
56733 34
56865 0
57018 34
57076 0
57101 34
57504 34
57770 34
58047 0
58132 34
58294 34
58448 0
58500 34
58578 0
58600 34
58611 34
58764 0
58859 34
58894 0
58995 34
59134 0
59309 34
59332 34
59345 0
59369 34
59494 34
59561 0
59567 34
59724 0
59777 34
59966 34
60002 0
60033 34
60101 0
60158 34
60165 0
60232 34
60265 0
60299 34
60341 0
60651 34
60684 0
60739 34
60943 0
61238 34
61367 0
61627 34
61793 0
61959 34
61960 0
61984 34
62027 0
62080 34
62736 0
62850 34
62980 0
63086 34
63189 34
63628 0
63800 34
63849 0
63877 34
63897 0
64241 34
64254 0
64301 34
64339 0
64471 34
64582 0
64801 34
64858 0
64959 34
65121 34
65134 34
65267 0
65721 34
66053 0
66114 34
66285 0
66776 34
66783 0
66884 34
67020 34
67251 34
67259 0
67436 34
67496 0
67521 34
67553 0
67590 34
67615 0
67744 34
67775 0
67844 34
67885 0
67979 34
67998 0
68022 34
68148 34
68172 34
68343 0
68469 34
68511 0
68674 34
68796 0
68842 34
68909 0
69029 34
69043 0
69229 34
69340 34
69395 0
69460 34
70086 0
70133 34
70139 0
70342 34
70362 34
70630 0
70777 34
70779 34
70891 0
70894 34
70911 0
71013 34
71023 0
71109 34
71208 0
71371 34
71475 34
71485 0
71489 34
71662 0
71773 34
71882 0
71958 34
71963 0
71981 34
72207 0
72343 34
72613 0
72744 34
72943 0
72991 34
73033 0
73041 34
73270 0
73444 34
73457 0
73707 34
73830 0
73867 34
73891 0
73948 34
74132 34
74188 0
74191 34
74196 0
74210 34
74233 0
74279 34
74410 0
74789 34
74882 34
75114 0
75139 34
75141 0
75162 34
75199 0
75468 34
75492 0
75601 34
75657 0
75820 34
75964 34
76000 34
76323 0
76413 34
76414 34
76434 34
76485 34
76537 0
76547 34
76630 34
76663 0
76890 34
77000 0
77122 34
77132 34
77219 0
77335 34
77438 0
77578 34
78004 0
78243 34
78296 0
78546 34
78550 34
78637 34
78652 0
78735 34
78753 0
78797 34
78885 34
79058 0
79116 34
79437 0
79468 34
79562 0
79737 34
80050 0
80283 34
80301 0
80321 34
80396 34
80426 0
80428 34
80459 0
80624 34
80788 0
80853 34
80994 34
81033 0
81059 34
81230 34
81311 34
81338 0
81444 34
81506 34
81796 0
81970 34
81990 34
82024 0
82214 34
82319 0
82390 34
82426 0
82522 34
82592 34
82619 34
82639 34
82693 34
82768 0
83273 34
83419 0
83485 34
83588 0
83715 34
83745 0
83929 34
84157 0
84159 34
84277 0
84354 34
84605 34
84705 34
84855 0
85042 34
85103 34
85287 0
85538 34
85617 0
85817 34
85942 0
85980 34
86092 0
86113 34
86178 0
86384 34
86445 0
86617 34
86946 34
86955 0
86975 34
87290 0
87404 34
87421 34
87483 0
87516 34
87524 0
87548 34
87576 0
87626 34
87902 0
87992 34
88058 34
88122 34
88183 0
88227 34
88391 0
88409 34
88465 34
88597 0
88660 34
88727 0
88848 34
88897 0
88981 34
89016 34
89029 0
89142 34
89209 34
89284 0
89299 34
89301 0
89416 34
89488 34
89612 0
89660 34
89831 34
89975 0
90014 34
90101 0
90134 34
90280 0
90322 34
90468 0
90964 34
90981 34
91055 34
91161 34
91174 0
91203 34
91319 0
91380 34
91435 0
91437 34
91459 0
91499 34
91542 34
91549 0
91550 34
91552 34
91651 0
91660 34
91690 34
91786 0
91906 34
91987 0
92022 34
92224 0
92417 34
92431 0
92525 34
92603 34
92841 0
92850 34
92939 0
93118 34
93145 34
93166 0
93443 34
93528 0
93608 34
93732 34
93999 0
94199 34
94522 0
94529 34
94597 0
94605 34
94784 0
94851 34
95096 34
95113 0
95397 34
95501 34
95512 34
95534 0
95740 34
95879 34
95999 0
96051 34
96105 0
96125 34
96170 34
96200 0
96216 34
96623 0
96816 34
96837 0
96910 34
97161 0
97448 34
97483 0
97708 34
97726 34
97740 0
97757 34
97781 0
97852 34
98414 34
98464 0
98606 34
98750 0
98886 34
99091 0
99275 34
99317 34
99530 0
99559 34
99562 0
99573 34
99597 0
99618 34
99629 0
99784 34
99805 0
99810 34
99828 34
108 events for 19
468 97
561 97
586 0
935 97
1041 97
1757 0
4038 97
4291 0
4404 97
5172 0
5345 97
5807 97
5837 0
7501 97
8356 0
9034 97
9727 97
10478 0
10799 97
11288 97
11857 0
12236 97
12927 0
13949 97
14860 97
16650 0
16877 97
19995 0
20375 97
21873 97
22101 0
24357 97
25076 97
25271 0
25679 97
25715 0
25767 97
25960 0
26479 97
27387 0
27996 97
28847 0
30112 97
30535 97
33525 0
33865 97
35551 97
36337 0
37615 97
38132 0
38896 97
40572 0
41247 97
42254 0
42801 97
44204 97
45713 0
47599 97
47647 97
47763 0
47818 97
49591 0
50561 97
53046 0
53898 97
54256 0
54796 97
55025 97
55068 97
56001 0
56073 97
56551 97
58129 0
58792 97
59131 0
59162 97
59596 0
60351 97
64600 0
65149 97
66317 97
66419 0
66701 97
70412 0
72207 97
72362 0
73509 97
73694 0
76209 97
76891 0
76965 97
82504 0
82563 97
83980 0
87998 97
88108 0
89241 97
89666 0
90547 97
92088 0
93145 97
93541 0
93646 97
94075 97
94181 0
95200 97
96988 0
99551 97
348 events for 20
628 56
1144 0
1392 32
1465 0
1677 56
1783 50
1941 35
2317 0
2639 35
3919 0
4326 50
4636 56
4765 0
4776 35
5038 0
5243 35
5818 0
6329 40
6542 0
6807 42
6905 50
7215 32
7342 0
7447 35
7624 0
7625 42
7802 0
7970 32
8450 0
8495 35
8638 32
9037 40
9476 0
9573 50
10234 0
11110 56
11227 0
11500 42
11879 50
11984 0
12137 40
12205 0
12348 35
12386 0
12428 40
13318 32
13686 42
14687 0
15064 50
15348 42
15448 0
16152 32
16193 0
16208 50
16427 32
17215 0
17228 50
17475 0
17683 35
18347 56
18437 35
18675 0
18866 42
18921 0
19183 32
19500 0
19723 40
19828 0
19966 35
20525 0
20643 42
20747 50
20836 56
21351 56
21633 0
21668 40
21760 0
21925 42
22755 35
22780 0
22904 32
23250 42
23280 35
23422 32
23627 42
24170 0
24292 56
24383 42
24564 0
24815 50
25048 0
25078 32
25256 0
25343 40
25579 0
26853 56
27040 0
27466 40
27764 0
27932 56
28045 0
28059 50
28251 35
29210 32
29250 40
29300 42
29457 0
30498 42
30529 0
30787 35
31320 40
31727 35
31948 0
32813 32
33247 0
33608 50
34746 0
34829 50
35076 0
35893 35
36039 0
36585 42
36775 0
37262 42
37387 42
37429 0
38258 50
38303 0
38549 40
38583 0
38699 56
39494 0
39529 35
39575 0
39802 40
40015 0
40045 50
40432 0
40786 56
40806 0
41194 32
41552 0
41575 35
41612 0
41660 32
41662 0
42001 56
42094 0
42206 35
42347 0
42651 40
42781 0
42800 35
42973 35
43371 0
43566 42
43828 0
44247 32
44249 0
44559 32
44765 0
44781 42
44915 0
45475 56
45742 0
45991 50
46273 50
46298 50
46687 0
47070 35
47178 0
47989 35
48045 0
48217 56
49303 56
50792 32
50904 0
51036 56
51049 40
51620 0
51678 35
51686 0
52131 40
52388 0
52404 56
52499 0
53223 42
53379 0
54080 32
54321 0
54339 42
54658 56
54841 0
55025 40
55271 0
55403 56
55498 35
56164 0
56291 50
56304 0
56493 40
56817 32
57062 35
57291 0
57311 42
57913 56
59010 0
59060 56
59062 0
59268 32
59429 0
59503 56
59746 56
59780 0
59950 50
60180 0
60449 40
60496 0
60718 56
61199 56
61470 50
61549 35
61628 0
62011 42
62127 0
62220 32
62756 0
62972 40
63105 35
64131 0
64186 32
64209 0
64383 42
65297 0
65483 35
65594 0
65971 42
66038 42
66068 0
66281 56
66565 0
66658 50
66876 0
67461 56
67596 0
67936 32
68479 50
68680 0
68688 35
68842 0
69330 32
69344 35
69710 0
70120 42
70265 0
70281 42
70336 32
70623 0
70917 32
71578 50
71685 0
71799 35
71931 32
71969 0
72822 40
72955 56
74320 0
74532 50
75436 50
75831 42
75853 32
77010 0
78417 50
78493 0
78521 40
78921 0
78997 35
79452 50
79511 0
80506 42
80637 56
80760 0
81162 40
81701 0
82123 56
82222 0
82326 50
83920 42
84022 0
84421 42
84529 35
84567 0
85123 32
85348 0
85545 40
85571 0
86035 35
86130 0
86151 35
86251 0
86656 35
86691 0
87280 56
87427 0
87699 50
87884 40
88048 56
88116 0
88533 50
88695 32
89033 0
89453 35
89989 0
90168 35
90299 0
90461 40
91220 0
91539 32
91740 40
91925 0
92529 32
92591 50
92609 0
92804 56
93140 0
93280 42
93361 0
93613 56
94078 42
94441 0
95749 32
95787 0
96464 35
96763 0
96860 32
97263 40
97360 0
97902 50
98160 0
98227 42
98654 0
98810 42
98846 0
99067 42
99151 0
99242 40
99486 0
99882 42
635 events for 21
331 77
333 0
342 77
454 0
455 77
476 77
515 0
688 77
735 77
807 0
828 77
970 77
1127 0
1173 77
1303 0
1403 77
1902 0
2186 77
2252 77
2255 0
2257 77
2427 0
2611 77
2992 0
3235 77
3248 0
3617 77
3817 0
3933 77
4041 0
4193 77
4302 77
4497 77
4553 0
4767 77
5102 0
5231 77
5416 77
5840 77
6203 77
6462 77
6575 0
6825 77
7253 0
7283 77
7444 0
7451 77
7638 0
7911 77
8184 77
8313 0
8609 77
8622 0
8974 77
9339 0
9373 77
9426 77
9552 0
9971 77
10282 0
10306 77
10391 0
10524 77
10657 0
10812 77
11013 77
11094 0
11120 77
11242 0
11471 77
11694 0
11859 77
11955 77
12397 0
12719 77
12838 0
12889 77
13011 0
13259 77
13488 0
13672 77
14129 77
14169 0
14473 77
14741 0
14841 77
14954 0
15036 77
15164 0
15173 77
15206 77
15224 77
15536 0
15819 77
16092 0
16353 77
16372 77
16560 0
16595 77
16929 0
16961 77
17266 77
17503 0
17593 77
18120 77
18127 0
18128 77
18533 77
18635 0
18721 77
18768 77
19161 0
19230 77
19276 0
19461 77
19663 0
19666 77
19719 77
20498 77
20518 77
20522 0
20896 77
20908 0
20973 77
21204 0
21218 77
21354 0
21506 77
21765 0
21987 77
22009 77
22020 0
22108 77
22324 77
22423 0
22436 77
22638 0
22683 77
22715 0
22771 77
22821 0
23104 77
23164 77
23199 0
23277 77
23308 0
23428 77
23755 77
23759 0
23865 77
23903 0
24167 77
24489 0
24515 77
24539 0
24768 77
25281 0
25430 77
25444 0
25663 77
25895 0
25918 77
25930 0
25997 77
26012 77
26115 0
26129 77
26406 0
26465 77
26497 0
26631 77
26721 77
26779 0
26998 77
27124 0
27324 77
27539 77
28221 0
28368 77
28466 77
28488 77
28951 0
29281 77
29287 0
29356 77
29379 77
29474 0
29809 77
30348 77
30593 0
30790 77
30829 77
31011 0
31278 77
31390 77
31452 0
31514 77
31836 0
31902 77
31996 77
32071 77
32134 77
32293 0
32298 77
32513 0
32862 77
32996 0
33231 77
33389 0
33407 77
33444 0
33660 77
33771 0
33933 77
34131 77
34322 0
34546 77
34623 77
34715 77
34899 0
34953 77
35815 0
35912 77
36246 0
36412 77
36445 0
36703 77
36775 0
36777 77
36983 0
37203 77
37260 0
37739 77
37794 77
37868 0
37926 77
38359 0
38374 77
38638 77
38770 0
38976 77
39067 77
39196 0
39381 77
39447 0
39579 77
39640 0
39721 77
39949 0
40042 77
40237 0
40423 77
40645 77
40673 0
40742 77
40844 0
41169 77
41183 0
41480 77
41785 0
41929 77
42359 0
42527 77
42874 77
43182 0
43197 77
43756 77
43818 0
43821 77
43994 77
44142 0
44344 77
44348 0
44421 77
44428 0
44438 77
44779 77
44791 0
44844 77
44876 0
44917 77
45012 0
45491 77
45578 0
45763 77
45810 77
46090 77
46117 0
46137 77
46513 0
46534 77
46787 77
46843 0
47118 77
47526 0
47580 77
48109 0
48128 77
48244 0
48326 77
48466 0
48507 77
48580 0
48635 77
48693 77
49096 0
49187 77
49311 77
49410 0
49749 77
49972 0
50127 77
50285 0
50307 77
50330 0
50414 77
50417 0
50422 77
50623 0
50625 77
50837 0
51055 77
51143 77
51232 0
51746 77
51959 77
52142 0
52172 77
52357 0
52366 77
52469 77
52858 0
52883 77
52896 77
53466 0
53519 77
53767 77
53785 0
53800 77
53835 0
53954 77
54035 0
54037 77
54172 77
54787 0
54902 77
55079 77
55141 77
55238 77
55271 0
55388 77
55405 0
55485 77
55962 0
56240 77
56283 0
56648 77
56843 0
56924 77
57075 0
57692 77
57701 0
58046 77
58181 0
58200 77
58220 0
58539 77
58736 77
58761 0
58797 77
58830 77
59266 77
59310 0
59509 77
59526 0
59558 77
59875 0
60107 77
60176 0
60182 77
60431 77
60615 77
61212 0
61305 77
61358 0
61463 77
61785 77
61957 0
61986 77
61997 0
62142 77
62205 0
62289 77
62305 0
62416 77
62486 0
62723 77
62785 77
62814 77
62946 0
63236 77
63379 0
63386 77
63401 0
63473 77
63478 0
63716 77
64041 0
64415 77
64433 0
64720 77
64815 0
64822 77
64826 0
64856 77
65293 0
65690 77
65693 77
66681 77
66694 0
66707 77
66849 0
67551 77
67659 0
67703 77
67740 0
67817 77
67839 0
67864 77
67915 0
67990 77
68125 77
68181 0
68199 77
68201 0
68316 77
68322 77
68435 0
68448 77
68452 0
68645 77
68658 0
69170 77
69616 77
69645 0
69885 77
70231 0
70247 77
70350 77
70489 77
70618 0
70631 77
71005 0
71170 77
71347 0
71352 77
71423 77
71534 0
71621 77
71756 77
72032 77
72103 77
72152 0
72456 77
72723 0
72746 77
73002 0
74025 77
74092 77
74102 0
74119 77
74228 77
74606 0
75301 77
75548 0
75688 77
75696 0
75837 77
76187 77
76252 0
76630 77
76697 0
76708 77
76726 0
76851 77
77102 0
77358 77
77363 0
77402 77
77487 0
77542 77
77571 0
77620 77
77642 77
78032 0
78054 77
78192 0
78302 77
78324 0
78352 77
78461 0
79010 77
79231 0
79287 77
79659 0
79853 77
79971 0
80289 77
80304 77
80362 0
80373 77
80453 0
80511 77
80769 77
81001 0
81199 77
81421 0
81538 77
82242 0
82291 77
82509 0
82682 77
83304 77
83512 0
83546 77
83604 0
83735 77
83924 0
83990 77
84152 0
84337 77
84420 0
84463 77
84470 77
84496 77
84544 0
85170 77
85230 0
85312 77
85507 0
85719 77
85822 0
86067 77
86072 77
86116 0
86168 77
86311 0
86416 77
86625 77
86700 0
86844 77
86933 0
86949 77
86979 0
87207 77
87426 77
87469 77
87577 0
87612 77
87623 0
87810 77
88231 0
88258 77
88284 77
88496 77
88589 0
88758 77
88912 77
88998 77
89094 0
89114 77
89196 0
89225 77
89347 0
89587 77
89741 0
89837 77
90242 0
90403 77
90530 0
90571 77
91007 0
91145 77
91151 0
91254 77
91327 0
91667 77
91861 0
92361 77
92443 0
92482 77
92552 0
92899 77
92934 0
93292 77
93327 0
93418 77
93637 0
93725 77
93753 0
94249 77
94317 0
94621 77
94765 77
94897 0
94992 77
95477 0
95504 77
95808 0
95867 77
96155 77
96207 0
96240 77
96607 0
96632 77
96819 0
97088 77
97150 77
97170 0
97500 77
97581 77
97845 0
98277 77
98341 77
98469 0
98508 77
98568 77
98677 0
99104 77
99113 0
99149 77
99252 77
99392 0
99418 77
99843 77
601 events for 22
877 76
901 0
1120 76
1272 0
1286 76
1333 0
1476 76
1919 0
1993 76
2013 0
2123 76
2577 0
2791 76
3148 0
3249 76
3324 0
3470 76
3526 0
3604 76
3624 0
3672 76
3867 0
4337 76
4612 0
4781 76
5031 76
5147 76
5221 0
5237 76
5321 76
5370 76
5391 0
5571 76
5629 0
5808 76
6149 76
6166 0
6481 76
6507 0
6622 76
6833 0
7214 76
7343 76
7498 0
7528 76
7616 0
7687 76
7913 76
8192 0
8469 76
8705 0
9216 76
9246 0
9460 76
9703 76
10095 0
10112 76
10279 76
10547 0
10926 76
11019 76
11277 0
11336 76
11482 0
11655 76
11937 0
12085 76
12137 76
12818 0
12979 76
13060 0
13099 76
13192 76
13344 76
14007 76
14362 0
14423 76
14792 0
15259 76
15496 76
15526 0
15592 76
15637 76
15941 0
16308 76
16311 0
16373 76
16622 0
16735 76
16777 0
16874 76
16911 0
16957 76
17169 76
17231 0
17912 76
18326 0
18446 76
18539 76
18756 0
19137 76
19477 76
19536 76
19941 0
20171 76
20332 0
20470 76
20546 0
20938 76
21001 0
21072 76
21925 0
21949 76
22400 0
22689 76
23041 0
23112 76
23204 76
23329 0
23332 76
23346 0
23355 76
23394 76
23405 76
23715 76
23857 0
23867 76
24004 0
24041 76
24372 0
24585 76
24714 0
24903 76
24930 76
25383 0
25436 76
25452 0
25455 76
25464 0
25484 76
25502 0
25604 76
25701 0
25939 76
26009 0
26208 76
26210 76
26304 0
26315 76
26586 76
26647 0
26792 76
26916 0
26937 76
27325 76
27803 0
28133 76
28822 0
28957 76
29009 0
29035 76
29080 76
29264 0
29567 76
29568 0
29695 76
29829 76
30015 76
30203 0
30210 76
30269 0
30288 76
30478 0
31760 76
31964 0
32109 76
32310 0
32700 76
32707 0
32739 76
33207 76
33210 0
33220 76
33283 76
33476 0
33480 76
33593 76
33594 0
33764 76
33776 0
34111 76
34260 0
34334 76
34349 0
34433 76
34487 0
34727 76
35042 0
35111 76
35571 0
35644 76
35726 0
35740 76
36002 0
36051 76
36071 0
36152 76
36181 76
36649 76
36683 0
36833 76
37134 0
37143 76
37197 76
37301 0
37528 76
37606 76
37664 0
37775 76
37826 0
38221 76
38283 0
38397 76
38547 76
38734 76
38872 76
38979 0
39226 76
39431 76
39517 0
39629 76
39676 0
39756 76
39768 76
39784 0
40413 76
40490 0
40497 76
40970 0
41058 76
41320 0
41610 76
41652 0
41720 76
41727 0
41907 76
42343 0
42673 76
42944 0
42947 76
43191 0
43317 76
43457 0
43536 76
43548 0
43670 76
43693 0
43832 76
43866 76
43946 0
44005 76
44013 76
44189 76
44263 0
44324 76
44361 0
44495 76
44530 0
44765 76
45587 76
45604 0
45626 76
45893 0
45956 76
45976 0
46031 76
46042 0
46229 76
46479 76
46927 0
47045 76
47122 0
47129 76
47139 76
47661 0
48009 76
48250 0
48564 76
48796 76
48832 76
49000 76
49085 0
49210 76
49616 0
49629 76
49700 0
49707 76
49839 0
50083 76
50098 76
50139 0
50313 76
50628 0
50724 76
50813 76
51016 0
51186 76
51567 76
51626 0
51739 76
52046 0
52283 76
52472 76
52680 0
52720 76
52788 0
52877 76
53100 0
53206 76
53347 0
53592 76
53639 0
53758 76
53832 0
53847 76
53871 0
53896 76
53912 0
53925 76
54235 0
55324 76
55408 0
55418 76
55959 0
56199 76
56382 0
56614 76
56831 76
56963 0
57166 76
57368 76
57712 76
58188 0
58329 76
58477 0
59104 76
59291 0
59295 76
59361 0
59370 76
59458 0
60181 76
60308 76
60555 76
60738 0
60804 76
60909 0
60945 76
60948 0
61219 76
61312 0
61344 76
61361 0
61455 76
61511 0
61565 76
62395 0
62849 76
62864 0
63428 76
63549 76
63766 0
63818 76
63902 76
64100 0
64753 76
65317 0
65596 76
65758 0
65845 76
65856 0
65960 76
66032 0
66192 76
67000 76
67134 0
67492 76
68058 0
68865 76
68948 0
69039 76
69107 76
69271 0
69358 76
69368 0
69433 76
69451 0
69631 76
69681 0
70244 76
70341 0
70346 76
70501 0
70640 76
70864 76
71083 0
71100 76
71124 76
71169 0
71351 76
71620 0
72068 76
72112 0
72142 76
72257 0
72359 76
72405 0
72437 76
72495 76
72692 0
72702 76
72734 0
72824 76
72836 0
73196 76
73326 0
73368 76
73486 0
73540 76
73557 0
73677 76
74172 0
74405 76
74491 0
74744 76
74770 76
74940 0
75128 76
75277 0
75424 76
75434 76
75561 0
75658 76
75699 0
75772 76
75970 76
76039 0
76110 76
76590 0
76672 76
76888 0
76973 76
77088 0
77292 76
77322 76
77466 0
77561 76
77700 76
77702 0
77833 76
77993 76
78306 0
78414 76
78497 0
79046 76
79074 0
79104 76
79277 76
79281 0
79331 76
79589 76
79593 0
79603 76
79620 0
79730 76
80130 0
80605 76
80743 76
80980 76
81006 0
81019 76
81297 76
81310 0
81426 76
81440 76
81509 76
81523 76
81670 76
82035 76
82297 0
82375 76
82385 0
82681 76
82699 0
82713 76
82717 0
82944 76
82959 0
83026 76
83314 0
83374 76
83603 0
83908 76
84084 0
84143 76
84354 76
84547 0
84640 76
85245 76
85277 0
85378 76
85694 76
85904 0
86329 76
86478 0
86498 76
86681 76
87325 0
87497 76
87612 0
87768 76
88038 0
88048 76
88217 76
88296 76
88531 0
88839 76
89091 76
89310 76
89321 76
89495 76
89506 76
89543 76
89812 76
89923 76
90239 76
90578 0
90646 76
90721 0
90893 76
91043 0
91229 76
91272 0
91350 76
92047 0
92113 76
92408 0
92486 76
92781 0
93245 76
93833 0
93985 76
94480 76
94736 76
94879 0
95130 76
95190 0
95290 76
95305 76
95462 76
95576 76
95606 0
95609 76
95644 0
95747 76
95756 0
95819 76
95845 0
95894 76
96011 76
96164 76
96298 0
96681 76
96981 0
97178 76
97252 76
97331 0
97351 76
97435 76
97452 0
97485 76
97500 0
97535 76
97586 76
97807 0
97859 76
98175 0
98244 76
98268 0
98329 76
98366 76
98906 0
99070 76
99107 0
99117 76
99139 0
99215 76
99244 0
99381 76
99677 0
99840 76
744 events for 23
71 26
91 0
404 28
410 0
618 29
821 30
914 29
1085 0
1106 28
1152 0
1367 29
1538 0
1575 29
1632 0
1648 28
1691 0
1816 31
1996 0
2011 30
2055 0
2276 29
2331 0
2337 30
2577 0
2619 31
2625 0
2705 30
2737 0
2757 29
2800 29
2952 31
3251 26
4200 0
4255 30
4311 30
4338 0
4545 30
4659 31
4725 0
4985 30
5048 30
5393 0
5453 26
5467 0
5610 28
5754 0
5817 26
5839 0
5857 31
6155 0
6220 26
6505 29
6638 0
6912 28
7000 26
7005 0
7161 30
7188 0
7504 30
7517 30
7567 0
7590 29
7597 30
7897 30
8033 0
8039 31
8134 29
8241 28
8314 0
8335 31
8337 0
8362 28
9015 0
9068 31
9413 30
9424 0
9506 29
9560 0
9811 26
9833 31
9957 0
10072 31
10355 0
10426 31
10434 28
10471 0
10506 26
10584 0
10604 31
10665 30
10766 0
10976 30
11012 29
11034 0
11190 28
11296 0
11456 31
11461 0
11474 28
11693 0
11753 30
11776 0
11871 31
12004 0
12047 26
12088 0
12100 30
12206 0
12319 30
12411 0
12843 29
12894 0
14341 31
14362 31
14460 0
14731 28
14776 28
14849 31
14896 0
14948 31
15108 28
15285 0
15448 28
15554 29
15604 0
15954 31
15970 0
16152 31
16162 0
16239 30
16322 0
16346 31
16360 0
16512 29
16763 29
16773 0
16837 26
16925 0
17063 31
17149 0
17268 30
17439 0
17525 30
17579 0
17598 30
17622 0
17651 30
17725 0
17755 30
18058 0
18355 31
18662 0
18786 30
18929 0
19033 30
19154 30
19229 30
19237 0
19338 26
19354 0
19922 28
19972 0
20060 30
20117 30
20359 0
20402 30
20521 26
20628 0
20711 31
20839 0
20861 31
20921 0
20962 31
21195 0
21213 31
21228 31
21229 0
21920 30
22066 0
22109 30
22157 0
22241 30
22262 0
22296 31
22370 0
22564 31
22757 0
22817 28
22818 0
22991 30
23261 0
23279 30
23323 0
23336 29
23490 30
23628 0
23736 30
23882 0
24195 30
24217 0
24533 28
24638 28
24640 0
24774 26
24794 0
24998 30
25000 28
25069 0
25096 28
25142 0
25153 26
25205 0
25298 30
25647 0
25800 28
26002 28
26221 0
26275 31
26321 0
26476 28
26901 0
26980 30
27056 0
27224 30
27275 26
27466 0
27578 26
27606 0
27616 29
27618 30
27629 0
27791 31
27838 31
27848 0
27952 30
27981 0
28031 31
28073 0
28179 31
28543 0
28745 31
28759 0
28772 26
28953 0
28976 28
29034 0
29234 31
29261 0
29298 31
29414 0
29469 29
29504 0
29660 31
29813 30
29939 29
30180 0
30254 26
30406 0
30432 30
30583 28
30645 28
30725 31
31115 31
31226 29
31395 0
31411 31
31503 0
31526 29
31593 29
31664 30
31863 0
31992 29
32242 0
32299 28
32447 31
32450 0
32473 26
32843 29
33089 29
33112 30
33577 30
33963 0
33985 28
34253 0
34310 30
34551 0
34781 31
34807 0
34855 30
35022 0
35152 30
35713 0
35735 30
35741 31
36053 29
36411 30
36552 0
36618 31
36736 30
36741 0
37006 26
37056 0
37098 30
37387 0
37489 30
37633 0
37778 31
37899 0
38060 30
38173 28
38189 0
38443 30
38540 0
38792 30
39096 30
39157 28
39312 0
39672 31
39760 0
40174 30
40182 0
40858 31
40871 0
41147 28
41504 0
42136 28
42143 29
42220 30
42321 0
42749 31
42784 30
42791 0
42833 28
43552 0
43661 31
43739 0
43916 30
43940 28
43941 28
44097 0
44100 31
44147 0
44242 26
44444 0
44522 26
44707 30
44730 0
44913 31
44988 0
45213 28
45468 0
45589 31
45807 0
45982 31
46369 26
46586 0
46669 30
46926 0
47117 31
47142 26
47280 30
47423 0
47514 31
47626 0
47636 28
47702 31
47703 31
47732 0
47847 30
47865 0
47951 31
48280 0
48287 28
48364 29
48511 0
48685 28
48809 0
49066 31
49103 0
49207 28
49249 0
49252 30
49631 0
49663 31
49783 0
49923 30
50483 28
50857 0
50859 28
50911 0
51041 29
51093 0
51114 30
51296 0
51454 31
51599 0
51844 29
52174 29
52393 0
52543 28
52607 0
52629 30
52703 0
52710 31
53283 0
53379 28
53678 28
53694 0
53736 26
53922 0
54096 30
54362 0
54384 31
54448 0
54521 30
54566 30
54603 0
54874 31
54976 0
55183 28
55394 0
55455 31
55493 0
55728 30
55732 31
55845 31
55918 0
55953 26
56227 0
56377 30
56420 0
56448 31
56457 0
56531 30
56798 0
56979 31
57025 0
57047 26
57067 0
57453 31
57474 0
57814 28
57841 0
58317 31
58398 0
58401 30
58432 0
58612 26
59079 0
59240 30
59266 0
59384 30
59515 30
59532 0
59770 31
60177 0
60247 26
60353 0
60475 30
60745 0
60778 30
60796 0
60805 28
60926 0
60980 28
61034 0
61204 29
61268 0
61299 31
61475 28
61499 0
61772 26
61969 0
62237 31
62251 0
62381 31
62484 0
62645 29
62793 0
63099 31
63216 0
63352 26
63364 0
63424 28
63525 29
63768 29
63770 0
63935 26
64025 0
64313 28
64652 31
64687 0
64891 30
65086 0
65184 30
65210 26
65276 31
65341 0
65741 30
65808 30
65857 31
66274 0
66528 28
66674 0
66782 26
66832 29
66878 28
66939 0
67035 26
67200 0
67584 30
67595 0
67633 29
67835 0
67978 30
68019 0
68242 29
68805 0
69655 29
69762 0
69857 30
69866 31
69873 0
69956 30
69996 0
70059 31
70069 0
70182 30
70293 0
70375 28
70570 0
70677 31
70708 28
71054 0
71198 31
71201 30
71576 0
71948 31
72205 31
72215 31
72772 29
72816 0
73040 28
73168 30
73272 30
73355 30
73526 0
74016 30
74170 30
74175 29
74346 0
74390 31
74811 0
74835 31
74937 29
74952 0
75151 30
75231 0
75299 30
75554 0
75678 26
75794 0
75875 31
76123 0
76592 28
76691 30
76704 0
77116 29
77191 29
77264 0
77499 28
77529 0
77812 31
77986 0
78091 28
78144 30
78338 0
78735 26
78741 0
78829 30
78832 0
78996 30
79091 29
79100 0
79569 30
79660 0
79714 29
79750 0
80282 28
80313 0
80323 31
80507 0
80610 30
80823 0
80856 30
81222 30
81333 31
81691 0
81744 31
81799 0
81874 26
82051 0
82053 26
82072 0
82120 30
82127 0
82469 30
82472 0
82517 29
82582 0
82774 31
82795 0
83056 31
83088 28
83089 0
83204 31
83600 28
83614 0
83773 31
83809 31
83825 0
84039 29
84513 0
84665 29
84748 0
84887 31
85082 0
85676 30
85797 0
85845 29
85918 31
85958 26
86075 0
86734 30
87249 31
87370 31
87392 31
87406 0
87485 26
87596 0
87765 30
88156 0
88179 30
88243 0
88308 30
88472 0
88512 29
88555 0
88600 26
88660 28
88691 0
88736 28
88761 29
88813 0
88940 31
89065 28
89232 0
89301 31
89749 0
89793 30
89894 0
90013 31
90100 28
90401 0
90440 26
90485 0
90496 31
90641 0
90874 30
90893 30
90923 0
91150 29
91369 0
91397 29
91657 0
91882 31
92022 30
92674 0
92976 30
93073 0
93195 28
93335 0
93381 30
93439 0
93566 29
93652 28
93728 0
93762 26
93799 0
93843 31
93851 0
93852 26
93869 0
93959 30
93987 0
94072 30
94084 0
94661 28
94760 0
94912 31
95003 0
95018 29
95068 0
95127 31
95203 0
95210 30
95217 0
95761 26
95799 29
95965 0
96059 26
96159 0
96237 29
96300 29
96358 0
97165 30
97172 0
97209 31
97304 0
97310 30
97835 29
97894 0
98082 31
98123 0
98168 26
98204 0
98254 31
98318 29
98411 0
98463 28
98544 30
98551 0
98751 26
98773 0
98903 29
98969 31
98998 0
99123 26
99216 29
99442 0
99494 31
99565 0
99677 31
99904 0
