8 buffers
158474 6037
304774 53359
62060 10014
152197 10960
193748 7484
247925 13435
125531 21992
348910 11919
40 downlinks
0 375 2500 241
1 2875 5000 213
2 5375 7500 262
3 7875 10000 256
4 10375 12500 210
5 12875 15000 253
6 15375 17500 262
7 17875 20000 228
8 20375 22500 262
9 22875 25000 268
10 25375 27500 222
11 27875 30000 203
12 30375 32500 281
13 32875 35000 197
14 35375 37500 248
15 37875 40000 206
16 40375 42500 265
17 42875 45000 260
18 45375 47500 266
19 47875 50000 220
20 50375 52500 230
21 52875 55000 278
22 55375 57500 247
23 57875 60000 202
24 60375 62500 267
25 62875 65000 263
26 65375 67500 202
27 67875 70000 270
28 70375 72500 237
29 72875 75000 198
30 75375 77500 273
31 77875 80000 286
32 80375 82500 274
33 82875 85000 288
34 85375 87500 244
35 87875 90000 272
36 90375 92500 274
37 92875 95000 199
38 95375 97500 238
39 97875 100000 262
670 events for 0
29 17
242 27
352 0
453 34
608 0
682 20
777 0
786 34
1053 34
1120 0
1193 32
1222 0
1278 32
1292 0
1385 32
1402 0
1492 29
1918 0
1940 34
1946 0
2104 29
2172 0
2213 32
2268 20
2365 0
2582 37
2821 32
3418 0
3910 32
3943 0
4165 32
4225 0
4320 34
4460 0
4472 17
4504 37
4784 0
4932 37
5030 0
5113 37
5521 32
5779 0
5827 32
5981 0
6045 20
6147 20
6395 34
6705 32
6798 0
6893 34
6906 27
7478 34
7531 32
7574 0
7775 29
7871 0
8027 27
8050 0
8192 32
8321 0
8343 32
8418 0
8515 37
8596 0
8800 37
8823 0
9040 34
9642 0
9693 20
9710 0
9778 32
9851 34
10191 0
10419 20
10507 0
10628 32
10896 0
10912 29
11125 37
12061 0
12077 32
12143 0
12276 29
12303 32
12401 27
12476 0
12565 37
12582 0
12675 27
12706 0
12710 17
13103 0
13112 37
13123 0
13832 32
13977 32
13987 0
14021 20
14102 0
14332 29
14680 32
14899 0
15127 32
15133 0
15276 37
15380 0
15419 20
15549 0
15873 37
15933 0
16036 34
16098 0
16182 20
16193 0
16524 29
16792 0
16834 37
16969 37
16991 0
17098 27
17233 0
17410 17
17880 0
18089 34
18189 0
18198 29
18227 32
18237 0
18266 34
18324 0
18409 17
18415 0
18616 34
18778 34
18987 0
19278 34
19359 0
19363 29
19443 17
19530 32
19967 0
20202 20
20442 37
20522 32
20671 0
20965 20
20983 0
21042 27
21044 0
21065 27
21154 27
21410 0
21422 37
21450 0
21506 29
21514 0
21954 29
22520 0
22707 37
22867 20
23056 0
23145 37
23384 0
23437 17
23508 0
23780 34
23788 0
23922 37
23929 29
24178 0
24361 37
24445 0
24769 32
24833 17
24871 0
24891 32
24929 0
24933 32
25140 29
25865 0
26148 32
26437 0
26773 27
26851 32
27242 37
27344 0
27440 37
27489 32
27507 0
27515 29
27663 0
27727 37
27736 0
27791 17
27823 32
28047 0
28398 37
28525 34
28884 0
28952 27
29016 0
29290 37
29365 0
30022 20
30080 17
30099 0
30349 34
30360 37
30649 32
30658 0
30790 37
30815 0
30867 29
30901 37
30916 0
31252 29
31357 0
31474 32
31553 0
31591 20
31739 0
31745 20
31924 0
31929 37
31962 32
32090 0
32204 32
32266 20
32346 0
32514 17
32529 0
32826 34
32879 0
33000 37
33650 0
33771 37
33826 0
33999 37
34058 0
34220 29
34600 29
34622 27
34778 0
34798 32
34921 34
34945 0
35198 27
35221 0
35262 32
35502 0
35675 20
36026 17
36104 32
36141 0
36176 29
36272 29
36489 0
36551 34
36932 0
37008 29
37673 0
37894 34
38391 0
38505 37
38869 0
39243 32
39256 0
39679 17
39913 0
40120 20
40139 0
40383 20
40477 20
40540 29
40561 34
40592 0
40860 29
41370 32
41699 0
41705 32
41765 20
41834 0
41856 17
42140 0
42320 17
42467 32
42609 29
43004 0
43146 20
43220 34
43302 0
43376 20
43403 34
43615 0
43767 17
43780 27
44007 0
44259 29
44408 32
44562 37
44586 0
44592 37
44664 0
45232 17
45246 0
45555 17
45576 0
46149 17
46537 0
46699 29
46744 0
46817 17
46824 34
46877 27
47066 0
47082 29
47142 0
47190 17
47375 27
47378 0
47538 37
47607 0
47676 37
47772 0
47965 37
48511 0
48553 32
48731 0
48943 37
49060 0
49189 17
49207 0
49221 37
49387 0
49423 20
49426 0
49464 32
49674 29
49710 0
49871 37
49986 0
49995 37
50198 0
50274 17
50337 0
50493 20
50500 0
50508 29
50853 34
51222 0
51446 20
51501 0
51715 37
51781 0
52374 32
52429 0
52433 17
52640 32
52733 0
53032 32
53287 0
53501 29
53550 27
53893 0
54079 34
54165 27
54170 0
54507 32
54581 0
54666 27
54674 0
54978 20
54987 0
55138 34
55283 27
55446 32
56240 27
56376 0
56591 32
56920 0
56985 20
57178 0
57258 32
57273 0
57438 34
57444 0
57980 34
58080 29
58387 0
58599 17
58613 0
58692 32
58715 0
58720 32
58791 0
58834 34
58883 0
58884 32
58966 0
59002 20
59047 32
59082 27
59174 0
59325 37
59632 37
60007 27
60121 32
60143 0
60171 32
60324 0
60549 32
60611 32
60701 37
60788 0
60813 32
60848 0
61114 29
61144 0
61316 34
61332 0
62062 32
62063 0
62167 17
62561 0
62849 32
62884 0
63327 32
63343 0
63441 17
63655 32
63748 0
64009 37
64101 34
64351 0
64424 32
64492 0
64515 17
64602 0
64629 34
64648 0
64661 20
64749 0
65055 32
65166 0
65197 32
65295 17
65316 0
65450 32
65605 0
65806 34
66289 37
66299 0
66437 32
66460 0
66653 17
66658 0
66691 34
66759 0
66799 20
66857 27
67181 0
67308 27
67313 0
67698 34
67792 32
67972 0
68417 20
68432 0
68578 20
69474 0
69570 34
69822 0
70099 29
70136 0
70522 29
70568 0
70669 37
70905 0
71157 32
71184 0
71720 20
71748 0
71813 32
71821 0
71915 32
71931 0
72120 32
72394 0
72482 29
72603 32
72917 0
73157 20
73293 0
73354 32
73657 0
73910 27
74080 0
74129 32
74508 0
74642 27
74690 34
74726 0
74755 37
75052 0
75211 17
75319 34
75550 20
75574 0
75784 32
75835 29
76061 0
76228 29
76660 0
77195 17
77418 0
77470 17
77589 0
77734 37
77811 0
77931 32
77997 0
78049 34
78156 0
78211 17
78666 0
78668 29
78705 0
78812 29
78955 32
79037 0
79077 27
79237 37
79458 0
79544 32
79680 0
79812 32
79836 0
80608 34
80810 0
80840 17
80977 0
81129 32
81137 0
81216 34
81423 0
81438 29
81510 0
82127 29
82532 0
82643 29
82797 0
82891 20
83125 27
83223 27
83231 0
83374 32
83421 0
83464 20
83760 0
83861 32
83959 0
83981 27
84243 0
84328 27
84378 37
84465 0
84505 34
84517 32
84532 32
84670 34
84812 32
85075 32
85145 29
85413 0
85459 34
85564 0
85652 32
85758 0
85762 32
86124 0
86366 17
86517 0
86703 27
86740 0
86943 17
87084 0
87467 37
87746 0
87788 27
88024 0
88109 34
88146 0
88163 37
88238 0
88427 32
88453 0
88561 17
89111 0
89375 34
89496 27
89511 0
89567 29
89640 0
89649 32
89732 0
89844 32
89965 37
90054 0
90208 32
90217 0
90307 37
90651 0
90687 32
91038 0
91293 32
91430 29
91511 0
91917 20
92220 0
92260 34
92326 0
92444 32
92516 0
92975 32
93025 0
93207 32
93276 34
93461 0
93662 32
94379 29
94594 20
94622 0
94625 20
94770 0
94880 29
94903 0
95057 29
95437 0
95681 29
95699 0
95821 29
95877 0
95917 17
96013 29
96065 0
96074 17
96249 17
96337 0
96383 34
96454 27
96595 0
96604 37
97098 0
97342 32
97391 0
97488 34
97807 0
97829 32
98224 34
98309 0
98349 27
98517 0
98617 37
98626 34
98728 29
98928 0
98929 27
98988 0
99481 37
99607 0
681 events for 1
62 69
210 0
415 66
591 0
608 66
734 0
758 58
925 66
1406 0
1432 53
1442 0
1506 49
1671 0
1778 69
1846 0
1921 52
2130 52
2175 0
3066 53
3123 66
3228 0
3405 66
3606 0
3645 69
3850 69
3961 0
4147 58
4314 0
4568 52
4660 0
4675 70
4879 0
4945 54
5055 54
5061 0
5210 69
5218 0
5232 54
5396 0
5426 49
5547 0
5586 56
5599 0
5705 49
5779 0
5819 53
6171 58
6334 0
6436 70
6616 49
6716 49
6782 0
7031 70
7094 54
7141 0
7183 52
7309 0
7742 54
7809 0
7866 49
7961 0
8083 58
8249 54
8610 0
8697 49
8753 0
8888 66
9089 53
9307 0
9346 49
9399 0
9471 56
9886 0
9889 49
10310 0
10364 49
10377 49
10575 0
10658 53
11002 70
11109 0
11179 70
11282 54
11329 0
11663 49
11718 56
11747 0
11798 49
11969 0
11999 49
12074 0
12082 52
12109 0
12222 58
12261 0
12367 53
12601 66
12616 0
12725 70
12762 0
13009 54
13518 0
13561 66
13766 0
13814 52
13905 56
13954 54
14002 49
14296 0
14613 54
14736 0
14808 66
15009 49
15115 0
15638 54
15717 0
16002 54
16227 0
16804 54
16901 0
16939 58
17482 0
17549 69
17584 0
18116 49
18618 52
18650 0
18707 52
18945 0
18964 49
18985 49
19058 0
19295 52
19821 66
19912 53
20017 0
20134 49
20355 0
20706 58
21008 0
21145 54
21181 0
21300 70
21446 0
21772 66
21864 0
22282 54
22518 69
22596 0
22667 70
23299 0
23461 49
23771 56
23825 0
24149 52
24442 0
24712 52
24724 0
24746 58
24862 0
24924 66
25036 0
25115 56
25246 0
25262 69
25517 0
25648 66
25859 0
25866 49
25952 0
25954 69
25965 56
25973 0
26418 53
26468 0
26617 70
26648 66
27050 0
27314 54
27471 0
27652 52
27872 0
27926 58
28028 0
28040 52
28107 54
28117 0
28311 53
28366 0
28547 54
28635 0
28888 56
28899 0
28962 56
29252 0
29413 56
29447 0
29472 56
29656 0
29731 69
29834 0
29836 58
29927 53
30007 0
30260 70
30396 70
30470 0
30641 56
30877 52
30947 0
30992 52
31146 0
31403 66
31648 66
32067 0
32081 58
32678 0
32714 58
32769 54
32955 52
33117 49
33195 0
33203 70
33298 0
33470 70
33756 0
33798 56
33812 0
34207 53
34339 0
34724 56
34885 0
34967 66
35048 0
35136 53
35187 69
35471 0
35541 66
35841 53
35859 0
35945 49
35946 0
36046 49
36264 0
36384 52
36438 58
36441 0
36566 70
36831 0
37255 49
37264 0
37497 49
37537 56
37617 0
38162 49
38605 0
38960 49
39099 0
39108 54
39186 56
39555 0
39767 70
39820 56
39923 0
40292 49
40310 0
40686 69
40764 0
40901 49
41371 0
41500 70
41790 0
42094 66
42206 0
42214 52
42562 0
42590 56
42635 70
42745 0
42775 52
42788 54
42861 49
42897 0
42908 70
42969 0
43093 52
43096 0
43160 49
43215 56
43308 0
43421 49
43635 53
43651 0
43694 52
43723 53
43729 0
43818 69
43848 54
44047 0
44075 49
44120 70
44152 0
44308 54
44338 53
44343 70
44526 52
44551 0
44598 49
45163 0
45175 56
45279 52
45532 0
45580 69
46201 0
46361 70
46399 0
46584 53
46649 0
46713 58
46736 0
46744 58
46853 0
46975 54
46979 52
47012 0
47106 66
47396 58
47621 0
47735 52
47792 0
47878 49
47898 0
47930 66
47963 0
48021 53
48195 0
48256 58
48275 0
48423 54
48476 0
48622 66
49007 0
49287 52
49312 0
49385 52
49400 0
49496 49
49899 0
49931 49
49990 0
50000 53
50144 0
50193 56
50303 58
50401 49
50413 0
50785 66
50958 0
51179 49
51338 0
51595 52
51630 0
52016 52
52122 0
52607 49
53047 0
53217 58
53406 0
53441 54
53451 66
53491 69
53516 0
53818 49
53821 58
53900 52
54148 0
54300 70
54314 0
54520 58
54844 54
54860 0
54934 69
55063 0
55192 54
55671 0
55819 58
55896 0
55971 69
56178 0
56362 49
56609 0
56678 69
56724 70
56982 0
57196 58
57275 0
57319 52
58116 0
58526 58
58533 0
59005 56
59024 70
59160 0
59393 53
59724 56
60139 0
60179 70
60468 70
60750 0
61248 70
61257 0
61408 54
61654 0
61702 58
61836 0
62700 69
62716 0
62873 69
62883 0
63018 52
63115 0
63886 52
63910 0
63983 69
64081 69
64221 0
64281 49
64416 0
64417 58
64425 0
64493 56
64531 0
64589 69
64720 0
64772 52
64963 0
65440 56
65647 52
65939 58
66022 0
66152 58
66232 0
66357 49
66454 0
66557 53
66751 0
66838 56
66869 0
67302 66
67450 0
67560 49
68152 0
68402 49
68491 0
68706 49
68777 0
69300 49
69373 0
69473 52
69505 0
69586 53
69716 0
69755 49
69782 0
69888 54
70183 0
70217 56
70317 0
70458 53
70925 54
71331 49
71494 69
71550 0
71553 66
71717 58
71971 0
71979 49
72118 0
72782 49
73085 54
73192 0
73427 70
73568 0
73627 52
73685 0
74315 56
74494 70
74566 0
74578 54
74696 52
74928 0
75039 69
75305 0
75339 49
75445 0
75608 56
75767 0
75937 56
75971 0
76015 49
76052 0
76178 52
76432 0
76452 56
76595 56
76656 53
76735 0
76767 52
76830 0
77005 49
77152 0
77168 54
77233 0
77505 53
77586 0
77662 70
77817 66
77918 0
78003 52
78160 0
78212 56
78257 0
78291 58
78341 0
78345 54
78634 52
78717 0
78761 66
78941 52
79069 0
79307 49
79513 0
79754 58
80222 0
80370 56
80704 56
80722 0
80828 70
80848 58
80876 0
80902 58
80928 0
80971 56
81049 49
81104 0
81663 58
81767 0
81775 49
82020 0
82234 53
83280 56
83415 0
83656 54
83736 49
83834 0
83882 52
84118 66
84345 0
84559 70
84572 0
84626 70
84641 0
84667 52
84687 66
84700 53
84713 0
84876 52
84968 0
85049 54
85099 0
85161 66
85204 0
85229 52
85311 0
85555 53
85655 0
85851 56
86202 0
86275 70
86407 49
86434 49
86442 0
86617 53
86647 0
86677 54
86693 54
87044 0
87091 52
87114 0
87338 53
87426 0
87437 70
87616 66
87864 0
88432 49
88447 53
88591 49
88684 69
88918 0
88976 54
89005 0
89022 49
89170 0
89226 69
89237 0
89260 54
89292 0
89365 70
89905 0
90059 58
90137 0
90168 58
90273 0
90488 58
90498 0
90745 49
90949 0
90956 66
90988 0
91039 49
91366 0
91603 69
91649 0
91667 49
91693 0
92199 49
92412 49
93102 66
93307 0
93517 56
93547 0
93564 52
93635 54
93838 0
93906 58
94081 0
94107 58
94336 0
94525 49
94862 0
94906 54
94918 0
94936 52
95096 0
95152 66
95227 70
95449 0
95666 56
95799 58
95833 0
95860 56
95960 53
96240 0
96312 69
96655 0
96669 66
96759 69
96788 0
96833 69
96930 0
97349 66
97466 0
97742 54
97998 0
98081 70
98083 49
98132 0
98381 56
98386 0
98461 49
98581 58
98629 70
98715 0
98815 54
99203 52
99403 52
99414 0
99418 49
99502 0
99513 69
99901 0
690 events for 2
101 19
407 0
524 19
679 0
783 19
1005 19
1018 0
1188 19
1258 0
1429 19
1530 19
2154 0
2276 19
2639 0
2697 19
2736 0
2752 19
2800 0
2908 19
3106 19
3371 0
3577 19
3687 19
3811 0
3873 19
3895 0
3962 19
4071 19
4168 19
4266 19
4297 0
4395 19
4528 0
4823 19
4867 19
5163 0
5490 19
5491 0
5590 19
5654 0
5752 19
6085 0
6134 19
6196 0
6240 19
6274 0
6594 19
6651 19
7152 0
7298 19
7309 19
7642 19
7665 0
7871 19
8282 0
8375 19
8429 0
8559 19
8682 0
8759 19
8903 0
9165 19
9208 0
9363 19
9457 0
9544 19
9767 19
9797 0
9959 19
10007 0
10142 19
10199 0
10250 19
10260 0
10587 19
10651 0
10680 19
10767 19
10770 0
10880 19
10952 0
11153 19
11203 0
11209 19
11293 19
11299 0
11876 19
11919 0
11928 19
12027 0
12104 19
12211 0
12329 19
12420 19
12502 19
12556 0
12575 19
12654 19
12866 0
12877 19
12954 0
13020 19
13086 0
13193 19
13253 19
13333 0
13447 19
13596 0
13697 19
13794 0
13961 19
14085 0
14089 19
14201 19
14264 0
14407 19
14422 0
14500 19
14646 0
14887 19
14889 0
14977 19
14992 19
15511 0
15762 19
16034 0
16042 19
16222 0
16230 19
16255 0
16292 19
16308 19
16470 0
16662 19
16703 19
16720 19
17128 0
17360 19
17603 0
17653 19
17683 0
17736 19
17749 0
17901 19
18171 0
18249 19
18837 19
19054 19
19420 0
19729 19
19777 0
20129 19
20173 0
20229 19
20336 0
20461 19
20566 0
20794 19
20888 0
20939 19
21139 0
21577 19
21765 0
21814 19
21862 0
22064 19
22146 0
22224 19
22244 0
22281 19
22288 0
22399 19
22468 0
22680 19
22756 0
22768 19
22847 0
23239 19
23249 0
23393 19
23659 0
23824 19
23909 0
24098 19
24157 0
24170 19
24260 19
24264 0
24296 19
25000 0
25131 19
25220 0
25226 19
25247 0
25527 19
25630 0
26254 19
26289 19
26436 0
26467 19
26499 0
26598 19
26629 0
26693 19
26823 0
26889 19
27067 19
27209 0
27341 19
27424 0
28129 19
28448 0
28725 19
28873 0
28943 19
29328 19
29336 0
29720 19
30139 19
30296 0
30308 19
30437 0
30554 19
30993 19
31165 0
31232 19
31311 0
31330 19
31502 0
31548 19
31571 0
31601 19
31668 19
31805 0
32095 19
32121 0
32140 19
32222 0
32319 19
32393 19
32534 0
32550 19
32604 0
33212 19
33265 19
33469 0
33649 19
33783 0
33849 19
33980 0
33989 19
34014 0
34074 19
34103 0
34861 19
34906 0
35037 19
35071 0
35119 19
35220 0
35310 19
35427 0
35461 19
35535 0
35779 19
35855 0
35897 19
35946 19
36019 0
36105 19
36354 0
36377 19
36660 0
36686 19
37113 0
37180 19
37182 0
37568 19
38054 19
38363 19
38482 0
38503 19
38660 0
38724 19
38929 0
38982 19
39027 0
39030 19
39611 0
39646 19
39726 19
39864 19
40155 0
40215 19
40227 0
40400 19
40684 0
40784 19
40869 19
41166 19
41380 0
41660 19
41735 0
41903 19
42741 0
42747 19
43096 19
43133 0
43207 19
43321 0
43359 19
43617 0
43754 19
43756 0
43989 19
43994 0
44153 19
44226 0
44430 19
44696 0
44798 19
44839 19
44862 0
44905 19
44925 19
45234 0
45280 19
46003 0
46171 19
46526 19
46682 0
46961 19
46965 19
47013 0
47347 19
47743 0
47859 19
47901 0
47910 19
47965 0
48038 19
48049 0
48389 19
49241 19
49272 0
49574 19
49597 0
49609 19
49680 0
49722 19
49802 0
49807 19
49819 0
49848 19
49853 0
50044 19
50281 0
50320 19
50528 0
50578 19
50600 0
50856 19
50864 0
51032 19
51239 19
51257 0
51549 19
51680 0
51811 19
52196 0
52315 19
52495 0
52533 19
52555 19
52649 0
52732 19
52834 19
52968 0
53004 19
53029 19
53244 0
53464 19
53774 0
53841 19
53925 0
54067 19
54083 0
54209 19
54218 19
54466 0
54610 19
54661 0
54784 19
54819 0
54845 19
54858 0
54912 19
54915 0
55301 19
55319 19
55321 19
55506 0
55602 19
55742 0
55850 19
55853 19
55964 19
56319 0
56352 19
56700 0
56889 19
56892 0
57125 19
57167 0
57324 19
57347 0
57450 19
57463 0
57673 19
57860 0
57955 19
57986 0
58032 19
58079 0
58232 19
58262 19
58607 0
58931 19
59021 0
59149 19
59270 0
59550 19
59552 0
59729 19
60127 0
60167 19
60193 0
60307 19
60502 0
60668 19
60765 0
60914 19
61033 0
61073 19
61086 0
61123 19
61251 0
61310 19
61584 0
61703 19
61909 0
62102 19
62326 0
62591 19
62643 0
62972 19
63253 0
63305 19
63317 0
63328 19
63580 19
63784 0
64127 19
64161 19
64215 0
64353 19
64532 0
64549 19
64652 0
64930 19
65158 0
65335 19
65391 0
65501 19
65723 19
65874 0
65972 19
66032 0
66064 19
66577 0
66764 19
66857 19
67026 19
67469 0
67867 19
67926 19
68039 0
68391 19
68627 19
68629 0
68641 19
68728 19
68751 0
69034 19
69149 0
69550 19
69566 19
70158 0
70185 19
70197 0
70215 19
70480 19
71096 0
71151 19
71262 19
71287 0
71313 19
71346 19
71605 19
71812 19
72338 0
72745 19
72837 19
73094 19
73299 0
73433 19
73438 0
73583 19
73614 0
73636 19
73821 0
73939 19
74212 0
74424 19
74551 19
74755 19
75323 0
75612 19
75670 0
75872 19
75966 19
76518 0
76666 19
76767 19
76799 0
76899 19
76990 0
77211 19
77416 19
77715 0
77744 19
77786 0
77810 19
77935 0
77936 19
78043 19
78444 0
78468 19
78574 0
78865 19
79026 0
79165 19
79276 19
79329 0
79330 19
79420 0
79511 19
79821 19
79929 19
80034 19
80282 0
80559 19
80831 19
81091 0
81098 19
81239 0
81334 19
81744 0
81876 19
81886 0
82046 19
82369 0
82682 19
82794 0
83109 19
83154 0
83286 19
83710 0
83785 19
83988 0
84153 19
84164 0
84381 19
84526 0
84544 19
84624 0
84783 19
84846 0
84867 19
85280 0
85333 19
85664 19
85767 19
85893 0
85898 19
86313 0
86697 19
86901 0
86957 19
87185 0
87489 19
87559 0
87590 19
87716 0
87793 19
87916 0
88227 19
88248 19
88329 19
88694 19
88928 0
89174 19
89375 0
89820 19
89883 19
89962 0
89972 19
89979 0
90094 19
90166 0
90385 19
90480 0
90712 19
90819 0
90982 19
91028 19
91047 0
91131 19
91413 0
91454 19
91679 0
91680 19
91683 0
91692 19
91896 0
92165 19
92310 0
92363 19
92415 19
92602 0
93020 19
93083 19
93148 0
93277 19
93359 0
93388 19
93786 19
93814 0
94012 19
94075 0
94116 19
94555 0
94686 19
94810 0
94876 19
94898 19
94949 0
95036 19
95074 0
95363 19
95691 0
95739 19
96000 0
96025 19
96743 0
96917 19
97158 0
97441 19
97571 19
97710 0
97904 19
98052 0
98074 19
98161 0
98305 19
98569 0
98665 19
98739 0
98909 19
99006 0
99069 19
99422 0
99469 19
99515 0
99620 19
99674 19
99737 0
99877 19
99953 19
99959 19
798 events for 3
162 30
390 32
457 0
535 29
585 28
803 0
1156 32
1204 0
1208 30
1212 0
1574 32
1800 0
2055 32
2400 0
2442 28
2750 28
2783 30
2908 0
3136 30
3224 30
3225 32
3339 0
3350 28
3432 0
3574 32
3578 0
3732 32
3758 0
4012 28
4173 0
4186 32
4336 0
4349 32
4555 0
4582 32
4590 29
4652 0
4731 30
4846 0
4854 32
5074 32
5116 32
5167 32
5249 0
5543 28
5706 0
5998 32
6094 0
6155 28
6587 0
6602 30
6695 0
6990 30
7277 0
7406 32
7419 0
7460 30
7679 30
7755 0
7772 29
7842 28
7875 0
7877 28
8058 0
8178 28
8204 0
8221 32
8862 0
9089 30
9090 0
9118 29
9175 0
9207 28
9258 0
9395 32
9427 0
9496 32
9633 0
9647 30
9802 0
9967 28
10182 0
10208 32
10269 0
10289 32
10294 0
10488 29
10552 0
10628 29
10643 0
10677 30
10687 29
10880 0
10920 32
11015 0
11213 32
11294 0
11494 29
11530 0
11533 32
11549 0
11619 30
11631 30
11645 32
11829 0
11952 32
12112 32
12169 0
12248 32
12317 0
12545 32
12611 0
12632 32
12665 0
12951 28
13188 0
13217 29
13218 32
13298 0
13363 28
13627 28
14497 0
14830 32
14866 32
14915 28
15050 0
15302 28
15391 32
15593 30
15671 0
16237 32
16451 0
16732 30
16832 0
17172 28
17206 28
17352 0
17457 32
17505 0
17599 32
17889 0
18037 28
18226 0
18253 29
18353 0
18468 28
18737 0
18948 32
18995 29
19078 30
19167 32
19366 0
19591 32
19634 0
19725 28
19817 32
19891 30
20059 0
20228 32
20569 29
21198 0
21417 32
21431 0
21509 30
21510 0
21533 32
21673 0
21683 29
21913 0
22146 32
22159 0
22431 30
22574 0
22921 30
22998 0
23002 30
23021 0
23139 30
23301 29
23312 0
23361 29
23380 32
23497 30
23528 0
23721 28
23820 0
23847 28
23885 0
23941 30
24283 30
24639 0
24807 32
24971 0
25052 32
25247 32
25281 30
25423 0
25704 30
25734 32
25883 0
25887 29
25966 0
25967 29
26102 0
26195 29
26315 0
26454 32
26480 0
26581 32
26586 29
26602 0
26818 32
26974 32
27328 0
27331 28
27428 28
27440 0
27664 29
28180 0
28279 28
28406 0
28421 28
28424 0
28611 29
28740 0
28791 32
28911 30
28976 0
28999 29
29081 0
29112 32
29256 30
29613 0
29704 30
29723 32
29738 0
29931 30
30283 0
30296 28
30339 0
30826 32
30831 0
30844 30
30872 0
30934 30
31087 0
31290 30
31362 0
31437 32
31468 32
31952 0
32009 30
32087 0
32190 29
32191 0
32257 29
32451 0
32505 30
32506 32
32766 0
32821 30
32857 30
32874 32
32892 0
32908 28
32963 0
33151 32
33313 0
33512 30
33534 0
33656 29
33689 0
33814 32
33907 0
34040 32
34124 32
34398 32
34464 30
34472 0
34490 30
34530 30
34616 32
34787 0
34830 28
35308 0
35591 30
35708 0
35921 29
36406 0
36496 30
36512 28
36649 0
36759 32
36798 0
36822 32
36867 32
36990 30
37046 0
37266 28
37296 32
37322 0
37331 29
37436 0
37698 30
37805 32
37981 0
38165 32
38215 0
38219 32
38444 0
38784 28
38938 0
38969 32
38995 32
39131 29
39149 0
39336 28
39430 0
39888 30
39910 0
39995 30
40012 0
40034 30
40091 0
40322 30
40538 0
40708 32
41216 0
41252 32
41396 0
41515 29
41571 0
41616 32
41666 30
41676 32
41834 32
41948 0
41984 29
41986 32
42073 0
42231 28
42318 0
42441 32
42542 0
42550 29
42632 0
42835 29
42842 0
42887 30
42908 32
42949 0
43032 29
43109 0
43274 29
43566 30
43570 32
43643 0
44001 28
44027 0
44042 32
44065 0
44293 29
44362 0
44434 28
44446 0
44833 32
44840 28
44966 0
45170 28
45207 0
45239 32
45380 0
45456 32
45583 30
45751 0
45772 28
45846 0
46021 32
46062 0
46134 32
46651 0
46670 28
46795 0
46912 29
46925 32
47053 0
47239 30
47271 30
47469 0
47600 28
47612 0
47645 29
47893 0
48161 32
48217 0
48231 30
48364 30
48535 0
48743 29
48777 0
48935 30
49023 28
49238 0
49306 32
49460 0
49780 28
49835 0
49842 32
49936 32
49938 30
50042 28
50270 0
50460 29
50474 0
50503 30
50526 0
50531 29
50542 0
50566 30
50677 0
50838 32
50939 0
50981 29
50995 0
51067 30
51277 0
51702 28
52003 0
52231 30
52315 0
52344 28
52577 0
52864 32
52875 29
53079 0
53095 32
53180 32
53346 0
53465 32
53474 30
53552 0
53596 32
53638 0
53727 32
53877 28
53886 0
53903 29
54294 0
54377 32
54380 0
54391 30
54564 30
54770 0
54856 30
54928 32
55074 0
55273 29
55283 29
55313 0
55410 32
55482 0
55499 32
55597 0
55598 28
55792 28
55814 0
56205 30
56325 0
56454 28
56462 0
56478 30
56526 0
56551 32
56562 0
56573 30
57423 0
57530 29
57696 28
57752 0
57864 28
57868 0
57939 30
58248 0
58281 28
58295 0
58382 28
58499 0
58574 30
58685 0
58752 30
59137 0
60073 32
60104 0
60137 30
60255 0
60319 32
60494 32
60604 0
60707 30
60746 0
60997 32
61169 0
61338 32
61420 32
61686 28
61715 0
62028 32
62080 0
62181 30
62251 0
62328 32
62410 0
62509 29
62569 30
62762 0
63024 32
63083 32
63296 32
63454 0
63769 28
63875 32
64126 32
64133 0
64141 32
64441 0
64569 32
64709 0
64781 30
64949 0
64955 29
65120 0
65155 29
65268 30
65305 0
65578 30
65852 0
65855 30
65919 32
66069 0
66080 32
66113 0
66154 32
66260 0
66341 30
66427 32
66594 0
66965 32
67024 32
67395 0
67489 29
67664 29
67715 0
67820 28
67868 0
67994 32
68022 32
68170 0
68226 28
68710 0
68760 32
68875 29
68911 0
68912 32
69059 0
69101 29
69104 0
69258 32
69367 0
69423 28
69528 0
69571 32
69786 0
69885 28
69943 0
69990 29
70059 0
70091 32
70227 29
70373 28
70460 0
70495 28
70536 0
70543 32
70725 0
70783 28
70893 29
70979 0
71083 32
71106 0
71400 32
71505 0
71527 32
71559 32
71588 28
71733 0
71819 32
72005 0
72057 30
72101 28
72179 0
72347 28
72362 0
72364 28
72495 30
72521 0
72610 30
73472 0
73564 32
73607 0
73781 28
73914 0
74046 32
74089 0
74277 30
75387 0
75454 28
75457 0
75574 32
76076 0
76277 32
76395 32
76435 32
76777 32
76820 28
76910 0
76929 28
77054 0
77328 28
77804 32
77843 0
77883 28
77907 32
78403 30
78466 0
78591 28
78655 0
78747 30
79305 0
79393 32
79502 32
79679 29
79759 0
79780 28
79914 32
80048 32
80200 0
80429 32
80613 0
80617 29
80656 0
80807 28
80962 0
81056 29
81098 0
81219 28
81313 29
81566 28
81661 0
81749 32
81968 0
82097 32
82479 0
82537 32
82560 0
82622 32
82723 30
82906 0
82959 29
83472 32
83475 0
83513 29
83515 0
83837 28
83967 0
84044 32
84143 0
84369 30
84449 0
84534 32
84666 0
84674 32
84968 0
84991 32
85053 28
85085 0
86117 28
86361 30
86446 29
86482 0
86566 30
87152 0
87203 30
87379 0
87634 32
87909 0
88169 29
88359 0
88665 32
88698 0
88869 32
88958 29
89214 0
89542 28
89625 32
89658 0
89962 29
90186 0
90278 32
90407 0
90464 29
90566 32
90678 28
90935 28
90941 0
90963 30
90991 0
91005 32
91318 0
91427 32
91593 0
91671 32
91873 0
92067 32
92097 0
92177 29
92306 28
92363 0
92407 32
92598 32
92697 0
92836 30
93174 32
93251 0
93325 32
93415 0
93484 30
94060 0
94326 32
94577 28
94632 30
94743 0
94758 29
94900 0
94949 29
94963 30
94982 0
95036 30
95061 0
95115 29
95129 0
95154 32
95257 0
95358 32
95368 0
95504 32
95508 0
95603 32
95804 29
95877 0
95909 29
95994 0
96247 29
96292 32
96309 0
96402 30
96474 32
96490 0
96494 28
96563 29
96647 0
96768 28
97093 0
97506 32
97523 0
97598 28
97669 0
97670 29
97750 32
97845 30
98168 28
98448 30
98464 0
98482 28
98518 0
98819 28
98821 0
98890 32
98919 30
98938 32
98972 0
98989 28
99651 28
99663 0
99690 28
99722 30
99761 30
99828 32
99904 0
461 events for 4
612 62
884 0
925 62
1072 0
1136 43
1942 0
2544 26
2646 62
3174 0
3389 45
3482 0
3916 45
4721 26
4893 0
4944 51
5022 43
5178 41
5479 0
5570 45
5796 45
6035 0
6368 26
6388 0
6515 45
6757 45
6775 0
6917 41
7126 51
7276 0
7372 43
7741 41
7827 0
7864 45
7915 43
8014 0
8079 41
8311 43
8350 0
8888 45
9358 0
9362 43
9481 0
9678 43
9800 41
9992 0
11197 26
11322 51
11694 0
12012 51
12168 0
12334 45
12738 45
12845 0
13449 51
13559 0
14056 62
14210 0
14488 26
14655 45
14790 0
14939 51
15430 0
15432 51
15516 0
16015 51
16191 0
16406 26
16491 0
16509 62
16763 0
16787 62
16811 41
16859 41
17286 0
18224 45
18583 0
18967 43
19281 0
19654 26
19779 0
20063 51
20398 0
20506 62
20540 0
20831 41
20866 0
20923 43
20937 43
21014 0
21572 26
22062 0
22188 51
22192 0
22443 45
22644 0
22775 45
23189 26
23266 0
23431 62
23436 26
23497 0
23723 43
24653 0
24659 45
25110 51
25171 0
25525 45
25773 0
25951 41
26042 51
26098 0
26307 62
26961 0
26974 41
27016 0
27152 51
27526 0
27836 62
27975 0
28024 26
28026 0
28037 26
28232 45
28296 62
28303 45
28414 0
28538 26
29070 0
29224 26
30040 0
30078 41
30744 0
31138 41
31399 51
31563 0
31794 51
31825 51
31923 0
32266 43
32569 0
32626 45
33050 0
33173 62
33266 0
33665 26
34049 0
34274 26
34469 0
34636 62
34653 0
35196 26
35245 0
35682 43
35884 0
35912 45
35960 45
36579 0
36700 51
36765 0
36846 41
37408 0
37693 51
37878 0
37915 51
38635 0
38723 26
38864 0
38989 26
39246 45
39355 0
39898 51
39919 0
40250 62
40296 51
40575 0
40704 45
40921 0
41139 51
41319 51
41648 0
41759 41
41980 0
42303 26
42578 0
42695 41
42797 0
43080 26
43143 41
43829 0
43945 43
44597 0
44741 45
45339 62
45566 0
45615 62
45909 0
45930 62
46108 41
46118 41
46409 0
46592 26
46614 0
46835 62
47187 0
47856 51
47963 0
48036 62
48066 62
48157 41
48180 0
48282 45
48394 0
48999 43
49134 43
49259 0
49505 51
49508 0
49682 43
50022 0
50541 43
50743 0
50750 45
51058 0
51170 45
51692 0
51775 62
51869 45
52808 0
52810 62
52952 0
52959 26
53208 0
53408 45
53718 0
53722 41
53806 0
53874 41
54657 0
55175 26
55688 0
55858 51
55866 0
56378 62
56384 62
56849 0
56942 51
56964 0
57045 51
57137 0
57149 62
57260 41
57298 0
57432 41
57578 0
57691 26
57696 0
57832 45
57908 26
58236 0
58266 26
58499 26
58619 0
58719 51
58800 0
58808 43
59214 0
59524 43
59883 62
60452 51
60852 0
60900 43
61036 43
61529 0
61561 43
61631 26
61864 45
62125 0
62289 45
62358 0
62628 43
62701 51
62941 26
63078 0
63193 26
63213 0
63607 26
63780 0
64328 45
64432 0
64965 51
65506 0
66132 26
66382 43
66425 0
66470 43
66477 0
66592 41
66790 0
67054 41
67084 0
67143 26
67378 45
67816 0
68073 51
68347 0
68390 51
68468 0
68914 26
69124 51
69818 0
69996 26
69999 43
70255 51
70415 51
70453 45
70780 0
71340 43
71493 0
71497 62
72112 0
72214 51
72397 62
72630 0
72862 45
72905 0
73710 51
74131 51
74251 0
74596 26
74657 0
74881 26
75096 0
75309 43
75415 51
75430 26
75725 0
75789 41
75984 45
76133 51
76443 26
76523 0
76597 45
76771 26
77014 0
77215 41
78029 41
78221 45
78421 0
78456 45
78744 0
79004 45
79160 0
79239 51
79296 0
79485 62
79488 0
79602 62
80091 0
80616 62
80827 51
81224 0
81518 41
81763 26
81793 0
81867 43
82844 0
82901 51
83163 0
83207 45
83472 0
83493 62
83546 0
83784 62
83821 0
83993 26
84124 0
84213 26
84532 0
84592 51
84968 0
85663 45
85784 0
85889 43
85935 0
86061 26
86111 0
86388 45
86733 0
86808 45
87207 0
87220 43
87316 0
87577 43
87672 62
87888 0
87925 41
87948 51
88051 0
88056 43
88345 0
88642 51
88653 62
89061 0
89351 41
89643 0
89957 45
89977 0
89992 51
90070 0
90205 62
90253 0
90273 45
90641 0
90999 26
91053 0
91177 51
91195 26
91321 0
91613 26
91699 0
91858 43
92010 0
92050 51
92269 0
93401 43
93458 0
93517 62
93938 0
94212 45
94545 0
94760 43
95047 0
95301 62
95323 0
95364 26
95502 0
95505 43
95507 43
96061 0
96288 51
96460 0
96507 51
96558 0
96690 45
97014 0
97126 62
97141 0
97375 51
97778 0
98127 45
98134 0
98613 45
98719 0
98845 51
98873 0
98878 45
99101 0
99270 51
99688 0
99856 45
99967 51
617 events for 5
217 66
249 0
338 66
410 0
839 66
1022 66
1024 0
1025 66
1197 0
1227 63
1733 63
1976 63
2178 63
2300 0
2365 66
2790 0
2809 63
2845 0
2978 63
2999 66
3407 0
3558 63
3631 0
3745 63
3865 0
4394 66
4713 0
4790 63
4866 63
4900 0
5360 63
6234 63
6504 0
6612 63
7700 0
7751 63
7895 63
8002 0
8179 63
8227 0
8352 63
8989 0
9318 66
9405 63
9573 0
9710 63
9726 0
9771 63
9942 66
10168 0
10428 63
10650 0
10656 66
11071 0
11085 63
11440 0
11570 63
11940 0
11983 66
12254 0
12270 63
12666 0
12827 63
13151 0
13460 66
13616 63
13621 63
13741 66
13833 0
14568 66
14676 0
14688 63
14709 0
14940 63
15064 66
15151 0
15191 63
15239 63
15255 0
15305 63
15654 63
15679 0
15724 63
15857 0
15894 66
15922 0
16006 63
16046 0
16279 63
16498 63
16568 0
16925 66
17005 0
17032 63
17093 63
17108 63
17118 0
17308 63
17473 0
17508 66
17569 0
17692 66
17703 63
17713 0
17849 63
18320 0
18602 63
18775 66
18938 66
18986 0
19123 63
19171 0
19182 66
19393 63
19500 63
20097 66
20119 66
20121 0
20202 63
20205 0
20305 63
20543 66
20737 63
20750 0
21244 63
21343 0
21370 63
21642 0
21855 63
21926 0
22300 63
22522 0
22557 66
22612 0
22714 63
22771 0
22804 63
22888 0
23192 66
23208 0
23219 63
23234 0
23257 63
23272 0
23545 63
24179 0
24281 63
24372 0
24548 63
24797 0
24850 63
25153 0
25170 63
25255 0
25361 63
25584 63
25792 0
25873 63
26150 66
26485 63
26676 0
26863 63
26865 0
27107 63
27290 0
27391 63
27404 0
27634 66
28156 63
28918 0
29103 66
29264 0
29355 63
29387 0
29453 63
29534 0
29827 66
29988 0
30499 66
30816 0
30851 63
31019 0
31053 63
31276 0
31414 63
31770 63
31784 0
31828 63
31900 0
32233 63
32427 0
32814 63
32817 0
32873 66
33203 63
33276 0
33473 63
33477 0
33817 63
34352 0
34410 63
34708 0
34740 66
34830 0
34964 66
35406 63
35553 66
35911 63
35968 0
36390 63
36759 63
36861 63
37138 63
37205 0
37250 66
37439 66
37496 66
37600 0
37841 63
38065 0
38433 66
38747 0
38797 63
38896 0
38915 63
39006 0
39315 63
39398 0
39503 63
39690 63
39784 0
39801 63
39820 63
40014 66
40215 63
40281 0
40356 66
40617 0
41188 63
41208 0
41387 63
41400 0
41447 63
41669 63
41723 63
41744 0
41782 66
41822 0
42178 66
42198 0
42299 66
42474 0
42588 63
42725 63
42908 0
43032 66
43170 0
43274 63
43325 0
43574 66
43615 0
43881 63
43988 0
44157 63
44229 0
44334 63
44398 0
44659 63
44818 63
44922 0
45052 66
45485 0
45511 66
45630 0
45887 63
45894 0
45897 66
46082 0
46146 63
46232 63
46698 63
46768 0
46786 63
47412 66
47528 0
47621 66
47798 0
47980 63
48073 0
48094 63
48100 0
48167 63
48344 0
48374 63
48833 0
48837 63
49207 0
49276 63
49277 66
49332 0
49846 66
49938 0
50081 63
50281 0
50615 63
50707 0
50737 63
50927 0
51092 63
51148 66
51243 0
51252 63
51515 0
51618 66
51624 0
51857 63
51864 66
52042 0
52126 66
52482 0
52513 66
52651 0
52803 63
53060 0
53899 63
53905 0
54041 63
54102 66
54201 0
54287 63
54367 66
54466 0
54467 63
55150 0
55157 63
55392 0
55902 63
56075 0
56144 63
56327 0
56390 66
56603 0
56802 66
57024 0
57046 63
57098 66
57330 0
57375 63
57467 0
57850 63
57889 0
57924 66
57984 0
58093 63
58149 0
58638 63
58734 0
59099 66
59140 66
59146 63
59214 0
59317 63
59413 63
59879 66
60089 0
60141 63
60414 0
60544 63
60585 0
61194 66
61850 0
61905 66
62002 0
62121 63
62428 0
62437 63
62510 0
62649 63
62842 0
62910 63
63097 66
63279 0
63538 66
63596 0
63741 63
63873 0
63958 63
63996 0
64057 66
64089 63
64131 66
64192 0
64312 63
64505 63
64855 0
64894 63
65060 66
65426 0
65635 63
65848 66
65851 0
66076 63
66195 66
66321 66
66703 0
66933 63
66943 0
66987 63
67016 63
67084 0
67101 63
67266 63
67279 63
67369 0
67421 63
67644 0
67668 63
67819 0
67994 66
68026 0
68634 63
68683 66
68788 0
68909 63
68966 66
69261 0
69268 63
69292 0
69558 63
69648 63
69755 0
69882 63
70053 0
70818 63
70868 63
71370 66
71702 0
71724 66
71731 66
71733 63
71909 66
71943 0
72030 66
72087 66
72294 0
72417 63
72686 0
72709 63
72766 63
72802 0
72912 63
72977 66
72980 0
73041 63
73210 0
73262 63
73359 0
73476 66
73549 0
73598 63
73882 66
74071 0
74316 63
74624 0
74866 63
74892 66
74977 0
75039 63
75111 63
75198 0
75297 63
75445 0
75543 63
75619 63
75633 63
75954 63
76469 0
76944 66
76952 0
76983 63
77617 0
77653 63
77716 0
77748 63
77828 63
78282 63
78335 0
78655 63
78781 0
78829 63
79114 0
79328 63
79353 0
79427 63
79480 63
79638 0
79848 66
80053 0
80068 66
80224 0
80395 63
80413 66
80547 0
80556 63
80594 0
81015 63
81063 63
81435 0
81538 63
81829 0
82095 63
82220 0
82555 63
82790 66
82911 0
83004 63
83374 63
83392 0
83917 63
84142 0
84166 63
84460 0
84461 63
84608 63
85029 63
85193 63
85882 0
86657 66
87165 0
87235 63
87286 63
87325 0
87934 63
88043 0
88127 66
88337 0
88358 66
88441 0
89377 66
89491 0
89502 63
89644 0
90007 63
90077 0
90253 63
90636 0
90791 63
90800 0
91039 63
91310 63
91380 0
91468 63
91792 0
91807 66
91864 0
92359 63
92400 0
92556 63
92779 0
92913 63
92988 0
93017 63
93050 0
93092 66
93390 63
93453 0
93584 63
93883 0
93904 63
94032 66
94035 0
94070 63
94202 66
94310 0
94483 66
94509 0
94554 63
94705 0
94739 63
94813 0
95215 63
95600 0
95633 63
95728 63
95746 63
95750 0
95985 63
95992 0
96166 63
96255 0
96269 66
96288 0
96311 63
96483 63
96525 0
96593 66
96773 0
96978 63
96992 66
97191 0
97247 66
97253 0
97621 66
97825 0
97866 66
97981 0
98149 63
98309 0
98441 63
98776 63
98947 0
99198 63
99593 0
99701 63
99764 0
99959 63
99994 63
833 events for 6
8 30
260 0
315 46
390 0
436 30
532 34
542 27
704 0
1231 40
1351 0
1817 30
2129 46
2134 0
2342 46
3256 0
3264 27
3296 0
3419 34
3469 0
3565 32
3632 30
3870 34
3913 0
4084 34
4136 46
4215 0
4216 27
4276 34
4346 0
4355 46
4356 0
4679 34
4902 0
4960 27
4996 0
5101 34
5306 0
5325 34
5523 0
5582 34
5743 34
5868 0
6057 34
6063 40
6077 27
6234 34
6596 0
6661 46
6670 46
6985 34
7058 34
7301 0
7682 32
7854 46
7886 0
7894 27
7992 0
8042 46
8159 46
8202 0
8287 34
8303 0
8370 34
8453 0
8461 46
8852 0
9038 30
9277 0
9370 34
9509 0
9634 27
9692 34
9708 0
9822 27
9831 0
10113 34
10235 0
10465 30
10640 0
10937 34
11001 0
11004 46
11213 0
11257 30
11457 0
11543 46
11604 27
11700 0
11892 34
11925 34
12011 0
12213 34
12346 0
12591 46
12725 0
12836 32
12936 30
13134 0
13396 34
13494 0
13586 34
13609 0
13640 30
14010 27
14049 0
14339 27
14406 0
14450 46
14578 32
14646 0
14772 40
14902 0
15086 27
15425 27
15582 30
16053 32
16589 34
16639 0
16669 30
16694 32
16804 0
17006 34
17051 0
17122 30
17198 0
17449 46
17508 0
17524 46
17550 27
17692 0
17730 40
17748 0
17826 27
18056 30
18117 0
18128 46
18310 46
18488 27
18788 46
19040 0
19194 32
19195 0
19226 34
19273 0
19291 27
19309 0
19396 40
19588 0
19617 27
19697 0
19822 27
20242 0
20370 34
20749 27
20791 0
20809 27
20932 0
20974 27
21018 27
21104 0
21538 34
21926 0
21940 40
22011 0
22050 34
22080 34
22298 0
22399 30
22601 27
22654 0
22702 46
22786 0
23058 46
23092 0
23580 46
23641 46
23771 0
23786 34
24060 30
24248 27
24352 0
24385 46
24438 0
24495 40
24647 0
24763 46
24937 40
24992 0
25036 34
25091 0
25355 32
25381 0
25515 40
25520 0
25762 34
25808 34
25854 0
25912 46
25962 0
26018 27
26065 0
26104 27
26145 0
26280 34
26355 0
26388 30
26574 0
26649 46
26659 0
26721 40
26761 0
26893 34
27019 40
27103 0
27209 27
27348 0
27361 46
27379 0
27500 27
27737 0
27794 46
27897 34
27905 0
27992 27
28276 0
28396 30
28651 0
28669 40
29287 0
29376 46
29560 0
29586 30
29708 0
29991 27
30022 34
30041 0
30097 30
30244 0
30351 27
30392 0
30435 32
30598 0
30714 46
30716 46
30783 0
30841 30
31097 0
31155 32
31230 0
31386 46
31678 0
31728 46
31953 0
31956 27
32095 34
32235 34
32310 30
32432 0
32584 27
32760 46
32761 30
33013 46
33223 0
33244 34
33279 46
33315 0
33389 34
33507 0
33609 34
33837 0
34008 34
34229 0
34402 40
34447 0
34508 34
34531 0
34751 46
34768 0
35054 27
35340 0
35534 46
35767 34
35914 34
36039 0
36619 32
36649 0
36727 32
36861 34
36880 0
36914 30
37030 0
37054 30
37087 32
37171 0
37429 40
37671 0
37755 34
38015 0
38064 27
38070 46
38146 0
38212 32
38498 34
38531 0
38549 32
38638 0
38688 46
38989 46
39167 0
39194 30
39201 0
39259 30
39419 0
39821 46
39857 34
40281 0
40646 34
40730 0
40753 34
40830 27
40998 0
41113 27
41277 0
41410 40
41424 34
41447 46
41626 0
41631 34
41730 0
41736 27
41996 0
41997 27
42132 0
42508 32
42666 0
42833 40
43086 46
43143 0
43251 34
43335 32
43471 0
43533 46
43644 0
43683 46
43732 0
43840 34
44002 0
44069 30
44261 0
44389 32
44480 0
44563 27
44624 34
44682 46
44684 0
44729 46
44914 0
44942 32
45132 34
45323 0
45410 46
45632 0
45667 30
45753 27
46157 0
46514 34
46627 46
46743 34
46775 0
46859 34
46999 27
47060 32
47106 0
47160 34
47365 0
47451 46
47459 0
47563 27
47701 40
47962 0
48335 46
48385 0
48408 32
48480 34
48537 27
48608 0
48664 34
48675 0
48755 46
48844 0
49015 27
49054 27
49122 0
49175 32
49256 0
49270 34
49449 0
49483 46
49495 46
49566 30
49570 0
49710 27
50058 0
50116 46
50152 0
50231 34
50374 0
50439 46
50507 0
50576 32
50737 0
50757 34
50953 0
51302 27
51310 0
51592 46
51859 40
51983 0
52014 34
52434 34
52518 0
52599 34
52635 0
52872 30
52929 0
53000 34
53021 0
53200 46
53502 0
53509 40
53517 34
53750 0
53751 27
53968 0
54013 34
54162 0
54358 46
54581 34
54692 0
54953 30
55283 34
55544 32
55571 32
55607 0
55887 40
56067 0
56113 27
56143 27
56171 0
56179 46
56500 46
56516 0
56519 32
56720 34
56748 0
57060 34
57099 0
57198 27
57311 27
57315 0
57381 27
57527 0
57663 30
57678 0
57694 34
57718 30
57846 0
57868 27
58184 0
58195 40
58230 0
58383 27
58422 40
58624 0
58740 34
58847 0
58931 30
59398 0
59525 34
59548 0
59621 46
59671 0
59924 32
59939 32
60034 0
60137 27
60308 0
60422 34
60516 27
60523 0
60697 40
60820 0
61123 32
61148 0
61150 40
61185 0
61620 32
61707 34
61804 0
61945 40
62091 0
62256 46
62279 27
62467 0
62472 34
62498 0
62544 46
62550 27
62623 27
62678 0
62771 34
62776 0
62946 46
62962 0
63041 34
63045 0
63058 46
63102 0
63318 46
63513 0
63691 40
64006 0
64054 34
64076 0
64392 34
64532 34
64587 40
64843 34
65238 0
65560 34
65692 0
65821 46
65826 0
65855 40
66044 0
66207 32
66291 0
66361 34
66373 0
66482 30
66496 46
66542 0
66594 27
66837 27
66841 0
66909 27
67028 0
67061 32
67125 0
67293 32
67351 0
67449 40
67540 0
67607 34
67744 0
67973 30
68051 0
68286 27
68395 34
68593 34
68646 0
68683 34
68853 0
69027 34
69068 27
69226 32
69335 0
69368 46
69393 34
69451 40
69493 0
69638 34
69644 46
69738 0
69809 34
70056 0
70071 30
70117 32
70410 0
70468 34
70477 0
70595 27
70984 30
71068 32
71195 32
71244 0
71283 34
71316 0
71635 40
71854 0
72029 46
72068 32
72154 0
72235 27
72264 0
72283 34
72336 0
72398 30
72565 0
72613 46
72711 0
72734 40
72838 0
72871 40
72931 32
73254 0
73404 34
73470 34
73560 0
73785 32
73802 0
73818 34
73839 0
74188 30
74247 0
74318 34
74330 0
74403 27
74646 0
74676 34
74817 46
74899 40
74976 0
75170 40
75209 34
75223 34
75306 0
75366 27
75380 0
75675 30
75682 0
75711 46
76061 0
76218 27
76257 46
76515 0
76630 46
76671 0
77028 32
77033 0
77089 46
77244 0
77294 27
77332 0
77364 30
77456 0
77486 30
77551 0
77674 34
77693 0
78090 30
78297 46
78406 0
78484 46
78520 34
78571 0
78601 27
78754 0
78842 40
78887 0
78895 40
79024 0
79076 32
79271 0
79533 40
79565 0
79579 27
79591 0
79662 30
79954 30
80091 34
80215 0
80443 46
80479 0
80482 32
80498 0
80564 40
80699 0
80727 34
80938 34
81181 0
81271 32
81287 34
81315 34
81466 40
81535 0
81677 34
81924 0
81947 34
81977 34
82085 0
82160 46
82201 34
82246 34
82606 40
82895 27
83049 0
83085 27
83145 0
83152 30
83210 27
83218 0
83592 40
83626 27
83686 0
83822 32
83903 0
84007 34
84024 27
84050 0
84196 27
84285 32
84630 30
84767 27
84820 0
85046 46
85179 0
85184 27
85292 34
85586 0
85595 46
85608 0
85724 30
85750 0
85884 34
86054 0
86111 46
86228 46
86257 27
86435 46
86591 0
86644 27
86709 34
86800 40
86921 0
86955 27
87135 0
87155 27
87173 34
87368 27
87614 0
87622 46
87716 0
88161 27
88250 34
88518 0
88648 34
88931 27
88949 0
89055 34
89079 0
89103 32
89104 0
89127 34
89345 32
89762 0
89792 30
89803 0
90116 34
90277 27
90279 0
90512 34
90687 0
90849 32
91009 0
91137 32
91200 27
91495 34
91503 34
91588 0
91920 34
91992 0
92098 34
92129 0
92653 46
92807 0
92828 40
93043 0
93079 46
93121 0
93142 34
93235 0
93517 46
93571 0
93807 32
93874 0
94077 34
94122 34
94195 0
94231 34
94340 0
94373 30
94463 0
94466 27
94508 27
94629 0
94741 40
94873 46
95000 0
95092 46
95509 34
96192 46
96212 0
96483 34
96539 34
96571 0
96705 27
97016 0
97026 34
97284 46
97565 0
97658 46
97892 46
97915 0
98218 46
98273 0
98335 46
98379 0
98424 46
98468 0
98789 27
98879 0
98881 46
98888 0
98960 27
99002 46
99031 0
99076 27
99164 0
99576 27
99642 0
99916 40
99985 0
732 events for 7
68 78
83 71
246 0
345 78
1258 71
1322 0
1661 78
1925 0
2058 78
2257 0
2427 71
2830 0
3042 78
3249 0
3350 71
3359 0
3497 71
3629 78
3798 0
4074 71
4167 71
4194 71
4227 0
4298 71
4327 0
4426 78
4446 78
4519 71
4520 0
4589 71
4668 78
4732 0
4922 78
4968 0
4991 71
5021 71
5043 0
5117 78
5271 0
5286 71
5292 0
5325 71
5385 0
5762 78
6368 0
6459 71
6460 0
6560 78
6771 0
7028 71
7073 0
7181 78
7197 0
7227 71
7319 78
7499 0
7545 71
7604 71
7606 78
7623 0
7676 71
8069 0
8112 78
8301 71
8316 71
8369 0
8575 78
8922 0
9115 71
9735 0
9906 71
10212 78
10286 0
10331 71
10352 0
10448 71
10607 71
10987 0
11222 78
11511 0
11560 78
11942 0
12084 71
12141 71
12265 71
12267 0
12449 78
12510 0
12737 71
12832 0
12897 78
13121 0
13406 71
13487 78
13507 0
13548 78
13627 71
13644 0
13799 78
14014 0
14123 71
14165 78
14204 0
14604 78
14837 71
14881 0
15170 71
15392 0
15399 78
15410 71
15585 0
15613 78
15777 78
16034 71
16050 0
16100 71
16254 71
16359 0
16471 78
16474 0
16690 78
16845 0
16867 78
17105 71
17143 0
17558 78
17662 0
17854 78
17931 78
17966 0
17993 71
18062 0
18137 71
18481 0
18496 71
18679 0
18933 71
18949 78
19049 78
19165 0
19243 78
19299 71
19428 0
19957 71
20103 71
20151 0
20453 78
20563 71
20641 0
20758 71
21025 0
21144 71
21161 0
21301 78
21440 71
21557 0
21954 71
22032 0
22069 71
22087 0
22109 71
22366 78
22367 0
22561 71
22788 71
22909 0
23404 78
23435 0
23475 71
23506 71
23550 71
23602 0
23798 78
23829 0
24109 78
24260 78
24347 0
24356 78
24376 0
24458 78
24562 0
24570 78
24687 0
24873 78
25124 71
25239 78
25264 71
25357 0
25484 78
25793 0
26059 78
26099 0
26393 78
26422 0
26622 78
26705 0
26782 71
26962 0
27151 78
27312 0
27360 78
27380 0
27608 71
27735 0
27765 71
27876 0
27951 78
28012 0
28015 71
28253 78
28385 71
28433 0
28566 78
28656 0
28676 71
29430 71
29948 0
29966 78
29970 78
30008 0
30047 71
30073 0
30252 71
30270 0
30468 71
30512 78
30753 0
30838 78
31350 0
31480 71
31494 71
31601 0
31603 71
31707 0
31785 78
31852 71
32276 0
32343 78
32412 0
32552 78
32582 78
32686 0
32714 78
32808 0
33030 71
33089 0
33153 71
33198 0
33424 71
33428 71
33589 71
33630 0
34309 78
34372 0
34642 71
34688 78
34699 0
34723 78
34809 0
35105 78
35301 0
35317 71
35578 71
35752 78
35887 71
36188 0
36202 71
36979 0
37402 71
37445 0
37515 71
37682 0
37779 78
38038 0
38103 78
38183 0
38600 71
38620 0
38681 78
38765 0
38821 78
39070 0
39072 71
39459 0
39641 71
39759 71
39761 0
39821 71
40012 71
40016 0
40126 71
40295 0
40513 71
40568 0
40668 78
41258 0
41267 71
41303 71
41642 0
41717 78
41842 71
42185 0
42255 71
42334 0
42384 78
42485 78
42545 0
42548 71
42597 0
42714 71
42893 78
43133 0
43311 71
43351 0
43389 78
43488 0
43500 71
43669 0
44037 71
44078 71
44220 0
44305 71
44503 71
44588 78
44629 0
44688 78
44902 71
45041 0
45138 71
45164 0
45391 78
45402 0
45731 71
45754 71
45828 0
46122 78
46178 0
46188 71
46195 0
46307 78
46447 0
46454 71
46479 0
46680 78
46926 78
46997 0
47130 78
47358 0
47601 71
47690 78
47954 0
47987 78
48118 0
48138 78
48522 0
48674 71
48755 71
48811 0
48950 78
49319 0
49777 78
50080 0
50123 78
50427 0
50563 71
50757 0
50918 71
50968 0
51076 71
51112 0
51173 78
51205 78
51221 71
51335 0
51363 78
51383 0
52046 71
52071 0
52199 78
52277 0
52309 71
52325 78
52669 78
52794 0
52876 71
53012 0
53075 71
53189 71
53225 78
53447 0
53549 78
53603 0
53737 78
53801 0
54013 78
54143 71
54187 71
54318 0
54581 71
54642 71
54860 78
55012 71
55048 0
55168 71
55559 0
55593 71
55818 0
55967 71
56678 0
56743 71
56819 0
57091 78
57193 0
57267 78
57561 0
57685 71
57782 0
57814 71
57874 71
58240 71
58570 0
58669 71
58922 0
58990 71
59006 71
59086 0
59105 78
59124 0
59207 78
59349 0
59357 78
59359 71
59418 71
59437 78
59925 78
60262 0
60427 71
60492 0
60602 78
60653 0
60846 71
61014 0
61132 78
61186 0
61740 71
61803 0
61854 71
61862 0
61883 71
61902 0
61921 78
61954 0
61972 78
62133 0
62712 78
62740 71
62811 0
63235 71
63260 0
63276 78
63587 0
63679 71
63825 78
63863 78
63895 71
64045 0
64056 78
64131 71
64155 78
64204 0
64241 78
64261 78
64309 78
64494 0
64607 71
65037 78
65170 0
65250 78
65266 78
65316 0
65493 71
65639 0
65830 71
65909 71
66071 0
66083 71
66093 0
66697 71
66712 0
66804 78
66865 0
66895 71
66981 0
66987 78
67184 0
67227 71
67275 0
67592 71
67595 0
67938 78
67976 78
68006 0
68079 71
68095 78
68156 78
68401 0
68415 71
68508 78
68523 0
68759 78
68958 0
69075 71
69155 0
69188 78
69235 0
69292 78
69399 0
69804 78
69884 0
70421 78
70483 78
70992 0
71058 78
71958 0
72140 78
72214 78
72436 71
72560 78
72609 0
72629 71
72838 78
73256 71
73476 0
73614 71
73638 0
73822 71
73940 0
74074 71
74148 0
74506 78
74694 0
74752 71
75068 0
75142 71
75261 0
75351 71
75502 78
75517 0
75520 78
75645 0
75857 71
76002 0
76010 71
76099 0
76141 78
76279 78
76315 0
76421 78
76502 0
76505 78
76624 0
76958 71
77018 71
77262 0
77365 78
77472 0
77773 78
77973 0
78018 71
78501 71
78534 0
78906 71
80298 0
80391 78
80648 0
80650 71
80841 0
81026 78
81077 0
81119 78
81228 71
81247 0
81449 78
81507 0
81594 71
81624 0
81695 78
81761 71
81788 0
82205 71
82214 0
82246 78
82407 0
82514 71
82609 78
82769 0
83118 78
83140 0
83166 78
83193 0
83212 78
83264 0
83326 71
83681 0
84094 71
84171 0
84525 71
84576 0
84771 71
84834 0
84974 78
85132 71
85219 78
85300 0
85402 78
85453 0
85555 78
85748 0
85806 78
85864 0
86027 78
86134 0
86154 78
86429 0
86603 78
86636 0
86715 78
86721 0
86723 71
86766 78
87017 0
87506 71
87558 0
87632 71
87638 71
87682 0
87739 71
88053 0
88139 71
88259 0
88305 71
88584 0
89012 78
89048 0
89113 78
89268 0
89379 71
89407 78
89585 78
89761 0
89785 78
89786 0
89834 78
89952 0
90299 78
90476 0
90514 78
90826 71
90833 0
90874 71
91100 0
91191 78
91216 0
91368 78
91442 0
91465 78
91524 78
91677 71
91799 0
92244 78
92251 0
92312 78
92428 0
92843 71
92878 0
92897 78
92967 0
93007 71
93565 78
93811 0
93924 71
94088 78
94164 0
94288 71
94477 78
94697 78
94702 0
94786 71
94839 0
94867 71
95010 0
95051 78
95093 0
95225 71
95395 78
95433 0
95570 78
95599 71
95830 0
95849 78
95920 0
96000 78
96077 0
96127 71
96135 0
96534 78
96611 0
96865 71
96880 71
97075 0
97091 78
97110 0
97319 78
97399 71
97492 0
97778 71
97946 78
98054 0
98301 71
98566 0
98681 71
98693 0
98927 78
98945 0
99094 78
99447 0
99454 71
99485 0
99563 78
99724 0
99773 78
99939 71
