16 buffers
181166 1351
160378 29655
214898 10648
256959 27710
119784 23940
195413 8261
238097 16035
168464 19544
90698 12132
111818 9120
160240 2296
79282 7613
274972 24388
206901 8819
309888 27013
178110 27977
40 downlinks
0 375 2500 520
1 2875 5000 535
2 5375 7500 481
3 7875 10000 443
4 10375 12500 439
5 12875 15000 550
6 15375 17500 568
7 17875 20000 470
8 20375 22500 398
9 22875 25000 424
10 25375 27500 479
11 27875 30000 466
12 30375 32500 486
13 32875 35000 422
14 35375 37500 502
15 37875 40000 479
16 40375 42500 480
17 42875 45000 516
18 45375 47500 540
19 47875 50000 563
20 50375 52500 470
21 52875 55000 509
22 55375 57500 406
23 57875 60000 527
24 60375 62500 441
25 62875 65000 481
26 65375 67500 426
27 67875 70000 563
28 70375 72500 417
29 72875 75000 456
30 75375 77500 505
31 77875 80000 553
32 80375 82500 452
33 82875 85000 499
34 85375 87500 472
35 87875 90000 512
36 90375 92500 528
37 92875 95000 534
38 95375 97500 492
39 97875 100000 398
257 events for 0
701 51
1275 0
1293 33
1585 0
1784 51
1788 0
1910 33
2855 0
2880 51
3389 0
3892 51
4262 0
4544 51
4930 0
5530 33
5636 0
5926 51
6343 0
7053 33
7466 51
7650 0
8089 33
8390 0
8548 33
9166 0
9219 51
9934 33
10046 33
10215 0
10788 33
10850 0
10854 51
10926 51
11099 0
11708 51
12008 51
13472 0
13486 33
13766 0
15003 51
15628 33
16274 0
16334 51
16749 0
16846 51
17106 0
17318 33
17332 51
17487 33
17832 33
18220 33
18909 51
19124 0
19620 33
20285 51
20419 0
20646 33
20869 0
21056 51
21172 0
21667 51
22185 0
22674 51
23863 0
24025 51
24178 33
24515 0
24583 33
25095 33
25573 0
25850 51
26083 0
26213 33
26559 0
27297 51
27872 33
28623 0
28716 33
29120 0
29312 51
29746 33
29779 0
29855 51
30108 0
30447 51
30818 0
31179 51
31183 0
31748 33
33093 0
33156 33
33948 0
34573 51
35810 0
36096 33
36210 0
36400 51
36523 0
36898 51
37468 33
37515 51
37545 0
38389 51
38522 0
38604 33
39178 33
39528 51
40943 0
41172 51
41338 0
42112 51
42175 33
42682 0
43648 33
43724 0
43976 51
44737 0
46117 33
46163 0
46650 51
47003 33
47623 0
47824 33
48134 0
48292 33
49027 51
49080 0
49239 51
49802 0
50858 51
51510 0
51720 33
51861 51
51876 33
51999 33
52220 0
52368 33
53045 33
53071 0
53439 33
53612 0
53647 51
54128 0
54422 51
55088 0
55384 33
55464 0
55873 33
56280 51
57606 0
57909 33
58225 33
58640 0
58756 33
58776 0
59007 51
59582 0
59757 33
59872 0
60080 33
60854 0
61092 33
61267 0
61488 33
62221 0
62287 33
63133 0
63226 51
63249 0
63358 33
63383 33
63452 0
63962 51
64184 0
64379 51
64393 0
64843 33
64933 0
64934 33
65939 51
68172 0
68512 33
69031 0
70823 51
70934 33
71477 0
71530 51
71669 0
72077 33
72556 0
72645 51
73248 0
73288 33
75399 0
75425 33
76356 0
76387 33
76746 0
76914 51
77143 51
77164 0
77220 33
77840 0
77902 33
78236 0
78415 33
79033 0
79423 33
79883 33
80023 0
80485 33
80555 0
80668 51
80685 33
80694 0
80877 51
81454 0
81618 33
81657 51
83171 0
83654 51
83753 0
83916 51
84137 0
84472 51
84520 51
84856 0
85434 33
85812 0
85825 33
86128 0
86214 51
87345 33
88422 0
88598 51
88928 51
89421 0
89904 33
90135 0
90696 33
91044 0
91642 33
91877 33
92943 0
93621 51
93844 0
93956 33
94703 0
94742 51
96063 0
96960 33
97232 0
97308 33
97329 33
98939 0
99193 51
99366 0
616 events for 1
23 41
156 0
285 12
380 0
540 19
785 0
836 41
867 0
916 40
928 33
1126 0
1415 12
1455 0
1557 39
1575 0
1743 12
2007 0
2017 33
2187 0
2278 41
2300 0
2503 39
2637 0
2991 41
3117 0
3164 39
3305 0
3432 12
3606 0
3618 33
3643 0
3926 33
3984 0
3987 40
4140 0
4146 16
4214 0
4283 40
4329 0
4476 41
4861 0
4979 16
5305 0
5332 40
5369 0
5535 39
5798 0
5953 16
6655 0
6776 40
6916 0
6962 16
7055 0
7422 16
7538 0
7805 12
7819 16
7854 0
7899 19
7985 40
8105 0
8145 33
8240 12
8387 19
8569 0
8892 19
9455 0
9649 40
10007 0
10682 39
10716 0
10796 41
10896 16
10968 0
11068 16
11094 0
11366 12
11651 16
11738 0
11744 33
11790 39
12073 0
12145 39
12278 0
12356 39
12360 41
12449 0
12456 19
12573 0
12906 33
12936 0
13043 12
13061 0
13398 16
13969 0
13971 39
14038 0
14225 16
14423 0
14429 16
14469 0
14534 33
14612 12
14807 33
14874 0
15223 12
15296 41
15407 0
15508 19
15575 0
15840 12
16072 33
16603 0
16674 19
16823 0
16997 16
17329 12
17637 0
17949 40
18063 12
18141 33
18180 0
18296 33
18431 40
18447 0
18475 16
18524 0
18608 40
18688 0
18739 16
18783 39
19085 0
19338 40
19794 0
20002 39
20036 0
20122 40
20364 39
20969 16
21181 0
21223 40
21915 19
21963 0
22069 40
22250 40
22983 0
23026 12
23114 0
23411 33
23412 0
23442 33
23495 0
23668 40
23827 0
23841 19
23876 0
24521 40
24672 40
24901 0
25019 12
25309 0
25491 33
25730 0
26039 40
26327 0
26421 19
26611 0
26855 41
26926 39
26937 19
27285 40
27663 0
27669 41
28139 0
28743 12
28823 40
29011 0
29173 19
29276 41
29562 0
29651 41
29750 0
29836 41
29908 39
29946 41
30227 0
30326 19
30837 16
31176 12
31297 0
31556 16
31644 0
31714 41
31795 16
31964 12
32000 0
32011 33
32064 0
32118 40
32704 0
33073 41
33161 0
33557 39
34094 12
34365 0
34469 16
34568 0
34740 33
35005 0
35151 12
35208 0
35219 41
35281 33
35302 0
35336 41
35456 0
35505 39
35836 0
36206 40
36348 0
36356 40
36509 0
36833 41
36918 16
37594 0
37962 19
37984 0
38022 19
38152 0
38287 16
38371 40
38430 39
38634 0
38637 33
38664 0
38732 41
38873 16
38921 0
39062 33
39240 0
39370 19
39462 0
39583 16
40070 0
40265 16
40342 39
40508 0
40839 39
41011 0
41033 12
41194 0
41197 39
41261 0
41706 19
42213 0
42233 33
42588 0
42756 12
42931 0
43484 39
43868 0
43874 39
43914 40
44001 19
44008 0
44045 12
44168 0
44216 16
44626 12
44948 41
45189 12
45474 33
45735 0
45909 16
45963 0
45978 33
46394 0
46428 39
46487 12
46515 41
46558 12
46740 0
47096 12
47157 39
47821 0
48150 19
48560 40
48807 39
48850 41
48903 0
49363 12
49562 0
49600 39
49670 0
49702 39
49891 0
49950 16
50096 16
50270 0
50278 41
50508 19
50851 0
50852 40
50936 0
50947 19
50975 0
51114 40
51140 0
51349 39
51484 41
51496 16
51649 0
52016 16
52038 41
52074 0
52235 33
52372 33
52654 0
52833 41
52898 33
53284 0
53329 12
53600 0
53670 40
53838 0
53950 19
54022 41
54098 0
54296 39
54583 41
54593 0
54703 39
54738 0
54825 19
54872 0
54946 12
55159 0
55205 40
55357 0
55408 40
55639 33
56247 0
56322 12
56553 16
56676 0
56878 16
56979 0
57068 12
57246 0
57415 19
57601 16
57682 0
57813 19
57824 0
58163 33
58642 0
58840 19
58882 0
59064 40
59265 0
59778 19
59806 0
59906 12
60015 0
60410 33
60738 0
60780 16
61167 33
61308 0
61481 39
61621 0
61650 16
61961 0
62619 16
62757 0
62771 12
62951 0
62960 16
63593 0
63770 33
63834 0
63927 33
64069 16
64070 0
64111 40
64174 39
64470 0
64887 41
64890 0
65053 19
65864 0
66118 40
66176 0
66257 40
66310 0
66311 41
66327 12
66425 0
66584 16
66630 0
66841 41
67027 0
67390 19
67513 0
67542 12
67709 0
68107 12
68170 0
68217 33
68254 0
68267 33
68646 0
68700 16
68842 12
68979 0
69624 12
69826 0
69899 39
69920 0
69923 33
70227 0
70648 33
70858 0
70869 12
71010 0
71074 33
71490 19
71745 0
71830 19
71943 40
72045 0
72099 40
72319 16
72323 0
72680 41
72955 0
72960 39
73000 0
73005 16
73101 0
73267 39
73607 0
73737 41
73831 0
73960 39
74158 0
74206 39
74207 0
74336 16
74417 16
74646 0
74735 16
75124 0
75358 33
75479 0
75639 19
75833 0
76287 33
76366 0
76448 41
76505 33
76797 0
76824 19
76931 0
76991 40
77141 0
77592 16
77648 0
77703 12
77885 0
78268 40
78323 0
78529 12
78638 0
78703 16
78719 0
78814 40
78903 0
78984 19
78997 0
79112 12
79283 39
79305 0
79633 19
79695 16
79756 0
80110 16
80112 16
80309 0
80596 33
80670 41
80770 0
80788 39
81460 40
81513 0
81696 19
81828 41
81899 0
82248 16
82394 0
82404 39
82632 0
82755 12
82773 0
83195 40
83222 0
83256 41
83277 33
83382 0
83629 39
83851 19
83905 0
83964 41
84038 0
84264 41
84327 19
84649 0
84779 41
84787 0
84823 19
84862 0
84893 41
84976 0
85185 40
85285 0
85323 12
85333 0
85514 40
85563 0
85579 40
85590 41
85603 0
85732 40
85858 0
85917 33
85988 0
86190 16
86392 12
86578 0
86583 33
86781 19
86829 0
86966 33
87071 0
87182 40
87191 0
87358 16
88319 0
88329 19
88527 0
88604 33
88664 41
88809 0
88997 41
89310 0
89613 40
90212 0
90525 19
90567 0
90584 33
90792 0
90905 40
91084 40
91591 0
91739 12
91759 19
91849 41
91919 19
92137 0
92159 16
92221 0
92236 39
92608 0
93079 16
93096 0
93121 39
93156 0
93188 16
93241 39
93418 0
93559 16
93758 0
93945 39
94495 0
94636 19
94893 0
95137 16
95199 0
95409 16
95599 0
95755 12
95872 0
95882 41
95983 0
96003 40
96138 33
96716 0
96951 16
96962 0
96985 41
96995 0
97177 40
97194 0
97309 39
97580 33
97669 0
97773 41
97827 33
98043 39
98263 0
98296 39
98511 16
98547 0
99196 33
99257 33
99766 40
835 events for 2
0 14
220 0
413 62
498 0
523 40
788 0
856 40
969 0
1018 56
1310 0
1556 30
1756 30
1820 0
1823 30
1871 0
2103 56
2623 30
3126 62
3207 40
3432 56
3613 40
3716 14
3770 40
3775 0
3849 62
3959 0
3998 40
4513 56
4665 0
4825 40
4872 0
4974 56
5014 0
5031 62
5066 0
5436 56
5454 0
5904 56
6002 0
6035 56
6086 62
6274 0
6391 62
6405 40
6571 0
6583 14
6735 0
6758 62
6839 40
6920 0
7101 14
7107 0
7151 14
7247 56
7254 0
7277 56
7306 0
7381 40
7457 62
7575 0
7855 30
8089 56
8108 0
8121 30
8163 0
8342 30
8629 62
8918 0
9095 56
9108 14
9118 0
9177 30
9345 0
9434 56
9680 0
9949 56
9990 0
10276 14
10351 0
10559 56
10585 0
10717 30
10737 0
10771 30
10909 14
10933 0
11104 40
11240 62
11348 0
11368 62
11405 0
11448 62
11532 30
11664 0
11718 14
11780 0
11791 62
11849 62
12015 0
12109 40
12148 56
12195 0
12273 62
12412 0
12424 62
12497 0
12588 56
12599 56
12671 0
13051 30
13107 0
13215 14
13282 0
13458 40
13580 0
13612 56
13692 56
13892 0
13961 56
14052 0
14099 14
14143 0
14399 14
14487 0
14573 62
14579 0
15450 62
15534 0
15619 14
15740 62
15793 0
15935 62
16035 56
16036 0
16438 14
16492 0
16548 14
16567 62
16607 0
16621 62
16703 62
16730 0
16765 30
16916 0
16992 14
17101 14
17378 0
17521 62
17523 0
17543 30
17581 0
17889 30
17954 0
17971 40
18010 0
18022 30
18023 0
18124 14
18146 14
18272 0
18311 30
18356 0
18423 56
18548 0
18591 30
18605 62
18684 40
18730 0
18732 62
18778 40
18832 0
19147 30
19198 0
19314 40
19384 0
19442 14
19446 0
19604 56
19644 0
19786 56
19959 30
20059 0
20199 40
20201 0
20313 40
20408 0
20468 62
20499 0
20583 62
20624 30
20867 0
20868 14
20955 0
20976 62
20996 0
21185 30
21198 0
21246 30
21269 0
21457 14
21558 56
21570 0
21925 56
21935 0
21981 14
22003 62
22051 56
22223 0
22320 30
22487 0
22534 56
22820 0
22979 62
23141 0
23401 40
23514 14
23665 0
23725 30
23949 0
23956 14
23963 0
23996 30
24061 0
24087 40
24088 0
24251 56
24285 0
24423 14
24557 0
24604 56
24700 0
24709 40
24722 56
24847 0
25001 40
25008 14
25235 0
25255 30
25327 0
25548 14
25878 40
26488 40
26650 0
26692 40
26702 0
26790 30
26808 56
26960 0
27025 56
27060 14
27114 14
27123 0
27204 40
27324 0
27345 30
27411 0
27549 62
27564 0
27713 14
27912 62
27991 14
28068 0
28127 40
28313 40
28409 30
28514 30
28568 0
28580 14
28598 0
28787 30
28801 0
29035 62
29076 0
29153 14
29291 30
29358 0
29428 56
29550 0
29577 40
29619 62
30175 0
30242 56
30274 62
30409 0
30439 14
30515 56
30516 0
30592 40
30676 30
30705 0
30907 56
31010 0
31084 40
31120 0
31141 14
31326 56
31370 56
31620 0
31633 56
31920 0
32010 14
32105 62
32203 0
32497 14
32505 40
32576 0
32668 14
32733 0
32817 14
32861 0
32895 62
33411 0
33494 56
33639 40
33848 0
33855 14
33868 14
33962 0
34007 56
34027 0
34091 62
34122 0
34248 30
34519 0
34591 40
34658 0
34706 62
34890 30
35038 56
35074 0
35106 40
35109 56
35193 0
35513 62
35552 0
35568 30
35712 0
35845 30
36032 0
36045 62
36127 0
36293 56
36301 0
36324 62
36422 62
36485 0
37185 62
37193 62
37210 0
37547 30
37649 62
37709 0
37806 30
37845 0
37873 14
37882 0
37889 14
37912 0
38371 30
38460 0
38628 14
38630 0
38773 62
38781 0
38915 40
38923 62
39014 0
39141 30
39189 0
39211 14
39651 0
39691 56
40195 62
40293 14
40568 0
40619 30
40825 62
40864 0
41037 56
41127 0
41131 40
41226 14
41555 0
41604 56
41633 0
41896 56
41920 14
42141 0
42530 30
42585 0
42615 14
42817 30
42987 0
43231 14
43478 0
43517 30
43555 0
43603 14
43724 0
43759 30
43878 30
44031 30
44192 0
44239 56
44349 30
44583 0
44662 56
44739 40
44982 30
45080 14
45127 62
45180 56
45223 0
45355 62
45371 14
45376 0
45570 40
45664 0
45672 62
45741 0
46040 56
46145 0
46450 14
46493 30
46659 0
46776 14
46849 62
46865 0
46928 30
46999 0
47139 14
47235 56
47658 0
47695 40
47852 0
48079 62
48217 14
48541 14
48718 0
48822 14
48976 0
48995 56
49022 0
49105 30
49331 0
49492 56
49563 0
49618 62
49835 0
49957 56
50128 0
50220 14
50298 14
50310 0
50368 56
50456 14
50595 14
50767 62
50892 0
51015 56
51169 0
51273 14
51379 0
51498 62
51549 0
51625 56
51923 0
52062 30
52258 56
52370 62
52531 0
52658 14
52770 0
52806 56
52944 62
53063 0
53115 30
53141 14
53190 40
53194 62
53271 0
53347 62
53359 14
53421 0
54000 30
54003 0
54019 14
54185 0
54209 14
54356 0
54367 56
54541 0
54681 56
54688 0
55116 62
55196 0
55226 62
55245 0
55333 40
55990 62
56060 30
56077 0
56120 14
56132 0
56193 40
56230 0
56490 40
56496 0
56609 14
56653 0
56768 30
56818 62
57032 0
57353 62
57636 0
57665 30
58012 0
58130 62
58410 62
58625 0
58632 30
58797 0
58827 56
58895 14
59126 30
59135 0
59346 62
59392 30
59435 0
59548 62
59550 0
59634 40
59648 0
59689 40
59975 0
59977 62
60109 0
60279 56
60282 0
60525 14
60717 0
60722 62
60788 0
61220 56
61272 56
61554 0
62377 30
62510 0
62612 30
62792 0
63059 14
63062 0
63639 56
63813 0
63976 56
63983 0
64178 30
64228 62
64397 0
64485 40
64668 0
64751 40
64816 14
64845 0
64872 30
64877 14
65128 62
65151 0
65491 14
65616 0
65831 56
65931 0
65998 14
66037 0
66338 62
66438 30
66522 0
66528 30
66789 0
66907 14
67318 0
67573 40
67683 0
67811 56
67871 40
67997 0
68024 40
68072 62
68157 30
68175 56
68248 30
68430 0
68468 30
68727 0
68836 14
69006 56
69119 0
69129 14
69158 56
69496 0
69498 14
69522 0
69673 56
69767 62
69867 14
69922 0
70001 62
70248 0
70300 14
70447 0
70774 30
70843 0
71119 30
71213 56
71398 40
71426 56
71586 0
71812 14
71830 0
71871 14
71927 0
72100 62
72160 0
72240 40
72665 56
72965 0
73073 40
73137 0
73340 62
73384 0
73537 62
73643 14
73721 0
73896 56
73954 14
73996 56
74261 0
74316 30
74420 0
74476 14
74495 0
74549 56
74788 0
74886 62
74900 0
74927 14
74942 0
75070 40
75102 14
75299 0
75378 56
75531 0
75563 56
75574 0
75666 40
75711 62
75723 0
75821 62
75828 0
75945 62
76127 62
76293 40
76716 14
76998 0
77354 30
77908 0
78173 56
78234 0
78403 30
78459 0
78481 62
78869 0
78876 30
78958 0
78959 56
79109 14
79127 0
79491 14
79624 56
79810 0
80135 56
80384 56
80400 40
80527 0
80690 40
80734 40
80779 0
80928 30
81096 0
81130 14
81169 0
81322 62
81485 0
81916 56
81938 0
82139 62
82220 0
82356 30
82426 0
82431 56
82669 0
82731 30
82955 56
82997 40
83019 0
83046 14
83049 0
83097 14
83112 0
83463 62
83514 40
83773 0
84048 56
84216 0
84502 30
84635 30
84703 0
84753 62
84782 0
85007 30
85103 0
85180 56
85189 0
85423 14
85798 0
85900 30
86068 62
86118 0
86174 30
86737 56
86796 0
86802 14
87042 0
87068 14
87089 0
87117 62
87296 30
87302 0
87434 40
87436 0
87451 30
87581 14
87615 0
87862 40
87883 56
87899 0
87924 62
87975 0
88245 14
88273 0
88529 62
88728 0
89114 14
89189 0
89287 14
89528 0
89669 40
89783 0
89786 30
89931 0
90107 56
90200 0
90295 56
90362 0
90558 62
90906 40
91102 0
91254 56
91398 0
91432 56
91485 56
91626 30
91677 0
91698 56
91927 0
92001 30
92122 0
92181 30
92247 0
92569 14
92731 14
92737 0
92816 62
92844 0
93380 62
93395 56
93837 0
93887 14
93937 30
93988 62
93992 14
94237 40
94394 0
94784 40
94907 0
95013 14
95046 0
95093 30
95518 0
95547 30
95826 30
95837 40
95841 0
95850 30
96229 0
96618 56
97007 0
97027 30
97080 14
97124 0
97129 14
97206 0
97304 56
97306 62
97332 40
97656 30
97841 0
97860 30
97895 0
98008 14
98213 0
98245 14
98519 0
98605 14
98775 0
98846 40
99107 0
99231 14
99299 0
99504 30
99555 14
99608 0
99668 30
99943 0
99994 56
981 events for 3
91 68
160 68
254 0
522 59
739 0
854 49
1093 58
1103 0
1111 62
1446 58
1497 0
1551 49
1664 0
1749 40
1838 49
2080 49
2117 0
2145 59
2511 0
2585 47
2614 49
2629 0
2637 58
2678 49
2825 47
2951 0
3098 49
3122 0
3374 68
3406 0
3408 68
3685 0
3763 62
3792 0
3840 59
3950 0
4185 34
4222 58
4384 0
4621 34
4677 0
4902 40
4938 0
4957 47
5075 0
5076 47
5373 0
5562 47
5817 0
6054 68
6101 0
6166 34
6248 0
6337 68
6428 47
6429 0
6455 68
6585 0
6669 68
6704 0
6713 47
6750 0
6757 40
6787 0
6868 68
6893 0
6997 49
7003 62
7185 0
7318 62
7365 0
7414 34
7495 0
7528 34
7600 34
7687 59
8147 0
8318 40
8427 47
8478 68
8482 0
8492 40
8547 0
8554 58
8695 0
8700 59
8884 0
9180 49
9382 0
9509 34
9524 0
9906 47
9955 0
9977 34
10166 0
10205 68
10431 0
10435 34
10556 0
10751 59
10916 59
10920 59
11025 0
11129 68
11368 58
11381 0
11405 49
11719 0
11941 40
11989 0
11993 34
12055 47
12081 34
12156 0
12373 47
12531 68
12599 58
12620 0
12725 62
12739 47
12901 0
12902 62
13238 0
13329 68
13570 0
13585 62
13788 0
13854 68
13927 0
14073 49
14238 0
14535 62
14580 0
14685 62
14709 0
14849 34
14982 59
15013 62
15156 0
15168 59
15215 0
15371 62
15400 58
15471 68
15482 68
15500 0
15501 47
15588 68
15676 0
15929 40
15944 0
16009 47
16035 0
16077 68
16464 0
16595 47
16686 0
16696 49
16769 0
16862 62
16939 0
16991 59
17006 49
17014 0
17025 34
17134 0
17169 49
17175 0
17221 68
17319 0
17555 34
17624 0
17757 47
17930 34
18058 0
18156 62
18169 0
18351 68
18604 0
18706 58
18784 0
18788 34
18806 0
18843 34
19009 68
19066 59
19259 0
19271 59
19283 49
19293 0
19365 34
19457 68
19568 0
19615 47
19716 0
19800 47
19936 59
20039 0
20087 49
20116 0
20269 40
20302 62
20334 62
20336 0
20654 49
20746 40
20875 0
20981 62
21145 0
21150 34
21235 62
21312 59
21378 0
21504 47
21698 49
21762 40
21850 0
21889 58
22010 0
22045 34
22104 0
22176 62
22216 0
22234 58
22409 0
22428 49
22605 0
22691 40
22791 0
22869 49
23052 68
23234 0
23333 68
23520 0
23658 49
23857 47
23936 0
23959 68
24416 0
24438 40
24523 0
24560 62
24614 59
24667 68
24697 47
24765 40
24819 0
25143 58
25334 0
25385 68
25459 0
25532 34
25768 0
25812 62
25866 58
25935 40
25967 0
26124 49
26197 0
26757 34
26820 0
26940 40
26946 0
27057 34
27178 49
27329 0
27475 58
27658 0
27818 49
28032 59
28409 68
28590 58
28708 0
28725 49
28739 58
28871 0
28911 59
29023 68
29045 58
29350 47
29447 47
29934 0
30135 40
30142 0
30268 58
30281 0
30356 47
30357 0
30395 68
30651 0
30652 62
30926 0
30965 59
31194 0
31230 58
31331 0
31430 58
31634 0
31832 58
31868 0
31911 68
31916 0
32008 68
32047 0
32145 34
32398 68
32577 0
32662 49
32953 0
33019 62
33160 49
33220 59
33338 0
33343 47
33444 68
33482 47
33524 59
33617 0
33768 34
33822 59
33844 47
34080 0
34261 40
34762 47
35098 0
35130 68
35199 34
35216 62
35312 0
35371 47
35408 0
35411 59
35581 0
35869 34
35917 34
36099 0
36492 47
36547 0
36609 62
36763 0
36868 49
37189 62
37192 0
37215 68
37364 0
37377 59
37451 0
37507 58
37538 0
37783 49
37875 47
37917 58
37921 0
37993 40
38254 0
38321 59
38634 0
38701 34
38730 0
38982 68
39127 0
39190 40
39220 0
39296 47
39299 49
39355 0
39384 47
39404 0
39467 34
39524 58
39675 68
39680 0
39708 49
39881 68
39919 0
39986 34
40195 0
40313 47
40470 0
40496 62
40560 0
40613 49
40682 0
40860 58
40929 0
41037 34
41149 0
41164 59
41295 68
41401 0
41410 68
41559 62
41594 0
41661 58
41688 0
41810 62
42063 0
42425 49
42544 62
42567 0
42635 47
42692 0
42819 58
42862 49
43043 0
43058 47
43059 68
43119 47
43139 0
43159 62
43292 0
43311 40
43345 62
43393 0
43538 40
43570 0
43607 49
43618 0
43634 58
43760 0
43765 47
43795 0
43840 49
43997 0
44097 34
44233 0
44338 47
44550 47
44744 0
44751 59
44953 62
45146 0
45148 47
45150 0
45176 49
45383 0
45610 40
45828 0
45900 40
45931 0
45997 68
46043 0
46082 62
46128 0
46364 40
46379 0
46555 62
46598 68
46604 0
46778 40
47055 0
47073 59
47254 0
47584 68
47791 0
47938 59
47943 0
47970 59
48125 0
48316 68
48422 68
48449 0
48489 49
48670 59
48725 0
48742 59
48765 0
48772 59
48775 0
48831 47
49076 68
49086 0
49387 47
49606 0
49620 59
49632 49
49720 0
49760 68
49806 0
49878 49
49898 40
49924 0
49952 34
49968 0
49969 34
50103 0
50288 68
50499 0
50504 62
50668 0
50797 68
50920 0
51058 59
51143 68
51175 40
51257 58
51524 59
51533 0
51582 58
51629 0
51766 68
52042 0
52066 34
52113 0
52135 68
52225 0
52445 68
52458 0
52479 62
52507 40
52578 0
52718 68
52758 0
52868 62
53078 0
53323 59
53448 0
53491 49
53667 58
53759 0
53806 49
53848 40
54049 40
54087 0
54100 68
54129 0
54194 58
54380 0
54433 68
54726 0
54818 58
54923 0
54948 68
54991 0
55057 62
55105 0
55163 34
55223 0
55282 59
55363 0
55558 62
55690 0
55717 34
55761 0
55834 49
55989 0
56010 59
56063 0
56087 47
56113 0
56295 68
56363 0
56491 68
56579 0
56856 49
56869 0
57015 34
57032 0
57066 34
57248 0
57490 34
57895 0
58154 58
58357 0
58398 49
58479 62
58550 0
58647 47
58809 0
58823 47
58971 0
59018 62
59060 58
59094 0
59162 59
59313 0
59438 62
59609 62
59666 47
59859 0
59973 40
60104 0
60189 59
60397 0
60518 49
60569 0
60613 62
60816 0
60838 62
60914 0
61124 34
61435 62
61464 0
61845 49
61896 47
61970 0
62000 49
62060 0
62122 68
62137 0
62171 34
62180 49
62225 0
62236 59
62369 47
62447 0
62554 40
62620 0
62732 49
62816 58
62823 0
62839 40
62982 0
63075 68
63165 0
63375 58
63416 0
63458 47
63552 62
63625 49
63693 68
63901 0
64005 62
64057 0
64097 49
64144 0
64148 47
64546 0
64676 47
64711 0
64721 62
64808 0
64906 47
65020 0
65036 49
65084 0
65107 68
65157 0
65191 49
65238 0
65576 59
65581 0
65582 68
65630 58
65733 0
65793 59
65862 40
65879 0
65915 59
65954 68
65995 0
66024 49
66057 68
66070 0
66079 62
66123 0
66298 34
66577 0
66702 68
66765 0
66804 47
66845 0
67017 62
67090 68
67245 0
67268 49
67299 68
67354 0
67364 58
67522 0
67671 34
67701 47
67702 0
67726 68
67736 0
67777 49
67801 0
68032 40
68049 49
68117 0
68342 59
68474 59
68488 0
68532 40
69018 0
69052 68
69079 0
69354 58
69385 40
69448 0
69578 47
69624 59
69627 62
69820 0
69942 49
70029 68
70064 0
70273 58
70303 68
70361 0
70419 40
70453 0
70543 47
70623 0
70653 68
70935 68
71379 0
71448 47
71530 0
71690 34
71920 0
71924 49
72030 40
72054 0
72091 40
72176 68
72333 0
72408 62
72428 0
72434 47
72485 0
72658 62
72986 0
72993 59
73119 0
73322 59
73490 47
73656 0
73668 49
73760 0
73951 47
74006 0
74059 58
74220 0
74238 68
74241 0
74245 34
74437 58
74645 0
74712 40
74722 0
74893 62
74939 49
75067 0
75227 59
75320 0
75405 68
75573 68
75586 0
75591 40
75654 0
75781 40
75909 47
76032 0
76379 34
76431 0
76444 68
76450 47
76714 0
76748 47
76791 0
77128 68
77271 0
77595 40
77670 47
77797 0
77876 47
77931 0
78033 40
78035 0
78396 49
78430 0
78745 58
78810 0
78855 49
78904 68
79155 0
79335 49
79374 0
79423 34
79886 0
79887 34
79923 0
80072 62
80220 0
80337 62
80343 0
80477 68
80679 0
80728 40
80755 58
80843 0
81115 68
81289 0
81443 58
81575 0
81783 59
81829 0
81837 62
81916 68
82041 0
82078 58
82234 49
82496 0
82607 34
82968 0
83056 58
83090 68
83163 0
83184 58
83267 0
83295 40
83303 68
83502 0
83797 59
84003 0
84249 62
84276 0
84541 59
84558 47
84797 0
84848 68
84924 0
84933 68
84952 0
85000 49
85214 0
85467 62
85556 49
85601 0
85701 59
85721 62
85799 59
85895 0
85944 59
85946 0
85972 49
86013 0
86033 58
86142 0
86344 47
86625 68
86633 0
86740 68
86830 40
86898 49
86968 47
87007 62
87008 0
87099 58
87238 49
87483 0
87531 49
87667 62
87686 59
87765 0
87824 47
87908 0
87948 49
88142 0
88231 68
88264 0
88334 47
88402 0
88459 49
88465 0
88504 47
88544 34
88571 0
88579 59
88615 0
88635 68
88681 0
88942 49
89030 0
89305 62
89378 0
89393 49
89518 34
89614 0
89626 58
89635 0
89708 40
89714 0
89840 58
89942 0
90064 47
90177 34
90356 0
90459 59
90595 0
90632 40
90778 0
90921 34
91132 0
91259 40
91299 0
91367 68
91502 59
91509 0
91564 34
91830 0
92084 49
92174 0
92287 34
92354 0
92523 62
92533 0
92554 40
92628 0
93015 58
93058 47
93112 0
93260 59
93494 0
93589 59
93943 0
94162 68
94313 0
94409 62
94477 34
94542 68
94768 0
94855 58
95031 0
95291 59
95702 0
95736 47
95868 0
96008 58
96009 0
96061 59
96077 0
96100 58
96137 62
96178 0
96182 34
96194 62
96275 0
96712 68
96813 0
97303 68
97414 0
97487 59
97556 0
97622 40
97682 34
97775 0
97805 58
98000 0
98025 47
98027 68
98084 59
98108 0
98302 49
98435 68
98595 0
98625 62
98639 62
98893 62
98905 0
98907 68
99054 0
99068 68
99211 49
99230 0
99234 58
99347 0
99437 40
99531 0
99557 34
99628 0
99636 34
99698 0
99706 40
99708 0
99746 68
99770 0
99814 49
99836 0
99952 68
645 events for 4
166 38
205 0
219 38
598 0
858 33
1358 0
1583 33
1588 0
1654 46
1808 38
2076 0
2310 46
2344 0
2417 38
2572 33
3000 0
3209 38
3260 0
3284 46
3346 33
3542 0
3559 38
3704 46
3776 0
3855 38
3942 0
3978 38
4109 0
4159 38
4293 0
4792 33
4955 0
5027 38
5315 0
5437 46
5477 46
5954 0
6167 46
6287 0
6380 38
6532 0
6596 33
6740 0
6795 33
6842 38
7130 38
7171 33
7395 0
7422 33
7489 33
7523 0
7748 33
7835 46
7838 0
7991 33
8121 46
8132 0
8366 33
8415 0
8645 38
8693 33
8714 33
8723 0
9268 46
9557 0
9734 33
9798 0
9858 46
9868 0
10083 33
10220 0
10272 38
10411 0
10612 33
10895 0
11027 33
11146 0
11338 33
11391 0
11427 33
11448 0
11459 46
11616 0
11656 38
11706 0
11806 33
11918 0
11964 46
12118 0
12229 33
12534 0
12681 33
12762 0
12785 33
12789 0
12825 33
12846 0
13005 33
13084 33
13169 0
13192 33
13222 0
13245 46
13604 0
13665 46
13686 46
13748 0
13815 46
13862 33
13908 38
14089 46
14127 38
14212 0
14223 33
14398 0
14410 33
14426 46
14805 38
14814 0
14851 33
15348 0
15420 33
15462 33
15731 33
15851 0
16222 33
16412 33
16561 0
16718 46
16957 38
17360 0
17425 33
17553 33
17709 38
17733 38
17993 33
17997 0
18050 33
18145 0
18328 33
18339 33
18479 0
18789 38
19319 33
19490 0
19579 33
19595 0
19980 33
20651 33
20904 38
21754 0
21927 46
22076 0
22332 38
22452 0
22607 33
22767 0
23159 33
23277 38
23287 33
23519 0
23652 33
23657 33
23872 38
24327 0
24682 46
24871 0
25250 46
25409 0
25585 33
25664 0
25697 33
25719 0
25738 33
25811 0
25817 38
25833 0
26234 46
26374 46
26874 0
26914 38
27026 46
27262 0
27371 46
27434 0
27505 33
27517 0
27519 33
27666 0
27760 46
27856 0
28340 46
28418 38
28572 33
28754 0
28860 33
29099 0
29346 38
30335 38
30737 0
30904 33
31172 0
31180 38
31274 0
32065 46
32127 0
32186 33
32248 0
32423 38
32478 33
32912 0
32915 38
33055 33
33092 0
33105 33
33121 0
33319 33
33652 0
33732 46
33794 0
34106 38
34143 0
34495 33
34648 0
34696 38
34754 0
35072 38
35203 0
35225 38
35286 0
35296 38
35356 0
35543 38
35739 0
35769 33
35859 0
35867 33
35967 0
36112 33
36587 0
36610 33
36831 38
36962 0
37338 33
37637 0
37640 33
37845 0
37874 46
37903 0
38030 46
38037 0
38275 33
38306 0
38374 33
38742 0
38951 33
39079 0
39284 33
39339 0
39542 46
39755 33
39830 0
39843 33
39849 0
40134 38
40298 33
40347 33
40513 38
40546 33
40769 0
40880 33
40900 33
40920 0
41029 46
41306 0
41442 33
41632 0
42003 46
42043 0
42075 46
42188 46
42413 0
42672 33
42993 0
43012 46
43119 0
43188 46
43618 0
43648 33
43783 0
43847 46
44017 0
44053 33
44267 0
44434 38
44621 33
44718 38
45005 0
45128 46
46310 0
46397 38
47021 0
47025 33
47042 0
47235 33
47522 0
47928 46
48016 0
48217 38
48282 0
48317 33
48990 0
49008 46
49242 33
49380 33
49399 46
49500 0
49521 38
49662 0
49672 38
49753 0
49957 46
50192 46
50780 33
50813 33
50977 0
51142 33
51176 0
51254 33
51369 0
51405 33
51533 0
51627 33
51824 0
51905 33
51979 0
51986 33
52147 0
52173 38
52309 0
52500 33
52560 0
52566 46
52581 33
52594 0
52816 38
52956 33
52998 0
53023 38
53076 0
53081 33
53150 33
53705 0
53764 33
53814 0
54209 33
54314 0
54388 33
54634 0
54819 46
55222 0
55351 33
55444 0
55486 33
55649 0
55685 33
55845 0
55919 46
56088 38
56196 0
56342 33
56755 0
56803 33
56823 33
57008 0
57010 33
57079 0
57140 33
57195 0
57384 46
57594 0
57718 46
57860 33
58119 46
58157 0
58195 33
58225 0
58250 33
58416 0
58697 46
58713 0
59035 46
59167 0
59213 33
59308 46
59397 46
59656 0
59715 46
59877 0
59904 33
59982 0
60315 33
60431 0
60649 46
60680 0
61278 33
61367 0
61609 33
61732 0
61829 33
61878 0
61913 38
61914 38
61918 0
62049 33
62180 38
62572 0
62680 33
63074 38
63111 33
63176 0
63887 33
64034 38
64104 0
64188 46
64207 46
64645 0
64650 38
65050 0
65186 46
65237 0
65340 33
65669 46
65792 33
65961 38
66031 0
66090 33
66747 46
66967 0
66979 46
67157 0
67390 38
67434 0
67456 38
67521 46
67581 0
67586 46
67594 0
67804 33
67931 46
68353 33
68465 46
68494 0
68726 33
68768 0
69050 38
69125 0
69163 33
69204 0
69296 38
69554 0
69613 38
69694 0
69941 38
70032 0
70244 33
70350 0
70551 38
70819 0
71037 33
71147 38
71222 0
71851 46
71880 46
71921 0
72265 33
72504 33
72688 38
72703 0
72937 33
73109 0
73141 33
73269 33
73351 0
73395 33
73407 0
73970 33
74332 0
74812 38
74859 0
74996 33
75219 0
76089 33
76139 0
76664 33
77287 0
77429 33
77865 0
78062 46
78444 38
78696 46
79244 0
79458 38
79617 0
79641 33
79643 33
80148 33
80223 33
80394 0
80484 38
80667 0
80859 38
80974 0
81069 33
81113 46
81398 33
81786 0
82018 33
82127 0
82187 33
82340 0
82532 33
82552 0
82671 33
82758 33
82814 0
82967 33
83101 46
83216 0
83397 46
83583 33
83700 0
83730 33
83761 0
83841 38
83941 0
84091 33
84185 33
84485 38
84873 33
84881 0
85005 33
85076 0
85215 38
85231 0
85251 38
85383 0
85590 33
85726 33
85877 0
86055 33
86470 0
86776 46
86835 38
86875 38
87173 38
87315 0
87435 33
87546 0
87591 33
87699 0
87833 38
87848 0
87891 33
87903 0
87952 38
88243 0
88294 38
88326 33
88547 33
88751 33
88764 33
88824 0
88868 33
89051 33
89276 46
89397 0
89614 46
89661 0
89722 38
89739 0
89865 38
89945 0
90003 46
90275 0
90413 33
90430 0
90554 38
91012 0
91037 33
91399 38
91550 0
91691 38
92039 0
92075 46
92199 0
92218 46
92436 0
92507 46
92510 0
92840 38
92924 0
93178 33
93188 0
93506 38
94040 0
94091 33
94101 0
94178 33
94346 33
94482 0
94623 33
94630 0
94802 33
94895 0
94975 46
95022 0
95048 38
95201 33
95285 33
95787 46
95868 33
96174 0
96329 38
96510 0
97187 38
97189 33
97238 0
97649 46
97655 38
98050 0
98083 38
98164 0
98243 46
98255 33
98467 0
98493 46
98519 0
98720 38
98947 46
99128 0
99332 33
99376 0
99679 38
99742 0
752 events for 5
46 69
301 0
312 56
365 0
521 56
684 0
714 77
835 56
1095 0
1274 28
1454 0
1575 28
1576 77
2024 0
2058 56
2592 0
2715 28
3007 0
3049 56
3085 0
3182 74
3477 0
3489 56
3665 28
3817 74
3952 69
4136 74
4300 74
4432 56
4724 0
4728 56
4740 0
4892 77
4931 0
5077 77
5114 0
5120 56
5357 0
5464 56
5511 0
5655 74
5700 0
5968 77
6002 0
6245 56
6276 0
6418 28
6550 0
6670 69
6927 56
6938 74
6961 0
7033 56
7120 69
7217 0
7301 28
7380 0
7459 56
7486 69
7729 0
7936 56
8022 0
8298 56
8493 56
8598 28
8662 74
8707 77
9016 0
9158 69
9228 0
9278 56
9348 0
9547 28
10003 0
10197 28
10557 0
10697 69
10810 56
10862 0
10896 28
11196 74
11217 0
11363 28
11427 0
11536 69
11564 0
11591 69
11873 56
11886 74
11887 69
11972 0
12340 74
12670 0
13145 56
13179 0
13685 74
14113 0
14421 69
14741 77
14911 0
14972 56
15046 0
15174 28
15384 0
15506 28
15541 56
15542 0
15543 28
15580 0
15644 74
15664 0
15776 69
16000 69
16021 0
16055 56
16133 0
16697 74
16770 0
17221 56
17286 28
17386 0
17516 28
17548 28
17605 0
18221 56
18246 0
18360 28
18528 0
18631 56
18647 74
19102 0
19508 56
19737 0
19794 28
19933 0
20060 28
20234 0
20277 69
20415 77
20638 77
20780 0
20797 74
20952 74
20981 0
21036 56
21053 0
21139 56
21509 0
21751 69
21802 0
21952 28
22083 56
22494 0
22757 74
23033 28
23085 0
23348 77
23388 0
23458 74
23595 56
23893 28
23992 28
24418 0
24419 74
24519 0
24529 56
24694 28
24760 0
24907 28
25260 69
25283 0
25432 74
25718 0
25809 56
25908 0
26028 69
26195 69
26201 56
26345 0
26573 69
26696 0
26731 28
26888 74
26944 0
27110 28
27363 0
27369 69
27414 0
27466 56
27512 0
27614 69
27838 77
27930 0
28031 77
28123 0
28137 56
28197 0
28330 77
28367 0
28579 74
28758 0
28865 77
29053 0
29082 56
29103 0
29199 56
29303 56
29460 0
29491 74
29544 0
29900 74
29987 0
30064 56
30154 0
30286 28
30335 0
30555 28
30588 0
30652 74
30843 0
30978 74
31093 0
31245 74
31457 0
31474 56
31750 0
31941 74
31969 0
32254 69
32387 0
32505 56
32618 0
32756 74
32783 0
32882 56
32900 0
33061 69
33186 0
33236 69
33349 28
33561 0
33624 74
33653 0
33790 69
33891 0
34072 77
34090 28
34174 0
34230 56
34246 0
34478 56
34491 0
34839 77
35050 56
35081 56
35108 0
35154 74
35223 77
35274 0
35527 56
35738 0
35810 77
35911 0
36030 69
36119 0
36186 74
36216 56
36270 0
36329 74
36755 0
37089 69
37105 0
37107 77
37378 0
37509 56
37558 0
38538 69
38555 69
38629 0
38668 74
38793 28
38846 0
38920 28
39031 0
39350 69
39446 0
39479 69
39576 0
39900 69
39905 0
40269 77
40287 74
40413 0
40497 77
40540 0
40541 74
40543 0
40806 56
40831 69
41211 0
41223 69
41301 69
41535 0
41930 56
41945 0
42009 77
42074 0
42159 28
42239 0
42430 56
42839 0
42931 69
43026 0
43108 74
43160 0
43245 69
43688 0
43837 56
43853 74
43870 74
43881 0
44120 56
44148 0
44196 77
44278 0
44291 69
44312 0
44324 28
44389 0
44452 74
44589 0
44701 56
44814 0
45246 77
45351 28
45490 0
45677 74
45724 0
46011 28
46026 0
46039 77
46090 0
46251 56
46269 0
46339 56
46345 0
46410 74
46596 0
46713 74
46841 0
46974 56
47026 0
47032 28
47377 0
47514 69
47738 0
48219 56
48436 77
48821 0
48914 74
48945 0
49061 77
49284 0
49316 74
49756 0
50060 56
50136 74
50268 77
50497 0
50740 28
51203 0
51227 56
51282 28
51440 0
51673 56
51704 56
52074 69
52178 0
52193 56
52256 56
52518 74
52644 56
52726 0
52738 69
52794 56
52977 0
53094 56
53116 28
53141 0
53357 69
53393 0
53495 56
53624 0
53708 28
53816 56
53975 0
54245 28
54262 0
54281 69
54425 28
54470 0
54729 69
54772 0
54797 74
54882 0
55143 74
55249 0
55250 28
55920 0
55960 56
56017 0
56049 77
56123 0
56205 56
56454 0
56467 56
56543 0
56800 77
57069 74
57446 74
57857 56
57947 0
57956 28
57976 56
58123 56
58157 74
58462 77
58548 0
58702 74
58797 0
58994 56
59329 0
59358 77
59416 0
59472 77
59672 0
59877 28
60281 0
60726 56
60737 74
60754 0
60757 56
60861 0
60977 56
60987 0
61058 28
61181 0
61261 56
61410 77
61454 0
61472 74
61514 0
61603 77
61872 0
61945 28
62169 0
62376 69
62391 28
62452 0
62513 74
62640 0
62653 56
62663 56
62751 0
62825 69
63083 0
63086 56
63528 0
63553 56
63594 56
63819 56
63846 0
63968 56
63983 77
63991 0
64072 74
64237 28
64497 77
64597 0
64625 28
64725 0
64851 69
64948 0
65014 28
65188 0
65236 56
65239 0
65500 56
65538 0
65632 77
65660 0
65697 69
65751 69
65773 0
65884 56
66035 56
66096 0
66319 77
66690 0
66691 28
66755 0
66929 56
67702 0
67828 28
67909 0
67911 77
68205 69
68686 56
68768 0
68990 28
69045 0
69084 56
69325 0
69356 77
69375 77
69876 69
69893 0
69968 74
69971 0
70158 74
70258 0
70285 74
70356 56
70404 0
70558 74
70942 56
71055 0
71195 77
71353 0
71582 74
71973 0
72319 77
72376 0
72526 77
72602 0
72727 56
72802 0
72994 74
73031 56
73121 56
73679 0
73882 69
74032 0
74034 77
74142 0
74257 69
74294 0
74349 56
74452 56
74687 69
75276 0
75472 56
75558 0
75569 74
75866 0
76055 77
76076 0
76091 56
76197 0
76324 56
76679 0
76683 74
76733 0
76773 77
76843 28
76917 0
77313 28
77352 0
77371 28
77402 0
77409 77
77819 56
77841 74
78189 0
78234 74
78298 69
78464 0
78585 69
78731 56
78743 0
78800 56
78812 0
78895 69
79091 0
79310 56
79476 0
79666 28
79695 0
79885 74
80042 0
80143 56
80177 0
80601 69
80647 0
80772 74
80846 28
80870 69
81053 0
81323 69
81346 0
81398 56
81660 0
81668 56
81701 0
81757 28
81764 69
81916 0
81986 56
81988 56
82134 69
82207 0
82400 56
82578 0
82828 56
82917 74
83119 0
83253 77
83255 0
83399 28
83410 69
83421 0
83505 74
83544 0
83563 74
84107 56
84136 0
84223 56
84336 0
84363 69
84518 0
84785 28
84898 0
85376 77
85706 0
85902 56
86006 0
86068 56
86113 0
86139 69
86158 0
86186 77
86203 0
86584 69
86586 56
86893 28
86924 0
86990 28
87009 74
87017 0
87172 56
87195 0
87238 28
87443 56
87491 0
87646 77
87753 0
87776 28
87921 69
87951 0
88365 69
88416 0
88517 56
88571 0
88696 69
89173 0
89200 74
89447 69
89467 56
89880 0
89907 74
90044 0
90253 56
90395 0
90396 56
90497 0
90711 28
90906 69
90988 0
91018 74
91293 0
91398 56
91592 0
91663 56
91838 0
91937 69
92627 0
92648 56
92773 0
92792 56
92913 77
93026 77
93074 74
93160 0
93169 56
93364 28
93836 0
93842 56
94105 74
94167 0
94251 69
94270 0
94414 28
94538 0
94739 56
94795 69
94849 56
95088 0
95325 56
95561 0
95607 56
95670 0
95701 56
95717 0
96028 56
96193 0
96213 69
96246 0
96296 28
96425 0
96533 69
96720 28
96876 0
96949 77
97137 0
97306 77
97382 0
97403 74
97463 0
97505 77
97695 0
97831 56
97856 0
98001 69
98277 69
98439 0
98477 56
98492 77
98502 0
98714 74
98921 0
98933 56
99199 0
99215 77
99237 0
99414 28
99490 0
99499 69
99515 56
99527 56
99591 0
99638 74
99911 56
854 events for 6
214 64
682 27
876 0
1117 64
1322 0
1405 64
1412 0
1542 51
1609 0
1754 57
1780 0
1809 47
1838 0
1860 51
1868 0
1904 40
2006 47
2331 0
2445 27
2608 40
2623 0
2727 19
2812 57
2837 21
2988 0
3025 21
3028 0
3234 19
3531 0
3607 57
3626 0
3628 19
3670 0
3916 47
3976 70
4119 0
4326 70
4778 0
5074 51
5176 0
5518 57
6130 0
6151 42
6329 0
6408 40
6469 0
6574 64
6602 0
6606 40
6873 0
6897 40
7065 51
7080 0
7132 51
7172 0
7219 57
7258 0
7372 57
7535 70
7563 0
7692 47
7833 0
7885 57
8086 42
8148 0
8183 27
8456 0
8570 57
8912 0
9203 70
9251 0
9280 19
9300 19
9339 0
9363 42
9374 27
9400 0
9723 21
9759 0
10151 40
10167 0
10342 57
10374 27
10443 42
10646 40
10787 27
11150 51
11244 70
11260 0
11307 47
11394 0
11423 21
11444 0
11447 27
11769 0
11865 42
12277 47
12294 0
12469 21
12517 0
12695 70
12808 0
12917 21
12953 21
12972 0
13096 57
13115 0
13206 57
13328 0
13358 64
13399 0
13488 42
13755 0
13950 42
14264 40
14350 21
14385 40
14557 0
14627 57
14702 0
14799 21
14893 0
15220 19
15264 0
15303 42
15431 57
15442 19
15463 0
15647 40
15655 0
15705 70
15747 0
15881 21
15905 42
15969 0
16025 51
16130 40
16272 0
16369 21
16386 57
17122 0
17301 40
17333 0
17396 70
17413 42
17446 64
17545 70
17728 57
17829 51
17841 57
17980 40
18214 0
18313 64
18325 27
18473 70
18683 40
18691 0
18768 64
18789 0
18880 70
18924 0
18949 21
18959 0
18991 42
19012 40
19107 0
19125 57
19302 0
19498 57
19503 0
19540 70
19567 47
19817 0
20186 19
20247 21
20251 57
20290 0
20294 19
20308 0
20365 19
20396 0
21152 64
21198 42
21214 19
21436 0
21437 64
21500 0
21563 70
21570 47
21621 0
21954 42
21987 47
22079 57
22091 0
22149 57
22202 0
22230 40
22402 0
22422 64
22716 0
22740 57
22773 0
23010 40
23132 47
23137 0
23295 27
23643 21
23644 0
23696 21
23891 70
24078 70
24161 0
24260 57
24338 0
24395 19
24422 0
24923 42
25088 0
25269 21
25353 0
25385 51
25592 47
25638 0
25679 40
25715 0
25894 57
26010 0
26037 70
26068 0
26247 51
26300 21
26393 0
26453 64
26511 0
26561 51
26692 0
26930 47
27212 0
27562 64
27581 0
27604 57
27658 19
27669 0
27697 51
27707 21
28081 0
28154 51
28184 47
28192 0
28273 51
28338 0
28366 40
28407 21
28454 0
28593 64
28953 0
28964 70
29089 0
29104 64
29300 0
29326 27
29489 27
29517 42
29580 0
29662 42
29690 0
29770 64
29791 27
29908 0
29961 40
29992 21
30110 19
30185 0
30205 19
30436 0
30507 70
30649 70
31079 0
31186 27
31358 0
31625 40
31683 47
31828 0
31926 51
31967 0
32167 57
32325 0
32373 57
32591 0
32920 47
32932 47
33211 70
33844 0
34157 21
34162 0
34414 42
34430 0
34460 70
34467 42
34503 64
34514 64
34597 0
34625 70
35016 0
35074 42
35284 0
35794 70
35841 0
35926 27
36332 27
36390 0
36456 27
36530 27
36555 40
36956 0
37032 47
37055 27
37320 0
37374 57
37419 0
37644 21
37724 0
37783 42
37798 0
37824 27
38040 0
38129 40
38193 0
38280 47
38355 0
38539 40
38553 57
38592 0
38646 51
38724 0
38814 19
39021 0
39102 21
39312 0
39544 70
39572 0
39727 47
39874 0
39955 51
39983 0
40023 19
40064 70
40197 64
40408 27
40492 51
40736 0
40863 19
40920 0
41030 57
41138 0
41145 47
41147 51
41895 47
42079 19
42350 0
42500 40
42582 0
42826 47
43109 0
43147 70
43191 64
43453 0
43569 42
43609 40
43688 0
43754 40
43772 0
43849 21
43859 0
43917 70
43956 0
44027 70
44074 0
44079 51
44250 0
44440 57
44505 0
45496 19
45608 0
46001 42
46354 0
46574 21
46645 0
46690 40
46696 0
47005 64
47053 0
47136 21
47138 27
47228 0
47457 27
47459 0
47600 27
47813 0
47835 70
47948 0
48111 70
48131 0
48367 57
48467 0
48552 51
48663 0
48867 57
48873 0
48882 19
48910 0
49002 70
49046 0
49232 42
49405 0
49466 47
49569 0
49596 70
49646 0
49906 64
49968 27
49974 70
50072 40
50201 27
50207 40
50210 0
50644 57
50665 0
50823 70
50876 0
50984 64
50986 0
51300 21
51501 57
51504 0
51557 19
51652 0
51704 40
51725 0
51734 51
51831 0
51902 19
52075 42
52307 0
52401 21
52442 27
52452 0
52485 57
52490 0
52522 51
52579 21
52759 0
52816 51
52819 0
53002 19
53088 51
53095 0
53104 57
53184 0
53361 64
53580 27
53644 70
53794 0
53821 51
53823 21
53853 0
53884 57
53979 0
54052 40
54077 0
54256 40
54447 42
54473 0
54670 19
54718 0
54785 51
54834 0
54955 70
55118 0
55128 51
55129 0
55200 19
55301 0
55487 42
55732 27
55870 0
55990 27
56037 0
56051 42
56155 0
56314 19
56430 0
56455 64
56850 47
57152 19
57514 57
57548 0
57630 57
57699 0
57804 51
57884 40
57968 64
57986 40
58117 51
58294 0
58349 70
58587 0
58895 42
58926 0
59233 51
59316 0
59375 27
59381 0
59421 42
59647 0
59738 57
59813 0
60056 51
60229 47
60445 42
60464 0
60731 51
60734 42
60889 0
60924 27
61078 0
61142 19
61156 0
61301 70
61702 0
61707 70
61711 0
61717 21
61814 0
61829 51
61942 0
61996 64
62070 0
62123 21
62218 0
62245 47
62503 57
62822 0
62829 27
62911 0
63215 19
63346 40
63405 0
63513 51
63573 0
63605 51
63634 0
63848 47
63862 0
63920 70
64128 0
64564 19
64695 0
64732 42
64758 0
64771 47
64835 0
65246 70
65307 0
65368 27
65427 42
65825 0
65942 70
65953 0
65973 40
66218 0
66362 40
66428 0
66482 42
66752 0
66754 70
67057 0
67164 19
67237 0
67374 64
67476 0
67569 47
67664 0
67750 64
67766 0
67777 19
67864 40
67954 0
68016 70
68097 0
68270 57
68335 27
68341 0
68389 47
68592 51
68638 0
68911 57
69018 0
69116 64
69140 51
69159 0
69419 40
69473 0
69499 57
69915 0
70345 70
70410 0
70470 42
70544 0
70680 57
70729 57
70869 0
70977 27
71159 0
71237 42
71248 0
71940 64
72379 0
72468 42
72578 27
72579 0
72881 47
72958 21
73275 19
73420 0
73578 64
73646 57
73656 0
73665 42
73682 0
73783 40
73883 42
74084 0
74104 70
74135 47
74148 0
74178 21
74674 0
74855 70
74881 0
75081 21
75156 0
75319 42
75425 0
75689 42
75788 0
76013 40
76038 51
76308 0
76555 42
76588 0
76668 19
76713 0
76865 47
77100 21
77150 0
77230 21
77281 0
77368 40
77411 0
77419 21
77705 0
77795 42
78080 51
78257 21
78266 0
78308 64
78316 0
78447 57
78531 0
78538 51
78633 0
78792 47
78905 0
78953 64
79034 40
79241 0
79282 70
79398 0
79421 70
79530 0
79552 21
79697 0
79794 27
80108 0
80158 27
80171 0
80395 47
80443 0
80486 42
80494 40
80861 0
80992 47
81332 0
81356 19
81389 19
81663 0
81758 42
81780 0
81923 51
82022 42
82079 0
82622 64
82677 0
82706 47
82903 0
83209 40
83243 51
83275 0
83301 27
83612 70
83623 42
83792 0
83829 47
83840 0
83991 51
84108 0
84205 21
84399 0
84434 57
84580 0
84618 21
84937 0
84976 64
85103 0
85198 27
85316 0
85396 27
85404 0
85681 21
85713 0
85878 42
85923 0
85990 57
86008 42
86261 0
86340 57
86445 47
86584 0
86610 27
86724 0
86800 42
86835 0
86990 42
87111 0
87155 51
87181 0
87308 70
87451 40
87646 21
87819 42
88337 0
88389 42
88705 0
88745 64
89037 0
89041 64
89191 51
89220 0
89252 51
89553 0
89562 19
89832 0
89908 70
90119 51
90628 40
90776 0
91095 27
91100 0
91106 19
91135 0
91278 27
91333 0
91353 40
91362 0
91449 21
91527 0
91540 47
91623 0
91706 47
91711 0
91723 70
91781 0
91921 64
91954 57
91976 21
92073 0
92105 64
92132 0
92352 27
92720 0
92792 19
92889 51
92902 0
92943 70
93029 0
93306 19
93860 0
93994 42
94173 21
94317 0
94361 57
94392 0
94464 51
94537 0
94623 19
94806 0
94834 27
94881 0
94911 64
94987 0
95010 42
95046 0
95137 27
95191 19
95270 0
95515 27
95578 0
95750 70
95843 0
95929 27
95938 0
95954 19
96135 0
96157 64
96170 0
96248 40
96389 0
96446 64
96549 0
96615 64
97328 21
97373 0
97435 42
97756 0
97794 70
98225 42
98415 57
98497 0
98538 27
98796 0
98895 64
99127 40
99131 0
99194 51
99272 21
99288 0
99305 21
99574 0
99637 27
99684 0
99892 19
99930 42
99999 0
280 events for 7
459 31
680 0
734 77
921 0
1630 31
3130 66
3359 0
3378 77
3432 0
3809 77
3877 66
4098 0
4312 38
4528 0
5738 77
5921 0
6301 31
6492 0
8355 38
8363 38
8382 77
8672 0
9154 38
9378 0
10449 77
10756 0
11011 70
11336 0
11535 77
11553 0
12179 66
12374 66
12580 0
12801 77
12819 70
12928 0
13053 70
13358 70
13757 0
13936 77
14150 0
14270 31
14968 0
15428 70
17070 31
17636 0
17740 77
18713 0
19094 70
19195 0
19397 77
20569 0
20756 66
20851 0
21183 31
21435 0
21564 77
22135 0
22347 38
23250 0
23281 70
23514 70
23778 0
24696 31
25496 0
25617 70
25756 0
25920 31
26782 0
26864 70
27096 0
27428 31
27494 38
27682 38
27985 38
28514 70
28906 31
29252 0
29314 31
29727 0
30969 77
31116 77
31492 0
31628 31
31680 0
32014 77
32560 0
32751 66
33225 0
33274 31
34344 31
37537 66
37765 0
37950 38
38030 0
38042 70
38202 66
38268 70
39702 0
39905 38
40144 77
40230 0
41505 66
42041 0
42143 77
42308 0
42862 38
43422 0
43519 66
44709 0
45011 70
45041 0
45526 70
45844 0
45927 77
46416 70
46657 0
47177 31
47339 31
48525 77
48634 70
48708 31
48854 0
49227 70
49644 66
49821 0
50320 38
51114 66
51476 77
51579 0
51786 38
51875 0
52151 70
52300 77
52687 0
52962 38
54116 66
54834 77
54881 66
54925 0
55370 77
55504 38
55784 0
55844 38
55872 38
56224 0
56627 38
57019 70
57233 0
57677 66
57679 31
57730 0
57911 31
58353 0
58827 77
58835 0
59046 31
59086 0
59428 70
60308 66
60326 0
60367 66
60511 0
60814 38
61628 77
61989 38
62229 0
62575 77
62616 31
62843 70
63256 0
63719 77
64654 0
64880 70
65051 0
65080 31
66137 0
66157 38
66643 0
66745 70
66756 0
66806 38
67014 77
67372 0
67553 31
67945 0
68021 38
68137 0
68437 66
68500 0
68583 70
68747 0
68905 38
68958 0
69286 77
69430 0
70084 38
70212 0
70407 77
70710 38
70876 0
71521 66
71912 77
71960 0
72288 66
72408 0
72706 77
72742 77
72921 0
73916 77
74028 0
74361 38
74587 66
74947 77
75485 0
75608 38
75836 70
75929 0
76880 66
76926 31
77088 0
77399 77
77437 0
77915 31
78076 0
78863 31
79832 0
80354 31
81171 0
81558 70
81753 0
81867 38
82467 0
82468 70
82935 0
83016 38
83141 0
83395 66
83731 70
83834 70
84961 0
85305 77
85372 0
86286 31
86509 0
86608 77
86748 38
87574 0
88646 77
88890 77
88959 70
88969 0
89093 66
89857 0
90006 38
90475 31
90869 0
91097 31
92101 0
92256 77
92289 66
92300 0
93437 38
93454 70
94920 0
95718 77
95942 0
96016 70
96255 0
96325 70
96368 70
96447 0
96557 77
96928 0
97009 66
97012 0
97235 38
97765 0
99106 70
99510 0
219 events for 8
1041 20
1703 20
3380 0
3696 20
3751 0
4553 18
6431 18
6594 18
6875 0
7106 29
8433 29
8516 17
9358 17
9664 0
10295 17
11034 0
11973 17
12538 25
12610 0
13603 29
13749 0
13911 29
14382 0
15067 17
15689 0
16109 20
16255 0
16261 14
16782 0
17775 29
18248 0
18585 17
18930 0
18937 25
19190 0
19206 30
20093 0
20120 14
20213 29
21094 0
21413 20
21522 0
21773 40
21955 30
22279 0
22633 18
23669 0
23749 17
24593 0
24844 18
25302 25
26090 14
26397 0
26793 18
27524 17
29684 0
29885 40
30405 0
30776 20
31014 0
31189 30
31455 0
32127 25
32370 0
32733 25
33202 25
33792 0
33813 18
34458 0
34895 30
35010 0
35308 20
35756 0
35839 20
36102 0
36199 29
36234 0
36937 25
37853 0
38004 40
39002 0
39027 18
39505 0
39611 30
39847 0
39860 20
41473 0
41707 18
41755 0
42050 20
42470 17
43241 0
43946 29
44163 17
45439 0
45702 20
45931 0
46510 30
46525 0
47237 14
48101 0
48202 17
48518 0
48903 20
49524 0
49975 30
49993 0
50495 17
51097 29
52063 0
52091 17
53694 0
54461 18
55585 0
55593 25
56767 0
57747 30
57822 0
58220 40
58418 0
58859 14
59194 20
59323 0
59678 17
60326 0
60697 40
61322 18
61350 20
61469 0
61587 18
62049 0
63623 25
63686 0
63929 40
64350 0
64529 29
64892 0
65333 17
65976 0
66346 17
66874 20
67174 0
68683 29
68905 14
69784 0
70133 20
70332 0
71402 20
71880 0
72447 18
72468 0
72860 18
73295 29
73751 0
73868 20
74883 0
75004 14
75295 0
75695 17
75981 0
76845 14
76955 30
78032 0
78367 17
79116 0
80005 17
80261 0
80584 20
80776 0
80830 17
81024 0
81191 20
81229 0
81809 20
82071 0
82109 30
82521 14
82577 20
83000 25
83096 0
83493 25
84068 0
84239 30
84391 0
84876 30
85151 0
85551 25
86491 18
87735 0
88126 20
88447 18
88814 0
88997 17
90329 20
90539 0
90908 40
91251 0
91605 18
91659 20
91916 0
91961 29
92605 14
93395 0
93714 14
94266 25
94418 20
94449 40
94506 0
94927 18
95284 0
95514 25
96654 0
97036 20
97634 29
98121 29
98568 0
98772 20
98964 18
99656 0
896 events for 9
285 27
432 0
472 27
506 0
658 30
920 0
924 27
969 0
971 50
1138 0
1147 50
1149 0
1190 30
1204 0
1365 25
1473 0
1651 30
1679 27
1739 0
1819 25
1850 50
1905 0
1981 27
2048 0
2068 14
2151 0
2153 27
2223 30
2372 0
2381 14
2496 0
2561 30
2633 0
2663 52
2912 30
3011 0
3071 50
3295 25
3398 0
3595 30
3611 0
3778 50
3950 27
3957 52
3958 52
4104 50
4163 0
4313 14
4461 0
4476 25
4692 0
4871 52
4913 0
4932 30
5017 0
5230 52
5287 52
5329 0
5347 50
5608 0
5707 27
5723 0
5799 27
5961 0
6035 30
6110 27
6169 50
6198 0
6305 14
6326 0
6418 27
6499 0
6558 30
6653 14
6674 0
6906 14
6939 0
7466 52
7491 0
7559 30
7655 30
7724 0
7752 52
7814 0
7906 27
7950 25
7992 0
8029 14
8192 0
8605 25
8660 0
8862 25
8865 0
8923 27
8986 0
8993 27
8995 0
9067 14
9273 0
9595 25
9667 0
9676 50
9814 0
9884 50
9976 0
10274 30
10407 0
10533 52
10948 50
10955 27
10972 0
11161 52
11219 14
11229 0
11246 25
11308 50
11350 0
11424 27
11715 50
11882 0
11891 27
12055 14
12079 0
12364 30
12485 14
12611 0
12892 27
13046 0
13196 25
13393 0
13523 14
13637 0
13704 14
13921 0
13997 27
14302 0
14424 25
14699 0
14777 52
14778 0
15135 25
15154 0
15451 27
15612 0
15630 14
15685 25
15716 0
15790 50
15864 0
16317 27
16370 0
16472 14
16782 0
16832 25
16926 14
17292 0
17542 50
17717 0
17723 25
17738 0
18095 27
18297 0
18334 52
18347 0
18356 27
18464 0
18631 25
18769 0
18830 25
19093 0
19251 25
19457 0
19549 50
19581 0
19652 50
19678 0
19779 50
19931 27
20157 0
20346 50
20356 0
20508 27
20516 0
20721 25
20928 0
20975 27
21257 0
21368 52
21469 0
21490 27
21536 0
21556 30
21992 0
22004 50
22051 0
22201 27
22293 27
22402 27
22482 0
22606 52
22696 0
23093 52
23214 14
23256 0
23383 27
23418 0
23481 14
23639 0
23668 25
23678 0
23699 27
23730 0
23838 14
24087 0
24129 50
24143 0
24182 52
24233 0
24415 52
24597 0
24661 52
24846 0
25311 25
25347 0
25385 52
25393 0
25429 14
25630 0
25755 25
25888 0
25947 52
26092 25
26254 0
26360 50
26455 0
26508 27
26546 0
26992 25
27014 0
27106 27
27117 0
27188 27
27190 0
27198 50
27283 50
27373 0
27423 30
27447 0
27551 27
27582 0
27617 27
27638 0
27782 27
27855 0
28011 25
28063 0
28224 25
28232 25
28241 0
28316 25
28349 0
28384 14
28541 0
28553 25
28644 27
28651 0
28703 50
28801 0
29102 14
29136 0
29260 25
29300 0
29419 30
30006 0
30103 27
30232 0
30408 25
30659 30
30667 0
30768 27
30807 52
30875 0
30913 25
30931 0
30975 30
31063 0
31193 14
31201 0
31301 30
31306 0
31358 30
31514 0
31542 25
31639 0
31782 50
32107 27
32240 0
32312 50
32395 30
32521 0
32648 25
32824 0
32883 14
33030 0
33062 30
33164 0
33289 27
33338 0
33377 27
33399 0
33446 50
33551 52
33574 27
33828 30
33896 25
34022 0
34048 25
34059 0
34108 30
34156 0
34275 14
34362 0
34363 27
34441 30
34488 0
34577 50
34589 0
34735 27
34755 0
34801 25
34935 0
35069 27
35084 0
35227 52
35250 0
35303 50
35305 0
35510 25
35775 0
35780 30
35823 14
35867 0
36132 25
36205 0
36364 27
36543 27
36639 0
36742 27
36818 0
36861 27
36876 30
37113 27
37377 0
37388 50
37395 0
37459 30
37570 0
37763 50
37942 27
38475 0
38501 52
38612 52
38688 52
38713 0
38773 50
38973 27
39309 0
39630 14
39641 0
39724 50
40146 0
40171 27
40825 0
40897 27
40937 0
40968 27
40972 0
41019 27
41274 25
41297 50
41473 0
41658 30
41670 0
41675 14
41822 0
41934 50
41975 0
42475 27
42510 0
42558 27
42607 0
42767 25
42770 0
42776 25
42869 0
43191 25
43527 30
43714 0
43886 27
43953 0
43983 50
44194 0
44206 27
44215 0
44293 14
44366 0
44741 50
44748 0
44868 30
45347 27
45484 0
46218 27
46417 0
46530 30
46621 14
46657 14
46768 30
47012 0
47097 27
47315 27
47582 0
47631 50
47655 30
47790 0
48056 50
48126 0
48145 30
48168 0
48198 25
48245 0
48255 30
48310 0
48593 52
48611 0
48896 50
49010 27
49050 0
49364 25
49401 0
49503 50
49556 0
49567 30
49589 0
49740 27
49770 25
49847 0
49897 30
49924 30
49957 27
50000 25
50075 0
50102 27
50168 0
50180 30
50278 0
50427 27
50499 0
50565 25
50807 0
50880 30
50915 0
51002 50
51020 0
51054 30
51331 25
51509 0
51603 30
51952 0
52030 52
52472 25
52541 0
52709 30
53173 0
53202 14
53239 0
53306 14
53352 27
53427 50
53495 0
53756 30
53891 0
53918 30
54175 0
54195 27
54215 0
54301 30
54338 0
54349 30
54467 0
54525 14
54582 0
54674 27
54777 0
54795 27
54836 0
54892 30
54957 0
55027 27
55041 0
55641 52
55738 0
55761 50
55962 50
55964 0
56085 52
56107 0
56152 50
56424 25
56481 25
56483 0
56510 25
56553 0
56637 27
56729 0
56908 27
56960 27
56989 0
57491 25
57571 27
57617 0
57710 25
57713 25
57715 27
57847 25
58119 0
58189 50
58472 25
58707 0
58778 27
58885 25
58894 0
58937 25
58973 0
59339 27
59389 50
59447 0
59508 25
59908 0
60145 27
60192 0
60485 14
60523 0
60556 14
60594 0
60621 25
60815 0
60954 50
61080 0
61198 27
61413 0
61611 25
61685 0
61736 27
61779 25
61798 0
61799 27
61968 0
62030 25
62259 0
62358 25
62430 0
62443 50
62485 14
62554 27
62697 50
62784 0
63353 52
63383 0
63548 50
63909 0
63927 14
64124 0
64150 50
64230 52
64361 27
64832 14
64903 0
64929 27
64952 0
65012 27
65105 0
65186 14
65340 0
65362 25
65809 0
65864 25
65894 0
66046 27
66081 0
66406 14
66486 50
66505 30
66872 0
66963 52
67207 14
67244 0
67328 30
67424 0
67511 25
67527 0
67536 25
67720 0
67850 27
67958 0
68010 27
68023 0
68077 50
68633 0
68709 25
68763 30
68780 50
68940 0
69033 52
69125 0
69146 52
69195 0
69242 14
69313 0
69416 14
69571 27
69576 0
69587 25
69671 0
70011 27
70073 52
70247 0
70255 52
70359 27
70414 0
70423 27
70520 30
70739 0
70793 27
70866 0
70959 30
70993 25
71095 25
71149 0
71265 25
71331 14
71398 0
71699 25
71702 0
71741 27
71757 0
71769 27
71793 30
71892 0
71982 27
72099 27
72103 0
72281 25
72726 0
72775 52
73071 0
73086 25
73104 0
73175 52
73321 50
73372 52
73507 14
73536 0
73709 30
73821 0
73856 30
73917 25
74479 27
74672 0
74675 50
74676 50
74881 0
74907 30
74920 27
75007 0
75100 14
75197 27
75354 0
75405 27
75409 0
75532 25
75593 0
75697 27
75875 0
76246 25
76546 0
76956 52
77066 0
77128 52
77191 0
77400 50
77461 25
77577 50
77761 30
78121 50
78205 0
78556 52
78799 0
78939 52
79061 30
79181 50
79343 0
79446 30
79448 52
79594 0
79735 14
79800 0
79810 27
79972 0
80030 50
80213 0
80246 14
80344 27
80412 25
80594 27
80631 0
80734 25
80805 0
80832 52
81044 0
81078 25
81112 0
81124 52
81310 25
81336 0
81443 50
81506 0
81552 25
81567 0
81646 30
81733 0
81813 30
81822 0
81887 27
81989 14
82040 27
82327 0
82459 25
82855 0
83259 27
83308 0
83359 50
83479 0
83545 27
83616 0
83778 50
83850 30
83884 25
84087 0
84139 52
84265 0
84274 27
84509 0
84556 14
84631 0
84890 27
84939 27
85243 25
85679 0
85924 14
85965 0
86435 50
86528 0
86610 50
86931 27
87131 0
87149 30
87173 0
87292 25
87371 30
87469 0
87506 30
87628 0
87719 25
87720 0
87880 27
87882 0
87890 25
87931 52
88053 0
88488 50
88501 0
88695 50
88699 0
88971 27
89028 0
89124 52
89169 0
89308 25
89343 0
89527 50
89575 25
89630 0
89740 27
89804 14
89823 0
89885 25
90000 0
90129 25
90333 0
90420 14
90425 14
90450 25
90501 0
90723 27
90811 0
90849 25
90877 27
90933 14
91007 50
91070 0
91157 30
91419 0
91449 50
91465 25
91632 0
91822 25
91844 0
91944 27
92049 27
92101 0
92139 25
92164 0
92368 25
92557 0
92617 27
92668 27
92836 30
92877 14
92901 0
93125 50
93159 0
93280 14
93681 0
93726 25
93929 0
93986 25
94184 0
94375 25
94428 0
94553 30
94554 0
94597 52
94604 14
94621 25
94688 0
94764 14
94820 50
94852 0
94950 27
95068 0
95106 27
95206 0
95329 30
95335 0
95391 14
95402 0
95524 52
95842 0
96390 30
96442 0
96455 27
96457 0
96502 25
96550 0
96583 25
96642 0
96720 14
96872 14
96880 0
97200 50
97274 27
97447 0
97449 14
97538 50
97703 0
97715 52
97869 0
97917 30
98114 0
98289 25
98290 0
98292 25
98425 14
98602 50
98618 0
98691 25
98866 0
98996 25
99262 27
99414 0
99575 14
99675 25
99789 50
99840 0
99890 30
99982 0
780 events for 10
66 58
146 0
190 67
226 34
780 0
812 67
911 47
1162 35
1265 0
1274 37
1281 0
1291 45
1305 0
1797 58
1803 0
1862 37
1869 47
2062 0
2163 58
2189 0
2264 37
2432 0
2610 37
2614 0
2908 37
2922 47
3142 0
3151 58
3158 0
3159 58
3395 37
3419 58
3692 35
3892 0
3952 35
4000 0
4290 34
4506 0
5029 37
5170 0
5180 67
5247 0
5389 37
5458 34
5581 0
5591 37
5856 0
5958 34
6000 0
6236 67
6371 35
6476 45
6623 0
6701 34
6898 0
7002 47
7082 45
7122 58
7519 0
7733 67
7797 58
7844 0
8136 58
8208 0
8269 58
8303 47
8339 37
8365 0
8445 67
8498 0
8736 37
8854 37
8872 0
8924 47
9007 45
9099 47
9165 37
9166 0
9173 58
9265 0
9816 35
9914 58
9932 0
10029 67
10115 0
10464 45
10609 0
10893 34
11266 67
11472 0
11473 35
11662 0
11791 45
11819 0
11883 34
12043 0
12104 37
12275 0
12566 35
12662 0
12779 58
12794 0
12877 35
12942 0
13017 34
13062 0
13236 58
13452 0
13620 47
13737 37
13915 0
14076 34
14100 0
14161 47
14340 0
14700 58
14796 0
14817 45
14860 58
15056 0
15303 58
15491 0
15525 58
15828 0
15987 35
16035 0
16059 67
16275 0
16318 37
16347 0
16393 34
16724 0
16730 37
16889 0
17093 35
17284 0
17350 67
17413 0
17579 35
17667 37
17833 67
17843 0
17844 67
17856 37
18328 0
18393 34
18406 58
18506 0
18521 67
18617 0
18775 58
19149 0
19253 58
19264 0
19453 47
19500 35
19506 0
19542 34
19652 0
19682 47
19754 0
19848 67
19871 0
19946 67
20083 0
20149 37
20326 0
20377 47
20487 0
20700 37
21598 45
21751 58
21828 0
21899 47
21988 0
22480 34
22483 0
22618 35
22622 0
22642 45
22643 37
22686 58
22874 0
22967 34
22978 0
23001 37
23004 0
23016 67
23183 0
23426 58
23471 0
23514 45
23567 0
23777 58
23904 37
23999 45
24064 37
24097 0
24173 34
24253 45
24280 0
24284 37
24504 0
24838 58
25029 58
25041 0
25141 67
25999 35
26467 67
26506 0
26528 67
27163 35
27182 0
27203 34
27328 58
27341 0
27468 37
27679 0
27728 37
27813 35
27966 0
28064 35
28185 37
28194 0
28226 35
28387 0
28426 35
28467 0
28750 58
28770 0
28974 58
29026 37
29125 0
29186 58
29473 58
29546 0
29559 47
29575 67
29655 0
29696 35
29729 0
30147 67
30180 0
30277 58
30301 0
30323 37
30489 45
30567 0
30628 37
30682 0
30769 58
31019 37
31243 0
31270 58
31539 0
31699 45
31769 34
31962 0
32029 67
32093 0
32178 58
32246 35
32460 0
32530 37
32793 0
32830 34
32898 45
33046 37
33133 0
33217 37
33331 0
33444 67
33553 0
33603 45
33633 0
33689 67
33697 0
33807 58
33808 58
33838 35
33849 35
33873 37
34709 0
34990 47
35304 0
35392 35
35482 45
35784 58
35791 0
35808 58
35816 47
35892 0
35903 37
35987 0
35998 35
36423 0
36458 58
36610 58
36694 67
36796 0
36884 35
37096 0
37124 67
37266 0
37415 58
37503 0
37702 45
37871 58
37954 0
37991 67
38137 0
38177 45
38224 37
38393 0
38397 45
38503 0
38640 34
38743 0
39073 37
39153 0
39179 37
39340 34
39464 45
39711 0
39717 45
39746 45
39772 45
39807 35
39817 37
40026 45
40107 0
40133 34
40140 0
40203 45
40378 0
40408 34
40543 35
40631 45
40655 0
40879 45
40975 0
41049 67
41079 0
41264 35
41325 0
41433 35
41452 0
41485 47
41516 37
41648 0
41738 58
41756 0
42284 58
42410 0
42665 47
42962 0
43157 35
43281 0
43316 35
43333 0
43532 58
43809 0
44004 35
44031 58
44127 0
44203 45
44461 0
44474 47
44820 45
45020 37
45075 0
45236 67
45282 0
45319 37
45352 58
45658 67
46036 0
46146 58
46192 0
46221 34
46597 47
46629 0
46758 35
47084 0
47228 34
47278 35
47348 0
47466 35
47519 0
47646 34
47863 0
47929 47
47936 34
47977 0
48005 58
48301 0
48501 67
48518 0
48551 34
48581 0
48972 45
48996 67
49489 0
49588 37
49637 0
49858 34
50207 47
50214 0
50520 45
50801 45
50802 0
50921 34
50959 0
51023 58
51265 0
51326 58
51410 0
51597 35
51619 37
51634 0
51679 45
51844 35
51946 34
52019 37
52214 47
52218 58
52432 0
52568 34
52645 58
52879 37
53150 0
53780 67
53912 0
53963 58
53965 0
54043 67
54057 0
54070 34
54102 37
54322 0
54373 35
54383 35
54657 35
54756 47
54763 0
55049 34
55239 0
55312 58
55416 37
55504 34
55820 0
56426 67
56611 0
56724 45
56927 0
57157 45
57180 58
57213 67
57239 0
57517 37
57561 0
57719 34
58205 0
58250 47
58303 0
58366 34
58562 37
58619 34
58643 0
58877 67
58905 0
58912 47
58926 0
59047 47
59078 0
59334 34
59342 0
59343 58
60169 0
60284 35
60376 47
60473 0
60541 45
60621 0
60691 35
60695 0
60715 45
61107 0
61255 58
61276 0
61363 67
61856 0
61984 35
62059 58
62201 47
62286 0
62745 45
62801 0
63150 35
63245 0
63260 67
63689 0
63796 47
63948 0
64209 67
64250 0
64394 67
64739 45
64771 0
64915 45
64994 0
65235 34
65280 34
65312 0
65491 45
65568 0
65732 45
65777 0
65831 45
65844 37
65915 0
66050 45
66076 45
66079 0
66089 58
66424 0
66427 37
66594 0
66604 37
66612 47
66725 0
66805 35
66898 34
66967 0
67117 67
67384 67
67391 34
67464 0
67905 45
68223 45
68254 0
68422 67
68460 0
68751 45
68867 35
69226 0
69369 47
69472 0
69503 35
69576 0
69638 37
69772 0
69851 45
69901 67
69907 0
70172 34
70245 45
70335 47
70664 58
70676 0
70764 58
70820 0
71068 47
71099 0
71181 47
71245 34
71358 0
71492 37
71546 45
71752 0
71886 47
72048 0
72073 45
72117 0
72248 45
72307 0
72369 45
72383 0
72472 37
72634 0
72719 35
72723 58
72755 0
72778 35
72780 58
73239 0
73240 67
73252 37
73543 0
73550 37
73627 0
73828 67
74377 0
74392 47
74507 67
74534 0
74610 45
74636 0
74958 35
75081 0
75132 34
75169 0
75393 45
75739 0
75883 37
76297 47
76438 0
76447 45
76448 0
76657 67
76793 0
76869 67
77173 0
77263 67
77270 0
77554 45
77638 47
77667 35
77773 0
77848 58
77990 0
78022 58
78070 0
78152 37
78753 47
78851 35
78965 0
79039 45
79168 0
79262 35
79414 47
79999 0
80030 67
80210 0
80298 34
80545 47
80577 34
80639 0
80927 47
81300 0
81432 58
81462 37
81559 0
81675 58
81902 0
81915 35
81993 0
82073 37
82203 58
82207 0
82321 45
82722 0
82954 35
83253 0
83312 67
83650 0
84090 37
84118 0
84121 67
84141 45
84419 34
84445 0
84531 47
84541 0
84635 37
84646 0
84661 67
84735 0
85050 47
85138 0
85173 47
85189 0
85547 47
85550 0
85756 47
85998 0
86563 45
86663 58
86760 0
86762 34
86797 67
86798 0
86866 45
87269 67
87487 67
87852 0
87879 58
88027 0
88031 67
88053 0
88157 37
88219 0
88442 67
88482 67
88560 0
88952 47
88982 0
89069 35
89192 0
89216 35
89306 0
89343 45
89456 0
89560 58
89696 0
90003 34
90110 0
90288 58
90319 0
90514 58
90597 35
90700 67
90885 0
91015 67
91278 0
91636 34
91689 0
91838 37
92027 0
92048 45
92118 58
92158 0
92594 34
92920 0
93257 37
93365 0
93445 67
93536 0
93818 37
93836 0
94255 35
94260 0
94387 37
94388 0
94719 47
94820 37
94843 0
94942 47
94998 0
95027 45
95051 0
95079 37
95266 37
95286 0
95481 67
95541 35
95708 34
95902 37
95921 34
96037 0
96108 67
96158 0
96248 35
96276 0
96585 45
96730 0
96949 67
97394 58
97398 45
97422 0
97489 47
97689 37
97854 0
97889 45
97934 0
98034 45
98082 47
98146 0
98219 37
98243 37
98271 0
98362 58
98531 0
98542 67
98640 45
98697 0
98979 47
99187 35
99616 67
99922 0
781 events for 11
307 19
677 0
808 21
939 0
1012 19
1163 0
1193 18
1412 0
1618 18
1700 0
1817 21
2214 0
2439 21
2490 0
2551 21
2615 0
2663 18
2758 0
2851 18
2988 21
3022 0
3062 18
3115 0
3262 19
3283 19
3332 0
3492 19
3641 19
4267 19
4305 0
4329 19
4595 0
4791 21
4830 0
4881 21
5402 0
5546 21
5559 21
5628 21
5943 0
5973 19
6038 18
6185 21
6203 0
6442 19
6565 0
6669 19
6701 0
6766 18
6776 0
6791 18
6803 21
6944 0
6992 19
7124 0
7343 18
7684 19
7729 21
7801 0
8339 18
8427 0
8726 18
8808 18
8867 0
8928 19
9149 0
9419 19
9467 18
9566 19
9728 0
9847 19
9848 19
10060 19
10092 0
10418 19
10603 0
10607 21
10643 0
10878 21
11118 19
11149 0
11206 19
11380 0
11439 18
11515 0
11591 19
11722 0
11954 19
11978 0
12046 19
12100 0
12276 18
12621 0
12624 21
12681 0
12876 18
12961 0
13017 21
13029 0
13079 18
13138 21
13538 19
13597 0
13773 19
13824 19
13835 0
13907 18
14077 19
14317 0
14354 18
14476 0
14519 21
14751 0
15053 18
15124 0
15564 19
15834 18
15844 0
15888 19
16105 0
16128 21
16131 0
16316 18
16417 21
16542 0
16545 21
16761 0
16865 19
17041 19
17061 0
17081 18
17251 0
17265 19
17385 0
17465 18
17559 0
17756 19
17788 0
17865 19
18132 0
18245 18
18319 0
18328 19
18686 21
18721 0
18748 19
18947 0
19208 19
19238 0
19313 18
19355 0
19398 19
19450 0
19511 18
19603 19
19718 0
19721 18
19780 18
19994 0
20180 21
20737 0
20836 18
20923 0
21199 19
21203 0
21380 21
21546 0
21549 18
21736 0
21753 21
21780 19
21947 0
21983 19
22070 19
22272 0
22361 19
22560 18
22590 0
22677 18
22713 19
22775 0
22880 18
23079 0
23138 18
23222 0
23265 19
23542 0
23664 19
23834 0
24442 18
24737 21
24754 0
24829 18
24886 0
24954 19
25197 21
25246 0
25721 19
25832 0
25891 19
26186 0
26383 19
26484 0
26646 19
26656 0
26705 19
26778 0
27003 18
27099 19
27311 0
27318 18
27417 0
27477 19
27538 0
27557 21
27576 0
27577 19
27814 0
27876 19
27903 0
27962 21
28002 0
28027 19
28091 0
28120 21
28595 21
28852 0
28950 18
29097 0
29182 19
29359 0
29474 19
29563 21
29590 0
29698 21
29864 0
29876 21
29963 0
30032 18
30261 21
30271 0
30276 19
30552 0
30668 18
30792 21
30816 21
30846 0
31133 19
31279 0
31288 21
31453 0
31543 19
31574 0
31716 19
32305 0
32672 21
32772 18
32880 0
32899 19
32921 0
33031 19
33419 0
33817 19
33880 0
34209 19
34282 0
34437 18
34854 19
34978 0
35102 21
35430 18
35475 0
35601 19
35912 0
35972 21
36010 21
36253 0
36470 18
36475 0
36677 19
37012 0
37391 21
37454 21
37459 0
37509 21
37722 0
37728 21
37878 18
38030 19
38109 21
38240 0
38589 19
38767 19
38814 0
38902 18
38960 0
39107 18
39606 0
39611 18
39662 0
39781 18
40013 0
40028 21
40102 0
40318 18
40351 21
40402 0
40404 19
40445 18
40662 21
40852 0
40871 19
40884 0
40963 19
41072 0
41221 19
41357 0
41470 18
41810 0
41860 19
42325 0
42352 21
42396 0
42454 19
42619 19
42736 0
42765 18
42825 18
42894 0
42968 19
43203 0
43438 21
43443 18
43651 0
43846 19
43971 0
44062 21
44111 0
44268 21
44652 0
44721 19
44733 0
44739 19
44786 0
44788 18
44797 0
44913 19
45000 19
45270 18
45498 18
45526 0
45592 21
45658 0
45735 18
45755 0
45767 18
45773 0
45775 19
46057 0
46103 21
46251 0
46266 19
46316 19
46564 19
46581 0
46666 21
46943 18
46987 21
47189 0
47209 19
47246 0
47298 21
47499 0
47719 19
47767 0
47890 19
47897 0
47955 18
48004 0
48119 19
48250 0
48342 18
48518 0
48694 19
48906 0
49227 19
49354 0
49389 18
49402 18
49499 0
49711 21
49714 0
49763 19
49973 0
50035 19
50045 0
50194 19
50220 0
50233 19
50285 0
50317 19
50383 19
50535 0
50573 21
50589 21
50596 0
50741 21
50961 0
51070 21
51248 0
51484 21
51555 0
51713 19
51719 21
51844 0
52022 19
52141 0
52445 21
52626 0
53028 19
53092 18
53171 21
53299 0
53304 21
53456 0
53467 18
53508 0
53570 19
53959 21
54008 0
54018 18
54143 19
54191 0
54291 19
54509 0
54588 21
54614 0
54870 18
54889 19
55070 0
55154 18
55280 0
55317 19
55321 0
55452 19
55579 19
55589 0
55765 19
55779 0
55793 21
55802 19
55921 19
55935 19
56049 0
56128 19
56424 21
56525 0
56839 19
56904 19
57054 19
57481 19
57739 0
58188 19
58233 0
58426 18
58536 18
58734 0
58891 19
59050 0
59121 21
59188 0
59197 19
59260 18
59451 0
59464 21
59485 0
59574 21
59608 0
59671 19
59839 21
59862 0
59942 19
60208 0
60302 19
60445 0
60581 21
60904 0
60928 19
60934 18
61031 0
61351 18
61615 21
61616 0
61619 19
61752 18
61908 0
62034 19
62287 18
62400 0
62623 19
62887 0
62966 19
63118 19
63134 0
63602 21
63608 0
63741 21
63772 0
64072 19
64111 0
64201 18
64462 21
64813 19
64884 21
65000 0
65001 18
65035 0
65050 21
65155 0
65278 21
65474 0
65505 19
65707 0
65767 18
65793 0
65826 19
65872 0
65897 21
66034 0
66093 21
66882 0
67125 19
67375 0
67489 19
67538 0
67568 19
67806 0
67826 19
67876 0
67886 21
67950 0
67960 19
68216 0
68334 19
68417 19
68448 0
68613 18
68712 21
68730 0
68834 21
69098 0
69228 21
69414 18
69418 0
69437 19
69590 21
69709 0
69827 18
69967 0
69991 21
70474 0
70555 21
70779 0
70786 19
71022 19
71027 0
71054 21
71067 0
71110 19
71461 21
71573 0
71661 19
71817 0
71949 19
72069 18
72188 19
72223 19
72272 18
72293 0
72348 21
72355 0
72372 21
72392 0
72725 19
72815 0
73185 18
73189 0
73384 18
73605 0
73847 19
73860 0
73875 21
74030 0
74125 18
74227 19
74325 21
74365 0
74447 19
74526 0
74572 21
74589 19
74643 0
74674 19
74684 0
74699 21
74726 0
74887 19
75124 18
75210 0
75338 21
75448 0
75515 18
75566 0
75741 18
75764 0
76053 21
76237 19
76244 18
76255 0
76718 19
76776 0
77032 18
77175 0
77213 21
77385 0
77388 21
77487 0
77580 21
77616 19
77659 0
78402 18
78405 0
78581 18
78605 21
78717 0
79026 19
79072 0
79253 19
79341 0
79419 21
79483 0
79685 19
79791 0
79850 21
80098 18
80215 0
80705 19
80730 0
81171 18
81174 0
81374 21
81426 0
81494 18
82070 0
82114 19
82154 0
82445 21
83179 0
83412 19
83531 0
83635 18
83648 0
83759 19
83777 0
84025 18
84200 21
84327 0
84452 19
84624 0
84885 21
85155 19
85173 0
85211 18
85221 21
85297 0
85442 21
85451 19
85534 0
85659 19
85721 0
86002 18
86718 0
86869 19
86934 0
87140 19
87304 0
87457 19
87538 0
87563 18
87783 0
87870 18
87936 0
87959 19
87978 21
87981 0
88212 18
88419 0
88506 21
88532 21
88670 0
88749 21
88830 21
88960 18
89027 0
89302 18
89308 19
89362 0
89403 19
89798 18
89803 0
89844 18
89859 21
89909 0
90019 18
90058 0
90685 19
90706 0
90713 18
90751 0
90799 18
91018 0
91220 19
91263 0
91290 19
91590 0
91599 19
91882 0
92037 18
92191 0
92367 18
92426 0
92536 19
92828 0
92956 21
93263 19
93279 18
93282 18
93527 0
93591 18
93993 0
94019 18
94021 0
94040 18
94350 0
95071 18
95176 0
95224 18
95238 0
96183 18
96251 0
96340 21
96347 0
96359 18
96603 0
96631 21
96660 18
96753 0
96844 19
96883 0
96905 18
96961 0
96977 19
97145 0
97155 21
97208 0
97357 19
97660 0
97818 19
98073 0
98222 18
98325 0
98664 19
98689 0
98782 19
98953 0
99069 19
99093 0
99333 19
99371 0
99467 18
99547 0
566 events for 12
27 74
837 0
1145 43
1419 56
1451 0
1690 40
2001 0
2532 43
3870 56
4106 0
4250 41
4301 0
4370 43
4371 0
4972 74
4986 0
5140 63
5317 0
5697 40
5725 0
6027 74
6495 0
6782 43
7131 74
7598 40
7621 0
7630 74
7802 0
7949 56
8036 0
8082 40
8218 0
8557 63
8564 0
8569 43
9819 0
9941 74
10164 74
10206 0
10550 43
10849 0
10860 77
10872 0
11129 63
11587 0
11940 74
12099 63
12112 43
12618 0
13500 63
13514 0
13780 74
14018 43
14063 77
14080 40
14118 0
14240 43
14300 0
14476 74
14709 40
14748 0
15019 56
15020 0
15065 77
15103 0
15311 77
15914 0
15995 74
16166 43
16274 74
16295 0
16384 43
16510 0
16684 41
16878 0
17004 40
17156 0
17187 40
17234 0
17294 56
17434 0
17443 56
18058 0
18096 77
18181 77
18340 0
18490 41
18764 63
19234 0
19294 41
19497 77
19826 56
19852 0
20026 41
20134 0
20329 56
20370 0
20669 77
21327 0
21355 74
21371 0
21539 63
22133 0
22247 43
22446 0
22544 41
23358 40
23365 41
23509 0
23864 63
23964 43
24242 0
24289 41
24567 0
24718 43
25485 0
26086 74
26162 0
26470 63
26533 0
26735 77
26737 0
26797 41
26919 0
26997 41
27076 77
27083 40
27116 0
27200 40
27566 0
27571 77
27580 0
27766 56
28016 0
28120 40
28418 43
28426 0
28537 56
28583 0
28588 63
28736 0
28913 56
28952 0
29218 41
29384 0
29394 74
29479 0
29555 56
29586 0
29825 41
30016 40
30101 0
30139 41
30231 0
30244 43
30581 43
30676 0
30919 40
31011 0
31024 63
31180 0
31857 77
31944 0
31992 56
32008 0
32074 43
32257 0
32266 77
32300 0
32607 40
32747 0
32967 41
33054 0
33521 74
33652 41
33666 40
33938 0
34199 77
34260 0
34371 63
34436 0
34544 63
34690 0
35036 43
35198 74
35483 40
35603 0
35711 43
35963 0
36123 74
36279 0
36402 63
36445 0
36640 63
36807 0
37007 41
37019 0
37064 63
37269 0
37439 40
37476 43
37605 56
37789 41
37883 74
38109 56
38326 0
38550 40
38776 0
39197 56
39218 0
39559 77
39726 77
39991 0
40053 43
40093 77
40682 74
40755 56
40863 0
41053 43
41202 43
41277 74
41519 77
41751 0
41754 41
41853 0
41970 43
42057 0
42256 40
42949 0
43118 63
43282 0
43332 40
43481 40
43557 0
43732 41
44013 0
44019 63
44365 56
44450 0
44555 41
44641 0
44976 41
44993 56
45734 43
45742 74
45776 40
46035 0
46085 63
46251 41
46298 0
46429 63
46431 0
46495 41
46856 0
47151 77
47201 0
47365 56
47709 0
47768 40
47851 74
47950 0
48154 56
48264 0
48319 43
48452 0
48496 41
48597 0
48625 74
48672 0
48851 74
48857 0
49049 63
49161 74
49304 74
49449 0
49833 74
50066 41
50606 40
50785 0
50837 43
50969 0
51075 40
51200 0
51268 63
51320 0
51702 43
51798 0
51945 74
52353 0
52456 43
52517 0
52579 63
52798 0
52889 56
53240 0
53292 77
53499 41
53623 0
54054 43
54073 0
54507 74
54558 0
54669 63
54738 0
54966 40
55253 0
55544 74
55698 0
55969 41
56273 56
56284 40
56823 0
57868 40
58018 0
58119 63
58155 0
58159 56
58170 0
58434 63
58670 0
58985 43
59161 0
59743 43
59770 0
60051 41
60090 0
60093 63
60210 56
60240 0
60244 77
60422 43
60435 40
60673 74
61123 41
61271 0
61323 41
61342 63
61533 0
61637 41
61724 41
62196 0
62410 63
62587 0
62643 41
62755 43
63157 41
63213 40
63223 0
63504 56
63721 0
63825 63
63881 0
64101 74
64360 0
64405 40
64621 0
64749 56
64781 0
64863 74
64999 0
65583 56
65588 0
65708 63
65741 0
65775 43
65817 43
65831 0
66146 63
66359 0
66377 43
66618 0
66756 77
66791 0
66945 43
67092 0
67284 77
67796 0
67922 40
68188 41
68203 0
68803 56
68835 0
69246 41
69573 0
69644 40
69690 56
69838 56
70043 43
70328 0
70580 74
70798 0
70853 77
71007 0
71009 43
71452 0
71710 40
71945 0
72343 40
72634 56
72862 0
73253 43
73308 0
73516 77
73753 0
73886 74
73934 0
73947 74
74030 0
74047 74
74114 77
74121 41
74342 0
74572 40
74760 43
74794 0
74998 41
75033 0
75044 41
75089 0
75094 77
75205 0
75283 40
75315 56
75331 0
75514 43
76035 0
76266 56
76546 43
76730 0
76737 56
76797 63
76841 0
76855 56
76923 0
77349 63
77367 0
77388 56
77389 0
77405 56
77534 0
77587 43
77775 41
77954 0
78104 43
78107 0
78384 77
78558 43
78575 41
78636 0
79328 43
79450 0
79686 77
79779 0
80262 77
80391 0
80500 43
80516 0
80632 63
80798 63
80868 0
80885 74
80898 0
81054 43
81343 63
81796 0
81806 43
82105 41
82537 0
82879 56
83146 0
83428 43
83546 0
83618 41
83679 0
84494 40
84600 0
84721 77
85397 56
85443 0
85525 63
85544 0
85713 43
85898 0
85914 74
86349 0
86492 77
86860 0
86901 56
87022 41
87042 0
87066 40
87483 0
87508 56
87579 43
87700 0
87968 63
88216 74
88310 56
88401 40
88408 0
88468 43
88523 77
88859 41
88891 0
89611 43
89821 0
89937 41
90158 0
90550 43
90702 0
90732 56
90763 56
90900 56
91052 41
91286 0
91405 74
91488 0
91771 40
91899 0
91978 56
92229 0
92713 74
92887 0
92913 63
92982 74
93009 0
93243 63
93309 0
93761 63
94039 0
94176 56
94315 0
94436 40
94668 0
94837 63
95005 0
95113 40
95292 0
95313 74
95359 0
95419 77
95595 0
95771 41
96004 63
96010 77
96395 56
96825 0
96990 63
97134 0
97239 56
97613 63
97747 40
97748 0
97845 56
97859 0
97915 43
98034 0
98445 74
98684 0
98877 41
98889 0
99261 63
99298 0
99348 56
99696 0
99898 41
230 events for 13
1147 34
1535 47
2020 0
2897 54
3580 0
3655 34
4091 25
4408 0
5449 34
5456 0
5582 25
6605 47
7001 0
7116 25
7403 0
7513 54
7625 0
7846 54
8007 25
8718 0
8719 56
9010 25
9077 0
9149 47
10882 0
11012 60
11302 25
11662 25
11675 0
12602 60
12688 56
12857 0
12948 47
13119 0
13763 34
14468 0
15313 34
15375 0
15703 54
17573 0
17625 25
17867 35
18278 0
18654 54
18687 0
19394 60
20015 0
22000 25
22675 60
22861 0
23121 47
23190 60
24018 0
24708 25
25222 34
25804 0
25891 54
26211 0
26893 35
28507 25
28644 0
29491 25
30118 25
31239 0
31662 34
31689 0
32143 25
32721 54
33078 35
33432 54
33481 0
33500 54
33520 0
33537 25
33757 0
34009 56
34094 0
34262 25
34355 47
34392 0
35119 54
35197 54
35608 0
36886 56
38914 0
39036 47
39227 0
39289 34
39771 0
40633 25
41324 34
41995 0
42314 25
42589 25
42616 0
42754 25
43728 0
44654 54
45333 0
45830 35
46380 34
47599 47
48585 47
48779 25
49219 0
49654 25
49891 0
50095 34
50791 0
50928 25
50988 0
51839 34
52133 0
52310 54
52536 0
52609 47
53093 0
53382 25
54346 0
54462 56
54498 25
54860 0
55363 34
55582 0
55598 35
55722 0
56401 34
56788 0
57005 54
57134 0
58230 35
59019 0
59066 54
59987 0
60222 60
60525 0
60633 47
61067 25
61344 0
61962 54
62057 0
62156 60
62571 0
62776 47
63077 0
63567 54
63846 0
63987 47
64841 0
65660 56
66188 0
66483 54
67229 54
68430 47
69062 0
69339 25
69467 0
69560 54
69879 54
69982 0
70580 25
70825 0
70874 60
71808 25
71945 0
72013 56
72132 60
72212 25
72270 0
72539 47
73234 60
73245 60
73247 60
73333 25
73822 0
74427 25
74583 0
74655 54
75431 0
75948 54
76071 0
76207 56
79003 35
79134 54
79749 0
80038 56
80228 0
80378 25
80550 0
80750 47
81113 0
81857 56
82059 0
82108 60
82250 0
82709 47
83759 0
84154 25
85842 0
86018 56
86408 0
86905 54
87359 0
87559 60
87685 0
89037 56
89670 35
89685 0
90147 56
90398 0
90515 25
91075 54
91267 0
91821 35
92246 0
93066 56
93189 25
95022 25
95322 0
95513 25
95873 0
95962 34
96644 0
97507 56
97693 0
98188 25
98367 0
99350 47
99669 25
99709 35
770 events for 14
548 61
772 0
931 63
957 61
999 63
1125 0
1215 61
1229 0
1243 63
1398 61
1470 61
1486 0
1713 61
2008 0
2219 63
2338 63
2432 0
2628 61
2666 0
2799 61
2854 0
2998 61
3013 0
3042 61
3084 0
3126 63
3194 0
3267 61
3465 61
3704 0
3757 63
4143 0
4448 63
4701 0
4881 63
4920 0
4969 61
5018 0
5048 63
5133 61
5286 0
5336 61
5354 0
5375 61
5505 0
5598 63
5629 63
6015 0
6203 61
6211 0
6677 61
6791 63
6806 63
6833 61
6845 61
6854 63
6865 63
6999 61
7286 0
7369 61
7464 61
7586 63
7662 0
7704 63
7861 0
7988 63
8033 63
8097 63
8188 0
8286 63
8682 0
8736 61
8757 63
8933 0
9104 61
9314 0
9470 63
9504 0
9562 61
9858 0
9919 61
9936 61
9963 0
9995 61
10178 0
10186 61
10223 0
10504 63
10505 0
10685 63
10721 0
10773 63
10791 0
10828 61
11123 0
11135 63
11418 0
11533 63
11559 0
11724 63
11732 0
11745 61
11795 0
12546 63
12717 0
12883 61
12915 0
12986 63
13006 0
13027 61
13121 0
13473 61
13568 0
13673 63
13718 0
14042 63
14062 0
14143 61
14154 0
14430 61
14593 61
14801 61
14864 61
14946 61
15058 61
15490 0
15608 61
15960 0
16361 63
16391 0
16730 61
16806 0
16808 61
17070 0
17158 63
17226 63
17447 61
17570 0
17681 63
17703 0
17777 61
17920 0
17926 63
17987 0
18009 61
18031 0
18272 61
18418 0
18451 63
18590 61
18905 0
19174 61
19260 0
19352 63
19390 0
19441 63
19524 0
19964 63
20008 61
20128 0
20430 61
20575 0
20652 61
20731 0
20885 61
21323 0
21343 63
21347 0
21413 63
21458 63
21517 0
21728 63
21963 0
22021 61
22165 0
22554 63
22604 0
22647 61
22666 0
23029 63
23137 0
23595 61
23641 0
23733 63
23743 0
23788 61
23842 63
23910 61
24100 61
24236 63
24466 0
24778 61
24825 0
25015 61
25266 0
25455 61
25462 63
25797 0
25807 61
25869 0
25954 63
26250 0
26507 61
26619 63
26691 0
26787 63
27076 0
27299 61
27340 0
27508 63
27545 0
27614 63
27700 0
27780 63
28052 63
28081 0
28353 63
28366 63
28424 0
28577 63
28599 61
28693 0
28982 61
29183 63
29306 63
29425 0
29494 61
29666 61
29671 0
29778 61
29784 0
30125 63
30183 0
30355 63
30381 0
30618 63
30885 0
31209 63
31620 61
31621 61
31679 61
32029 0
32523 63
32528 61
32836 0
32968 61
32996 63
33055 61
33395 63
33496 0
33585 61
33639 0
33700 61
33702 0
33928 63
34026 0
34027 61
34051 0
34087 61
34331 0
34377 61
34494 0
34645 63
34665 0
34805 61
34892 0
35020 61
35995 0
36010 63
36050 0
36140 63
36220 0
36304 61
36687 61
36749 0
36788 61
36917 61
36933 0
36962 61
37037 0
37068 61
37130 0
37263 61
37336 63
37352 0
37361 61
37402 63
37517 63
37539 61
37791 0
37908 61
38219 0
38316 63
38383 0
38413 61
38472 63
38830 0
38969 61
39029 0
39184 61
39259 0
39305 61
39357 0
39483 61
39609 0
39698 61
39738 63
40110 0
40300 61
40313 0
40573 63
40623 61
40991 0
41095 61
41365 63
41498 0
41609 61
41662 0
41710 63
41790 0
41850 63
41906 0
41907 61
42704 61
42708 63
42727 0
43041 61
43053 0
43091 63
43124 63
43217 61
43498 0
43517 63
43774 0
43871 63
43879 0
43968 63
44109 0
44155 63
44225 0
44291 63
44410 0
44667 61
44709 63
45038 0
45123 61
45156 61
45256 0
45315 63
45343 0
45360 61
45373 0
45465 63
45652 61
45690 0
45737 63
45750 61
45913 0
46058 63
46172 63
46646 61
46653 0
46658 63
46857 61
46881 0
46929 63
47355 0
47376 61
47433 63
47501 0
47597 63
47890 0
47936 61
47968 61
48052 61
48070 0
48083 63
48163 0
48188 61
48547 0
48917 61
48919 61
48920 0
48955 61
48983 0
49053 61
49091 0
49115 61
49170 0
49428 63
49433 0
49612 61
49973 0
49993 61
50117 0
50390 63
50499 0
50644 61
50664 63
50908 0
50966 63
51249 61
51553 0
51622 61
51694 0
51982 61
52012 61
52113 0
52380 63
52527 0
52540 63
52557 63
52679 0
52682 63
52684 0
52722 61
53132 61
53164 0
53306 63
53541 0
53796 61
53939 0
54046 63
54069 63
54171 61
54174 61
54329 0
54487 63
54563 63
54647 63
54699 63
54739 0
54793 61
54841 61
54923 0
54956 61
55075 63
55167 63
55274 63
55358 63
55434 61
55467 0
55573 63
55669 63
55780 0
56189 61
57198 61
57238 0
57305 63
57358 0
57640 63
57788 61
57819 0
57823 61
57943 0
58104 63
58192 61
58329 0
58683 63
58703 0
58712 63
58782 0
58795 63
59159 0
59209 61
59319 0
59447 63
60036 61
60192 63
60309 61
60434 61
60770 63
60798 61
61076 0
61169 63
61375 61
61530 0
62045 63
62355 0
62548 61
62594 0
62856 63
62903 0
62939 63
62978 61
63045 61
63461 0
63647 63
63779 0
64134 63
64174 0
64249 61
64441 0
64863 61
65058 0
65818 61
65840 0
66002 61
66074 0
66210 61
66418 63
66527 0
66532 63
66697 0
66744 61
66776 0
67110 61
67356 0
67671 61
67729 0
68056 61
68277 0
68300 61
68366 63
68499 0
68646 61
68719 0
68728 61
68797 0
68906 61
68990 0
69299 63
69352 61
69436 63
69471 63
69538 0
69557 63
69611 61
69624 63
69828 61
69882 61
70175 0
70259 61
70480 0
70521 61
70535 63
70605 63
71001 0
71129 63
71259 0
71391 63
71475 63
71564 0
71682 63
71999 0
72078 63
72115 0
72159 63
72310 0
72331 61
72376 0
72412 63
72464 0
72479 61
72693 0
72785 61
72816 0
72978 61
72990 0
73028 63
73220 0
73401 63
73827 0
74153 63
74499 0
74500 61
74503 63
74600 0
74715 61
74875 61
75099 61
75173 0
75247 63
75302 0
75345 63
75748 0
75760 61
75864 0
75884 63
76245 61
76400 63
76487 61
76629 0
76641 63
76725 0
76785 61
77039 0
77268 61
77306 0
77441 63
77654 61
77895 0
77973 63
77992 0
78099 63
78139 0
78268 63
78281 0
78348 61
78485 61
78501 61
78630 0
78741 61
78862 0
78909 61
78965 63
79004 0
79075 63
79397 0
79802 61
79912 0
80013 61
80158 0
80235 63
80444 0
80469 63
80496 0
80502 63
80522 0
80611 63
80926 0
81137 61
81239 61
81357 0
81362 63
81375 0
81411 63
81586 0
81588 63
81659 63
81689 0
81697 63
81754 0
81810 63
81839 61
81938 0
81989 63
82032 61
82035 0
82093 61
82232 0
82422 61
82482 0
82563 61
82565 0
82589 63
83002 63
83173 0
83214 63
83276 0
83352 63
83585 0
83648 63
83998 0
84059 61
84112 0
84177 63
84480 0
84538 63
84702 63
84846 0
85102 61
85179 61
85307 0
85390 63
85482 63
85498 0
85516 61
85521 0
85913 63
86026 0
86342 61
86355 0
86737 61
86955 0
87011 63
87077 61
87227 0
87294 61
87388 61
87425 0
87484 61
87524 0
88233 61
88237 63
88252 0
88541 63
88882 61
88911 0
88976 61
89042 61
89058 0
89183 63
89391 63
89408 61
89458 0
89617 63
90011 0
90022 63
90107 0
90681 61
90721 61
90819 0
90948 63
91129 0
91863 63
91873 63
92179 0
92395 61
92584 63
92799 0
93152 61
93195 0
93410 61
93436 0
93461 61
93488 0
93526 63
93695 0
93779 63
93843 61
94211 61
94233 0
94478 61
94563 61
94613 0
94786 63
95007 63
95132 0
95143 61
95219 0
95460 61
95492 0
95603 63
95687 0
95813 61
95993 63
96047 0
96252 63
96437 61
96465 0
96568 63
96579 61
96762 0
96789 61
96835 63
97035 0
97084 61
97117 0
97269 63
97287 0
97378 61
97395 63
97550 0
97787 61
98194 0
98208 61
98230 0
98700 61
98821 0
98905 61
98951 0
99024 61
99203 0
99287 61
99297 0
99551 61
99574 0
99761 61
99903 0
811 events for 15
0 70
105 0
145 43
369 0
447 62
520 0
706 62
851 19
864 0
865 62
899 0
937 19
1046 0
1198 19
1571 0
1585 62
1741 0
1936 19
2009 0
2183 19
2543 0
2787 47
2827 0
2930 19
2946 0
2957 43
3117 84
3139 0
3218 47
3566 84
3573 0
3593 27
3754 0
3809 84
3901 0
4092 62
4208 47
4301 0
4446 43
4597 0
4647 84
4888 19
5078 0
5269 47
5396 0
5584 36
5620 0
5769 43
6089 0
6275 62
6591 0
6613 19
6615 0
6700 36
7112 0
7275 62
7383 0
7591 84
7813 0
7862 47
7881 43
7898 0
8183 27
8270 0
8341 70
8343 62
8438 0
8556 47
8930 36
9012 0
9033 84
9040 0
9136 62
9276 0
9480 70
9512 36
9556 0
9746 19
9768 70
9887 0
10151 19
10237 0
10452 84
10625 36
10748 0
10855 43
11111 0
11337 43
11451 70
11654 0
11718 36
11883 62
11887 0
12192 27
12462 0
12706 43
12913 0
13015 43
13082 0
13171 27
13221 0
13268 70
13294 0
13381 84
13494 0
13684 62
13994 0
14211 19
14406 0
14463 70
14522 47
14797 0
14899 62
14985 19
15106 0
15117 70
15346 47
15373 27
15384 0
15567 36
15581 19
15597 0
15679 47
15991 47
16090 0
16187 84
16701 0
17026 84
17182 0
17447 84
17586 0
17775 19
17859 0
17912 43
17950 0
17959 19
18006 0
18155 62
18161 0
18185 84
18246 0
18341 36
18629 0
18736 47
18746 27
18945 0
18987 62
18997 0
19028 62
19110 0
19323 47
19511 0
19797 62
19887 0
19979 27
20049 0
20060 70
20261 43
20320 19
20401 0
20464 84
20492 0
21002 84
21052 0
21149 62
21164 0
21355 43
21370 0
21396 84
21442 0
21477 36
21528 0
21576 84
21579 0
21629 27
21773 0
21930 47
22220 0
22242 84
22243 0
22341 27
22369 36
22468 0
22486 47
22627 0
22655 43
22694 0
22785 43
22901 70
23028 70
23109 62
23117 0
23276 70
23286 0
23474 36
23688 0
23786 27
23807 0
24151 62
24390 0
24401 47
24747 0
24885 47
25097 0
25111 70
25382 0
25458 62
25618 19
25717 0
25728 19
25858 0
25960 84
26039 0
26063 47
26195 0
26730 19
26899 0
26983 43
27009 0
27223 62
27295 0
27568 36
27676 43
27692 0
27768 43
27881 0
27953 27
28042 84
28048 0
28162 43
28223 0
28411 84
28652 0
28678 70
28679 43
28762 19
28806 36
29041 0
29341 84
29369 0
29386 36
29423 0
29535 27
29548 0
29566 27
29694 0
29922 43
29989 0
30045 19
30088 0
30419 43
30471 0
30526 84
30613 0
31156 47
31217 0
31232 27
31404 70
31781 43
31911 0
32013 27
32155 47
32291 62
32493 0
32688 43
32998 19
33028 0
33089 70
33152 0
33263 43
33285 62
33480 19
33586 0
33588 27
33758 36
33951 0
34146 27
34232 0
34248 27
34313 0
34831 19
34956 0
35204 19
35231 0
35313 47
35512 0
35617 47
35735 0
35751 84
35759 0
35839 36
35897 0
35989 19
36061 0
36126 36
36529 0
36835 47
37199 0
37373 27
37455 47
37709 0
37952 27
38179 0
38219 43
38682 0
38796 27
38984 70
39062 0
39419 27
39475 0
39773 84
39801 36
39922 0
40100 19
40168 0
40179 19
40533 0
40589 62
40608 0
40934 27
40959 0
41091 19
41239 0
41350 84
41443 0
41495 47
41536 0
41834 27
41903 0
42038 36
42283 0
42382 36
42470 0
42509 27
42524 62
42766 0
43011 36
43242 0
43257 19
43309 0
43318 70
43467 0
43470 84
43503 0
43583 36
43899 84
44114 0
44285 70
44395 0
44472 47
44957 0
44958 84
45158 0
45258 43
45348 0
45353 47
45396 0
45458 62
45481 0
45577 36
45616 0
45732 84
45797 0
45956 84
45977 0
46013 47
46214 0
46240 70
46336 0
46801 43
46891 0
47073 47
47164 62
47226 43
47465 0
47745 19
48076 47
48332 0
48375 47
48519 0
48534 70
48555 0
48605 84
48642 0
48717 70
48722 0
48762 84
48915 0
49327 19
49404 0
49667 43
49862 0
49980 43
50196 0
50313 84
50316 62
50428 0
50514 36
50835 0
50896 19
50919 0
50992 43
51075 0
51216 70
51225 47
51829 36
51906 0
51935 27
51938 0
51941 36
51966 84
52039 70
52161 19
52409 0
52506 70
52875 0
53077 19
53424 19
53466 0
53641 36
53780 62
53824 0
53939 19
54165 0
54226 84
54499 0
54643 19
54705 19
54741 62
54922 0
55190 19
55205 70
55620 84
55631 0
55780 84
55890 27
55914 27
56206 0
56248 47
56352 84
56369 0
56372 27
56392 47
56422 0
56586 62
56754 0
57000 47
57074 0
57109 84
57295 0
57384 70
57475 27
57514 0
57538 84
57592 0
57636 84
57701 0
58062 70
58619 0
58677 43
58810 0
58915 62
58987 70
59007 62
59038 0
59161 70
59382 0
59441 84
59595 36
59639 0
59764 19
59805 0
59954 36
59992 0
59994 84
60420 0
60431 47
60477 0
60586 27
60714 0
60949 70
61044 70
61064 0
61433 43
61440 0
61500 27
61516 19
61573 0
61677 47
61702 0
61725 47
61777 0
61795 43
61798 0
61831 47
61848 0
61880 19
62260 0
62335 36
62344 62
62461 0
62599 84
62763 0
62783 19
62817 0
62855 84
62859 43
63240 0
63405 70
63637 0
63661 27
63769 0
64072 43
64102 0
64118 36
64149 0
64272 70
64291 0
64319 70
64486 0
64500 84
65103 0
65108 19
65169 0
65325 36
65492 0
65661 62
65737 0
65752 36
65858 0
66384 43
66618 0
66630 43
66694 36
66833 0
66999 19
67048 0
67251 62
67269 0
67318 19
67658 0
67717 62
67815 43
68148 19
68417 84
68495 0
68546 36
68628 0
68819 19
68867 19
68886 0
68964 19
69807 0
70108 62
70120 0
70271 70
70650 62
70703 84
70780 70
70831 0
70835 19
71013 0
71173 84
71274 0
71709 27
71861 0
71916 27
71929 36
72214 0
72294 62
72394 19
72485 0
72567 47
72690 0
72819 19
72849 36
73064 84
73170 0
73307 43
73372 0
73400 19
73418 0
73536 84
73603 0
73676 27
73848 0
74022 62
74318 70
74480 0
74726 19
74898 27
75322 0
75526 19
75531 0
75589 70
75638 0
75651 70
75696 0
75821 70
75835 0
75898 27
75968 0
75983 70
75992 27
76121 0
76213 27
76232 0
76356 47
76377 0
76410 19
76543 47
76552 0
76621 43
76648 0
76874 43
76902 0
76945 36
76993 62
77074 0
77119 70
77332 0
77466 36
77618 43
77696 0
77750 36
77765 62
77775 43
77778 0
77936 36
78191 0
78977 47
79067 62
79078 27
79231 0
79234 62
79461 62
79465 0
79564 47
79896 47
80169 0
80447 19
80567 47
80587 0
80638 62
80682 0
80893 84
80914 0
81039 62
81127 0
81189 70
81234 0
81351 62
81646 47
81683 0
81887 19
81891 0
81901 19
81972 0
82075 84
82297 0
82337 27
82349 27
82590 0
82663 43
82726 0
82752 62
82903 43
83065 0
83151 70
83189 0
83234 70
83321 70
83372 47
83618 47
83728 70
83782 0
83858 47
83925 0
84040 70
84125 0
84293 47
84413 0
84498 19
84520 0
84532 84
84676 0
84751 36
84794 0
84917 62
84950 36
84951 70
84986 0
85055 19
85136 0
85304 62
85455 0
85729 27
85781 84
85976 43
86009 0
86363 43
86663 0
86791 62
87244 0
87261 36
87390 47
87533 0
87542 47
87631 0
87749 47
87757 43
87878 0
87898 43
87990 0
88077 47
88126 0
88129 84
88954 0
89056 36
89097 36
89191 0
89359 84
89490 0
89587 19
89792 62
89800 47
90014 0
90063 19
90198 0
90236 62
90692 70
90870 0
90999 36
91133 0
91239 84
91440 70
91444 0
91456 62
91513 43
91658 0
92018 62
92207 0
92599 62
92734 19
92875 0
93246 43
93249 27
93261 47
93356 0
93484 19
93563 0
93621 43
93747 0
93825 19
93844 0
94007 36
94077 36
94141 0
94187 62
94303 27
94432 0
94515 84
94551 0
94602 27
94746 0
95020 70
95113 0
95249 27
95297 0
95432 27
95440 0
95458 36
95507 27
95521 27
95581 0
95604 70
95608 0
95637 36
95891 0
96024 84
96369 27
96377 43
96612 0
96713 70
96739 43
96814 47
96851 36
96871 0
96887 19
96942 84
97004 0
97334 43
97400 0
97624 70
97666 70
97706 0
97748 27
97821 70
98187 0
98278 27
98302 0
98372 47
98506 0
98932 47
99060 0
99141 19
99368 0
99489 84
99583 70
99719 70
99856 70
