8 buffers
625983 41570
437137 26324
272908 34751
413196 14013
324576 54400
523433 35303
744859 82637
478299 33411
20 downlinks
0 750 5000 291
1 5750 10000 338
2 10750 15000 355
3 15750 20000 263
4 20750 25000 299
5 25750 30000 307
6 30750 35000 369
7 35750 40000 270
8 40750 45000 262
9 45750 50000 335
10 50750 55000 341
11 55750 60000 322
12 60750 65000 335
13 65750 70000 314
14 70750 75000 374
15 75750 80000 309
16 80750 85000 287
17 85750 90000 360
18 90750 95000 325
19 95750 100000 320
285 events for 0
538 80
1210 75
3490 0
3814 58
4454 0
4591 80
4731 0
4733 75
4993 0
5016 58
5103 0
5119 58
5433 29
6345 0
6882 58
7657 0
8005 58
8356 0
8390 43
8698 0
8729 27
8865 0
9353 27
9415 0
9606 58
11532 0
11567 80
11973 0
12571 29
12900 0
12931 75
12965 59
13498 72
13635 0
13676 27
13844 0
14024 72
14685 75
14734 0
14891 29
15832 0
15878 80
16287 0
16568 62
16658 0
18269 29
18472 72
18628 0
18736 58
18786 62
19175 0
19424 58
19712 72
21331 29
21378 0
21382 72
21492 0
21708 62
21818 0
22772 72
23682 0
24029 27
24349 0
24372 72
24502 0
24609 59
24886 0
25241 75
25579 27
25621 0
25824 43
26286 0
26387 27
26469 0
27221 80
29273 0
29288 75
29584 0
29862 75
30027 0
30847 75
30916 0
31134 72
31188 0
32596 59
33545 62
33635 59
33757 0
33999 72
34087 0
34489 62
35380 0
35553 27
35562 0
35581 59
36175 0
37072 27
37669 0
38666 29
39327 75
39707 0
40419 62
41647 0
41815 43
42238 29
42565 0
42769 62
42774 0
42973 43
43679 72
43916 0
43999 80
44143 0
45027 58
45458 0
45665 62
45780 0
46353 62
46430 58
46561 0
46626 58
46655 43
48267 0
48518 27
48962 0
49423 27
49455 75
49733 58
49892 0
50112 80
50273 0
50456 72
50460 0
50765 29
51187 0
52231 75
52353 0
52379 80
52478 0
53149 75
53190 0
53330 43
53349 0
53945 43
54001 80
54866 0
55111 75
55119 29
55157 0
55409 80
55806 0
57266 72
57582 72
57638 0
57678 62
57708 29
57923 0
58370 80
58378 0
58502 27
58578 0
59276 43
59422 80
59965 0
60079 59
60518 0
61003 58
61421 72
61917 0
62225 59
62324 0
62433 58
62600 0
63024 72
63447 0
63944 62
64480 0
64669 62
65021 0
66552 27
66682 0
67196 58
67317 0
67651 75
67693 59
67791 0
68219 58
68225 0
68247 29
68249 0
69027 80
69243 0
69689 27
69896 0
69914 59
70340 0
70659 59
71055 0
71213 72
71379 0
71399 59
72262 59
72615 0
73652 27
74279 0
75272 43
75364 43
75832 0
75849 58
76029 0
77438 29
77721 0
77904 29
78155 0
78694 62
78929 0
79532 58
79850 0
80104 72
80199 0
80854 62
81186 27
81338 0
81368 27
81529 75
81709 0
81722 27
82019 0
82290 72
82695 0
82796 62
83439 80
83541 0
83625 59
83875 0
83957 29
84059 0
84777 80
85108 0
85178 80
86233 0
86264 58
86806 0
87034 43
87840 0
87883 29
88092 0
88154 80
88309 0
88374 43
88637 0
89246 80
89450 0
89587 62
89677 80
90138 0
90364 58
90684 0
92545 29
93128 0
93197 62
93465 0
93995 27
94353 27
94504 62
94553 0
94828 59
95165 58
95327 80
95525 0
95624 27
95670 75
96042 0
96043 80
96433 0
96503 59
97598 0
98013 27
98337 0
98351 59
98454 0
98786 62
98939 0
99409 75
99847 29
218 events for 1
124 73
1160 0
2873 73
2891 0
3256 73
3319 0
4224 73
4756 0
4885 73
5228 0
5327 73
5661 0
6434 73
6614 0
6952 73
7240 0
7837 73
8128 0
8259 73
9231 0
9599 73
9918 0
10245 73
10298 0
10940 73
10971 73
10987 0
11362 73
11580 0
11601 73
11961 73
12975 0
13130 73
13599 73
13996 73
14438 73
14810 0
14944 73
15165 0
15322 73
15496 73
15708 0
16072 73
16314 0
17605 73
18328 0
18370 73
19113 73
19674 0
20713 73
21112 0
21160 73
21228 73
21511 0
21911 73
22102 0
22295 73
22541 0
22938 73
23115 0
23136 73
23703 0
23909 73
24422 0
24948 73
26105 0
26966 73
27806 0
27882 73
28182 73
28949 0
29015 73
29424 0
30289 73
30782 0
31119 73
31705 0
32249 73
33079 0
33252 73
34493 0
34869 73
35427 0
35490 73
35555 0
35590 73
35650 0
36740 73
36925 73
36995 73
37419 73
38296 73
38933 73
39099 73
39312 73
39319 0
41098 73
41408 73
41514 0
41526 73
41915 0
42426 73
42643 0
42839 73
42842 73
43188 73
43472 0
43570 73
44094 0
44714 73
44730 0
44984 73
45108 73
45529 0
46235 73
46323 0
46668 73
47043 0
47405 73
47418 0
47908 73
48125 73
50188 0
50246 73
51215 73
51600 0
51640 73
52122 0
52455 73
52618 0
53899 73
54018 0
54460 73
54597 73
54669 0
55779 73
56162 73
56324 0
56778 73
57398 73
57448 73
58852 0
59319 73
60555 0
60906 73
61156 0
63084 73
63573 0
63792 73
64043 73
64321 73
64367 0
64619 73
64894 0
65323 73
65395 0
69025 73
69597 0
69751 73
69852 0
69922 73
69984 0
70111 73
71299 0
72615 73
73127 0
73679 73
74349 0
74686 73
75194 0
75306 73
75375 0
75855 73
76385 0
76582 73
76778 0
77168 73
78100 0
79783 73
80149 73
81104 73
81172 0
81895 73
83131 0
83176 73
83183 0
83965 73
85422 0
86055 73
86485 73
86959 0
87197 73
88083 73
88802 73
89038 0
89464 73
89502 0
89826 73
89985 73
90529 0
91158 73
91261 0
91505 73
91734 0
92036 73
93083 73
93499 0
93569 73
94979 0
96235 73
96257 0
96524 73
96861 0
97034 73
98076 0
98584 73
98896 0
99271 73
813 events for 2
176 40
209 50
221 0
227 40
319 0
620 38
635 36
653 0
857 50
1550 48
1600 0
1630 50
1760 0
1851 34
1891 48
1905 0
1941 40
2018 36
2031 0
2035 48
2089 50
2091 0
2177 62
2290 0
2423 62
2659 0
2788 48
2824 0
2968 48
3021 50
3067 0
3195 38
3250 0
3396 62
3664 0
3704 34
3789 0
3920 48
4176 0
4267 38
4348 0
4435 48
4677 0
4721 38
4994 0
5082 38
5271 0
5456 38
5461 0
5500 38
5740 0
5845 62
5880 48
6157 0
6271 50
6322 38
6596 50
6634 0
6785 40
6819 0
6985 38
7029 36
7032 0
7156 48
7465 0
7567 36
7639 0
7882 40
8130 48
8202 0
8310 48
8328 0
8342 62
8402 0
8599 48
8743 0
9051 38
9241 0
9322 34
9696 0
10183 50
10260 0
10265 62
10416 48
10463 0
10597 36
10638 0
10657 48
10781 0
11091 38
11139 0
11231 38
11249 0
11269 38
11359 0
11415 48
11584 0
11688 40
11700 62
11814 0
11889 36
12040 0
12046 38
12234 36
12272 0
12442 40
12494 62
12527 0
12682 40
12971 0
13090 38
13544 0
13570 36
13592 34
13601 0
13615 48
13674 0
13910 48
13995 36
14209 0
14714 48
14722 0
14896 40
15030 50
15102 0
15141 34
15235 0
15241 62
15294 0
15452 50
15598 36
15673 62
15764 0
15938 62
16052 0
16086 48
16255 48
16529 40
16669 0
16786 36
16842 0
16862 50
17193 0
17263 50
17487 0
17629 50
17749 36
17849 48
17865 40
17953 0
17958 34
18089 0
18090 36
18157 0
18317 48
18466 0
18516 62
18610 40
18734 0
18780 40
18998 62
19053 38
19412 0
19530 38
19536 40
19713 0
19850 62
20048 0
20257 40
20294 0
20424 50
20696 0
20855 48
20890 0
21015 38
22359 0
22541 38
22644 50
22669 0
22693 50
22774 0
22888 38
23444 0
23468 34
23496 0
23592 48
23640 0
23782 38
23811 0
23830 36
23946 48
24015 0
24039 62
24118 0
24249 36
24353 36
24509 0
24659 50
24771 48
24856 38
24945 0
25150 62
25407 0
25588 40
25634 0
25689 34
25706 0
26024 38
26345 0
26502 38
26524 0
26526 36
26543 40
26557 0
26565 38
26630 0
26683 48
26714 0
26902 38
26954 0
26987 34
27033 0
27097 62
27221 0
27248 36
27367 0
27616 50
28139 0
28182 40
28356 36
28380 0
28451 48
28459 0
28501 36
28644 0
28648 50
28824 34
28891 0
28928 38
28930 34
29046 0
29498 48
29530 0
29780 36
29793 0
29864 50
29928 0
30086 50
30089 0
30142 48
30328 0
30343 40
30738 0
30828 62
31041 0
31095 40
31145 0
31238 48
31257 0
31388 36
31510 0
31976 62
32020 0
32021 48
32026 36
32067 50
32134 0
32224 50
32580 0
32957 48
32994 0
33063 48
33164 0
33255 62
33681 34
33789 0
33893 34
33908 0
33943 48
34020 38
34255 0
34576 38
34613 34
34638 0
34948 34
34958 0
35059 34
35218 0
35240 38
35253 0
35304 40
35456 0
35612 48
35714 50
35826 38
35836 0
35842 40
35847 0
35895 38
36180 0
36754 48
36912 50
36942 40
37055 0
37468 50
37614 48
37668 0
37860 36
37900 0
38079 38
38432 0
38977 36
39134 0
39218 36
39391 0
39418 62
39492 0
39545 38
39609 0
39619 50
39651 0
39764 48
39876 62
40115 38
40143 0
40160 38
40309 0
40310 38
40332 0
40450 38
40669 0
40948 48
40958 0
41006 40
41009 0
41268 38
41839 0
41982 40
41986 0
42310 40
42366 36
42437 38
42463 0
42507 48
42549 0
42745 38
42800 0
43013 40
43124 0
43216 40
43269 0
43485 62
43595 0
43654 38
43711 0
43774 40
43825 48
43885 0
44002 50
44024 0
44060 38
44067 36
44100 50
44128 0
44456 34
45046 0
45174 38
45177 40
46003 62
46021 0
46123 36
46345 38
46458 40
46462 48
46492 40
46588 0
46631 40
46742 0
46943 50
46951 0
46980 34
47410 38
47492 0
47502 36
47568 0
47634 34
47705 0
47732 48
47781 0
47809 62
47969 0
48335 50
48363 36
48452 0
48784 38
48822 0
48871 48
48933 0
49192 40
49317 0
49337 38
49398 0
49537 38
49578 0
49884 36
49901 0
49942 34
50049 0
50053 48
50071 0
50368 62
50400 0
50482 38
50525 0
50563 40
50678 34
50691 0
50810 48
50874 0
50984 62
51280 0
51290 40
51370 0
51459 38
51969 62
51999 0
52004 40
52093 0
52200 34
52292 0
52317 50
52515 48
52644 34
52666 0
52973 48
53023 36
53382 40
53574 0
53719 40
53763 0
53856 38
54102 38
54187 0
54205 34
54238 0
54465 38
54549 0
54714 50
55065 0
55086 34
55098 34
55186 36
55209 0
55293 48
55437 34
55504 50
55593 0
55678 34
55786 0
55787 40
55879 62
56031 0
56070 48
56182 0
56242 34
56272 0
56387 36
56441 0
56481 50
56616 0
57025 40
57153 0
57228 36
57263 50
57264 0
57280 62
57499 0
57681 38
57778 0
57858 40
57934 0
58018 34
58080 0
58188 50
58222 0
58362 34
58476 0
58489 48
58505 0
58528 34
58629 0
58750 34
58913 0
58950 38
59001 0
59030 38
59274 0
59334 38
59356 0
59816 40
59974 48
60492 38
60527 0
60528 34
60585 48
60607 0
60768 36
61592 0
61840 62
61947 0
62294 38
62328 0
62459 62
62689 50
63025 38
63159 0
63189 50
63227 0
63337 38
63417 0
63523 36
63751 38
63803 50
63822 0
63991 36
64030 0
64235 48
64297 0
64320 36
64420 0
64515 34
64585 0
64774 48
64789 0
65000 34
65230 0
65233 36
65254 40
65370 48
65491 0
65564 62
65614 0
65639 38
65672 0
65812 38
65874 38
66093 0
66228 38
66348 62
66355 50
66383 50
66458 0
66500 38
67098 0
67100 38
67126 0
67167 40
67250 0
67467 38
67498 0
67795 62
67887 0
68043 48
68248 62
68479 0
68552 36
68573 0
68695 48
68978 36
69017 0
69072 38
69094 0
69152 38
69285 62
69289 0
69618 48
69922 0
69981 38
70065 0
70227 38
70556 0
70573 36
70692 48
70697 48
70760 0
70841 50
71189 36
71219 40
71227 0
71718 48
72352 0
72886 40
73075 38
73089 40
73163 38
73170 0
73356 34
73371 0
73397 48
73804 0
73988 38
74181 0
74203 40
74368 0
74471 38
74545 40
74702 50
74704 0
75189 48
75399 0
75431 38
75781 0
75786 48
75798 36
75814 50
75937 0
75990 38
76101 38
76345 0
76382 48
76421 0
76572 48
76579 0
76878 38
77112 48
77179 0
77281 62
77297 0
77302 38
77411 50
77412 62
77543 0
77572 36
77653 0
77710 50
77862 0
78015 38
78128 0
78561 62
78876 0
78922 40
79011 0
79276 50
79291 0
79389 40
79557 0
79608 36
79622 0
79630 62
79693 0
79887 38
79894 38
79959 38
79996 0
80001 36
80139 48
80373 0
80388 48
80714 38
80963 0
81153 40
81296 0
81381 62
81549 0
81637 40
81742 0
81989 34
82065 0
82455 48
82652 0
82775 62
83072 0
83179 38
83195 0
83205 48
83238 0
83442 38
83454 0
83566 34
83703 0
83944 50
84066 0
84298 62
84367 38
84574 0
84773 48
84900 0
84933 34
84989 0
85296 34
85364 0
85385 50
85438 0
85534 38
85620 38
85680 0
85747 38
86008 38
86044 0
86095 38
86120 0
86175 36
86225 0
86576 34
86622 0
86710 38
86798 0
87298 40
87424 48
87440 0
87451 36
87678 0
87994 38
88031 0
88338 62
88597 38
88831 0
88864 34
88926 0
89169 48
89206 50
89255 0
89464 34
89796 0
89967 38
89992 0
90048 48
90129 0
90168 38
90423 0
90431 36
90666 40
90843 38
90969 0
91318 50
91354 34
91395 38
91430 0
91504 62
91685 38
91754 0
91816 48
91833 38
91848 0
91906 50
91935 0
92059 38
92065 0
92209 36
92217 34
92511 0
92524 34
92609 40
92709 40
92823 0
92891 36
93061 0
93593 48
93646 40
93927 50
93968 0
93991 34
94198 0
94236 40
94248 62
94258 0
94539 38
94902 0
95090 38
95171 34
95243 0
95270 62
95318 40
95849 0
96170 48
96522 0
96688 38
96691 0
96703 36
96785 0
96933 36
97010 0
97316 50
97644 38
97834 62
97842 62
97987 0
98042 36
98046 0
98314 62
98317 0
98447 48
98501 0
98536 50
98619 0
98680 38
98761 0
98770 38
98891 0
99137 48
99200 0
99246 48
99258 48
99308 0
99327 48
99335 0
99526 40
99647 48
99707 0
99744 40
99772 48
99867 36
99923 0
702 events for 3
18 33
167 0
488 57
509 0
596 57
906 0
985 57
1028 0
1195 33
1275 57
1360 0
1696 57
1788 0
1945 33
2011 0
2082 42
2090 0
2153 57
2164 29
2427 60
2548 0
2565 48
2736 0
2966 48
3047 0
3458 57
3672 33
3911 0
4018 57
4122 0
4134 57
4192 0
4715 57
4773 0
4778 33
5022 0
5436 57
5628 29
5633 0
5669 48
5931 42
6285 57
6357 0
6497 57
6517 0
6650 57
6849 0
6896 33
6911 0
6942 57
6991 0
7025 57
7201 0
7284 42
7902 60
7986 0
8096 48
8244 0
8321 57
8708 42
9193 0
9511 48
9714 0
9791 33
10463 0
10592 42
10651 0
10718 29
10760 0
10770 33
10816 0
11095 48
11119 0
11175 60
11196 0
11350 33
11805 48
12037 0
12142 57
12286 0
12464 42
12561 0
12999 42
13052 33
13120 0
13233 57
13262 57
13296 29
13320 29
13406 48
13564 48
13751 33
13826 0
14179 48
14282 0
14461 33
14713 0
14857 29
15035 0
15073 57
15088 57
15218 0
15228 42
15255 0
15281 57
15323 57
15498 0
15719 29
15947 0
15966 29
15995 0
15996 42
16245 0
16298 42
16301 0
16463 60
16560 0
16578 29
16795 0
16827 57
17109 0
17114 29
17116 0
17315 60
17499 0
17508 29
17527 60
17689 0
17937 48
18063 0
18152 57
18276 0
18413 42
18594 0
18673 60
18684 33
18756 0
18788 57
18852 60
18882 33
19448 29
19922 0
20359 57
20851 0
20861 29
20935 0
21096 57
21191 0
21291 57
21463 0
21633 60
21752 0
21792 42
21822 48
22079 0
22099 33
22233 0
22523 57
22896 48
22986 0
23107 60
23221 0
23272 29
23443 29
23618 57
23708 0
23784 57
23785 0
24153 48
24263 0
24475 57
24971 0
25144 60
25150 0
25358 57
25401 0
25404 57
25617 0
25786 33
25801 0
25914 57
26101 0
26440 48
26804 42
27297 57
27331 48
27602 57
27604 0
27780 42
27863 0
27883 57
27994 29
28125 0
28399 42
28447 0
28474 42
28575 0
28704 33
28762 0
28858 60
29162 0
29179 48
29193 57
29263 0
29280 57
29455 0
29745 57
29763 42
29868 57
29958 0
30112 48
30234 57
30353 0
30533 57
30686 0
30708 60
30736 0
30806 33
30931 0
31074 57
31257 0
31924 42
31936 0
31998 42
32520 0
32624 57
32734 29
32743 0
32763 60
32842 0
32987 57
33046 60
33324 0
33549 33
33636 0
34065 57
34149 0
34241 57
34264 57
34393 0
34474 57
34569 0
34660 33
34734 0
34777 57
34863 48
34970 0
35161 57
35306 60
35356 0
35422 29
35432 0
35451 57
35473 0
35491 33
35721 42
35790 0
35827 57
35925 0
35965 57
36442 0
36481 48
36597 0
36618 60
36955 0
37590 42
37841 42
37868 0
37968 57
38081 0
38149 29
38247 0
38376 33
38535 60
38564 0
38573 60
38588 48
38997 33
39202 0
39450 57
39648 29
39757 0
39810 60
40236 0
40399 33
40763 0
40791 60
40989 33
41135 42
41208 0
41263 60
41593 57
41651 0
41723 42
42107 42
42253 0
42983 57
43056 48
43262 0
43311 29
43430 0
43577 57
43892 0
44027 57
44052 0
44369 48
44395 0
45006 42
45456 0
45482 48
45555 0
45648 48
45683 33
45695 57
46411 0
46878 33
47099 29
47103 0
47116 29
47161 0
47646 42
47716 0
47757 57
47805 0
47870 60
47913 0
47997 33
48256 0
48400 60
48636 0
48687 48
48700 0
48876 57
49173 57
49394 57
49509 57
49636 48
49727 0
49793 42
49843 0
49986 57
50112 0
50269 57
50275 33
50438 0
50499 29
50511 0
50643 29
50796 0
50808 33
50902 0
51064 33
51212 0
51465 33
51558 0
51654 57
51793 42
51952 0
52132 57
52238 33
52381 42
52433 57
52607 0
52673 29
52751 0
52758 42
52769 0
52915 60
52920 0
53099 33
53280 0
53309 48
53419 0
53440 57
53453 60
53560 0
54188 57
54359 57
54499 0
54743 60
54831 57
55291 0
55395 57
55489 0
55786 42
55925 0
56136 60
56316 0
56687 33
56960 0
57326 29
57495 33
57640 0
57765 48
57814 57
57908 0
58356 42
58471 0
58694 33
58864 57
58931 0
59022 33
59284 0
59306 57
59542 0
59632 48
59711 0
60178 29
60474 0
60510 57
60607 29
60694 0
60869 29
61057 0
61214 42
61369 0
61575 42
61706 0
61714 33
62353 57
62384 0
62677 33
63667 0
63734 60
63765 0
63788 42
63951 0
63964 29
64167 0
64168 57
64426 0
64506 48
64655 48
65210 0
65350 57
65389 0
65392 29
65626 0
65881 48
66186 57
66581 42
66649 57
66875 0
67034 48
67096 0
67180 29
67319 0
67321 57
67368 0
67397 57
67555 57
67666 0
68305 48
68397 0
68429 57
68512 0
68789 48
68793 0
68961 60
69301 0
69582 42
69622 0
70144 33
70170 29
70209 57
70244 57
70364 48
70798 0
71009 57
71389 0
71660 42
71672 0
71679 57
71774 0
71966 57
72285 48
72289 0
72306 33
72387 57
72400 0
72489 57
72603 0
72682 57
72723 0
72740 57
72789 0
72812 60
72871 60
73121 0
73473 42
73738 0
73743 57
73746 57
73786 0
73856 57
74021 0
74043 60
74071 0
74106 57
74314 57
74332 0
74738 48
74829 0
74844 57
74904 0
75133 29
75211 0
75262 29
75684 0
76256 57
76471 0
76533 42
76868 0
77061 42
77139 0
77201 33
77282 0
77313 60
77548 29
77698 0
77767 33
78262 33
78290 57
78419 42
78497 57
78754 0
79009 33
79198 0
79342 57
79431 0
79660 42
79773 0
79952 57
80085 0
80154 57
80251 0
80364 48
80666 0
80713 57
80754 0
80815 29
80843 0
81010 57
81071 42
81224 0
81580 57
81717 0
81784 29
82200 0
82289 57
82364 0
82392 48
82434 0
82507 57
82549 0
82699 33
82880 0
82902 48
82933 0
83067 48
83313 57
83377 0
83405 42
83641 57
83651 42
83685 0
83690 29
83746 0
83829 57
83897 0
84103 42
84317 0
84400 48
84544 0
84961 48
85250 0
85543 57
85578 0
85727 42
85966 0
86206 33
86380 0
86414 48
86529 57
86671 29
86801 0
86892 57
87152 0
87245 57
87262 48
87389 0
87400 57
87416 48
87490 0
87492 57
87632 0
87827 33
87897 42
87910 0
88608 57
88690 60
88807 0
88996 57
89061 57
89098 0
89234 33
89301 48
89354 60
89384 0
89430 48
89440 0
89506 48
89646 60
89687 0
89837 57
89997 0
90121 29
90202 0
90375 60
90382 48
90511 0
90580 29
90619 60
90655 0
90673 33
90984 0
91102 60
91274 0
91392 57
91426 0
91540 60
91632 0
91687 57
91978 42
92101 0
92136 33
92264 0
92425 57
92557 0
92592 60
92635 0
92657 48
92724 0
92743 42
92804 57
92877 0
92963 57
93441 29
93442 0
93460 57
93584 42
93756 0
93776 48
93800 57
93855 0
93900 60
93927 0
93969 57
94137 0
94348 57
94407 0
94559 33
94683 0
94895 33
95000 0
95097 57
95216 48
95430 0
95542 33
95786 57
95795 0
96039 57
96082 0
96176 48
96279 0
96304 48
96348 0
96380 57
96502 33
97044 42
97361 42
97389 0
97458 60
97483 0
97487 57
97495 0
97816 57
97938 0
97974 33
98039 0
98173 48
98239 0
98329 57
98407 48
98629 0
98719 57
99116 42
99290 57
99351 29
99426 57
99946 0
99993 29
444 events for 4
380 65
384 0
391 55
446 65
515 0
720 65
826 0
1674 27
1727 0
1830 59
1865 0
1931 27
2192 0
2477 19
2822 0
2899 65
2952 0
3516 55
3525 0
3633 65
3925 74
4511 0
4887 27
5201 0
5236 27
5878 0
6129 74
6348 55
6660 0
6662 27
7051 0
7108 74
7138 0
7502 27
7520 27
7896 0
7971 65
7978 55
8656 0
9436 59
9613 0
9717 27
9894 0
9949 59
10105 55
10502 0
10711 65
10782 19
11918 0
12209 27
12329 0
13109 65
13160 0
13209 27
13511 19
14043 65
14151 0
14212 74
14523 0
14553 27
14583 0
14636 27
14640 0
15017 65
15417 19
15706 0
15881 65
16262 27
16657 0
16818 65
17094 0
17215 27
17370 0
17582 59
17794 0
18028 65
18196 0
18347 27
18433 0
18572 55
18619 0
18666 19
18748 27
18752 0
18755 65
18903 65
19229 0
19461 65
20385 65
20792 0
20902 27
21580 0
22112 65
22543 0
22786 27
23223 0
23260 65
23301 27
23478 27
24045 0
24073 27
24321 59
24879 0
25097 65
25100 0
25837 65
25888 27
25970 0
25981 27
26056 19
26414 59
26921 0
27077 19
27311 0
27378 19
27565 0
27721 19
27776 0
27953 74
28189 55
28290 74
28301 0
28602 27
28853 0
29806 19
30117 0
30152 65
30350 65
30381 0
30764 65
31021 27
31029 0
31209 19
31392 19
31816 0
32136 27
32166 27
32175 0
32220 74
32272 0
32475 27
32546 0
32689 74
32911 0
32927 74
33331 0
33429 27
33448 0
33692 65
33943 55
34084 0
34441 59
34644 74
34712 0
35316 65
35449 74
35668 65
35919 27
36114 65
36209 0
36562 27
36832 0
37022 65
37103 0
37138 65
37493 0
37558 55
37840 0
37934 27
37948 0
38177 65
38663 19
38833 65
38956 0
39255 65
39620 0
39645 27
39964 0
40228 27
40577 0
40588 27
41076 0
41294 27
41511 0
41777 19
41797 55
41920 0
42100 65
42103 65
42111 0
42475 27
42666 0
43064 65
43169 0
43178 27
43184 0
43197 27
43305 59
43357 59
44069 0
44070 19
44095 0
44160 27
44169 0
44603 27
44884 0
44987 55
45201 0
45846 27
45924 0
46576 65
46609 0
46977 27
47398 0
47623 59
47766 0
48180 74
48280 0
48314 59
48388 0
48680 27
49828 0
49898 27
50506 0
50586 19
50638 65
50649 65
50723 55
50730 19
51259 0
51730 74
51835 0
52124 65
52494 0
52535 59
52763 0
52878 27
53029 65
53276 0
53300 65
53407 0
53553 27
53792 74
54057 0
54085 59
54331 19
54496 0
54853 55
54877 0
55054 27
55392 0
55834 19
55841 0
56100 27
56125 0
56136 55
56724 0
57053 27
57081 65
57111 0
57140 59
57158 0
57466 55
57533 0
57898 74
57983 0
58392 19
58560 0
59163 19
59939 27
60046 74
60166 0
61189 27
61309 0
61784 27
62340 0
62523 27
62558 0
62603 27
62628 0
62867 74
62887 0
63105 65
63398 0
63471 65
63638 0
64221 65
64246 0
64428 65
64513 0
64738 27
64887 0
65160 74
65174 0
65301 27
65326 0
65378 55
65430 0
65437 65
65498 27
65589 0
65822 27
66336 0
66568 59
66638 0
67151 19
67247 55
67429 0
67483 55
68313 0
68363 27
68458 0
68465 65
68630 0
68733 27
68803 0
68843 27
69048 55
69826 0
69958 55
69993 0
70187 59
70596 27
70692 0
70723 59
70761 0
70860 19
70866 0
71041 27
71328 0
71405 59
71511 0
71545 59
71616 27
71635 0
72040 59
72816 0
73009 74
73279 0
73368 27
73426 0
73447 55
74049 0
74106 65
74112 0
74412 65
74875 27
74908 0
75247 74
75635 0
75995 27
76632 59
76961 0
77083 55
77131 0
77160 65
77235 19
77678 27
77892 0
77927 59
78597 0
79182 27
79344 19
79444 0
79543 19
79817 0
79876 27
80090 0
80532 59
80778 65
81052 0
81500 65
81659 0
82146 55
83060 0
84589 19
84969 0
85600 65
85979 0
86284 55
86296 0
86304 19
86309 0
86424 27
86789 59
86908 27
87352 0
87371 74
87450 0
87599 65
87708 0
88367 65
88532 19
88654 0
88893 19
89186 27
89405 0
89627 55
89843 0
90010 27
90159 0
90276 27
90324 0
90405 27
90492 0
90493 19
91176 65
91364 0
91396 74
91920 0
92728 65
92839 0
93154 65
93750 0
93792 19
94595 0
94741 27
94805 0
94874 65
94885 0
94960 19
94961 27
95244 0
95299 74
96049 0
96172 27
96819 0
97196 19
97317 19
97406 0
97950 27
97999 74
98040 27
98342 0
98535 65
98561 0
98606 27
98690 0
98911 65
98986 55
99488 0
99578 55
99763 19
99862 0
119 events for 5
343 29
1363 0
2170 48
2969 0
3290 26
4321 0
4991 26
5054 48
5065 0
5460 48
5486 0
7107 66
7134 0
7839 63
8533 0
8656 66
8995 0
9128 49
9632 29
9699 48
10105 37
10541 37
10638 0
11026 26
11311 0
12433 41
13906 63
14053 0
14250 26
14961 0
15750 63
17242 0
17328 37
18380 0
18548 63
20114 0
20379 26
21033 0
22083 66
23644 66
24374 0
25002 63
26571 0
28674 37
29713 0
31606 29
31751 0
31894 26
32349 0
33141 66
33813 26
34396 48
36301 49
38024 0
41641 37
42441 0
43521 48
43552 66
43833 0
44084 66
44603 63
45060 0
46109 41
47508 63
47628 0
47630 63
47709 0
48635 49
48954 0
53194 66
53222 26
53815 63
54403 41
54772 63
56201 0
56217 37
56625 0
56654 63
57083 41
61432 0
61900 41
62611 0
62865 63
64637 41
68570 0
68925 49
69238 26
70380 66
71245 0
71716 49
72810 0
73924 63
74237 0
76858 26
79738 26
80009 0
80411 37
81723 0
83878 41
85455 0
86991 29
87214 0
87346 41
87666 63
88875 0
89254 66
90165 41
90430 0
90556 49
90789 29
91526 0
92390 49
92534 0
92996 41
94868 0
95241 37
95407 0
95465 63
99575 49
944 events for 6
143 88
202 0
323 92
376 0
450 92
533 88
563 0
623 91
684 88
712 0
755 88
784 92
881 0
969 87
1040 91
1123 0
1221 88
1446 93
1507 0
1810 93
1847 88
1862 0
1961 92
2095 0
2493 92
2541 92
2575 0
2802 92
2975 0
3303 87
3383 93
3462 0
3471 87
3499 0
3608 87
3642 0
3655 88
3724 0
3774 87
3841 0
3890 87
3910 0
4111 93
4161 0
4401 87
4411 0
4442 87
5046 0
5481 91
5682 92
5703 91
5765 0
5944 92
6364 0
6454 88
6537 87
6553 0
6809 91
6892 0
7003 88
7123 0
7422 87
7657 0
7772 87
7926 0
7971 87
8024 0
8228 88
8369 87
8402 0
8406 88
8419 0
8610 88
8620 0
8681 87
8728 87
8807 0
8919 87
8993 93
9063 0
9069 87
9181 93
9512 0
9617 88
9667 0
9818 91
10085 93
10419 0
10427 93
10452 0
10598 87
10684 0
10717 87
10730 0
10988 91
11018 0
11087 93
11107 0
11337 88
11401 0
11576 91
11638 0
11657 87
11670 0
11700 92
11791 0
11957 87
12009 92
12244 0
12255 87
12324 87
12356 0
12463 88
12635 0
12684 92
12691 0
12760 91
12819 0
12877 88
12913 0
13250 92
13298 0
13350 93
13565 0
13614 87
13723 0
13765 91
13894 93
14010 87
14125 0
14218 91
14425 88
14486 88
14592 0
14620 87
14698 0
14704 88
14782 0
15304 87
15535 92
15736 87
15769 87
15796 0
15999 87
16064 87
16194 91
16238 87
16394 0
16486 91
16488 87
16496 0
16499 91
16801 0
16827 93
16879 0
17068 87
17152 0
17180 92
17295 0
17321 88
17437 87
17485 0
17515 87
17593 0
17653 92
17829 0
18037 93
18254 0
18293 92
18439 0
18636 87
18876 0
19208 88
19300 0
19489 88
19821 0
19954 91
20102 91
20202 92
20247 0
20365 93
20366 91
20392 0
20443 87
20445 91
20506 0
20731 92
20749 0
20753 87
20807 0
20822 87
20983 0
21041 92
21071 92
21104 0
21255 87
21406 0
21418 93
21428 0
21585 92
21732 0
21858 93
21922 0
21964 93
21988 0
22069 93
22243 87
22389 0
22407 87
22425 0
22603 87
22610 0
22649 91
22948 87
22975 91
23083 0
23130 92
23133 0
23143 88
23178 87
23181 0
23414 87
23439 0
23483 87
23583 93
23593 87
23814 0
23858 92
23928 91
24003 0
24017 88
24032 0
24172 92
24248 88
24313 88
24405 87
24766 0
24948 92
25228 87
25241 0
25275 88
25332 0
25364 87
25442 0
25521 87
25558 0
25640 87
25753 0
25759 88
25901 0
26029 87
26359 93
26410 87
26479 93
26485 0
26534 87
26566 0
26625 92
26663 0
26749 88
27199 0
27274 87
27320 0
27324 92
27869 0
27937 88
28141 0
28253 87
28337 87
28476 0
28484 92
28589 0
28692 93
28700 0
28810 87
28903 0
29040 87
29267 0
29348 92
29390 93
29487 92
29501 91
29568 0
29637 87
29699 87
29738 0
30016 93
30049 0
30152 93
30359 0
30524 92
30556 0
30701 92
30805 0
30988 88
31049 0
31094 87
31164 93
31192 0
31314 87
31315 0
31345 92
31459 0
31485 87
31538 88
31608 92
31872 0
31914 92
31952 0
32313 87
32339 87
32599 0
32725 91
33113 0
33202 87
33207 87
33221 87
33238 0
33296 92
33342 0
33578 93
33662 0
33795 87
33834 92
33891 87
33916 91
33944 0
34041 93
34070 0
34103 88
34719 91
34762 87
34807 0
34852 87
35219 0
35234 87
35303 0
35474 88
35517 0
35694 93
35699 87
35713 93
35901 0
36277 91
36445 0
36486 91
36688 0
36715 87
36784 0
36886 88
36890 91
36891 0
37003 91
37141 0
37287 87
37519 0
37607 93
37794 0
38210 92
38215 0
38239 87
38573 0
38648 87
38826 93
38848 0
38907 87
39239 93
39480 0
39614 92
39624 0
39628 87
40044 87
40118 0
40249 91
40520 0
40549 91
40658 87
40725 0
40952 88
40996 88
41056 87
41089 88
41172 87
41324 0
41400 92
41417 88
41451 0
41576 93
41608 88
41827 0
41847 87
41996 87
42048 87
42095 0
42185 88
42245 0
42254 87
42288 0
42332 88
42367 0
42417 91
42453 0
42475 88
42566 0
42593 87
42775 87
42783 0
42960 92
43004 0
43047 91
43220 0
43265 91
43458 87
43663 0
43878 87
43934 0
44245 93
44299 0
44325 88
44435 0
44436 91
44454 87
44517 0
44612 87
44664 88
44681 0
44695 88
44814 0
44946 88
45414 0
45430 93
45593 87
45752 0
45865 91
46034 91
46145 0
46327 88
46433 0
46437 93
46548 91
46663 0
46669 93
46749 87
46856 0
47191 92
47260 0
47279 92
47339 88
47529 92
47544 88
47687 92
47771 92
47813 0
47891 92
47922 0
48021 92
48126 0
48155 92
48274 0
48583 93
48773 0
48885 87
48978 91
48994 91
49129 91
49268 0
49270 92
49342 0
49359 88
49589 0
49819 91
49874 0
49880 91
49915 0
49994 88
50021 0
50033 91
50285 87
50392 0
50467 87
50559 0
50791 93
50836 0
50852 93
50946 0
50987 88
51164 0
51206 93
51335 92
51347 0
51546 88
51697 91
51861 87
51927 0
51935 93
51939 0
52488 91
52540 0
52677 91
52683 0
52768 88
52852 0
52928 88
52954 0
52990 88
53002 88
53311 91
53376 0
53401 87
53426 92
53558 0
53755 87
53921 0
53960 91
54074 88
54090 0
54231 87
54335 0
54531 87
54555 0
54557 88
54753 92
54763 0
54827 88
54850 0
54867 91
55235 0
55281 87
55472 0
55557 88
55778 92
55943 0
55960 87
56206 0
56237 87
56331 0
56377 88
56864 0
57003 88
57022 87
57039 0
57065 91
57218 93
57324 0
57359 92
57441 0
57460 88
57579 0
57601 92
57819 0
58103 88
58194 0
58297 87
58479 0
58562 93
58639 0
58690 93
58780 0
58874 87
58901 0
58980 88
59070 87
59090 88
59276 0
59295 87
59464 0
59517 92
59533 0
59608 93
59690 0
59704 93
59838 0
59893 88
60036 0
60049 91
60139 87
60424 0
60476 91
60490 87
60522 88
60590 0
60720 92
60753 0
60884 87
60899 0
61054 87
61176 0
61189 92
61253 0
61284 87
61475 0
61518 87
61789 0
61963 93
61973 88
62031 87
62115 0
62262 88
62362 0
62396 92
62523 93
62695 0
62752 87
62821 0
62830 87
62851 91
63386 0
63756 87
63918 0
64144 87
64318 88
64328 0
64424 87
64519 0
64838 88
64858 87
64870 0
65079 93
65173 87
65328 0
65429 93
65499 0
65559 93
65585 0
65595 91
65607 0
65635 93
65791 0
66135 87
66137 91
66661 0
66863 93
66892 0
66937 88
67036 0
67253 87
67290 92
67303 0
67596 93
67684 0
67837 87
67985 0
68148 93
68195 0
68197 92
68376 0
68383 91
68422 0
68546 91
68672 0
68958 87
68976 0
68997 88
69005 0
69035 88
69412 0
69608 93
69714 0
69723 87
69734 87
69795 0
70009 88
70053 93
70109 0
70124 88
70362 0
70383 93
70460 0
70685 88
70702 0
70703 93
70748 0
70816 88
70939 0
71005 92
71667 0
72044 88
72089 91
72132 0
72168 92
72199 0
72305 91
72432 0
72483 91
72660 87
73076 0
73198 88
73244 0
73291 91
73463 0
73474 92
73543 0
73553 92
73575 0
73736 88
73775 0
73804 93
73841 0
73871 88
73901 0
73946 87
73949 92
73988 0
74015 87
74080 92
74230 91
74297 91
74336 0
74395 91
74550 0
74719 93
74851 0
74911 87
74916 0
74985 87
75027 87
75053 0
75161 93
75208 87
75349 0
75376 93
75404 87
75431 0
75461 87
75863 0
76185 92
76250 0
76278 87
76340 0
76393 87
76491 0
76511 92
76683 0
76888 87
76904 0
76939 87
76990 0
77076 88
77219 0
77233 91
77313 92
77491 92
78128 0
78157 87
78259 0
78313 88
78451 0
78485 92
78595 0
78604 87
78631 0
79122 87
79469 0
79550 88
79619 0
79631 87
79658 0
79775 91
79779 87
79892 0
79933 93
80008 0
80366 88
80475 91
80477 0
80489 88
80502 0
80545 93
80731 0
80809 93
80816 0
80910 88
80975 91
81077 93
81101 0
81279 87
81440 92
81445 0
81640 87
81652 92
81654 0
81728 88
81772 87
81803 92
82009 0
82081 88
82094 0
82251 91
82326 0
82455 88
82457 88
82519 0
82542 92
82584 91
82615 0
82743 88
82792 0
82821 87
83026 0
83057 88
83076 0
83119 87
83282 0
83339 87
83542 93
83693 92
83769 87
84342 88
85211 93
85433 93
85641 0
85709 88
86015 93
86322 0
86324 87
86399 88
86535 93
86576 93
86762 87
86904 0
87048 87
87141 0
87244 92
87275 92
87385 0
87484 87
87490 0
87714 93
87868 0
87927 91
88073 0
88106 87
88176 0
88178 87
88230 0
88234 87
88439 0
88799 91
89020 0
89089 87
89503 0
89727 91
89816 87
89841 0
89846 91
89857 88
89867 0
89869 88
89948 0
89970 92
90026 0
90232 93
90309 91
90432 92
90530 0
90541 87
90834 0
90920 91
90946 88
91038 92
91102 0
91279 87
91363 0
91457 92
91496 0
91553 87
91612 0
91619 88
91678 0
91715 92
91768 0
91824 87
91836 0
91927 91
92303 0
92431 87
92563 0
92718 88
92729 0
93010 92
93111 93
93344 0
93423 93
93618 0
93749 91
93767 0
93802 91
93838 0
93958 88
94215 93
94478 87
94628 87
94737 0
94928 91
95036 0
95243 88
95355 0
95547 92
95710 93
95900 87
95963 0
96003 91
96091 0
96123 88
96163 0
96199 91
96214 91
96361 0
96559 93
96560 0
96595 91
96872 91
97118 0
97257 91
97267 88
97312 93
97322 0
97353 93
97410 0
97421 88
97449 0
97485 92
97529 0
97633 88
97684 0
97812 87
97892 0
97985 87
98021 91
98146 0
98664 93
98668 93
98768 87
98802 0
98851 92
98854 0
98906 93
99197 0
99602 93
99768 87
99770 0
99859 91
99887 0
99929 93
917 events for 7
30 71
140 0
163 71
190 0
247 72
297 71
368 73
421 0
463 72
504 0
604 72
687 0
810 71
1024 0
1182 72
1275 73
1441 0
1499 71
1506 0
1525 72
1543 71
1867 71
1925 0
2058 73
2131 0
2186 72
2243 73
2431 72
2768 72
2805 0
2948 72
2958 0
2999 72
3122 73
3190 71
3298 0
3362 71
3366 0
3454 72
3511 71
3518 0
3619 72
3627 72
3736 71
3831 0
3871 72
3917 0
4160 72
4182 72
4295 0
4341 71
4408 72
4556 0
5143 72
5223 0
5496 72
5846 0
5934 73
5937 0
6115 72
6255 0
6370 71
6889 0
7057 71
7227 0
7430 72
7456 71
7808 0
7867 72
7920 73
8515 72
8596 0
8749 71
8776 71
8962 0
9021 73
9128 71
9159 0
9192 72
9306 0
9331 72
9608 0
9723 73
9761 71
9816 0
9839 73
9927 0
10001 71
10097 0
10201 73
10316 0
10383 72
10510 0
10824 73
11008 0
11061 71
11150 0
11381 73
11408 0
11456 71
11484 73
11501 72
11726 0
11844 72
11855 0
11906 71
12099 0
12240 72
12275 0
12351 71
12474 0
12768 72
12809 71
12826 0
12841 72
12929 0
12954 72
12999 0
13067 72
13077 73
13145 0
13356 72
13445 0
13572 71
13645 72
13799 73
14303 73
14357 73
14367 0
14415 73
14417 0
14522 72
14561 0
14698 73
14708 71
14885 72
15129 0
15277 72
15682 0
15999 73
16279 0
16444 73
16654 0
16797 71
16994 0
17336 71
17688 71
17810 72
17904 71
17954 0
18032 71
18170 73
18184 0
18298 73
18413 0
18490 72
18597 0
18759 71
18924 0
19089 71
19103 71
19168 73
19379 0
19489 71
19691 0
19707 71
19855 0
19886 73
20057 0
20683 71
20688 71
20919 71
20934 0
20955 73
21038 0
21179 72
21227 72
21565 0
21634 71
21728 0
21762 73
21786 73
21853 71
22213 71
22366 0
22370 73
22439 0
22511 73
22534 71
22680 0
22763 71
22784 0
23015 71
23205 0
23585 72
23675 0
23746 72
23870 0
23951 73
24030 0
24221 72
24437 71
24852 0
24967 71
24975 0
25178 72
25254 73
25298 72
25372 72
25451 0
25665 73
25807 0
26012 72
26135 73
26142 0
26166 72
26345 0
26481 72
26540 0
26551 71
26794 0
26969 73
27103 0
27117 71
27144 0
27183 71
27271 0
27296 72
27317 0
27438 72
27439 0
27452 71
27489 0
27581 72
27674 71
27712 0
27745 72
27772 0
27902 71
28031 0
28087 72
28330 0
28691 72
28875 0
28974 72
28977 0
29143 73
29181 0
29433 71
29449 72
29549 0
29562 71
29614 0
29658 71
29728 72
29995 72
30034 0
30073 71
30340 0
30346 71
30463 71
30550 0
30945 73
31019 0
31028 72
31063 0
31071 72
31139 0
31230 72
31359 0
31389 71
31403 0
31447 71
31685 0
31743 71
31752 0
31771 71
31823 0
31978 71
32706 0
32791 71
32821 0
32863 73
32967 0
33006 73
33045 71
33180 71
33737 0
33760 72
33763 71
33840 0
33880 72
33894 71
33937 72
34123 0
34203 71
34219 72
34261 0
34348 73
34453 0
34571 72
34637 0
34654 71
34691 71
35049 0
35363 73
35565 0
35588 72
35616 0
35677 72
35710 0
35743 72
35942 0
36041 73
36097 0
36194 71
36261 0
36286 71
36411 0
36493 73
36527 0
36528 73
36581 72
36622 71
36657 0
36725 73
36900 0
36927 73
36969 71
36990 0
37232 72
37283 0
37455 72
37513 0
37889 72
37929 71
38053 0
38163 73
38369 72
38387 0
38545 73
38676 0
38709 73
38820 0
38872 71
39059 0
39063 73
39286 0
39441 71
39445 0
39460 73
39551 0
39891 71
39963 0
40088 72
40410 73
40540 0
40695 73
40882 0
40896 73
40907 71
41026 0
41109 73
41319 0
41342 73
41350 0
41354 71
41457 72
41545 72
41598 0
41731 73
41765 0
41770 72
41872 0
41956 72
42006 0
42189 73
42206 72
42316 0
42724 72
42767 0
42937 71
43004 73
43289 0
43442 71
43596 0
43803 72
43916 0
44010 71
44174 0
44179 72
44282 0
44514 71
44650 0
44705 73
44738 0
45153 72
45171 0
45189 71
45372 0
45444 71
45455 0
45588 73
45640 0
45654 72
45674 0
45826 71
45940 72
45998 0
46008 73
46106 0
46131 71
46166 0
46187 73
46308 0
46335 73
46336 0
46337 73
46416 0
46465 73
46468 0
46478 72
46556 0
46655 72
46711 73
46726 0
46789 73
46827 0
46859 71
46907 0
46949 71
47281 0
47355 73
47462 0
47491 71
47921 0
48003 73
48010 0
48116 71
48187 0
48216 73
48271 0
48428 73
48446 0
48455 72
48738 0
48747 71
48794 73
48833 71
48846 71
48923 71
49201 0
49355 71
49578 0
49592 71
49765 0
49800 72
49977 0
50079 72
50085 72
50186 71
50287 0
50415 71
50678 0
50697 73
50939 0
50950 71
50982 0
51224 72
51258 0
51267 71
51279 0
51740 72
51744 72
51783 0
51810 71
51816 0
52087 72
52216 0
52256 73
52664 0
52680 73
52922 0
52987 72
53044 0
53048 72
53063 0
53206 73
53301 72
53359 0
53439 73
53770 73
53799 73
53806 0
53816 71
53831 0
54057 72
54161 71
54277 71
54304 0
54341 71
54477 73
55174 0
55383 71
55403 73
55446 73
55507 71
55564 0
55692 73
55739 0
55944 72
55988 0
56181 71
56358 72
56470 0
56819 72
56910 73
57124 71
57134 72
57292 0
57495 72
57546 0
57765 71
57990 71
58039 0
58073 73
58135 0
58193 73
58578 0
58661 72
58851 0
58855 72
58932 0
58950 72
59021 0
59065 72
59199 0
59243 71
59314 72
59584 0
59629 71
59889 0
59929 72
60115 0
60215 71
60477 73
60540 0
60604 72
60715 0
60737 73
60830 0
60995 72
61237 0
61421 72
61440 71
61458 0
61465 71
61774 0
61798 73
62111 72
62422 0
62518 73
62717 0
62780 73
62784 0
62994 73
63267 72
63520 0
63636 72
63764 0
63870 71
63874 71
63880 72
63988 73
64180 71
64312 0
64337 71
64597 72
64898 0
64917 73
65050 0
65065 72
65153 0
65538 71
65932 72
66282 73
66311 73
66532 72
66685 0
66722 71
66744 0
66779 71
66797 72
66902 0
67216 73
67717 0
67754 72
67757 73
68069 0
68132 71
68135 0
68383 73
68580 0
68960 73
68987 0
69122 73
69150 0
69353 71
69354 0
69592 71
69668 0
69721 72
69757 73
69851 71
69911 0
70116 73
70226 72
70319 73
70412 0
70507 73
70612 0
70628 72
70914 0
70931 72
71322 0
71336 71
71349 0
71398 73
71435 73
71464 0
71581 71
71628 73
71886 0
72172 71
72363 0
72423 72
72514 0
72566 71
72764 0
72958 73
72976 72
73055 72
73057 71
73103 71
73286 0
73524 73
73580 0
73628 73
73877 0
74130 72
74162 0
74261 71
74288 0
74303 72
74326 73
74450 0
74651 71
74668 0
74733 72
74805 0
74857 72
74861 71
75014 71
75031 0
75049 72
75064 73
75079 0
75494 73
75647 73
75799 72
75821 71
75853 0
76023 73
76090 0
76181 73
76312 71
76411 71
76554 0
76767 73
76895 0
76939 73
76968 0
76975 73
76983 0
76994 71
77069 0
77168 72
77264 0
77282 71
77310 0
77317 71
77333 0
77378 73
77384 0
77518 71
77557 0
77566 71
77808 0
77822 73
77850 0
77945 73
77949 0
77965 71
78124 0
78271 71
78635 0
78817 72
78864 72
78866 0
78951 72
78983 0
78997 71
79338 71
79469 73
79489 71
79497 71
79505 0
79917 71
79942 0
79991 72
80205 0
80312 72
80434 73
80490 0
80505 71
80506 0
80730 72
80856 72
81022 0
81033 71
81119 0
81156 71
81162 0
81266 73
81300 71
81499 0
81516 71
81638 0
81717 71
81897 72
82111 0
82144 71
82201 0
82318 72
82461 72
82530 0
82585 72
82773 0
82919 72
82969 0
83046 71
83297 0
83335 71
83339 73
83433 0
83516 72
83619 73
83650 71
83744 71
83810 72
84070 0
84142 71
84173 71
84177 0
84243 72
84370 0
84486 73
85214 72
85253 72
85341 0
85432 71
85917 0
86066 73
86079 72
86203 73
86347 0
86764 73
86930 72
86960 71
87046 73
87127 71
87214 0
87287 72
87301 0
87434 72
87647 0
87784 73
87905 0
87939 73
87998 71
88098 0
88112 71
88181 0
88249 71
88311 0
88368 72
88544 72
88628 0
88645 71
88648 0
88735 72
88756 71
88790 0
88918 72
88928 0
88940 73
88980 0
89004 71
89356 72
89587 72
89618 0
89679 71
89694 0
89742 72
89938 0
90246 73
90289 0
90502 73
90537 72
90778 0
90904 71
91047 0
91095 72
91218 0
91280 73
91291 0
91315 72
91385 0
91401 72
91528 0
91666 72
91701 71
91764 72
91801 73
91857 0
92486 73
92526 71
92673 73
92697 0
92762 72
92953 0
93170 71
93176 0
93189 72
93245 0
93442 72
93496 0
93500 73
93510 0
93571 71
93787 0
93915 73
94283 0
94385 71
94814 72
94871 0
95002 73
95061 0
95074 72
95082 72
95122 0
95324 73
95385 0
95417 73
95443 0
95518 72
95685 0
95761 72
95793 0
95836 73
95984 0
96030 71
96032 73
96101 0
96115 73
96184 71
96220 0
96231 72
96313 73
96416 0
96549 72
96671 0
96674 72
96743 0
96765 73
97063 0
97083 73
97394 0
97405 72
97427 0
97477 73
97630 0
97640 73
97729 73
97858 0
97967 71
97988 0
98009 73
98077 0
98225 71
98481 0
98515 72
98597 0
98599 71
98660 0
98687 71
98740 0
99056 71
99155 72
99295 0
99369 72
99425 72
99534 0
99574 71
99695 0
99746 73
99899 0
