24 buffers
244512 2594
351313 23521
474362 7638
260843 47888
206698 29193
440700 23811
369533 34127
142765 7876
281668 45768
110740 8918
202906 34916
251354 8099
201758 11250
268430 38010
306056 35748
211672 9599
186551 17980
388142 10614
277649 52770
157941 30246
245491 42361
94728 8271
242990 21533
288187 24211
40 downlinks
0 375 2500 846
1 2875 5000 920
2 5375 7500 1204
3 7875 10000 869
4 10375 12500 935
5 12875 15000 926
6 15375 17500 1025
7 17875 20000 960
8 20375 22500 1109
9 22875 25000 1081
10 25375 27500 945
11 27875 30000 1093
12 30375 32500 929
13 32875 35000 998
14 35375 37500 1187
15 37875 40000 929
16 40375 42500 1162
17 42875 45000 881
18 45375 47500 979
19 47875 50000 870
20 50375 52500 951
21 52875 55000 942
22 55375 57500 1000
23 57875 60000 932
24 60375 62500 1068
25 62875 65000 980
26 65375 67500 865
27 67875 70000 970
28 70375 72500 998
29 72875 75000 845
30 75375 77500 1099
31 77875 80000 846
32 80375 82500 1074
33 82875 85000 1086
34 85375 87500 988
35 87875 90000 810
36 90375 92500 863
37 92875 95000 1110
38 95375 97500 946
39 97875 100000 887
801 events for 0
14 73
96 0
192 73
266 0
293 73
304 78
406 76
486 78
899 69
1008 0
1343 76
1414 0
1547 76
2085 0
2109 80
2210 69
2331 0
2332 75
2469 0
2529 80
2580 0
2762 74
2911 0
3126 74
3257 0
3472 78
3534 0
3619 78
3753 0
3756 78
3824 75
3830 0
3916 80
4022 0
4111 61
4319 0
4482 69
4522 0
4534 74
4605 0
4668 61
4889 73
4892 78
4979 0
5069 61
5358 0
5380 69
5475 0
5571 78
5818 0
5944 73
5987 0
6050 78
6269 0
6270 64
6301 78
6446 74
6608 0
6665 76
6681 80
6864 0
6904 76
6947 0
7168 69
7612 0
7751 80
7865 0
8070 75
8180 73
8272 0
8555 78
8752 0
8878 80
8889 69
8956 78
8971 64
9023 0
9038 73
9275 0
9365 78
9431 69
9562 61
9713 0
9803 80
9844 0
9959 75
10012 0
10185 78
10295 0
10572 78
11179 0
11218 76
11252 0
11267 64
11410 0
11685 73
11767 0
11976 75
11985 0
12043 74
12102 73
12127 0
12156 74
12325 0
12751 69
12881 0
12935 80
13018 0
13174 64
13216 64
13326 61
13546 75
13551 80
13685 0
13760 75
13808 0
13831 80
13851 0
13960 64
14043 0
14183 73
14307 0
14383 61
14522 0
14589 80
14676 0
14899 76
14943 0
15158 78
15196 0
15197 61
15797 0
15862 80
16140 0
16292 76
16596 0
16780 75
16874 75
16973 0
17197 78
17233 0
17261 80
17290 80
17381 0
17569 69
17621 0
17652 76
17977 61
18041 74
18149 0
18552 76
18693 74
18963 75
19008 0
19111 75
19178 0
19556 80
19742 80
19914 0
20021 69
20089 80
20096 69
20171 0
20580 74
20912 0
20955 64
20996 75
21021 0
21119 73
21178 0
21261 75
21410 64
21435 0
21819 73
21848 0
22152 75
22161 69
22225 0
22299 76
22394 73
22412 73
22422 0
22734 64
22784 0
22796 73
22886 80
23166 0
23262 73
23301 64
23492 78
23528 0
23647 73
23664 0
23729 80
23953 76
23995 0
24083 76
24216 0
24279 69
24928 0
25004 61
25046 80
25087 0
25379 73
25456 0
25488 69
25553 74
25609 0
25654 76
25738 73
25771 0
25880 76
25894 0
26227 74
26261 0
26384 69
26791 0
26858 74
26921 0
27290 73
27562 0
27573 64
27584 0
28068 76
28109 0
28334 64
28443 0
28527 73
28714 0
29026 73
29462 76
29600 0
29667 74
30197 0
30212 78
30348 0
30370 75
30400 0
30541 76
30795 0
30800 61
31171 74
31308 0
31447 78
31469 0
31631 76
31975 74
32177 80
32183 64
32264 0
32700 78
32828 0
32954 75
32964 0
33146 78
33172 0
33184 61
33433 78
33501 75
33575 0
33611 64
33636 0
33656 69
33697 0
33843 61
33912 0
33914 76
34022 0
34134 69
34429 78
34544 0
34703 73
34736 0
34870 64
34881 0
35158 64
35162 73
35305 0
35654 61
35770 0
35862 61
36172 64
36405 0
36467 73
36475 75
36499 0
36568 73
36692 0
36826 80
37002 0
37030 76
37060 76
37385 75
37398 74
37405 0
37639 73
37803 73
37848 0
38154 74
38178 0
38232 80
38554 0
38557 69
38593 0
38662 80
38675 73
38775 0
38779 78
38960 0
38975 73
39322 0
39444 73
39495 0
39541 75
39917 0
39959 64
39972 0
40057 73
40078 0
40140 61
40192 74
40373 0
40450 75
40475 0
41352 78
41498 0
41845 80
42183 0
42279 78
42313 61
42397 0
42451 64
42885 73
42936 0
43089 69
43170 0
43218 61
43429 75
43556 76
43692 61
43764 0
43787 73
43981 0
44192 69
44240 0
44456 74
44478 0
44531 73
44558 0
44655 80
44689 0
44693 78
44765 0
44772 75
44794 80
45018 0
45423 64
45479 61
45541 0
45618 75
45646 0
45868 74
46062 0
46494 80
46756 0
46826 73
47335 0
47596 80
47911 74
47940 73
47955 61
48040 0
48100 76
48261 0
48278 76
48288 0
48304 78
48378 0
48411 80
48520 0
48678 73
48882 0
48914 76
49003 0
49038 74
49109 76
49209 0
49213 75
49269 0
49279 69
49344 0
49420 80
49549 0
49659 78
49711 0
49789 75
49814 0
49851 76
49881 0
50014 73
50018 75
50115 76
50316 0
50534 61
50707 0
50727 80
50886 0
50912 61
50972 75
51127 78
51145 0
51147 78
51208 0
51268 61
51344 73
51356 0
51420 75
51485 78
51745 0
51773 75
51865 0
52016 75
52076 61
52260 75
52273 0
52417 73
52688 0
52866 61
52925 74
53303 80
53493 74
53562 0
53620 69
54104 0
54195 80
54213 73
54243 0
54297 76
54391 0
54496 74
54515 0
54574 73
54679 0
54687 61
54862 0
55051 75
55190 0
55321 61
55429 0
55535 74
56047 78
56219 74
56429 64
56434 69
56768 78
57054 0
57055 78
57067 0
57278 64
57657 64
57690 0
57723 73
58091 74
58233 0
58474 69
58695 0
58768 80
58828 0
58951 80
59105 0
59346 73
59439 61
59454 0
59584 73
59752 0
59834 76
59849 0
59858 73
60127 0
60531 80
60542 0
60585 73
60656 0
60896 73
60923 0
61091 61
61411 0
61412 74
61528 75
61635 0
61647 73
61708 0
61737 75
62112 0
62167 61
62270 0
62298 73
62328 0
62439 64
62441 0
62499 61
62645 0
62788 78
62990 0
63007 74
63028 0
63507 61
63555 64
63613 0
63813 74
63870 0
63990 61
64265 0
64382 73
64399 0
64657 78
64784 0
64995 76
65021 0
65107 64
65242 0
65344 69
65482 0
65507 74
65538 0
65814 80
66042 0
66093 75
66098 0
66310 74
66353 61
66389 0
66883 78
66931 61
67073 0
67100 64
67206 75
67251 0
67334 73
67538 0
67563 76
67626 0
67760 74
67855 0
67872 69
68237 0
68258 80
68431 76
68489 0
68758 61
68908 64
68979 0
69214 64
69294 0
69348 61
69703 69
69931 0
70190 73
70570 0
70687 76
70753 0
70758 69
71159 0
71270 64
71294 0
71327 80
71371 0
71469 80
71551 0
71581 78
71748 75
71783 0
71966 80
72053 0
72094 69
72151 0
72227 73
72572 75
72712 0
72744 80
73005 78
73066 0
73117 80
73150 61
73394 0
73548 69
73615 0
73650 61
73897 64
74187 73
74334 0
74637 74
74678 64
74907 0
75019 76
75023 73
75066 0
75202 61
75262 0
75323 69
75387 0
75619 61
75622 0
75712 80
75816 74
75917 64
76119 0
76151 69
76170 0
76202 73
76428 0
76550 61
77090 0
77361 74
77402 73
77443 0
77579 69
77700 0
77717 80
77742 0
77918 69
77926 0
77934 75
78103 0
78114 64
78164 0
78180 73
78211 0
78219 73
78271 0
78341 64
78919 78
79031 80
79451 0
79687 73
80094 73
80112 0
80327 73
80368 61
80493 0
80500 75
80529 64
80542 0
80595 75
80813 0
81040 75
81125 64
81544 0
81572 80
81582 0
81627 64
81631 0
81835 73
81840 0
82037 73
82052 73
82234 0
82240 73
82473 0
82477 73
82504 0
82514 73
82705 0
82792 64
82864 0
82878 74
83080 0
83315 74
83331 0
83472 61
83581 80
83627 76
83632 73
83778 0
83968 80
84083 0
84097 76
84180 0
84182 64
84285 64
84291 74
84352 0
84482 78
85302 61
85371 0
85567 73
85621 0
85632 73
85988 0
86068 74
86110 0
86327 69
86371 75
86520 0
86522 75
86585 0
86657 76
87118 0
87209 74
87520 61
87675 0
87999 64
88293 0
88339 73
88434 0
88450 64
88533 0
88550 75
89195 0
89304 80
89313 0
89415 78
89438 69
89630 78
89696 61
89834 0
90025 64
90081 0
90107 73
90150 0
90230 76
90245 61
90315 74
90461 0
90576 74
90634 61
90686 64
90805 0
90960 80
91086 73
91394 0
91532 76
91553 0
91599 69
91614 0
91759 76
91872 0
91943 76
92264 0
92268 80
92346 0
92501 61
92535 0
92749 74
92791 0
93107 69
93181 0
93196 61
93565 0
93757 76
93818 80
93839 0
94185 64
94353 73
94508 73
94676 74
95009 0
95014 76
95026 0
95086 75
95302 0
95400 74
95439 75
95522 0
95585 78
95716 0
95748 74
96166 0
96169 73
96216 80
96581 0
96638 64
96678 0
96804 75
96818 0
96919 75
96967 69
97091 0
97104 69
97288 0
97385 64
97457 69
97476 69
97750 0
97825 69
97837 0
97987 73
98116 61
98281 64
98282 0
98591 76
98608 0
98707 73
98790 78
99175 0
99501 73
99560 0
99598 69
99650 0
99741 76
99920 0
145 events for 1
1472 73
2469 0
2825 70
4174 0
7044 73
7242 0
9153 70
9326 0
9863 85
9994 0
10912 79
11084 67
11089 0
12441 70
13686 0
14160 70
15300 0
16242 73
16308 79
18101 0
19439 78
19470 0
19534 79
20306 0
20995 85
21376 68
22036 0
22749 78
23620 0
24924 79
25553 0
26792 66
27304 0
27940 70
28642 0
29115 85
29178 66
30513 0
31424 66
31642 0
32050 70
32623 0
34257 79
34670 0
34983 67
36559 0
37961 66
40627 0
41360 85
41404 0
41740 66
44145 0
44329 78
44527 0
44528 59
45835 66
46151 0
46931 85
46973 0
47013 79
47645 0
48148 66
48397 0
49133 67
49870 0
50324 85
50561 0
50846 68
52478 66
54220 0
54475 85
55908 68
56278 0
56612 68
58571 79
58638 0
61056 85
61516 78
62002 0
62437 68
62669 0
63016 79
63506 79
63913 0
64360 67
65510 0
66034 67
66279 0
66935 70
68505 0
69226 67
69259 0
70021 66
70181 0
70182 85
70806 85
70839 0
70990 78
71053 0
71130 59
71194 0
72736 59
73347 0
73663 78
74078 78
74108 0
74471 78
75268 0
76162 59
76244 79
76881 0
77716 73
78742 0
79037 78
81461 0
81491 85
82494 0
82663 67
82812 0
82923 68
84110 0
85049 68
85346 85
85612 0
86220 67
86324 0
87437 78
87834 79
88236 0
88723 85
89044 0
89108 66
89381 0
90426 73
90470 0
90793 78
91312 0
92835 70
93590 0
94509 85
94563 0
95184 73
95428 0
98492 78
99171 0
829 events for 2
286 80
531 81
746 0
899 80
936 0
1079 81
1129 0
1231 80
1314 0
1360 81
1406 81
1450 81
1501 0
1657 81
1825 81
1912 80
1921 0
2093 81
2275 80
2336 81
2456 0
2516 80
2615 0
2719 81
2951 81
3007 0
3026 81
3121 80
3205 81
3275 0
3304 81
3483 0
3563 81
3750 81
4374 0
4551 81
4628 0
4668 81
4730 0
4916 81
4952 81
5099 0
5101 81
5156 81
5466 0
5545 81
5695 0
5904 81
5961 0
6031 80
6090 0
6190 80
6195 81
6198 81
6341 0
6439 80
6684 0
6824 80
6949 0
7181 81
7506 0
7640 81
7876 0
7966 81
8269 81
8342 0
8396 81
8437 0
8649 81
8999 80
9059 0
9175 80
9239 81
9475 81
9575 0
9737 81
9778 0
9946 81
10036 0
10156 81
10258 0
10276 81
10353 81
10501 0
10719 81
10783 0
11086 81
11216 0
11251 81
11313 81
11338 0
11516 81
11518 0
11601 81
11784 80
11838 0
11852 80
11930 81
11957 81
12004 81
12448 81
12644 0
12648 80
12913 81
13091 0
13163 81
13184 80
13321 0
13379 81
13383 80
13465 0
13566 81
13655 81
13806 81
13887 0
13925 81
13991 0
13994 80
14061 0
14089 81
14292 0
14330 81
14364 0
14415 81
14852 81
14990 81
15003 0
15020 80
15220 81
15234 81
15281 0
15375 81
15509 0
15520 81
15878 0
16027 81
16592 81
16642 0
16677 81
16684 0
16905 81
17341 0
17383 81
17531 0
17595 81
17643 81
17698 81
17871 0
17881 81
17926 0
17972 80
18048 0
18092 81
18206 80
18394 81
18460 0
18487 81
18530 0
18734 81
19199 0
19351 80
19386 80
19472 81
19517 81
19554 0
19610 81
19656 0
19830 81
20051 0
20323 81
20362 0
20419 81
20493 0
20518 81
20519 81
20523 0
20635 81
20661 80
20679 0
20808 81
20911 0
21146 80
21292 0
21408 81
21596 0
21637 81
21999 80
22034 0
22236 80
22399 0
22478 81
22500 0
22672 81
22899 0
22982 81
22992 0
23025 81
23126 0
23521 80
23626 0
23640 80
23833 0
24111 81
24169 0
24570 80
24757 0
24838 81
25051 81
25081 0
25271 81
25356 0
25405 80
25440 81
25468 80
25723 0
25922 81
26265 80
26357 81
26516 81
26625 80
26658 0
26754 81
26841 0
26957 81
27097 0
27258 81
27292 81
27389 0
27530 80
27674 81
27704 0
28238 81
28435 81
29057 0
29068 80
29206 0
29235 81
29366 81
29386 0
29391 81
29596 0
29611 80
29617 0
29667 80
29938 0
29968 81
30024 81
30149 0
30372 80
30443 0
30457 81
30517 0
30533 81
30590 81
30635 0
30712 80
30806 0
30849 81
30948 0
31103 81
31112 0
31151 80
31214 0
31320 80
31322 0
31508 80
31623 81
31665 0
31690 81
31786 0
31961 81
31986 0
32069 80
32091 0
32105 81
32205 81
32280 0
32766 81
32984 0
33348 81
33355 80
33434 0
33613 81
33639 0
33733 81
33762 0
33811 80
33950 0
34059 80
34090 0
34196 81
34727 0
34737 81
34784 0
34891 81
35051 0
35079 81
35115 80
35258 0
35296 81
35388 0
35449 80
35472 81
35494 0
35627 81
35676 0
35679 81
35764 0
35806 81
35858 0
35956 81
36071 81
36179 0
36214 81
36835 81
37079 81
37135 81
37417 0
37689 81
37954 0
38057 81
38082 0
38158 81
38320 81
38336 0
38359 81
38442 0
38444 81
38505 0
38582 81
38867 0
38971 80
39196 0
39248 81
39391 0
39573 80
39607 81
39700 80
39800 0
39910 80
39979 0
40060 81
40322 0
40338 81
40346 81
40562 0
40671 81
40714 81
41045 0
41076 81
41210 0
41428 81
41469 81
41516 0
41529 81
41672 0
41692 81
41827 0
41869 81
42104 80
42334 0
42378 81
42495 80
42595 0
42617 81
42856 0
42965 81
43160 81
43198 0
43371 81
43633 0
43940 81
43995 0
44182 81
44416 80
44436 81
44648 80
44660 81
44742 0
44864 80
44932 0
44954 81
45137 0
45154 80
45256 80
45414 81
45438 81
45524 0
45570 81
45720 0
45784 80
45866 81
45868 80
45876 0
45879 81
45894 0
45914 80
45978 0
46159 81
46223 0
46230 80
46397 80
46497 0
46546 80
46772 81
46794 0
46944 81
46948 0
47003 81
47013 0
47079 80
47098 81
47108 81
47208 0
47212 80
47249 0
47256 80
47293 0
47349 81
47602 0
47611 81
47686 80
47714 81
47738 0
47793 80
47803 80
47867 0
48049 80
48062 80
48270 0
48299 80
48370 0
48389 81
48623 0
49322 81
49429 80
49585 81
49843 80
49968 81
50012 0
50799 81
50824 0
50872 80
50980 0
50981 81
51309 0
51371 81
51380 0
51733 81
51880 81
51929 81
52003 0
52007 81
52029 0
52040 81
52119 0
52141 81
52455 0
52891 80
53263 0
53316 81
53342 0
53435 81
53502 0
53792 81
54014 0
54030 81
54395 0
54511 81
55001 81
55041 80
55196 0
55321 81
55376 80
55445 81
55612 0
55676 81
55803 0
55839 80
55893 80
55990 0
56048 81
56331 0
56545 81
56645 0
56797 81
57228 0
57249 81
57422 81
57436 0
57564 81
57622 81
57929 0
57983 81
58133 81
58363 0
58453 80
58497 0
58553 81
58666 0
58698 81
59194 0
59386 80
59449 0
59481 80
59626 0
59802 81
59838 81
60036 0
60199 81
60242 80
60368 0
60645 81
60746 80
60747 0
60768 81
60849 0
61209 81
61219 0
61241 81
61451 81
61525 80
61646 0
61730 80
61735 0
61856 80
61908 81
62024 0
62193 81
62321 0
62467 81
62559 80
62571 0
62606 81
62721 81
62898 0
62904 81
63051 0
63108 80
63395 0
63494 81
63871 0
64028 81
64175 81
64230 80
64406 80
64502 0
64796 80
64857 0
64930 80
64963 0
65292 80
65310 0
65463 81
65517 81
65574 81
65782 0
65820 81
65945 81
66074 81
66114 81
66149 0
66336 80
66416 81
66440 0
66472 81
66515 0
66612 81
66796 0
66933 81
67123 0
67258 80
67351 0
67404 80
68003 81
68110 0
68249 81
68396 81
68424 81
68993 0
69325 81
69458 80
69748 80
69816 81
69820 0
69822 81
69858 0
69904 81
70036 0
70226 81
70343 0
70347 81
70356 0
70432 81
70651 0
70686 81
70754 0
70779 80
71183 80
71188 0
71194 81
71256 0
71264 81
71559 0
71802 81
71859 81
72160 0
72713 81
72736 0
72819 81
72920 81
73049 81
73052 0
73061 81
73169 0
73172 80
73263 0
73448 81
73493 80
73645 0
73675 81
73713 0
73773 80
73918 81
73972 0
74000 80
74031 81
74128 81
74226 80
74236 81
74323 0
74328 81
74402 0
74508 80
74615 0
74964 81
75177 80
75505 81
75549 0
75737 81
76028 0
76086 81
76167 0
76235 81
76310 0
76336 81
76359 81
76468 81
76508 80
76550 81
76758 0
76780 81
76978 0
77050 81
77151 80
77268 0
77374 81
77428 0
77892 81
78061 0
78071 81
78254 0
78356 81
78401 0
78552 81
79216 0
79242 81
79307 0
79405 81
79600 0
79779 81
79792 0
79910 81
80086 0
80317 81
80357 0
80374 81
80736 0
80807 81
80836 0
80877 81
80880 81
80894 0
81014 81
81297 81
81554 0
81806 81
81939 0
81976 81
82090 0
82154 81
82423 81
82703 0
82752 81
82898 0
83172 80
83285 0
83295 80
83550 80
84132 80
84172 0
84365 81
84682 0
84846 81
84988 81
85042 0
85153 80
85188 81
85224 81
85287 81
85321 0
85451 80
85453 0
85565 81
85593 0
85615 81
85676 0
85701 80
85877 81
86080 0
86270 81
86298 0
86424 81
86692 0
86709 81
87186 0
87294 81
87715 0
87748 80
87990 81
88091 0
88173 81
88380 0
88608 81
88616 81
88657 0
88811 81
88956 0
88996 81
89117 0
89128 80
89253 0
89258 81
89290 0
89550 81
89554 0
89699 81
89807 0
89843 80
90170 81
90181 0
90183 81
90293 0
90365 80
90371 0
90375 81
90501 0
90543 81
90619 0
90810 80
90811 0
90923 81
91228 0
91256 81
91259 80
91318 0
91566 81
91584 0
91738 81
91834 0
92011 81
92094 81
92239 0
92342 81
92370 0
92528 80
92782 81
92880 81
92902 0
93297 80
93435 0
93950 81
94323 0
94621 81
94673 81
94775 0
94888 80
95094 0
95143 81
95159 81
95259 81
95316 0
95457 81
95504 80
95550 0
95592 81
95638 0
95940 81
96150 0
96324 81
96387 81
96430 0
96438 81
96534 0
96550 81
96610 0
96664 81
96786 0
96810 81
96839 0
96916 81
96977 0
97105 81
97124 80
97200 81
97245 0
97338 81
97974 81
98319 81
98331 0
98541 81
98623 0
98856 81
98861 81
98963 0
99022 81
99140 0
99336 81
99745 81
204 events for 3
823 64
1423 0
3632 64
3654 62
5459 0
6509 62
6762 0
7360 62
8011 0
8283 64
8784 62
9326 64
9542 0
9775 62
10508 0
10603 62
11310 0
12349 62
13309 0
13414 62
13482 62
14360 0
14796 62
15119 0
15566 64
15861 0
16568 62
16894 0
17417 62
17986 0
18239 62
18246 0
18756 64
18960 64
19050 0
19311 62
20335 62
21226 0
21372 64
21458 0
21909 62
22333 64
23060 64
23301 64
23685 0
24085 64
25597 62
25995 0
26967 62
27988 0
28432 62
28625 64
29205 0
29219 64
29990 62
30614 0
31301 62
32172 64
32177 0
33771 62
34491 0
35562 64
36513 0
36752 64
37157 62
37206 64
37262 64
38996 0
39185 62
39395 0
39432 64
40004 62
40447 0
40814 64
41190 0
41514 64
42399 0
42540 62
42676 0
42730 64
43978 0
43993 62
45020 0
45149 62
46170 0
46383 62
46473 0
46542 62
47460 0
47584 62
48089 64
48204 0
49178 62
49289 0
49683 62
50042 0
50067 62
51069 0
51341 62
51848 0
52517 64
52960 0
53284 62
53721 62
54017 64
54931 0
55297 64
55647 0
56051 64
57036 0
57532 64
59857 0
60396 64
61411 0
61647 64
63006 64
63178 62
63227 62
64915 64
65252 62
66597 62
67053 0
67138 64
67578 0
67830 62
67993 0
68807 62
69024 0
69918 64
70345 0
70705 64
71127 0
71356 62
71463 64
71779 64
71872 64
72473 0
72555 62
72595 0
72606 64
72740 0
72742 64
72782 0
73642 62
73683 0
73791 62
74608 0
74851 62
75285 64
75324 0
75537 64
76468 0
76544 62
78345 0
79281 64
79431 0
79537 64
79792 0
79975 64
80571 64
82196 0
82250 64
82301 62
83245 0
83630 64
83857 0
83980 64
84241 62
84498 64
84572 0
84816 62
85256 0
85436 64
86083 0
86509 64
86953 0
87222 62
87474 0
88004 64
88370 62
88787 0
89202 64
89712 0
90074 64
90829 0
93081 64
93920 62
94017 0
94515 64
95521 0
95670 64
96236 0
96515 64
96616 0
96914 64
96952 0
97928 62
98108 0
98194 62
99242 0
99415 62
99466 62
99533 0
99824 64
777 events for 4
132 39
167 59
184 0
388 70
469 0
470 59
649 0
667 64
677 0
705 56
713 70
772 39
858 64
1066 0
1077 56
1141 0
1246 70
1414 0
1560 70
1847 56
1934 0
1952 64
2109 0
2111 56
2168 0
2287 64
2359 0
2462 56
2470 0
2608 56
2873 0
2940 64
3200 0
3786 39
3905 0
4077 43
4284 64
4403 0
4700 64
4758 59
4804 0
4820 39
5023 0
5141 59
5368 0
5534 39
5581 0
5987 64
6013 0
6049 64
6362 0
6390 59
6400 0
6541 43
6629 0
6652 56
7184 70
7333 39
7600 0
8047 64
8273 0
8506 59
8546 0
8598 43
8683 0
8821 56
9160 0
9168 59
9212 0
9339 39
9347 70
9410 64
9437 0
9542 64
9591 0
9711 39
10013 0
10108 59
10236 0
10293 64
10328 0
10360 39
10833 0
11303 39
11367 0
11402 59
11438 0
11470 39
11593 0
11982 64
12061 64
12206 0
12311 59
12405 0
12713 70
12767 70
12845 59
12906 0
13103 56
13214 0
13225 59
13363 64
13549 0
14041 39
14189 0
14351 56
14421 0
14459 43
14694 64
14828 0
15125 56
15225 0
15283 64
15631 64
15695 0
15754 64
15812 0
16174 70
16370 59
16423 0
16705 70
16815 64
16830 39
16974 0
16978 64
16980 0
17030 70
17241 43
17450 59
17596 39
17699 0
17721 59
17736 64
17779 43
18095 43
18199 0
18368 59
18391 59
18486 0
18713 56
18730 0
18831 43
18866 0
19003 43
19045 64
19145 0
19353 59
19410 0
19448 39
19511 64
19901 0
20000 43
20033 0
20041 59
20105 0
20197 64
20206 0
20231 39
20235 64
20382 0
20453 70
20485 0
20511 56
20555 70
20564 39
20638 0
20711 64
20977 0
21093 59
21445 0
21486 39
21527 70
21695 59
21805 70
21894 0
22276 39
22432 0
22461 64
22839 56
22876 0
22889 39
23230 0
23481 43
23626 0
23657 56
23691 39
23693 0
23703 39
23758 0
23839 64
23914 0
24039 70
24057 0
24108 56
24115 0
24128 56
24302 0
24520 64
24654 56
25348 0
25349 70
25368 0
25525 56
25584 0
25822 64
25835 70
25931 64
26042 39
26139 0
26155 43
26281 0
26658 56
26689 43
26855 0
26963 56
26990 0
27099 39
27126 70
27343 0
27347 39
27376 39
27422 64
27466 0
27542 39
27702 0
27777 56
27872 39
27975 0
27997 64
28040 64
28087 0
28226 43
28479 0
28511 64
28526 0
28559 70
28645 0
28733 39
28847 0
29007 64
29074 43
29298 0
29672 64
29698 0
29804 59
30083 0
30107 70
30111 70
30183 0
30221 59
30255 70
30263 0
30426 64
30578 0
31095 56
31258 0
31276 70
31610 0
31777 59
31889 0
31893 56
31950 0
32032 56
32281 56
32355 0
32364 64
33046 0
33119 70
33561 0
33647 43
33668 56
33820 0
34022 70
34058 70
34085 0
34135 39
34139 64
34297 0
34458 64
34476 0
34480 39
34540 0
34548 56
34746 64
35054 0
35157 59
35205 0
35356 56
35367 0
35466 64
35574 39
35678 0
35811 56
36018 64
36123 0
36229 43
36304 0
36346 64
36687 0
36791 64
36854 0
36962 39
37171 59
37226 0
37619 43
37766 64
37809 0
38024 39
38049 70
38135 64
38626 0
38926 56
39411 0
39542 59
39867 64
39870 0
39898 59
39912 0
40486 70
40562 0
40703 59
40740 0
40791 64
40927 0
41016 56
41025 0
41170 39
41691 0
41858 64
41859 0
42090 64
42127 0
42153 43
42196 64
42438 0
42655 64
42708 59
42805 0
42972 56
42997 0
43037 59
43168 0
43215 70
43389 39
43419 0
43635 59
43714 64
43904 0
44043 56
44056 0
44130 70
44481 0
44494 70
44682 0
44804 43
44820 39
44850 0
44964 64
45038 0
45231 64
45286 0
45555 43
45567 39
45666 0
45818 70
45889 0
45956 56
46001 0
46113 43
46183 0
46210 56
46258 64
46681 0
46845 64
46869 0
46936 56
46940 0
46982 43
47180 0
47245 59
47457 0
47486 64
47550 43
47756 43
47904 0
47998 70
48477 64
48634 0
48753 70
48761 64
48864 0
49004 59
49043 64
49202 0
49348 39
49407 0
49413 59
49527 0
49611 64
49632 56
49776 0
49975 39
50426 0
50493 64
50554 39
50625 43
50645 0
51078 39
51110 43
51164 64
51209 64
51348 0
51349 64
51403 0
51488 39
51664 0
51684 70
52000 0
52071 43
52078 0
52093 59
52120 64
52164 0
52701 59
53023 56
53274 56
53309 0
53372 59
53554 0
53734 56
53774 70
53781 43
53782 0
53820 70
53848 0
53887 43
54111 0
54194 56
54243 0
54455 64
54517 0
54582 59
54729 0
54755 56
54845 0
54873 64
55040 0
55056 59
55618 0
55740 39
55813 0
55866 43
55958 0
56039 64
56275 59
56347 59
56390 0
56402 64
56862 64
57025 59
57236 0
57370 59
57504 64
57520 0
57620 43
57790 0
57939 70
58074 70
58386 0
58438 59
58588 0
58658 70
58888 0
58986 56
59097 0
59339 39
59350 70
59398 0
59975 43
60087 0
60181 64
60257 56
60455 0
60683 64
60847 0
60944 59
61005 0
61179 43
61359 0
61850 70
61866 0
62021 70
62107 0
62286 56
62381 0
62386 64
62392 43
62443 0
62455 56
62490 70
62535 0
62561 56
62792 0
62824 64
63040 43
63229 56
63238 0
63590 56
63600 0
63764 59
63951 0
64158 70
64259 0
64294 43
64439 0
64539 70
64561 0
64636 64
64729 0
64771 39
64993 0
65162 59
65169 0
65260 43
65531 0
65564 64
65762 43
66054 0
66295 64
66417 0
66495 43
66621 70
66662 0
66667 64
66721 0
66815 64
66867 0
66876 70
67036 0
67079 64
67206 0
67358 70
67370 0
67542 64
67630 56
68546 0
68741 56
68745 0
68977 43
69059 64
69074 0
69179 39
69784 70
70078 70
70255 0
70383 56
70418 0
70507 56
70603 70
70706 0
70907 39
70917 0
71279 59
71290 0
71437 70
71600 0
71693 64
71882 0
71967 70
72065 0
72121 39
72758 0
73156 43
73171 0
73458 64
73535 59
73605 0
73683 59
73856 39
73865 59
73991 0
74088 70
74113 0
74129 43
74192 0
74455 39
74568 59
74624 0
74627 64
74769 0
74825 64
74839 0
74973 43
75122 64
75354 0
75522 59
75761 56
75853 0
75863 39
75978 56
76077 0
76096 59
76113 56
76201 70
76305 0
76341 70
76399 0
76437 70
76469 0
76615 64
76941 59
76954 56
77344 0
77564 64
77651 0
77672 59
77842 0
78003 39
78011 64
78023 43
78042 0
78051 43
78058 0
78383 64
78941 0
78942 70
79301 0
79530 64
79587 0
79621 56
79806 0
79807 43
79895 39
79931 0
79964 59
80053 70
80179 0
80363 64
80392 0
80410 70
80454 0
80690 56
80699 0
80750 43
80930 0
81056 39
81081 0
81182 56
81484 0
81542 64
81554 43
81597 0
81669 64
81748 0
82035 70
82040 0
82106 43
82445 64
82608 0
82722 56
82918 56
82919 0
83103 59
83537 64
83568 0
83666 64
83727 0
83745 64
83831 0
83832 64
84160 0
84391 39
84574 43
84609 0
84621 39
84639 0
84708 64
84858 43
85261 59
85340 0
85436 56
85488 0
85808 64
86166 70
86182 0
86214 59
86305 0
86485 64
86632 0
87172 39
87233 56
87274 0
87370 43
87451 0
87902 59
88240 0
88328 59
88484 0
88596 39
88843 0
89266 59
89324 0
89865 43
90011 0
90086 56
90547 0
90585 43
90708 0
91044 70
91081 0
91428 59
91432 0
91554 56
92013 70
92058 0
92113 64
92254 0
92556 59
92655 0
92691 56
92709 0
92734 56
92765 0
93012 39
93193 59
93244 0
93421 56
93482 0
93508 59
93667 0
93750 39
93874 0
94255 64
94423 0
94767 39
94792 43
94821 0
94865 59
95381 43
95633 0
95693 70
95748 39
95843 0
95864 59
96061 0
96062 39
96073 0
96147 59
96184 0
96212 43
96398 0
96541 64
96553 0
96574 43
96610 64
96771 59
96781 64
96948 43
97068 0
97072 39
97109 0
97113 59
97894 0
97961 59
98009 70
98089 0
98090 70
98104 56
98261 0
98287 56
99404 56
99427 0
99577 64
99784 0
99785 70
99808 39
99940 43
661 events for 5
129 78
295 79
334 79
408 0
462 78
477 79
845 0
947 79
1174 0
1363 79
1448 78
1461 0
1570 78
1738 0
1899 78
1912 0
2088 79
2354 79
2584 79
2677 79
2724 79
3616 79
3700 0
3758 79
3900 79
4121 0
4161 79
4319 79
4552 78
4735 0
4964 79
4971 0
5017 79
5262 78
5596 0
5765 79
5889 79
5972 0
6185 78
6418 0
6762 79
7185 0
7211 79
7505 0
7635 78
7783 0
7912 79
8381 78
8391 0
8519 79
8683 0
8943 78
9047 0
9095 79
9285 0
9622 78
9638 0
9747 79
9859 0
9921 78
10087 0
10471 79
10510 0
10652 79
10786 0
10914 78
11294 0
11333 79
11389 0
11442 79
11797 78
12270 78
12384 0
12503 79
12537 0
12567 79
12634 0
12723 79
12772 79
12908 0
12963 78
13003 0
13061 79
13081 0
13126 78
13184 79
13488 0
13639 79
14431 0
14530 78
14537 79
14543 79
15220 0
15408 79
15669 0
15712 79
15760 79
15903 0
16048 79
16157 79
16314 0
16319 79
16895 79
16921 0
17021 79
17224 79
17243 0
17298 79
17357 79
17368 0
17399 79
17480 0
17727 78
17852 78
17909 0
17995 79
18011 0
18061 78
18214 79
18598 0
18866 79
18917 0
19256 79
19431 79
19458 0
19619 79
19643 78
19692 0
19914 79
19973 0
20200 78
20652 0
20717 79
21143 79
21209 0
21358 79
21454 0
21609 79
21626 0
21639 78
21816 79
21892 0
21955 79
21968 78
22032 0
22108 78
22128 0
22324 78
22669 78
22856 0
22963 79
23053 0
23110 79
23214 0
23243 79
23618 79
23675 0
24074 79
24087 79
24319 0
24393 79
24513 0
24613 79
24670 79
24793 0
24894 79
25042 79
25059 0
25744 78
25874 0
26314 78
26380 0
26533 79
26655 0
26970 78
27161 78
27320 79
27336 0
27463 79
27528 0
27599 79
27810 79
27821 79
27931 0
28227 78
28327 0
28348 79
28525 0
28867 79
28990 78
29140 0
29170 79
29578 79
29772 0
29890 79
29902 0
30101 79
30147 0
30254 79
30525 78
30596 0
30669 78
30945 78
31032 0
31080 78
31189 0
31200 78
31387 0
31615 78
31860 0
32042 79
32103 0
32104 79
32358 78
32432 79
32444 79
32592 0
33031 79
33192 0
33234 79
33263 0
33435 79
33605 79
33716 79
33834 0
33872 79
33910 0
33968 78
33970 0
34379 79
34454 0
34649 79
34689 0
34723 78
34759 0
34862 79
35326 0
35361 79
35672 0
35725 79
35739 0
35752 79
36015 78
36038 0
36198 78
36323 0
36344 78
36390 0
36430 79
36485 78
36739 79
37024 0
37377 78
37639 0
37777 78
37863 0
37913 79
38225 79
38262 78
38401 0
38428 79
38464 78
38608 0
38789 79
38839 78
38842 78
38867 0
38928 79
38974 79
39066 0
39397 79
39400 0
39693 79
39844 0
39989 79
40003 78
40058 79
40129 0
40277 79
40356 0
40541 78
40737 78
40920 78
41198 0
41255 78
41434 0
41512 79
41552 79
41750 78
41818 0
41976 78
42065 0
42202 78
42582 79
42586 0
42621 78
42653 0
43079 79
43450 0
43485 79
43805 0
43968 78
44047 79
44065 0
44541 79
44569 79
44977 0
45176 78
45218 0
45489 78
45742 79
46049 79
46205 0
46276 79
46670 0
46850 78
47054 78
47273 0
47732 79
48159 79
48163 0
48207 79
48244 0
48367 79
48460 78
48803 0
49069 78
49571 0
49578 79
49699 0
50329 79
50476 79
50564 0
50723 79
50750 0
50884 79
51095 0
51180 79
51341 78
51393 0
51424 78
51550 79
51743 0
51746 79
51755 0
52126 79
52197 0
52219 78
52235 78
52329 0
52561 79
53022 0
53477 78
53711 0
53743 79
53790 0
53837 79
53856 0
54142 79
54201 0
54297 78
54463 0
54559 79
54676 0
54843 79
55211 0
55264 78
55310 0
55333 79
55599 0
55851 79
55922 0
56348 79
56358 0
56532 79
56811 0
56968 79
57089 78
57427 79
57866 0
57978 78
58115 79
58152 0
58493 78
58551 0
58624 79
58817 0
58926 78
59162 0
59201 79
59650 78
59886 79
60038 0
60067 79
60994 0
61137 79
61237 78
61242 79
61243 0
61275 78
61404 0
61523 78
61708 0
61900 78
62045 0
62197 78
62285 0
62423 78
62709 0
63098 79
63177 0
63564 79
63636 0
63822 79
63841 0
64262 78
64397 0
64470 79
64490 0
64574 79
64967 0
65021 79
65115 0
65570 79
65608 79
65801 0
65821 79
65862 0
66055 78
66185 78
67024 0
68434 79
68581 0
68683 78
68739 79
69303 79
69314 0
69592 79
70104 0
70296 79
70882 79
70970 79
71001 79
71087 0
71331 79
71419 0
71497 79
71522 79
71552 0
71583 78
71585 78
71748 0
71898 79
71940 0
72017 79
72091 0
72360 79
72520 0
72563 79
72632 0
72927 79
73007 0
73014 79
73034 0
73128 79
73209 78
73252 0
73619 79
73860 0
73965 78
73971 79
74059 0
74063 78
74250 79
74270 0
74513 79
74925 0
75148 79
75996 0
76625 79
76708 79
76796 79
77111 0
77135 78
77539 0
77663 78
77678 0
77681 79
77741 78
77909 0
77962 79
78104 0
78117 79
78211 0
78332 79
78412 0
78489 78
78759 79
78859 0
78980 78
79183 0
79254 79
79404 0
79643 79
79754 0
79808 79
79908 0
80014 79
80095 0
80131 79
80309 79
80503 0
80563 79
80580 0
80866 79
80957 79
80992 0
81120 79
81230 0
81308 79
81391 0
81435 79
81560 0
81621 79
81698 79
81724 79
81732 0
81766 78
81859 78
82005 79
82228 78
82363 0
83067 79
83367 0
83588 79
83656 0
84091 79
84278 0
84404 79
84710 0
84866 79
85168 0
85480 79
85530 0
85586 79
85891 79
86083 79
86311 79
86470 79
86479 0
86636 78
86697 79
86784 0
86994 79
87086 0
87160 78
87485 0
87552 79
87574 78
87631 79
87669 0
87733 78
87791 0
87874 79
87884 79
88008 78
88010 0
88057 79
88198 0
88203 79
88256 0
88316 78
88354 0
88576 78
88582 0
88637 79
88684 0
88710 78
88770 0
88810 79
88842 78
88968 0
88974 79
89200 79
89399 0
89751 79
89772 0
89799 79
89802 0
89865 79
89890 78
89894 0
90081 79
90108 0
90345 79
90412 0
90555 79
90594 79
90602 0
90830 78
90981 78
91055 79
91104 79
91317 79
91318 0
91353 79
91664 79
91701 0
91702 79
91916 0
92057 78
92077 0
92125 79
92334 0
92472 79
92892 0
93218 79
93274 79
93443 0
93590 78
93591 0
93830 79
94009 0
94035 78
94518 79
94584 0
94616 79
95164 0
95308 78
95337 0
95532 79
95585 0
95636 79
95817 0
95837 79
95849 0
95961 79
95975 0
96784 78
96945 0
96956 78
96981 0
97130 78
97132 79
97541 0
97578 78
97635 79
97971 0
98068 79
98191 0
98296 78
98435 79
98865 0
98876 79
99046 0
99085 78
99386 0
99482 79
99543 0
99672 78
99770 78
128 events for 6
3070 72
4041 0
4217 36
4399 0
5941 39
6175 91
7627 0
10319 91
11456 0
11988 72
15289 36
15938 0
16053 91
17114 0
17177 76
17551 0
18066 76
18663 0
19717 76
19838 0
19890 91
20198 0
20492 39
20713 0
20757 36
21243 0
22099 72
23218 0
25099 76
25147 36
27297 0
28132 76
29667 39
33561 0
34348 39
34648 0
34978 91
35196 0
36234 39
36323 76
36353 0
36622 72
36703 0
39075 39
39762 72
42012 0
42122 91
42129 39
43699 91
46209 36
46294 72
46477 0
47621 91
47656 0
48843 72
49603 76
51662 0
53718 91
53990 0
54392 91
54709 91
54835 0
55889 91
56225 91
56605 0
57576 76
58189 0
58207 72
58369 0
59870 76
59994 76
60722 0
61343 76
61475 0
61702 72
61894 0
62379 39
66236 0
66436 39
66569 0
67777 76
68226 0
68237 91
69256 0
69438 76
72648 0
72796 91
72915 0
73208 76
74985 0
75555 72
78363 0
78876 39
79231 0
79483 76
79697 91
79795 0
80362 91
82288 0
83842 36
83862 0
85029 91
85072 39
86030 0
88275 91
88432 0
88538 76
88977 76
89206 0
89730 72
90358 76
90370 0
90450 72
91438 0
91748 91
91764 0
92088 91
92778 0
93169 72
94712 0
96545 39
96551 0
96929 36
97037 0
97451 91
98473 0
98538 91
99652 0
556 events for 7
54 38
73 38
184 0
443 38
519 24
663 0
779 24
1063 29
1582 0
1757 25
2275 0
2315 29
2907 38
2927 0
3090 25
3471 0
3511 38
4148 0
4379 38
4501 0
4502 38
4535 38
4679 38
4824 0
4878 29
5079 25
5200 0
5284 38
5384 38
5474 0
5599 38
5715 29
6041 38
6276 0
6278 24
6449 0
6882 38
7016 0
7046 25
7670 0
7714 27
7865 0
7877 38
7890 0
7922 38
8043 0
8121 25
8328 0
8505 25
8602 38
9268 0
9956 25
10344 0
10560 38
10572 0
10630 38
11295 0
11966 27
12356 0
12362 27
12473 0
12550 29
13168 0
13545 38
13770 0
13814 27
14087 0
14103 25
14796 0
15147 24
15154 38
15211 0
15302 25
15383 0
15398 25
15592 0
15631 25
15739 0
15792 38
15967 0
16425 38
16456 29
16518 0
16554 25
16796 0
17154 38
17347 0
17753 38
17930 0
18043 27
18232 0
19254 29
19513 0
19878 24
20400 0
20409 29
20483 0
20516 38
20845 25
21128 0
21420 38
21731 0
21919 24
22169 0
22771 27
23082 0
23222 27
23304 38
23394 0
23493 24
23646 0
23701 38
23965 38
24063 24
24299 0
24677 24
24865 0
25043 38
25121 0
25210 38
25403 0
25871 24
26056 0
26278 27
26444 0
26890 38
26965 0
26967 29
27023 0
27118 38
27250 25
27422 0
27491 27
27557 0
27594 38
27651 38
28564 0
28682 27
28870 29
29099 0
29168 38
29335 0
29341 29
29498 0
29585 24
29686 0
29695 25
29941 0
30153 24
30946 38
31020 0
31049 27
31358 0
31498 38
31650 0
31790 29
31798 0
32491 38
32533 25
32759 0
32763 24
33007 0
33121 38
33286 0
33292 29
33318 0
33589 38
33892 0
33963 38
33965 0
34178 29
34382 0
34477 38
34616 0
34919 38
35141 0
35297 29
35583 0
36080 25
36085 27
36239 24
36301 0
36331 29
36415 0
36506 27
36973 25
36999 0
37363 38
37861 0
37988 38
38033 27
38798 0
38808 38
38899 0
39030 38
39051 0
39264 38
39597 38
40001 0
40156 29
40474 0
40613 38
40756 0
40919 38
40925 0
41252 27
41392 38
41589 0
41667 38
41717 25
41828 25
41899 38
42019 0
42570 29
42690 0
42986 38
43166 0
43706 38
44261 0
44365 29
44449 0
44520 38
44716 0
44882 38
44965 0
45081 38
45125 24
45788 0
46264 27
46528 0
46575 38
47186 29
47682 29
47826 38
48053 0
48304 25
48346 0
48435 25
48979 0
49134 24
49185 27
49199 0
49256 38
49645 27
49731 38
50099 24
50527 24
50587 25
50590 0
50611 38
50929 0
50962 25
50982 0
51017 29
51427 0
51682 27
51691 0
51860 24
52012 0
52232 38
52503 0
52554 29
52826 0
53109 27
53144 0
53240 38
53275 38
53344 25
53383 38
53387 0
53802 29
53848 0
54493 38
55039 29
55081 0
55299 38
55338 0
55380 24
55488 0
55937 29
55997 0
56108 27
56315 0
56441 25
56562 0
56613 25
56661 0
56712 38
56865 0
56921 29
57001 38
57023 24
57038 0
57197 38
57329 0
57427 25
57717 0
58108 38
58155 0
58641 25
59548 25
59683 0
59697 38
59709 0
59743 24
60180 0
60252 25
60397 0
60486 38
60630 25
60799 0
60932 38
60958 0
61037 38
61244 24
61304 0
61580 24
61697 0
61735 27
61940 0
62590 24
62716 38
63025 24
63088 0
63113 38
63153 0
63155 24
63199 29
64301 0
64402 24
64440 0
64488 38
64535 24
64876 0
64898 27
65188 0
65389 25
65648 0
65672 38
65864 29
66026 0
66039 25
66114 0
66257 38
66417 38
66764 29
66829 27
67203 0
67457 25
67465 0
67548 25
67561 0
67885 29
68257 0
68550 25
68554 38
68614 38
68641 29
68707 24
68734 0
68828 25
68945 24
68968 38
69049 0
69295 38
69335 0
69475 38
69703 38
69728 0
69904 38
70139 27
70227 0
70239 27
70353 0
70588 24
70667 24
71664 38
71813 0
72071 24
72416 0
72459 29
72808 0
72857 25
72983 25
73078 0
73275 27
73281 38
73495 0
73518 38
73843 0
73866 29
73868 0
74100 27
74438 0
74687 29
74833 0
75409 27
75631 38
75653 0
76103 24
76284 0
76526 27
76724 0
76757 27
76779 0
76793 38
76994 0
77154 29
77303 38
77361 0
77900 24
77931 0
77988 25
77991 38
78151 0
78187 25
78335 38
78387 0
78568 29
78717 0
79055 29
79098 0
79283 27
79509 0
79746 38
80320 0
80922 24
81006 0
81115 38
81910 0
82132 38
82597 38
82975 0
83042 38
83061 0
83221 25
83346 0
83452 25
83653 0
83749 38
83887 27
84516 25
84661 0
84710 29
84983 0
84985 25
85076 0
85224 38
85313 29
85332 0
85371 38
85400 0
85723 29
86015 25
86089 0
86209 25
86328 0
86523 24
86579 38
86619 0
86623 24
86639 0
86874 25
86943 0
87300 24
87649 38
87947 38
88107 0
88157 38
88231 0
88316 38
88332 0
88362 29
88409 0
88520 24
88690 29
89033 0
89105 27
89255 0
89483 38
89570 0
89773 27
89778 0
89889 25
89929 0
89960 38
90022 0
90268 25
90297 0
90410 38
90419 0
90422 24
90481 0
90837 27
90879 0
90988 38
91034 0
91095 38
91099 0
91437 38
91439 0
91837 38
92035 0
92041 38
92080 0
92294 38
92648 0
92651 29
92726 0
92751 38
92795 29
92918 0
93166 25
93257 0
93818 38
93992 24
94140 27
94213 0
94489 38
94590 0
94665 24
94817 29
94870 29
94929 27
95150 0
95320 25
95457 0
95803 38
95980 0
96022 38
96139 27
96228 0
96386 29
96621 38
96629 29
96913 38
97532 0
97558 25
98062 0
98067 29
98084 27
98092 29
98249 0
98262 38
98416 0
98482 25
98490 0
98553 29
98653 0
98838 38
99060 0
99069 27
99330 27
99424 27
99430 0
99456 25
916 events for 8
365 69
453 0
813 69
863 0
878 69
973 0
1014 69
1038 0
1083 69
1178 0
1290 69
1531 0
1638 69
1811 69
1862 0
1918 69
1984 0
2145 69
2471 0
2500 69
2638 0
2791 69
2956 69
3021 0
3070 69
3210 69
3631 0
3661 69
3695 69
3723 0
3906 69
4161 0
4323 69
4455 0
4567 69
4607 0
4673 69
4863 0
4916 69
4948 0
4963 69
5026 69
5234 0
5239 69
5432 69
5608 69
5659 0
5773 69
5783 69
5881 0
5891 69
5949 69
6157 69
6302 0
6613 69
6623 69
6690 69
6950 0
7030 69
7409 0
7441 69
7485 0
7570 69
7610 0
7662 69
7751 0
7817 69
7848 0
7864 69
7872 69
8048 69
8087 0
8160 69
8168 0
8250 69
8420 0
8454 69
8907 69
8961 69
9003 0
9205 69
9333 0
9361 69
9487 0
9641 69
9644 0
9792 69
9923 0
9991 69
10022 0
10028 69
10064 69
10078 0
10664 69
10837 0
10881 69
11012 69
11148 0
11502 69
11572 0
11664 69
11750 69
11946 69
11991 0
12068 69
12184 0
12225 69
12359 0
12708 69
12776 0
12793 69
12859 0
12869 69
12912 0
13025 69
13058 0
13128 69
13144 0
13189 69
13195 0
13238 69
13332 0
13396 69
13460 0
13461 69
13774 69
14036 0
14077 69
14096 69
14179 0
14340 69
14346 0
14456 69
14638 0
14816 69
14991 0
15011 69
15062 0
15074 69
15110 69
15385 0
15386 69
15539 0
16153 69
16262 0
16334 69
16640 69
16839 0
16872 69
16995 69
17168 69
17169 69
17183 0
17185 69
17283 0
17339 69
17432 0
17566 69
17594 0
17616 69
17695 0
17709 69
17742 0
17961 69
18026 0
18032 69
18203 69
18306 0
18512 69
18617 0
18630 69
18719 69
18789 0
18930 69
18934 0
19124 69
19231 0
19473 69
19495 0
19690 69
19978 0
20110 69
20252 0
20335 69
20469 69
20670 0
20687 69
20952 0
20989 69
21233 0
21393 69
21553 0
21812 69
21917 0
21941 69
21949 0
21987 69
22059 69
22105 69
22489 0
22948 69
22963 0
23111 69
23171 0
23408 69
23511 0
23520 69
23664 0
23739 69
24006 69
24093 0
24181 69
24241 69
24283 0
24429 69
24450 0
24592 69
24660 69
24807 0
24923 69
24974 0
25047 69
25183 0
25234 69
25253 0
25289 69
25372 69
25411 0
25520 69
25619 0
25735 69
25772 0
25898 69
25899 0
26001 69
26011 0
26080 69
26140 0
26354 69
26371 0
26777 69
26816 0
26839 69
26921 0
27002 69
27011 0
27043 69
27216 0
27277 69
27568 0
27666 69
27691 0
27703 69
27774 69
27843 0
27901 69
27927 69
27966 0
28066 69
28093 0
28148 69
28233 69
28342 0
28606 69
29107 0
29108 69
29144 0
29219 69
29266 0
29445 69
29563 0
29649 69
29654 69
29765 0
29773 69
29869 0
29882 69
30070 0
30187 69
30491 69
30541 0
30645 69
30821 0
31009 69
31127 69
31148 0
31254 69
31406 0
31439 69
31561 0
31577 69
31898 0
32095 69
32160 0
32183 69
32217 0
32304 69
32330 0
32397 69
32485 0
32519 69
32759 0
32808 69
33491 69
33630 69
33818 0
33942 69
34009 69
34069 69
34097 69
34221 69
34379 69
34461 0
34594 69
34658 69
35550 0
35701 69
35738 69
35785 0
35856 69
35911 69
36159 0
36188 69
36217 69
36258 0
36303 69
36365 69
36417 69
36516 69
36567 69
36650 0
36934 69
37048 0
37081 69
37171 69
37345 0
37450 69
37499 0
37568 69
37583 0
37611 69
38082 0
38156 69
38158 0
38194 69
38277 69
38300 69
38322 0
38479 69
38577 69
38736 0
38765 69
38861 0
38940 69
39121 0
39168 69
39335 0
39379 69
39425 0
40177 69
40262 69
40384 69
40424 0
40431 69
40444 0
40554 69
40607 0
40635 69
40685 69
40912 69
40995 0
41101 69
41402 69
41502 0
41832 69
41880 69
42044 0
42098 69
42132 0
42240 69
42311 0
42342 69
42378 0
42437 69
42484 0
42891 69
42906 69
43098 0
43259 69
43400 0
43437 69
43483 0
43586 69
43839 0
43891 69
43894 0
44629 69
44728 69
44751 0
44889 69
45006 0
45083 69
45129 0
45242 69
45363 69
45543 69
45615 69
45976 0
46000 69
46135 69
46238 0
46302 69
46336 0
46424 69
46472 0
46507 69
46555 0
46645 69
46879 0
46897 69
47096 0
47229 69
47306 69
47341 0
47430 69
47516 0
47574 69
47616 0
47635 69
47651 69
48154 0
48204 69
48637 0
48651 69
48686 69
48772 0
48813 69
48938 0
49192 69
49238 0
49287 69
49303 0
49345 69
49411 69
49432 69
49577 69
49680 0
49895 69
49897 0
49905 69
50017 0
50161 69
50236 69
50273 69
50309 0
50453 69
50460 0
50662 69
50676 0
50682 69
50764 0
50815 69
50877 69
51304 0
51392 69
51461 0
51619 69
51789 0
51946 69
52047 0
52058 69
52135 0
52209 69
52318 0
52379 69
52382 0
52428 69
52582 0
52611 69
52632 0
52788 69
52861 0
53027 69
53124 0
53307 69
53315 0
53419 69
53552 0
53870 69
53924 69
54045 0
54210 69
54548 69
54555 0
54562 69
54733 0
54859 69
54870 69
55112 69
55165 0
55209 69
55220 0
55333 69
55410 69
55663 69
55702 69
55828 69
55989 0
56313 69
56417 0
56421 69
56515 69
56569 0
56570 69
56639 0
56674 69
56797 0
56873 69
57086 69
57158 69
57178 0
57246 69
57364 69
57395 0
57413 69
57451 0
57643 69
57804 69
58030 69
58074 0
58128 69
58174 0
58264 69
58542 69
58620 69
58897 69
58958 0
58965 69
59103 69
59513 69
59571 0
59641 69
59652 0
59864 69
59997 0
60123 69
60143 0
60179 69
60248 69
60256 0
60260 69
60281 0
60307 69
60405 69
60477 69
60492 0
60603 69
60607 0
60678 69
60705 0
61367 69
61409 0
61528 69
61576 69
61720 0
61764 69
61821 0
62070 69
62246 0
62271 69
62310 69
62501 0
62808 69
62820 0
62830 69
62943 69
63199 0
63375 69
63510 69
63542 0
63584 69
63675 69
63789 0
63853 69
63901 69
63969 0
64085 69
64091 0
64103 69
64304 0
64541 69
64583 0
64715 69
64975 0
65051 69
65215 69
65454 69
65530 0
65552 69
66026 0
66155 69
66196 0
66579 69
66824 0
67245 69
67303 0
67317 69
67394 0
67509 69
67726 0
68000 69
68088 0
68124 69
68464 0
68472 69
68599 0
68678 69
68882 0
69033 69
69198 0
69244 69
69295 0
69296 69
69316 0
69475 69
69643 0
69723 69
69770 69
69799 0
69804 69
70155 0
70318 69
70388 0
70430 69
70532 0
70601 69
70702 0
70738 69
70823 0
71089 69
71226 0
71405 69
71604 0
71796 69
71853 69
71921 0
71982 69
71999 69
72082 69
72159 0
72226 69
72270 0
72446 69
72480 0
72481 69
72538 0
72539 69
72541 0
72543 69
72644 69
72708 0
72791 69
72810 69
73295 0
73378 69
73474 0
73681 69
73692 0
73779 69
74020 0
74331 69
74454 0
74594 69
74647 69
74842 0
75048 69
75201 69
75488 69
75522 0
75530 69
75597 0
75796 69
75895 0
76202 69
76274 0
76328 69
76399 0
76457 69
76737 0
76754 69
76800 0
76891 69
76987 69
77214 0
77237 69
77265 69
77332 0
77486 69
77499 0
77700 69
77795 0
77888 69
77955 69
77972 69
78039 69
78053 0
78207 69
78437 0
78617 69
78635 0
78651 69
78672 0
78775 69
78905 0
78947 69
78978 69
79325 69
79431 0
79475 69
79570 69
79596 69
79653 0
79837 69
79858 0
80063 69
80093 69
80225 69
80261 0
80281 69
80333 0
80608 69
80618 69
80831 0
80945 69
81288 0
81334 69
81463 69
81562 0
81606 69
81691 0
81737 69
81751 69
81797 69
82009 0
82047 69
82290 0
82330 69
82648 69
82802 0
82804 69
82867 69
82972 69
83061 0
83150 69
83320 0
83381 69
83484 0
83519 69
83910 0
83988 69
84011 69
84036 0
84155 69
84227 0
84288 69
84399 69
84511 0
84533 69
84566 0
84593 69
84613 0
84642 69
84673 0
84811 69
84960 0
85289 69
85310 0
85342 69
85421 0
85424 69
85693 69
85732 69
85745 69
86045 0
86107 69
86149 0
86160 69
86242 0
86287 69
86346 0
86385 69
86389 69
86445 0
86460 69
86800 69
86901 69
87004 0
87107 69
87213 69
87233 0
87287 69
87313 0
87333 69
87471 69
87580 0
87825 69
87844 0
87845 69
87890 69
87978 69
87989 0
88073 69
88093 0
88105 69
88119 0
88223 69
88224 0
88463 69
88730 0
88837 69
88914 69
89065 0
89143 69
89194 0
89251 69
89405 0
89422 69
89451 0
89515 69
89572 0
89615 69
89647 0
89802 69
89835 0
89934 69
90046 0
90346 69
90503 0
90504 69
90530 0
90545 69
90782 69
90804 0
90945 69
90948 69
90952 69
91162 0
91177 69
91261 0
91288 69
91304 0
91483 69
91540 0
91650 69
91667 69
91827 0
92414 69
92801 0
92934 69
93092 0
93523 69
93558 69
93564 0
93567 69
93764 0
93795 69
94160 0
94234 69
94321 0
94390 69
94549 0
94627 69
94743 69
94923 0
94985 69
95330 0
95376 69
95755 0
95838 69
96014 0
96222 69
96300 69
96308 69
96359 0
96378 69
96387 0
96452 69
96702 69
96873 69
97002 69
97076 69
97187 0
97274 69
97446 0
97478 69
97533 69
97603 0
97993 69
98095 0
98209 69
98348 0
98525 69
98527 0
98532 69
98598 69
98746 0
98844 69
98896 0
98944 69
99154 69
99206 0
99256 69
99259 69
99272 0
99697 69
99936 0
661 events for 9
128 28
546 0
736 42
951 42
1094 0
1108 28
1421 0
1586 16
1611 0
1698 16
1706 0
1734 16
2231 35
2282 0
2454 28
2509 0
2903 16
3218 0
3425 28
3457 0
3512 35
3905 0
4175 28
4370 0
4420 35
4729 0
4777 35
4849 0
4857 16
4922 0
5088 42
5117 0
5243 28
5262 0
5558 42
5653 42
5722 0
5892 16
6082 0
6176 16
6207 0
6216 35
6253 16
6392 28
6577 0
6914 35
6991 0
7084 16
7098 0
7235 42
7342 35
7563 0
7634 16
7691 0
7735 35
7802 0
7804 16
8290 0
8327 28
8512 0
8843 16
8850 0
9217 28
9219 0
9610 42
9647 35
9760 35
9785 0
9795 16
9797 0
9818 16
10286 0
10348 16
10395 16
10529 0
10613 28
10714 0
10724 16
10930 0
10940 28
10957 42
10967 0
11090 35
11128 0
11144 35
11238 0
11323 28
11454 0
11732 42
11890 16
11954 0
12290 35
13120 0
13317 42
13362 0
13425 35
13499 0
13982 28
14087 0
14169 16
14358 0
14447 35
14465 0
14542 42
14819 35
15035 0
15196 16
15472 0
15589 16
15876 0
15922 16
16282 0
16385 35
16643 0
16989 16
17088 0
17343 28
17472 0
17543 28
17580 0
17638 16
17946 0
18197 28
18334 35
18344 0
18400 28
18892 0
18965 42
19162 0
19481 42
19679 0
19879 16
19986 0
20007 16
20096 42
20121 0
20250 28
20543 42
20673 35
20767 0
20916 42
20997 28
21216 42
21317 0
21640 35
22084 0
22287 28
22302 0
22754 16
22792 28
22817 0
22979 16
23181 28
23321 0
23639 16
23836 0
23899 16
24506 42
24597 35
24632 0
24684 35
24705 35
24778 0
24824 16
24876 0
25262 42
25420 0
25705 28
25840 28
25888 0
25975 35
26145 0
26210 35
26547 0
26603 28
26698 0
26761 16
26839 0
26997 42
27064 0
27103 35
27222 0
27484 35
27698 16
27743 0
27751 35
27803 16
27805 42
27840 0
27995 35
28056 0
28293 35
28344 0
28757 35
28781 0
28842 35
28881 0
29242 16
29261 0
29512 28
29614 0
29823 35
30373 0
30522 35
30547 0
30574 42
30845 0
30935 28
31020 0
31104 28
31114 0
31162 42
31273 0
31353 42
31737 0
32029 35
32087 0
32154 16
32442 42
32678 28
32680 0
32687 42
32819 0
32881 16
33159 0
33305 35
33341 0
33920 28
34250 0
34264 28
34331 0
34379 16
34458 0
34690 28
34841 0
34909 16
34986 0
35132 35
35422 0
35752 16
36453 0
36483 42
36526 0
36591 16
36704 0
36714 28
36842 0
36879 28
37019 0
37148 35
37175 0
37384 16
37626 0
37697 35
37801 0
37878 16
37977 16
37979 28
38054 0
38164 35
38356 28
38366 35
38644 0
38767 16
38795 0
38889 28
38994 0
39156 16
39551 0
39552 16
39789 42
39813 0
40209 42
40295 16
40493 0
40555 28
40962 16
41086 28
41237 0
41402 42
41427 0
41446 35
41595 0
41749 16
41773 0
41786 42
42130 42
42153 35
42272 0
42362 42
42814 0
43036 28
43348 42
43480 0
43738 16
43842 0
43882 16
43886 35
43900 0
43923 42
44113 0
44273 42
44363 28
44492 0
44544 35
44809 0
45094 16
45108 0
45518 35
45776 35
45948 0
45971 28
46065 0
46143 35
46269 28
46473 0
46716 42
46827 0
46872 35
46918 0
47019 42
47115 0
47237 42
47253 35
47408 28
47470 0
47687 42
47851 0
48112 28
48249 0
48253 16
48425 0
48664 16
48723 0
48806 28
48835 0
48878 16
48981 0
49178 35
49224 0
49230 16
49549 0
49957 16
50005 0
50064 16
50189 0
50496 35
50644 0
50856 28
50881 0
51288 35
51309 42
51321 0
51607 42
51710 0
51784 42
51849 0
51929 35
52046 0
52158 28
52224 0
52343 42
52358 35
52729 35
52818 0
52950 16
53007 0
53100 35
53249 0
53264 35
53467 16
53598 0
53619 35
54415 28
54742 0
54885 16
54904 0
55130 42
55152 16
55160 0
55239 16
55339 35
55519 28
55671 28
55737 16
55742 0
55912 28
56018 0
56024 16
56027 0
56050 16
56148 0
56293 28
56418 0
57115 42
57117 0
57188 42
57361 0
57424 35
57454 42
57703 35
57748 0
58364 16
58382 28
58388 0
58436 16
58919 0
59006 16
59409 0
59533 42
59579 0
59703 16
59726 0
59881 42
59980 35
59992 42
60191 42
60249 0
60428 42
60505 0
60518 16
60837 16
60927 0
60972 42
61478 16
61843 28
61987 0
62129 28
62166 0
62179 35
62359 0
62526 35
62553 0
62893 28
63079 28
63367 0
63469 35
63567 0
63645 35
63798 28
63812 42
63814 0
63940 28
63984 16
64005 0
64416 28
64567 0
64574 42
64587 0
65178 28
65360 28
65386 0
65413 16
65423 0
65561 35
65689 35
65764 0
65818 35
66042 0
66923 35
66940 16
67135 0
67160 16
67254 42
67299 0
67509 35
67557 0
67784 16
67872 0
67908 35
67983 16
67990 0
68024 28
68352 0
68497 28
69040 0
69429 35
69509 0
69817 28
70115 35
70169 42
70248 35
70604 0
70913 16
70966 35
71102 0
71552 16
71588 0
71907 28
72252 0
72724 16
72753 0
72796 28
73137 0
73288 35
73316 0
73359 16
73376 0
73452 35
73509 0
73521 42
73556 0
73659 35
73856 28
73900 0
73919 28
73921 42
74259 28
74354 0
74615 28
74684 0
74694 28
74832 42
75080 0
75229 16
75548 0
75723 16
75866 0
75940 35
75992 0
76172 42
76401 0
76416 16
76474 0
76859 35
76969 35
77101 0
77223 16
77228 0
77543 16
77801 0
77906 35
78133 0
78302 35
78366 28
78636 0
78673 16
78687 42
78703 16
78711 0
78749 42
78772 0
78916 35
78949 0
79245 16
79329 0
79617 42
79939 0
80082 16
80093 0
80181 35
80200 0
80818 16
81066 0
81092 16
81123 0
81171 16
81380 0
81419 16
81746 0
81941 35
81997 16
82059 16
82221 0
82331 16
82478 0
83015 35
83059 0
83128 42
83215 0
83325 42
83330 28
83400 0
83553 42
83703 0
83780 16
83935 42
84173 0
84218 28
84353 0
84388 42
84521 0
84609 35
84861 0
84948 35
84949 0
85149 42
85506 0
85590 42
85769 0
85885 35
85974 35
86023 28
86031 0
86032 28
86343 0
86350 35
86384 35
86480 0
86556 42
86628 0
86825 16
87361 0
87559 28
88200 0
88213 42
88401 0
88496 16
88735 0
89008 16
89079 0
89143 16
89815 0
89853 16
90093 28
90319 0
90799 35
90880 0
91211 28
91228 0
91626 16
91628 16
91834 0
91974 16
92058 35
92794 35
92860 0
93002 28
93068 35
93105 0
93403 35
93445 0
93509 42
93591 0
93811 28
93957 42
94219 0
94241 35
94741 0
94822 42
94971 0
95014 42
95023 0
95193 42
95416 42
95542 0
95847 28
95882 28
95907 0
95956 16
96014 0
96462 42
96644 0
96691 28
96809 16
97862 0
97888 35
98067 0
98417 42
99231 28
99766 0
571 events for 10
7 90
126 50
162 50
172 0
282 70
405 70
492 0
543 90
987 0
1053 64
1216 64
1447 0
1704 74
1788 0
1805 70
1974 0
2132 64
2269 0
2318 51
2515 50
2526 65
2747 0
2886 72
2926 64
3234 90
3247 0
3349 74
3432 74
3491 0
3529 53
3763 0
3773 70
3829 0
4049 70
4140 0
4299 65
4328 0
4493 70
4866 0
5353 70
5388 0
5421 70
5515 0
5676 53
5716 0
6025 51
6054 0
6133 65
6196 0
6379 53
7369 0
7516 53
7733 0
7736 74
7773 0
7920 50
8021 64
8023 65
8182 90
8394 0
8553 51
8779 0
8782 50
8868 53
8963 0
8983 50
9069 72
9382 0
9556 74
9755 0
9989 70
10239 70
10483 0
10764 72
10896 0
11003 90
11030 0
11539 65
11546 65
11576 90
11720 0
11935 74
12174 0
12351 90
12560 0
12566 51
12641 50
12707 53
12921 53
12923 0
12950 64
12975 0
13319 53
13465 70
13524 0
14112 74
14195 0
14577 64
14716 0
15005 70
15283 0
15493 51
15757 0
15924 74
16012 0
16104 51
16212 0
16416 51
16548 0
16554 72
16701 50
17063 0
17593 65
17832 0
17888 90
17973 70
18021 50
18172 0
18213 72
18226 0
18915 64
19312 0
19353 90
19616 0
19909 72
19917 0
20110 70
20206 0
20272 65
20612 0
20638 90
20707 50
20900 90
21090 0
21100 90
21195 0
21198 53
21793 0
22034 51
22237 0
23646 50
24226 0
24298 74
24613 74
24678 0
24791 50
25024 0
25082 53
25133 0
25173 51
25394 72
25437 0
25537 74
25837 50
25865 65
26200 53
26257 64
26411 0
27019 65
27073 0
27264 50
27417 51
27537 0
28117 70
28276 0
28548 65
28763 0
28791 74
29147 0
29161 74
29163 0
29220 53
29424 0
29432 90
29551 0
30004 74
30067 64
30180 0
30325 72
30473 0
30696 64
30828 0
30842 53
30936 65
30966 0
30992 64
31017 0
31313 65
31342 0
31479 53
31558 0
31829 72
32005 64
32097 0
32100 74
32129 0
32303 53
32334 0
32575 70
32929 0
33046 72
33136 0
33515 53
33654 0
33716 90
34418 65
34782 0
34840 90
34916 0
35098 64
35336 0
35364 70
35388 64
35400 0
35591 70
35819 0
36212 90
36290 53
36478 0
36715 53
36864 0
37189 64
37419 0
37477 50
37549 53
37864 0
38406 70
38410 0
38435 72
38960 90
39102 0
39136 70
39224 65
40051 0
40478 65
40637 0
40946 74
41343 0
41365 51
41548 53
41567 0
41716 50
41747 74
42004 0
42141 65
42518 0
42633 72
42680 0
42732 53
42813 53
42837 0
43090 74
43202 51
43413 0
43536 64
43596 74
43626 0
43652 70
43989 0
44200 64
44204 0
44475 53
44955 0
45020 90
45031 0
45415 64
45535 70
45558 0
45644 72
45848 0
46023 90
46072 0
46261 72
46319 0
46512 90
46571 0
46590 51
46636 0
46788 53
46849 0
47007 64
47216 50
47358 0
47817 65
47960 0
48110 72
48167 53
48201 0
48218 51
48280 74
48663 0
48892 72
49164 70
49440 0
49449 65
50010 0
50086 74
50188 0
50210 74
50241 0
50320 74
50643 74
50724 0
50831 74
51178 74
51214 0
51539 51
51618 0
51902 51
52040 0
52388 53
52761 65
53886 0
54001 74
54187 50
54435 0
54633 53
54762 0
54763 90
54891 0
55042 72
55298 74
55374 0
55526 70
55756 0
55786 53
55928 0
55938 74
56051 0
56168 90
56298 90
56351 0
56646 70
56838 90
56864 51
57284 65
57443 0
57945 70
58053 0
58058 50
58333 74
58368 0
58406 70
58458 0
58719 50
58742 0
58938 50
59056 0
59337 72
59338 0
59439 51
59552 51
59678 0
59759 50
59784 50
59858 0
60138 90
60491 0
60500 50
61158 51
61236 0
61468 53
61471 51
62204 51
62259 0
62325 72
62354 0
62394 50
62605 0
62645 50
62765 0
62821 53
62991 72
63020 70
63310 0
63336 74
63575 0
64220 64
64289 74
64433 0
64455 90
64482 0
65590 51
66229 90
66246 74
66790 0
67218 90
67298 0
67300 51
67329 0
67562 90
68009 0
68129 51
68384 0
68411 64
68743 0
69007 51
69154 53
69349 0
69443 74
69452 0
69510 74
69652 64
69781 0
69787 64
69826 0
70460 50
70853 0
71366 74
71861 0
71863 74
72010 50
72489 0
72722 50
72947 0
73142 70
73452 0
73501 70
73554 90
73704 0
74012 50
74119 0
74254 50
74776 0
74951 72
75101 70
75127 65
75140 0
75205 64
75615 0
75778 70
75789 0
76096 90
76472 70
76482 0
76797 50
76971 0
77066 64
77088 0
77203 53
77350 0
77526 74
77822 0
77844 50
78051 0
78173 51
78207 65
78268 50
78282 0
78313 72
78608 0
78833 70
78899 0
79219 51
79292 0
79331 51
79738 0
79985 72
80067 0
80394 72
80543 64
80544 0
80699 72
80783 0
80873 90
80882 70
80894 0
80944 90
80981 0
81018 64
81466 0
81552 65
81573 0
82424 50
82453 70
82526 50
82578 0
82606 70
82661 65
82711 0
82768 70
82870 0
83096 53
83261 64
83315 0
83353 72
83463 72
83771 90
83971 0
84113 70
84282 0
84965 74
85007 0
85210 64
85350 51
85356 0
85475 65
85522 0
85666 51
85680 0
86134 90
86245 0
86382 70
86428 0
86643 53
86849 0
86852 90
88017 0
88196 70
88249 0
88405 90
88473 0
88482 65
88816 74
88840 0
88966 70
89073 0
89218 70
89456 72
89572 0
89733 90
89978 0
90102 74
90246 0
90297 51
90573 70
90656 0
90880 65
91001 51
91031 0
91302 51
91456 0
92138 64
92288 50
92796 0
92816 51
92980 0
93144 50
93196 0
93303 74
93931 50
94197 51
94317 0
94359 51
94594 0
95010 72
95138 0
95309 51
95438 65
95548 0
95709 50
95810 0
96462 53
96673 0
96970 64
97250 50
97488 90
97741 0
98396 70
98457 0
98814 51
99005 0
99104 65
99192 72
99217 0
99318 51
99502 51
99548 0
99655 65
99664 72
99817 65
168 events for 11
260 37
284 0
381 60
494 60
1873 0
3236 60
3307 37
3517 0
4702 37
5001 0
5291 37
6117 0
7438 37
9236 37
10662 0
10844 37
11658 0
11736 37
12052 60
12319 0
12353 60
13201 0
13666 60
14031 0
14281 37
15015 60
17710 0
17749 37
18497 0
19836 37
21087 60
21219 37
22316 0
22649 60
23486 60
24260 37
25572 37
26032 0
28078 37
28320 0
28693 60
29094 60
29938 0
29996 37
30578 37
30733 60
30826 60
31387 37
31488 0
31524 60
32275 60
32368 0
33003 60
33210 0
33423 37
34074 0
34110 37
34268 0
34279 60
34325 0
34434 37
34634 0
35153 60
35267 0
35403 37
36174 0
36502 37
36749 0
36823 60
36919 0
38361 60
39457 37
40160 0
40578 60
40964 37
41918 0
42052 60
42309 0
42321 37
44991 0
45406 60
45442 60
47070 0
47092 37
48884 0
49627 60
49756 0
49773 60
50006 0
50862 37
52201 0
52549 60
54487 0
55303 60
55404 0
55421 60
56330 0
56333 37
57919 0
60099 37
60877 60
60908 0
61800 60
62291 0
62901 37
63220 0
63410 60
63715 0
63742 60
63867 0
64262 60
64299 0
64777 37
66043 0
66278 60
67060 0
67607 60
68013 0
69527 37
70470 37
70846 0
70987 60
71941 0
73141 37
73250 0
73294 37
73704 0
75168 37
75504 0
76017 37
76054 0
76389 37
76660 0
76717 37
77520 0
78003 60
78310 0
78511 37
80007 0
80351 37
80997 0
82262 37
84066 0
84448 60
84923 60
87216 0
88147 37
88575 0
89062 37
89082 0
89663 60
90054 0
90335 37
92197 60
92678 0
93239 37
93450 37
94341 0
95040 60
95071 0
95277 60
95829 0
96822 60
97905 37
98446 0
98797 60
99053 60
99140 0
126 events for 12
1821 45
3353 0
3787 48
3943 0
4306 45
5045 0
5955 48
6582 45
6693 48
7332 45
7929 0
9082 45
10098 0
10645 45
11611 0
12293 48
12874 0
14169 57
15631 45
15666 0
15752 45
16094 57
16107 0
16315 58
16457 0
17405 58
17843 0
19811 45
20263 0
20620 58
21820 57
22460 0
23738 48
24083 0
24834 48
24851 58
25391 45
25842 0
26497 48
27099 48
28876 0
31476 58
31815 0
32157 45
32455 0
33122 57
33469 57
33543 0
34579 45
35801 58
36093 0
38566 57
39417 0
39908 48
40646 0
40892 48
43889 0
43971 58
44472 0
44536 57
45160 58
46007 0
46114 48
46368 0
46434 45
46485 0
46608 45
47007 45
48966 0
49570 58
49688 0
49702 45
50348 0
50487 48
51040 0
51673 48
51774 0
52710 45
53884 48
58834 57
60074 48
61108 57
62521 0
64239 45
65688 57
66437 0
68579 57
70619 0
71594 58
72093 0
72928 45
73518 57
74039 0
74312 58
74401 0
74660 48
74689 0
75059 58
75806 0
76133 45
76202 0
76409 48
77306 0
77580 45
79896 57
82668 57
83175 0
87586 48
88502 0
88671 45
89072 0
89378 45
89827 48
89943 0
90712 45
91056 0
91683 58
91826 0
92696 58
93262 0
93405 48
94278 58
95925 0
96246 45
96341 0
97921 58
334 events for 13
1567 69
1874 80
2075 0
2093 80
2185 0
2397 55
2542 0
3074 55
3189 80
3228 0
3574 69
3576 0
3678 80
4065 67
4735 0
5238 55
6075 0
6269 74
6436 62
6579 0
6847 67
6849 0
7135 74
7172 0
7350 80
7683 69
8630 0
9217 69
9270 0
9391 79
9624 62
9894 0
9930 79
10105 0
10145 79
11526 0
12157 71
12924 0
13101 62
13342 0
13757 69
14079 0
14202 71
14353 71
14747 0
14775 69
14889 0
15082 71
16133 67
16247 80
16335 62
16425 55
17028 0
17192 67
17221 80
17426 55
17589 0
17827 80
18493 0
18521 67
18592 80
18888 62
19498 0
19944 80
20429 0
20596 79
20883 0
21297 79
21564 71
21753 0
21913 80
21919 67
22426 0
22789 80
23204 0
23655 71
24478 0
24588 69
24778 0
24852 79
24948 71
25404 0
25548 71
25986 79
26241 0
26923 74
27327 0
27415 79
27679 0
27738 69
27868 80
27896 0
28111 62
28114 0
28837 69
28963 0
29290 67
29879 0
30396 80
30578 0
30988 62
31296 0
31339 80
31504 0
31724 79
32132 0
32307 55
32863 55
33107 0
33378 55
33529 79
34232 80
34922 0
35258 71
35999 0
36299 55
37190 0
37265 80
37467 0
37595 80
37815 0
38407 79
38578 0
38664 71
38779 0
39048 80
39259 79
39994 80
40089 62
40189 0
40480 79
40483 0
40657 80
41014 67
41133 80
41196 0
41267 55
41336 0
41462 74
41925 0
41995 74
42151 0
42154 62
42172 0
44117 67
44188 0
44675 80
44901 0
45154 80
45289 0
45504 69
45791 0
47972 69
49072 0
49327 67
49659 0
49738 69
49972 0
50125 55
50516 0
51316 67
51420 74
51500 0
51511 69
51559 0
51568 80
51751 0
52270 69
52552 69
52672 0
53359 67
53927 0
54244 79
54405 55
54534 0
54879 71
55642 0
56339 62
56352 0
56409 80
57116 74
57332 0
57577 71
57800 0
58102 55
58719 0
58731 79
58785 0
59040 55
59043 0
59390 55
59428 0
59539 55
59788 67
60565 0
60677 79
61307 0
61386 62
61413 74
61656 0
61842 67
62524 0
62924 71
63168 0
63171 80
63856 0
64217 69
64358 55
64397 0
64666 71
64884 79
65120 79
65292 62
65659 0
66184 80
66534 71
66571 0
66647 74
66790 0
67411 67
67434 0
67997 67
68123 0
68946 74
68994 0
69082 71
69423 0
69780 80
70052 71
70675 0
71009 74
72257 0
72399 79
72482 0
72499 62
72558 71
72614 69
72615 0
72639 80
72835 0
72990 74
73167 80
73181 80
73413 0
73905 55
73906 0
73992 74
74075 0
74860 74
74912 0
75143 79
75319 0
75441 67
75477 67
76108 0
76404 55
76589 0
76686 71
76889 0
76984 62
77241 0
77483 67
77791 0
79334 79
79338 0
79677 79
79796 79
80030 0
80086 62
81752 55
81964 0
82155 71
82184 0
82212 80
82305 80
82307 0
82478 62
82544 0
82769 69
82950 62
84377 0
84383 80
84772 0
85214 62
85349 0
86008 67
86906 0
87417 74
87472 0
87808 55
88358 74
88374 74
88411 0
88613 80
90032 0
90387 74
90676 0
90790 55
91299 0
91314 62
91553 67
91664 0
92160 67
92386 0
92416 79
92598 0
92856 55
94246 0
94526 80
94529 0
94638 55
94646 0
94763 80
95434 0
96374 79
96619 0
96763 67
97357 0
97434 69
97544 0
97811 55
98044 79
98093 0
98308 55
98313 0
99082 69
99138 0
99150 67
99182 0
99285 71
99484 0
99518 79
99550 62
99724 62
172 events for 14
654 100
1278 0
2575 97
2587 97
2842 0
3092 91
3194 0
4345 100
4466 100
4768 0
5610 94
5642 0
5755 91
7154 0
8433 91
9063 100
9125 91
9507 0
9872 100
9910 100
10339 0
10853 91
12882 0
13180 100
14028 0
15004 97
15988 0
16660 100
16924 0
17156 91
17315 0
18786 94
18906 0
19483 94
19550 0
19820 91
20176 91
20512 0
20948 100
20996 0
21298 91
22058 91
23074 91
23587 0
24019 91
24538 94
24655 0
24838 94
25574 0
25727 91
25865 0
26076 91
27013 91
27760 0
28272 94
30291 0
30449 91
30515 91
30938 0
31719 94
31821 0
32694 91
32812 0
33179 94
34008 91
34767 0
35656 91
36042 0
39411 97
39543 91
40096 0
41095 91
41177 91
41316 0
41483 94
42641 0
42845 97
42916 91
43224 0
44901 94
45274 100
45681 0
45746 91
46890 91
47944 97
48666 0
49330 100
49485 0
50402 91
50903 0
51259 97
51320 0
52320 91
52516 0
52714 100
52877 0
53283 91
54998 100
55366 0
56127 100
57175 0
57401 91
59110 0
59220 97
59464 91
59710 0
60373 91
61965 0
63003 91
63553 100
64075 0
65154 97
65356 0
65477 91
65988 0
66078 91
66159 100
66177 0
66677 94
66972 0
67000 100
67145 0
67323 94
68394 0
69219 100
69984 0
70000 100
70689 97
72541 0
72607 91
72631 0
73368 91
74234 0
74719 91
74934 94
75735 0
75787 91
75855 91
76965 94
78146 0
78818 100
79492 100
80702 0
81265 97
81709 91
84319 0
84710 100
85529 0
85624 97
85709 0
87299 100
87671 0
88708 94
88980 0
89768 91
90332 91
90371 0
91188 91
91242 0
91274 91
91320 0
92556 97
93233 94
94659 0
95269 91
95339 0
97146 91
98147 0
98731 97
99022 0
99093 91
99263 0
657 events for 15
53 43
82 0
257 43
275 43
603 43
900 0
1062 43
1272 43
1334 43
1427 0
1838 43
1910 0
1913 43
2170 0
2718 43
2733 0
2746 43
2774 0
2822 43
2837 0
2925 43
3250 0
3361 43
3517 0
3537 43
3548 0
3594 43
3949 43
3963 0
4345 43
4519 43
4527 0
4699 43
4758 0
5182 43
5191 43
5223 0
5307 43
5573 0
5945 43
6240 0
6346 43
6857 0
6965 43
7063 0
7303 43
7410 0
7566 43
7749 0
7994 43
8519 0
9211 43
9482 43
9599 43
9702 0
9757 43
9772 43
9955 43
10070 43
10328 43
10379 0
10473 43
10865 43
10869 0
10943 43
10953 43
11053 0
11097 43
11313 0
11605 43
11633 0
11733 43
11739 0
11770 43
11772 0
11850 43
11950 43
12022 0
12119 43
12207 0
12229 43
12875 43
12891 0
13054 43
13119 43
13223 0
13309 43
13464 0
13524 43
13635 0
13744 43
13887 0
13966 43
14054 43
14116 0
14756 43
14952 43
15050 0
15058 43
15231 0
15340 43
15409 43
15435 0
15441 43
15468 43
15697 0
15905 43
15995 0
16048 43
16435 0
16466 43
16499 0
16636 43
17144 43
17330 0
17439 43
17484 43
17642 0
17894 43
18051 0
18067 43
18182 0
18730 43
19132 0
19141 43
19281 0
19597 43
19784 0
20087 43
20402 0
20613 43
20640 0
20761 43
20976 0
21051 43
21497 0
21582 43
21827 0
21873 43
22205 43
22404 43
22479 0
22497 43
22550 0
22656 43
22662 43
22839 0
23086 43
23185 0
23445 43
23474 0
23590 43
24045 0
24056 43
24113 43
24472 0
24866 43
25054 0
25078 43
25146 0
25214 43
25381 0
25624 43
25818 0
25836 43
25870 43
25914 0
25983 43
26073 0
26291 43
26784 0
27063 43
27317 43
27632 0
27755 43
27827 0
27885 43
27991 0
28169 43
28332 0
28458 43
28464 0
28498 43
28562 0
28841 43
29002 43
29083 0
29255 43
29754 43
30538 0
30556 43
30815 0
31029 43
31179 43
31408 0
31464 43
31645 0
31732 43
31828 0
32090 43
32195 0
32373 43
32464 0
32535 43
32546 0
32691 43
32915 0
32923 43
33233 0
33832 43
33880 0
34005 43
34058 0
34217 43
34690 43
35198 0
35537 43
35541 0
35770 43
36260 43
36524 43
36616 43
36682 0
36686 43
36807 43
36873 43
36962 0
37017 43
37380 43
37426 0
37504 43
37598 0
37807 43
37928 0
38173 43
38318 0
38406 43
38634 0
38933 43
39224 0
39425 43
39450 0
39812 43
39972 43
40001 0
40040 43
40899 0
40971 43
41139 43
41540 0
41822 43
41835 0
42110 43
42140 0
42209 43
42278 43
42299 0
42430 43
42580 43
42689 43
42771 0
43218 43
43249 0
43280 43
43353 43
43414 43
43550 0
43815 43
43959 0
44052 43
44264 0
44392 43
44757 0
44839 43
44875 43
44931 0
45121 43
45183 0
45299 43
45546 0
45562 43
45628 0
45665 43
45710 0
46012 43
46419 0
46750 43
46767 43
47074 0
47086 43
47153 0
47458 43
47471 0
47502 43
47639 43
47892 0
47924 43
48081 43
48136 0
48182 43
48386 0
48585 43
48772 43
48968 43
49006 0
49340 43
49589 43
49770 0
50021 43
50081 0
50216 43
50931 0
50953 43
51248 0
51302 43
51505 0
51824 43
51874 0
51928 43
52127 43
52180 0
52479 43
52974 43
53025 0
53411 43
53420 0
53580 43
53729 0
53782 43
53856 0
54140 43
54298 0
54313 43
54432 43
54567 0
54742 43
54869 0
54916 43
54954 0
55117 43
55185 0
55265 43
55387 0
55592 43
55628 0
55833 43
55935 0
55976 43
56002 0
56119 43
56272 0
56321 43
56419 0
56590 43
56616 0
56668 43
56682 0
56769 43
56871 43
57101 0
57122 43
57423 0
57427 43
58199 0
58269 43
58609 0
58960 43
58979 0
59079 43
59089 43
59121 0
59451 43
59494 0
59603 43
59767 43
59922 0
59958 43
60258 0
60316 43
60358 0
60359 43
60686 0
60739 43
60759 0
60783 43
60831 0
60946 43
61020 43
61050 43
61191 0
61210 43
61364 43
61472 0
61824 43
61867 0
62745 43
62807 0
63117 43
63119 0
63214 43
63615 0
63734 43
63798 0
63825 43
63916 0
64024 43
64374 0
64503 43
64652 0
64771 43
64785 0
65192 43
65206 43
65376 43
65667 43
65680 0
65736 43
65865 0
65983 43
66095 0
66177 43
66191 0
66481 43
66593 43
66631 43
66757 43
66792 0
67090 43
67426 43
67432 43
67660 0
67806 43
67872 0
68130 43
68157 0
68294 43
68665 43
68763 0
68826 43
68909 0
68983 43
69049 0
69143 43
69181 0
69662 43
69680 0
69783 43
69929 43
70168 0
70212 43
70223 0
70259 43
70399 0
70435 43
70719 43
70734 0
70945 43
70964 43
71295 43
71300 0
71389 43
71586 0
71730 43
71779 0
72011 43
72030 0
72187 43
72337 0
72362 43
72435 0
72465 43
72623 0
72633 43
72734 0
72834 43
73014 0
73282 43
73310 0
73341 43
73370 43
73482 0
73937 43
74175 43
74182 43
74524 0
74572 43
74852 0
74971 43
74990 0
75141 43
75153 43
75382 0
75418 43
75550 0
75620 43
76093 43
76101 0
76107 43
76339 0
76386 43
76691 43
76902 43
76938 0
77058 43
77080 0
77485 43
77746 0
77862 43
77920 0
78037 43
78103 0
78157 43
78238 0
78338 43
78519 0
78588 43
78833 0
78930 43
79024 0
79219 43
79250 0
79539 43
79573 0
79703 43
79992 43
80059 43
80094 0
80111 43
80365 0
80389 43
80414 0
80977 43
81173 0
81201 43
81523 0
81719 43
81931 0
81936 43
82596 0
82690 43
83013 0
83172 43
83305 43
83445 0
83840 43
83880 0
84302 43
84317 43
84329 0
84881 43
85017 0
85378 43
85694 0
85867 43
86166 0
86371 43
86443 0
86473 43
86504 43
86539 0
86651 43
86726 0
86727 43
86831 0
86920 43
86966 0
87147 43
87303 0
87483 43
87886 0
87911 43
88064 0
88067 43
88209 0
88350 43
88397 43
88513 0
88614 43
88620 43
88718 0
88877 43
88879 43
89146 0
89168 43
89411 43
89617 0
89622 43
90039 0
90091 43
90114 0
90269 43
90372 43
90441 43
90587 0
90690 43
90877 43
91055 0
91313 43
91946 0
92155 43
92182 0
92299 43
92339 0
92380 43
92551 43
92732 0
92764 43
92844 0
93140 43
93217 0
93344 43
93568 0
94157 43
94158 0
94231 43
94304 0
94329 43
94549 43
94752 0
94840 43
95085 0
95392 43
95520 43
95819 0
95868 43
95987 0
96024 43
96049 0
96161 43
96386 0
96599 43
96714 0
96933 43
97049 0
97085 43
97142 0
97175 43
97347 0
97405 43
97705 0
98209 43
98479 43
98500 43
98623 0
98643 43
98824 0
99136 43
99159 43
99450 43
99498 43
99536 0
99543 43
99572 0
99715 43
99750 43
99852 0
99909 43
136 events for 16
510 41
1133 41
1714 0
1805 41
1828 0
2685 41
2845 0
3059 41
3968 0
4014 41
4085 0
4216 41
4617 0
5449 41
5564 41
6524 0
8243 41
8419 41
9340 0
10338 41
10457 41
10668 41
11067 0
11158 41
11773 0
11974 41
12790 0
14113 41
14509 0
15998 41
17283 41
18681 41
19023 41
19820 0
20653 41
21306 0
22386 41
22921 0
23834 41
26811 0
28225 41
29162 0
29873 41
32214 0
32636 41
33679 41
34059 0
34179 41
35382 41
36484 0
36512 41
36903 0
39852 41
39891 0
41696 41
42326 0
43190 41
43225 0
43360 41
43591 41
44939 0
45515 41
46384 41
46723 41
47378 0
49334 41
49923 41
50282 0
51756 41
51839 0
52696 41
54492 0
54759 41
55219 41
56030 0
56805 41
58068 41
58258 0
58607 41
59385 0
59507 41
60467 0
61258 41
61467 0
62149 41
62482 41
64013 0
65332 41
67089 0
67330 41
68814 0
70138 41
70651 0
70964 41
71503 0
72185 41
73472 0
74720 41
75230 0
75694 41
77916 41
79564 0
80109 41
80118 0
80211 41
80216 0
80516 41
81391 0
81888 41
82057 0
82460 41
83218 0
83811 41
84229 41
86108 0
86260 41
86395 41
87067 0
87641 41
89498 0
89930 41
91143 41
92680 0
92941 41
95183 0
95341 41
95664 41
95866 0
95943 41
96436 41
96800 41
97810 0
98067 41
98509 0
98751 41
99835 41
285 events for 17
442 71
1761 0
1770 65
1926 0
1972 65
2096 0
2113 67
2280 67
2407 0
2489 62
3186 70
3259 62
3605 0
3865 67
3996 0
4013 65
4077 75
4415 0
4719 70
4828 62
4943 0
4974 80
5548 0
5595 67
7190 0
7633 70
8667 70
8812 67
9122 0
9798 71
10369 75
10963 0
11433 71
11539 0
11850 70
12158 0
12260 65
12914 70
13223 0
13975 80
14734 0
14910 67
15451 0
15636 67
15649 0
16098 80
16114 0
17147 62
17189 0
18162 65
18207 0
18320 70
18765 0
19430 65
20286 0
20489 65
21103 71
22105 0
22469 67
22697 0
22955 75
23104 0
23261 65
23360 0
23497 62
24599 0
24789 62
24808 67
24842 0
24845 62
25103 71
25134 0
25716 62
26348 0
26377 75
26691 0
27205 80
27310 65
27779 0
27931 67
28218 62
28610 67
28714 80
28946 0
29243 65
30148 0
30245 71
30573 0
30841 62
30842 62
31631 0
31905 75
32190 0
32830 67
32860 70
32870 80
32926 0
33422 75
33935 0
34151 65
34253 62
34940 67
34958 0
35798 62
36740 0
36837 67
37968 0
37982 67
38192 0
38595 62
38742 67
38936 0
39056 75
39059 0
39197 62
39238 0
39460 80
39542 0
39814 62
39959 67
40122 0
40724 80
40795 80
40927 0
40946 67
41969 0
42045 67
42075 0
42081 80
42266 0
42600 65
43105 65
43147 0
43675 80
44082 65
44859 0
45063 75
45321 0
45609 70
45708 0
46118 71
46711 0
47140 67
47965 0
48344 75
48617 0
48706 67
49317 0
49404 80
49464 67
49614 0
50756 75
50937 0
51005 71
52073 71
52760 80
52837 0
52961 70
54822 65
56678 71
56700 0
57422 65
57790 65
57854 65
58863 80
60326 0
60763 65
60975 0
60977 65
62338 0
62381 70
62789 0
63681 67
64063 0
64426 75
64481 0
64923 67
65794 0
65880 70
65891 0
66467 80
66475 0
66704 62
68038 0
68131 70
68173 67
68187 70
68200 0
68505 71
68518 67
68527 0
68575 67
68844 0
69011 67
69356 0
69608 80
70374 0
70783 80
70803 0
71190 80
71236 0
71420 67
71474 0
71911 80
72116 0
72237 80
72818 0
73316 70
73368 75
73919 0
74677 75
75743 71
76079 71
76891 0
77109 65
77144 0
77270 75
77832 0
78873 70
78924 0
79294 67
79336 0
79408 70
79517 0
79578 70
79702 0
79907 65
80052 0
80560 80
80666 67
80979 0
81061 65
81148 0
81632 62
81678 75
81772 71
81892 0
83188 62
83950 62
84315 0
84334 65
85238 0
85618 80
86268 0
86889 67
87454 0
88752 67
89291 0
89298 62
89329 0
89590 71
89994 80
90102 71
90160 0
90410 75
90544 0
90791 67
91029 0
91654 80
92018 0
92096 67
92204 0
93200 71
93303 0
93708 62
93935 0
93948 80
94711 0
94744 62
95065 0
95214 62
95826 62
96291 80
96630 0
97123 70
97166 0
97434 62
98081 0
98462 80
98837 75
98850 67
98853 80
99079 0
99131 67
99344 0
855 events for 18
52 61
66 0
86 57
89 0
196 61
209 62
389 59
457 0
490 59
533 0
534 62
813 0
929 62
930 0
1103 62
1124 0
1220 63
1349 0
1384 59
1530 0
1583 59
1788 0
1821 62
1853 0
1896 59
1926 0
2018 62
2275 0
2483 63
2943 0
2964 63
3053 0
3109 61
3132 0
3224 57
3485 0
3847 57
3893 59
3904 59
3921 0
4059 62
4269 0
4383 59
4473 63
4557 0
4559 57
4562 0
5059 63
5557 61
5694 0
5961 59
6254 59
6365 0
6400 62
6419 0
6624 61
6674 62
6948 62
6993 63
7084 0
7353 62
7465 0
7608 63
7619 0
7696 63
7823 0
7866 63
8102 0
8165 62
8184 0
8295 63
8349 0
8378 63
8536 0
8664 62
8705 0
8851 59
8861 57
8982 0
9175 59
9201 0
9203 61
9621 0
9720 62
9887 0
9994 57
10070 0
10087 63
10118 0
10158 59
10180 0
10223 61
10245 0
10446 63
10520 0
10688 59
10757 0
10772 57
10828 0
11024 59
11039 0
11117 62
11260 0
11355 63
11395 57
11704 0
11850 63
12039 62
12505 59
12598 0
12711 63
12787 61
12834 57
12862 63
12912 0
12957 62
13002 0
13071 59
13085 0
13120 62
13136 0
13283 63
13317 0
13390 59
13475 0
13533 62
13540 0
13662 59
13664 0
13905 63
14329 0
14569 61
14573 63
14660 0
14760 62
14861 0
15205 63
15350 0
15414 63
15457 0
15508 63
15908 0
15914 62
15921 0
16037 59
16064 0
16147 62
16489 62
16558 0
16665 63
16731 0
17130 63
17263 0
17385 63
17429 0
17464 62
17527 0
17613 63
17656 0
17689 63
17916 0
17920 63
18310 0
18566 63
18852 0
18906 57
18976 0
19082 62
19181 59
19222 0
19257 63
19325 62
19467 0
19551 62
19649 63
19764 0
19977 63
20024 0
20082 63
20083 0
20157 62
20256 0
20308 63
20360 0
20472 63
20526 0
20615 61
20755 0
20826 63
20832 0
21103 57
21157 59
21253 0
21289 59
21317 63
21323 0
21364 59
21407 0
21500 59
21693 62
21983 0
22090 63
22116 0
22126 59
22237 59
22341 57
22407 0
22494 59
22512 0
22607 61
22795 0
22913 59
23103 0
23131 63
23136 57
23138 0
23157 59
23341 63
23435 0
23619 62
23694 0
23695 63
23799 0
24025 59
24105 0
24196 63
24249 61
24285 0
24345 63
24441 0
24520 57
24613 59
24734 0
24835 57
24891 63
25027 61
25090 62
25160 0
25319 62
25341 59
25348 0
25510 61
25516 0
25790 63
25792 57
25844 0
25895 61
26060 57
26082 0
26101 63
26124 0
26277 59
26347 63
26387 59
26518 59
26543 62
26716 61
26762 0
26772 57
27132 57
27397 0
27515 57
27547 0
27609 59
27665 61
27680 0
27798 57
28001 0
28018 62
28092 0
28331 59
28509 63
28748 63
29047 0
29481 63
29703 0
29941 62
29953 0
30051 59
30160 0
30350 57
30507 62
30530 0
30609 61
30739 0
30864 62
30892 0
30968 61
31133 61
31354 0
31557 63
31855 0
32005 57
32063 0
32078 59
32106 0
32122 62
32414 0
32449 63
32599 0
32630 59
32747 63
32761 0
32821 59
32882 63
33045 0
33395 63
33402 0
33614 57
33691 0
33823 63
34022 0
34058 59
34071 61
34142 0
34236 62
34310 0
34373 59
34637 0
34680 63
34895 0
35076 57
35094 0
35158 63
35293 0
35520 59
35605 0
35726 63
36008 0
36038 59
36275 0
36513 63
36542 0
36645 59
36775 0
37040 62
37165 0
37267 62
37612 0
37635 59
37806 0
37837 63
37968 63
38016 0
38682 61
38814 0
38832 57
38938 0
39141 57
39230 59
39299 0
39568 63
39881 59
39913 0
40444 57
40512 0
40686 57
40705 0
40959 59
41069 0
41085 62
41413 0
41420 57
41459 0
41586 62
41810 59
41915 0
42274 59
42361 63
42566 63
43311 62
43447 0
43488 57
43835 0
43874 63
43893 61
44154 63
44238 0
44250 57
44332 63
44417 0
44458 59
44499 0
44562 62
44592 0
44864 62
45040 0
45114 63
45262 0
45346 63
45563 0
45684 62
45694 0
45697 61
45868 0
45897 59
45986 0
46052 62
46058 0
46333 63
46357 63
46378 57
46514 59
46981 57
47143 62
47242 0
47268 59
47348 0
47349 59
47389 0
47740 59
47895 0
47957 63
47992 57
48233 57
48309 0
48596 59
48623 0
48953 59
49137 0
49195 57
49300 0
49369 62
49379 59
50037 0
50232 62
50401 63
50433 0
50442 63
50488 0
50653 59
50742 57
50826 61
50911 0
51005 63
51012 59
51367 0
51413 61
51580 0
51651 62
51712 0
51720 59
51823 0
51852 63
51988 0
52292 62
52328 0
52754 57
52928 0
53178 62
53185 0
53345 62
53616 0
53750 57
53833 0
53847 59
54162 63
54209 0
54211 62
54286 59
54289 0
54440 63
54599 0
54647 61
54693 63
54731 59
54749 0
54891 59
54904 61
54968 62
54977 0
55005 59
55027 0
55168 59
55173 63
55223 0
55424 63
55630 0
55702 63
55821 0
55898 57
56062 59
56816 0
57028 62
57082 0
57336 63
57395 0
57419 62
57625 0
57695 59
57917 63
57985 62
58136 0
58192 57
58450 59
58641 0
58705 59
58727 0
59007 63
59107 57
59252 0
59366 63
59591 0
59595 63
59598 0
59618 62
59717 57
59773 59
59930 0
60096 63
60213 0
60284 59
60393 0
60441 63
60493 63
60617 0
60773 57
60803 0
60879 57
60897 0
60902 59
60949 0
61105 62
61261 0
61394 62
61583 59
61596 0
61633 62
61720 63
61784 57
61992 0
62128 61
62449 62
62498 0
62722 63
62725 0
63016 61
63195 0
63552 62
63590 0
63678 57
63682 0
63933 63
64000 0
64112 61
64159 0
64191 62
64261 62
64559 0
64893 57
65087 62
65401 0
65406 59
65503 63
65543 0
65704 62
65903 0
66062 63
66270 62
66345 0
66363 61
66611 0
66661 57
66674 61
66892 0
66930 57
67112 61
67231 0
67346 57
67487 0
67506 63
67515 0
67599 61
67685 61
67723 63
67804 0
67901 63
67928 0
68056 57
68082 0
68169 63
68294 61
68448 0
68658 62
68678 57
68708 0
68821 57
68868 62
68911 0
68924 63
68965 0
69087 59
69537 59
69669 0
69908 61
69968 0
70054 59
70289 0
70410 62
70755 0
70877 59
70917 0
70925 63
71007 0
71244 57
71294 62
71351 62
71356 0
71423 63
71635 0
71668 63
71787 0
72108 61
72160 0
72168 63
72205 0
72367 62
72403 57
72471 61
72590 63
72655 0
72695 62
72745 63
72776 57
72870 0
72883 57
72979 62
73071 0
73309 63
73452 0
73736 63
73953 0
74102 62
74118 0
74207 63
74224 0
74814 63
74887 0
74893 62
74918 62
75110 0
75320 59
75601 0
75624 62
75830 0
76072 63
76262 0
76316 57
76353 63
76407 0
76443 57
76452 62
76892 0
76939 62
76957 0
77162 62
77193 59
77247 0
77266 61
77279 57
77300 62
77378 0
77524 57
77560 0
77617 62
77661 0
77719 59
77751 59
77827 0
77838 63
78040 0
78110 63
78184 0
78202 59
78406 0
78519 57
78719 0
78928 61
79097 57
79171 0
79217 59
79269 0
79412 57
79440 0
79496 57
79584 0
79746 61
79874 0
80427 57
80583 0
81027 63
81033 0
81051 57
81341 0
81388 62
81405 0
81678 63
81715 0
81837 63
81852 0
81879 62
81926 0
81967 61
81973 0
81977 61
81987 0
82290 59
82427 59
82438 0
82510 59
82751 63
82863 0
82885 63
83149 0
83273 57
83330 0
83539 63
83790 57
83925 57
84087 57
84096 0
84122 63
84188 0
84234 63
84268 0
84433 59
84451 0
84522 62
84803 0
84905 63
85077 0
85096 63
85473 0
85537 61
85566 0
85575 63
85726 62
85756 0
85792 62
85835 61
85849 0
85878 62
85981 0
86228 57
86286 61
86511 0
86563 57
86596 0
86599 63
86834 61
86849 0
87047 59
87256 63
87380 0
87382 63
87819 0
87840 57
87899 0
87961 62
88050 62
88071 62
88165 62
88524 63
88554 0
88603 63
88680 0
88787 61
88947 0
88958 63
89104 0
89318 63
89420 0
89589 57
90273 0
90414 57
90542 57
90568 0
90611 57
90744 0
91093 59
91097 0
91201 57
91761 0
91851 63
91871 0
91951 62
91962 0
92159 63
92195 0
92231 59
92446 0
92661 57
92688 57
92698 0
92766 63
93116 63
93226 57
93356 0
93365 57
93394 0
93761 59
93852 0
93895 57
93927 63
94067 0
94193 63
94232 0
94338 57
94601 0
94781 63
94794 0
94928 57
94976 0
95118 59
95121 0
95135 59
95361 57
95372 0
95534 63
95731 63
95859 0
96147 63
96460 0
96502 61
96551 63
96570 59
96819 63
96837 63
97058 0
97100 59
97122 63
97212 0
97253 57
97463 0
97564 63
97720 0
97818 63
97860 0
98012 63
98094 0
98102 57
98119 59
98419 0
98469 63
98558 63
98586 63
98728 63
98809 0
98888 57
98941 0
98997 63
99031 0
99208 63
99254 63
99774 63
417 events for 19
102 49
450 0
880 46
1194 0
1281 46
1321 0
1792 43
1893 0
1977 43
2798 0
3090 49
3423 0
3522 43
4024 0
4125 46
4246 46
4309 49
5146 0
5245 43
5274 0
5389 46
5546 0
5745 46
5829 46
5975 0
6174 49
6456 0
6462 49
6630 0
6831 49
7875 49
8084 0
8112 43
8137 0
8388 43
8509 0
8843 49
9056 0
9479 43
9512 0
10075 43
10715 0
10929 46
10943 0
11044 49
11677 46
11810 0
12191 49
12275 0
12724 49
13258 0
13292 49
13388 46
13471 0
13817 49
14003 46
14098 49
14198 0
14322 43
14368 0
14889 43
15358 0
15524 46
15660 0
15744 46
15772 49
16106 46
16271 0
16827 49
17159 0
17273 43
17359 0
17445 46
17718 0
17761 43
17939 0
17961 43
18530 43
18840 0
19165 43
19286 0
19592 46
20160 43
20246 46
20407 0
21008 49
21028 46
21485 0
21658 46
21793 49
21838 43
22601 0
22632 43
22711 0
22746 43
22894 0
23100 46
23299 46
23470 0
23520 49
23742 0
23847 49
24170 0
24188 49
24384 0
24579 43
24586 43
24872 0
24916 46
25140 43
25325 43
25508 0
25637 43
25663 49
25878 0
26199 49
26244 43
26290 0
26678 43
27114 0
27321 46
27534 0
27558 46
27713 0
28859 46
28872 0
28932 46
29130 0
29173 49
29214 0
29662 49
29692 0
29698 43
30470 46
30546 0
31620 46
31743 0
31881 46
33108 43
33521 0
33838 49
34112 0
34224 46
34247 0
34280 46
34647 49
35239 0
35252 46
35902 46
35926 0
36252 43
36348 43
36776 46
36939 43
37033 0
37044 49
37188 49
37620 49
37707 49
37957 0
38237 43
38535 46
38880 0
38947 46
39303 49
39363 0
39687 43
39806 49
40007 0
40019 49
40216 43
41121 0
41461 49
41650 0
42625 46
42838 0
42901 46
43056 0
43235 46
43388 46
43713 43
43863 46
44026 0
44713 43
44835 43
44977 0
45799 43
45869 0
45912 43
46037 0
46141 49
46204 49
46320 0
46386 49
46408 43
46495 0
46723 49
47139 0
47222 46
47271 0
47286 43
47479 46
47677 0
48315 46
48551 0
48771 49
48851 0
49031 49
49081 0
49460 46
49536 0
50588 49
50599 0
50879 49
50970 0
51237 46
51569 43
51771 49
52163 46
52203 0
52206 43
52452 0
52677 43
52763 0
52939 43
53771 0
54023 49
54560 0
54804 46
54872 0
55590 43
55677 0
56183 46
57125 0
57781 43
58073 43
58096 49
58385 49
58559 0
58674 46
58896 0
58899 49
59080 0
59158 46
59194 46
59474 0
59701 46
60201 0
60211 46
60399 46
60733 0
61100 49
61439 0
61912 46
61997 0
62979 49
63602 49
63872 43
63906 0
63913 49
64067 0
64325 46
64391 49
64462 0
64669 46
64735 0
65510 46
65578 0
65794 49
66520 0
67024 49
67146 0
67525 46
67843 46
67902 0
68049 46
68109 0
68439 46
68573 46
68688 0
68716 43
68722 43
68781 49
68886 0
68909 49
68933 46
69319 0
69720 49
69789 0
69869 49
70059 0
70083 49
70305 0
70842 43
71024 0
71082 46
71143 0
71583 49
71825 0
72044 49
72195 0
72407 46
72552 46
72616 0
72752 49
73163 0
73223 43
74033 0
74378 49
74444 46
74549 0
75226 46
75297 49
75747 46
75834 0
76570 46
76750 0
76973 49
77018 49
77072 0
77167 49
78406 0
78414 49
78586 0
78666 43
79389 0
79390 46
79954 0
80085 49
80104 0
80110 46
80137 46
80206 0
80491 46
80948 0
81036 46
81097 0
81235 49
81260 46
81348 0
81412 46
81657 43
82014 0
82544 46
82745 0
82954 46
82966 49
83018 0
83318 46
83596 49
84319 0
84395 43
84441 0
84535 49
84594 0
84719 49
84737 0
84783 43
85017 0
85056 46
85298 0
85670 49
85849 46
85856 0
86239 46
86635 49
87107 49
87179 0
87523 49
87745 49
87788 0
88050 43
88078 46
88548 0
89118 49
89390 46
89774 0
90325 43
90360 0
90616 43
91281 0
91617 43
91676 0
91728 46
91843 49
92050 0
92213 43
92438 0
92771 43
93327 0
93692 49
93747 0
94025 49
94107 49
94200 0
94673 43
94760 0
94902 46
94930 43
95227 0
95699 43
96146 49
96314 49
96319 46
96879 0
97115 49
97209 43
98088 0
98249 46
98435 46
98687 0
98721 43
99117 0
99406 46
99785 0
99841 43
99942 43
903 events for 20
144 86
281 0
286 41
301 0
468 94
553 0
573 64
733 41
913 0
1029 62
1083 76
1118 0
1189 76
1259 41
1326 0
1505 64
1639 0
1766 76
1819 84
1846 0
1893 86
2156 0
2265 41
2429 0
2519 94
2562 62
2604 0
2623 64
2658 0
2817 62
3083 0
3160 62
3237 0
3533 84
3602 84
3658 0
3936 84
4151 0
4176 86
4322 0
4377 94
4393 0
4403 86
4446 76
4449 0
4502 62
4890 0
5108 76
5315 0
5367 63
5403 0
5406 86
5557 0
5731 52
6058 0
6149 94
6283 0
6320 86
6358 0
6394 52
6413 84
6500 94
6514 0
6597 52
6611 0
6662 94
6697 52
6879 0
6912 62
6940 0
7010 63
7012 0
7061 94
7100 0
7167 64
7250 0
7406 41
7547 0
7580 63
7629 0
7708 84
8046 86
8124 62
8194 41
8267 84
8281 0
8401 64
8470 0
8526 86
8686 0
8711 62
8736 94
8954 0
9285 52
9364 0
9450 84
9514 0
9538 84
9687 0
9694 41
9732 76
9777 0
9856 52
10012 0
10247 94
10343 0
10397 64
10401 62
10432 62
10472 0
10595 52
10603 0
10618 62
10881 0
11021 86
11357 0
11671 41
11825 0
11945 62
11993 0
12014 63
12089 0
12120 64
12206 0
12290 86
12367 0
12436 76
12461 0
12470 86
12853 76
12874 0
12894 84
13036 0
13050 86
13222 0
13311 41
13312 0
13326 52
13583 0
13637 64
13716 0
13762 63
13788 0
13995 84
14194 62
14312 0
14364 52
14542 0
14751 41
14778 76
14808 0
14816 63
14982 0
15005 52
15210 0
15218 64
15365 0
15789 41
15812 52
15968 0
16070 64
16200 84
16737 0
16818 41
16830 0
16870 86
16974 76
17016 0
17136 86
17146 41
17202 0
17220 41
17321 0
17448 52
17489 0
17629 64
17773 0
17779 86
18220 0
18546 94
18677 0
18702 64
18723 0
18792 86
18924 41
18992 0
19202 94
19226 0
19263 64
19391 52
19577 0
19744 52
19974 64
20034 76
20267 0
20438 63
20512 0
20787 64
20791 0
20823 64
20827 41
20834 86
20844 62
20856 0
20881 84
21076 94
21110 0
21128 84
21133 41
21138 0
21182 62
21631 0
21694 41
21701 0
21735 63
21746 0
21748 41
21891 94
21913 0
22247 62
22485 0
22508 41
22685 0
22748 86
22785 0
22841 62
22844 0
22996 63
23004 0
23086 94
23099 0
23167 86
23291 86
23470 0
23601 64
23723 0
23940 94
23942 64
23998 0
24000 52
24034 0
24059 41
24260 0
24419 62
24760 0
24803 62
24828 0
24884 84
25161 41
25218 0
25221 64
25318 76
25363 0
25411 86
25562 94
25654 0
25662 76
25704 94
25717 0
25837 41
25849 0
25955 64
26001 63
26054 0
26395 84
26502 63
26911 0
26995 41
27026 0
27139 84
27304 86
27458 0
27654 84
27692 64
27729 41
27968 0
28092 41
28228 0
28305 94
28376 0
28383 84
28457 86
28488 0
28596 52
28692 0
28779 94
28903 0
28914 62
29214 0
29224 84
29354 94
29453 0
29810 64
29837 0
29942 64
30006 63
30070 86
30122 0
30215 52
30237 64
30402 0
30574 41
30643 0
30756 63
30767 0
30770 63
30810 0
30973 86
31039 52
31152 0
31286 94
31395 86
31587 0
31718 84
31719 0
31741 41
31766 0
31870 63
31986 0
32068 64
32140 0
32231 84
32341 0
32553 62
32762 0
32979 76
33080 64
33200 0
33296 52
33310 0
33513 84
33687 0
33927 63
33936 76
33990 0
34257 84
34331 0
34337 94
34373 0
34486 62
34508 0
34532 84
34594 76
34654 62
34781 0
34813 76
35091 0
35137 52
35256 0
35263 62
35313 86
35408 0
35512 41
35917 0
36104 86
36118 62
36169 0
36287 62
36431 0
36482 64
36566 41
36619 0
36810 63
36819 94
37052 0
37443 64
37588 94
37694 0
37719 63
37736 0
37946 62
38147 0
38381 64
38393 0
38446 94
38538 0
38644 76
38710 0
38733 86
39244 0
39372 62
39403 0
39699 86
39718 84
39741 0
39818 76
39881 84
39952 0
40001 64
40290 0
40309 52
40384 0
40484 62
40655 84
40662 0
40730 84
40778 0
40809 63
41025 94
41128 86
41375 62
41460 0
41499 64
41894 0
41908 86
41938 0
41954 63
42311 0
42320 94
42346 63
42727 94
42965 0
42973 94
43052 41
43129 0
43375 52
43379 0
43604 52
43818 52
44040 0
44253 62
44260 0
44306 76
44449 0
44463 41
44480 0
44485 64
44750 0
44794 52
44891 0
44947 62
44965 84
45158 0
45253 62
45256 0
45375 62
45397 0
45478 62
45584 0
45809 84
46340 84
46377 62
46382 0
46468 84
46661 76
46843 86
47080 0
47165 84
47204 0
47361 63
47673 0
47883 52
47933 0
47975 63
48208 0
48234 62
48249 0
48267 86
48281 64
48359 0
48371 76
48815 0
49187 86
49217 0
49229 64
49309 0
49356 94
49376 64
49583 0
49626 63
49942 0
50173 86
50225 0
50264 84
50271 0
50319 94
50464 0
50513 62
50555 0
50566 84
50682 0
50746 63
50827 76
50928 0
51093 76
51387 52
51471 0
51480 41
51497 0
51614 94
51763 0
51950 76
52018 63
52302 62
52315 64
52440 0
52562 63
52577 0
52665 63
52776 52
52797 0
52900 52
52938 0
52970 86
53079 86
53204 62
53293 0
53521 62
53544 0
53819 76
53851 0
54055 94
54108 0
54114 62
54243 0
54379 63
54579 63
54694 41
54699 86
54889 0
55062 52
55184 0
55234 41
55320 0
55382 52
55393 0
55478 41
55548 86
55584 0
55796 64
56067 94
56072 94
56148 0
56259 41
56464 52
56488 0
56666 63
56788 63
57085 84
57111 0
57294 84
57565 41
57656 0
58626 63
58754 0
58760 94
58841 0
59080 76
59194 64
59239 0
59262 62
59334 86
59539 0
59586 41
59687 0
59690 63
59739 76
59774 0
59790 52
59796 0
59887 84
59909 86
59929 0
59972 63
60199 0
60242 41
60363 52
60439 52
60596 0
60845 41
60987 0
61070 64
61126 0
61225 64
61399 94
61525 84
61610 0
61679 64
61684 0
61730 86
61797 0
61927 86
61996 0
62038 41
62264 0
62272 41
62560 86
62628 0
62858 62
63003 0
63079 86
63456 0
63624 63
63641 64
63680 0
63686 76
64293 0
64485 52
64491 64
64535 0
64753 84
64832 0
64900 41
64916 0
65000 94
65162 0
65346 64
65387 76
65444 0
65462 62
65468 0
65930 76
66326 0
66482 94
66530 0
66652 52
66845 0
66914 41
67134 0
67244 76
67277 0
67280 62
67340 0
67444 84
67721 94
68306 0
68556 76
68567 0
68572 52
68590 0
68620 84
68662 0
68784 63
68910 0
68920 94
68967 64
68999 41
69025 52
69076 0
69102 52
69149 0
69324 41
69411 76
69468 0
69702 64
69806 0
69884 41
69969 0
70031 64
70165 41
70310 0
70671 41
70801 0
70809 52
70830 0
70989 94
71091 0
71157 86
71353 41
71436 0
71674 62
71728 0
71758 64
71788 62
71845 0
72004 52
72012 0
72037 84
72093 64
72095 0
72226 62
72465 0
72805 62
72869 0
72873 94
73003 0
73228 62
73339 0
73419 52
73452 0
73566 64
73619 0
73864 94
73902 0
74015 76
74026 0
74096 94
74386 62
74483 0
74548 76
74707 52
74975 62
74998 52
75242 62
75272 52
75275 0
75364 86
75447 0
75466 76
75811 0
75924 62
75946 0
76240 86
76317 0
76714 94
76766 0
76884 63
76930 62
77008 0
77104 41
77230 41
77429 0
77489 41
77498 84
77503 0
77546 63
77630 0
78092 62
78235 94
78252 52
78259 41
78408 0
78567 41
78669 0
78688 94
78711 63
78869 76
78993 64
79341 0
79503 41
79551 0
79716 94
79810 0
79872 63
79874 0
79944 62
80384 0
80393 63
80453 0
80476 64
80558 0
80652 64
80826 0
80844 86
80968 0
81222 94
81313 0
81552 86
81576 0
81738 94
81841 0
81884 86
82060 0
82061 84
82100 0
82172 64
82190 0
82376 86
82432 0
82822 76
82914 0
82918 63
82938 0
82973 84
83150 0
83499 86
83553 0
83625 76
83764 94
83768 63
83931 0
84053 41
84154 84
84244 0
84379 64
84666 63
84764 0
84942 86
85066 0
85100 94
85145 0
85235 62
85255 64
85471 0
85641 84
85834 0
85955 84
86045 0
86056 94
86073 0
86081 41
86091 0
86094 76
86164 62
86184 0
86260 63
86328 64
86433 41
86479 0
86575 84
86881 0
86936 62
86960 0
87057 62
87164 0
87173 41
87652 62
87669 0
87686 52
87703 62
87930 0
88420 84
88660 63
89010 94
89190 0
89472 63
89541 0
89691 84
90136 0
90154 62
90157 0
90505 63
90612 52
90730 52
90749 76
91022 0
91040 52
91177 0
91337 63
91338 0
91350 52
91436 0
91561 41
91582 0
92062 41
92153 0
92336 84
92377 0
92408 63
92507 76
92649 0
92664 41
92999 0
93086 76
93594 0
93787 94
93822 0
93877 64
93945 0
94013 41
94091 0
94096 62
94153 0
94295 41
94355 0
94387 76
94390 0
94404 52
94460 0
94567 52
94666 0
94828 52
94893 0
94959 84
94987 0
94997 76
95034 0
95196 94
95397 0
95441 63
95448 0
95765 86
95893 0
96013 52
96033 76
96191 0
96393 94
96534 0
96597 63
96840 52
97018 0
97355 41
97395 86
97437 0
97570 62
97646 52
97796 64
98460 0
98625 41
98703 0
98763 41
98874 0
98909 76
99044 0
99185 86
99246 41
99503 63
99623 0
99686 62
99796 0
99834 76
99853 0
99939 52
384 events for 21
600 30
833 0
1410 30
2252 0
2501 29
2628 0
2888 30
3015 0
3440 30
3516 0
3712 30
3989 0
4684 31
5171 0
5515 32
6141 32
6918 0
7685 29
8672 0
8803 32
9403 0
9420 33
9728 0
10238 33
10389 0
10421 28
10529 0
10603 31
10671 0
10688 32
10869 0
10943 32
11025 0
11216 29
11289 0
12439 31
12980 0
13255 28
13315 29
13666 30
13683 30
13803 0
14020 32
14093 0
14295 28
15125 0
16336 33
16495 28
16876 0
16957 28
16981 31
17412 0
18060 33
18471 0
19146 28
19245 0
19452 28
20017 0
20138 30
20858 0
21118 33
21199 33
21264 32
21401 0
21719 29
22052 0
22233 31
22266 28
22397 32
22659 0
22964 33
23088 0
23193 30
23245 29
23487 0
24286 33
24599 0
24667 28
25003 0
25811 28
25904 29
26060 0
26155 28
26209 29
26397 30
26449 30
26492 31
26634 0
26654 33
27262 0
27928 28
27948 0
28574 29
28908 0
29252 31
29436 31
29529 0
29632 32
29919 0
31163 29
31424 0
31766 33
31810 31
31887 32
31895 29
31932 0
32209 29
32285 30
32415 0
32556 28
32598 0
33070 28
33391 0
33612 28
33819 0
33911 33
34012 0
34081 28
34221 31
34503 0
34528 28
34623 0
34898 28
35035 32
35071 0
35505 32
36156 0
36218 33
36300 28
36468 0
36621 29
37238 0
37330 30
37579 0
37710 30
37805 29
38289 28
38655 28
38777 32
39335 28
40783 32
41139 0
41292 31
41347 0
41395 30
41410 32
41412 0
41635 32
41790 0
41838 28
41980 0
42268 30
42570 0
42754 32
43011 30
43553 0
43654 28
44237 31
44344 28
44356 30
44468 0
44676 28
45056 0
45400 31
46283 0
46318 28
46616 0
46672 32
46736 0
47209 29
47212 0
47411 31
47908 0
48219 30
48348 0
48755 28
49021 30
49321 31
49526 0
49567 32
49607 0
50161 32
50202 32
50336 0
50786 28
50975 33
51445 31
51500 0
51860 28
51926 0
52046 32
52231 33
52487 0
52756 32
52849 28
52866 33
53016 0
53323 30
53325 0
53865 28
53915 0
53971 32
54563 0
55019 33
55041 0
55110 32
55430 0
55600 33
55604 30
55942 0
56060 30
56127 31
56330 0
56512 30
57059 0
57650 28
57768 0
57774 28
57787 29
57791 0
57955 32
58198 0
58537 30
58961 0
58988 28
59207 0
59805 32
59923 0
60086 30
60091 32
60185 0
60210 33
61302 30
61578 0
62538 31
62594 0
62897 32
62906 29
62929 0
62948 31
63022 28
63154 0
63180 32
63193 32
63454 0
63593 30
63635 0
63888 32
64064 0
65359 32
65636 0
65835 30
66027 0
66258 33
66347 0
66632 33
67219 0
68088 33
68091 0
68243 31
68566 0
68567 28
69523 0
69533 32
69569 0
69598 30
69743 33
70119 0
70634 31
70643 0
70965 28
71013 0
71042 28
71233 0
72124 32
72240 0
72404 33
72555 33
72713 0
73290 30
74374 0
74461 32
74599 28
74602 0
74753 30
75183 0
75390 33
75392 0
75416 28
76025 0
76062 28
76190 30
76201 0
76407 30
76756 33
77024 0
77059 29
77388 0
77506 32
78269 0
78673 33
78851 0
79202 28
79313 28
79369 0
79493 33
79624 0
79872 29
80145 33
80150 0
80214 32
80624 0
80914 32
81131 28
81152 33
81536 0
81899 32
82154 0
82788 33
83210 0
83543 29
84232 0
84817 33
84906 0
85124 31
85643 0
85669 31
86646 28
86876 31
86912 29
87533 33
87631 0
87940 29
87978 0
88199 28
88301 0
88486 32
88676 28
89460 0
89950 33
90838 0
91020 33
91028 31
91157 0
91227 30
91471 0
91738 32
91877 0
92235 32
92288 0
92313 29
92953 0
93015 32
93054 31
93121 33
93353 0
93632 28
93663 0
93718 30
93828 0
94042 32
94462 0
94570 32
94672 29
94858 0
95831 28
96033 0
96039 30
96275 0
96300 33
96366 0
96471 28
96540 0
96687 30
96728 0
97413 29
97659 0
98035 32
98131 32
99361 0
99471 32
99473 0
99784 30
99996 0
708 events for 22
292 70
436 0
531 61
543 61
624 0
672 70
820 0
831 61
860 0
872 61
943 70
987 57
992 0
1085 57
1289 0
1503 57
1559 0
1591 61
2144 57
2362 61
2387 70
2413 0
2423 61
2447 0
2658 57
2850 61
2865 0
3015 57
3033 61
3132 0
3235 70
3261 0
3389 57
3518 57
3753 61
3843 0
4245 70
4336 61
4406 0
4533 57
4608 0
4691 61
4857 0
4903 61
4980 0
5144 57
5175 0
5247 57
5255 0
5277 57
5404 0
5759 57
5836 0
5933 70
5980 0
5999 61
6129 57
6191 0
6218 61
6969 0
6972 61
7045 0
7078 70
7117 0
7186 57
7226 61
7299 61
7583 0
7630 57
7844 0
8206 70
8430 61
8756 57
9027 0
9077 70
9118 0
9126 61
9293 0
9309 61
9366 0
9384 61
9443 0
9472 61
9498 0
10112 57
10146 0
10217 57
10259 0
10300 57
10449 0
10470 57
10552 0
10973 61
11023 0
11118 61
11177 0
11515 57
11830 0
11881 70
11960 0
12044 61
12072 61
12194 0
12207 57
12254 61
12349 0
12398 61
12562 70
12628 0
12647 57
12745 0
12859 57
13087 0
13135 61
13164 0
13283 61
13522 0
13856 57
13878 61
14008 0
14140 70
14208 70
14321 57
14545 0
14577 61
14752 0
14981 70
15205 61
15217 70
15311 61
15725 0
15735 61
15786 0
16195 57
16212 57
16429 0
16586 57
16599 0
16850 70
16877 0
17042 57
17051 0
17211 57
17217 0
17349 70
17552 0
17905 57
18450 0
18763 57
19002 61
19006 0
19297 57
19345 0
19477 57
19577 70
19651 0
19816 70
19870 0
20055 57
20060 0
20283 61
20346 0
20572 70
20786 70
21132 0
21203 61
21228 57
21278 0
21506 61
21518 0
21531 61
21587 0
21712 61
21724 70
21831 0
21839 61
22030 57
22266 0
22478 57
22584 0
22623 61
22661 61
22813 0
22925 57
22945 0
22993 70
23038 70
23071 61
23098 0
23106 70
23146 0
23167 57
23337 0
23424 61
23460 0
24016 70
24050 0
24194 61
24250 0
24354 61
24549 61
24666 70
24802 0
24843 61
24953 0
25087 57
25106 0
25235 70
25336 0
25342 61
25497 0
25672 61
25817 57
26146 0
26192 70
26461 0
26900 61
26951 70
27029 0
27108 61
27312 70
27370 0
27619 70
27936 61
28290 57
28525 61
28527 0
28564 70
28664 0
28692 57
28770 0
29021 70
29179 0
29223 70
29333 70
29400 61
29501 0
29530 61
29898 0
29911 57
29991 0
29993 61
30172 0
30184 61
30336 0
30590 70
30695 0
30711 61
30714 0
30836 61
31060 0
31323 57
31500 0
31513 61
31616 0
31671 61
31828 70
31929 0
31977 70
31981 0
32074 70
32248 70
32277 0
32719 57
32870 0
33000 70
33001 0
33011 57
33022 57
33155 0
33187 57
33311 57
33347 0
33518 70
33741 70
34248 0
34382 57
34529 0
34747 70
35011 0
35309 57
35943 61
35974 0
36496 57
36498 70
37062 70
37134 0
37187 57
37442 61
37750 70
37755 0
38010 57
38041 0
38252 61
38255 70
38438 0
38731 70
38865 0
39263 70
39265 61
39301 0
39367 70
39585 0
39604 70
39778 0
39853 61
39865 61
39950 0
40313 61
40608 61
40615 0
40952 70
41104 0
41158 57
41164 61
41197 0
41360 61
41485 0
41489 57
41518 0
41714 57
42058 0
42156 61
42214 0
42337 57
42480 70
42847 0
42855 70
42894 0
42944 70
42979 0
43196 70
43308 0
43332 57
43340 0
43681 61
43702 0
43785 70
44056 61
44562 57
44722 0
44733 61
44737 57
44901 0
45204 61
45917 0
46065 61
46361 0
46550 61
46615 0
46996 57
47265 61
47323 0
47810 57
47997 0
48094 57
48164 70
48316 0
48445 70
48699 0
49156 70
49265 57
49274 57
49728 0
49744 61
50207 0
50417 70
50551 61
50569 0
50673 70
50683 61
50835 61
51022 61
51052 0
51702 70
51749 0
51891 70
51954 70
52225 0
52442 70
52460 0
52649 61
52751 0
52989 57
53027 57
53064 0
53119 57
53216 61
53272 0
53631 61
53635 0
53728 61
53989 61
54086 0
54223 57
54293 0
54435 61
54505 0
54541 57
54554 0
54578 70
54821 0
54867 57
54962 0
55148 57
55197 0
55356 57
55520 61
55696 70
56034 0
56402 61
56416 0
56571 70
56863 0
57138 61
57161 0
57484 70
57506 57
57552 57
57592 0
57791 70
57824 0
57905 57
58119 0
58206 61
58392 0
58533 57
58621 0
59306 61
59540 0
59559 61
59752 0
59801 61
59923 57
59936 70
60094 0
60779 70
60899 0
61201 57
61231 0
61626 57
61680 0
61874 57
62120 0
62134 61
62164 61
62277 57
62333 0
62397 57
62452 0
62592 70
62761 0
62938 61
63042 0
63060 70
63140 0
63213 70
63343 0
63372 70
63557 0
63783 57
63959 70
64001 0
64291 70
64323 57
64432 0
64433 61
64440 0
64552 70
64640 70
64811 0
64907 70
64946 0
64949 57
64966 0
65076 70
65110 70
65177 0
65394 61
65630 0
65684 70
65746 70
65765 0
65784 61
65990 70
66562 0
66594 61
66827 0
67104 70
67174 61
67714 0
68038 57
68087 0
68113 61
68144 0
68195 70
68343 0
68458 57
68680 0
68693 70
68858 61
68876 0
68880 61
69170 0
69513 57
69911 57
70033 0
70484 61
70596 0
70680 57
70742 0
70782 57
71086 0
71204 61
71327 0
71374 70
71401 0
71622 61
71819 0
72092 61
72333 70
72422 0
72610 61
72732 0
73010 70
73017 0
73224 70
73235 0
73273 57
73327 70
73451 0
73670 57
73675 0
73780 61
73797 0
73808 57
74017 61
74104 70
74253 0
74335 57
74431 0
74465 61
74543 0
74613 61
74764 0
74815 61
75707 0
75804 61
75986 0
76366 57
76545 0
76796 57
76859 0
76898 61
76993 0
77065 61
77085 0
77379 70
77593 0
77754 70
77914 0
77916 70
77924 0
77977 61
78030 0
78218 61
78260 0
78405 57
78468 0
78561 57
78783 0
79113 57
79131 70
79343 0
79699 61
79706 57
79964 70
80026 0
80323 57
80681 0
80869 70
80883 0
80990 61
81062 0
81267 57
81310 57
81345 0
81714 57
82010 61
82011 57
82038 0
82048 57
82123 70
82297 0
82364 70
82366 0
82593 61
82613 61
82615 57
82651 0
82676 61
82818 0
82861 70
82871 57
82939 0
83006 70
83147 0
83345 61
83503 70
83615 61
83795 57
83822 0
83886 61
83958 0
83975 70
84099 70
84109 70
84152 0
84168 70
84185 61
84215 0
84862 70
85098 0
85159 61
85189 0
85213 57
85305 0
85393 70
85482 0
85507 57
85803 57
85844 0
86003 70
86651 0
86668 57
86793 61
86812 0
87076 57
87197 0
87379 61
87485 0
87565 70
87732 0
87804 57
87831 0
87862 70
87888 0
88279 57
88288 57
88294 0
88707 70
88716 0
88913 57
89279 0
89321 70
89475 0
89924 57
90087 0
90279 61
90432 70
90979 0
91214 61
91736 0
92022 61
92517 0
92724 61
92906 0
93015 61
93149 0
93342 70
93564 57
93640 57
93686 61
93764 57
94005 61
94039 61
94268 0
94512 70
94805 0
95423 70
95848 0
95861 70
95882 70
95918 0
96265 57
96328 0
96348 61
96444 0
96738 61
97073 0
97169 57
97521 0
97618 61
97632 0
97918 57
98261 61
98352 0
98378 61
98535 0
98669 70
99049 0
99080 61
99341 0
99507 61
99562 0
99651 57
99776 70
99884 61
189 events for 23
204 96
645 0
1187 93
2162 89
3033 90
3150 0
3307 93
3354 0
3480 90
3885 0
4240 90
4539 0
4651 90
5142 0
5237 90
6171 0
6955 89
7245 89
8118 0
8427 90
8463 96
8681 0
8702 91
9648 0
9844 91
9970 0
10521 93
11028 0
11331 89
11660 0
12200 89
12265 0
12278 89
12310 0
12776 91
15369 0
16121 90
16343 0
17285 90
17511 91
17606 96
18871 0
18908 93
19198 89
19313 0
20092 96
20460 0
20630 93
20803 0
20920 93
21387 0
21678 93
23114 0
23659 96
23926 0
24267 90
24986 90
26534 0
27223 90
27429 0
27572 93
27849 93
29229 0
30633 89
31355 93
31907 89
32470 0
34933 93
36706 0
37522 96
37552 91
37585 89
37618 0
38387 93
39140 0
39316 96
39519 0
40884 93
41201 0
41750 90
42317 90
44163 0
44346 96
44605 0
47639 96
47757 90
48256 0
49594 90
49602 0
49724 90
49928 96
50033 0
52150 89
52517 0
52653 90
53037 96
53128 89
53590 0
53829 89
56432 0
56959 91
57338 89
58176 0
58627 91
59621 89
60717 0
63521 93
63714 89
63990 0
64120 96
64475 0
64795 89
65568 0
65573 93
66200 0
66955 91
67781 91
68235 0
69027 91
69060 96
69316 96
69326 0
69694 90
70346 0
70503 90
70976 91
71208 0
71215 90
71359 0
71577 93
72352 0
73097 91
73510 0
75339 93
75644 0
76269 96
76275 0
76607 90
76716 91
76841 0
76896 89
76917 0
76990 89
77168 90
77468 0
77793 91
78068 0
79186 91
81113 0
81520 91
82670 0
82820 90
83166 0
83325 90
84268 0
84910 96
85113 0
85387 93
86178 91
86628 89
86730 0
86814 91
87920 0
88197 93
88380 0
89452 90
90127 90
90676 91
90773 96
91040 91
91196 96
91824 0
91897 91
91983 0
94177 93
94879 0
95155 96
95272 0
95410 90
96899 0
97747 93
98006 91
98037 96
98657 89
98855 89
98874 0
98923 96
99575 0
99741 96
