8 buffers
601373 85554
336130 30896
671138 101991
415359 4487
486416 29862
784325 69541
518575 101098
280956 44636
20 downlinks
0 750 5000 335
1 5750 10000 326
2 10750 15000 401
3 15750 20000 295
4 20750 25000 373
5 25750 30000 286
6 30750 35000 375
7 35750 40000 389
8 40750 45000 310
9 45750 50000 361
10 50750 55000 392
11 55750 60000 374
12 60750 65000 286
13 65750 70000 272
14 70750 75000 343
15 75750 80000 386
16 80750 85000 333
17 85750 90000 346
18 90750 95000 400
19 95750 100000 288
960 events for 0
138 54
308 0
391 55
581 0
582 55
590 0
622 55
634 0
677 54
742 0
772 54
795 0
921 54
923 0
935 55
967 0
1119 49
1152 0
1273 55
1398 0
1483 55
1630 0
1884 54
1934 55
1978 0
2161 55
2286 0
2347 55
2476 0
2610 55
2692 0
2695 55
2734 0
2853 54
3044 0
3108 55
3127 0
3304 55
3379 0
3436 55
3473 0
3509 55
3520 0
3530 55
3613 55
3964 0
4119 55
4213 0
4261 54
4432 54
4434 0
4512 49
4537 0
4657 55
5065 0
5077 55
5182 0
5333 54
5411 55
5578 0
5648 55
5682 0
5754 54
5795 54
5798 0
5915 55
6089 0
6405 55
6843 49
6941 0
6971 55
7144 55
7151 49
7181 0
7321 55
7343 49
7590 55
7650 0
7825 55
7995 0
8296 55
8326 49
8877 0
8966 54
8968 0
8978 55
8993 55
9090 0
9094 54
9182 55
9261 0
9352 49
9447 0
9525 55
9633 55
9679 0
9682 55
9737 0
9884 49
9977 0
10036 55
10215 0
10256 55
10268 0
10288 54
10669 0
10997 54
11023 0
11124 55
11282 0
11515 55
11594 0
11757 55
11986 55
11993 55
12118 0
12209 49
12214 0
12408 55
12481 0
12671 55
12801 0
12835 54
12862 0
12939 55
12945 0
12968 49
13042 0
13195 54
13375 0
13665 54
13669 0
13846 55
13905 0
13969 55
14089 0
14103 49
14114 0
14295 55
14328 55
14659 0
14780 55
15130 0
15354 54
15368 0
15388 54
15429 0
15537 49
15553 55
15656 55
15684 49
16393 0
16397 55
16461 0
16502 55
16745 54
16809 0
16858 55
16910 55
16930 0
17192 55
17376 0
17389 54
17435 55
17533 0
17565 55
17576 55
17709 0
17717 55
17802 0
17995 54
18072 0
18142 49
18166 0
18176 54
18192 0
18607 55
18666 0
18716 55
18790 0
18882 55
18972 0
19032 55
19065 0
19093 54
19194 0
19259 55
19365 0
19451 55
19716 0
19743 55
19803 0
19821 55
19969 0
19975 55
20043 55
20046 55
20078 0
20136 54
20240 54
20281 0
20457 49
20510 0
20724 49
20787 0
21030 49
21069 55
21222 0
21466 54
21513 0
21532 55
21833 55
21841 54
21856 0
21883 49
21904 55
22134 0
22179 55
22343 0
22348 55
22385 55
22642 0
22854 55
22906 54
23312 0
23704 55
23744 55
24106 0
24154 55
24162 0
24200 55
24278 0
24357 54
24416 0
24552 55
24610 55
24637 0
24695 55
24705 55
24949 0
25014 55
25238 49
25319 0
25399 55
25539 0
25633 54
25798 55
25810 0
25941 54
26017 55
26060 0
26197 55
26244 0
26272 54
26274 0
26357 55
26551 49
26558 49
26656 0
26718 55
26753 0
26901 55
26941 0
27027 55
27145 0
27153 54
27449 49
27557 0
27753 49
27759 0
27837 55
27938 54
27965 0
27976 55
28079 0
28188 49
28222 55
28223 0
28343 54
28360 0
28392 49
28616 49
28663 49
28747 55
28772 0
28858 49
28865 0
28884 49
28999 0
29022 54
29064 0
29169 55
29189 55
29359 0
29399 55
29453 55
29456 54
29707 0
29905 55
29949 0
30012 55
30068 49
30606 55
30664 55
30812 0
30843 55
30851 0
30963 54
31068 0
31783 55
31808 55
31821 0
31881 49
31996 0
31998 55
32100 54
32196 54
32635 0
32826 55
32935 0
33016 55
33388 0
33720 49
33751 55
33792 0
33806 54
33856 55
33933 55
34011 0
34109 55
34225 0
34643 55
34894 49
35305 0
35407 55
35462 0
35566 55
35584 0
35616 49
35658 49
35890 0
36006 49
36181 0
36193 49
36355 0
36509 55
36522 0
36678 49
36690 0
36755 55
36832 0
37049 54
37055 55
37068 55
37070 55
37107 0
37213 55
37229 0
37248 55
37293 0
37412 54
37453 0
37497 54
37552 0
37667 55
37770 0
37909 55
37959 55
38299 0
38369 55
38443 0
38569 55
38744 0
38829 55
38830 55
38875 0
38997 55
39061 0
39069 55
39071 49
39135 0
39164 55
39276 0
39279 55
39280 0
39405 55
39555 54
39757 0
39807 55
40113 0
40186 54
40219 0
40382 49
40420 54
40466 0
40499 55
40555 55
40581 55
40679 0
40870 55
41082 49
41140 0
41157 55
41161 0
41194 49
41372 0
41416 54
41809 0
41822 49
41823 0
41847 55
41889 0
41922 55
42057 55
42244 0
42255 54
42343 0
42378 54
42428 0
42438 55
42534 0
42647 54
42710 49
42717 0
42811 49
42820 0
43146 55
43531 54
43756 0
43768 55
43783 54
43858 0
43945 49
43952 0
43962 54
44014 0
44069 54
44167 0
44187 55
44310 0
44344 55
44534 0
44592 55
44872 0
44916 54
44974 55
44979 49
44990 55
45022 49
45105 55
45185 0
45413 55
45493 0
45548 49
45555 0
45616 54
45645 0
45696 55
45716 0
45820 54
45873 0
45901 55
45917 55
46183 0
46284 55
46296 0
46371 55
46427 55
46479 0
46781 55
46787 0
46873 55
47048 0
47089 55
47117 0
47125 55
47182 54
47395 0
47415 55
47452 55
47521 55
47981 0
48095 49
48166 0
48183 55
48209 0
48252 55
48481 0
48740 55
48774 55
48851 55
49127 0
49375 49
49398 0
49421 49
49558 0
49645 55
49776 0
49843 49
50277 0
50438 49
51136 54
51184 0
51201 55
51333 0
51400 54
51405 0
51564 55
51605 0
51626 49
51685 54
51826 0
52026 49
52106 55
52298 54
52303 0
52419 55
52421 55
52447 54
52670 55
52724 0
52970 54
53402 0
53470 49
53550 0
53637 55
53745 0
53861 54
53918 0
54059 55
54091 0
54170 55
54260 0
54448 54
54485 0
54489 55
54553 0
54729 54
54778 0
54806 55
54880 0
54890 55
54926 0
54997 55
55148 0
55506 55
55602 0
55870 55
55912 0
56018 55
56304 0
56332 55
56431 0
56491 54
56504 0
56541 55
56808 0
56887 55
56900 54
56997 54
57030 49
57077 0
57451 55
57614 0
57730 54
57942 0
58050 55
58065 0
58324 49
58395 0
58480 55
58623 0
58756 54
58788 0
59125 49
59140 0
59266 55
59281 55
59295 55
59375 55
59382 0
59524 55
59615 0
59672 55
59867 0
59990 55
60189 0
60292 49
60420 0
60473 55
60738 0
60855 55
60904 49
61016 55
61289 0
61304 54
61420 55
61491 0
61547 55
61590 0
61804 55
62051 0
62149 55
62220 55
62355 0
62439 55
62463 0
62561 55
62696 0
62791 55
62890 55
63155 49
63174 0
63191 49
63272 0
63349 55
63424 0
63451 55
63595 0
63629 55
63724 0
63807 55
63834 0
63990 55
64036 54
64100 0
64104 55
64438 0
64602 55
64726 49
64850 0
65103 55
65272 55
65323 54
65329 0
65332 55
65404 55
65469 0
65502 54
65532 0
65753 54
65771 0
65783 55
65786 54
65972 55
65979 0
66052 55
66259 0
66341 54
66473 0
66717 49
66754 0
66826 55
66913 0
66954 55
66973 0
67094 49
67105 49
67119 0
67321 55
67368 55
67374 0
67527 54
67685 0
67920 55
68069 0
68133 55
68158 0
68247 49
68671 0
68830 55
68831 55
68923 0
68953 55
69309 0
69563 49
69822 0
69950 49
70161 55
70280 49
70454 0
70562 55
70564 54
70664 0
70746 54
70756 0
70771 55
70852 55
70912 0
71144 54
71167 0
71174 55
71186 55
71297 0
71317 49
71319 54
71515 0
71527 49
71793 0
71828 55
71853 0
71925 55
72001 0
72166 55
72170 0
72205 55
72313 0
72396 55
72438 54
72472 0
72499 55
72572 0
72713 55
72944 0
72955 54
72986 0
73063 54
73078 0
73165 49
73260 49
73409 0
73487 54
73671 55
73740 55
73795 54
73874 0
73894 54
73899 55
73907 0
73913 54
73983 0
74025 55
74097 54
74206 0
74406 55
74676 55
74990 0
75021 55
75105 55
75251 0
75461 54
75638 0
75711 49
76017 0
76132 55
76401 0
76477 54
76525 0
76617 55
76688 0
76705 55
76717 0
76892 55
76960 0
76983 55
77115 55
77126 55
77198 55
77280 0
77380 55
77462 0
77679 55
77701 0
77926 55
77949 0
78093 55
78114 54
78171 0
78310 55
78935 55
79024 54
79079 0
79174 54
79201 0
79332 55
79359 55
79432 0
79606 55
79615 0
79736 55
79847 0
79957 49
80023 55
80078 0
80221 55
80428 55
80436 0
80451 55
80679 0
80687 49
80741 55
80766 54
80878 55
81086 0
81097 54
81454 0
81477 49
81532 0
81569 49
81672 55
81727 55
82578 0
82597 54
82607 55
82691 49
82704 0
82730 49
82761 49
82803 0
82897 55
83194 55
83287 55
83468 0
83517 54
83727 0
83788 54
83891 0
83902 55
84006 0
84157 54
84201 55
84211 0
84244 55
84311 0
84551 55
84626 0
84790 49
85004 0
85005 54
85039 0
85096 55
85230 0
85554 55
85565 0
85589 49
85800 49
85878 0
85907 55
86004 0
86019 55
86070 0
86197 49
86200 0
86319 55
86332 0
86592 54
86600 55
86624 0
86690 55
86923 0
87118 55
87465 0
87477 49
87649 0
87708 55
87710 0
87773 54
88148 0
88171 55
88248 54
88537 0
88665 49
88732 0
88976 55
88981 0
89144 55
89152 0
89253 55
89318 0
89452 55
89884 0
89898 55
89915 0
90072 55
90354 0
90449 49
90450 55
90713 55
90714 0
90822 49
90888 49
90893 54
91013 0
91020 55
91103 54
91125 0
91232 49
91243 55
91290 55
91504 0
91569 49
91844 0
91986 49
92078 0
92298 54
92320 0
92386 55
92646 55
92650 55
92663 0
92675 55
92680 55
92728 55
92829 0
92864 55
92902 49
93011 0
93266 54
93276 0
93455 55
93515 55
93529 0
93559 54
93602 55
93793 0
93845 55
94037 0
94211 55
94911 49
95018 0
95056 49
95159 0
95181 55
95312 0
95328 55
95521 55
95620 0
95973 55
95983 55
95989 0
96053 55
96311 49
96315 0
96570 55
96919 0
97053 55
97102 0
97253 55
97476 0
97591 55
97606 0
97949 49
98244 0
98283 49
98418 49
98422 0
98469 55
98705 0
98809 49
98860 0
98985 55
99045 0
99180 49
99260 0
99548 55
99617 0
99632 54
99776 55
99807 54
99890 49
558 events for 1
256 52
362 0
424 52
442 49
484 0
521 52
673 49
684 0
852 49
966 0
1254 53
1278 0
1404 49
1615 0
1793 53
2199 0
2864 49
2947 0
3184 52
3483 52
3512 52
3590 49
3604 52
3607 52
3814 53
4033 49
4639 0
4908 53
4936 0
4983 52
5010 49
5257 0
5473 52
5500 0
5867 54
6117 0
6275 52
6296 0
6354 53
6866 49
6925 0
6931 52
7039 0
7046 52
7236 0
7461 53
7669 0
8230 49
8479 54
8579 0
8922 53
9030 0
9523 52
9550 0
9666 49
9772 49
9929 0
9956 52
10040 52
10701 49
10705 54
10789 0
10859 53
11388 49
11575 0
11802 49
11839 0
11962 54
12401 0
12554 49
13041 52
13200 0
13354 49
13519 0
13659 49
13740 49
14295 0
14328 54
14333 0
14371 54
14842 52
15114 0
15125 52
15259 0
15553 54
15748 0
15863 49
15875 0
15980 54
16204 0
16438 49
16471 0
16547 54
17004 53
17127 0
17242 49
17364 0
17527 53
17670 0
17815 54
18220 52
18251 0
18329 52
18457 52
18748 0
18789 52
19199 0
19411 49
19581 49
19590 52
19802 0
19950 52
20204 0
20338 49
20339 49
20386 0
20399 53
20523 0
20598 52
21096 49
21280 49
21929 0
21965 52
22102 0
22211 53
22498 0
22634 52
22666 0
23061 54
23114 53
23138 0
23528 54
23776 0
24047 54
24289 49
24320 52
24532 0
24611 54
24618 0
24810 53
24940 0
25126 52
25713 54
25754 0
25891 52
25953 0
26040 53
26058 49
26295 49
26382 0
26509 52
26680 54
26716 52
27380 0
27724 52
27799 53
27905 0
28113 52
28212 0
28283 49
28315 0
28449 53
28556 0
28690 52
29033 0
29121 49
29474 0
29534 53
29579 0
29804 52
30155 49
30167 53
30187 0
30247 49
30453 0
30552 49
30771 49
30887 0
31124 54
31233 0
31638 54
32181 0
32267 53
32327 0
32345 53
33023 0
33035 52
33051 54
33257 0
33628 52
34184 0
34222 52
34707 0
34866 49
34867 0
35059 49
35131 49
35171 52
35283 0
35457 49
35521 0
36094 52
36095 0
36115 52
36201 0
36266 52
36728 0
37093 52
37215 0
37808 49
38040 0
38458 49
38706 53
39070 0
39295 52
39332 0
39484 52
39553 0
39701 52
39940 53
40352 0
40411 49
40501 0
40672 52
40673 49
40889 54
40964 0
41401 52
41408 0
42195 53
42455 0
42558 49
42821 52
43001 53
43245 0
43304 49
43667 54
43771 49
43814 53
44945 0
44979 53
45159 0
45413 49
45570 0
45859 49
45902 0
46603 49
46689 0
46692 54
46716 0
47042 53
47343 53
47386 0
47519 52
47590 0
47682 52
48376 53
48569 0
48584 53
48832 0
48950 52
49059 0
49264 53
50085 0
50092 49
50426 0
50481 54
50506 0
50548 52
50557 0
50654 53
50676 0
50999 49
51206 52
51232 0
51443 49
51450 0
51886 54
51888 0
52236 54
52612 52
52696 0
52820 54
52850 53
53296 49
53617 0
54190 49
54207 0
54488 52
54522 0
54544 54
54561 49
54740 49
54764 0
54866 54
54880 54
55001 49
55050 0
55490 52
55873 0
55969 49
56010 0
56279 52
56368 0
56840 52
56860 0
56961 49
57010 0
57012 52
57096 52
57262 52
57380 0
57589 49
57692 0
58379 54
58380 54
58392 0
58401 49
58433 0
58559 54
58690 0
58734 52
58859 0
58867 54
59017 0
60022 49
60117 54
60188 0
60194 53
60281 0
60287 54
60378 0
60681 52
60961 0
61103 54
61893 0
61934 52
61971 0
62213 52
62255 0
62265 52
62325 0
62439 49
62451 49
62589 0
62696 53
62905 54
63167 52
63357 52
63593 0
63634 52
63691 0
64078 49
64300 0
64521 53
64631 52
64640 49
64720 52
64879 0
64904 49
65377 49
65497 0
65545 54
65788 0
65790 52
65966 0
65997 49
66057 52
66195 0
66253 52
66561 53
66650 0
66911 53
66941 0
66954 54
67246 49
67267 53
67388 0
67454 52
67510 0
67528 54
67681 0
67836 53
68103 49
68682 49
68715 49
68727 49
69008 0
69641 52
70510 49
70623 0
70700 49
71100 0
71307 49
71433 0
71552 54
71689 0
71790 49
71863 0
71911 49
72200 0
72343 53
72391 0
72419 52
72641 52
72924 52
72948 0
73003 49
73315 49
73317 0
73766 49
73828 0
74039 49
74153 0
74444 54
74744 52
74846 0
75004 54
75140 53
75225 54
75231 0
75308 52
75315 0
75583 52
75642 0
75750 49
75861 0
75914 54
76331 0
76463 49
76498 0
76623 52
76881 0
77408 49
77449 0
78072 53
78209 53
78430 49
78473 0
78744 53
78766 52
78777 0
79469 53
79661 0
80034 49
80141 49
80206 0
80234 49
80364 0
80686 52
80796 0
80901 52
81478 0
81626 52
81676 0
81744 49
81817 53
81849 0
82195 49
82323 0
82331 52
82768 0
83076 53
83413 0
83539 53
83546 49
83636 0
83774 49
84129 53
84248 0
84302 53
84550 52
84593 0
84772 52
84823 0
84908 54
84912 0
84946 49
84947 54
85517 0
85771 52
86248 0
86530 54
86932 0
87059 53
87393 49
87599 0
87704 53
87733 0
87910 53
88078 0
88165 54
88237 0
88468 53
88560 0
89188 53
89518 0
89735 49
89755 0
89784 53
89901 0
90063 53
90171 54
90385 0
90621 52
90802 0
90957 54
90977 54
91062 53
91273 49
91459 0
91616 53
91981 0
92286 52
92563 0
92588 52
92911 0
92917 49
92918 0
93045 52
93126 0
93202 54
93232 0
93396 53
93411 0
93447 49
93505 0
93829 49
94064 0
94260 52
94262 0
94464 49
94541 54
94598 0
94686 49
94865 0
95225 49
95665 0
95922 52
96188 53
96574 0
96642 52
96654 52
97001 0
97108 49
97290 0
97438 54
97653 0
97906 52
98230 54
98257 0
98302 53
98573 49
98620 0
99456 54
99513 0
99718 52
99721 0
837 events for 2
127 81
393 0
570 95
610 0
615 92
639 0
725 88
1060 0
1123 95
1243 95
1374 92
1664 0
1777 77
1779 81
1899 88
2649 0
2668 77
2682 0
2902 77
2915 0
2931 88
2993 0
3096 77
3467 88
3623 0
3649 90
3839 92
3853 94
3884 81
3972 0
3983 81
4083 0
4090 92
4350 0
4588 92
4691 0
4787 95
4792 0
4797 95
5018 0
5269 95
5433 0
5458 81
5477 0
5608 79
5749 77
5875 0
5946 94
6101 0
6172 79
6208 92
6303 0
6418 77
6515 88
6598 0
6930 95
6965 88
6981 0
7031 81
7033 0
7239 81
7460 0
7743 88
7764 0
7902 79
8010 79
8287 0
8356 95
8417 0
8489 79
8504 0
8695 92
8829 0
9345 92
9478 0
9649 95
9689 92
9891 0
10054 79
10092 92
10330 92
10349 88
10381 0
10553 88
10569 0
10665 90
10811 0
10835 79
10836 0
10853 88
11009 0
11021 92
11475 92
11647 0
11752 79
11800 0
11873 94
11934 0
12082 90
12110 0
12169 77
12404 0
12425 92
12527 0
12575 77
12645 0
12750 77
12841 0
12986 77
13208 0
13377 88
13378 0
13379 90
13419 0
13652 90
13850 0
13889 90
13898 0
13970 88
14230 79
14254 0
14321 95
14412 0
14939 90
14973 0
15113 94
15118 0
15237 90
15238 0
15246 92
15391 0
15505 92
15726 94
15802 0
15840 92
15986 92
16076 0
16223 94
16365 0
16410 88
16448 0
16551 90
16596 79
17097 0
17098 90
17399 0
17725 92
17742 0
17968 95
18045 0
18093 79
18459 0
18640 90
18702 0
18950 90
19165 0
19231 92
19248 0
19326 77
19507 0
19557 95
19624 0
19635 77
19748 0
19779 92
19916 95
20248 0
20306 92
20508 0
20646 79
20773 0
20981 81
21010 0
21041 90
21355 0
21473 94
21703 0
21768 90
21862 95
21877 0
21903 95
21979 0
22007 88
22258 88
22341 0
22434 79
22547 0
22719 92
22941 95
23133 0
23169 81
23180 0
23187 92
23208 0
23320 95
23430 0
23445 95
23505 0
23542 81
23577 0
23739 77
23756 0
23799 92
23868 0
24089 94
24320 0
24355 92
24410 0
24997 81
25212 0
25219 95
25330 0
25428 88
25732 0
25777 88
25798 0
26105 79
26389 0
26585 95
26819 0
27033 90
27142 0
27243 94
27281 92
27389 0
27473 79
27496 0
27561 94
27583 0
27790 81
27816 0
27864 81
28076 77
28112 0
28136 92
28290 81
28324 0
28427 92
28449 0
28450 92
28631 0
28653 79
28894 0
28922 90
28993 92
28998 77
29128 0
29217 81
29276 77
29331 0
29339 90
29354 0
29431 77
29491 0
29516 95
29685 94
29719 92
29785 0
29905 77
29960 0
30104 88
30164 81
30207 0
30231 88
30493 0
31013 88
31109 0
31119 88
31261 0
31483 90
31485 0
31553 77
31671 0
31810 79
31887 0
32052 79
32127 90
32344 92
32369 0
32426 95
32428 77
32429 0
32470 79
32490 0
32630 95
32638 0
32802 77
32830 0
32892 92
33093 0
33115 92
33163 81
33545 0
33678 81
33722 0
33997 92
34207 0
34287 90
34534 0
34738 92
34795 94
34804 0
34902 79
34938 0
34947 90
35332 94
35401 90
35547 0
35711 90
35746 90
35751 0
36047 77
36588 90
37130 0
37218 92
37224 81
37258 92
37619 0
37637 90
37673 94
37842 0
38020 81
38109 90
38114 0
38166 95
38418 0
38453 77
38513 0
38624 88
38643 92
38814 0
38844 81
38982 92
38986 0
39002 88
39031 92
39221 90
39232 0
39435 88
39477 0
39791 79
39881 0
40185 95
40291 0
40356 94
40624 0
40953 77
41094 77
41256 0
41328 81
41362 0
41527 92
41657 94
41840 88
41960 0
41961 77
42221 0
42300 88
42333 88
42345 0
42384 95
42703 0
42769 88
42891 0
43098 79
43164 0
43236 90
43849 0
43875 92
43905 0
43964 81
43992 79
44002 0
44004 81
44175 88
44299 0
44300 88
44331 0
44424 92
44516 0
44555 81
44825 0
44851 95
45117 0
45127 92
45191 0
45204 90
45232 0
45315 77
45340 0
45364 90
45447 0
45509 94
45556 92
45565 88
45633 0
45717 90
45798 0
46020 92
46044 0
46206 95
46314 92
46362 79
46413 0
46427 77
46601 0
46856 95
47244 0
47319 92
47394 90
47466 0
47508 92
47585 94
47657 94
47933 79
48020 0
48026 77
48629 0
48679 94
48744 0
48776 88
48888 0
48892 79
48958 0
48986 90
49050 0
49258 95
49303 0
49318 79
49447 0
49794 90
49855 92
49934 0
50009 90
50658 0
50680 79
50764 0
50977 79
51087 0
51199 90
51216 0
51316 90
51387 0
51515 95
51555 0
51700 81
51829 0
51888 92
52080 0
52116 90
52210 0
52244 90
52270 79
52278 0
52391 90
52580 0
52636 81
52683 0
52838 88
52994 92
53132 0
53159 95
53246 0
53553 95
53601 0
53674 88
53761 0
53786 77
54123 95
54190 88
54397 81
54570 0
54580 88
54666 0
54916 81
54963 0
55031 77
55107 0
55296 81
55370 94
55380 0
55497 94
55637 0
55903 95
56386 0
56639 77
56670 0
56752 79
56827 0
56875 81
57074 95
57083 0
57087 79
57165 0
57339 94
57400 92
57578 0
57722 92
58379 0
58417 95
58662 0
58779 77
58790 92
58970 0
58978 95
58983 94
59138 0
59201 88
59566 0
59633 79
59918 0
59946 95
59951 0
60023 92
60184 0
60332 95
60360 0
60382 92
60487 0
60723 79
60870 0
60905 92
61076 0
61101 92
61128 88
61131 0
61349 94
61378 0
61447 88
61859 0
61958 81
62118 79
62340 0
62736 92
62786 90
62994 0
63210 88
63243 0
63424 92
63510 0
63590 92
63595 0
63627 88
63771 0
63809 79
63977 0
63998 79
64143 0
64412 79
64593 0
64619 92
64796 0
64873 81
64877 0
64932 94
65084 0
65259 77
65527 81
65542 0
65564 92
65832 95
65884 90
66027 94
66181 0
66216 94
66723 88
67044 92
67180 0
67338 94
67448 92
67518 0
67594 90
67666 0
67708 90
67783 92
67793 0
67799 94
67903 0
67968 88
67995 0
68046 79
68085 0
68116 94
68386 0
68427 79
68747 0
68797 81
69074 90
69194 0
69280 77
69292 0
69567 92
69736 92
69761 0
69808 94
69820 0
69886 92
69964 0
69978 94
70009 0
70020 88
70119 77
70398 0
70773 88
70893 90
71114 0
71123 90
71526 0
71540 88
72173 0
72220 95
72392 90
72450 92
72773 0
72811 94
73084 0
73197 88
73220 90
73264 90
73444 0
73560 77
73642 0
73797 92
73814 81
73824 92
73880 0
73984 90
74014 79
74289 77
74387 0
74538 88
74579 92
74604 81
74759 0
74771 88
74798 0
74898 90
74947 79
75105 0
75126 81
75204 0
75246 90
75264 0
75366 88
75423 0
75495 92
75652 94
75863 81
75925 0
76282 81
76345 0
76482 77
76491 95
76510 0
76711 92
76776 0
76835 92
76906 94
76957 0
76982 90
76993 0
77008 95
77121 92
77259 0
77535 95
77762 77
77816 0
77963 88
78123 0
78134 95
78164 0
78267 88
78344 94
78406 0
78442 88
78486 0
78513 88
78955 0
79065 95
79084 0
79160 94
79308 0
79343 92
79541 0
79827 79
80091 0
80147 79
80276 81
80670 0
80677 77
80860 0
81059 92
81453 0
81562 94
81566 0
81594 94
81598 0
81664 81
82035 0
82063 88
82158 0
82457 81
82473 0
82650 79
82743 0
83067 94
83187 0
83197 92
83739 0
83916 95
83997 92
84012 0
84093 88
84223 0
84458 92
84724 0
84900 88
84945 0
84961 88
85286 0
85319 92
85320 0
85332 92
85381 0
85396 88
85406 77
85456 0
85514 81
85570 95
85584 0
85655 77
85779 0
85952 81
86071 92
86138 95
86391 0
86504 88
86520 0
86861 77
87245 0
87279 92
87462 0
87510 94
87999 0
88133 81
88382 0
88756 95
88825 0
88863 95
89106 0
89246 92
89311 92
89330 92
89508 88
89569 81
89578 0
89742 94
89863 0
89899 79
90021 0
90055 88
90154 90
90221 95
90448 0
90752 92
90755 0
90848 77
90996 95
91087 0
91206 88
91231 0
91342 90
91611 0
91695 92
91901 0
91993 77
92111 0
92179 94
92313 0
92444 90
92486 0
92505 95
92569 0
92778 88
92833 94
92860 0
93114 92
93492 0
93547 77
93554 0
93606 95
93690 81
93869 0
93877 81
93928 95
93949 0
94151 95
94396 94
94426 0
94480 88
94600 77
95230 0
95339 88
95730 0
95898 92
95997 0
96187 90
96237 0
96381 88
96395 0
96449 90
96560 0
96575 79
96612 81
96732 0
97063 77
97207 0
97269 90
97395 0
97495 95
97579 0
97873 95
97941 0
98083 92
98209 0
98221 92
98231 0
98465 81
98486 0
98517 77
98543 0
98813 79
98944 0
99523 81
99528 0
99661 79
99791 81
497 events for 3
2 58
49 88
96 82
263 0
1033 88
1152 0
1231 82
1456 0
1459 82
2206 0
2273 45
2725 61
2777 0
3224 61
3300 0
3411 45
3808 45
3968 60
4158 0
4366 61
4369 0
4376 82
4470 0
4542 58
4574 58
5165 0
5617 61
5690 82
6237 45
6315 0
6925 60
7230 0
7317 82
7382 0
8071 82
8301 0
8394 88
9337 0
9692 60
9769 0
9918 88
10212 0
10362 58
10520 88
10663 0
10667 88
11029 88
11032 0
11097 58
11430 0
11459 88
11555 61
11676 0
12070 82
12071 60
12177 0
12563 82
12872 0
13015 60
13279 0
13307 82
13336 0
13528 60
13530 0
13576 88
13593 45
13691 0
14041 61
14283 0
14362 88
14760 0
14863 60
14993 58
15075 0
15288 60
15335 0
15708 88
16224 0
16261 61
16282 60
16513 0
16674 58
16847 0
16886 58
16925 0
17079 45
17737 0
17825 58
17885 60
18048 0
18068 60
18188 0
18284 60
18297 60
18586 0
19040 88
19104 0
19155 88
19231 58
19310 0
19671 45
19698 0
19832 60
20203 61
20234 0
20334 61
21365 61
21444 0
21470 88
21729 0
21778 61
21872 0
22020 61
22277 60
22401 61
22499 0
22522 88
23003 0
23193 60
23553 60
23588 0
23780 58
24103 82
24563 0
24604 60
24750 58
25136 0
25167 61
25221 0
25396 61
25489 0
25797 82
25854 0
26077 60
26098 88
26123 0
26483 82
26826 0
26861 45
26962 0
27460 58
27505 0
27841 88
28330 0
28331 45
28698 0
28886 60
29372 0
29383 45
29937 60
30437 60
30575 0
30984 58
31085 0
31774 58
32259 0
32539 45
32804 0
32977 58
33344 0
33475 88
34100 0
34144 45
34175 0
34460 60
34796 58
35171 0
35514 88
35529 60
35826 60
35870 0
36351 60
36567 0
37325 61
37426 0
37733 60
37800 0
37877 88
38501 45
38791 0
38879 88
38931 0
39099 60
39296 0
39428 82
39902 0
40137 88
40158 0
40214 45
40512 0
40595 82
41086 45
41171 0
41396 58
41838 0
41934 58
41973 0
42034 58
42044 0
42194 88
42418 0
42460 60
42953 58
43091 0
43592 88
44100 88
44290 88
44347 0
44804 88
44910 0
45272 58
45333 0
45423 58
45563 0
46046 82
46052 61
46165 0
46177 88
46313 45
46337 0
46360 88
46493 61
46512 0
46621 45
47067 45
47598 61
47858 0
48276 88
48314 0
48347 82
48475 0
48587 88
48597 0
48793 45
48811 0
49148 61
49160 0
49510 88
49566 0
49942 60
50131 0
50309 82
50392 61
50598 0
50636 60
50848 88
50912 0
50957 58
51061 0
51151 45
51307 0
51429 61
51523 82
51621 0
52094 61
52122 0
52158 60
52249 0
52401 88
52499 0
52998 58
53020 0
53200 88
53264 0
53381 60
53904 0
54033 60
54081 0
54184 58
54500 0
54541 82
54577 0
55069 82
55130 45
55202 88
56002 58
56097 61
56124 0
56379 82
56576 0
56828 82
57148 0
57230 60
57235 0
57347 58
57373 0
57375 58
57478 45
57785 0
57948 58
58017 0
58145 45
58388 88
58467 0
58623 58
58741 0
59143 61
59162 0
59196 82
59409 0
59427 45
59633 0
59910 82
59921 82
60343 0
60590 82
60682 0
60694 61
61407 0
61530 60
62017 0
62081 88
62601 61
62672 0
62959 58
63772 0
63811 60
64048 0
64616 82
65234 88
65361 58
65853 61
65944 58
66707 0
67113 88
67226 45
67236 45
67368 0
67477 58
67634 58
67882 0
68132 45
68225 0
68374 58
68780 88
68996 60
69041 0
69089 60
69334 0
69407 58
69705 0
69813 61
70018 0
70027 88
70046 0
70489 58
70767 0
70778 58
70920 0
70943 61
71057 0
71075 45
71172 0
71422 60
71984 45
72083 0
72270 88
72366 0
72428 61
72622 0
72825 45
72840 0
73030 88
73069 0
73616 61
73731 0
73981 61
74034 45
74142 0
74215 58
74493 45
74515 0
74607 45
74614 88
74768 0
75059 82
75070 82
75239 0
75493 88
75828 0
75867 82
75903 0
76017 88
76201 0
76285 58
76515 0
76570 45
76622 0
77022 61
77410 61
77461 82
77521 0
77885 60
78377 0
78712 45
79033 45
79219 0
80039 58
80376 0
80704 60
81009 45
81286 0
81312 88
81543 58
81726 0
81735 88
81765 0
81780 88
81921 0
82094 82
82114 0
82342 60
82667 0
82703 60
83084 60
83261 0
83264 82
83289 0
83457 88
83703 0
83818 61
84090 61
84937 0
85462 61
85769 0
85985 61
86323 0
86697 82
86754 0
87740 45
87821 60
87901 45
87924 0
87953 61
87960 0
87968 88
88150 0
88378 61
88382 45
88783 0
89344 45
89388 58
89455 0
89515 61
89521 58
89626 0
89786 82
89867 45
89906 82
89973 0
90598 60
90685 0
90700 88
91192 82
91576 0
91577 45
91857 60
91961 0
92095 58
92204 0
92432 61
92609 0
92691 58
93188 0
93369 82
93441 0
93639 82
93680 0
93926 45
93965 0
94136 60
94494 0
94517 88
94639 0
94808 61
95061 45
95233 0
95414 61
95478 82
95748 0
96523 60
96743 0
96769 88
96899 0
97274 58
97303 0
97633 88
97949 0
98112 82
98439 0
98510 82
98600 0
98686 61
99094 88
99183 0
99541 58
99683 0
806 events for 4
108 55
121 55
228 0
289 55
403 0
703 55
1034 0
1191 55
1304 0
1416 55
1482 0
1490 55
1778 0
1858 55
2043 0
2242 55
2316 0
2348 55
2408 0
2787 55
2807 0
2809 55
2891 55
3080 0
3188 55
3236 55
3261 0
3523 55
3712 55
3811 0
3840 55
3868 0
4041 55
4133 0
4162 55
4247 0
4391 55
4427 0
4698 55
4731 0
4739 55
4789 0
4824 55
4848 0
5451 55
5544 0
5582 55
5639 55
5782 0
5927 55
6268 55
6309 0
6598 55
6631 0
6754 55
6781 0
6813 55
6833 0
6991 55
7029 0
7272 55
7380 0
7502 55
7518 0
7577 55
7669 0
7806 55
7998 0
8402 55
8465 55
8903 0
8908 55
8949 0
9360 55
9513 0
9534 55
9583 0
10025 55
10057 55
10138 0
10178 55
10183 55
10572 0
10575 55
10729 0
10746 55
10760 0
10778 55
10805 0
10807 55
10844 55
11021 55
11077 0
11194 55
11301 55
11444 0
11447 55
11460 0
11593 55
11942 55
12069 0
12125 55
12167 55
12309 55
12574 0
12654 55
12729 0
12855 55
12922 0
12994 55
13202 0
13255 55
13298 0
13405 55
13503 0
13736 55
13888 0
14065 55
14102 0
14143 55
14442 0
14505 55
14568 0
14669 55
14713 0
14946 55
14951 55
15002 0
15198 55
15393 55
15447 0
15785 55
15858 55
15912 55
16057 0
16090 55
16200 0
16208 55
16273 0
16280 55
16299 0
16383 55
16540 0
16586 55
16754 55
16969 0
17107 55
17128 0
17253 55
17295 0
17375 55
17406 0
17628 55
17740 0
17743 55
17795 55
17872 0
18028 55
18058 0
18316 55
18324 0
18454 55
18467 0
18469 55
19133 0
19428 55
19463 0
19584 55
19837 0
20090 55
20123 0
20213 55
20378 0
20412 55
20423 0
20457 55
20550 55
20762 0
20840 55
20919 55
20986 0
21025 55
21097 0
21416 55
21557 0
21585 55
21659 0
21838 55
21883 0
21899 55
21998 0
22468 55
22481 0
22584 55
22760 55
22974 0
23007 55
23158 0
23229 55
23351 0
23461 55
23495 0
23525 55
23528 55
23636 0
23664 55
23692 55
24016 0
24081 55
24201 55
24311 0
24670 55
24684 0
24696 55
24865 0
25252 55
25514 0
25577 55
25651 0
25656 55
25843 0
25853 55
25863 0
26137 55
26155 55
26290 55
26446 55
26525 0
26774 55
26903 0
27082 55
27132 55
27149 0
27234 55
27252 0
27449 55
27488 55
27861 0
28022 55
28176 55
28298 55
28458 0
28601 55
28812 55
28982 0
28983 55
29163 0
29362 55
29498 0
29587 55
29858 0
30003 55
30338 0
30602 55
30673 0
30726 55
30980 0
31018 55
31031 0
31093 55
31479 0
31480 55
31491 55
31975 55
31996 55
31999 0
32263 55
32451 0
32482 55
32536 0
32614 55
32639 0
32675 55
32751 0
32820 55
32831 55
32908 0
33106 55
33367 0
33856 55
34481 0
34651 55
34681 55
34711 55
34789 0
34915 55
35028 0
35060 55
35064 55
35123 0
35125 55
35242 0
35350 55
35607 0
35830 55
35995 55
36018 0
36048 55
36067 0
36129 55
36314 55
36367 0
36459 55
36505 55
36716 0
36833 55
36929 0
37009 55
37068 55
37293 55
37310 0
37429 55
37430 55
37521 55
37534 0
37739 55
37774 0
37889 55
37897 55
38080 0
38110 55
38352 55
38524 0
39056 55
39188 0
39207 55
39270 0
39283 55
39401 0
39441 55
39468 0
39877 55
39934 55
40272 55
40288 55
40418 0
40575 55
40655 0
40769 55
41087 55
41207 0
41278 55
41304 55
41421 55
41558 0
41724 55
41747 0
41748 55
41761 55
41838 55
41965 55
41973 0
41993 55
42026 55
42040 0
42070 55
42294 0
42331 55
42645 0
42822 55
42877 0
43008 55
43112 0
43217 55
43278 0
43282 55
43467 0
43604 55
43631 0
43667 55
43780 0
43866 55
43953 0
43984 55
44026 0
44056 55
44169 55
44408 0
44434 55
44640 0
44720 55
44722 0
44729 55
44761 0
44767 55
44919 0
45208 55
45385 0
45515 55
45688 0
45691 55
46413 55
46573 55
46618 55
46623 0
46763 55
46781 0
46826 55
46828 0
47088 55
47382 0
47384 55
47447 0
47668 55
47803 0
47963 55
48174 0
48191 55
48346 0
48411 55
48811 0
48902 55
48942 55
49041 0
49134 55
49207 0
49224 55
49851 0
49875 55
49997 0
50350 55
50409 0
50411 55
50614 55
50625 55
50694 55
50709 0
50738 55
50859 55
50965 55
51285 0
51346 55
51637 0
52045 55
52866 0
52912 55
53026 0
53051 55
53209 55
53259 0
53453 55
53648 0
53920 55
54312 55
54367 55
54502 55
54535 0
54661 55
54894 0
54918 55
55167 0
55251 55
55274 0
55487 55
55517 0
55602 55
55747 0
55791 55
56081 0
56300 55
56347 0
56461 55
56464 0
56465 55
56611 0
56667 55
56693 0
56872 55
57192 0
57212 55
57346 0
57384 55
57423 0
57703 55
57801 0
57987 55
58545 55
58554 55
58713 0
58741 55
58791 0
59649 55
60082 0
60142 55
60150 0
60192 55
60459 55
60500 0
60573 55
60719 0
61296 55
61342 0
61370 55
61501 55
61571 55
61779 0
61885 55
62020 0
62164 55
62240 0
62393 55
62453 0
62460 55
62569 0
62667 55
62719 55
62818 0
62964 55
63093 0
63295 55
63326 0
63387 55
63532 0
63580 55
63750 55
63774 55
64311 0
64418 55
64456 0
64514 55
64564 55
64728 0
64760 55
65169 0
65544 55
65570 0
65644 55
65796 55
65825 0
65937 55
65957 0
65959 55
66131 0
66153 55
66428 0
66636 55
66688 55
67082 55
67168 0
67216 55
67411 0
67641 55
67675 55
67891 0
67905 55
67961 0
68564 55
68594 0
68611 55
68627 0
68669 55
68978 0
69069 55
69451 55
69540 0
69811 55
69947 0
70025 55
70114 55
70120 0
70379 55
70396 0
70463 55
70505 55
70582 0
70680 55
70911 0
70932 55
70950 0
71033 55
71055 55
71142 55
71170 0
71215 55
71443 0
71446 55
71699 55
71959 0
71976 55
72190 0
72245 55
72284 0
72459 55
72473 0
72511 55
72518 0
72575 55
72677 0
72739 55
72757 0
72952 55
72962 0
73055 55
73064 0
73191 55
73262 0
73317 55
73574 0
73608 55
73838 0
74206 55
74225 55
74228 0
74597 55
74677 0
74828 55
74921 0
75122 55
75171 0
75420 55
75543 0
75609 55
75625 0
75732 55
75757 0
75799 55
75853 55
75970 55
76439 0
76502 55
76675 0
76818 55
77128 0
77320 55
77427 55
77428 0
77682 55
77693 55
77811 0
77823 55
78289 55
78399 55
78460 55
78522 0
78705 55
78708 55
79145 0
79472 55
79808 0
80135 55
80178 0
80186 55
80468 0
80513 55
80538 55
80546 0
80621 55
80853 0
80877 55
80890 0
80892 55
80949 0
81036 55
81056 0
81080 55
81112 55
81322 55
81364 55
81367 0
81532 55
81553 55
81567 0
81628 55
81973 0
81974 55
82098 0
82107 55
82164 0
82182 55
82346 0
82356 55
82536 0
82724 55
82729 0
83028 55
83209 0
83510 55
83574 0
83781 55
84063 0
84137 55
84169 0
84315 55
84355 0
84573 55
84589 0
84598 55
84618 0
84734 55
84746 0
84780 55
85159 55
85182 55
85216 0
85662 55
85693 0
85746 55
85770 0
85796 55
85950 0
86117 55
86149 55
86198 55
86445 0
86691 55
86718 0
86992 55
87183 0
87245 55
87637 0
87795 55
87864 55
87946 55
87983 0
88145 55
88426 0
88797 55
89260 55
89384 55
89485 55
89553 0
89615 55
90027 0
90117 55
90191 0
90380 55
90515 0
90662 55
90715 0
90864 55
90948 55
90996 0
91222 55
91405 55
91477 0
91482 55
91486 0
91561 55
91673 55
91707 55
91779 0
91796 55
91981 0
91986 55
92158 0
92176 55
92413 0
92492 55
92591 0
92683 55
92944 55
93173 0
93200 55
93417 55
93437 55
93572 55
93659 0
93733 55
93844 0
93893 55
94080 0
94347 55
94462 0
94478 55
94520 0
94552 55
94556 55
94617 0
95185 55
95271 0
95653 55
95910 0
95921 55
96171 55
96537 55
96830 55
96872 0
96928 55
96949 0
97006 55
97335 0
97441 55
97616 0
98158 55
98220 0
98277 55
98306 0
98343 55
98359 55
98510 0
98598 55
98605 0
98859 55
98920 55
99052 0
99115 55
99182 0
99354 55
99389 0
99499 55
99511 55
99566 0
99627 55
99660 55
99670 55
99993 0
857 events for 5
40 77
46 0
257 79
368 83
485 0
814 76
887 77
907 0
1047 77
1207 0
1212 83
1400 0
1482 79
1488 0
1719 76
1722 78
1768 81
1769 81
1873 0
2072 78
2239 0
2567 81
2598 0
2675 77
2801 0
2808 77
2821 0
2985 77
3323 81
3440 77
3632 0
3857 75
4134 0
4168 78
4174 77
4254 0
4276 81
4319 0
4350 78
4364 0
4379 77
4426 0
4501 76
4705 83
4860 0
4910 75
4938 0
5004 77
5025 0
5091 78
5096 0
5107 77
5245 0
5310 75
5317 0
5386 81
5416 0
5696 77
5889 0
6059 81
6145 0
6240 75
6462 79
6618 0
6670 77
7110 0
7197 81
7222 0
7320 77
7701 0
7782 77
7825 0
7894 77
7905 78
7989 0
8037 75
8226 0
8428 77
8511 0
8647 77
8741 0
8857 76
8955 77
9166 81
9269 81
9617 0
9825 78
9993 77
10040 0
10126 77
10146 0
10315 75
10368 0
10452 79
10502 83
10552 0
10563 77
10618 0
10926 77
10932 0
11176 78
11459 75
11650 79
11697 81
11858 79
11885 77
11904 0
11989 77
12300 0
12327 78
12505 0
12787 77
12806 0
12849 79
12854 0
12914 81
13055 81
13160 0
13221 75
13280 0
13349 78
13515 0
13819 77
13877 0
13960 75
14022 0
14139 77
14196 0
14204 78
14252 75
14353 0
14357 81
14369 75
14539 78
14551 78
14577 79
14857 83
14897 0
15147 77
15174 0
15269 79
15330 0
15919 77
16136 0
16148 81
16160 0
16320 77
16359 0
16549 77
16755 75
16867 81
16993 0
17051 76
17091 0
17330 81
17586 0
17702 83
17831 0
17937 77
17975 0
18497 77
18609 0
18746 83
18785 0
19036 81
19067 0
19131 79
19300 0
19516 75
19601 0
19727 83
19767 0
19841 75
19861 0
19894 79
20057 0
20313 77
20423 0
20433 83
20658 0
20744 75
21258 0
21316 77
21322 0
21323 77
21516 0
21790 77
22292 79
22543 77
22854 0
22910 78
22936 79
23235 0
23436 76
23456 0
23645 78
23783 0
23865 83
24116 0
24307 78
24452 0
24510 75
24845 77
25180 77
25218 0
25285 75
25366 0
25457 81
25470 83
25482 0
25704 78
25739 75
25764 0
25893 76
26043 77
26089 0
26179 77
26365 0
26429 75
26756 76
26776 81
26801 79
26849 0
26934 75
26967 81
27055 0
27221 78
27244 0
27281 83
27400 0
27406 75
27494 83
27517 0
27579 77
27688 0
27890 77
28104 0
28212 77
28257 76
28331 0
28450 78
28475 0
28523 77
28552 0
28667 77
28692 77
28766 0
28791 76
28796 0
28945 77
29023 0
29108 75
29130 0
29283 76
29458 0
29466 77
29592 0
29658 79
29692 0
29764 78
29783 0
29878 78
29941 0
30179 79
30212 81
30266 76
30300 0
30327 77
30619 81
30737 0
31112 76
31265 0
31271 77
31404 0
31509 77
31577 0
31758 77
31789 0
31841 81
32030 0
32047 77
32069 0
32255 83
32268 75
32561 0
32760 81
32972 0
33095 75
33281 0
33299 75
33376 0
33446 77
33458 0
33527 77
33557 0
33566 81
33581 77
33602 0
33634 78
34024 0
34069 79
34580 0
34739 77
34848 0
35205 77
35232 78
35710 77
35996 0
36069 77
36137 81
36184 79
36231 0
36508 77
36523 0
36526 78
36711 0
36722 81
36951 0
37381 81
37595 0
37607 81
37615 0
37679 75
37918 0
38104 77
38135 76
38483 0
38632 77
38927 0
38993 78
39071 75
39190 0
39345 81
39430 0
39509 77
39545 0
39588 78
39900 0
39908 77
40096 0
40488 83
40564 0
40601 77
40630 77
40672 0
40758 77
40786 0
40800 77
41086 0
41321 77
41415 0
41502 81
41608 0
41767 79
41882 0
41942 77
41954 83
42060 0
42071 81
42183 0
42195 83
42656 0
43096 76
43119 0
43592 77
43718 0
43933 78
44127 0
44269 77
44420 0
44442 81
44648 77
44683 81
44829 76
44961 75
44996 81
45005 0
45030 81
45089 0
45095 81
45160 0
45217 76
45225 0
45281 75
45317 0
45325 81
45488 0
45530 77
45663 81
45703 0
45833 81
45837 77
45933 0
46015 79
46034 0
46114 79
46129 0
46164 77
46178 0
46280 77
46438 81
46765 0
46766 77
46809 77
46859 76
46861 83
46996 75
47224 0
47448 78
47582 77
47633 83
47674 0
47918 77
47933 77
47963 0
48036 75
48132 75
48251 81
48290 0
48373 77
48711 76
48799 77
48825 0
49039 79
49108 83
49278 0
49364 77
49421 0
49518 77
49560 0
49566 76
49658 0
49672 77
50067 79
50149 0
50154 76
50179 0
50490 76
50498 81
50540 0
50930 79
50939 0
51010 77
51042 0
51136 77
51512 0
51534 77
51591 0
51749 76
51822 0
51885 81
51926 0
52012 75
52061 0
52103 78
52313 79
52460 0
52577 77
52612 77
52625 76
52665 83
52670 77
52732 0
52745 76
52970 77
53352 83
53371 76
53544 0
53562 77
53585 0
53747 75
53789 75
54022 0
54305 78
54630 76
55012 0
55202 77
55390 78
55424 0
55444 76
55499 75
55574 77
55697 81
56018 0
56027 77
56087 0
56208 81
56293 0
56300 83
56320 0
56443 83
56639 0
56737 77
57266 0
57273 83
57413 0
57940 78
58207 78
58261 78
58327 0
58429 83
58493 0
58677 78
58847 79
58856 0
58867 77
58917 0
58943 76
59246 0
59282 83
59345 0
59407 79
60006 0
60269 76
60388 77
60439 0
60501 78
60553 0
60561 77
60591 0
60846 81
60872 0
60913 81
60951 0
61237 75
61337 77
61368 0
61394 75
61572 0
61753 81
61781 83
61790 75
61926 0
61999 75
62026 78
62180 0
62189 81
62192 0
62317 76
62508 0
63102 76
63890 81
63911 0
64321 76
64350 81
64409 0
64703 75
64853 0
65007 79
65070 83
65331 0
65364 78
65543 75
65706 0
65837 78
65854 0
66065 76
66104 0
66211 76
66365 0
66446 81
66472 0
66475 76
66519 0
66575 77
66635 0
66679 83
66683 0
66713 76
67037 0
67147 77
67185 81
67211 0
67565 77
67670 0
67717 81
67721 0
67797 81
67847 78
68094 0
68215 79
68235 81
68239 0
68499 81
68609 81
68656 0
68677 77
68744 0
68805 79
68903 0
69087 83
69098 0
69245 76
69251 0
69358 75
69583 0
69918 75
69981 0
70096 83
70125 0
70208 75
70291 81
70322 0
70347 78
70423 0
70448 78
70519 0
70584 75
70731 0
70814 75
70948 81
70982 77
70985 0
71177 76
71299 83
71343 0
71398 83
71428 77
71532 0
71542 77
71553 0
71595 75
71614 0
71715 79
71980 0
72159 78
72226 0
72269 79
72465 83
72869 81
72922 0
73134 81
73148 0
73159 79
73329 0
73334 81
73385 0
73417 75
73545 81
73546 79
73658 77
73684 83
73823 0
73872 77
74001 78
74017 79
74120 83
74282 0
74285 76
74759 75
75128 0
75196 77
75348 0
75410 77
75445 0
75564 81
75685 0
75811 79
75841 0
76020 77
76143 75
76185 0
76210 81
76212 0
76296 77
76425 77
76438 0
76597 77
76621 0
76723 79
76831 0
76856 75
76868 0
77014 76
77023 0
77031 81
77042 76
77172 83
77178 0
77209 77
77481 0
77564 78
78156 77
78175 0
78187 83
78382 78
78695 0
78740 77
78931 81
78935 0
79154 79
79591 77
79598 0
79688 77
79954 77
80180 0
80272 81
80360 0
80412 81
80794 78
80839 0
80956 75
81004 0
81018 77
81027 0
81513 77
81559 0
81683 77
81785 0
81890 77
82130 78
82299 76
82320 0
82915 83
83104 0
83283 76
83562 76
83572 0
83584 81
83606 0
83619 77
83662 81
83667 0
83700 81
83855 0
83888 77
83945 0
83962 79
83988 0
84018 81
84118 0
84218 81
84226 0
84867 81
84892 0
84993 81
85111 0
85232 81
85517 0
85625 83
85754 0
85780 77
85819 83
85945 0
85982 83
86013 79
86112 0
86130 76
86424 0
86566 75
86717 0
87114 77
87120 81
87184 76
87362 0
87437 77
87487 78
87530 0
87629 83
87969 0
88123 77
88127 81
88342 0
88381 81
88407 81
88439 0
88554 77
88568 81
88600 0
88738 81
88783 0
88917 81
89100 77
89426 77
89516 0
89526 77
89787 0
89837 77
90036 83
90116 0
90145 83
90344 78
90449 0
90699 77
90839 0
90873 78
90905 0
90976 81
91116 0
91145 77
91444 77
91635 0
91733 81
91777 0
91960 83
92034 0
92103 81
92216 0
92240 81
92367 0
92559 77
92616 0
92883 83
93263 0
93291 79
93695 76
94025 0
94592 81
94634 0
94779 77
94798 78
94898 0
94920 78
95027 0
95285 81
95468 83
95709 0
95937 77
96033 0
96038 76
96186 0
96289 75
96526 0
96552 76
96710 77
97022 75
97103 0
97142 81
97316 0
97431 77
97496 0
97498 78
97572 0
97638 79
97693 0
97816 83
97874 81
97907 0
98193 83
98207 0
98274 78
98384 78
98478 77
98492 78
98838 0
99067 77
99195 0
99223 81
99252 83
99267 0
99305 81
99365 75
99387 75
99461 0
99500 81
99508 0
99636 78
855 events for 6
39 49
430 0
507 49
1084 0
1093 46
1153 0
1158 52
1232 46
1540 0
1662 46
1752 0
1936 49
1972 0
2044 52
2132 0
2159 53
2189 0
2217 53
2260 52
2387 0
2413 46
2453 47
2612 52
2641 0
2657 47
2714 0
2777 47
2919 0
2977 53
2985 0
3181 52
3192 52
3304 0
3412 49
3694 0
3814 53
3823 0
4188 52
4199 0
4526 49
4547 0
4635 53
4734 0
4761 52
4783 49
4967 0
5005 52
5012 0
5052 52
5446 0
5504 49
5809 49
5873 0
6138 46
6221 0
6230 46
6277 0
6287 47
6473 0
6583 52
6775 0
6913 46
6951 0
7021 52
7136 53
7149 52
7233 0
7572 52
7967 0
7969 47
8090 0
8406 49
8668 0
8694 52
8709 46
8816 0
8874 52
9060 0
9091 46
9124 46
9160 52
9299 46
9434 49
9514 0
9693 47
9766 52
9794 0
9866 52
9898 0
10186 47
10204 0
10363 46
10531 0
10577 49
10605 0
10631 49
10877 0
10929 49
10975 0
10979 52
11236 0
11266 49
11304 52
11523 53
11993 0
12002 47
12073 0
12146 52
12214 0
12412 46
12439 0
12550 52
12670 0
12815 53
12882 0
13108 46
13208 0
13304 52
13321 0
13331 53
13437 0
13597 53
13696 0
13708 52
13969 0
14213 52
14318 46
14409 0
14457 52
14982 0
15112 53
15164 0
15209 46
15363 0
15390 52
15432 0
15515 49
15597 0
15676 53
15898 0
15943 49
16073 0
16110 53
16113 0
16123 52
16285 0
16573 46
16580 0
16704 52
16747 53
16762 53
16869 53
16957 0
17041 46
17108 47
17115 0
17245 49
17285 0
17289 53
17328 0
17356 49
17435 0
17480 46
17772 0
17776 46
17963 0
18045 53
18072 53
18141 49
18230 0
18240 52
18562 46
18831 0
18981 52
19031 0
19289 46
19393 0
19409 49
19501 52
19691 52
19706 0
19811 46
19882 0
19933 52
20006 0
20021 52
20117 0
20684 52
20837 0
21077 46
21191 49
21329 0
21423 49
21482 0
21513 47
21597 0
21689 52
21700 49
21761 0
21826 47
22367 0
22387 52
22618 0
22643 52
22914 0
22918 53
23239 0
23278 46
23287 0
23321 49
23355 47
23490 0
23509 46
23606 52
23756 0
24028 47
24031 47
24037 0
24040 46
24165 0
24363 49
24704 53
24916 0
25305 46
25396 0
25410 46
25464 0
25537 49
25576 52
25607 0
25615 49
25655 47
25682 0
25694 52
25768 0
25810 52
25883 0
26054 52
26125 0
26335 46
26363 0
26419 46
26492 47
26667 0
26782 52
26930 0
26967 52
27130 0
27182 49
27561 53
27778 0
27925 52
28015 0
28263 46
28427 0
28490 46
28653 0
28760 46
28908 0
28920 52
28963 52
28984 53
29003 46
29153 52
29192 0
29234 49
29308 0
29422 52
29574 0
29613 46
29774 0
29799 52
30191 0
30281 46
30315 0
30332 53
30363 0
30438 47
30611 52
30641 52
30684 46
30738 49
30786 0
30868 49
30880 0
31047 53
31150 0
31153 49
31567 0
31691 47
31696 0
31963 52
31968 46
32278 0
32332 49
32419 52
32475 0
32702 49
32894 52
32922 0
33312 52
33327 47
33428 0
33496 47
33505 46
33603 0
33632 46
33762 52
33789 0
33868 47
34041 53
34100 0
34591 49
34660 49
34689 0
34699 46
35001 49
35206 46
35549 52
35789 0
35810 46
35812 46
36332 52
36406 0
36489 53
36516 0
36550 53
36908 0
37007 53
37011 0
37078 47
37399 0
37462 52
37477 0
37949 52
38237 47
38885 46
38903 0
39201 53
39217 0
39430 52
39516 53
39664 0
39860 53
40084 0
40346 46
40406 0
40450 49
40499 0
40520 53
40668 0
40796 52
40869 0
40900 52
40982 0
41031 46
41072 0
41095 52
41116 49
41441 0
41550 46
41572 52
41676 0
41748 53
41776 0
41800 46
41828 0
42202 49
42465 0
42509 52
42626 47
42630 0
42864 52
43101 0
43152 46
43229 0
43422 52
43499 0
43928 49
44072 0
44263 49
44329 0
44357 52
44411 0
44472 52
44481 49
44624 0
45058 52
45113 0
45240 46
45291 0
45381 53
45387 49
45634 0
45799 53
45850 0
46040 46
46240 0
46267 53
46513 0
46609 46
46664 0
46745 49
46780 49
46816 49
47428 0
47534 49
47574 47
47727 0
47919 52
47998 0
48093 47
48112 0
48191 49
48199 0
48415 47
48423 0
48470 52
48513 0
48576 49
48686 52
48798 49
49124 49
49170 0
49369 52
49384 52
49484 0
49605 52
49881 0
50024 52
50065 0
50419 46
50422 47
50744 0
50914 52
50987 0
50988 49
51109 0
51151 49
51166 0
51180 52
52033 47
52196 52
52209 0
52280 52
52447 52
52505 0
52516 46
52530 52
52603 0
53031 47
53055 0
53164 47
53315 0
53539 46
53643 0
53965 46
54119 0
54153 52
54228 53
54256 0
54363 47
54403 0
54477 46
54572 0
54683 52
55092 52
55158 49
55177 0
55235 47
55357 0
55378 53
55460 0
55481 53
55551 46
55750 46
56673 0
56927 52
57209 53
57273 0
57287 47
57446 0
57482 46
57490 0
57661 46
57698 47
57857 52
58051 52
58119 0
58217 52
58512 0
59196 53
59521 0
59781 47
59959 0
60069 47
60173 46
60386 46
60401 52
60490 0
60699 47
60806 0
60894 52
60903 0
60923 47
61063 53
61087 0
61164 53
61365 0
61411 49
61428 52
61480 0
61527 52
61591 52
61930 52
62433 0
62495 53
62811 0
62898 53
63048 0
63057 52
63315 46
63382 0
63444 53
64039 52
64060 0
64095 49
64151 53
64225 0
64464 52
64603 0
64676 52
64692 0
64732 52
64826 0
64879 52
65244 0
65403 47
65541 0
65555 52
65618 0
65867 46
66084 0
66112 49
66179 0
66255 52
66366 0
66408 49
66492 0
67074 47
67257 0
67261 46
67285 53
67329 49
67344 46
67354 52
67359 52
67402 0
67681 47
67771 53
67917 0
68536 49
68626 0
68633 52
68694 0
68744 52
68755 0
68806 52
68973 52
69099 0
69327 46
69379 0
69506 47
69513 52
69619 0
69623 52
69676 0
70027 52
70104 46
70151 47
70317 53
70461 0
70701 52
70854 0
70941 52
70982 0
71039 53
71252 0
71269 49
71270 52
71294 0
71298 53
71340 52
71672 46
71673 0
71848 49
72351 46
72441 52
72491 0
72497 52
72628 0
72690 49
72715 49
72819 0
73041 52
73086 0
73221 53
73274 52
73328 0
73520 52
73628 49
73979 0
73988 49
74205 52
74255 47
74451 0
74570 52
74763 0
74835 49
74888 0
74984 52
75049 0
75080 52
75174 49
75178 0
75375 47
75405 0
75440 52
75565 49
75660 0
75675 52
75723 0
76253 53
76260 0
76339 47
76395 0
76695 47
76827 0
76880 52
76925 52
76966 52
77181 0
77207 52
77211 0
77250 49
77286 0
77392 46
77445 0
77528 52
77534 0
77698 52
77767 0
77921 52
77947 47
77967 52
78004 0
78010 53
78055 0
78156 47
78218 0
78565 52
78743 0
78773 52
78814 0
78881 46
79145 53
79297 46
79406 0
79526 47
79723 0
79875 52
79895 0
79960 52
80143 0
80289 52
80327 0
80436 53
80444 0
80683 46
80774 0
80853 53
80981 0
81018 46
81034 0
81344 53
81512 0
81620 47
81627 0
81680 52
81736 49
81920 0
82023 49
82059 0
82274 46
82325 0
82344 53
82358 0
82905 46
82906 0
82927 52
83075 0
83084 52
83119 47
83298 53
83342 0
83347 52
83406 0
83576 52
83626 47
83910 53
84202 0
84341 52
84419 52
84459 49
84556 0
84627 52
84652 46
84738 0
84740 47
84799 0
85018 52
85260 0
85277 47
85722 0
85911 49
85990 52
86056 49
86142 0
86323 46
86411 0
86602 49
86693 53
86746 53
86857 0
86990 47
86992 53
87010 52
87102 53
87293 0
87459 52
87549 52
87742 0
87747 46
87963 0
87971 52
88196 49
88378 0
88399 47
88411 52
88498 0
88528 53
88619 0
88723 49
88805 0
88827 52
88843 0
88880 52
88960 53
89115 0
89131 47
89192 52
89283 0
89374 49
89471 53
89530 0
89583 47
89780 53
89829 0
89967 52
90136 0
90221 53
90224 0
90275 52
90338 0
90355 52
90432 0
90441 46
90571 0
90904 52
91029 0
91036 49
91044 0
91056 47
91664 0
91691 52
91895 0
92048 52
92156 0
92331 53
92413 0
92557 47
92645 0
92723 53
92725 0
92872 52
93178 47
93183 0
93413 46
93463 0
93525 46
93763 0
93912 46
94280 52
94681 0
94684 49
94698 0
94761 46
94906 52
94990 0
95009 47
95151 0
95248 52
95430 0
95519 53
95520 47
95593 52
95745 0
95783 52
95796 47
95827 0
95892 52
96085 0
96496 53
96500 53
96514 53
96560 0
96622 53
96647 0
96739 52
96780 0
97152 52
97245 0
97368 49
97394 47
97829 0
97853 46
97986 0
97991 46
98105 52
98327 52
98445 0
98540 52
98686 0
98750 52
98847 0
98884 47
99112 53
99114 0
99142 46
99307 0
99471 46
99501 46
99613 53
99672 47
99741 53
748 events for 7
3 64
312 64
518 0
625 27
782 0
838 64
874 0
944 27
947 0
1122 27
1250 27
1408 0
1603 27
1904 0
1969 64
1997 27
2308 0
2739 64
2769 0
2776 64
2841 0
3251 27
3419 0
3581 27
3586 0
3649 27
3741 0
3899 27
4163 0
4190 27
4245 0
4258 64
4612 0
4626 64
4677 0
4722 27
4730 0
4888 27
5054 0
5149 27
5212 0
5213 64
5299 0
5531 27
5644 27
5819 64
6089 0
6096 64
6316 0
6341 27
6511 0
6541 27
6925 64
6930 0
7018 27
7290 64
7410 0
7430 27
7470 64
7504 0
7605 27
7623 0
7636 27
7723 0
7807 27
7938 0
7963 64
8202 0
8229 64
8235 64
8473 0
8715 27
8831 0
8875 27
9097 0
9108 64
9123 0
9129 27
9345 64
9434 0
9549 64
9604 64
9877 0
9922 27
9944 0
10182 27
10402 0
10480 64
10494 0
10573 27
10666 64
10967 0
11103 27
11183 0
11288 64
11332 0
11565 64
11691 0
11715 64
11936 0
12169 64
12305 0
12505 27
12663 0
12916 64
13118 0
13172 27
13314 0
13376 64
13535 0
13998 64
14167 0
14311 27
14415 64
14565 27
14589 0
14758 64
14769 64
14804 27
15138 0
15231 27
15620 64
15716 0
15857 64
15882 27
16047 27
16279 0
16864 64
17131 0
17342 64
17481 64
17517 0
17546 27
17568 0
17595 27
17750 64
17779 0
17870 64
17932 0
18064 27
18170 0
18394 27
18441 0
18734 27
18886 0
19010 27
19263 0
19287 64
19341 0
19390 27
19425 0
19437 64
19444 64
19497 0
19705 27
19706 0
19956 27
20330 0
20679 64
20689 0
20880 64
21118 0
21121 64
21392 0
21424 64
21440 0
21468 27
21635 0
22061 64
22083 0
22093 27
22127 0
22146 64
22150 0
22539 64
22639 0
22718 64
22814 27
22858 0
22902 27
23196 27
23283 0
23367 27
23528 0
23576 27
23708 0
24203 27
24991 0
25104 64
25364 27
25463 64
25687 0
25768 64
25809 0
25957 27
26125 64
26158 0
26180 64
26191 0
26613 64
26895 64
27028 0
27054 27
27095 27
27172 0
27512 27
27562 0
27589 27
27679 0
27694 27
27928 27
28388 64
28517 0
28694 27
28842 0
28884 64
28919 0
29109 64
29293 27
29306 0
29535 64
29700 0
30186 27
30436 64
30641 0
30649 64
31021 0
31026 64
31188 27
31715 0
31900 27
31938 0
31947 64
32053 0
32298 27
32410 64
32613 0
32663 64
32769 0
32931 27
33000 0
33083 64
33238 0
33329 27
33639 27
33669 0
33774 27
33885 0
33896 27
33902 0
34091 27
34156 0
34204 27
34232 0
34270 64
34309 0
34378 27
34394 0
34472 27
34570 0
34572 27
34824 0
34913 27
35083 0
35223 27
35328 0
35401 64
35527 0
35620 64
35708 0
35874 64
35895 0
35908 27
35979 64
36044 0
36159 64
36371 27
37000 0
37016 27
37091 0
37153 27
37290 0
37377 64
37389 0
38237 27
38318 0
38507 64
38527 27
38577 0
38795 64
38819 27
38830 64
38985 64
38995 0
39082 27
39191 0
39229 27
39300 64
39363 0
39430 64
39487 0
39538 27
39551 0
39556 64
39731 27
39868 64
39874 0
40340 64
40475 0
41378 27
41410 0
41420 27
41593 0
41714 64
41731 27
41736 64
41912 0
41972 27
42199 0
42239 27
42450 0
42548 27
43051 0
43207 64
43229 0
43641 27
43652 0
43764 27
43847 0
44010 27
44729 0
44857 64
44928 0
45002 64
45148 0
45196 27
45236 0
45417 27
45605 0
45770 27
45781 0
45853 64
46052 0
46742 27
46951 0
46960 64
47149 0
47741 27
47917 0
48172 64
48679 0
49499 64
49758 0
49928 27
50008 0
50228 64
50548 64
50632 64
50635 0
50807 64
50848 0
50894 64
50942 0
50943 27
51185 0
51252 64
51869 0
52094 64
52110 0
52242 64
52379 0
52441 64
52685 0
52720 64
53077 0
53134 27
53195 0
53227 64
53265 0
53545 64
53746 0
53839 27
53843 0
54088 64
54236 0
54516 27
54651 0
54877 27
55312 0
55323 27
55336 0
55364 64
55391 0
55407 64
55520 0
55581 64
55629 27
55874 64
56092 0
56182 27
56197 0
56207 64
56247 64
56478 27
56851 64
56993 0
57064 27
57089 0
57108 27
57109 0
57386 64
57525 0
57578 64
57787 27
57833 64
57907 0
57931 27
57948 0
58226 64
58257 0
58340 64
58526 0
58631 27
58716 0
59255 64
59279 64
59330 0
59567 27
59614 27
59654 0
59880 64
60047 0
60050 27
60232 0
60323 64
60484 0
60506 27
60529 0
60535 27
60579 64
60777 0
61010 64
61016 0
61040 27
61051 0
61077 27
61660 0
61796 27
62015 64
62023 0
62132 64
62271 0
62408 64
62471 0
62495 64
62622 0
62631 64
62692 64
62731 0
62767 64
62829 0
62915 64
63023 0
63332 27
63523 64
63629 0
63718 27
64038 64
64484 27
64608 0
64726 27
64809 0
65047 27
65078 0
65301 27
65347 0
65367 64
65499 0
65586 27
65933 0
65978 64
66035 0
66443 64
66535 0
66584 27
66938 0
67089 27
67448 0
67506 64
67555 0
67571 27
67765 0
68398 64
68400 0
68593 27
68634 0
68637 27
68708 0
68796 27
68864 0
68924 27
68930 0
69301 64
69413 0
69442 64
69499 0
69553 27
69644 0
70063 27
70246 0
70298 27
70868 0
71027 27
71233 27
71313 0
71489 64
71535 0
71590 64
71736 0
71946 64
71956 0
71964 27
71986 27
72057 27
72244 0
72361 64
72413 0
72433 27
72442 0
72463 27
72530 0
72756 64
72875 0
72917 64
73032 0
73085 27
73092 0
73108 27
73124 27
73178 64
73342 0
73649 64
73889 27
73953 64
74101 64
74111 0
74423 64
74563 0
74702 27
74755 64
74908 0
74948 64
75220 0
75538 27
75622 0
75754 64
75794 0
75859 64
75917 0
76016 64
76100 0
76119 64
76170 0
76331 64
76515 0
76529 64
76564 0
76644 27
76686 27
76771 0
76855 64
77144 0
77207 27
77246 0
77471 64
77502 0
77557 27
78070 0
78109 64
78156 64
78385 0
78468 64
78610 64
78823 27
78841 0
78843 64
78881 0
78960 64
78986 0
79049 64
79264 64
79463 27
79683 0
79708 27
79789 0
80058 64
80204 0
80214 64
80393 27
80396 64
80586 27
80933 0
81120 27
81149 0
81234 64
81292 0
81330 64
81504 0
81625 27
81765 64
81840 0
82133 27
82372 0
82601 64
82684 27
82702 0
82760 27
82806 0
82842 64
83018 0
83048 64
83200 0
83283 64
83311 0
83670 64
84042 0
84083 64
84293 0
84315 27
84386 64
84865 64
85075 64
85096 64
85388 64
85413 0
85498 64
85620 0
85629 27
85687 0
85731 64
85760 27
85801 27
85956 0
86192 27
86209 0
86213 64
86266 0
86325 64
86346 0
86363 64
86866 27
86958 0
87106 64
87340 0
87348 27
87522 0
87563 27
87978 0
88216 64
88370 64
88519 0
88597 64
88599 27
88639 0
89034 64
89198 0
89217 64
89223 27
89232 64
89432 27
89548 0
89553 27
89625 64
89761 0
89780 64
89911 64
89949 27
90119 0
90169 27
90386 0
90541 27
90967 0
91034 27
91058 0
91531 64
91608 64
91649 0
91833 27
91980 0
92329 27
92361 0
92502 27
92552 0
92652 27
92888 0
93062 64
93152 64
93164 64
93541 0
93631 27
93656 0
93957 27
94049 0
94119 27
94141 0
94327 64
94405 0
94411 27
94574 0
95010 27
95067 27
95150 0
95308 64
95368 0
95862 64
95907 0
95976 27
95985 0
96155 27
96206 0
96427 64
96451 0
96642 64
97261 27
97512 0
97667 64
97780 0
97995 27
98001 27
98076 0
98078 64
98099 0
98111 64
98239 27
98273 0
98447 64
98571 27
98643 0
98675 27
98683 0
98703 27
98999 0
99085 27
99185 0
99364 64
99770 27
99796 27
99936 64
