16 buffers
812766 149408
432461 56029
365765 41410
759254 4267
227627 5877
218390 26604
115445 16243
584736 12893
225616 35722
185824 35038
529120 32224
924965 46904
575784 25907
753930 21360
573345 102038
802883 98323
20 downlinks
0 750 5000 618
1 5750 10000 624
2 10750 15000 654
3 15750 20000 590
4 20750 25000 624
5 25750 30000 534
6 30750 35000 670
7 35750 40000 745
8 40750 45000 717
9 45750 50000 714
10 50750 55000 578
11 55750 60000 755
12 60750 65000 737
13 65750 70000 686
14 70750 75000 590
15 75750 80000 698
16 80750 85000 552
17 85750 90000 679
18 90750 95000 565
19 95750 100000 589
373 events for 0
270 88
989 0
1218 96
1732 0
1994 95
2042 0
2125 70
2250 0
2402 96
2561 0
2571 70
2611 0
2794 96
3000 0
3057 96
3780 0
3877 95
3925 0
3942 95
3974 0
4005 96
4057 0
4482 95
4805 0
5209 96
5243 0
5297 96
5344 88
6156 0
6351 95
6365 0
6720 70
6768 0
6786 95
7077 96
7342 88
8085 0
8445 70
8621 0
8846 96
9355 0
9444 70
9930 0
10055 95
10116 0
10277 95
10473 0
10624 88
10632 0
10685 70
11025 96
11790 0
12035 96
12105 88
12344 0
12708 96
12887 0
13126 88
13405 0
13426 96
13778 0
13846 88
13893 0
14724 88
15630 0
15701 96
15937 70
17399 0
17620 95
17752 0
17862 95
19331 88
19827 0
19925 70
20018 0
20101 70
20329 0
20440 95
20815 0
20838 88
21375 95
21544 0
21596 95
21614 70
21633 0
21697 96
22644 0
22937 95
23178 0
23348 88
24130 70
24213 0
24747 88
24822 0
24824 95
24976 0
25196 95
25449 0
25881 70
26053 0
26224 88
26275 0
26758 96
26961 70
27064 0
27734 95
27737 70
28619 0
28665 95
28678 0
29015 96
29177 0
29620 88
29691 95
30531 0
31670 70
31709 0
32229 70
32596 70
32762 96
32876 0
33319 95
33335 88
33415 88
33564 0
33657 70
33734 0
34117 95
34553 0
34605 95
35401 0
35498 70
35567 0
35907 95
36598 96
36667 0
36680 70
37069 0
37339 95
37363 88
37492 0
37845 96
38178 0
38382 70
38511 0
39821 95
40117 0
40308 70
40311 96
40395 0
40520 95
40535 70
40881 0
41318 95
41608 0
41860 88
41958 96
42039 0
42679 88
43093 0
43234 88
43540 0
43819 96
43942 95
44246 0
44257 70
44798 88
45705 88
45902 0
46110 88
46380 0
46434 88
46683 0
46802 96
47144 0
47271 70
47476 0
47888 96
48463 0
48505 96
48795 0
48938 95
49002 0
50082 88
50321 0
50424 70
52105 0
52235 88
52331 0
52362 96
52902 88
52973 0
53221 96
53795 0
53875 88
54038 88
54053 0
54102 88
54551 0
54974 96
55000 96
55089 0
55242 96
55280 88
55594 0
55913 70
56123 96
57378 0
57389 70
57466 0
57666 88
57674 0
57753 70
57992 70
58270 0
58324 88
58494 70
58522 0
58899 96
59088 0
59385 96
59491 96
59575 0
59743 95
60233 0
60474 88
60817 0
60858 96
61195 0
61218 70
61868 0
62171 95
62380 0
62712 88
63406 0
64298 70
64538 0
64544 88
64579 0
64915 95
65826 88
66031 95
66330 0
66586 95
67126 88
67139 0
67307 88
67404 0
67632 96
67739 0
67757 96
69949 95
70072 70
70268 0
70634 95
70682 0
70757 96
71278 0
71565 70
71803 0
72368 95
72470 96
72534 0
72567 96
72607 0
72699 70
73607 0
73727 70
73744 0
73781 95
74521 0
74634 88
74687 0
75079 96
75322 0
75408 95
75573 95
75684 95
75699 0
75844 88
75865 0
75887 96
75935 0
76267 70
76574 0
76981 88
77373 0
77628 70
77654 0
77758 88
77961 0
77999 88
78519 0
78600 96
78684 95
79233 0
79262 88
79567 0
79661 88
80210 0
80782 88
80918 96
81197 0
81308 70
82064 0
82312 70
82427 0
82603 95
82647 0
82746 95
83008 0
83089 96
83204 95
83496 0
83972 70
84046 0
84049 70
84414 96
84427 0
84515 70
84595 95
84674 0
84865 96
84978 0
85635 88
86249 0
86624 70
87128 0
87184 70
88076 88
88084 95
88383 70
88515 95
88758 96
89014 0
89330 96
89356 0
89433 95
89453 0
89526 96
89697 0
90023 95
90652 95
90818 96
90841 0
91004 70
91024 0
91960 88
92189 0
92467 70
92780 0
93511 70
93715 0
94373 70
94475 0
94664 70
94711 0
94959 95
95314 0
96065 95
96610 0
96952 70
97134 96
98259 0
98327 70
98545 0
98743 88
99062 96
99529 0
99797 70
99799 0
99843 96
99947 0
624 events for 1
129 54
259 0
367 44
419 0
614 48
896 56
955 0
1019 53
1443 0
1846 48
1936 0
2099 53
2719 0
3043 56
3082 40
3244 0
3290 56
3336 0
3353 53
3395 44
3397 0
3487 44
4116 0
4141 53
4657 48
5031 0
5090 40
5285 0
5326 53
5333 0
5410 40
5414 0
5430 56
5559 42
5580 0
5739 53
5763 0
5814 42
5876 0
5986 56
6083 44
6235 0
6402 40
6559 0
6960 54
7274 0
7404 44
7408 0
7545 44
7606 48
7616 0
7897 42
7935 0
7977 41
8145 0
8270 56
8297 40
8358 0
8370 54
8411 53
8825 41
8909 0
9169 48
9377 0
9520 56
9521 42
9597 0
9785 42
10017 0
10082 54
10096 0
10327 53
10330 0
10354 53
10455 0
10506 53
10523 0
10596 40
11029 0
11052 41
11113 0
11152 41
11242 0
11274 41
11364 44
12006 44
12027 0
12071 54
12188 0
12193 54
12216 0
12637 41
12723 0
12886 54
12963 0
13011 48
13065 0
13078 42
13134 0
13379 41
13561 0
13815 56
13827 0
14043 53
14067 0
14327 41
14365 0
14588 56
14794 41
14838 0
14840 54
14913 0
14984 42
15113 0
15192 44
15194 0
15354 54
15622 42
16176 44
16225 0
16354 54
16436 0
16529 54
16958 0
16986 44
17007 0
17198 42
17341 0
17534 48
17959 0
18031 53
18032 54
18320 0
18388 42
18398 0
18563 41
18752 0
18947 54
19147 42
19148 0
19167 44
19372 0
19395 40
19529 0
19610 44
20051 0
20346 44
20383 0
20563 56
20567 42
20931 56
21006 42
21012 53
21057 40
21475 0
21864 48
22007 0
22309 54
22335 0
22531 54
22598 0
22603 40
22690 0
23585 41
23598 53
23612 42
23672 0
23766 54
23851 0
23880 48
24256 56
24277 0
24325 41
24447 0
24562 53
24573 0
24668 42
24829 0
24889 44
24980 41
25421 0
25543 42
25614 0
25744 53
26065 0
26521 48
26557 0
26681 54
26739 0
26884 40
26912 54
27124 0
27161 44
27165 0
27541 56
27542 48
27744 42
27929 0
27931 44
27953 40
27958 0
28349 42
28431 56
28561 53
28565 41
28634 0
28689 41
29203 0
29313 42
29538 0
29556 48
29789 0
29913 53
29957 42
30277 0
30593 56
30736 0
30800 54
30848 0
30921 44
31185 53
31653 0
31660 41
32002 0
32138 56
32511 0
32605 42
32643 0
32921 41
33042 42
33048 0
33144 44
33200 53
33219 40
33257 54
33605 0
33862 54
34250 0
34340 41
34683 0
34764 54
34885 0
35031 40
35415 0
35645 44
35710 0
35756 40
36222 0
36294 53
36398 0
36474 40
36760 44
36911 0
37019 54
37222 56
37525 0
38086 40
38265 53
38316 0
38414 48
38474 0
38549 48
38873 0
39499 41
39727 0
39881 42
39913 0
40505 53
40700 0
40891 42
40894 0
41037 48
41298 56
41686 48
41751 0
41775 40
42052 0
42456 44
42989 54
42998 44
43820 0
44361 42
44460 0
44470 44
44566 42
44573 0
44760 41
44824 0
44844 44
44909 44
45035 0
45072 54
45299 0
45477 56
46226 0
46326 42
46344 0
46386 56
46520 0
46785 42
46827 0
47195 44
47326 0
47547 48
47598 44
47632 0
48294 40
48593 0
48662 53
48801 0
48838 56
48865 0
49036 42
49181 0
49187 41
49228 0
49244 41
49315 0
49318 40
49583 53
50150 0
50253 41
50625 0
50628 44
50879 0
50910 48
51090 0
51276 41
52023 48
52163 42
52187 0
52349 41
52473 0
52822 41
52846 48
53096 0
53323 41
53501 0
53666 42
53784 56
53795 0
54364 42
54379 0
54438 41
54593 0
54716 48
55220 0
55227 42
55355 0
55920 42
56408 0
56718 42
56751 0
56980 40
57117 0
57131 53
57467 0
57986 53
58057 54
58261 0
58293 56
58350 0
58442 41
59077 0
59344 56
59617 40
59884 0
59979 48
60037 0
60079 56
60494 54
60561 0
60752 44
60786 0
60899 41
61777 0
62106 48
62107 0
62227 56
62238 44
62251 0
62302 40
62385 0
62435 56
62542 41
62615 0
63102 44
63221 41
63257 0
63326 42
63396 0
63466 40
63798 0
63910 44
64093 0
64114 54
64344 53
64490 0
64497 53
64731 0
64875 41
64913 0
65020 54
65029 0
65343 56
65694 0
66261 56
66299 41
66537 0
66572 41
66784 0
66791 56
66792 0
66807 42
67008 44
67094 0
67288 44
67470 48
67490 0
67520 56
67575 0
67821 44
68016 0
68078 41
69509 54
69582 0
69731 41
69880 42
69896 42
70064 0
70103 48
70133 0
70153 44
70310 42
70461 54
70533 56
70576 48
70731 0
71158 56
71538 0
71640 53
71950 0
72076 56
72191 0
72215 48
72310 0
72663 44
72914 44
73602 42
73700 56
73719 54
73723 0
73841 56
73946 0
74345 54
74414 0
74427 41
74559 0
74580 41
74676 0
75170 56
75513 0
75596 56
75764 0
75958 44
76034 0
76096 54
76207 0
76279 54
76300 0
76423 44
76651 48
77074 44
77141 0
77158 54
77307 0
77416 53
77571 0
77753 56
77901 0
77988 54
78017 0
78131 42
78244 0
78390 41
78427 41
78669 0
78791 53
78908 0
78934 42
79162 0
79373 42
79398 0
79543 56
79705 54
80248 56
80461 0
80465 40
80473 0
80725 42
80903 0
80933 48
81285 0
81398 54
81535 56
81557 42
81609 0
81659 42
81847 40
81889 0
81981 42
82249 48
82257 0
82860 40
82899 0
83233 41
83306 0
83347 48
83359 0
83397 44
83683 0
83932 53
84037 0
84112 40
84322 0
84327 44
84374 0
84559 41
84903 54
85234 0
85539 42
85627 0
85662 41
85707 0
85771 40
85879 53
85943 53
86020 0
86106 53
86438 54
86488 41
86765 54
86786 41
86966 53
87281 0
87349 53
87600 0
87990 53
88206 0
88479 40
88515 0
88556 54
88937 0
89082 48
89114 0
89240 54
89470 41
89518 41
90024 0
90143 48
90298 40
90355 0
90686 48
90717 40
90760 0
91011 44
91038 0
91042 40
91129 0
91198 48
91236 0
91262 41
91462 0
91490 48
91774 0
91800 54
91858 40
92291 44
92394 0
92398 53
92536 56
92934 0
93375 56
93482 42
93632 53
93815 0
94088 41
94418 0
94583 44
94906 0
95106 42
95253 0
95951 41
96134 44
96322 0
96367 40
96475 41
96624 0
96991 42
96999 56
97218 0
97394 41
97484 41
97496 0
97561 56
97682 48
97711 0
97940 44
97965 41
98095 54
98127 0
98360 42
98434 0
98554 42
98647 41
98901 0
98950 54
99095 0
99176 54
99303 0
99671 54
99921 0
99967 40
99999 0
836 events for 2
124 15
288 0
323 15
333 0
438 15
590 0
816 15
1007 56
1251 0
1381 15
1427 0
1428 15
1617 0
1862 15
1909 0
1965 15
2001 56
2041 15
2098 0
2356 15
2444 56
2472 0
2510 15
2515 56
2588 0
2793 15
3003 0
3174 15
3297 0
3724 56
4110 0
4393 15
4434 0
4458 15
4857 0
4966 56
5004 15
5028 0
5044 15
5209 15
5258 0
5646 15
5816 0
6218 56
6222 0
6287 15
6480 15
6565 0
6641 56
6686 56
6795 0
6909 15
7081 56
7128 0
7225 15
7375 56
7437 56
8032 0
8121 56
8128 0
8199 15
8229 56
8234 0
8328 15
8348 0
8708 15
8825 0
9145 15
9287 0
9504 15
9689 15
9714 0
9950 15
10079 15
10153 56
10348 15
10398 56
10457 0
10461 56
10590 0
10602 15
10623 56
10787 0
10850 56
11152 15
11159 56
11169 0
11400 56
11419 15
11487 0
11541 15
11645 56
11723 56
11804 15
12234 0
12262 56
12666 15
12670 0
12837 56
12874 0
12882 56
12904 56
13081 0
13123 15
13195 0
13421 56
13782 0
14035 15
14100 0
14110 15
14121 56
14244 0
14245 15
14319 0
14538 15
14552 56
14672 15
14774 0
15032 15
15080 0
15115 56
15552 56
15906 56
16067 0
16407 56
16432 0
16436 15
16557 0
16566 15
16695 0
16727 15
16821 56
16953 0
16955 56
17105 56
17119 0
17196 56
17311 0
17505 15
17964 0
18029 15
18130 0
18230 56
18666 0
18744 15
18778 0
18807 56
18812 0
18832 56
18859 56
19246 0
19339 56
19353 0
19373 56
19489 0
19517 56
19641 0
19643 56
19894 0
20048 15
20066 0
20199 56
20461 15
20570 0
20927 56
20947 15
21009 0
21114 15
21323 0
21333 56
21623 0
21726 56
21744 0
21798 56
21878 0
22020 15
22125 0
22306 15
22324 0
22378 56
22393 56
22437 0
22461 15
22560 0
22574 15
22674 0
22687 56
22714 0
22751 15
22784 56
22977 0
23082 56
23196 0
23275 15
23405 15
23409 0
23644 15
23720 0
23795 56
23952 15
23968 0
24348 56
24539 0
24650 15
24685 0
24917 15
25029 0
25188 56
25279 0
25494 56
25548 0
25561 56
25592 0
25778 15
25810 0
25861 56
25878 0
25889 15
25982 0
26258 56
26304 0
26454 15
26482 0
26494 56
26529 0
26976 15
27200 0
27243 15
27360 15
27422 0
27502 56
27648 15
27713 0
27720 15
27790 0
27902 56
27950 0
28108 15
28192 56
28605 0
28607 15
28632 0
28786 56
28879 0
29217 15
29229 0
29537 15
29578 0
29581 15
29628 0
29664 15
30348 0
30432 56
30785 56
30846 56
31031 0
31048 15
31158 0
31263 15
31425 0
31615 56
31650 0
31763 15
31821 0
31829 56
31872 56
31954 0
32027 15
32182 0
32274 56
32412 0
32436 15
32882 0
32896 56
32899 0
32926 56
33143 0
33383 15
33395 0
33431 15
33787 0
33918 56
34051 0
34070 15
34161 0
34201 56
34483 0
34752 56
34825 0
35270 15
35302 15
35356 15
35382 0
35526 56
35587 0
35726 56
35938 0
35954 56
36023 0
36152 15
36287 0
36319 15
36326 15
36340 0
36568 56
36660 0
36863 56
36873 56
36958 56
36962 56
37105 15
37119 0
37246 56
37469 15
37484 0
37495 15
37624 0
38014 56
38251 0
38537 56
38548 0
38649 56
38729 0
38777 56
39159 0
39174 56
39228 0
39256 56
39386 15
39443 0
39556 56
39594 0
39829 15
39897 0
39943 15
40192 56
40606 56
40671 0
40739 56
40750 0
40800 15
40869 0
41338 56
41590 56
41749 0
42055 15
42337 0
42377 15
42452 0
42503 56
42536 0
42760 15
42822 56
43112 56
43172 56
43437 0
43490 15
43527 56
43567 56
43586 0
43812 56
43834 0
44013 15
44072 0
44283 56
44423 0
44671 15
45021 56
45235 15
45251 0
45379 56
45638 0
45786 15
45929 15
46004 0
46170 56
46408 0
46693 15
46747 0
46771 56
46843 0
47415 56
47433 0
47437 15
47541 0
47570 15
47591 0
47775 56
47776 0
47785 56
47888 0
48099 56
48134 0
48148 15
48164 56
48225 56
48244 0
48347 56
48415 0
48587 15
48597 0
48720 56
48764 56
48832 0
48869 56
48901 0
48916 56
49114 56
49261 15
49317 0
49332 56
49359 56
49489 0
49603 15
49612 0
49751 56
49774 0
49903 56
50332 0
50521 56
50663 56
50735 15
50778 0
50792 56
50860 15
50887 0
50943 15
51006 0
51402 56
51576 0
51653 15
51770 0
51780 56
51850 15
51966 0
52064 15
52089 15
52115 56
52591 56
53034 56
53196 0
53232 56
53262 0
53312 15
53321 56
53388 0
53471 56
53493 0
53592 56
53611 0
53975 15
54182 0
54219 15
54296 56
54317 56
54331 56
54371 0
54425 56
54427 15
54594 0
54912 56
55010 15
55083 0
55269 56
55326 0
55360 56
55435 0
55584 56
55593 15
56110 0
56270 56
56291 0
56303 15
56655 0
56884 56
57000 0
57051 56
57333 15
57464 0
57593 56
57635 56
57682 0
57949 56
58052 15
58069 0
58230 15
58403 0
58595 15
58669 0
59124 56
59223 0
59316 15
59428 0
59608 15
59751 0
59838 56
59875 0
60018 56
60371 0
60373 56
60661 0
60683 56
60732 15
60966 0
61161 15
61175 0
61180 56
61188 0
61220 56
61225 0
61291 15
61330 15
62206 0
62246 56
62398 15
62437 0
62439 15
62492 0
62499 56
62507 0
62613 15
62657 15
62730 0
62929 15
62965 0
62971 15
63298 56
63418 0
63536 56
63719 0
63985 15
64043 0
64528 15
64758 0
65084 56
65322 0
65463 56
65776 0
65827 15
65846 0
65903 56
65949 0
65953 15
65972 0
66115 15
66147 0
66177 56
66237 0
66381 15
66536 56
66689 15
66808 0
66840 15
66864 0
67027 15
67077 0
67121 15
67296 0
67339 15
67385 0
67482 56
67524 0
67934 15
67944 0
68402 56
68467 56
68470 0
68495 56
68572 0
68634 15
68645 56
68726 0
68834 15
68874 0
68894 56
69226 0
69253 56
69294 56
69377 15
69444 15
69496 0
69506 15
69794 15
69877 15
69972 56
70084 0
70096 15
70261 0
70325 56
70432 0
70434 15
70903 0
71232 15
71356 0
71463 56
71649 0
71848 15
71949 0
72142 56
72243 0
72316 56
72454 56
72794 0
72876 15
73134 0
73266 15
73290 56
73305 0
73328 56
73407 0
73479 56
73518 0
73641 15
73645 0
73695 56
73865 0
73987 56
74003 56
74059 0
74186 56
74244 56
74392 0
74470 15
74492 0
74625 15
74679 0
74710 56
74749 56
74886 0
74897 15
74922 0
74928 56
74941 15
74961 0
74991 15
75044 15
75149 56
75163 56
75183 56
75219 0
75433 56
75512 56
75559 56
75575 0
75702 15
75746 0
76011 56
76224 0
76295 56
76708 0
76795 15
76851 0
77168 56
77177 15
77194 0
77378 56
77414 0
77425 56
77544 0
78015 15
78063 0
78110 15
78493 0
78585 15
78608 0
78645 15
78653 15
78749 0
78966 56
79015 56
79133 0
79296 56
79326 15
79404 0
79418 56
79426 0
79940 56
80151 0
80186 15
80285 0
80325 56
80643 0
80903 56
81108 0
81124 56
81366 0
81377 56
81403 0
81751 56
81830 0
81975 15
82091 15
82151 0
82164 56
82215 0
82286 56
82737 0
82787 15
82799 0
83164 15
83287 56
83341 0
83414 15
83774 0
83829 15
84103 0
84234 15
84327 15
84414 0
84446 56
84450 0
84697 56
84708 0
84892 56
84994 0
85018 15
85034 0
85096 56
85145 0
85159 56
86001 0
86006 56
86079 0
86326 56
86335 0
86407 15
86687 56
86730 15
86734 56
86832 15
87290 0
87586 56
87595 15
87830 0
88092 56
88234 0
88446 56
88510 0
88638 15
88645 0
88734 15
88923 0
88999 56
89302 0
89395 15
89553 15
89595 0
89674 15
89780 0
89971 15
90301 0
90428 56
90433 0
90884 56
91076 56
91088 0
91141 15
91315 56
91322 0
91403 56
91527 0
91668 15
91740 0
91955 56
92075 0
92079 56
92135 15
92358 56
92450 0
92635 15
92662 0
92702 15
92781 0
92892 15
93063 0
93113 15
93345 0
93388 15
93735 0
93887 15
93936 0
94281 56
94478 0
94581 15
94664 0
94725 56
94808 0
94862 56
95148 0
95158 56
95285 0
95585 56
95656 0
95787 56
95852 56
95860 56
95994 15
96212 0
96330 56
96351 0
96379 56
96425 0
96514 56
96515 15
96607 0
96759 56
96830 15
96887 15
96964 0
97052 15
97293 0
97647 56
97679 0
97827 15
97865 56
97874 0
97913 15
98017 0
98061 15
98619 0
98730 15
98846 0
98868 56
98884 15
99270 0
99292 56
99322 0
99368 15
99373 0
99552 56
99578 0
99733 56
99751 0
99778 15
99846 0
99898 15
729 events for 3
517 82
612 0
714 82
1359 82
1640 0
1741 70
1902 0
2227 70
2256 82
2478 0
2575 82
2609 0
2791 70
2817 0
2882 70
2911 0
3289 70
3323 0
3400 82
3512 70
4067 0
4118 70
4588 84
4695 0
4757 84
4792 0
4918 82
5001 0
5211 82
5868 0
6222 70
6223 84
6309 0
6558 70
6682 0
6714 70
6735 70
6994 0
7192 70
7244 70
7322 0
7441 84
7489 0
7574 84
7615 0
7717 70
7798 70
8057 0
8288 82
8611 0
8674 70
8812 0
8976 84
9111 0
9341 70
9400 0
9581 82
9865 0
9868 70
10197 0
10503 82
10519 84
10587 0
10648 84
10696 0
11009 84
11123 0
11609 70
12066 84
12450 82
12663 82
12670 0
12729 70
12870 84
13067 0
13234 82
13291 0
13336 82
13611 0
13864 84
13898 0
13901 82
14034 0
14061 70
14137 70
14154 0
14214 84
14245 70
14383 0
14434 82
14464 0
15425 82
15607 0
15741 84
15801 0
15811 84
15879 0
15980 82
16058 0
16179 82
16236 0
16307 82
16471 82
16472 84
16551 0
16588 84
17102 70
17113 82
17343 82
17725 0
18061 84
18565 0
18571 82
18637 0
18938 70
19047 82
19056 82
19136 70
19262 0
19404 84
19953 0
19966 70
19980 70
20008 82
20352 70
20433 70
20657 82
20836 0
20842 84
21020 0
21117 84
21398 0
21412 82
21619 84
21646 0
21686 70
21769 0
21774 82
21827 70
21837 0
22139 84
22298 0
22423 70
22537 0
22768 70
23024 0
23045 70
23234 0
23411 82
23437 0
23463 84
23906 70
24255 0
24292 82
24366 0
24396 70
24507 0
24636 82
24761 0
24841 84
24889 82
25067 0
25324 70
25341 0
25419 84
25535 0
25806 84
25814 0
25828 84
25855 0
25869 70
25928 70
25933 0
26175 84
26316 0
26491 84
26521 0
27082 84
27355 0
27426 70
27489 0
27736 70
27750 70
27991 82
28093 0
28116 82
28216 0
28773 82
28996 0
29051 84
29150 0
29238 84
29251 70
29745 0
29766 82
29820 84
29943 0
29965 70
30139 84
30234 0
30288 82
30375 0
30418 82
30467 84
30641 0
30731 84
30863 0
30992 70
31099 0
31274 70
31433 82
31467 0
31724 84
31800 84
31820 0
31906 82
32064 70
32131 0
32137 84
32143 0
32258 84
32352 82
32583 0
32692 70
32773 0
32802 82
32880 0
32885 84
33237 0
33263 82
33879 0
33959 82
34085 70
34485 0
34850 84
34869 70
35156 0
35235 82
35403 82
35581 84
35588 0
35919 84
35978 0
36201 70
36395 84
36692 82
36736 0
36864 70
37109 84
37120 82
37404 70
37649 0
37678 82
37869 82
37939 0
37950 82
37976 84
38529 82
38709 0
38836 82
38862 70
38952 0
39104 84
39169 82
39173 70
39304 84
39314 0
39354 84
39407 0
39505 70
39575 0
39979 70
40165 0
40320 82
40439 70
40856 0
40969 84
41176 84
41435 0
41498 82
41546 84
41617 0
41683 70
41938 0
42024 84
42658 70
42763 0
42819 82
42872 70
42875 82
42902 0
43080 84
43261 0
43345 84
43360 0
43412 84
43469 70
43779 84
43834 0
43842 82
44009 82
44058 0
44126 84
44514 70
44592 0
44651 82
44678 0
45001 70
45134 0
45150 70
45164 84
45399 0
45414 84
45623 0
45666 82
45695 0
45813 70
46103 70
46145 82
46297 0
46329 70
46345 0
46379 84
46420 0
46909 70
47466 82
47467 0
47470 70
47803 82
47991 82
48173 0
48297 70
48538 0
48581 84
48753 0
48759 70
48804 0
48955 82
49355 0
49661 82
49695 0
49774 82
50140 0
50405 70
50624 0
50802 70
50825 0
51006 84
51113 0
52138 84
52182 0
52216 70
52329 0
52413 84
52501 0
52614 82
52729 84
52864 0
53137 84
53224 70
53396 0
53417 70
53595 0
53643 70
53756 0
53842 70
54066 70
54106 0
54210 82
54282 0
54393 70
54508 0
54804 70
55004 0
55011 70
55084 0
55160 82
55302 82
55316 82
55599 0
55808 70
55855 0
56040 84
56054 0
56135 70
56293 70
56296 0
56700 70
56704 0
57144 84
57233 0
57272 70
57584 0
57588 82
57629 0
57745 84
57749 0
57755 70
57788 0
57930 84
57931 0
58334 82
58493 70
58494 0
58706 70
58778 0
59153 70
59412 0
59855 70
59866 0
60076 70
60184 70
60194 0
60308 84
60325 0
60483 82
60538 0
60602 70
60761 82
61164 0
61286 82
61481 0
61489 70
61904 0
61927 84
61964 0
62007 82
62052 84
62180 0
62241 70
62306 0
62371 70
62447 0
62895 84
63200 0
63212 82
63284 0
63365 84
63539 82
63822 0
63953 70
64005 0
64047 84
64250 0
64589 82
64625 0
64991 84
65022 0
65076 84
65100 0
65296 70
65635 0
65647 84
65925 82
66049 0
66059 82
66176 84
66237 0
66310 82
66447 70
66451 0
66460 82
66541 82
66657 0
66706 84
67165 84
67283 0
67558 82
67606 0
67624 84
67729 0
67804 82
67871 0
67926 84
68258 0
68295 82
68297 0
68324 84
68352 0
68385 70
68394 0
68412 84
68443 0
68761 70
68811 0
68857 84
68991 0
69016 70
69253 0
69305 70
69313 0
69526 82
69534 0
69548 82
69680 70
69715 84
69745 82
70050 0
70270 70
70359 82
70368 0
70541 70
70601 82
70624 0
70647 82
70997 0
71064 82
71079 82
71831 82
72033 0
72077 70
72229 0
72441 82
72687 82
72745 70
72746 0
72748 84
72773 0
72917 70
73119 0
73129 70
73138 0
73466 84
73519 0
73567 82
73608 0
73756 70
74061 0
74099 70
74102 0
74275 84
74504 0
74672 84
74789 82
75083 70
75124 0
75488 82
75511 0
75587 82
75632 82
75649 0
75791 70
75809 0
75870 82
76215 0
76475 70
76580 0
76598 84
76870 82
76898 0
77017 70
77030 82
77179 70
77309 70
77319 0
77411 70
77523 0
77575 82
77577 0
77587 82
77894 70
77933 0
78093 82
78379 0
78495 70
78509 70
78849 0
79225 82
79385 0
79651 70
79876 0
79923 82
80069 70
80297 84
80844 84
80858 0
80884 84
80919 84
80964 0
81223 70
81336 0
81347 82
81398 0
81440 84
81641 70
81895 70
82086 70
82179 0
82263 82
82333 84
82358 82
82508 0
82596 84
82603 0
83037 70
83111 82
83325 70
83340 84
83436 0
83480 70
83485 0
83525 82
83564 0
83604 70
83616 0
83770 84
83795 0
83810 84
83849 82
83990 0
84098 84
84177 84
84485 84
84537 0
85045 70
85100 70
85288 82
85316 0
85674 70
85682 0
85825 84
86081 84
86559 0
86769 82
86949 0
86950 84
87026 0
87035 84
87093 0
87353 84
87450 0
87578 70
87717 70
87847 0
87906 70
88180 82
88197 82
88205 70
88414 0
88435 84
88650 0
88668 82
88684 0
88794 70
88826 70
88895 0
89021 84
89034 0
89179 70
89309 0
89372 82
89474 0
89512 70
89514 0
89638 84
89869 70
90673 0
90746 82
90978 0
91570 82
91650 82
91820 0
91821 82
91875 0
92024 82
92116 0
92259 70
92424 70
92448 0
92637 84
92742 0
92743 84
92753 70
92839 0
92906 84
92933 82
93118 0
93170 70
93434 0
93442 70
93715 0
93803 82
93804 84
93820 0
93843 84
93915 0
93978 84
94084 82
94142 0
94269 70
94608 84
94633 0
94861 84
94972 0
95035 82
95155 0
95184 70
95198 0
95472 82
95479 0
95619 84
95694 0
95800 84
95824 70
95877 84
95954 0
96006 82
96093 82
96272 84
96539 0
96645 82
97255 0
97267 70
97470 0
97472 84
97506 84
97666 0
97819 84
97984 0
98117 84
98161 84
98251 70
98360 0
98436 82
98650 82
98818 70
99144 0
99502 84
99769 0
808 events for 4
253 30
750 0
755 30
804 27
809 0
832 30
859 0
990 27
1029 27
1036 30
1056 0
1104 29
1212 29
1257 0
1429 30
1503 0
1650 30
1663 0
1693 29
2033 0
2062 27
2126 0
2639 29
2660 0
2883 27
2895 0
2937 29
3007 27
3100 0
3199 27
3305 0
3331 27
3343 27
3365 0
3654 27
3720 0
3810 29
3863 0
3905 27
3967 0
4246 28
4453 0
4497 30
4504 0
4541 29
4714 0
4745 27
4839 28
4929 0
4946 30
4970 0
5057 27
5114 0
5139 30
5223 0
5240 27
5336 0
5370 27
5495 0
5599 27
5650 0
5815 27
5996 28
6049 0
6186 30
6520 0
6768 27
6807 0
6921 27
6994 0
7034 30
7037 0
7352 27
7372 0
7452 29
7580 0
7905 29
8106 0
8171 27
8191 0
8387 30
8546 29
8571 0
8913 27
9209 28
9353 29
9550 0
9654 30
10199 0
10377 29
10648 0
10737 29
11044 0
11058 29
11312 0
11331 27
11552 27
11726 0
11756 28
11867 30
12136 0
12259 29
12458 0
12765 27
12978 27
12987 27
13125 0
13151 30
13222 0
13268 29
13283 0
13457 30
13518 0
13636 27
13927 0
13972 28
14167 0
14247 27
14253 0
14324 29
14565 0
14816 29
14875 27
15107 0
15496 27
15882 0
15911 30
15993 0
16257 28
16415 27
16468 0
16502 28
16524 0
16717 27
16747 0
16898 28
17027 0
17042 30
17050 30
17062 27
17231 0
17615 27
17846 0
17916 28
17937 0
18082 28
18233 0
18283 27
18345 0
18465 30
18492 0
18496 27
18587 0
18595 27
18645 0
18962 29
19023 28
19050 0
19142 30
19162 0
19229 27
19238 0
19377 27
19421 0
19886 27
19977 0
20010 27
20226 0
20254 30
20266 30
20387 0
20540 27
20551 28
20654 28
20698 28
20706 30
20712 27
20965 0
20999 29
21231 0
21253 30
21378 0
21381 30
21526 0
21637 28
21706 29
21724 0
22596 27
22637 0
22790 27
23294 0
23410 28
23432 30
23476 28
23826 27
23879 0
23894 29
24063 0
24139 28
24157 28
24341 30
24346 0
24695 27
24734 0
24916 30
25115 0
25238 29
25289 0
25404 30
25454 30
25875 30
25931 0
26005 27
26166 0
26299 27
26568 30
26791 0
26913 27
26950 0
27032 29
27126 0
27318 29
27402 0
27424 28
27558 27
27565 0
27629 27
27656 0
27922 30
28017 0
28114 27
28264 30
28466 0
28475 27
28516 0
28600 29
28830 0
28972 27
29054 0
29126 29
29607 29
29624 0
29691 27
29706 27
29719 0
29936 30
29959 28
30135 0
30184 27
30351 0
30495 27
30884 27
30999 30
31101 0
31113 30
31215 30
31355 0
31422 30
31481 0
31484 27
31600 30
31658 0
31663 28
31673 0
31788 27
31799 0
31800 30
32012 30
32049 0
32060 28
32156 0
32166 27
32214 0
32345 30
32351 0
32459 29
32712 0
32766 27
32924 0
32999 30
33094 0
33153 29
33155 30
33262 0
33384 30
33494 0
33879 29
34006 0
34077 28
34361 0
34859 27
34897 29
35018 0
35102 30
35212 0
35249 30
35382 27
35750 0
35760 29
35772 0
35972 30
36041 0
36162 29
36571 0
36719 30
36735 0
36798 30
36960 30
36990 0
37033 30
37039 0
37329 29
37471 0
37473 27
38059 0
38248 27
38333 0
38371 30
38381 0
38525 30
38611 0
39110 30
39294 27
39333 28
39481 0
39587 27
39818 0
39832 30
39876 0
39914 27
40012 0
40043 29
40100 0
40167 30
40201 0
40290 29
40359 0
40419 27
40526 0
40767 29
40832 30
40904 0
41082 28
41252 0
41399 29
41542 27
41781 30
41817 27
41840 27
41897 0
42056 27
42655 27
42914 28
42977 0
43032 27
43101 28
43241 30
43337 29
43679 0
43686 29
43771 28
44078 0
44194 27
44236 29
44368 28
44369 0
44459 29
44632 0
44642 27
44661 0
44733 28
44879 0
44958 28
44959 0
45019 27
45138 0
45162 30
45668 0
45694 30
45705 29
45747 0
45777 30
45936 0
45985 30
46090 0
46305 29
46390 28
46468 0
46495 30
46497 0
47010 30
47083 0
47085 28
47220 0
47297 27
47321 0
47358 30
47386 0
47596 27
47644 0
47707 27
47914 0
48079 27
48155 0
48248 28
48322 0
48512 27
48522 27
48541 0
48697 28
48876 0
48911 29
48970 0
48976 29
49308 0
49589 27
49794 0
49867 29
49945 28
50086 0
50295 28
50378 0
50546 29
50695 30
51013 30
51053 0
51061 27
51303 0
51314 27
51481 0
51550 30
51667 0
51765 30
51959 30
52134 27
52229 0
52255 27
52290 0
52514 28
52675 0
52767 28
52768 0
53016 28
53083 0
53170 27
53172 0
53251 27
53367 0
53420 27
53437 0
53746 30
53793 27
53979 0
54146 30
54289 27
54313 0
54423 29
54473 0
54493 30
54754 0
54755 30
54926 0
55110 28
55131 0
55458 27
55553 0
55648 27
55854 28
56044 0
56304 27
56372 0
56517 30
56753 0
56765 30
56838 0
57174 30
57245 28
57639 27
57685 0
57817 29
58162 0
58227 30
58259 0
58340 29
58562 0
58707 30
58754 27
58764 0
59178 29
59250 0
59425 27
59637 0
59806 28
59915 0
60036 30
60282 0
60450 29
60485 27
60555 0
60801 29
60826 28
60951 0
61145 30
61688 0
61751 28
61923 28
62026 0
62084 30
62213 0
62303 30
62458 0
62523 28
62597 0
62667 30
62927 0
62968 27
63258 0
63344 29
63542 0
63564 30
63575 0
63743 28
63782 0
63909 29
63943 0
64030 27
64059 0
64167 30
64215 30
64622 27
64780 0
65169 28
65196 0
65208 29
65268 28
65269 27
65322 0
65513 30
65548 30
65562 0
65582 27
66014 0
66016 30
66041 0
66047 27
66148 0
66437 30
66637 29
66643 29
67059 0
67240 28
67866 0
67942 28
68003 0
68122 27
68354 27
68400 0
68522 27
68624 30
68817 0
69177 29
69187 27
69541 29
69612 0
69995 29
70037 29
70057 0
70281 29
70444 29
70459 29
70478 0
70501 29
70692 0
70799 27
70818 0
70830 27
70849 29
70885 29
70952 0
71086 27
71125 0
71253 28
71337 0
71342 30
71429 0
71944 30
71955 27
72035 0
72159 28
72222 28
72349 0
72560 27
73055 0
73091 30
73151 0
73204 30
73269 0
73282 27
73472 27
73628 0
73694 30
73854 0
74075 28
74077 0
74233 27
74333 0
74448 29
74470 0
74525 27
74551 0
74604 30
74700 0
74893 27
75040 0
75059 30
75394 0
75650 27
75862 30
76112 0
76369 30
76593 0
76715 28
76736 27
76855 0
76882 28
76979 0
77011 29
77035 0
77114 30
77150 0
77199 30
77297 0
77448 28
77579 0
78026 30
78054 0
78145 28
78182 0
78395 29
78763 0
78838 28
78891 29
79091 0
79109 28
79114 0
79197 28
79208 0
79316 30
79462 0
79723 30
79801 0
79835 27
79978 0
80110 28
80213 0
80237 28
80326 29
80347 0
80407 27
80665 0
80924 27
81107 0
81110 30
81135 0
81173 29
81216 0
81579 29
81913 0
82086 29
82120 28
82195 0
82675 29
82682 0
82706 28
82905 0
82909 30
83076 0
83111 27
83130 0
83139 28
83239 0
83266 27
83554 0
83558 27
83578 28
83597 0
83649 30
83671 0
83691 30
83737 0
83862 28
84198 0
84212 27
84370 0
84404 29
84688 0
84714 29
84810 0
84861 28
85374 0
85451 29
85736 27
85794 0
85844 28
85907 0
86137 30
86197 0
86374 29
86418 0
86841 28
86875 0
87126 30
87376 0
87442 30
87544 0
87847 30
87882 0
88079 30
88118 29
88228 30
88339 0
88345 30
88536 28
88747 27
88789 0
89178 30
89495 28
89690 0
89828 30
89889 0
90059 27
90092 0
90098 27
90331 0
90332 28
90393 27
90448 0
90597 30
90704 0
90746 30
90831 28
90995 0
90997 28
91055 30
91117 0
91345 27
91486 0
91637 29
92289 0
92303 29
92489 0
92508 30
92678 0
92713 28
92913 0
93029 28
93290 0
93311 30
93472 0
93517 28
93715 30
93773 0
93780 30
93783 0
93972 29
94015 0
94032 28
94061 0
94264 30
94386 0
94447 27
94523 0
94675 28
94679 27
94725 0
94866 27
95344 0
95415 30
95435 0
95473 27
95584 0
95609 30
96006 0
96211 27
96388 0
96801 27
96905 29
96952 0
97311 30
97314 0
97437 28
97473 0
97560 30
97590 0
97678 27
97909 30
97952 0
98295 28
98405 0
98683 28
98844 0
99276 30
99323 30
99349 0
99512 29
99630 30
99643 30
99678 0
391 events for 5
121 47
138 19
277 18
893 0
1133 18
1137 39
1178 0
1309 47
1545 0
2243 18
2464 0
2841 19
3014 0
3445 47
3455 0
3687 19
3978 0
4112 18
4278 0
4434 47
5191 0
5724 18
5793 18
5878 0
5988 47
6420 19
7400 0
7430 39
7833 18
8134 18
8169 0
8328 39
8941 39
9727 0
10071 18
10147 18
10389 18
10419 0
10586 39
10972 0
11049 18
11239 0
12214 47
12591 18
12657 0
12909 39
13116 0
13204 18
13729 0
13847 39
14093 0
14263 39
14337 18
14345 0
14498 39
14594 39
14595 0
14936 39
14953 18
15392 0
15522 47
15666 0
15961 18
15981 0
16002 18
16171 0
16888 39
17568 0
17597 47
17616 0
17715 19
17992 19
17997 0
18894 39
18965 18
19068 0
19116 39
19901 18
19937 0
20157 47
20677 0
21209 19
21234 0
21406 18
21723 0
21833 39
22108 39
22114 0
22722 47
22935 0
23348 47
23428 0
23541 39
23634 0
23782 47
23827 0
25355 18
25517 0
25578 19
25661 0
25664 47
25783 0
25881 18
25945 0
26074 39
26375 0
27272 47
27342 18
27586 19
28114 0
28137 39
28172 47
28362 0
28528 19
28620 0
28971 19
29529 0
30184 18
30412 0
30745 47
31102 18
31112 0
31295 47
31933 0
31963 18
32625 39
32754 19
32981 0
32985 47
33383 0
33399 18
33779 19
34448 0
34762 47
34769 47
34887 0
35167 18
35340 0
35886 18
35998 39
36045 0
36390 47
36625 0
36944 47
37227 0
37405 19
37519 0
37622 39
37718 0
38067 39
38150 0
38216 18
38309 19
38426 0
38537 47
38816 18
38993 0
39108 18
39234 39
39405 0
39603 47
39935 47
39961 39
39963 0
40399 39
40490 0
40568 47
40730 18
41329 18
41355 0
41714 39
42255 0
42278 47
42304 0
42605 18
42648 0
43072 18
43197 39
43298 0
43320 47
43843 0
44221 18
44296 0
44590 47
44713 39
45092 0
45129 47
45340 0
45673 47
46322 0
46669 19
49138 18
49232 0
49553 39
49939 18
50556 18
51133 0
51479 39
51885 0
52242 18
52340 0
53236 39
53372 0
53378 39
53472 47
53547 0
53682 39
53834 0
53899 47
54250 0
54544 39
54876 0
55407 18
55819 0
56263 47
56462 39
56922 0
56929 39
56998 47
57051 0
57165 18
57346 0
58344 39
58356 0
58469 18
58581 0
58714 47
58806 47
59096 0
59161 19
59223 0
59736 39
59864 18
60097 39
60335 47
61119 0
61759 39
61863 18
62402 0
62543 19
62754 0
63484 47
63986 47
64030 0
64199 18
64220 39
64745 0
65003 19
65171 39
65573 0
65627 18
65822 0
65984 18
66062 0
66163 19
66510 19
67044 0
67108 18
67486 47
67919 0
68395 19
68590 18
68815 0
68847 18
69170 39
69578 0
69603 39
69783 0
70619 18
70734 18
70743 0
72194 18
72432 0
72773 39
72776 19
72853 0
73029 18
73031 0
73401 39
73583 0
73726 18
73900 0
74453 18
74658 0
75144 47
75163 0
75308 47
75333 0
75740 18
75866 0
76004 18
76329 0
76381 47
77347 0
77369 19
77946 0
78054 19
78198 0
78239 19
78540 18
78897 0
79028 39
79306 0
79332 47
79678 0
79971 18
80051 0
80351 39
80573 0
80780 19
80960 0
80961 47
80968 0
81202 18
81309 0
81461 18
82167 39
82251 0
82617 18
82803 39
83141 0
83252 39
83409 0
83518 18
83734 0
84076 18
84249 0
85106 39
85809 0
85933 47
86071 0
86270 18
86518 0
86645 18
86742 0
86779 18
86894 0
86968 39
87224 0
87364 19
87455 0
87524 19
87874 0
88327 18
88411 0
88609 39
89393 0
89748 18
89889 0
90367 39
90679 0
90780 19
90837 0
91207 47
91504 0
91909 18
91998 18
92115 47
92617 47
92862 19
92934 18
92994 39
94341 0
94396 47
94621 0
94884 18
95206 0
95324 47
95325 0
95488 19
95658 0
95763 18
95801 39
95871 0
95931 18
95951 0
96171 18
96405 0
96565 18
97179 0
97283 39
97936 0
98346 19
98369 0
98613 39
98744 0
98820 39
99433 0
99541 18
99581 0
99874 19
880 events for 6
30 14
96 0
133 18
210 0
394 18
481 0
498 14
633 0
799 17
905 0
1039 17
1051 14
1097 0
1560 19
1568 0
1844 14
1854 0
2022 17
2075 0
2077 18
2171 14
2379 18
2611 19
2669 19
2846 0
2849 19
2850 0
2856 17
2968 0
3129 19
3188 0
3213 18
3234 0
3252 18
3294 14
3582 18
3619 0
3834 18
3842 0
3922 18
4005 0
4102 18
4191 0
4224 18
4420 0
4553 14
4654 14
4698 14
4797 0
4798 17
4918 0
5018 18
5145 0
5210 17
5292 0
5454 14
5652 18
5820 0
5841 18
5937 0
5947 18
6156 0
6286 18
6287 18
6384 0
6401 18
6536 0
6566 17
6571 0
6787 14
7048 17
7229 0
7240 19
7488 0
7614 18
7759 0
7835 18
7913 0
8062 18
8151 19
8179 0
8844 14
8984 0
9096 18
9330 18
9389 18
9424 0
9453 14
9662 0
9685 18
9711 0
9805 14
9921 0
10055 18
10301 0
10587 19
10593 17
10612 18
10806 0
10859 14
11242 0
11338 18
11391 0
11554 14
11782 0
12014 17
12227 0
12257 18
12333 0
12347 18
12486 0
12491 19
12538 0
12777 18
12868 0
12880 17
13049 0
13095 17
13204 18
13289 0
13442 18
13502 18
13531 0
13597 14
13708 0
13865 18
14080 0
14133 18
14175 0
14263 18
14355 0
14419 18
14509 0
14555 18
14576 14
14581 0
14605 19
14615 18
14700 0
15002 18
15121 0
15136 18
15571 0
15614 18
15616 0
15679 14
15695 0
15725 17
15787 0
16047 18
16102 0
16242 19
16388 0
16518 14
16609 19
17194 0
17329 18
17361 0
17577 14
17702 17
17736 19
17819 0
17878 17
18003 0
18281 18
18332 14
18529 0
18857 18
19090 0
19205 19
19270 0
19353 18
19384 17
19466 0
19600 18
19988 14
20030 18
20166 0
20421 14
20444 0
20699 18
21093 0
21183 18
21185 0
21374 14
21535 0
21536 18
21595 0
21657 18
21787 0
21793 19
21813 0
21922 14
22122 0
22180 14
22232 18
22295 0
22389 18
22407 18
22453 17
22563 0
22581 19
22671 0
22692 17
22712 0
22716 18
22847 0
22879 18
22907 17
23120 18
23241 0
23256 17
23260 14
23484 0
23631 17
23664 18
23727 0
23760 18
24098 17
24701 0
24772 14
25087 18
25125 18
25166 17
25188 0
25206 14
25234 0
25300 17
25613 0
25717 17
25899 0
26303 18
26353 0
26457 18
26767 0
26893 18
27025 0
27048 14
27163 0
27269 19
27352 17
27387 0
27430 19
27682 0
27919 14
27934 0
27943 18
27950 0
28083 19
28101 14
28552 14
28585 0
28690 19
28702 18
28711 0
29171 19
29237 18
29254 0
29303 18
29505 14
29524 0
29785 18
29869 0
29916 14
30334 19
30449 14
30524 17
30723 0
30727 18
30734 0
30744 14
30780 0
30867 14
30888 0
30903 17
30915 18
31169 0
31322 14
31549 0
31552 18
31562 0
31616 19
31714 14
31730 0
31800 19
31867 19
32010 0
32097 14
32231 0
32594 19
32684 17
32699 0
32751 18
32966 0
33177 19
33233 0
33295 14
33313 0
33339 18
33350 18
33404 0
33475 17
33519 0
33568 19
33573 17
33661 17
33765 17
33767 0
33817 17
33880 0
34047 14
34078 0
34090 14
34589 0
34729 14
35679 0
35786 18
35800 0
35801 14
35884 0
35908 19
36149 0
36185 17
36190 0
36501 19
36511 0
36651 14
36696 0
36820 18
36848 0
36918 14
36971 0
37028 17
37142 0
37201 18
37213 0
37249 17
37327 0
37349 18
37437 0
37479 19
37565 0
37726 18
37906 0
38037 19
38183 14
38238 0
38289 18
38439 19
38579 18
38822 18
38876 0
38949 19
39011 0
39139 18
39235 0
39237 18
39675 0
39719 17
39835 0
39877 14
40077 0
40137 19
40433 0
40525 14
40535 0
40554 14
40561 0
40574 18
40595 0
40746 19
40984 0
41064 14
41132 0
41193 18
41240 14
41251 0
41429 18
41499 0
41523 19
41928 18
42075 0
42279 18
42321 0
42343 18
42371 17
42451 17
42512 0
42687 18
43161 18
43166 0
43191 18
43250 0
43686 19
43795 0
43796 14
44204 0
44531 19
44584 0
44693 18
44746 0
45011 17
45021 0
45092 18
45180 0
45325 19
45485 18
45617 0
45634 14
45973 18
46037 0
46060 18
46096 0
46169 17
46193 0
46322 14
46361 0
46461 18
46512 14
46718 0
46754 18
46873 14
47025 0
47113 17
47242 18
47243 0
47252 18
47301 0
47355 18
47575 0
47576 19
47594 18
47799 0
47932 19
48189 0
48240 14
48246 14
48270 14
48363 0
48481 18
48535 0
48676 19
48740 0
48778 19
48888 18
49194 0
49477 18
49544 0
49565 18
49698 0
49829 17
49928 0
50039 14
50051 14
50287 0
50386 18
50425 0
50628 18
50637 0
50717 14
50756 0
50781 14
51192 0
51274 18
51283 0
51529 19
51597 0
51649 18
51758 0
52033 19
52088 18
52179 0
52291 18
52825 14
53044 19
53210 0
53251 18
53650 0
53815 17
53857 0
53934 14
54202 17
54243 0
54290 18
54298 0
54337 19
54463 0
54654 14
54750 0
55248 18
55502 0
55579 18
55698 0
55814 18
55900 0
55923 18
56043 19
56050 0
56098 18
56101 19
56195 18
56372 19
56473 0
56505 18
56672 0
56673 18
56688 0
56786 18
56868 0
57096 17
57252 0
57257 19
57300 18
57341 0
57365 14
57469 0
57619 19
57631 0
57640 14
57776 0
57781 17
57864 0
57903 14
58003 14
58089 0
58209 14
58290 0
58712 19
58838 17
58847 14
58852 0
58938 18
58965 0
59090 14
59126 14
59543 0
59886 18
60139 0
60434 14
60462 0
60539 18
60547 0
60561 18
60627 0
60697 18
60862 0
60946 14
60970 0
61324 18
61339 0
61604 14
61725 0
61947 14
62044 18
62246 0
62412 18
62419 0
62660 14
62701 18
62995 18
63112 0
63133 14
63242 14
63419 0
63439 14
63541 0
63607 19
63648 0
63732 14
63804 17
63960 0
64065 19
64276 0
64371 18
64494 0
64803 17
64917 18
65102 0
65370 14
65393 17
65406 14
65411 0
65607 18
65878 0
66040 18
66195 0
66299 17
66308 0
66330 18
66437 0
66492 18
66531 0
66534 14
66809 0
67129 19
67384 14
67500 0
67586 14
67633 0
67776 19
67802 14
68249 17
68327 0
68340 18
68454 0
68663 17
68815 0
69058 18
69144 0
69291 14
69308 0
69334 18
69404 0
69683 17
69728 0
69741 18
69803 0
69823 14
69958 18
70259 0
70456 18
70476 0
70481 18
70531 0
70688 18
70735 0
70813 14
70981 0
71034 18
71038 0
71308 18
71310 0
71315 19
71340 0
71414 19
71567 19
71572 0
72061 14
72161 0
72512 18
72607 0
72645 17
72842 0
73035 14
73146 0
73267 14
73271 0
73293 17
73422 18
73427 0
73632 18
73781 0
73794 14
74261 0
74599 14
74621 18
74865 0
74976 14
75097 0
75275 18
75281 14
75420 0
75496 14
75822 0
75848 18
76148 0
76302 14
76569 0
76691 18
76793 0
76837 18
76953 0
76961 14
76981 0
77338 17
77453 0
77519 18
77838 0
77853 18
77941 0
77959 19
78169 17
78368 18
78421 0
78480 14
78805 0
78904 18
78921 0
78941 17
78949 0
79040 17
79433 18
79499 0
79541 14
79675 0
79716 18
79747 0
79870 14
79931 19
79960 0
80052 14
80127 18
80128 0
80374 18
80721 18
80724 0
80890 14
80918 0
81011 17
81035 0
81038 19
81212 0
81387 14
81436 0
81579 19
81706 19
81807 0
82003 14
82025 18
82227 0
82323 18
82464 0
82473 18
82536 0
82791 18
83223 0
83241 18
83278 0
83377 18
83402 0
83485 17
83494 0
83741 17
83820 19
83904 14
83970 14
84105 19
84143 0
84472 14
84496 14
84597 0
84694 14
84726 14
84757 0
84899 14
84983 0
85238 18
85300 0
85640 18
85706 0
85749 19
85785 18
85803 0
85837 19
85967 0
86168 18
86237 18
86345 0
86454 19
86719 0
86903 19
87143 0
87284 17
87301 18
87381 18
87385 0
87491 14
87540 14
87542 18
87621 0
87961 14
87989 18
88084 0
88212 18
88509 19
88788 0
88912 18
89157 0
89368 19
89457 14
89483 0
89534 14
89557 0
89608 18
89665 14
89794 0
89812 18
89914 0
90004 18
90033 18
90057 0
90071 17
90073 0
90125 14
90294 0
90313 19
90332 18
90428 18
90576 17
90702 0
90778 17
91112 0
91180 14
91490 0
91650 17
91659 0
91935 19
91947 0
92264 18
92306 0
92335 14
92531 18
92746 0
92821 17
93050 0
93104 18
93429 0
93505 19
93656 0
93687 19
93731 0
93843 18
93884 0
94064 19
94154 19
94177 0
94231 18
94298 17
94322 18
94336 0
94472 14
94602 0
94637 18
94932 18
95198 0
95432 19
95468 0
95629 18
95647 14
95775 0
95810 18
95830 0
95964 18
95996 18
95998 14
96245 0
96305 19
96324 0
96459 18
96646 0
96766 18
96770 0
96814 19
96844 0
96949 18
97061 18
97202 0
97346 18
97349 0
97429 14
97578 18
98088 17
98214 0
98236 18
98278 0
98401 14
98458 14
98550 0
98621 19
98668 0
98670 18
98894 0
98958 18
99117 0
99181 14
99454 14
99582 0
99657 14
99663 0
99701 19
779 events for 7
199 79
263 0
452 79
570 0
575 65
641 76
688 0
923 95
926 0
1279 76
1360 0
1487 95
1576 65
1586 82
1600 0
1997 76
2059 0
2238 74
2366 70
2743 0
2754 65
2813 0
3440 79
3532 79
3542 82
3951 0
4061 70
4072 82
4133 0
4146 74
4283 82
4620 0
4628 79
4790 65
4801 74
4914 0
5045 97
5371 0
5429 74
5480 0
5530 74
5558 76
5613 0
5677 74
5888 97
6055 0
6236 97
6601 70
6831 0
7206 82
7316 0
7393 65
7475 0
8152 74
8313 0
8647 79
8875 0
9041 76
9097 0
9154 79
9156 0
9195 76
9218 79
9277 0
9430 79
9495 0
9654 76
9720 0
9801 82
9963 70
10211 0
10230 79
10289 70
10576 0
10728 95
10808 0
10839 76
10912 0
11133 95
11152 95
11240 70
11334 0
11535 97
11609 0
11629 97
11896 0
11974 70
12027 0
12174 65
12249 0
12361 95
12400 0
12452 79
12535 70
12595 0
12596 95
12687 0
12754 70
12767 0
13034 76
13114 0
13134 95
13558 82
13967 95
14103 0
14205 65
14433 0
14538 97
14737 0
14952 65
15221 0
15346 76
15347 0
15391 76
15471 0
15647 65
15680 0
15861 82
15915 70
15922 0
16058 95
16151 0
16161 76
16265 0
16270 97
16322 0
16331 76
16360 0
16384 79
16409 0
16821 76
17188 0
17684 79
17849 0
17894 70
17945 0
17999 95
18152 76
18219 0
18250 97
18314 0
18475 76
18489 0
18530 95
18672 0
18688 95
18771 0
18781 82
19024 0
19033 82
19080 0
19128 82
19143 0
19235 82
19329 0
19516 82
19641 70
19642 0
19782 95
19907 95
19934 0
19946 65
19961 0
19977 70
20029 0
20194 79
20257 65
20314 0
20462 97
20693 0
20814 82
20900 95
20976 76
20994 0
21004 74
21113 76
21328 0
21536 65
21537 0
21733 79
21794 74
21841 0
21898 97
21954 65
22302 0
22449 82
22453 0
22517 79
22733 97
23036 95
23094 0
23409 97
23422 0
23567 82
23979 0
24012 97
24138 0
24186 95
24342 0
24538 65
24580 0
24693 76
24882 0
25058 95
25153 79
25194 0
25466 95
25675 65
26188 0
26405 70
26786 0
26807 76
26826 0
26978 79
27038 0
27213 76
27349 0
27610 74
27722 0
27768 82
28190 0
28385 65
28456 70
28650 0
28964 76
29067 0
29218 82
29246 0
29308 76
29357 0
29425 74
29809 76
29812 0
29924 65
30064 0
30268 74
30340 0
30477 76
30521 0
30655 97
30664 0
30701 95
30755 0
30850 79
30888 74
30945 0
31054 82
31148 0
31213 65
31554 70
31812 0
31910 82
32089 0
32396 74
32404 0
32607 70
32724 0
32745 79
33348 0
33517 82
33591 0
33684 74
33866 0
33974 82
34763 0
34814 82
35113 0
35244 74
35382 0
35415 70
35600 76
35715 82
35754 74
35780 0
35891 97
35911 0
36014 82
36107 0
36111 65
36333 74
36480 0
36562 95
36574 0
36632 74
36790 0
37101 70
37134 0
37255 76
37258 0
37436 97
37599 0
37713 65
37732 0
37805 76
37814 0
37863 70
38015 0
38220 76
38342 0
38398 79
38735 0
38767 97
39119 0
39243 97
39552 0
39719 65
39797 0
40022 95
40072 74
40082 0
40432 82
40545 74
40563 65
41049 0
41371 95
41378 0
41416 65
41477 95
41565 97
41584 95
41829 0
41966 97
42084 0
42159 74
42506 0
42548 95
42786 97
42798 0
42849 70
42863 70
42903 0
43041 79
43163 0
43523 82
43534 70
43548 0
43753 76
43845 0
44227 65
44273 0
44293 65
44616 0
44774 74
44778 0
44848 95
44888 0
44910 70
45062 65
45171 0
45198 79
45222 82
45601 65
45869 0
46042 76
46336 0
46411 79
46428 0
46450 82
46781 0
46804 70
47057 74
47651 0
47703 97
47711 0
47834 74
48397 0
48430 65
48581 0
48890 76
48954 0
48984 74
49019 0
49237 79
49299 0
49361 95
49545 0
49556 95
49619 74
49870 97
49961 0
50073 74
50186 0
50210 76
50221 0
50255 79
50537 0
50578 65
50744 70
50787 0
50793 76
50837 0
51600 76
51708 0
51711 95
51755 74
51901 70
51934 0
52056 76
52117 0
52143 70
52270 79
52391 0
52395 76
52682 0
52970 70
52974 0
53045 70
53142 95
53145 0
53287 95
53639 95
53757 65
53889 0
54081 76
54143 0
54392 82
54522 0
54550 70
54571 0
54593 97
54633 95
54754 0
54912 74
55117 0
55172 70
55222 0
55502 65
55548 95
55574 0
55628 74
56004 0
56137 70
56190 0
56255 95
56327 0
56448 70
56545 0
56815 76
56884 0
56897 79
57054 0
57104 65
57121 0
57309 97
57465 0
57562 95
57773 0
57894 76
57997 0
58043 65
58095 0
58507 82
58616 0
58788 95
58974 70
59040 0
59050 65
59119 0
59601 76
59631 82
59781 0
59818 95
59828 0
60018 95
60162 0
60175 76
60492 0
60587 95
60670 0
60803 97
60901 0
60946 82
60949 0
61031 65
61054 65
61111 0
61163 76
61221 0
61537 95
61568 76
61573 0
62029 95
62041 82
62199 0
62208 95
62354 95
62451 0
62770 76
62819 0
63059 82
63079 0
63157 74
63178 0
63217 97
63306 82
63321 74
63568 0
63575 70
63761 0
63783 70
63848 0
64021 70
64061 79
64073 0
64085 70
64180 82
64639 0
64813 74
64911 0
64947 82
65026 0
65047 65
65183 0
65206 70
65233 0
65238 65
65523 76
65770 82
65789 82
65806 76
65930 97
66035 95
66039 0
66245 74
66768 0
66773 65
67009 0
67164 76
67189 97
67350 0
67351 95
67499 0
67512 79
67542 0
67733 76
67759 0
67845 79
68109 0
68119 95
68127 0
68228 82
68440 76
68508 0
68666 82
68741 0
69065 97
69101 97
69152 0
69615 76
69659 0
70036 65
70088 65
70100 0
70349 65
70532 0
70847 70
70862 0
70926 70
71183 74
71494 0
71506 65
71559 0
71623 79
71665 0
72031 74
72090 0
72174 74
72437 0
72699 65
72830 0
72883 74
72948 97
72994 0
73026 65
73038 70
73080 0
73081 70
73261 0
73293 65
73511 0
73564 65
73770 0
73801 65
73812 0
73883 65
73900 65
74059 82
74109 0
74318 65
74503 0
74939 95
74970 0
75235 65
75473 0
75510 79
75560 0
75939 65
75983 0
76056 76
76760 65
76826 0
76833 76
76904 0
77305 95
77324 0
77397 95
77400 97
77548 0
77608 95
77637 0
77681 97
77764 0
77980 97
78007 0
78032 74
78445 0
78477 97
78680 0
78870 74
78884 0
79073 97
79108 0
79167 95
79299 76
79311 0
79415 74
79575 79
80115 0
80122 82
80244 0
80340 79
80406 74
80880 0
80998 65
81077 65
81280 70
81510 0
81660 76
81740 0
81770 79
82107 0
82366 76
82638 0
82685 95
82905 70
82976 76
83102 0
83400 95
83578 0
83652 95
83685 0
83759 76
83962 97
84348 82
84353 79
84357 95
84493 0
84966 74
85135 0
85305 76
85638 76
85798 0
86131 74
86602 65
86711 0
87071 76
87121 95
87215 0
87297 82
87632 70
87643 0
87789 74
87857 82
87899 0
87947 97
87956 0
87980 70
88097 0
88250 65
88261 0
88472 82
88532 0
88543 97
88644 74
88670 0
88918 76
89044 0
89119 82
89280 0
89300 82
89363 82
89412 0
89466 65
89660 0
89681 76
90341 0
90593 95
90736 0
90855 82
90888 0
91056 97
91243 0
91357 82
91394 0
91406 97
91441 0
91569 82
91598 0
91602 82
92065 0
92169 65
92207 0
92850 97
92954 0
93014 74
93059 70
93184 65
93218 82
93292 76
93296 0
93590 97
93620 0
93660 65
93910 0
93963 74
94021 0
94113 74
94152 0
94245 97
94257 0
94316 70
94340 0
94734 70
94776 0
94929 97
94993 0
95106 79
95337 97
95521 0
95599 79
95815 0
95827 97
96018 0
96280 95
96493 70
96599 0
96780 97
96806 79
96864 0
96896 95
97011 0
97044 82
97121 79
97127 0
97158 76
97160 97
97262 95
97333 82
97520 0
97728 82
97799 0
98113 95
98159 0
98253 95
98458 0
98495 76
98633 0
98746 82
98900 0
98908 76
99037 0
99109 79
99304 74
99369 0
99486 74
99562 95
99645 0
99711 79
99743 0
768 events for 8
129 22
241 0
406 34
523 0
697 22
858 0
906 34
917 0
941 34
999 0
1115 22
1334 0
1434 65
1635 0
1644 34
2024 22
2064 0
2095 65
2193 34
2578 0
2600 22
2651 0
2758 34
2891 22
2945 0
3187 65
3424 65
3541 0
3559 22
3952 34
4046 0
4054 22
4181 0
4361 65
4521 0
4800 22
4878 0
5500 65
5594 34
5628 0
5667 22
5976 65
5999 34
6071 0
6164 22
6226 65
6305 0
6362 22
6459 0
6506 22
6922 0
7053 65
7098 22
7193 0
7283 34
7406 0
7436 22
7493 0
7765 65
7800 22
7920 34
7952 0
7981 22
7990 0
8197 65
8223 0
8230 22
8254 0
8287 34
8327 22
8439 0
8566 65
8695 0
8738 22
8892 0
9017 22
9237 34
9417 0
9720 22
9877 0
9946 22
10157 0
10171 65
10232 0
10410 65
10424 0
10486 34
10536 0
10631 22
10715 0
11021 22
11023 0
11040 34
11136 0
11170 22
11197 0
11241 22
11336 34
11521 0
11759 34
11839 0
11947 34
12157 0
12293 34
12468 22
12470 0
12566 65
12730 0
12741 22
12909 0
13214 65
13284 0
13603 22
13695 34
13970 0
14049 65
14221 0
14399 65
14490 0
14567 22
14662 0
14990 22
15131 0
15222 65
15379 0
15767 65
15889 0
15890 65
15891 0
15925 22
16056 0
16527 22
16574 22
16592 22
16827 34
16894 0
17176 65
17487 22
17662 0
17769 22
17805 22
17812 0
17910 65
18364 0
18380 22
18502 0
18635 65
18641 0
18716 22
18826 0
18832 34
19329 0
19361 22
19461 0
19497 22
19533 0
19541 65
19631 0
19871 22
19932 0
19956 34
20348 0
20448 65
20467 34
20495 22
20543 0
20930 22
21006 0
21166 22
21217 0
21218 22
21297 0
21421 65
21522 0
21764 65
22728 0
22751 34
22850 0
22943 34
22953 0
23075 65
23231 0
23352 22
23499 0
23576 65
23712 65
23744 0
23892 34
23975 0
24205 65
24296 65
24733 0
24867 65
25158 0
25159 34
25635 22
25664 34
25750 0
26119 34
26224 0
26265 65
26710 0
26725 34
26758 22
26863 0
26919 65
27015 0
27107 22
27154 0
27201 65
27303 0
27314 22
27341 22
27362 0
27576 34
27610 0
27615 34
27863 65
27907 34
28008 22
28091 0
28122 65
28244 34
28462 22
28479 0
28801 22
28837 0
28940 65
29203 0
29218 22
29238 22
29411 0
29472 22
29521 34
29579 0
29679 65
29737 65
29850 0
30005 22
30020 0
30051 34
30312 0
30341 22
30617 0
30641 22
30889 0
31617 22
31659 0
31742 34
32014 65
32603 0
32677 65
32699 0
32995 22
33050 65
33247 0
33473 22
33567 22
33584 0
33609 22
33718 0
33869 22
33932 0
33975 22
33978 0
34119 34
34240 0
34247 22
34297 22
34328 22
34719 0
34772 22
35024 34
35060 0
35110 65
35405 22
35834 22
36002 0
36434 22
36559 65
36670 0
36680 65
36706 22
36883 0
36891 65
37158 22
37187 34
37471 0
37590 22
37604 0
37698 22
37767 0
38079 22
38124 22
38140 0
38315 22
38323 22
38349 0
38351 65
38757 0
38761 22
38829 65
38864 0
39112 34
39180 0
39195 65
39205 0
39283 22
39526 0
39580 34
39590 0
39757 22
39762 22
39798 0
39997 65
40124 0
40365 22
40386 0
40494 34
40527 0
40557 22
40919 0
40948 34
41178 0
41378 22
41417 0
41447 65
41564 0
41588 34
41617 0
41790 22
41857 0
41862 22
42026 0
42029 65
42084 0
42099 65
42508 0
42559 22
42660 0
42742 22
42841 22
43202 0
43537 34
43663 0
43686 22
43915 0
44145 65
44387 0
44668 22
44673 22
44750 0
44909 34
44927 0
45161 65
45174 0
45244 65
45254 34
45418 0
45479 22
45503 22
45640 0
45664 22
45757 0
45799 22
45918 0
46184 22
46308 34
46411 0
46479 65
46508 0
46652 65
46724 0
46898 34
47034 0
47340 65
47455 22
47577 0
47619 22
47690 0
47907 65
48037 22
48319 0
48360 65
48527 0
49250 22
49316 65
49327 0
49433 22
49696 0
49751 65
50057 65
50083 34
50560 0
50681 22
50772 0
50972 22
51414 0
51433 34
51505 0
51506 65
51588 0
51708 34
51776 22
51801 65
51936 0
52056 22
52406 0
53018 22
53078 0
53140 34
53205 0
53210 22
53743 0
54177 22
54813 34
54968 65
54974 0
55004 22
55010 65
55027 0
55175 22
55183 0
55210 65
55274 0
55391 34
55650 65
55652 22
55684 0
55747 65
55905 0
56025 34
56281 22
56308 34
56399 34
56577 0
57242 22
57262 22
57363 0
57536 34
57550 0
57649 22
57772 0
57835 22
57976 22
58145 0
58205 34
58304 0
59019 22
59129 0
59151 65
59275 0
59347 65
59439 0
59531 22
59587 0
59655 34
59923 0
59959 34
60011 0
60053 22
60160 0
60296 22
60362 0
60509 34
60687 0
60865 65
60962 0
60987 34
60993 22
61135 0
61293 65
61298 0
61697 22
61824 0
62289 22
62403 0
62658 22
63203 0
63716 65
63737 0
63875 65
64407 0
64550 34
64699 0
64860 22
65169 0
65213 22
65389 34
65567 22
65798 34
65955 0
65976 65
65987 0
66047 34
66134 0
66363 34
66425 0
66432 22
66457 0
66583 22
66909 0
67310 65
67369 0
67836 22
68231 0
68500 34
68568 65
68774 0
69006 34
69337 34
69677 0
69839 34
69943 0
70477 34
70571 65
70574 65
70637 0
70765 34
70881 0
71212 22
71231 0
71351 65
71390 0
71419 65
71442 0
71495 22
71722 0
71810 34
72019 0
72101 22
72198 0
72426 34
72562 22
72572 0
72573 65
72652 0
72818 65
72825 0
72936 34
73069 34
73079 0
73082 22
73094 0
73231 65
73957 0
74008 65
74153 0
74185 22
74262 22
74265 0
74484 65
74648 0
74792 34
74855 0
75005 34
75063 0
75183 34
75200 0
75321 22
75519 0
75722 65
75733 0
75933 34
75936 22
76136 0
76155 65
76399 0
76458 34
76507 0
76804 65
77103 0
77129 22
77142 0
77231 65
77383 0
77416 65
77470 0
77737 34
77926 0
78026 22
78136 22
78305 22
78495 22
78574 0
78729 34
78765 0
78986 34
79016 0
79160 65
79179 0
79214 34
79354 0
79794 22
79803 22
80521 0
80576 34
80648 0
80649 34
80827 0
80936 65
81016 0
81286 34
81334 22
81339 0
81619 65
81885 0
81911 22
82216 0
82379 22
82512 0
82754 22
83579 65
83597 22
83708 0
83866 22
83953 0
84120 22
84255 22
84359 0
84462 65
84612 0
84650 22
84666 34
84711 65
84763 0
85006 22
85099 0
85149 34
85269 0
85295 22
85302 0
85307 22
85382 0
85480 22
85533 0
85536 22
85758 0
85955 22
86061 22
86106 0
86199 34
86217 0
86256 34
86342 0
86391 34
86507 0
86741 65
86760 0
87177 22
87276 34
87460 0
87548 65
87555 0
87719 22
87767 65
88114 22
88163 0
88331 34
88387 22
88640 22
88647 0
88907 22
88972 0
89022 65
89101 34
89106 65
89183 22
89383 0
89539 65
89780 0
89873 22
90045 34
90107 0
90171 34
90184 0
90274 22
90321 0
90365 22
90415 0
90642 22
90719 0
90730 22
90805 0
91091 22
91118 0
91744 22
91838 0
91885 65
91887 0
92229 65
92454 0
92548 34
92599 0
92682 34
92956 0
92984 22
93093 65
93191 65
93251 65
93311 22
93360 22
93486 34
93487 0
93511 65
93546 0
93643 22
93711 0
93807 65
93981 0
94266 22
94348 0
94592 22
94999 0
95006 22
95027 0
95188 22
95280 0
95424 22
95656 0
95670 34
95745 34
95830 0
96033 22
96107 22
96455 0
96477 34
96484 0
96561 34
96688 0
96830 22
96876 22
96932 65
97177 0
97290 22
97327 0
97342 65
97493 0
97577 22
97696 0
97780 22
97843 0
97857 22
97961 0
98104 22
98200 0
98205 22
98246 0
98328 22
98333 0
98334 34
98461 0
98503 65
98558 65
98632 0
98679 65
98692 0
98699 34
98747 0
98771 22
98814 0
98822 22
99027 0
99099 34
99516 22
99543 0
99765 65
99790 0
663 events for 9
103 16
115 0
186 16
356 16
363 0
585 16
693 16
727 0
741 16
744 16
1086 0
1133 16
1227 0
1234 16
1274 0
1684 16
1729 0
2043 16
2262 0
2324 16
2451 16
2797 0
2886 16
3388 0
3440 16
3459 16
3564 0
3638 16
4114 0
4307 16
4308 0
4324 16
4759 0
4848 16
4872 0
4874 16
4953 0
5138 16
5199 0
5302 16
5426 0
5464 16
5587 0
5589 16
5761 16
5821 0
5856 16
5880 0
5887 16
6076 0
6176 16
6466 0
6613 16
6639 16
6688 0
7223 16
7549 16
7573 16
7712 0
7776 16
8061 0
8201 16
8732 16
9079 0
9090 16
9186 0
9452 16
9723 16
9957 0
10090 16
10187 0
10190 16
10310 0
10477 16
11223 0
11312 16
11318 0
11609 16
11814 0
11999 16
12015 0
12040 16
12115 0
12211 16
12544 0
12611 16
13072 16
13102 16
13176 0
13254 16
13286 0
13432 16
13498 0
13507 16
13608 0
13764 16
13837 0
13898 16
14190 16
14321 0
14331 16
14336 16
14791 0
14826 16
14941 0
15238 16
15534 0
15725 16
16237 0
16283 16
16309 0
16403 16
16897 16
16935 16
17113 0
17192 16
17232 0
17326 16
17417 16
17434 16
17626 0
18009 16
18450 16
18586 16
18773 0
18861 16
19064 0
19215 16
19500 0
19734 16
19820 0
19893 16
20157 0
20828 16
20990 16
21080 0
21196 16
21317 0
21369 16
21725 16
22321 0
22549 16
22907 16
23549 0
23646 16
24201 0
24402 16
24463 16
24535 16
24690 0
24948 16
25117 0
25464 16
25600 16
26114 0
26399 16
26414 0
26502 16
26587 0
26660 16
26819 0
26831 16
27072 0
27467 16
27619 0
27904 16
28376 0
28401 16
28462 0
28592 16
28993 16
29043 0
29238 16
29412 0
29491 16
29583 0
29772 16
30061 16
30458 16
30514 0
30588 16
30634 0
30736 16
30762 16
31004 16
31060 16
31207 16
31264 16
31291 16
31302 0
31350 16
31438 16
31711 0
31733 16
31875 0
31965 16
32099 0
32146 16
32251 0
32262 16
32388 0
32462 16
32485 16
32513 0
32585 16
32873 0
33120 16
33613 0
33649 16
33705 16
33978 16
34410 0
34690 16
34831 0
34933 16
35000 0
35057 16
35165 0
35418 16
35532 0
35640 16
35808 0
35820 16
35845 0
36153 16
36235 0
36246 16
36395 0
36454 16
36490 0
36558 16
36873 0
36933 16
37139 0
37185 16
37522 0
37533 16
37745 16
38278 0
38300 16
38391 0
39334 16
39507 0
39682 16
39774 16
40035 16
40082 16
40092 0
40124 16
40199 0
40517 16
40662 0
40981 16
41093 0
41127 16
41308 0
41686 16
41757 16
42266 16
42810 0
42887 16
42896 16
43088 16
43114 0
43264 16
43288 0
43413 16
43699 0
43786 16
43866 0
43941 16
44285 0
44675 16
44768 0
44835 16
44982 0
44993 16
45007 0
45085 16
45543 0
45578 16
45634 16
45636 0
45694 16
45713 0
45751 16
46284 0
46347 16
46562 0
46607 16
46618 0
46751 16
46936 0
47116 16
47137 0
47174 16
47329 16
47382 0
47450 16
47580 16
47602 0
47625 16
47707 16
48343 0
48460 16
48662 0
48666 16
48694 0
48721 16
48902 16
49307 16
49368 0
49407 16
49534 0
49664 16
49711 0
49722 16
49859 0
50300 16
50362 0
50429 16
50482 0
50510 16
50622 0
51096 16
51431 0
51637 16
51866 16
51995 0
52141 16
52155 0
52267 16
52316 0
52325 16
52360 0
52649 16
52787 0
52841 16
53010 0
53021 16
53089 0
53111 16
53593 0
53771 16
53910 16
53966 0
54066 16
54108 0
54340 16
54378 0
54722 16
54787 0
55014 16
55430 0
55440 16
55574 0
55609 16
55670 0
56000 16
56001 16
56039 0
56137 16
56292 16
56399 0
56471 16
56956 16
56969 0
56975 16
56977 0
57218 16
57262 0
57297 16
57499 0
57564 16
57665 0
57710 16
58377 0
58559 16
58583 0
58761 16
58803 16
58904 16
58967 16
59019 0
59166 16
59392 0
59555 16
59664 16
59677 0
59744 16
59778 0
60110 16
60143 0
60165 16
60261 16
60406 16
60409 16
60463 0
60730 16
60742 0
60806 16
60932 0
61343 16
61451 0
61676 16
61715 0
61796 16
61888 0
62148 16
62461 0
62462 16
62568 0
62604 16
62668 16
62880 0
62984 16
63002 0
63454 16
63564 0
63686 16
63719 0
63864 16
63955 0
64099 16
64364 0
64382 16
64420 0
64501 16
64546 16
64579 0
64646 16
64684 0
64800 16
64882 0
64943 16
65151 0
65315 16
65424 0
65584 16
65602 0
65669 16
65774 0
66001 16
66013 0
66303 16
66744 0
66806 16
66844 0
67056 16
67089 0
67566 16
67721 0
67734 16
68499 16
68509 16
68821 16
68981 16
69284 0
69289 16
69458 0
69475 16
69553 0
69556 16
69618 0
69632 16
69647 0
69683 16
69727 0
69728 16
69857 0
69977 16
70157 0
70403 16
70662 16
70841 0
70906 16
71059 0
71104 16
71246 0
71453 16
71543 0
71967 16
72134 16
72385 16
72427 0
72714 16
72839 0
72910 16
73000 0
73583 16
73780 16
73825 0
73906 16
74038 0
74135 16
74205 0
74228 16
74239 16
74427 0
74828 16
75044 0
75085 16
75350 0
75548 16
75626 16
75889 16
76127 0
76211 16
76647 0
76759 16
76796 16
76812 0
76964 16
76973 0
77133 16
77184 16
77206 0
77276 16
77620 0
77683 16
77929 0
78034 16
78073 16
78416 0
78612 16
78675 16
78837 16
79334 0
79376 16
79414 0
79516 16
79651 0
79693 16
79797 16
79857 0
80347 16
80565 16
80618 0
81051 16
81318 0
81333 16
81461 0
81567 16
82196 0
82271 16
82367 0
82426 16
82511 16
82630 16
82675 16
82862 0
83223 16
83686 0
83926 16
83951 0
84016 16
84105 0
84282 16
84326 0
84443 16
84481 0
84503 16
85214 0
85318 16
85513 16
85566 16
85575 16
85675 0
85682 16
85801 0
85808 16
85911 0
86056 16
86068 16
86216 16
86559 0
86645 16
86710 16
86783 0
87116 16
87132 0
87239 16
87489 0
87585 16
88291 0
88385 16
88798 16
89282 0
89322 16
89511 0
89652 16
89807 0
89927 16
90078 0
90177 16
90244 0
90472 16
90995 16
91054 0
91072 16
91169 16
91282 0
91290 16
91315 0
91671 16
91967 0
91995 16
92004 0
92008 16
92502 0
92573 16
92645 0
92652 16
92680 0
92938 16
93198 0
93399 16
93468 0
93517 16
94142 16
94206 0
94379 16
94430 16
94454 0
94473 16
94495 0
94615 16
94664 0
95205 16
95324 0
95430 16
95491 0
95957 16
96123 16
96135 16
96231 0
96346 16
96454 0
96459 16
96636 0
96768 16
96847 0
96900 16
97180 0
97336 16
97337 16
97338 0
98051 16
98110 0
98168 16
98441 16
98477 16
98528 0
98690 16
98842 0
98849 16
99152 0
99310 16
99589 0
99690 16
99739 0
99780 16
99948 0
213 events for 10
1114 57
1880 56
2167 68
3721 85
4251 68
5061 0
5275 57
5306 0
6023 56
6668 65
7159 56
8566 0
8600 65
8813 0
8864 68
8918 68
9470 0
9914 57
10138 57
11068 56
12322 85
12423 56
12614 0
13677 57
13787 0
15125 85
15155 56
15835 68
16548 0
17118 85
17622 0
18073 68
18490 0
18710 56
18957 0
19284 65
20392 56
21008 0
21411 68
21836 0
22285 65
22688 0
23172 65
23755 0
23863 85
24376 0
25018 56
25451 0
25562 85
26391 0
27371 68
28843 0
28948 85
29433 0
29598 85
30058 0
30339 57
30556 0
30705 85
32048 0
32052 57
32391 0
32473 68
32870 0
32959 68
33332 0
33770 57
34337 0
35458 68
35540 0
35542 85
35700 0
36130 56
36989 0
37255 65
37469 0
37530 85
37614 0
37676 68
38476 57
38636 0
38752 68
39143 0
39259 57
40340 0
40350 65
40577 0
40902 68
41094 0
42267 68
42781 0
43916 56
44318 65
44595 0
45172 65
45401 0
45943 56
46095 0
47323 65
47332 0
48223 65
48867 85
49698 0
50152 65
50435 0
52102 68
52393 56
52464 0
53050 85
53250 0
54423 85
55348 0
56055 65
56417 0
56557 85
58049 68
58986 0
59272 65
59381 0
59598 65
59807 0
59944 57
60136 0
60677 65
60730 0
61677 57
61816 0
61886 65
61902 0
62608 57
62704 0
63312 85
63636 57
63971 85
64168 0
64475 68
64823 0
64826 56
65103 0
66779 68
67661 0
68018 56
68662 0
68762 57
68774 0
68800 57
69073 0
69420 85
69879 85
70592 0
71261 65
72049 0
73004 65
73369 85
73718 56
74415 65
74494 0
74532 65
75045 57
75095 85
75263 56
75639 0
76290 68
76646 0
76699 57
77693 0
78347 68
78446 0
78878 65
79626 85
79694 0
80285 65
80445 0
80517 68
81846 0
82809 57
83478 68
84406 56
84657 0
84773 56
85262 0
85285 85
85693 85
86272 65
87246 0
88355 56
88624 0
88960 68
89444 68
90100 0
90679 85
90718 0
91314 68
91698 85
91937 68
93334 0
93623 68
93713 0
93762 85
93834 0
95332 65
95531 0
95764 85
95839 0
96137 85
96621 0
96751 85
97568 0
97911 65
98196 57
98397 56
99045 0
99168 57
233 events for 11
57 92
373 92
591 0
899 86
2917 0
3232 92
3847 0
3851 86
4026 0
5009 92
5676 0
6245 86
6405 86
6466 0
6735 86
7094 0
7141 86
8363 0
8647 86
9067 86
10063 0
10750 86
11644 0
11790 86
12121 92
12439 0
12662 86
12970 86
13001 0
13291 86
13556 0
14294 86
14969 0
15464 86
15806 0
16286 92
16399 0
16646 86
16754 0
17336 92
17481 0
17804 86
18841 0
18909 86
18954 0
19591 86
20170 0
20249 86
21067 86
21461 0
21534 86
21668 0
22626 86
22661 0
22813 86
22980 92
23047 0
23102 86
23135 0
23665 86
23774 0
23807 86
23842 92
23914 0
24151 86
24246 0
24792 86
25144 0
25376 86
25443 92
25840 86
26365 92
27274 0
27946 92
28255 92
28390 0
28403 92
29210 0
29668 86
29743 0
29841 86
30704 0
30950 92
31016 0
31418 92
31424 0
32096 86
32248 0
32507 86
32557 0
32637 86
32692 86
34663 0
35869 86
36201 0
36616 92
36942 86
37463 86
38220 0
39163 86
39406 92
40088 0
40358 86
40564 0
41955 86
42557 0
43558 86
43938 86
44297 86
44945 92
45433 0
46018 92
46080 92
46405 92
46948 86
47005 86
47811 0
48330 86
48505 0
50001 86
50346 86
52347 0
52663 86
55014 0
55408 92
55475 92
55539 86
55997 92
56174 0
56789 92
57194 0
57808 86
58813 0
59013 86
59331 86
59890 86
59986 0
60217 92
60506 0
60945 86
61593 0
61739 86
61832 0
61844 92
62800 86
62981 92
63770 0
64054 92
64127 86
64601 0
65150 86
65262 86
65372 86
65794 92
65923 86
66035 86
66748 86
67574 86
67633 0
67666 86
68270 0
68588 86
68673 0
68779 86
68973 0
69260 86
70514 0
70823 86
72215 0
72223 86
72668 0
73196 92
73444 0
73713 86
73876 0
74260 92
74485 0
74897 86
75068 0
75368 92
75510 0
75571 92
76304 86
76571 86
77859 0
78047 92
79591 0
79927 86
80577 0
80707 86
80740 0
81327 92
82156 0
83585 92
83814 0
83998 92
84018 92
84295 0
85738 86
85739 0
85795 86
86396 86
86658 0
87006 86
87181 0
87639 86
87935 0
88261 86
89245 92
89472 0
89674 86
89722 86
90207 0
91723 86
91813 0
91998 86
92019 86
92211 86
92402 0
93025 86
93614 0
94272 86
94548 0
94660 86
94766 0
95132 86
95348 0
95658 86
96567 0
97256 86
97735 86
99116 0
99370 86
438 events for 12
169 88
251 0
302 72
351 0
566 77
602 88
646 0
740 72
1967 0
2249 84
3350 0
3492 72
3624 0
3805 84
4038 0
4086 84
4340 0
4405 84
5033 0
5166 84
5207 0
5323 31
5494 0
5623 77
5823 0
5829 88
6086 31
6094 75
6787 75
6839 84
6884 72
7249 0
7325 75
7562 0
7813 31
7901 0
8293 31
8333 0
8443 72
8581 75
8719 0
9048 84
9187 0
9226 31
9306 0
9469 77
9639 0
9933 84
9999 0
10065 88
10314 0
10656 88
10663 0
10672 88
10885 31
11182 0
11300 88
11354 0
11817 77
12920 88
12923 0
13110 75
13556 0
13593 77
13648 0
13659 72
13987 0
14108 88
14924 0
15154 88
15987 77
16501 0
16719 84
16846 88
16948 0
17128 77
17395 84
17398 0
17700 72
17728 0
17815 77
18144 72
18165 0
18183 84
18632 0
18661 31
18858 72
18936 0
19921 77
19960 31
20229 0
20465 77
20485 31
20518 72
21179 0
21364 72
21431 0
21797 72
22592 0
22669 31
22830 0
23158 77
23412 0
23738 77
23835 31
23850 75
23935 0
23969 84
24263 0
24319 72
24415 0
24564 31
24581 31
24622 0
24672 77
24714 77
24790 77
25208 77
25409 0
25838 77
25993 0
25995 31
26174 0
26272 75
26376 0
26719 31
26760 0
27029 72
27442 31
27670 0
27679 77
28115 0
28464 84
28841 31
29175 77
29198 0
29302 31
29488 0
29516 72
29561 0
29635 72
30368 0
30384 84
30386 0
30755 72
31125 0
31181 31
31338 0
31431 88
31443 0
31622 72
31660 72
31900 0
31907 88
31972 0
32169 77
32180 77
32427 0
32468 72
32535 0
32890 75
33114 0
33401 31
33530 0
33841 31
34015 0
34205 77
34383 0
34592 84
34617 0
34761 88
34867 0
35180 77
35718 0
36042 77
36443 0
36596 75
36658 0
37168 75
37179 0
37311 77
37345 0
37568 88
37773 72
37816 0
37926 88
38173 0
38304 88
38667 0
38751 88
38795 0
38852 75
39302 0
40022 77
40648 0
40742 84
40841 0
40975 75
41064 0
41134 88
41310 0
41442 77
41870 0
42040 88
43475 84
44145 0
44176 31
44367 0
44666 88
44862 72
45053 0
45131 72
45264 0
45442 31
46407 0
46482 31
46706 88
47205 0
47367 84
47496 0
47661 84
47667 0
47689 75
47898 31
48565 84
48802 0
49389 72
49472 0
49487 84
49722 75
49779 0
49837 31
49940 0
49954 77
50146 0
50731 75
51219 77
51326 0
51343 31
51354 72
51902 0
52236 31
52403 75
52519 0
52714 88
52850 72
52999 0
53008 84
53144 0
53309 88
53331 0
53376 77
53716 0
54112 31
54833 0
55136 31
55482 0
55506 72
55703 0
56189 88
56574 0
56937 75
57227 0
57634 77
57715 0
58643 75
58847 72
58917 84
58925 0
59523 77
59637 72
59743 0
60257 72
60422 75
61275 77
61320 0
61335 72
61480 0
61810 31
62176 0
62895 84
62961 0
63126 72
63241 0
63817 72
63861 0
63963 88
64437 72
64497 88
64636 0
65120 88
65214 0
65478 75
65848 0
66113 75
66180 31
66542 0
66569 72
67434 84
67683 0
67685 88
68240 0
68253 77
68444 84
68471 0
68550 75
68839 0
68855 84
69183 0
69525 75
69599 84
69726 0
69889 88
69914 0
69949 77
70065 0
70119 88
70302 0
70601 75
70621 0
70734 77
71068 88
71267 0
71316 84
71599 0
72378 88
72566 0
73308 72
73359 0
73679 77
73734 72
73900 72
73914 0
74129 77
74272 0
74368 31
74686 72
75177 31
75295 84
75383 0
75541 88
75611 0
75669 31
76226 0
76419 88
76563 0
76782 72
76906 31
77105 0
77288 72
77376 0
77387 88
77459 0
77690 88
77720 0
77943 72
78116 0
78241 75
78365 0
78546 72
78846 0
79045 72
79065 0
79160 31
79226 0
79240 77
79246 0
80110 77
80149 75
80216 0
80847 88
81322 0
81328 84
81598 88
82568 0
82727 84
83552 84
83679 84
83992 0
84470 72
84614 84
85111 0
85419 72
85576 0
85620 75
85713 72
85758 0
85990 77
86330 75
86580 0
86585 72
86587 77
86771 0
87571 77
88105 77
88253 0
89028 77
89073 0
89146 77
89552 0
90077 84
90086 0
90106 88
90279 0
90946 72
91619 0
92370 88
92586 0
92636 31
92674 0
92790 31
93235 0
93837 72
93898 0
94135 77
94202 0
95194 84
95205 0
95503 77
95864 0
96154 75
96172 0
96629 84
96777 88
96873 0
96929 72
97758 0
97780 75
98170 0
98210 31
98213 0
98436 84
98468 0
98849 77
99210 0
99379 88
99465 0
99868 77
394 events for 13
25 93
430 0
1054 71
1142 58
1217 0
1785 58
1790 0
1902 71
2052 0
2069 93
2527 70
3028 59
3109 0
3115 71
3174 59
3604 0
4025 59
4117 0
4395 58
4554 60
4580 60
5088 0
5354 93
5378 0
5609 88
5657 0
6238 58
6354 0
6489 72
7193 0
7336 59
7374 88
8371 0
8397 58
9113 0
9161 58
9358 0
9736 59
9816 59
9974 0
10089 93
10128 0
10225 88
10304 0
10435 72
10510 0
10649 93
10760 59
11670 0
11718 72
12085 0
12212 59
12255 0
12445 93
12504 0
12558 93
12654 0
12780 88
13122 0
13288 88
13678 93
13840 0
13962 60
13989 70
14062 0
14198 60
14402 70
14559 59
14852 0
14861 58
14955 0
15370 58
15472 0
15884 71
16707 0
16708 60
16808 0
17289 70
17534 0
18003 71
18172 88
18306 70
18763 0
18861 59
19277 0
19445 71
19590 0
20149 60
20300 88
20307 71
20645 0
21085 59
21157 0
21360 71
21470 0
21629 88
21835 72
22008 0
22009 72
22071 93
22280 0
22382 60
23027 0
23327 93
23934 58
24102 0
24819 93
25119 0
25729 71
25953 0
26032 72
26214 0
26319 88
26389 0
26587 59
27457 0
27924 60
28378 58
28393 0
28629 58
28685 0
29268 58
29368 0
29498 71
29671 0
29997 71
30180 0
30457 72
30491 72
30841 0
30855 93
31265 0
31490 71
31663 88
32228 0
32590 72
33037 72
33284 0
33690 59
33877 0
34019 88
34342 0
34437 88
34874 0
35126 58
35162 0
35327 60
35566 0
35937 88
36571 58
36583 0
36654 70
36939 72
37074 58
37277 88
37355 71
37454 72
37592 72
38078 88
38132 0
39474 72
39613 72
39810 60
39852 70
40086 0
40392 88
40543 0
40728 58
41057 0
41067 71
41121 72
41186 0
41228 59
41473 0
41501 60
42047 0
42429 93
42467 0
42486 93
42635 59
42752 0
43122 93
43264 58
43743 0
43935 88
44286 59
44461 0
44917 60
45122 72
45213 0
45219 59
45624 0
45881 59
46434 60
46678 0
47156 70
48505 0
48549 72
48896 59
49377 70
49654 0
49833 93
49902 70
50161 0
50270 71
50346 72
50662 58
50961 93
51233 70
51425 58
51482 0
51596 72
51711 0
51853 88
52178 0
52180 93
52630 0
52707 59
53061 0
53294 88
53499 88
53866 0
53921 58
54046 0
54230 88
54633 58
55151 71
55349 0
55817 71
56085 0
56161 72
56234 0
56580 59
56708 59
57123 59
57664 0
58311 93
58474 0
58582 72
58680 0
58742 93
58880 0
58971 71
59236 0
59323 70
59324 88
59500 0
59779 59
59826 70
60087 0
60344 93
60613 0
60852 58
60871 0
61131 88
61352 88
61546 0
61591 88
61759 60
61868 0
61955 93
62014 0
63063 93
63414 0
63582 58
63627 0
63714 70
63941 0
64098 59
64123 0
64883 60
65038 0
65059 72
65679 0
65978 88
66355 0
66837 70
67242 0
68164 72
68928 59
69132 0
69420 59
69637 59
69950 0
69959 60
70253 0
70279 88
70836 72
70887 58
71164 71
71232 59
71365 0
71924 88
73132 0
73436 70
73842 0
73878 88
73922 0
74198 88
74365 0
74426 70
74447 0
75033 72
75053 0
75060 93
75186 0
75240 70
75642 0
75671 59
76175 93
76902 0
77172 59
77175 0
77243 70
77422 0
77759 59
77844 0
78120 58
78271 0
78588 88
78631 0
78641 72
78870 0
79022 58
79111 0
79150 71
79337 71
80533 0
81126 58
81629 0
81808 72
81813 0
81854 93
82148 0
82182 59
82246 0
82374 70
83118 60
83132 0
83955 59
84392 70
84409 0
85261 71
85380 59
85549 58
85654 72
85679 88
85894 0
85932 72
86743 0
86923 59
87096 93
88289 0
88783 88
89290 0
89814 72
91328 0
91448 70
91488 0
91815 93
92055 70
92059 0
93185 71
93452 0
93663 93
94063 0
94355 93
94440 0
94736 93
94959 0
95295 70
95306 72
95315 88
96064 0
96540 59
96741 0
96756 60
96983 72
97289 0
97457 70
97530 0
97741 93
97812 93
97954 0
97989 71
98022 0
98185 58
98232 70
98981 93
98997 93
99163 72
99678 0
99719 70
99764 70
142 events for 14
4551 64
5078 74
5458 0
6326 64
7055 0
7058 64
7690 0
8043 64
8060 0
8614 74
8990 0
10119 64
10554 0
11387 64
11499 0
13664 64
13989 74
14778 74
14780 74
16049 0
17043 74
19461 0
20380 74
20469 0
20970 64
22431 0
22505 64
22600 0
22750 64
23412 0
23413 74
24581 0
26500 64
26740 0
27270 64
27739 74
28772 0
28780 64
30198 64
31376 74
31572 0
31874 74
31983 0
32664 74
33152 0
33178 64
35275 0
35512 74
35532 0
35881 64
35967 0
36031 64
36416 0
36744 74
37791 0
38393 74
39673 0
41162 64
42872 0
43016 74
43212 0
43548 74
43592 0
43889 64
47027 64
48721 64
49471 64
49508 74
50126 64
50166 74
50678 0
55006 64
55069 0
55796 74
55897 0
56405 64
56756 0
58114 64
59978 74
60215 0
61637 74
62336 64
62507 0
62925 74
63985 0
64559 64
64881 0
65824 74
65980 0
66139 74
66256 0
66473 74
68395 0
69223 64
70074 0
70189 64
71269 0
71366 64
72130 74
72922 0
73534 64
74607 0
74944 64
75378 0
75493 64
76893 64
77567 64
78191 0
78266 74
78543 0
79102 64
79379 0
79448 74
79887 0
80411 74
80503 0
80831 64
81123 0
82245 64
82817 0
83438 74
83859 64
84765 0
85113 74
86402 0
88674 74
89919 0
90180 74
90428 0
91098 74
91156 0
91254 64
91621 0
92307 64
92785 0
92963 74
93695 0
95190 64
96581 0
97361 74
98501 64
99281 0
640 events for 15
29 75
50 0
400 80
529 0
639 85
658 0
671 81
1049 0
1361 85
1560 87
2611 80
2650 87
2694 87
2796 0
2981 75
3138 0
3153 80
3230 0
3352 80
3354 0
3436 75
3718 0
3782 85
4131 0
4399 80
4443 0
4494 87
4513 80
4660 0
4917 81
4928 0
5031 85
5109 0
5324 81
5345 0
5397 87
5505 81
5676 0
5733 81
5773 0
5908 81
6176 0
6219 81
6263 75
6350 0
6359 87
6385 0
6574 80
6764 0
7216 80
7506 0
7825 87
8145 0
8368 80
8415 87
8456 87
8567 0
8589 81
8663 87
9132 0
9192 80
9264 87
9283 0
9491 80
9725 0
9731 87
9744 0
9830 75
9985 0
10009 85
10028 0
10030 75
10049 0
10255 87
10275 0
10561 80
10754 80
11261 0
11552 80
11587 0
11676 87
11885 80
12078 0
12272 80
12461 0
12493 80
12649 0
12672 81
13361 0
13421 80
13520 0
13782 75
14030 81
14057 0
14293 81
14492 0
14611 80
14719 0
14795 87
14851 0
14876 87
14982 0
15226 87
15770 81
15827 0
15831 85
16479 0
16844 75
17037 0
17300 85
17407 80
17579 0
17672 87
17800 0
17967 80
18462 0
18606 75
18883 80
18914 0
18961 81
19180 81
19237 80
19337 0
19357 80
19384 87
19745 0
19837 81
20039 87
20129 0
20236 80
20398 0
20550 87
20654 0
20913 85
20988 0
21001 75
21003 75
21049 0
21112 81
21634 0
21687 87
21862 0
21898 87
21901 0
21968 87
22152 0
22244 81
22253 0
22431 87
22490 87
22517 80
22527 85
22570 87
23023 0
23161 87
23205 0
23214 87
23355 0
23409 80
23650 0
24114 80
24277 0
24330 87
24624 0
24734 80
24803 0
24962 80
25009 0
25088 80
25161 0
25595 80
26072 80
26296 0
26375 75
26452 87
26604 80
26633 0
26656 85
26718 0
26776 75
27482 0
27560 80
28139 0
28153 87
28623 81
28768 75
28910 0
29014 80
29137 0
29500 87
29507 0
29560 75
29561 0
29585 80
30126 0
30333 85
30687 0
30717 80
30813 87
30906 81
30971 0
31286 75
31472 0
31684 80
31816 0
31817 85
31834 0
31953 80
32227 0
32239 87
32376 0
32385 75
32420 80
32492 81
33040 81
33431 0
33451 81
33632 0
33885 85
33899 80
34026 0
34104 75
34185 0
34630 80
34699 0
34898 80
34953 0
35043 80
35058 0
35214 81
35324 0
35436 80
35929 0
36341 80
36633 0
36774 81
36995 0
37076 75
37132 0
37485 75
37608 0
37765 80
37835 87
37935 87
37956 0
38079 87
38225 75
38338 87
38367 0
38404 81
38551 0
38630 80
38635 81
38733 80
38770 0
38817 81
38851 0
38858 87
39113 80
39151 80
39235 0
39443 80
39637 75
39667 80
39993 0
40046 81
40194 87
40326 0
40551 80
41419 87
41422 0
41475 80
41504 0
41779 81
41834 80
41948 0
42104 80
42211 0
42593 75
42622 0
42647 80
42763 0
42831 80
42928 0
43020 80
43202 0
43883 80
43884 0
43952 80
44020 0
44403 87
44778 87
44788 0
44826 85
44848 75
45039 0
45070 85
45305 0
45367 80
45397 0
45548 81
45701 0
45839 80
45891 80
46052 0
46269 87
46655 0
46821 75
46865 0
47095 87
47125 0
47188 80
47229 87
48200 0
48239 80
48647 0
48724 87
48764 0
48811 75
48847 0
48929 81
49063 0
49203 80
49394 85
49716 80
50463 0
50559 87
51300 0
51532 80
51675 0
51869 87
51950 0
52192 81
52203 0
52224 81
52639 0
52666 80
52960 0
53335 80
53396 0
53591 80
53655 87
53800 0
54136 75
54148 0
54284 80
54950 0
54955 87
55103 0
55287 85
55395 0
55473 80
55567 0
55609 80
55979 0
56013 85
56462 80
56571 0
56844 80
56967 0
56982 85
57327 0
57345 87
57599 0
57887 87
57899 80
57905 0
58181 87
58245 0
58389 80
58905 0
58981 87
59024 87
59298 80
59511 0
59582 85
59813 0
59838 87
59859 0
59929 81
60061 0
60140 80
60348 0
60377 80
60388 0
60400 87
60540 0
60690 85
60854 0
61077 87
61161 0
61199 81
61227 80
61232 81
61264 0
61276 87
61435 0
61468 85
61474 0
61992 87
62155 0
62253 85
62339 80
62385 0
62409 85
62453 87
62579 0
62587 81
62838 0
62876 80
63015 0
63897 87
64405 0
64429 87
64577 87
64729 81
64842 87
64970 0
65054 85
65141 0
65186 80
65208 0
65443 85
65457 0
65501 87
65520 87
65548 0
65775 87
65824 0
65904 80
66055 0
66085 87
66094 0
66311 81
66412 87
66797 87
66824 80
66944 0
67417 87
67420 0
67595 87
67667 81
67769 0
67779 81
67834 80
67946 75
67978 87
68019 0
68055 80
68322 0
68355 80
69123 0
69196 87
69348 0
69608 85
69679 0
70410 75
71127 0
71334 81
71653 0
71875 75
72176 0
72507 80
72788 0
73066 80
73151 0
73188 80
73274 0
73338 87
73350 0
73721 81
73788 0
74198 80
74245 85
74313 0
74943 80
75211 0
75704 80
76099 0
76150 87
76273 80
76304 0
76325 80
76365 0
76388 75
77059 0
77090 80
77097 0
77569 81
77648 0
77743 85
77961 0
78032 87
78083 0
78103 80
78233 0
78412 75
78713 80
78732 0
78790 80
79027 0
79258 81
79526 0
79550 80
79552 0
79569 87
79837 0
79874 81
79879 0
80041 80
80236 0
80499 87
80533 0
80537 87
80761 87
80793 0
80862 80
80891 75
80939 0
81121 80
81223 87
81230 81
81241 0
81276 85
81375 81
81498 75
81563 0
81639 81
81715 0
81824 81
81985 87
82105 0
82139 80
82348 0
82530 80
82940 80
83093 85
83143 0
83215 75
83230 87
83401 80
83500 0
83583 75
83677 0
84125 80
84335 0
84377 80
84432 0
84581 80
84595 87
84719 0
84845 80
85011 87
85019 75
85027 80
85051 0
85147 87
85410 0
85883 75
85939 85
86028 0
86088 87
86106 0
86373 75
86690 80
86786 0
86942 75
87344 80
87346 81
87383 0
87416 80
87459 75
87558 0
87600 75
87678 0
87680 87
87898 0
88035 85
88124 0
88300 87
88458 0
88537 85
88550 0
88572 87
88679 0
88703 87
89254 0
89286 80
89483 0
90104 87
90342 0
90364 85
90764 87
91155 0
91278 87
91310 0
91319 80
91364 75
91717 0
91730 87
91790 81
91849 0
91920 85
91995 0
92103 87
92243 0
92245 80
92290 0
92316 80
92641 0
93816 87
93892 0
95507 87
95549 0
95661 85
96132 87
96183 0
96832 87
97277 0
97287 81
97405 0
97430 81
97443 75
97533 0
97711 75
97848 0
98057 80
98075 0
98138 75
98397 0
98841 87
98848 87
99029 0
99055 80
99062 0
99262 80
99291 0
99745 87
99828 0
99916 85
