8 buffers
281775 29509
198594 9495
176332 13143
472196 17637
256365 22719
291430 54551
121623 22868
253022 12955
40 downlinks
0 375 2500 427
1 2875 5000 439
2 5375 7500 323
3 7875 10000 321
4 10375 12500 432
5 12875 15000 382
6 15375 17500 376
7 17875 20000 438
8 20375 22500 411
9 22875 25000 321
10 25375 27500 348
11 27875 30000 365
12 30375 32500 441
13 32875 35000 318
14 35375 37500 316
15 37875 40000 431
16 40375 42500 316
17 42875 45000 387
18 45375 47500 438
19 47875 50000 306
20 50375 52500 376
21 52875 55000 305
22 55375 57500 305
23 57875 60000 328
24 60375 62500 424
25 62875 65000 322
26 65375 67500 328
27 67875 70000 297
28 70375 72500 375
29 72875 75000 347
30 75375 77500 359
31 77875 80000 437
32 80375 82500 392
33 82875 85000 434
34 85375 87500 368
35 87875 90000 365
36 90375 92500 364
37 92875 95000 415
38 95375 97500 345
39 97875 100000 343
187 events for 0
245 86
494 86
974 0
1864 86
2788 0
4303 86
4805 0
7614 86
8148 0
8196 86
8246 86
8730 86
9319 0
9490 86
10987 86
11773 0
11852 86
12150 0
12270 86
12551 0
12933 86
13171 86
14678 86
14944 0
15137 86
16829 86
17248 0
17432 86
18249 0
18453 86
18974 0
19062 86
19224 0
19534 86
20219 86
20583 0
20869 86
21032 86
21124 86
22332 0
22477 86
22732 0
23249 86
23387 0
23804 86
24074 0
24221 86
24508 86
25373 0
26131 86
26408 0
27362 86
28369 86
28504 86
29073 86
29681 86
30465 0
31167 86
32028 0
32102 86
32216 0
32330 86
32721 86
32863 0
33000 86
33280 0
33939 86
34292 86
34873 0
35337 86
36465 0
36678 86
37478 0
38029 86
39621 0
39758 86
40228 0
40641 86
41375 0
41879 86
43097 0
43263 86
43480 0
44126 86
44431 0
46148 86
46535 86
47516 0
48101 86
48535 0
50519 86
51296 0
52078 86
52141 86
52443 0
52767 86
53210 0
53338 86
54617 0
55719 86
56023 86
56058 0
56201 86
56470 0
56840 86
57251 86
57557 0
58751 86
58908 0
60659 86
61283 0
61846 86
61968 0
64177 86
64610 0
64643 86
64828 86
64973 0
64993 86
65249 0
65479 86
65668 0
65940 86
66823 0
67609 86
68002 86
68535 0
68928 86
69605 0
69653 86
69926 86
72258 0
72834 86
73037 86
73116 0
73199 86
74171 0
74435 86
74465 86
75340 0
75517 86
75978 0
77039 86
78029 0
78610 86
78803 0
79696 86
79875 0
80983 86
81077 0
81700 86
82452 0
82784 86
82793 0
82805 86
83901 0
84251 86
84958 86
85364 0
87578 86
88212 0
88320 86
89507 86
89921 0
90064 86
90196 0
90358 86
90557 86
91127 0
91230 86
91388 86
91592 86
92228 0
93375 86
96031 0
96844 86
96982 0
97207 86
97632 86
97763 0
98004 86
98137 86
98281 86
99003 86
99333 86
99385 0
99790 86
514 events for 1
146 49
223 40
286 0
544 49
1077 0
1509 40
1822 0
1963 40
2187 49
2234 49
2268 0
2303 40
2554 0
2721 49
2938 40
3051 40
3346 49
3539 0
3683 49
3691 0
3720 49
3912 49
4047 0
4257 40
4296 40
5314 0
5341 40
5393 49
5654 0
5701 49
6466 0
6802 49
7054 0
7319 49
7351 49
7397 49
7476 0
7525 49
7700 0
8260 40
8307 49
8391 0
8560 49
9044 0
9428 49
9640 0
9660 40
9664 49
9744 0
9985 49
9998 0
10010 40
10011 0
10200 40
10723 0
10961 49
11090 40
11192 40
11209 0
11287 40
11587 0
11644 40
12359 40
12412 0
12569 49
12620 0
12846 49
13184 0
13457 40
13584 40
13785 0
13838 49
13885 0
14019 49
14247 0
15122 49
15252 49
15258 40
15415 0
15592 40
15653 0
15661 49
15823 0
16374 40
16687 0
16879 40
17185 0
17507 40
17666 40
17871 0
17960 49
18100 40
18142 49
18353 0
18381 40
18386 0
18419 49
18754 0
19204 49
19233 0
19335 49
19399 40
19626 40
19632 0
19928 49
20098 0
20300 40
20401 0
20417 40
20490 0
20520 49
20562 0
20684 40
20860 0
21056 40
21085 0
21381 49
21388 0
21406 40
21510 0
21543 49
21739 0
21741 40
21750 0
21765 40
22044 0
22740 40
22805 0
22888 40
23008 0
23327 49
23712 0
23740 40
23815 0
23987 49
24459 49
24851 0
24854 40
25122 0
25125 49
25181 49
25376 0
25416 40
25574 49
25649 0
25811 40
26011 49
26351 49
26472 0
26619 40
26809 40
27050 0
27132 49
27350 0
27374 40
27457 40
27814 40
27935 0
27973 40
28197 0
28377 49
28448 0
28962 40
29028 0
29030 49
29422 49
29629 40
29683 0
29896 40
30351 40
30359 0
30420 49
30789 0
30905 49
31097 0
31281 49
31485 49
31652 0
31787 40
31792 49
31931 0
32239 40
32265 0
32333 40
32889 40
33129 0
33157 40
33292 40
33760 49
33989 0
34053 40
34099 0
34162 40
34474 0
34479 49
34491 0
34910 40
35133 0
35880 40
36486 0
36984 40
37030 0
37314 49
37334 49
37362 0
37765 49
38104 0
38586 49
38674 49
38823 0
38873 40
39186 0
39358 49
39374 0
39422 40
39546 0
39640 49
39676 0
39738 40
39749 0
40105 40
40244 49
40274 0
40377 49
40580 0
40781 40
41413 0
41590 40
41679 0
42049 40
42060 40
42232 0
42797 49
42823 0
43080 40
43136 49
43623 49
43731 49
44161 40
44387 40
44516 0
44636 40
44728 0
44813 40
45063 0
45064 49
45240 0
45495 49
45689 49
45873 0
46004 40
46186 0
46434 40
46648 0
47296 49
47325 0
47707 49
47723 0
47889 40
48492 49
48706 0
49264 49
50135 0
50502 49
50523 0
50767 49
50838 0
50850 40
50972 0
51311 40
51388 0
51389 49
51536 0
51987 49
52231 0
52306 40
53042 49
53106 49
53234 0
53549 40
53563 40
53644 0
53784 49
53877 0
53906 49
54015 0
54305 49
55543 49
55821 0
56223 40
56401 0
56404 49
56484 0
56573 49
56634 0
57209 40
57937 0
58040 40
58993 0
59696 49
59705 0
59714 49
59844 0
59893 40
60117 0
60346 49
60921 0
60984 49
61351 0
61434 40
61477 0
61511 40
61969 40
62165 40
62194 0
62272 40
62332 0
62439 40
62578 0
62801 49
62965 0
63345 49
63950 0
64123 49
64149 0
64351 49
64612 49
64955 0
64965 49
64983 0
65365 40
65433 0
65806 49
65905 0
65967 49
66034 0
66301 49
66361 0
66383 40
66455 49
66966 0
66988 40
67049 0
67096 40
67179 0
67297 49
67497 0
67498 40
67564 0
67565 40
67814 40
67999 0
68028 40
68248 0
68506 40
68688 0
68968 40
68979 49
69399 49
69495 49
69533 0
69713 40
69745 0
69769 40
69828 40
69964 0
70173 49
70738 40
71369 40
71582 0
71671 49
71745 49
71751 40
71927 0
72021 49
72269 49
72551 0
72555 40
72590 40
72907 0
73071 49
74202 49
74294 0
74318 49
74935 0
75508 49
75921 0
75946 40
76084 0
76138 40
76388 0
76514 40
76608 40
76898 0
77309 49
77310 0
77539 49
77793 0
77872 49
77890 40
77899 0
77946 40
78124 0
78627 40
78799 0
79241 40
79469 49
79508 0
79556 49
79660 0
80021 40
80413 40
80444 0
80460 40
80462 0
80523 49
80530 49
80568 40
80742 40
80896 49
81117 40
81162 0
81258 49
81294 0
81516 40
81896 0
81984 49
82306 0
82439 49
82510 49
82894 0
82937 49
83009 0
83624 40
84029 0
84144 49
84466 0
84820 40
85129 0
85384 49
85457 0
85589 40
85722 49
85816 49
85923 49
86163 49
86429 40
86533 0
87192 40
87402 0
87448 49
87719 0
88231 49
88508 40
88814 0
88943 49
89711 0
89811 49
90775 0
90858 49
90989 0
91034 40
91151 0
91483 40
91921 0
92202 40
92260 0
92332 49
92377 0
92909 40
93106 0
93135 40
93284 40
93497 0
93523 40
93650 0
93767 40
94382 0
94426 40
94475 0
94504 40
94569 0
94664 40
94862 49
95139 49
95248 40
95308 0
95324 40
95461 0
95888 40
96300 0
96315 49
96355 0
96363 49
96640 49
96728 49
96762 0
96943 40
97198 0
97250 40
97296 0
97372 40
97430 0
97499 40
97628 0
97845 49
98243 0
98579 40
98676 49
99012 40
99451 49
99522 49
99723 40
99768 0
707 events for 2
229 26
434 35
521 0
571 35
760 0
881 35
961 0
1139 52
1145 0
1166 35
1314 59
1439 0
1488 26
1503 0
1516 42
1559 0
1619 42
1912 0
1952 34
1991 34
2370 0
2396 52
2474 0
2630 34
2741 0
2833 42
2961 0
3044 35
3053 59
3070 0
3137 42
3144 51
3201 0
3308 35
3387 35
3438 26
3493 0
3498 26
3505 0
3696 52
3845 0
4212 51
4319 0
4663 34
4718 34
4752 42
4798 0
5166 34
5552 0
5666 51
6048 0
6134 34
6533 34
6607 0
6762 52
6841 26
6925 0
7147 34
7212 0
7252 59
7605 0
7740 34
7748 0
8231 26
8250 0
8379 52
8406 0
8416 26
8624 34
8630 26
8672 52
8713 26
8740 26
9027 59
9182 42
9190 0
9255 26
9364 0
9449 52
9512 0
9515 34
9697 0
9907 35
9927 51
10019 0
10043 34
10547 0
10556 26
10616 26
10625 0
10642 52
10726 0
10806 34
10879 0
11026 59
11027 0
11195 52
11408 0
11456 35
11475 0
12030 34
12123 0
12169 52
12218 0
12274 59
12492 0
12571 34
13111 52
13185 0
13221 34
13449 52
13912 0
13950 35
14140 26
14155 0
14401 59
14464 0
14467 34
14561 0
14670 42
14694 0
14957 35
15046 0
15087 26
15473 51
15688 0
15785 34
16027 0
16398 51
16421 0
16558 42
16614 0
16683 52
16798 0
16831 52
16891 0
17050 26
17281 59
17370 0
17527 59
17703 26
18114 0
18149 52
18235 0
18418 26
18722 0
18773 42
18879 0
19177 34
19325 0
19346 52
19420 0
19500 59
19981 0
20416 35
20503 0
20930 42
21095 0
21232 26
21698 42
21912 34
22021 0
22084 52
22229 0
22271 26
22280 0
22304 52
22324 42
22372 0
22383 34
22587 0
22618 34
22793 0
22823 34
23009 0
23095 59
23407 0
23577 34
23703 0
23845 34
23894 0
24069 35
24074 0
24231 52
24292 34
24645 0
24740 52
24775 0
24883 26
24978 0
25031 59
25085 59
25128 0
25234 42
25261 35
25328 0
25458 51
25658 59
26086 0
26466 51
26476 0
26570 34
26597 0
26829 42
26956 0
27266 51
27359 0
27591 42
27723 0
27778 59
27926 0
28020 26
28235 51
28305 0
28640 51
28797 0
28924 59
29128 0
29141 42
29161 59
29301 0
29405 26
29528 0
29552 26
29630 0
29715 52
29749 0
29901 26
30035 0
30237 34
30887 0
30944 42
30997 0
31099 59
31137 0
31186 34
31206 0
31230 26
31343 35
31346 0
31544 42
31704 0
32210 42
32400 0
32516 42
32567 0
32598 42
32661 34
32834 0
32877 26
32918 0
32928 26
33109 0
33328 52
33336 0
33402 35
33510 0
33532 51
33774 0
33852 51
34654 0
34885 26
34915 0
35118 34
35124 52
35315 0
35428 34
35527 35
35825 0
36389 34
36626 26
36642 0
36736 59
36826 34
36924 0
37210 34
37414 51
37428 0
37481 52
37499 0
37865 34
37943 0
37959 42
38300 0
38341 26
38802 35
38852 34
38935 0
38997 52
39072 34
39073 59
39244 42
39329 52
39455 0
39512 34
39588 0
39648 59
39973 52
40014 0
40029 26
40265 0
40524 59
40559 34
40654 0
41039 52
41123 26
41412 0
41473 52
42252 0
42371 34
42947 0
43210 59
43372 0
43452 34
43527 0
43672 34
43763 52
43804 0
43869 42
43957 35
44161 34
44238 0
44249 26
44349 34
44382 34
44463 34
44465 0
44496 35
44525 34
44887 59
45169 0
45715 51
45797 35
45886 0
45932 51
45957 42
46561 0
46688 59
47086 0
47239 34
47414 26
47659 0
47954 26
48119 0
48181 42
48210 0
48469 59
48508 26
48638 0
48694 52
48730 0
48818 52
48965 0
49080 42
49102 34
49378 0
49406 34
49766 42
49952 0
49959 35
50104 0
50215 59
50357 0
50882 59
50901 51
50947 0
51403 59
51673 51
51899 0
51953 42
51965 0
52144 59
52380 0
52501 26
52531 0
52706 34
52927 0
53250 42
53532 26
53907 0
54062 42
54197 34
54271 35
54585 34
54896 26
55044 0
55132 42
55220 0
55232 26
55244 0
55436 35
55549 0
55570 59
55673 0
55686 51
55892 42
55977 0
56117 59
56233 0
56296 35
56303 0
56368 52
56716 0
56726 52
56735 52
56744 0
56769 59
56924 0
57067 34
57078 0
57236 34
57458 0
57780 51
57916 0
58296 35
58514 0
58522 26
58624 0
59063 26
59126 0
59478 42
59647 0
59844 52
60340 0
60678 35
60686 0
61070 35
61200 0
61223 59
61387 0
61400 52
61440 52
61457 0
61498 52
61644 0
61821 52
62280 34
62309 59
62441 35
62454 35
62524 0
62595 34
62760 42
62787 34
62909 0
63032 35
63148 0
63227 51
63240 42
63428 42
63432 0
63847 51
63923 0
64347 34
64430 0
64475 42
64651 52
64738 0
64761 34
65286 0
65314 26
65552 0
65657 34
65974 0
66035 51
66041 0
66112 34
66175 0
66294 42
66334 52
66433 35
66516 26
66640 0
66733 26
66810 35
66882 0
67004 52
67078 0
67182 52
67281 34
67299 26
67302 0
67848 59
68071 0
68118 26
68278 0
68933 35
69177 59
69233 0
69247 59
69325 0
69330 42
69384 0
69404 51
69460 0
69516 52
69702 51
69839 0
70330 52
70423 0
70619 35
70726 0
70775 52
70859 0
71021 42
71323 0
71380 34
71412 42
71429 42
71495 0
71709 35
71747 0
71748 34
71759 35
71833 0
71844 35
71908 34
71961 0
72000 26
72008 0
72470 42
72495 0
72579 59
72618 42
72730 0
72795 42
72820 0
72850 42
72927 0
73413 26
73651 0
73723 34
73870 0
74013 52
74140 0
74185 35
74613 0
74688 34
74692 35
74851 0
75034 42
75129 0
75229 52
75234 26
75420 0
75573 26
75711 42
75899 0
76013 52
76111 34
76361 0
76448 51
76577 0
76668 35
76731 52
76777 51
76999 0
77047 42
77096 0
77118 59
77175 42
77234 0
77274 52
77316 0
77450 42
77771 0
78263 42
78449 0
78696 34
78871 34
79091 0
79165 42
79457 26
79477 0
79481 34
79741 0
79895 35
79982 51
80043 0
80156 35
80966 0
81183 26
81345 0
81500 34
81505 0
81561 59
82159 0
82217 59
82323 0
82359 42
82372 0
82417 35
82432 0
82471 59
82773 59
83099 0
83408 59
83431 0
83471 35
83477 0
83508 35
83808 0
83869 59
84025 0
84406 52
84475 0
84548 34
84719 0
84993 34
85061 0
85065 59
85209 0
85456 51
85601 0
85672 26
85790 52
86267 59
86397 0
86450 34
86675 51
86823 0
86855 34
86874 34
86988 0
87065 59
87298 0
87458 35
87473 0
87641 34
87970 0
88002 52
88013 0
88333 26
88443 0
88552 52
88723 0
88725 52
88741 0
88756 52
89011 0
89067 34
89258 0
89999 51
90069 0
90164 34
90297 34
90318 0
90775 52
90838 0
90853 26
91082 0
91310 34
91354 0
91419 34
91562 0
91632 35
91742 59
91993 0
92222 26
92392 51
92528 52
92727 34
92909 0
93204 52
93358 34
93403 35
93496 34
93574 0
93577 35
93772 0
93890 34
93892 52
93968 34
94622 0
94795 35
94828 0
94909 52
95021 0
95059 59
95144 0
95385 52
95519 0
95837 35
95972 0
96195 35
96306 0
96818 26
97138 51
97341 35
97510 52
97644 0
97753 52
97903 0
98078 59
98231 0
98264 59
98416 0
98756 26
98778 0
98926 34
98953 0
99061 34
99063 0
99347 35
99391 59
99793 35
99803 0
568 events for 3
735 93
862 96
916 0
939 88
1276 93
1286 0
1638 96
1952 0
2099 93
2114 0
2116 94
2184 94
2201 94
2665 0
2774 94
2833 0
3140 95
3265 0
3401 94
3500 0
3819 92
3854 0
3928 92
3952 93
3953 95
3980 0
3998 93
4045 0
4822 96
4984 94
5012 0
5069 88
5382 94
5436 0
5843 93
6202 0
6371 93
6782 94
6990 95
7555 94
7593 0
7613 93
7655 88
7734 0
7912 93
8269 0
8567 96
8681 88
9179 94
9415 0
9469 88
9628 0
9768 93
9788 0
9972 94
10013 93
10040 0
10064 88
10175 0
10325 93
10774 93
11083 93
11702 93
11836 96
12010 0
12169 88
12659 0
12705 94
12723 93
12834 0
13209 93
13262 0
13276 95
13351 88
13374 0
13448 96
13559 94
13597 94
13841 0
13990 93
14004 95
14281 0
14332 93
14355 0
14360 96
14443 0
14579 96
14647 0
14653 93
14854 0
14960 94
15041 0
15070 95
15459 0
15500 94
15990 0
16109 96
16343 0
16383 93
16509 0
16534 94
16813 96
16906 0
17050 93
17286 0
17550 93
18065 0
18092 94
18161 0
18335 93
18403 0
18603 94
18644 0
19274 93
19351 93
19379 0
19670 93
19929 93
20250 0
20325 96
20438 0
20468 94
20698 94
20717 95
20914 0
21214 95
21221 0
21703 94
22124 0
22207 93
22325 94
22390 0
22448 95
22498 92
22616 93
22695 88
22778 0
23011 88
23248 0
24017 96
24173 0
24540 88
24825 94
24914 0
25102 93
25123 93
25226 0
25310 93
25438 0
25550 95
25690 93
26009 0
26536 96
26718 0
26772 92
26807 0
27003 93
27085 0
27183 93
27236 0
27285 88
27337 0
27689 95
27719 0
27813 95
28110 93
28175 95
28326 0
28700 94
29089 94
29108 0
29375 88
29422 93
29573 0
29725 92
29885 0
30404 93
30417 0
30489 93
30574 0
30886 88
30891 0
30947 93
30986 0
31321 95
31425 0
31439 93
31469 0
31546 94
31728 0
31929 96
31982 0
31990 96
32067 0
32368 92
33641 92
33813 94
34116 93
34429 0
34483 96
34556 0
34676 93
34878 0
35067 96
35271 0
35423 92
35585 0
36092 93
36233 93
36250 0
36450 95
36524 93
36576 92
36592 0
36657 92
36730 0
36736 94
36787 0
37011 94
37036 88
37040 0
37069 93
37115 94
37133 0
37923 92
38113 0
38597 88
38717 0
38787 93
38937 0
39129 94
39274 93
39550 0
39571 94
39679 94
39981 93
40375 0
40476 92
40604 95
40730 0
40754 93
40800 0
41159 93
41250 93
41863 0
41887 94
41972 0
42258 93
42389 94
42394 0
42664 93
43046 0
43128 88
43131 0
43834 88
44256 92
44431 94
44476 94
44482 96
44996 0
45136 95
45291 0
45492 95
45519 95
45693 0
45952 96
45992 88
46097 94
46335 0
46609 93
46648 0
46750 93
46767 0
47388 93
47559 0
47564 94
47820 0
48102 96
48113 0
48119 95
48222 0
48492 96
48507 95
48894 0
48982 88
49019 0
49214 93
49797 0
49925 93
49996 0
50327 93
50527 93
51497 0
51815 95
51840 0
51935 96
52133 0
52441 95
52574 94
52673 88
52711 93
52814 0
52817 92
52973 88
53152 0
53387 95
53433 0
53687 95
53784 93
54206 95
54330 93
54449 0
54633 96
55322 0
55386 92
55499 92
55750 0
56469 93
57043 0
57139 93
57235 0
57383 95
57395 0
57697 92
57717 88
58481 0
58513 93
58932 95
58945 94
59346 0
59590 88
60027 0
60079 96
60211 0
60403 94
60527 0
60541 93
60655 92
60752 0
60761 94
61638 0
61689 92
61813 0
62065 94
62066 0
62149 95
62288 0
62377 93
62443 0
62486 92
62663 0
62724 88
62740 0
62803 92
62807 0
62997 93
63158 0
63200 92
63849 94
64053 93
64560 93
64991 0
65563 88
65734 93
65785 94
66036 0
66198 92
66226 88
66673 93
66713 0
67038 92
67205 0
67267 88
67380 93
67594 0
67606 95
67953 0
68032 88
68179 0
68287 88
68608 96
68872 0
69517 93
69741 0
69911 95
70009 0
70079 94
70159 0
70161 96
70318 0
70614 96
70706 0
70778 96
70870 0
71030 88
71161 93
71242 0
71444 92
71614 0
71660 94
72501 0
72778 93
72903 0
73368 93
73436 93
73619 92
73698 0
74330 92
74333 0
74448 93
74529 0
74600 93
74967 0
75019 93
75086 93
75517 0
75567 94
75595 93
75766 92
75918 0
76251 94
76274 93
76288 0
76480 93
76766 96
76930 0
76931 93
76937 0
77010 94
77073 92
77259 0
77446 94
77650 94
78450 0
78748 95
78905 0
79085 93
79328 0
79401 95
79532 0
79819 94
80219 0
80616 93
80684 93
80738 0
81140 92
81193 0
81195 94
81235 88
81508 0
81607 93
81737 93
81966 88
81972 0
81978 95
81995 0
82045 95
82347 94
82460 92
82520 0
83081 92
83095 94
83201 0
83441 93
83527 94
83657 0
83662 93
83707 94
83895 0
84097 93
84194 0
84391 93
84553 0
84869 88
85058 0
85208 93
85230 0
85408 96
85691 88
85770 0
85958 92
86428 0
86476 94
86662 0
86809 88
86955 96
87130 0
87163 96
88331 0
89198 95
89220 0
89342 93
89507 95
89790 93
89830 0
89924 93
89964 93
90201 0
90380 92
90484 0
90549 94
90558 94
90603 92
90734 93
90758 0
90760 93
90806 0
90899 96
91051 0
91099 93
91169 0
91780 93
91948 0
92007 94
92061 95
92066 0
92139 93
92281 0
92388 96
92397 94
92473 0
92579 94
92638 0
92700 95
92769 0
92788 94
93145 0
93194 93
93435 0
93519 95
93569 0
93606 88
93679 93
94016 0
94303 93
94564 95
94919 0
95076 96
95240 0
95259 93
95403 88
95655 0
95885 93
96086 0
96137 92
96194 93
96303 0
96467 93
96601 0
96617 93
96684 93
96992 0
97167 88
97173 0
97454 93
97481 0
97487 94
97872 0
97964 93
98423 0
98556 88
98626 0
98662 94
99022 93
99135 88
99163 0
99315 93
99614 92
928 events for 4
120 76
225 0
412 76
598 0
687 76
1003 0
1116 76
1181 76
1312 0
1362 75
1366 0
1470 75
1497 75
1508 76
1688 0
1761 76
1778 76
1873 0
2318 76
2346 0
2348 76
2635 0
2695 76
2735 0
2777 76
2789 76
3295 0
3438 75
3733 0
3754 76
3766 75
3992 0
4152 75
4260 75
4331 0
4529 75
4563 0
4574 76
4588 0
4597 76
4634 0
4705 76
4867 75
4875 0
4950 75
5034 75
5279 75
5395 0
5483 75
5595 0
5714 76
5743 0
6033 76
6052 75
6176 0
6266 76
6432 0
6533 76
6547 76
6625 0
6684 75
6976 76
7011 75
7059 75
7169 0
7324 76
7354 0
7457 75
7783 0
7857 75
7870 75
8026 0
8090 75
8348 0
8641 76
8690 0
8703 75
8755 0
9004 76
9078 0
9129 76
9224 0
9354 75
9418 75
9429 0
9513 75
9872 0
9894 75
9991 0
10250 76
10308 0
10654 76
10924 0
10998 76
11302 0
11365 76
11462 76
11683 0
11812 75
11912 76
11954 75
12204 0
12416 75
12472 0
12512 76
12606 75
12620 0
12916 76
12924 0
13033 75
13040 0
13108 76
13422 0
13449 76
13547 0
13587 76
13845 0
13891 76
13896 0
14075 75
14138 76
14320 0
14383 76
14528 0
14640 76
14818 76
14838 75
14936 76
14952 76
14967 0
14983 75
15057 0
15090 76
15223 75
15305 0
15453 75
15711 0
15783 75
15994 0
16092 76
16193 0
16350 75
16418 0
16431 76
16824 0
16915 76
17067 75
17073 0
17244 75
17399 0
17427 75
17547 0
17781 76
17814 0
17859 76
18027 0
18044 76
18124 76
18426 75
18704 0
18707 76
18907 76
18923 0
18962 75
19378 0
19397 75
19603 75
19851 0
20232 76
20241 75
20427 0
20505 75
20563 0
20655 75
20659 76
20699 0
20751 76
20957 0
20975 76
21048 0
21208 75
21245 76
21346 0
21423 75
21986 0
22368 76
22492 0
22967 76
23102 0
23174 75
23188 75
23343 76
23356 0
23562 76
23581 76
23583 75
23724 0
23777 75
23890 76
23930 76
24407 0
24418 75
24425 0
24575 76
24641 0
24795 75
25140 0
25303 76
25312 76
25319 0
25381 76
25443 0
25460 76
25638 0
25692 76
25749 76
25920 0
26146 75
26278 76
26281 0
26319 76
26341 0
26388 76
26469 0
26520 75
26538 0
26575 75
26700 76
26809 0
26833 75
26917 0
27043 76
27150 0
27218 75
27220 0
27443 75
27534 0
27564 76
27618 76
27745 76
27827 75
28006 75
28044 0
28126 75
28142 0
28181 76
28469 0
28510 76
28687 0
28773 75
28789 0
28979 75
29054 0
29142 75
29179 76
29203 0
29258 75
29406 0
29579 76
29602 0
29676 75
29994 75
30063 0
30122 76
30171 0
30191 75
30292 0
30437 76
30476 0
30493 75
30566 0
30744 75
30841 0
30917 76
30923 76
31254 0
31294 75
31419 0
31475 75
31489 0
31615 75
31626 0
31713 76
32220 75
32263 0
32376 76
32437 76
32476 0
32505 75
32542 0
32588 75
32794 0
32851 75
32862 75
33098 0
33169 76
33365 0
33481 76
33568 75
33611 0
33730 75
33790 0
33942 76
33953 0
34139 75
34290 76
34444 0
34540 75
34685 0
34778 76
35065 0
35072 75
35082 76
35170 0
35281 76
35331 76
35342 0
35484 75
35577 0
35624 76
35802 76
35879 0
35887 75
35958 0
36025 75
36065 75
36203 0
36825 76
37105 0
37334 76
37391 0
37671 75
37860 75
38049 0
38067 76
38332 0
38459 76
38633 75
38659 0
38785 75
38807 0
38845 75
38946 75
39304 75
39314 0
39415 76
39682 76
39971 0
39995 75
40077 0
40324 76
40349 0
40560 76
40693 75
40769 0
40968 75
41077 76
41270 0
41297 76
41464 0
41482 75
41551 76
41608 0
41823 75
42011 0
42017 75
42075 0
42317 76
42353 0
42377 75
42425 0
42462 76
42513 0
42648 75
42662 0
42777 76
42858 0
42916 76
43002 0
43039 76
43081 0
43087 76
43109 0
43112 76
43292 0
43301 76
43415 0
43462 76
43651 0
44101 75
44435 76
44603 0
44684 76
44734 0
44839 76
45067 75
45211 76
45462 0
45504 76
45557 0
45752 76
45786 0
45894 75
46000 76
46102 0
46189 76
46237 76
46364 76
46400 75
46404 0
46429 76
46533 0
46584 76
46631 0
46746 76
46796 0
46886 75
46977 76
47518 75
47696 0
47763 76
47828 76
47872 76
47912 0
47939 75
48055 0
48172 75
48182 76
48316 0
48358 76
48368 0
48394 75
48488 0
48749 76
48752 0
49052 75
49091 75
49329 75
49404 0
49568 75
49613 0
49631 76
49637 76
49757 0
49764 75
49787 75
49792 0
49853 75
49883 0
49912 75
49991 0
50199 76
50236 75
50319 76
50367 0
50462 75
50508 76
50527 76
50897 76
51079 0
51417 76
51488 0
51610 75
51706 0
51912 75
52039 0
52117 75
52245 0
52310 76
52748 0
52798 75
53117 76
53359 75
53371 75
53411 76
53530 0
53637 75
53678 0
53887 75
53939 0
53978 76
54154 76
54225 75
54291 75
54740 0
54847 76
54910 0
54976 75
55045 0
55200 75
55247 0
55350 75
55430 0
55603 75
55615 0
55650 75
55706 76
55778 75
56141 0
56147 75
56183 0
56233 76
56404 0
56479 76
56661 0
56663 76
57101 0
57222 76
57375 76
57687 0
57830 75
57849 0
57865 75
57986 76
58059 0
58166 75
58187 75
58193 0
58576 75
58583 0
58712 76
59269 0
59301 75
59341 0
59474 76
59580 75
59752 0
60009 76
60081 0
60450 75
60463 75
60481 0
60502 76
60509 0
60524 75
60591 0
60598 75
60709 0
60833 76
60844 0
61037 76
61056 0
61281 76
61358 75
61475 0
61521 75
61604 75
61634 75
61834 0
61837 75
61981 75
62103 76
62183 0
62210 76
62279 0
62343 75
62366 0
62495 75
62550 0
62573 75
62593 0
62631 75
62904 0
62945 75
62991 0
63179 75
63387 75
63397 75
63566 75
63725 75
63906 0
63916 76
63950 0
63980 76
64093 0
64102 76
64551 0
64573 75
64631 0
64837 76
65163 0
65265 76
65644 0
65673 76
65756 0
65848 76
65881 76
66062 0
66347 75
66432 0
66475 75
66584 0
66614 75
66708 75
66843 0
66992 76
67109 0
67120 75
67138 0
67252 75
67303 76
67351 76
67425 75
67537 0
67652 75
67668 75
67895 0
68192 75
68317 0
68320 75
68359 0
68482 75
68517 76
68553 0
68587 75
68843 0
69048 76
69058 0
69073 75
69089 0
69288 76
69302 0
69312 75
69327 0
69546 76
69618 0
69762 76
69790 0
69864 76
69913 76
69996 0
70072 75
70180 0
70750 75
70902 76
70932 75
71091 0
71305 76
71330 0
71445 76
71498 0
71510 75
71709 0
71897 76
71937 0
72100 75
72177 0
72225 75
72448 75
72552 0
72709 76
72733 75
72755 0
72888 76
73061 0
73091 75
73129 75
73351 76
73466 75
73656 0
73744 76
73799 0
73831 76
74054 0
74175 76
74425 0
74501 76
74516 0
74583 76
74661 76
74676 0
74697 76
74921 75
75034 76
75375 0
75479 75
75521 0
75574 75
75580 0
75669 76
75850 0
75871 75
75882 0
75888 76
75967 75
75989 0
76007 75
76134 0
76301 76
76310 0
76364 76
76379 0
76758 75
76901 0
76924 76
77004 0
77036 75
77044 0
77105 76
77199 0
77457 75
77502 75
77538 0
77570 75
77626 0
77631 76
77673 76
77727 0
77753 76
77891 75
78037 75
78147 0
78278 75
78368 0
78466 76
78533 0
78536 75
78564 0
78697 76
78865 76
78979 0
78995 76
79019 75
79031 0
79076 76
79142 0
79147 75
79221 76
79283 75
79645 76
79834 0
80222 76
80241 0
80305 76
80589 0
80940 76
80972 0
81111 76
81241 0
81434 75
81444 0
81518 75
81581 0
81803 75
81828 0
81832 75
81865 0
81884 75
81998 0
82024 75
82459 0
82544 76
82650 0
82691 76
82721 76
82962 0
83157 75
83265 0
83342 76
83386 0
83434 76
83671 0
83831 76
84047 0
84144 75
84157 75
84205 0
84282 75
84309 0
84349 76
84468 75
84480 0
84933 75
84939 76
84999 75
85213 0
85247 75
85264 0
85311 75
85380 76
85457 0
85633 76
85762 0
85873 75
85950 0
86210 76
86271 76
86310 0
86427 76
86437 75
86448 0
86540 76
86577 75
86806 76
86889 0
86900 76
87005 0
87368 75
87718 75
87774 75
87901 0
88163 76
88348 0
88816 75
88858 0
88867 76
88891 76
88967 0
89125 75
89198 0
89199 75
89495 0
89516 75
89888 0
90177 75
90493 75
90539 0
90578 76
90648 0
90695 76
90950 0
90951 75
91219 0
91422 75
91511 76
91602 0
91681 75
91749 0
91830 76
91835 75
91916 75
92004 0
92109 76
92208 0
92223 76
92237 76
92250 0
92279 76
92431 0
92554 75
92709 0
92741 75
92774 0
92828 76
92891 0
93188 75
93364 0
93381 76
93496 0
93513 75
93523 75
93762 75
93816 76
93824 0
94284 75
94320 0
94374 76
94489 75
94603 0
94621 76
94707 0
94741 76
94911 0
94994 76
94998 0
95056 76
95142 76
95225 76
95362 75
95398 0
95640 76
95750 0
95858 76
95870 0
95993 75
96090 76
96288 75
96363 0
96367 76
96373 75
96466 75
96469 0
96522 75
96528 75
96536 0
96606 75
96616 0
96671 75
96705 0
96981 76
97002 0
97201 75
97241 75
97246 0
97296 76
97344 0
97421 75
97582 76
97664 0
97696 75
97746 0
97905 75
97923 76
97992 76
98032 0
98033 76
98076 0
98171 76
98187 0
98259 75
98431 75
98523 0
98570 76
98647 0
98710 76
98772 76
98849 0
98877 76
98969 76
99050 0
99060 75
99071 0
99106 75
99357 75
99426 0
99485 76
99491 0
99674 76
422 events for 5
166 67
287 0
702 67
830 77
1433 0
1892 77
2190 0
2620 74
2884 0
3257 77
3420 0
3634 74
3654 0
4166 74
4176 0
4241 74
4473 67
4620 0
5186 74
5195 0
5941 74
6248 0
6368 77
6843 0
6903 74
7010 0
7206 67
7343 0
7478 67
7640 74
8160 77
8402 0
8477 77
10152 0
10337 74
10774 77
11087 0
11215 67
11364 0
11544 74
11574 0
11791 77
11923 0
12142 74
12538 0
12657 77
12673 74
12958 0
13683 74
14112 0
14396 74
15112 74
15678 0
15868 67
16095 0
16933 74
17190 0
17633 74
18040 0
18113 67
18178 74
18321 0
18641 67
18695 0
19248 77
19344 0
19466 74
19543 0
19563 67
20115 0
20188 67
20231 67
20545 0
21019 77
21062 0
21098 77
21169 0
21239 74
21455 0
21652 74
22168 0
23102 67
23218 77
23399 74
23576 0
23984 74
24060 0
24103 67
24700 0
24889 74
24906 77
25004 0
25098 77
25522 0
25752 77
25891 77
26033 67
26148 0
26278 67
26640 0
26958 77
27291 0
27586 77
27738 77
27785 0
28562 67
29086 0
29270 77
29716 0
30008 67
30112 67
30585 0
30903 74
31431 0
31545 77
31678 74
31971 67
31987 0
32378 77
32539 0
32568 74
33275 67
33540 0
33624 67
34231 0
34249 77
34270 77
34380 67
34478 0
35601 67
35721 77
36415 0
36416 74
36430 0
36798 67
36978 0
37133 67
37254 77
37341 0
37461 77
37831 67
38135 0
38245 77
38395 0
38590 67
38627 67
39196 0
39388 74
39576 77
39932 0
39955 77
40020 0
40127 74
40197 0
40324 77
40360 67
40557 77
40913 67
41167 0
41385 74
41667 67
41929 0
42510 67
42815 67
42956 77
43014 0
43275 67
43353 0
43647 77
44347 0
44771 67
44932 0
45496 74
45502 0
45663 77
46229 77
46535 0
46602 77
46632 0
46747 77
46860 74
47168 67
47241 0
47453 77
47579 0
47813 77
47925 0
47989 77
48045 0
48066 67
48095 0
48160 74
48970 67
49303 0
49318 77
49593 0
49954 74
50837 0
51363 67
51824 77
51872 67
51896 0
51925 74
52186 0
52848 74
52925 0
53326 74
53553 0
53897 67
53963 77
53980 0
54103 77
54663 74
54702 0
54742 67
54833 77
55624 0
55793 77
55900 0
56368 74
56951 0
56959 67
57228 67
57258 0
57348 77
57722 0
57810 67
57917 74
57959 0
58384 74
59007 0
59271 74
59412 0
59763 77
60012 77
60028 0
60100 67
60306 0
60347 67
60397 74
60403 0
60689 77
60839 0
60940 67
61175 0
61836 77
61852 0
61995 67
62162 0
62305 74
62344 0
62667 74
62684 0
62752 74
62754 0
62964 74
63332 0
63371 77
63468 77
63609 0
63749 77
63780 77
63857 77
63865 0
63928 67
64265 0
64658 67
64950 67
65062 77
65666 0
66081 67
66200 0
66266 67
67631 77
67664 0
67687 74
67953 0
68048 77
68283 74
68396 0
68998 67
69129 0
69202 77
69320 67
69384 74
69497 74
69500 77
69638 0
69725 77
70406 77
70644 67
70724 74
70817 0
71915 67
71955 0
72297 67
72305 67
72350 0
72694 67
72913 0
72925 67
73254 67
73296 67
73613 0
74260 74
74970 0
74995 74
75003 74
75189 0
75410 77
75474 67
75482 0
75559 74
76117 0
76807 67
77497 77
77685 0
77710 67
77767 0
77862 77
78204 74
78698 0
78786 74
78892 0
79405 77
79745 0
79894 67
79973 0
80057 67
80098 0
80203 77
80374 0
80434 67
80518 0
80660 67
81020 0
81595 67
81681 0
82829 67
82876 0
82956 74
83184 0
83343 67
83540 0
83580 77
83617 67
83723 0
84073 67
84301 0
84421 77
85007 0
85052 67
85266 74
85351 67
85762 74
85975 0
86332 77
86649 74
86654 77
86699 0
86964 77
86999 0
87079 74
87234 0
87930 67
87994 0
88066 67
88373 0
88379 74
89329 0
89412 67
89472 0
89503 67
89924 74
89999 0
90195 77
90198 0
90295 77
90755 77
90925 0
91072 74
91410 0
91585 77
91788 0
92109 77
92221 0
92462 77
92473 0
92667 77
92940 0
93247 67
93289 77
93433 0
93663 77
93816 74
94026 0
94174 74
94223 0
94293 74
94346 0
94387 74
94905 0
94933 77
95075 0
95444 74
95697 67
96060 0
96070 67
96509 0
96742 74
97170 0
97341 77
97581 0
97671 67
98178 74
98708 74
99054 77
99372 0
99519 67
99917 67
99920 0
99924 74
265 events for 6
1285 46
1871 0
1915 33
1931 0
3210 40
3258 0
3444 40
4588 40
4655 0
4724 33
4874 36
5170 0
5700 36
5853 0
6054 36
6109 36
6160 0
6230 36
7182 0
7335 46
7808 36
7862 0
8081 40
8598 36
8995 0
9203 36
9534 0
9742 46
10130 36
10336 0
11788 46
11940 40
12488 0
12525 33
12654 0
14375 33
15068 0
15340 33
16138 0
16166 40
16662 46
17305 0
17621 40
17938 0
18273 46
18321 36
18331 33
18986 0
19277 33
19280 0
19567 40
19735 36
20236 0
20295 33
20316 0
20362 36
20450 0
20466 46
21253 0
21545 33
22162 36
22828 40
23376 33
23469 46
24107 0
24457 40
24596 40
26182 36
27262 0
28658 36
29198 0
29307 36
29902 46
30280 46
31177 0
31921 40
32062 0
32400 33
32697 0
34000 33
34800 33
35086 40
35678 0
35907 40
35936 0
37421 40
37587 0
37809 36
37864 33
37871 0
37903 36
38414 0
38691 40
38715 0
38771 40
39211 0
39342 46
39450 40
40601 0
40789 33
41050 36
41676 0
41686 40
41829 0
42074 33
42290 0
42835 40
43393 0
43666 40
44332 46
44431 0
44510 46
44668 33
44900 0
45069 33
45448 0
45689 46
45834 0
46219 40
46491 0
47370 40
47502 0
48091 40
48609 0
49154 33
49254 0
50181 33
50293 0
50332 40
50992 0
51647 46
51690 0
51832 40
52512 0
52547 40
53351 40
53592 0
54009 36
54061 36
54291 33
54369 40
55105 40
55311 0
55580 33
56149 0
56782 46
56898 0
56922 36
57008 0
57758 46
57958 36
58100 0
58459 36
58503 0
58574 46
58650 33
59568 33
59589 0
60047 33
60340 0
60728 46
61522 40
61716 36
61728 40
62269 0
62650 40
62707 0
62981 46
63068 0
63075 36
63788 0
64239 46
64264 36
64496 40
64830 0
64847 40
65083 33
65361 0
65419 40
66412 0
66621 33
67029 40
67084 0
67236 33
67799 0
68226 46
68329 0
69102 33
69426 0
69551 46
69770 0
69940 33
70562 33
71018 0
71484 36
72729 0
74093 33
74798 0
75038 33
75045 40
75052 33
75139 0
75398 40
76033 0
78155 40
78163 0
78331 40
78504 40
78946 0
78993 33
79073 33
80480 0
81035 46
81175 0
81315 36
82270 40
83092 0
83102 46
83800 0
83802 36
83877 36
84032 0
84600 33
85384 33
85793 0
86674 46
87096 0
87124 40
87501 36
87624 0
87684 36
87933 0
88583 46
88764 0
88851 33
88904 0
89979 36
90130 33
90341 33
90371 0
91287 46
91426 0
91578 33
91742 0
92119 36
92139 0
92164 40
93046 0
93215 40
93452 0
93923 40
95011 36
95376 0
95411 46
96526 40
96997 0
97145 46
97245 0
97522 33
97945 0
98028 36
98603 36
98922 0
99061 33
99269 0
899 events for 7
47 85
70 86
308 0
322 86
332 0
616 85
710 85
774 0
859 86
1091 0
1296 86
1324 0
1351 85
1389 0
1399 84
1478 0
1772 84
1824 0
1848 86
1865 0
1916 85
2107 0
2251 84
2551 0
2706 86
2779 0
2908 84
3020 0
3107 86
3156 0
3157 85
3271 0
3343 86
3402 0
3420 85
3462 0
3566 85
3592 0
3662 86
3871 85
3878 0
3911 84
4008 0
4177 85
4311 0
4384 84
4539 0
4728 85
4748 85
4759 0
4920 85
4947 86
5257 0
5309 85
5501 0
5581 84
5782 85
5787 85
5816 86
5827 85
5966 0
6007 85
6266 85
6602 0
6948 86
6964 0
7012 85
7033 0
7065 85
7190 0
7247 85
7393 85
7497 86
7520 84
7631 0
7903 86
7920 0
8074 86
8140 0
8376 85
8859 0
8961 85
9477 0
9592 86
9620 0
9657 86
10013 0
10080 85
10385 0
10765 84
10780 0
10807 85
10835 0
10915 86
10918 86
10951 85
11028 85
11076 0
11560 85
11561 85
11778 0
11975 86
12094 0
12167 84
12171 0
12367 86
12369 0
12483 85
12529 0
12544 85
12742 0
12768 85
12954 0
13050 84
13096 86
13142 86
13198 84
13268 86
13460 0
13461 86
13476 0
13487 85
13577 0
13805 86
13860 0
13882 85
13927 0
13985 84
14066 0
14082 84
14092 0
14202 86
14243 0
14286 84
14555 0
14556 85
14594 0
14736 86
14764 0
14860 86
14906 0
14915 84
14925 86
15016 0
15028 84
15511 0
15577 84
15595 0
15699 84
15714 0
15741 85
15947 0
16053 85
16103 0
16422 86
16742 0
16890 86
16968 0
17028 84
17037 0
17282 84
17416 85
17499 0
17557 86
17708 0
17787 85
17802 0
17876 85
18401 0
18748 86
18778 86
18843 0
18844 86
18967 0
19042 86
19143 0
19560 86
20010 0
20122 84
20152 0
20163 84
20221 0
20233 85
20296 0
20327 85
20543 0
20757 85
20793 84
20806 0
20871 86
21127 0
21362 85
21395 0
21457 85
21594 0
21671 85
21800 84
21828 86
21865 0
21998 85
22149 0
22185 84
22518 0
22894 85
22898 0
22986 85
23065 0
23146 86
23231 0
23328 85
23376 0
23449 84
23615 0
23624 85
23799 0
23887 85
23942 0
24140 85
24210 84
24256 0
24342 86
24756 0
24997 85
25003 0
25030 86
25076 0
25298 86
25374 0
25629 85
25759 84
25769 0
25899 86
26150 0
26197 84
26342 86
26362 85
26548 84
26639 0
26706 86
26707 0
26895 84
27019 0
27087 86
27122 86
27177 85
27300 0
27414 84
27485 0
27486 86
27536 0
27835 85
27858 85
27909 0
27922 84
27995 86
28219 0
28228 86
28543 0
28646 86
28730 0
28821 86
29080 0
29170 85
29364 86
29383 85
29664 86
29835 0
29907 86
30025 0
30241 84
30305 86
30329 84
30332 0
30459 86
30491 84
30552 0
30589 84
30671 86
30687 0
30704 86
30720 85
30772 0
30939 85
31533 0
31585 84
31722 0
31725 84
31739 0
31819 85
31832 0
32142 86
32184 0
32349 85
32451 0
32471 86
32550 85
32564 0
32629 84
32667 86
32687 0
32759 86
32908 0
32911 85
32947 0
33262 85
33389 85
33497 0
33550 85
33624 85
33754 0
33805 85
33830 84
33847 0
33886 84
33889 0
33985 86
34049 84
34316 0
34467 84
34675 0
34678 86
34698 0
34738 86
34741 84
34998 86
35109 0
35242 86
35425 0
35680 85
35687 0
36004 86
36057 0
36152 86
36225 0
36262 84
36395 0
36597 84
37214 84
37254 0
37520 86
37790 0
37875 86
37927 85
38037 85
38078 0
38100 85
38208 0
38296 86
38297 86
38443 0
38529 86
38555 84
38610 0
38687 86
38843 0
39033 85
39211 0
39317 86
39333 0
39443 85
39538 0
39676 85
39896 0
40010 84
40021 0
40123 85
40193 0
40308 85
40531 0
40848 85
40945 0
40998 84
41008 0
41163 86
41408 86
41411 85
41452 0
41512 86
41564 84
41587 84
41687 0
41737 86
41786 0
41818 84
41873 85
41992 85
42003 0
42309 85
42386 0
42891 86
43013 0
43273 85
43296 0
43349 86
43368 0
43375 86
43412 0
43593 86
43631 0
43635 84
43807 0
43868 85
43928 0
44037 84
44078 0
44144 86
44465 86
44580 0
44595 85
44601 0
44769 86
44913 85
45018 85
45177 0
45181 85
45231 0
45271 85
45366 0
45374 85
45467 0
45602 85
45639 0
45673 86
45758 85
45869 0
45972 84
45979 0
46153 85
46283 0
46338 85
46392 0
46399 85
46619 86
46641 0
46834 85
46970 0
46972 84
47001 85
47188 86
47262 84
47444 0
47540 84
47548 86
47549 0
47639 86
47780 0
48088 85
48184 0
48299 86
48419 0
48528 84
48623 85
48648 0
48689 86
48702 84
48857 0
49089 86
49182 0
50017 85
50126 0
50300 84
50437 0
50651 85
50929 0
51089 85
51101 0
51135 86
51250 0
51401 84
51424 0
51493 85
51550 85
51605 0
51608 86
51889 0
52202 84
52280 0
52377 86
52521 85
52523 84
52657 0
52849 84
53092 0
53146 85
53296 85
53376 0
53386 85
53449 0
53521 84
53783 0
53832 84
53899 0
54058 84
54061 0
54137 86
54382 0
54434 86
54480 0
54499 86
54660 0
54667 86
54988 0
54999 86
55090 0
55344 86
55360 86
55411 86
55558 85
55674 0
55748 84
55762 85
55766 0
55890 84
56102 0
56202 86
56230 0
56420 86
56424 86
56893 0
57080 86
57182 0
57255 85
57437 0
57445 86
57516 0
57572 86
57609 0
57801 84
57814 85
57868 0
57891 84
57908 84
58018 0
58069 85
58155 0
58291 84
58340 0
58419 84
58489 85
58501 0
58584 85
58605 0
58709 84
58782 0
58808 85
58862 0
58937 84
59305 85
59518 0
59583 86
59677 0
59706 85
59742 0
59780 85
59833 0
60004 85
60071 0
60252 84
60386 0
60416 86
60435 0
60488 86
60610 0
60696 85
60901 0
61002 84
61191 0
61228 84
61241 0
61343 85
61472 0
61507 86
61571 86
61574 0
61665 85
61799 0
61807 85
61821 85
61838 0
61870 86
62317 0
62410 85
62418 86
62422 0
62548 84
62589 0
62908 86
62926 86
63044 0
63088 86
63185 0
63187 85
63240 0
63248 86
63304 0
63337 86
63499 86
63599 0
63668 86
63713 0
63724 84
63800 0
63897 85
63899 0
63957 84
64211 0
64269 85
64337 84
64350 0
64423 85
64481 0
64730 86
64890 0
64928 86
64951 0
64996 86
65012 0
65260 85
65284 0
65447 84
65529 0
65715 85
66060 85
66133 0
66334 86
66390 0
66653 86
66705 0
66757 85
66799 0
66930 84
66984 0
67108 86
67286 0
67405 85
67588 0
67648 86
67678 84
67954 0
68026 84
68191 85
68196 85
68278 0
68331 85
68469 0
68484 86
68657 85
68886 86
68921 84
68971 86
69060 0
69213 84
69253 0
70027 84
70068 0
70375 85
70425 0
70571 84
70628 0
70652 84
70703 86
70755 0
70760 84
70785 0
71178 85
71234 86
71303 0
71355 84
71378 0
71555 86
71635 84
71825 0
71926 84
71988 0
72014 85
72124 0
72177 86
72354 0
72357 85
72615 0
72629 86
72640 0
72764 85
72999 0
73375 86
73397 0
73414 86
73445 0
73524 85
73740 0
73826 86
73849 0
73903 86
73932 0
74040 86
74164 0
74205 86
74254 0
74293 86
74505 0
74653 85
74919 0
75132 86
75362 86
75375 84
75574 0
75626 84
75752 0
75821 84
75973 85
76054 0
76210 85
76321 0
76350 85
76471 0
76662 86
76678 86
76798 0
76824 85
76943 0
76959 85
77238 86
77635 85
78021 0
78137 86
78153 0
78352 86
78787 86
78943 0
78959 85
79050 0
79067 85
79068 0
79099 85
79200 0
79386 86
79400 0
79599 84
79762 86
79844 84
79903 0
79950 86
80037 0
80106 86
80247 86
80403 84
80552 0
80755 85
80760 0
80954 85
80956 0
81024 84
81125 85
81138 0
81277 86
81412 0
81465 85
81513 85
81635 0
81648 86
81650 0
82470 86
82954 0
82956 86
82962 0
83047 86
83201 0
83344 85
83385 84
83589 0
83873 85
84157 0
84178 85
84699 84
85191 0
85233 86
85235 0
85375 84
85497 86
85502 0
85632 84
85674 86
85856 0
86102 85
86109 0
86231 85
86490 86
86568 0
86668 84
86745 0
86852 84
86892 0
86927 86
86968 86
87176 0
87187 85
87401 0
87404 86
87412 0
87449 85
87467 0
87514 84
87673 0
87750 86
87760 86
87802 0
87922 85
88135 84
88426 0
88565 86
88612 0
88633 85
88692 0
88859 86
88870 0
88945 84
89027 86
89168 0
89406 85
89510 84
89695 86
89721 0
90015 86
90092 86
90164 84
90198 0
90366 84
90423 85
90425 0
90435 86
90578 0
90975 86
91009 0
91157 86
91184 0
91432 84
91587 86
91650 0
91848 85
92221 0
92234 86
92412 86
92481 0
92584 86
92621 0
92653 85
92690 0
93055 85
93149 0
93209 85
93343 0
93566 86
93631 0
93762 86
94007 0
94132 85
94419 0
94558 85
94813 0
95662 84
95693 0
95785 86
96360 85
96448 0
96489 86
96542 85
96565 0
96598 84
96805 0
96824 85
96881 0
96897 84
96907 86
96954 0
97006 86
97115 0
97333 86
97425 85
97466 0
97477 85
97482 0
97846 85
97856 0
98071 85
98293 0
98330 84
98364 0
98409 85
98587 84
98654 0
98657 86
98705 0
98709 85
98809 0
98934 85
99053 0
99335 84
99696 0
99792 84
