16 buffers
175350 28870
328554 26729
205637 18462
125255 20429
179849 25771
101827 3520
238412 6695
117636 4850
202634 32116
68519 5525
77198 14954
189381 5035
246541 15477
203992 22152
104431 9217
117081 11759
60 downlinks
0 250 1667 554
1 1917 3334 732
2 3584 5001 580
3 5251 6668 693
4 6918 8335 640
5 8585 10002 650
6 10252 11669 614
7 11919 13336 569
8 13586 15003 675
9 15253 16670 612
10 16920 18337 724
11 18587 20004 636
12 20254 21671 759
13 21921 23338 728
14 23588 25005 761
15 25255 26672 704
16 26922 28339 630
17 28589 30006 625
18 30256 31673 584
19 31923 33340 720
20 33590 35007 548
21 35257 36674 719
22 36924 38341 753
23 38591 40008 653
24 40258 41675 709
25 41925 43342 771
26 43592 45009 643
27 45259 46676 758
28 46926 48343 562
29 48593 50010 605
30 50260 51677 612
31 51927 53344 771
32 53594 55011 714
33 55261 56678 665
34 56928 58345 774
35 58595 60012 692
36 60262 61679 577
37 61929 63346 753
38 63596 65013 554
39 65263 66680 587
40 66930 68347 650
41 68597 70014 656
42 70264 71681 745
43 71931 73348 572
44 73598 75015 569
45 75265 76682 725
46 76932 78349 760
47 78599 80016 569
48 80266 81683 617
49 81933 83350 749
50 83600 85017 705
51 85267 86684 546
52 86934 88351 543
53 88601 90018 604
54 90268 91685 670
55 91935 93352 605
56 93602 95019 612
57 95269 96686 739
58 96936 98353 624
59 98603 100020 754
728 events for 0
35 68
142 0
458 68
653 68
689 68
1079 68
1193 0
1336 68
1452 0
1477 68
1549 68
1551 0
2018 68
2078 0
2165 68
2336 0
2564 68
2670 0
2715 68
2774 68
2866 0
2972 68
3154 68
3412 68
3496 68
3833 0
3877 68
3916 0
4045 68
4370 0
4786 68
4986 68
5051 68
5172 68
5190 68
5492 0
5589 68
6111 0
6208 68
6316 0
6475 68
6623 0
6630 68
6708 0
6785 68
6860 0
7023 68
7034 68
7106 68
7176 0
7742 68
7921 68
8072 0
8206 68
8207 68
8249 0
8432 68
8658 0
8756 68
8797 68
9074 0
9183 68
9742 0
10089 68
10132 0
10361 68
10395 68
10595 0
10653 68
10701 0
10740 68
10761 0
10967 68
10971 0
11207 68
11239 68
11523 0
11672 68
11826 68
12101 0
12114 68
12139 68
12423 68
12504 0
12507 68
12571 68
12621 0
12647 68
12711 68
12740 0
13228 68
13447 0
13729 68
13856 0
13994 68
14150 0
14159 68
14450 0
14699 68
14722 68
14739 68
14882 68
15502 0
15667 68
16021 0
16028 68
16208 68
16227 0
16446 68
16496 68
16606 0
16631 68
16833 0
16855 68
16868 0
16959 68
16985 0
17198 68
17484 68
17601 0
18088 68
18166 0
18188 68
18278 0
18301 68
18559 68
18644 0
19019 68
19086 0
19144 68
19370 0
19375 68
19439 0
19518 68
19768 68
19952 68
20033 0
20118 68
20230 0
20332 68
20414 0
20812 68
20884 68
20894 0
21104 68
21162 68
21341 0
21372 68
21424 68
21484 0
21514 68
21617 0
21720 68
21793 68
21794 0
21801 68
21804 0
21929 68
22224 0
22274 68
22653 68
22717 68
22865 0
22946 68
23074 0
23142 68
23164 68
23234 0
23433 68
23685 0
23735 68
23961 0
24268 68
24299 0
24390 68
24423 0
24661 68
24679 0
24712 68
24736 0
24785 68
25358 0
25437 68
25478 0
25551 68
25731 0
25735 68
25752 0
25803 68
25833 0
26563 68
26647 68
26826 0
26867 68
26931 0
27133 68
27593 68
27722 68
27758 68
27906 0
27937 68
28034 0
28147 68
28227 68
28295 0
28476 68
28779 0
29219 68
29528 0
29982 68
29992 0
29994 68
30023 0
30050 68
30316 68
30339 68
30352 68
30493 0
30510 68
30769 0
30794 68
31082 0
31122 68
31266 68
31272 68
31276 0
31504 68
31550 0
31593 68
31791 0
31832 68
31875 0
31915 68
32154 68
32180 0
32246 68
32621 0
32679 68
32925 0
32931 68
33120 68
33345 0
33432 68
33517 0
33752 68
33766 68
33851 68
33902 0
34293 68
34347 68
34437 0
34530 68
34600 68
34637 0
34738 68
34776 0
34820 68
34832 0
34912 68
34983 0
35107 68
35164 0
35215 68
35258 0
35260 68
35270 0
35319 68
35512 0
35515 68
35613 68
35710 68
35810 0
36019 68
36066 0
36286 68
36302 68
36393 68
36440 0
36516 68
36804 68
36818 0
36824 68
36871 0
36936 68
37019 0
37071 68
37268 0
37359 68
37429 0
37436 68
37462 0
37822 68
37878 0
37996 68
38157 0
38197 68
38222 0
38613 68
38848 68
39010 0
39018 68
39114 0
39161 68
39193 0
39285 68
39606 68
39618 0
39798 68
39827 0
39892 68
39928 0
40039 68
40152 0
40184 68
40469 0
40569 68
40915 68
40929 68
41108 0
41248 68
41504 0
41559 68
41680 0
41697 68
41718 68
41858 0
41979 68
42294 0
42418 68
42456 68
42767 68
42859 0
42879 68
42907 0
42908 68
42990 0
43131 68
43614 68
43639 0
43643 68
43742 0
43838 68
43993 68
44041 0
44074 68
44161 68
44368 0
44599 68
44703 68
44750 0
45310 68
45561 0
45687 68
46474 68
46691 0
46812 68
46954 0
47018 68
47312 0
47337 68
47426 0
47512 68
47544 0
47549 68
47585 0
47661 68
47867 0
47976 68
48045 68
48317 68
48459 0
48645 68
48922 0
49193 68
49337 0
49487 68
49514 0
49604 68
50158 0
50321 68
50613 68
50692 0
50773 68
50918 0
50954 68
51152 0
51869 68
52020 0
52029 68
52046 68
52152 68
52224 0
52237 68
52458 0
52468 68
52524 0
52684 68
52846 0
52910 68
53057 0
53081 68
53155 68
53563 0
53593 68
53982 0
54037 68
54062 0
54117 68
54405 0
54410 68
54413 68
54596 68
54626 0
54649 68
55155 0
55300 68
55545 0
55759 68
55760 68
56403 0
56458 68
56479 0
56763 68
56998 0
57123 68
57188 0
57401 68
57464 68
57468 0
57641 68
57708 0
57710 68
57833 0
57864 68
57960 0
58054 68
58391 0
58466 68
58801 0
58901 68
58910 68
58999 0
59155 68
59494 0
59746 68
59792 68
59830 0
60133 68
60320 0
60478 68
60485 0
60670 68
60737 0
60751 68
60916 68
61564 0
61610 68
61802 0
61899 68
61911 0
61968 68
61991 0
61999 68
62097 68
62101 0
62157 68
62546 0
62589 68
62940 68
62992 0
63135 68
63546 0
63778 68
64282 0
64283 68
64443 0
64566 68
64567 0
64740 68
64908 0
64980 68
65187 0
65408 68
65485 0
65521 68
65730 68
65844 68
65909 0
66012 68
66060 0
66112 68
66588 0
66640 68
66779 0
66964 68
67049 0
67085 68
67225 0
67274 68
67287 0
67481 68
67499 68
67526 0
68012 68
68084 0
68156 68
68499 0
68540 68
68598 0
68678 68
68999 68
69124 0
69182 68
69432 0
69585 68
70134 68
70188 0
70207 68
70291 0
70889 68
71126 68
71205 0
71252 68
71431 0
71477 68
71527 0
71630 68
71678 0
71739 68
72139 0
72399 68
72654 68
72977 0
73117 68
73144 68
73207 0
73294 68
73378 0
73402 68
73741 68
73772 0
73791 68
73878 0
73961 68
74354 0
74361 68
74580 0
74628 68
74684 0
74716 68
74757 0
74772 68
74872 0
75067 68
75187 0
75219 68
75364 0
75393 68
75483 0
75545 68
75707 0
75728 68
76151 0
76209 68
76212 0
76303 68
76428 68
76451 68
76453 0
76523 68
76593 68
76674 68
76761 0
76830 68
76846 0
76849 68
76879 0
76883 68
77001 0
77500 68
77781 0
77795 68
78224 68
78841 68
79065 68
79199 68
79285 0
79500 68
79623 0
79647 68
79783 68
80135 68
80194 68
80266 68
80373 68
80432 0
80513 68
80851 0
80916 68
81012 0
81549 68
81659 0
82284 68
82420 0
82467 68
82749 68
83204 0
83748 68
83779 0
83900 68
84287 0
84378 68
84594 68
84695 68
84743 68
84955 68
86185 0
86252 68
86291 0
86486 68
86515 0
86516 68
86555 0
86590 68
86628 0
86653 68
86668 0
86819 68
86951 68
87022 0
87265 68
87402 0
87756 68
87865 68
87956 0
87981 68
88013 68
88126 0
88276 68
88386 68
88400 0
88407 68
88516 0
88866 68
88940 0
89880 68
90075 68
90230 0
90375 68
90405 68
90411 0
90424 68
90427 0
90618 68
90660 68
90662 0
90666 68
90902 68
91015 0
91156 68
91185 68
91205 0
91227 68
91583 68
91692 0
91876 68
91877 0
92547 68
92710 0
92915 68
93006 68
93126 68
93246 0
93308 68
93393 68
93520 68
93568 0
93638 68
93657 0
94088 68
94117 0
94124 68
94280 0
94324 68
94371 0
94682 68
94699 68
94750 0
94835 68
95235 0
95342 68
95445 0
95716 68
95734 0
95907 68
96290 0
96366 68
96543 0
96643 68
96705 0
96808 68
96864 0
97008 68
97097 0
97102 68
97370 0
97373 68
97434 0
97482 68
97712 68
97726 0
97797 68
97798 0
97921 68
98085 0
98249 68
98335 68
98380 68
98398 0
98789 68
99174 0
99482 68
99493 0
99544 68
99617 68
99678 0
99705 68
99932 0
142 events for 1
810 100
1217 0
1925 89
2212 0
2383 83
2998 0
3260 88
3419 77
3465 77
5179 0
5406 91
5834 0
8491 83
10068 0
10461 100
10729 0
11140 88
11531 0
11794 99
13849 0
14377 97
15344 0
15454 88
16066 0
16387 91
16411 0
16465 91
17875 99
18163 91
18830 0
18925 97
19119 0
19465 84
19615 77
19739 0
20308 99
21119 0
21399 91
22644 0
23879 83
25493 0
25723 91
26117 0
26259 99
26339 0
26551 89
27861 0
28581 88
28711 0
29206 97
32514 83
34314 91
34762 0
35629 97
36327 0
36416 99
36754 88
37756 0
38656 84
40634 0
40852 88
41159 0
42507 88
44056 0
44397 97
45256 0
47751 80
48226 0
49581 89
51467 89
51585 0
51787 99
52182 0
52361 99
52884 0
53019 91
53476 0
56061 100
56223 0
56304 84
58083 0
60398 88
60448 77
61568 97
62395 0
62600 80
63601 0
63672 88
64150 0
64925 91
65404 88
65851 97
66446 0
68214 89
69061 77
69216 0
69419 80
70765 0
70856 84
70939 0
71000 88
71096 0
72144 88
72268 0
72386 91
73309 0
73779 80
74820 97
78153 0
78677 99
79179 0
81167 83
81327 0
82086 88
82130 0
82361 83
82893 77
82908 0
82912 77
83105 0
83849 84
83859 0
84369 77
84588 0
84743 91
87274 0
87286 99
88567 100
88998 0
90012 84
92806 88
93042 0
93781 84
94134 84
96381 77
96762 0
96980 97
97125 0
98326 97
98578 0
98666 100
99715 84
640 events for 2
951 83
954 0
1143 87
1509 0
1757 83
2032 87
2063 0
2761 61
3033 0
3122 83
3175 87
3269 0
3479 77
4029 0
4133 77
4174 0
4381 77
4563 0
4656 77
4824 0
4907 55
5033 0
5131 61
5285 0
5360 77
5471 0
5513 77
5731 71
5833 0
5883 71
6064 0
6350 77
6374 0
6754 77
6798 0
6893 88
6906 83
6949 0
7088 77
7356 55
7594 0
8001 77
8035 0
8038 77
8211 0
8302 61
8527 0
8637 87
8767 0
8788 61
8998 88
9211 0
9261 61
9278 0
9439 55
9518 0
9883 77
9919 0
10370 77
10411 0
10622 61
11228 0
11411 61
11495 0
11528 77
11621 0
11660 77
11938 0
11949 77
12015 0
12328 55
12330 0
12455 87
12529 61
13161 0
13166 77
13492 0
13678 77
13706 0
13716 77
13748 0
14144 71
14168 0
14269 55
14295 0
14317 77
14624 0
14784 83
14839 0
14857 55
15467 0
15538 71
15728 0
15774 61
16025 0
16067 88
16183 0
16206 55
16218 0
16249 87
17136 88
17191 0
17216 77
17235 0
17699 61
17769 0
17847 55
17874 87
18033 87
18213 0
18238 55
18625 71
18983 0
19106 88
19143 61
19244 83
19725 0
20156 61
20199 0
20290 77
20670 0
20867 77
20977 0
21005 61
21896 0
21929 88
22041 77
22134 77
22292 0
22447 77
22515 0
22659 77
22867 0
22885 71
23026 77
23214 0
23254 77
23388 61
23612 0
23839 83
23949 0
24010 77
24029 61
24129 77
24269 0
24543 83
24582 0
24940 87
25131 0
25253 77
25341 0
25715 71
25776 0
26015 55
26071 55
26337 0
26428 55
26670 87
26675 77
26696 87
26748 0
27152 71
27722 77
27777 71
27929 0
28093 83
28227 88
28347 77
28393 0
28643 83
29109 0
29238 71
29330 0
29342 87
29551 83
29719 77
29954 0
29955 88
29965 0
29990 77
30364 0
30785 83
31162 87
31186 77
31207 0
31362 83
31438 0
31493 87
31514 71
31718 71
31763 0
31819 55
31947 0
32153 77
32368 0
32393 71
32582 0
32596 77
32631 0
32724 77
32826 0
33028 77
33182 0
33210 83
33243 0
33362 83
33376 0
33418 55
33421 61
33453 0
33649 83
33740 0
33822 77
34110 0
34267 88
34366 0
34422 71
34588 0
34728 88
34944 0
35046 55
35113 0
35151 83
35477 61
35552 0
35642 55
35667 0
35715 71
35833 0
36052 77
36305 61
36511 0
36519 88
36748 0
36832 77
36868 0
36963 87
36985 87
37227 0
37229 88
37437 0
37690 71
37731 0
37844 77
37885 0
37888 88
38393 71
38476 77
38614 0
38645 88
38649 0
38817 87
39019 0
39077 88
39467 77
39476 0
39522 61
39893 0
39926 71
40134 0
40452 83
40463 0
40554 55
40986 87
41316 0
41423 55
41502 0
41557 77
41746 0
41847 77
41870 0
42042 55
42209 0
42484 88
42658 0
42851 71
43174 0
43823 88
44051 0
44344 71
44430 0
44504 87
44637 0
44691 88
44794 55
44975 0
45126 87
45157 0
45176 77
45835 88
45963 0
46122 88
46304 0
46469 87
46555 0
46966 77
47322 0
47736 71
47892 0
48112 55
48171 0
48480 77
48508 0
48543 71
48636 0
48747 71
48748 87
48815 0
48998 87
49013 61
49312 87
49375 0
49691 55
49756 0
49841 71
50199 83
50339 0
50349 61
50920 0
51254 87
51509 71
52008 0
52377 55
52450 0
52472 61
53094 88
53760 83
53852 0
53869 87
54928 61
54977 0
55045 71
55095 0
55153 83
55319 77
55618 0
55840 88
55912 0
56068 88
56080 0
56180 55
56191 0
56246 55
56265 55
57064 0
57118 88
57203 0
57229 55
57234 0
57426 87
57434 0
57575 87
57621 0
57691 87
57896 87
58146 77
58160 77
58254 0
58257 88
58329 0
58373 83
58491 0
58593 77
58688 0
58839 77
58921 0
59031 77
59121 0
59570 55
59703 0
59740 61
59745 77
59971 0
60377 71
60417 0
60443 83
60535 83
60754 0
60818 55
60899 0
61145 77
61167 77
61235 87
61315 0
61401 77
61553 0
61618 83
62098 0
62278 83
62357 0
62399 77
62975 0
62994 61
63096 87
63141 0
63185 83
63436 0
63549 61
63612 0
63865 61
64021 0
64270 88
64286 0
64510 88
64512 0
64574 77
64907 55
64994 61
65188 87
65632 0
65676 88
66165 0
66185 77
66418 0
66440 87
66738 0
66745 77
66831 0
67020 83
67176 0
67204 77
67346 0
67415 83
67592 0
67702 83
67907 0
68038 55
68086 0
68150 83
68152 0
68165 88
68256 87
68285 0
68594 55
68772 87
68784 0
68921 71
69104 0
69162 87
69248 61
69322 0
69555 71
69564 61
69622 0
69733 88
69821 0
69873 61
70042 83
70167 87
70229 0
70315 71
70481 0
70512 77
70656 61
71155 88
71378 0
71521 88
71710 0
71877 83
72009 77
72061 0
72290 77
72514 0
72551 61
72869 0
72988 88
72996 0
73055 88
74266 0
74279 77
74451 0
74546 88
74619 0
74675 77
74917 0
74941 71
75048 0
75050 61
75254 0
75261 87
75428 0
75437 87
75450 77
75712 61
75730 0
76020 55
76377 0
76420 55
76443 0
76466 83
76494 0
76520 77
77362 0
77521 88
77621 88
77866 0
77919 55
78035 0
78047 61
78097 0
78286 71
78306 0
78684 88
78864 0
78867 88
78898 83
79037 0
79047 77
79197 0
79252 88
79554 0
79662 71
79873 0
79899 83
80014 0
80298 77
80392 0
80757 61
80768 77
80793 0
80830 61
80883 61
80940 87
80965 0
81083 71
81103 0
81553 77
81570 77
81821 55
81953 0
81991 87
82161 71
82210 0
82514 83
82656 0
82801 77
82870 0
82962 83
83039 77
83093 0
83363 55
83447 55
83468 0
83631 77
83661 0
83772 83
83788 0
84162 55
84176 0
84322 71
84615 0
85515 77
85719 77
85747 0
86002 87
86147 0
86181 83
86241 0
86407 77
86727 0
86991 77
87216 0
87233 77
87414 0
87465 87
87500 55
87636 0
87672 87
87698 77
87775 0
87776 77
88102 0
88251 83
88469 0
88707 77
88973 71
89061 0
89101 55
89712 0
90305 77
90431 0
90547 87
90581 0
90641 88
90888 71
91045 88
91210 77
91218 0
91269 83
91489 0
92070 71
92076 0
92165 61
92169 55
92204 0
92320 88
92488 0
92531 87
92550 0
92568 77
92705 0
92724 83
92785 0
92798 61
92832 0
93414 61
93886 0
94501 71
94922 0
95122 55
95288 0
95520 77
95538 0
95554 77
95567 0
95625 61
95641 0
95655 77
96798 77
96807 0
96823 83
96962 0
97132 88
97262 77
97612 0
97795 71
97814 0
98118 88
98211 77
98265 71
98460 0
99025 88
99282 77
99311 0
99350 55
99480 0
99494 88
99582 0
99583 87
99656 0
247 events for 3
94 46
329 0
721 46
810 0
1836 46
2674 46
2793 46
2811 46
3642 0
4424 46
4846 46
4865 0
5128 46
5577 46
5751 0
6835 46
6874 0
7819 46
8203 0
8598 46
8713 0
9992 46
10339 0
10726 46
11491 0
12094 46
12217 0
12228 46
13071 0
13274 46
13728 46
14611 0
15124 46
15273 46
17116 0
17753 46
18618 0
18861 46
19171 46
19337 0
20868 46
20972 0
20975 46
21395 46
21436 0
22462 46
22833 0
22850 46
22882 0
24258 46
24783 46
25683 46
25747 46
26113 46
26143 0
26378 46
26466 0
28440 46
28565 0
29063 46
31035 0
31474 46
31509 0
32325 46
33176 46
33318 0
33556 46
33820 0
33971 46
34258 46
34388 46
34776 0
35967 46
37018 0
37280 46
37289 0
38217 46
38569 0
39070 46
39267 0
39447 46
39565 0
39966 46
40477 0
40749 46
40978 0
41215 46
42005 46
42040 46
42106 46
42462 46
42537 0
43131 46
43327 0
43353 46
43826 0
44356 46
45912 46
46202 46
46347 0
46621 46
46662 0
47294 46
47407 0
48152 46
48250 0
48392 46
48414 0
49043 46
49459 0
49501 46
50082 46
50162 0
50684 46
51230 0
51549 46
51609 0
51665 46
51694 46
52052 46
52634 46
52675 0
52997 46
53151 0
53166 46
53390 0
53782 46
53789 0
53918 46
54532 0
54548 46
54684 0
54740 46
55292 0
55703 46
55734 46
55747 0
56937 46
57094 0
58462 46
58670 0
58709 46
59044 46
59535 46
59895 0
60174 46
61705 0
61724 46
61906 46
61937 0
62005 46
62253 46
63029 0
63310 46
63764 0
63797 46
64257 46
64712 46
64746 0
64804 46
65301 0
65381 46
65469 0
65788 46
66376 0
66771 46
66804 46
66982 46
67251 0
67462 46
68151 0
68402 46
69140 0
69988 46
70209 0
70316 46
70344 0
70635 46
70648 46
71297 0
71300 46
72314 0
72843 46
73199 0
73409 46
73579 0
74578 46
74729 0
74776 46
75298 0
75919 46
76060 0
77783 46
77889 0
78611 46
79811 0
80225 46
80479 0
80515 46
81775 0
81848 46
81884 46
82277 0
82636 46
83264 0
83317 46
83361 0
84472 46
84741 0
84759 46
85432 0
85527 46
85686 0
86227 46
86685 0
86733 46
87219 0
87419 46
88036 46
88056 46
88723 46
89081 46
89814 46
90831 46
91021 0
91148 46
92421 0
92774 46
93092 0
93225 46
93562 0
93856 46
93938 0
94117 46
94720 46
96532 0
96579 46
96591 0
97621 46
97688 0
97736 46
97796 0
98235 46
98767 0
98820 46
99086 46
99441 46
732 events for 4
6 72
181 0
374 72
535 0
922 72
996 0
1033 72
1123 0
1134 72
1174 0
1268 72
1411 0
1621 72
1637 0
1749 72
1782 0
1789 72
1823 0
2207 72
2645 72
2737 72
2823 0
3080 72
3139 0
3258 72
3560 72
3633 0
3794 72
4151 0
4160 72
4394 0
4970 72
5053 0
5351 72
5668 0
6107 72
6123 0
6263 72
6483 0
6559 72
6568 72
6697 0
6810 72
6956 0
7086 72
7171 0
7280 72
7360 72
7496 72
7672 72
7758 72
7766 0
7911 72
8105 72
8122 0
8176 72
8293 0
8439 72
8730 0
8810 72
8835 0
8907 72
9149 72
9370 72
9537 0
9912 72
10058 0
10089 72
10105 0
10362 72
10444 0
10548 72
10575 72
10635 0
10731 72
10971 0
11372 72
11404 72
11406 0
11749 72
11824 0
12016 72
12191 0
12282 72
12329 0
12354 72
12386 0
12618 72
12700 0
12899 72
12926 0
12939 72
13052 72
13115 0
13203 72
13486 0
13767 72
13871 72
14012 0
14470 72
14606 72
14700 0
14806 72
14830 0
14842 72
14852 0
14919 72
15099 72
15175 0
15516 72
15715 72
15717 0
15739 72
16180 72
16336 0
16497 72
16511 0
16526 72
16700 0
16792 72
16994 0
17358 72
17443 0
17628 72
17793 0
17825 72
17904 72
17919 72
18119 0
18272 72
18438 0
18942 72
19011 0
19275 72
19326 72
19547 0
19752 72
19818 0
19909 72
19945 0
20148 72
20206 0
20289 72
20419 0
20486 72
20565 0
20618 72
20619 72
20637 72
20657 0
20847 72
20872 0
21012 72
21063 72
21244 0
21427 72
21590 0
21602 72
21710 0
21954 72
22196 72
22300 72
22442 72
22758 72
23071 0
23076 72
23097 72
23120 72
23317 0
23584 72
23631 0
23685 72
23695 0
23868 72
23929 0
23960 72
24052 0
24135 72
24514 72
24978 0
24979 72
25114 0
25119 72
25159 0
25290 72
25544 0
25757 72
25870 0
26085 72
26543 0
26667 72
26764 72
26795 72
27047 72
27216 0
27298 72
27492 72
27601 72
27648 72
27834 0
27883 72
27889 72
27914 72
27918 0
27950 72
27954 0
28096 72
28241 0
28298 72
28372 0
28374 72
28385 72
28389 0
28518 72
28849 0
28904 72
29048 72
29119 72
29317 72
30328 0
30528 72
30724 0
30831 72
30966 0
31182 72
31240 0
31664 72
31897 72
32009 0
32345 72
32355 72
32531 0
32626 72
32795 72
32905 0
32948 72
33024 0
33116 72
33139 72
33370 0
33540 72
33582 72
33795 72
33862 0
34003 72
34402 72
34520 0
34589 72
34695 72
34718 72
34721 72
34773 72
34882 72
34892 0
34928 72
35012 72
35051 72
35436 72
35529 72
35575 0
35667 72
35732 72
35773 0
35838 72
35913 72
35955 0
36013 72
36070 72
36116 0
36282 72
36522 0
36606 72
36608 72
36709 0
36852 72
37012 72
37522 0
37671 72
37798 0
37839 72
38018 0
38030 72
38083 0
38106 72
38382 0
38542 72
38747 0
38958 72
39140 72
39395 0
39448 72
39481 0
40152 72
40227 0
40371 72
40503 0
40574 72
40577 0
40586 72
40742 72
40826 0
41018 72
41030 0
41207 72
41242 0
41248 72
41352 0
41590 72
41874 72
42037 72
42058 0
42233 72
42272 72
42276 72
42291 0
42448 72
42450 72
42682 72
43012 0
43066 72
43362 72
43542 0
43578 72
43720 0
43725 72
43816 0
43947 72
43996 0
44102 72
44106 0
44263 72
44571 0
44643 72
44656 72
44695 72
44736 0
44801 72
44851 0
44868 72
44972 0
45244 72
45309 0
45755 72
45817 72
46032 0
46046 72
46121 72
46184 0
46315 72
46506 0
46567 72
46618 0
46763 72
46944 0
47337 72
47453 0
47795 72
48052 0
48148 72
48231 0
48349 72
48396 0
48402 72
48442 0
48542 72
48709 0
48884 72
48910 0
48988 72
49328 0
49387 72
49503 0
49611 72
49656 0
49682 72
49889 72
49976 0
50148 72
50320 72
50410 0
50421 72
50456 0
50593 72
50627 0
50866 72
50897 0
50958 72
51223 0
51376 72
51578 0
51678 72
51679 0
51696 72
52109 0
52264 72
52522 72
52669 72
52973 0
53004 72
53466 72
53551 0
53722 72
53859 72
54027 0
54280 72
54473 0
54531 72
54591 0
54607 72
54712 0
54948 72
55127 72
55204 0
55585 72
55658 0
56024 72
56294 72
56327 72
56502 72
56705 72
57065 72
57133 0
57615 72
57786 72
58128 0
58175 72
58221 0
58229 72
58415 72
58434 0
58614 72
58649 0
58750 72
58820 0
58888 72
58955 72
59140 0
59366 72
59390 72
59440 0
59523 72
59776 72
60070 0
60130 72
60243 0
60479 72
60662 0
60678 72
60819 0
60893 72
60940 0
60951 72
61021 72
61424 0
61485 72
61497 0
61654 72
61750 0
61751 72
61805 0
61826 72
61927 72
62523 72
62754 72
62768 72
63035 0
63128 72
63487 0
63584 72
63743 0
63899 72
64425 0
64460 72
64567 0
64941 72
65052 0
65121 72
65248 0
65310 72
65437 0
65815 72
66337 0
66417 72
66504 0
66587 72
66923 0
67118 72
67171 0
67220 72
67390 0
67479 72
67529 0
67752 72
67824 0
67885 72
67966 0
68113 72
68218 0
68265 72
68446 0
68627 72
68946 0
69015 72
69135 0
69197 72
69237 0
69397 72
69427 72
69786 0
69945 72
69983 72
70217 0
70257 72
70338 72
70875 0
71118 72
71140 0
71150 72
71153 0
71156 72
71167 72
71279 0
71407 72
71817 0
71894 72
71897 0
72219 72
72313 0
72337 72
72517 0
72661 72
72796 0
73202 72
73307 72
73391 72
73588 0
73589 72
73943 0
74047 72
74098 0
74420 72
74575 0
74702 72
74793 0
74797 72
74913 0
75004 72
75387 72
75400 0
75748 72
75769 0
75828 72
75909 0
75913 72
76067 0
76072 72
76215 0
76330 72
76535 72
76783 0
76814 72
76985 72
76986 0
76994 72
77048 0
77409 72
77612 0
77765 72
77798 0
78088 72
78156 0
78157 72
78216 0
78244 72
78392 72
78470 0
78969 72
79425 0
79614 72
79731 0
79736 72
79978 72
80071 0
80152 72
80165 72
80276 72
80591 0
80651 72
80666 0
80686 72
80860 0
81183 72
81313 0
81445 72
81917 72
81927 72
82131 0
82246 72
82288 0
82339 72
82385 0
82539 72
82586 72
82779 72
82859 72
82952 0
83073 72
83365 0
83392 72
83529 0
83608 72
83993 72
84022 0
84023 72
84185 0
84251 72
84444 0
84585 72
84830 0
84943 72
85057 0
85100 72
85177 0
85385 72
85479 0
85569 72
85802 72
85947 0
85951 72
86029 0
86411 72
86474 0
86524 72
86542 0
86781 72
86976 0
87316 72
87327 0
87454 72
88482 72
88673 72
88695 72
88725 0
88878 72
88889 0
88975 72
89069 0
89244 72
89246 0
89433 72
89453 0
89506 72
89588 0
89696 72
89764 72
90035 0
90075 72
90093 0
90294 72
90367 0
90996 72
91025 72
91039 0
91191 72
91529 0
91667 72
91912 0
92086 72
92175 0
92217 72
92301 0
92326 72
92339 72
92439 72
92844 72
92956 0
92971 72
92993 72
93309 0
93550 72
93568 72
93733 0
93827 72
94127 0
94157 72
94195 72
94824 72
94849 0
94889 72
95025 72
95091 0
95108 72
95171 0
95207 72
95271 72
95376 72
95457 0
95648 72
95651 72
95767 72
96020 72
96108 0
96597 72
96604 0
96636 72
96965 0
97041 72
97194 0
97202 72
97282 72
97328 0
97478 72
97610 0
97767 72
97776 0
97782 72
98109 72
98135 0
98160 72
98310 72
98311 0
98378 72
98462 0
98481 72
98503 0
98945 72
99074 72
99181 0
99319 72
99482 0
99524 72
99911 0
837 events for 5
3 34
65 0
95 50
406 0
413 31
492 31
593 61
681 0
762 54
943 0
1105 34
1214 0
1322 31
1370 0
1398 40
1408 0
1618 50
1627 0
1643 71
1673 40
1675 0
1716 34
1744 0
1790 61
1867 0
2135 31
2155 0
2177 54
2217 50
2299 0
2469 50
2519 0
2525 61
2571 0
2655 71
2838 0
3179 34
3299 61
3448 71
3546 0
3956 40
3965 0
4045 71
4290 0
4497 31
4591 0
4669 31
4768 40
5043 0
5161 50
5198 34
5411 0
5420 31
5424 0
5528 50
5801 0
5865 71
5907 0
5958 34
6056 0
6116 50
6407 0
6444 50
6446 31
6475 0
6593 61
7092 0
7229 40
7257 0
7560 40
7689 61
7710 0
7744 61
7745 0
7946 54
8030 0
8108 40
8181 54
8478 0
8899 50
9154 40
9336 61
9369 54
9586 0
9780 50
10010 0
10038 50
10101 0
10106 50
10312 0
10387 61
10442 54
10479 61
10565 0
10616 34
10831 0
10958 34
11667 61
11679 50
11930 0
12038 50
12047 0
12197 34
12240 0
12247 50
12348 0
12423 71
12437 0
12447 40
12574 0
13020 50
13276 0
13437 34
13498 34
13568 40
13571 0
13595 40
13769 54
13990 0
13995 61
14091 0
14129 54
14140 0
14153 34
14195 0
14278 50
14463 0
14552 40
14555 0
14795 50
14803 0
14963 54
15202 0
15230 34
15401 0
16349 31
16673 0
17210 71
17334 0
17392 71
17422 0
17598 61
17615 71
17624 0
17684 34
17733 31
17848 0
18021 34
18042 0
18077 71
18177 0
18348 71
18940 0
18944 40
18974 0
19059 31
19253 0
19411 50
19657 0
19778 34
19871 61
20106 0
20118 71
20166 0
20328 50
20366 0
20373 54
20540 0
20561 31
20753 0
20756 54
20768 0
20801 40
20942 0
21154 40
21193 0
21216 61
21330 0
21509 31
21548 0
21832 40
21879 0
22034 61
22052 0
22079 31
22174 0
22304 50
22408 0
22532 40
22663 0
23009 71
23472 0
23626 31
23841 0
23950 54
24089 0
24187 31
24589 40
24691 0
24706 71
24910 54
25022 0
25033 54
25069 31
25141 0
25206 54
25268 34
25390 50
25395 0
25730 71
26001 40
26026 0
26062 31
26254 0
26368 54
26431 54
26525 0
26699 71
26712 0
26822 54
26957 0
27235 40
27302 50
27365 0
27396 54
27426 0
27926 40
28229 0
28465 71
28471 0
28496 31
28506 0
28594 54
28732 0
28738 31
28769 61
28975 0
28982 31
29029 0
29084 34
29107 54
29238 0
29252 71
29368 0
29402 54
29488 0
29609 40
29611 0
29632 34
29845 0
29955 40
30161 0
30235 50
30611 31
30766 0
31062 61
31107 40
31124 34
31234 50
31238 0
31253 50
31274 0
31677 50
31760 0
31834 40
31863 0
31903 31
31979 50
32049 0
32071 50
32072 0
32138 40
32368 0
32459 40
32652 0
32665 61
32782 0
32856 50
32918 0
33520 40
33935 0
34203 71
34235 0
34441 54
34692 0
34776 61
34963 0
34988 71
35132 31
35232 34
35285 0
35296 31
35550 0
35609 61
35664 61
35697 34
35815 0
35817 61
36088 0
36154 34
36394 0
36592 61
36780 0
36782 54
36943 0
37019 40
37021 0
37161 54
37180 0
37517 71
37642 0
37894 34
37955 0
38132 50
38148 0
38155 50
38463 0
38845 34
38873 31
38923 31
38941 0
39096 31
39140 0
39171 71
39260 0
39289 71
39315 0
39435 50
39488 0
39496 50
39506 0
39539 50
39575 40
39658 0
39739 54
39956 0
40011 50
40219 0
40405 40
40516 50
40589 61
40638 40
41144 0
41641 71
41714 50
41755 40
42021 40
42068 61
42155 0
42201 71
42222 40
42227 0
42248 71
42503 0
42505 31
42579 0
42678 50
43020 0
43144 31
43190 0
43221 54
43265 0
43324 50
43341 0
43779 31
43999 0
44129 31
44349 50
44353 31
44380 0
44401 61
44424 54
44535 0
44686 61
44742 0
44983 71
45026 0
45046 50
45148 0
45257 61
45345 0
45475 40
45527 0
45761 71
45802 61
45837 61
45850 0
46032 50
46063 34
46119 0
46213 31
46275 0
46314 40
46685 50
46843 40
46845 0
46876 34
46975 0
47011 31
47033 0
47169 71
47210 50
47253 0
47316 61
47537 0
47641 31
47661 40
47694 0
47696 71
47745 0
47899 40
48014 31
48200 61
48288 71
48343 34
48372 0
48406 71
48441 0
48816 54
48866 0
48912 54
48993 0
49024 54
49175 0
49248 34
49279 0
49313 71
49340 0
49344 71
49362 31
49501 0
49583 34
49589 40
49601 31
49672 0
49779 34
49890 0
50143 54
50540 0
50601 61
50809 0
50849 61
50995 40
51055 0
51082 71
51254 54
51495 0
51967 61
52037 0
52053 71
52358 0
52386 54
52445 0
52775 61
52877 0
52987 50
53181 0
53224 40
53229 0
53235 61
53336 0
53557 71
53890 0
53900 50
53916 0
54164 50
54214 61
54275 0
54505 71
54638 0
54994 71
55003 0
55045 34
55084 0
55285 50
55394 54
55774 0
56025 31
56074 71
56233 31
56388 50
56537 0
56707 50
56748 0
56835 31
56875 0
56950 40
57304 0
57308 54
57526 34
57710 0
58028 34
58040 0
58121 31
58511 50
58674 40
59099 0
59303 54
59540 0
59570 61
59686 0
59796 61
59864 40
60028 0
60138 71
60201 34
60413 40
60438 31
60480 40
60499 0
60518 40
60549 0
60626 31
60801 0
60804 50
60830 0
60882 40
60952 0
61147 31
61220 0
61317 31
61521 0
61777 34
61805 0
61999 31
62002 31
62049 0
62091 71
62322 0
62870 61
62988 40
63020 71
63377 0
63379 61
64084 0
64149 31
64195 0
64497 40
64515 0
64615 54
65232 0
65265 61
65610 0
65686 61
65768 0
65879 61
65907 61
66281 0
66396 54
66561 0
66591 40
66601 71
66665 0
67037 31
67153 0
67223 61
67256 0
67321 50
67473 0
67518 71
67593 34
68094 0
68205 54
68356 0
68503 61
69296 40
69326 0
69353 71
69424 0
69698 50
69787 0
69935 61
70154 61
70304 0
70344 71
70372 0
70376 54
70423 0
70550 50
70689 0
70734 71
70813 50
70931 0
71381 61
71474 31
71656 54
71943 0
71965 40
72010 0
72057 50
72264 0
72384 50
72391 0
72451 71
72453 71
72532 0
72706 54
72719 54
72888 0
73069 61
73070 0
73173 61
73189 0
73511 34
73796 0
73914 50
73983 0
74011 61
74163 61
74571 54
74829 0
74844 34
74944 71
74948 0
74963 71
74979 54
75099 0
75117 40
75705 0
75763 40
75808 61
75972 0
75997 50
76031 0
76164 54
76186 50
76424 0
76512 54
76554 0
76664 40
76798 0
76938 34
76960 0
76969 54
76991 50
77117 0
77285 31
77444 0
77571 71
77619 0
77661 50
77896 54
78101 0
78115 50
78316 0
78397 40
78404 40
78512 0
78556 34
78576 61
78693 0
78780 71
78997 0
79008 54
79161 34
79166 0
79169 34
79337 0
79403 61
79453 0
79484 61
79752 0
79797 71
80011 0
80044 50
80197 40
80204 61
80206 31
80655 0
80709 71
80724 0
80767 34
81042 34
81114 31
81136 50
81291 0
81301 71
81424 0
81499 61
81556 0
81598 34
81606 0
81706 40
81729 0
81837 31
82048 0
82342 34
82421 0
82578 61
82602 0
82697 34
82762 34
82911 0
82965 40
83016 0
83035 31
83077 0
83126 34
83587 0
83626 50
83778 0
83816 34
83957 50
84056 0
84065 31
84077 0
84296 71
84334 61
84349 0
84518 61
84519 0
84873 40
85177 0
85342 71
85343 0
85358 34
85399 0
85448 40
85462 61
85637 0
85768 34
85975 0
86184 54
86235 0
86247 71
86345 34
86438 0
86593 34
86602 0
86683 71
86814 34
87097 0
87222 40
88021 0
88059 34
88245 0
88343 40
88651 50
88935 0
88949 50
88957 0
89106 31
89155 0
89337 34
89357 71
89390 0
89497 34
89722 0
89735 71
89970 50
90020 54
90190 71
90257 0
90315 71
90437 0
90454 50
90489 0
90625 40
90712 0
90765 40
90783 0
90875 61
91155 0
91228 31
91269 50
91390 0
91432 50
91519 0
91574 40
91638 0
91777 54
91792 40
91871 0
91883 50
91951 40
91967 0
91990 71
92039 0
92071 40
92170 0
92171 50
92193 50
92247 0
92554 40
92571 0
92600 50
92611 0
92702 31
92872 0
93175 50
93212 0
93354 61
93754 0
94164 31
94165 0
94205 34
94344 0
94504 34
94644 0
94748 34
94988 54
95028 0
95257 31
95278 31
95360 54
95408 54
95496 0
95655 61
95825 0
95846 71
95921 0
95974 61
96160 0
96172 54
96198 0
96424 71
96710 31
96746 0
96900 71
97108 61
97143 0
97301 61
97429 0
98002 50
98007 0
98090 40
98280 0
98389 40
98462 0
99187 31
99359 0
99624 40
99632 0
99637 31
99659 0
99943 61
99964 61
837 events for 6
44 67
205 0
312 93
377 0
453 67
542 0
655 93
676 67
742 0
894 93
940 0
986 75
1082 0
1341 81
1582 67
1883 96
2019 0
2182 96
2238 92
2434 92
2469 0
2716 92
2772 0
2777 93
2866 0
2897 75
3226 92
3337 92
3573 67
3614 0
3692 75
3714 0
3904 81
3911 0
3929 81
4112 0
4242 83
4319 75
4454 0
4457 93
4473 96
4621 83
4865 0
4940 61
5033 75
5083 0
5100 96
5329 75
5386 0
5430 92
5522 81
5524 0
5585 81
5790 0
5948 61
6067 0
6133 61
6505 0
6658 93
6729 0
6766 75
6996 67
7168 0
7279 92
7339 83
7752 0
7765 67
7783 0
7886 67
8009 75
8033 0
8034 83
8430 67
8442 81
8518 0
8763 67
8788 92
8826 92
9087 0
9155 61
9196 0
9208 96
9379 0
9458 75
9543 0
9708 96
9764 0
9882 81
10043 0
10202 67
10218 0
10275 75
10339 0
10496 92
10506 0
10590 61
10643 0
10644 81
10822 0
10847 96
11053 0
11057 61
11243 67
11293 0
11344 67
11408 0
11881 67
11901 0
11977 67
12040 75
12042 75
12105 0
12263 93
12327 0
12345 96
12419 0
12572 96
12667 96
12739 0
12749 92
12777 0
12860 96
12884 0
12946 93
13290 0
13341 93
13519 0
13871 75
13902 0
14039 67
14043 0
14528 92
14558 92
14568 93
14692 0
14706 61
14795 0
14971 83
15096 0
15424 81
15441 67
15484 0
15523 67
15638 0
15729 83
15786 0
15850 92
15883 0
15931 96
16023 0
16742 96
16802 0
17151 83
17233 0
17279 96
17290 0
17309 67
17383 83
17425 0
17671 93
18220 0
18382 93
18466 0
18470 81
18527 93
18630 0
18710 96
19112 81
19214 0
19229 93
19518 0
19525 81
19711 0
19832 61
19973 75
20369 0
20382 81
20551 83
20566 0
20663 67
20687 0
20718 93
20838 0
20867 83
20906 0
21002 83
21358 0
21411 67
21706 75
21742 83
21815 92
21827 0
21862 81
22134 0
22157 61
22323 75
22421 0
23152 83
23166 0
23220 92
23421 61
23474 0
23640 75
23926 0
24604 75
24667 0
24687 61
24709 83
24737 0
25079 81
25136 96
25210 0
25224 83
25283 0
25290 96
25436 67
25503 0
26076 81
26151 0
26364 92
26468 0
26509 75
26515 0
26935 83
27114 67
27118 0
27138 61
27232 0
27283 93
27504 0
27827 93
27857 96
27858 83
27969 67
27974 0
28008 83
28113 81
28239 75
28328 0
28378 83
28479 81
28501 0
28532 83
29138 0
29265 96
29376 0
29657 81
29754 0
29791 67
29813 0
29907 61
29986 61
30009 0
30066 75
30219 0
30328 61
30336 0
30498 81
30509 83
30623 0
30937 75
30976 0
30984 96
31413 0
31522 92
31743 67
31770 0
31887 75
32074 0
32328 67
32651 0
32752 61
32807 0
32913 92
33119 83
33366 61
33376 0
33668 83
33767 61
33806 0
33866 61
34054 0
34539 92
34571 0
34572 67
34716 0
34750 96
34796 0
34912 67
35054 0
35325 61
35570 0
35610 96
35620 0
35645 67
35775 92
35820 75
35826 0
35848 67
35873 0
35932 67
35964 0
36014 83
36035 61
36059 0
36101 81
36182 0
36189 92
36293 0
36546 61
36765 93
36881 0
37096 92
37322 0
37386 93
37503 0
37554 75
37591 0
38280 83
38330 0
38502 92
38569 0
38598 81
38605 0
38897 96
38923 0
39069 83
39350 83
39554 0
39690 75
39878 83
39975 0
40027 92
40136 0
40152 75
40219 0
40310 61
40440 67
40665 0
40699 81
40896 93
40934 81
40948 0
41185 83
41280 96
41298 0
41312 92
41568 0
41658 67
41787 0
41825 93
41841 0
42018 67
42048 0
42565 83
42738 0
42873 92
42914 0
43066 61
43159 0
43174 81
43601 0
43665 61
43698 0
43755 96
43771 0
43779 81
43850 0
43994 75
44019 0
44186 96
44228 83
44331 0
44699 81
44723 75
44829 0
45098 61
45530 75
45706 0
45731 75
45732 81
45906 67
45985 61
46036 0
46047 92
46275 92
46343 67
46357 67
46438 0
46458 92
46614 0
46882 75
46893 0
46943 96
46969 67
47157 83
47199 0
47391 75
47410 75
47472 0
47925 92
47934 0
48047 75
48065 81
48284 0
48988 75
49391 0
49642 96
49682 0
49773 96
49796 93
49936 75
50041 0
50105 81
50227 0
50255 92
50384 61
50394 81
50401 0
50591 93
50812 0
50996 92
51144 0
51545 83
51620 0
51886 75
51961 67
52119 81
52242 93
52404 0
52537 81
52632 0
52741 93
52815 0
52944 81
53216 0
53329 96
53397 0
53590 93
53826 0
53865 75
54004 0
54033 67
54140 81
54303 0
54359 75
54600 0
54836 67
55080 0
55408 81
55424 93
55428 61
55517 0
55781 96
55970 0
56040 92
56059 0
56174 61
56235 0
56367 83
56728 0
56735 61
56798 0
56871 61
57059 96
57145 0
57172 81
57275 75
57317 0
57358 67
57365 0
57409 75
57432 0
57638 75
57723 75
57773 0
57818 83
57878 0
58117 93
58250 0
58286 92
58340 0
58876 61
59139 0
59208 92
59226 0
59550 75
59592 83
59731 0
59981 93
59986 75
60038 0
60201 83
60476 0
60665 96
60707 93
61078 0
61106 83
61133 0
61218 81
61300 0
61423 96
61526 0
61631 96
61705 0
61760 93
61766 92
61822 0
61932 96
62047 61
62644 81
62767 0
62799 92
62823 0
62861 61
62945 0
63072 67
63075 0
63100 83
63303 0
63432 75
63528 0
63578 83
63622 81
63687 0
63900 83
64011 0
64064 61
64088 0
64250 75
64341 67
64420 75
64486 0
64507 61
64534 0
64580 75
64653 0
64674 75
64676 0
64727 61
64758 92
64797 83
65047 93
65048 93
65227 83
65356 0
65685 96
65692 0
65707 67
65777 0
65866 81
66198 0
66465 93
66789 92
67177 0
67300 61
67416 0
67579 83
67591 92
67598 0
67630 75
67663 96
67676 0
68159 93
68454 0
68461 93
68605 0
68651 61
68676 83
68691 0
68768 81
68925 0
69161 81
69511 0
69519 67
69532 96
69542 0
69571 83
69669 0
69677 67
69702 0
69794 96
70108 0
70231 81
70462 0
70672 92
70674 0
70723 83
70759 0
70836 67
70948 0
71053 83
71148 0
71149 93
71221 0
71290 92
71337 0
71354 81
71398 0
71475 96
71671 0
71750 81
71774 0
72282 81
72348 0
72668 75
72677 93
72687 92
72840 81
72983 0
73024 61
73028 0
73352 75
73483 0
73614 92
73682 75
73763 0
73790 67
74065 0
74177 96
74267 0
74549 93
74740 0
74759 83
74790 93
74869 0
74880 61
74983 0
74994 67
75025 0
75354 75
75544 0
75586 67
75659 0
75694 67
75697 96
75957 0
76016 81
76227 81
76240 75
76291 0
76610 61
76896 0
76988 96
77143 0
77316 92
77724 81
77792 0
77869 61
78000 61
78058 0
78074 92
78235 0
78612 81
78720 0
78725 75
78867 75
78978 0
79092 81
79156 0
79278 81
79409 0
79519 83
79570 61
79696 0
79771 75
79939 0
79973 96
79991 0
80127 81
80207 81
80606 0
80646 83
80703 0
80717 81
80754 81
81011 92
81106 0
81265 67
81583 0
81609 61
81630 67
82038 93
82102 0
82106 96
82151 67
82227 93
82329 0
82485 92
82514 0
82625 75
82640 0
82983 61
83206 0
83396 81
83550 0
83892 75
84084 0
84102 96
84112 96
84242 96
84399 75
84511 92
84517 0
84622 93
84831 0
85052 93
85138 0
85139 75
85522 0
85600 67
85618 0
85620 92
85757 0
85762 81
86067 0
86112 96
86187 0
86348 96
86785 0
86802 61
86837 92
86847 0
86920 96
87070 92
87153 0
87181 96
87237 0
87350 81
87405 0
87639 83
87857 83
87892 0
87931 75
88125 0
88133 96
88284 0
88362 75
88477 0
89046 75
89067 67
89083 0
89125 61
89129 0
89188 61
89760 0
89873 92
90028 83
90097 0
90305 75
90324 0
90600 75
90650 75
90692 0
91382 93
91403 0
91439 81
91519 75
91626 0
91645 93
91676 61
91728 81
91758 0
91786 96
91800 96
91867 75
91962 96
92200 75
92397 96
92492 96
92720 0
92933 67
93162 61
93185 0
93271 75
93421 0
93433 93
93691 0
93741 81
93812 0
93859 75
93861 0
93987 61
94069 0
94457 93
94553 92
94605 0
94608 81
94658 0
94691 67
94786 96
94824 83
95197 93
95230 0
95236 75
95292 75
95342 61
95535 0
95553 93
95591 0
95599 67
95618 0
95665 83
95839 0
96015 75
96052 0
96338 83
96345 75
96349 96
96418 0
96508 81
96579 61
96779 61
96817 0
96837 81
96946 0
96981 92
97234 96
97429 92
97663 0
98153 81
98585 0
98708 61
98830 93
98835 0
98937 75
98962 93
99048 93
99084 75
99137 75
99166 0
99448 83
99491 75
99765 0
99871 83
99971 81
99982 0
786 events for 7
120 40
206 0
321 45
364 40
747 0
1051 39
1075 39
1101 45
1113 0
1150 40
1162 0
1284 40
1529 45
1698 0
1703 40
1709 45
1783 40
1795 40
1916 40
2000 0
2054 39
2099 0
2213 45
2249 39
2256 40
2316 0
2323 45
2483 0
2486 45
2694 0
2708 39
2861 0
2894 40
3166 39
3526 0
4069 40
4426 0
4443 39
4487 40
4622 0
4648 45
4723 0
5049 40
5226 0
5277 39
5482 0
5807 40
5915 0
5919 40
6453 0
6537 40
6766 0
6824 40
6860 0
7002 45
7153 0
7235 40
7246 0
7518 39
7577 0
7757 45
8002 39
8069 0
8074 45
8177 0
8269 45
8465 39
8624 0
8903 45
8923 0
9174 39
9257 0
9277 40
9403 0
9512 40
9708 45
9740 39
9891 39
10024 40
10026 0
10064 39
10115 0
10178 40
10196 0
10380 40
10385 0
10399 45
10503 39
10527 40
10943 0
10966 39
11112 0
11140 39
11253 0
11367 39
11579 0
11640 40
11797 0
11967 40
12100 0
12286 40
12430 0
12600 45
12623 0
12892 45
12976 0
13029 40
13255 0
13258 40
13265 39
13472 40
13491 0
13497 40
13541 0
13569 39
13760 0
13815 39
13877 40
14087 39
14209 0
14303 39
14344 39
14368 40
14413 0
14623 39
14727 0
14834 39
15642 0
15685 39
15701 0
15798 45
15880 0
15980 45
16040 40
16234 0
16267 39
16529 0
16590 45
16667 0
16764 40
17020 0
17338 39
17397 0
17506 39
17620 45
17745 0
17782 40
17955 0
17988 40
18179 0
18312 39
18332 45
18551 0
18557 45
18558 40
18571 0
18742 45
18752 39
18849 0
19055 45
19099 39
19126 0
19181 39
19223 39
19319 0
19419 39
19574 0
20027 40
20066 0
20275 45
20364 0
20399 45
20760 45
20838 0
20930 39
21077 0
21257 40
21399 0
21436 45
21537 45
21574 0
21730 45
21826 0
21864 45
21905 40
21927 0
22207 45
22224 0
22309 39
22349 40
22625 45
22646 0
22797 45
22820 45
22821 0
22832 39
22845 0
22984 45
23066 0
23131 39
23149 0
23311 39
23571 0
23574 39
23621 0
23747 45
23818 39
23848 40
24040 0
24262 39
24286 0
24315 39
24452 0
24456 39
24632 0
24669 45
24807 0
24811 39
24943 0
25106 39
25162 0
25214 39
25299 39
25431 0
25746 40
26045 0
26123 40
26169 0
26175 40
26385 0
26412 40
26443 39
26495 0
26574 39
27048 0
27108 40
27233 0
27306 39
27492 0
27506 40
27546 39
27720 39
27738 0
27777 39
27800 0
27859 45
28380 40
28438 0
28517 40
28542 0
28700 39
28824 0
28908 45
28933 0
29072 40
29211 0
29322 45
29337 0
29373 45
29388 0
29716 45
30084 40
30194 39
30196 45
31151 0
31368 45
31459 0
31549 39
31699 40
31875 0
31991 40
32218 0
32388 39
32471 0
32478 45
32589 0
32739 40
33000 0
33180 39
33216 39
33231 0
33514 40
33597 0
33601 45
33726 0
33786 40
34093 0
34106 39
34116 0
34134 45
34228 40
34352 0
34368 39
34474 0
34507 39
34561 45
34586 0
34597 40
34598 0
34637 40
34733 0
35227 40
35352 0
35390 45
35628 0
35696 40
35722 0
35893 45
36013 0
36043 40
36147 0
36262 45
36344 0
36400 45
36939 0
36978 40
37044 0
37054 45
37123 40
37127 0
37293 45
37414 45
37425 0
37630 40
37705 0
37926 39
37938 39
37993 0
38240 39
38362 0
38453 45
38570 0
38621 39
38879 0
38940 40
39093 0
39102 39
39163 0
39249 40
39290 0
39764 39
39785 0
39878 39
39964 39
40264 40
40306 0
40442 39
40768 0
41005 40
41109 0
41161 40
41451 0
41514 39
41650 0
42300 45
42489 0
42497 45
42674 0
42761 40
42828 45
43077 0
43096 45
43213 0
43229 45
43306 0
43503 45
43753 0
44588 45
44712 0
44738 40
45060 0
45136 40
45160 0
45311 45
45374 0
45405 40
45506 0
46139 39
46283 0
46425 45
46481 40
46669 0
47176 45
47205 0
47516 39
47525 0
47740 45
47836 0
47911 40
48084 40
48137 0
48219 45
48311 0
48436 40
48465 0
48614 40
48625 39
48639 39
48653 0
48753 40
48891 0
48914 39
48916 0
48953 45
49007 0
49029 40
49240 39
49306 40
49314 0
49619 40
49657 0
49727 40
49885 39
50065 0
50327 39
50695 0
50703 40
50909 0
50998 45
51001 0
51271 40
51480 45
51523 39
51706 0
51961 45
52099 45
52229 0
52288 40
52332 0
52382 45
52452 45
52467 0
52619 39
52637 40
52820 0
53012 45
53260 0
53271 40
53464 40
53544 40
53586 0
54185 40
54644 39
54654 0
54770 39
54798 39
55006 40
55337 0
55701 40
56010 45
56036 0
56103 40
56134 0
56287 45
56377 0
56508 40
56544 0
56554 45
56767 0
56971 45
57298 39
57454 0
57638 45
57682 0
57904 40
57984 40
58069 0
58130 39
58412 0
58511 39
58536 40
58552 0
58918 39
58953 0
58975 40
59063 0
59077 45
59478 0
59734 45
59744 40
60236 0
60717 45
60871 0
60955 39
60984 0
61128 40
61190 39
61264 45
61465 0
61483 39
61564 0
61611 39
61666 0
61695 45
61700 0
61779 39
61820 0
61946 40
61987 0
62129 39
62227 0
62240 39
62243 0
62348 45
62397 0
62525 45
62718 39
63041 45
63059 0
63257 39
63719 0
63725 40
63886 0
64167 40
64264 40
64473 39
64480 0
64521 39
64576 0
64840 40
64857 39
64868 0
64984 40
65016 0
65250 39
65864 0
66019 40
66194 0
66274 40
66347 39
67098 0
67189 40
67379 0
67550 39
67564 0
67593 39
67712 0
67725 45
68054 39
68227 0
68294 40
68324 40
68332 0
68385 40
68435 39
68515 0
68717 39
68989 0
68999 45
69105 0
69268 45
69569 0
69620 39
69623 45
69626 40
69693 0
69810 39
70007 0
70329 39
70354 0
70795 39
70873 0
71025 45
71058 0
71059 39
71079 0
71412 45
71483 0
71502 40
71526 0
71560 40
71652 39
71733 0
71820 45
71827 0
71897 39
71907 0
71934 39
71955 0
72259 45
72685 39
72902 0
72914 40
73093 0
73147 45
73245 0
73388 45
73568 0
73685 45
73804 45
73913 0
73986 40
73992 40
74048 0
74112 40
74118 0
74208 39
74594 0
74717 45
74906 0
75266 39
75404 0
75536 40
75791 0
75816 39
75871 45
76276 0
76574 40
76676 0
76763 45
76905 39
76963 0
77018 39
77061 0
77633 45
77717 0
78031 40
78151 0
78204 40
78434 39
78520 0
78585 39
79081 39
79317 40
79647 0
79692 45
79741 40
79768 0
79812 45
79839 0
79969 45
80090 0
80150 40
80356 0
80399 40
80423 0
80627 45
80642 0
80765 40
81166 45
81211 0
81303 39
81388 39
81427 0
81484 45
81745 0
81902 40
82001 0
82144 45
82313 0
82363 39
82449 0
82588 45
82731 40
82972 40
83007 0
83048 39
83199 0
83287 40
83363 0
83452 40
83591 0
83718 40
83844 0
83995 40
84099 45
84536 0
84597 45
84704 0
84786 40
85292 0
85357 45
85455 0
86008 40
86042 45
86288 39
86472 40
86489 45
86519 0
86573 39
86672 0
86739 45
86828 0
87281 40
87294 0
87520 45
87566 0
87693 40
87745 0
87833 45
87990 0
88085 40
88104 0
88276 45
88335 39
88394 0
88470 45
88508 0
88573 39
88664 39
88699 0
88710 39
88945 0
89089 40
89103 40
89240 0
89447 40
89572 0
89586 45
89982 0
90008 40
90079 40
90382 0
90399 39
90543 0
90548 39
90665 0
91253 45
91345 0
91353 39
91505 0
91578 45
91831 45
92389 0
92429 45
93009 0
93016 39
93344 45
93475 0
93766 39
93918 39
93924 0
94072 40
94133 39
94168 39
94252 45
94565 0
94767 40
94789 39
94802 0
94849 39
94935 0
94957 40
95176 39
95295 45
95546 0
95888 45
95925 0
95935 40
95994 40
96140 0
96266 40
96514 40
96533 0
96683 45
96915 40
96979 0
97097 39
97248 39
97252 0
97265 39
97352 0
97369 40
97415 0
97425 45
97468 0
97655 40
97998 0
98074 39
98450 0
98487 45
98541 0
98698 45
98764 0
98936 45
99040 0
99159 39
99396 0
99400 45
99420 0
99570 39
99720 0
99839 40
99880 0
99885 40
99962 0
781 events for 8
60 72
139 72
190 0
371 72
423 72
933 72
975 72
1004 0
1019 72
1131 0
1137 72
1156 0
1224 72
1244 0
1384 72
1395 72
1415 0
1449 72
1646 0
1770 72
1817 0
1838 72
1841 0
1917 72
2019 72
2064 0
2330 72
2454 0
2527 72
2532 72
2705 0
2764 72
2825 72
2854 0
3191 72
3325 72
3406 72
3590 0
4122 72
4145 0
4303 72
4404 72
4449 0
4876 72
5089 0
5219 72
5393 0
5486 72
5566 0
5652 72
5685 0
5923 72
6056 0
6128 72
6226 0
6433 72
6444 0
6627 72
6687 0
6717 72
6729 0
7049 72
7112 72
7186 72
7342 0
7414 72
7538 0
7690 72
7917 72
8193 0
8196 72
8464 0
8509 72
8692 0
8697 72
8765 0
8900 72
8973 72
9163 0
9186 72
9427 0
9550 72
9740 0
9953 72
9960 0
10101 72
10189 0
10322 72
10394 72
10897 0
11365 72
11404 0
11629 72
11667 0
11796 72
11961 0
12580 72
12770 72
12795 72
12867 0
13188 72
13327 72
13615 72
13883 72
14275 0
14384 72
14448 72
14647 0
14808 72
14817 0
14855 72
14960 0
15007 72
15173 0
15236 72
15362 0
15549 72
15561 72
15645 0
15852 72
15872 0
15910 72
16037 72
16084 0
16087 72
16119 0
16207 72
16292 0
16318 72
16341 0
16464 72
16503 0
16504 72
16550 0
16585 72
16612 0
16944 72
17016 0
17224 72
17358 0
17829 72
17948 0
18024 72
18076 0
18204 72
18427 0
18646 72
19008 0
19265 72
19334 72
19638 72
19759 72
19788 0
19800 72
19947 72
19973 0
20114 72
20137 0
20144 72
20235 72
20289 0
20430 72
20603 0
20637 72
20846 0
20924 72
21154 0
21545 72
21793 72
22024 0
22065 72
22166 0
22179 72
22255 72
22439 0
22649 72
22816 0
22975 72
23230 0
23350 72
23454 0
23656 72
24004 72
24011 0
24076 72
24235 0
24258 72
24562 0
24587 72
24740 72
24800 0
24829 72
24940 72
25007 72
25114 0
25175 72
25197 0
25618 72
25835 72
25854 72
26160 72
26220 0
26315 72
26342 0
26404 72
26452 0
26543 72
26552 0
26878 72
26927 72
27000 0
27418 72
27814 0
28083 72
28202 72
28365 0
28518 72
28530 0
28744 72
28763 0
28882 72
28970 72
28992 0
29013 72
29058 0
29121 72
29358 0
29458 72
29505 0
29523 72
29709 72
29928 0
30079 72
30289 72
30361 0
30573 72
30772 72
30796 72
31040 0
31121 72
31161 0
31210 72
31220 72
31504 0
31665 72
31679 0
31733 72
31858 0
32133 72
32194 72
32388 0
32436 72
32610 0
32831 72
32977 0
33086 72
33388 0
33552 72
33827 0
33837 72
34104 0
34170 72
34366 0
34387 72
34399 72
34823 0
35006 72
35043 72
35452 0
35472 72
35549 0
35608 72
35684 0
35758 72
35786 0
35814 72
35900 0
35903 72
36053 72
36100 0
36218 72
36235 0
36361 72
36367 0
36423 72
36718 0
36966 72
37045 72
37100 0
37134 72
37313 0
37350 72
37364 0
37494 72
37604 0
37663 72
37687 72
37758 0
37864 72
38119 72
38442 72
38632 0
38669 72
38685 0
38763 72
38798 72
38897 0
38899 72
38913 0
38977 72
39576 0
39746 72
39912 72
39963 0
40029 72
40157 0
40203 72
40286 72
40322 72
40352 0
40463 72
40514 72
41058 0
41072 72
41264 0
41504 72
41605 0
41647 72
41690 0
41786 72
41835 0
42078 72
42220 72
42290 0
42343 72
42773 72
42785 0
42918 72
43276 0
43491 72
43539 72
43543 72
44146 72
44202 0
44237 72
44343 72
44360 0
44386 72
44409 0
44513 72
44649 0
44657 72
44709 0
44747 72
44933 0
45038 72
45043 0
45061 72
45259 0
45439 72
45487 0
45661 72
46293 72
46329 0
46335 72
46350 72
46413 0
46593 72
46734 72
46990 0
46993 72
47128 0
47321 72
47403 72
47443 0
47447 72
47577 72
47830 0
47875 72
47931 72
48097 0
48248 72
48315 0
48317 72
48533 0
48625 72
48747 72
48772 0
48872 72
49144 0
49224 72
49283 0
49318 72
49701 0
49932 72
50341 0
50396 72
50466 0
50600 72
50637 0
50912 72
50995 72
51137 0
51155 72
51156 0
51332 72
51409 72
51688 72
51946 72
52259 72
52391 0
52559 72
52748 0
52753 72
52968 0
53417 72
53514 0
53558 72
53706 0
53772 72
53867 72
53868 72
54070 0
54100 72
54232 72
54295 0
54332 72
54377 0
54686 72
54977 0
55191 72
55252 0
55616 72
55846 0
55947 72
56060 0
56731 72
57060 72
57186 0
57372 72
57666 0
57832 72
57840 0
57937 72
57958 72
58102 0
58232 72
58275 0
58396 72
58605 0
58624 72
58773 72
58876 72
58934 0
58939 72
58982 0
59037 72
59058 72
59214 72
59532 0
59539 72
59553 72
59655 0
59700 72
59767 0
60033 72
60098 0
60099 72
60513 0
60631 72
60686 0
60788 72
61001 0
61057 72
61162 72
61424 0
61632 72
61830 0
62103 72
62306 0
62307 72
62340 0
62382 72
62438 72
62454 0
62542 72
62797 0
62823 72
62860 0
62977 72
63191 0
63340 72
63654 0
63729 72
63925 0
64012 72
64016 0
64040 72
64176 0
64191 72
64194 0
64270 72
64400 0
64422 72
64497 0
64794 72
64806 0
65003 72
65097 0
65367 72
65429 0
65470 72
65611 0
65670 72
65753 72
65796 0
66152 72
66176 0
66455 72
66507 72
66674 0
66740 72
66749 72
66796 0
67021 72
67094 0
67098 72
67330 72
67427 0
67635 72
67656 72
67801 0
67835 72
67836 0
67869 72
67900 0
67937 72
68140 72
68187 72
68210 72
68249 0
68363 72
68411 72
68685 0
68688 72
68721 0
68799 72
68800 0
69062 72
69539 0
69680 72
69919 72
70047 0
70119 72
70132 0
70408 72
70425 72
70600 72
71175 0
71303 72
71629 72
72014 72
72097 72
72176 0
72530 72
72539 0
72548 72
72615 0
72820 72
72924 72
73289 72
73291 72
73504 0
73506 72
73521 72
73557 0
73801 72
73974 0
74167 72
74418 0
74419 72
74504 72
74508 0
74601 72
74668 0
74739 72
74759 0
74889 72
74922 0
75035 72
75049 72
75065 72
75167 0
75188 72
75509 0
75549 72
75588 0
75668 72
75912 0
76028 72
76174 0
76514 72
76556 0
76574 72
76692 0
77057 72
77349 0
77575 72
77614 72
77717 72
77834 72
77906 72
77977 72
78041 0
78090 72
78203 0
78247 72
78428 72
78476 72
78528 0
78580 72
79044 72
79211 0
79486 72
79528 0
79576 72
79675 0
79915 72
79955 0
79963 72
79965 72
79967 0
80000 72
80050 72
80077 72
80161 0
80312 72
80402 0
80594 72
80987 0
81031 72
81097 72
81111 0
81297 72
81302 72
81481 72
81522 72
81609 0
81618 72
82125 72
82150 72
82246 0
83104 72
83191 72
83192 0
83195 72
83231 72
83233 72
83388 0
83406 72
83573 0
83659 72
83801 0
83886 72
83887 72
84012 0
84033 72
84131 72
84163 72
84388 72
84804 0
84892 72
85023 0
85147 72
85231 0
85268 72
85317 0
85412 72
85437 0
85453 72
85505 0
85655 72
85869 0
85909 72
86054 0
86175 72
86548 0
86702 72
86716 0
86766 72
87140 0
87437 72
87481 0
87797 72
87974 0
87986 72
87993 0
88251 72
88300 0
88464 72
88530 0
88716 72
88768 72
88790 72
88847 72
88898 0
89089 72
89181 0
89198 72
89487 0
89669 72
89739 0
89761 72
89846 0
89853 72
90340 72
90386 0
90563 72
90573 0
90806 72
91298 0
91345 72
91391 0
91412 72
91670 0
91781 72
91927 72
91967 0
92111 72
92192 72
92430 0
92474 72
92482 0
92529 72
92666 72
92888 72
93063 0
93179 72
93327 72
93355 0
93397 72
93475 72
93577 0
93617 72
93665 72
93781 0
93892 72
94067 0
94375 72
94570 72
95005 72
95035 0
95121 72
95345 0
95406 72
95534 0
95548 72
95564 0
95894 72
96227 72
96587 0
96762 72
96949 0
97120 72
97478 0
97588 72
97638 0
98408 72
98484 0
98636 72
98662 72
98672 0
98742 72
99024 0
99246 72
99356 0
99437 72
99503 0
99588 72
99597 0
99701 72
631 events for 9
74 25
221 22
489 26
612 0
740 23
877 0
903 34
1066 25
1268 0
1296 29
1407 0
1625 30
1735 0
2240 26
2969 0
3040 22
3265 0
3333 29
3898 0
4083 22
4205 30
4268 0
4491 29
4825 0
4906 25
5375 26
5428 22
5485 0
5489 34
5511 0
5570 22
5572 0
5648 29
5721 0
5912 34
5976 0
6162 25
6199 0
6257 22
6304 0
6611 29
6913 34
6922 0
6946 29
6981 23
7045 0
7100 29
7219 0
7296 34
7720 0
8522 29
8600 29
8654 0
8750 30
8905 25
8994 0
9025 29
9350 30
9510 29
9718 0
9755 25
9788 0
9827 25
10042 23
10052 34
10167 0
10367 25
10446 34
10545 0
10627 34
10706 0
10819 25
10865 0
10995 26
11141 34
11150 0
11258 26
11467 26
11518 22
11604 0
11605 22
12018 0
12455 25
12782 0
13012 25
13083 0
13292 23
13376 0
13471 29
13530 0
13612 34
13685 0
13752 25
13781 0
14128 34
14639 0
14915 23
14922 23
14998 0
15047 26
15191 0
15215 34
15533 30
15675 0
15815 30
15919 22
16177 0
16337 30
16561 23
16607 0
17028 23
17071 0
17365 26
17809 0
17866 23
18083 34
18095 0
18131 22
18144 0
18437 23
18626 34
18672 0
18805 30
18842 25
19188 0
19418 22
19535 0
20009 29
20272 0
20534 34
20550 0
20634 23
20754 29
21131 29
21232 22
21311 0
21321 30
21380 30
21405 25
21531 0
21903 34
22127 0
22174 26
22185 0
22459 25
22489 0
22544 26
22721 0
22874 30
23217 0
23242 23
23352 0
24295 25
24456 0
24461 26
24630 0
25002 25
25023 0
25046 23
25233 0
25440 26
25534 0
25563 22
25639 0
25789 30
26184 0
26452 25
26464 29
26485 25
26493 0
26521 29
26655 0
26717 25
26923 22
27252 0
27602 29
27691 30
27703 0
27994 26
28040 0
28042 30
28488 0
28553 34
28857 0
28920 30
28923 0
28929 25
29084 0
29108 26
29326 0
30645 29
30724 0
30737 26
30916 0
31584 25
31705 0
31770 29
31792 0
31934 23
31969 0
32072 34
32338 0
32349 25
32421 29
32629 22
32759 22
33594 22
33848 23
34499 0
34532 29
34973 0
35073 34
35088 23
35095 0
35099 30
35325 0
35371 25
35408 0
35832 30
37272 25
37309 0
37329 22
37377 0
37440 34
37505 0
37563 23
37663 0
37711 25
37734 25
37895 0
37897 25
38049 0
38399 34
38547 0
39022 25
39114 25
39493 26
39548 0
39651 22
39955 0
40058 29
40088 0
40110 25
40184 0
40266 22
40466 0
40849 29
40927 0
41007 26
41273 0
41356 30
41529 0
41681 29
41879 30
42234 0
42365 25
42467 0
42475 30
42656 0
42853 30
43044 0
43077 30
43086 0
43116 30
43134 0
43563 26
43734 0
43738 25
44159 0
44167 34
44332 25
44535 0
44830 22
44996 26
45108 34
45327 0
45440 26
45463 0
45581 30
45611 0
45619 34
45880 34
45937 0
46055 29
46175 0
46213 26
46729 0
46910 30
47003 0
47325 25
47415 23
47608 0
47961 25
48034 29
48073 0
48135 25
48466 0
48592 29
49115 0
49197 34
49269 0
49527 22
49596 30
49644 0
49697 34
50126 0
50216 30
50235 0
50275 26
50306 0
50514 29
50946 25
51207 0
51220 23
51528 0
51677 26
51739 0
51782 26
51876 0
51996 23
52049 0
52068 25
52091 0
52327 26
52597 30
52638 0
53016 22
53218 0
53432 22
53538 22
53658 26
54129 0
54161 34
54493 0
54655 25
54964 0
54978 25
55021 26
55165 0
55325 26
55534 0
55577 30
55886 0
55968 29
56113 0
56176 22
56302 26
56498 0
56571 25
56809 0
56846 34
56859 0
56861 25
57175 0
57238 25
57469 0
57548 26
57604 23
57743 0
57882 26
58042 34
58057 0
58220 22
58308 0
58360 22
58650 0
58919 30
59494 22
59631 0
59809 26
60144 22
60154 25
60231 23
60334 25
60675 0
61072 34
61135 34
61322 30
61347 0
61401 30
61514 0
61965 25
62073 0
62112 25
62132 25
62149 0
62199 26
62257 0
62715 22
62762 0
62878 25
63161 0
63246 23
63639 0
63804 34
63921 26
63922 0
64091 30
64296 0
64600 29
64640 34
64705 0
64749 34
64864 0
65138 25
65407 0
65443 26
66280 0
66301 26
66489 0
66890 34
67170 0
67194 30
67203 26
67368 0
67369 29
67562 0
67568 26
67585 0
67751 22
67814 34
67907 0
68010 25
68037 34
68451 0
68483 23
68544 0
68583 29
68679 0
68842 25
69165 34
69207 0
69435 23
69884 0
70192 25
70294 0
70617 26
70881 0
70945 30
71153 0
71232 25
71308 0
71670 26
71678 0
71992 23
72088 25
72239 0
72400 25
72582 0
72794 30
72800 0
72898 30
73028 0
73399 34
73416 0
73451 23
73614 0
73705 25
73862 22
73939 0
74201 34
74463 0
74675 34
74733 0
74989 29
75138 0
75255 25
75353 0
75477 29
75501 29
75581 0
76173 26
76294 0
76459 25
77006 0
77101 30
77480 26
77680 0
77741 29
77830 0
77922 29
78055 0
78442 34
78597 0
79129 30
79290 34
79315 25
79360 0
79437 29
79659 0
79667 30
79698 0
79736 34
79796 26
79843 0
79858 25
80098 0
80101 26
80168 0
80330 22
80987 26
81202 0
81233 26
81316 0
81574 25
81837 0
82403 30
82421 0
82519 22
82613 0
82814 29
83003 0
83150 34
83321 0
83470 26
83501 0
83544 25
83575 0
83728 29
83732 25
84041 0
84042 26
84330 0
84396 29
84571 26
84614 0
84879 25
84904 0
84985 22
85119 0
85560 34
85818 0
85829 34
85913 0
86079 25
86092 0
86094 29
86190 0
86201 29
86595 30
86642 26
86858 34
86944 0
87173 26
87202 0
87246 26
87247 0
87286 26
87672 0
87679 30
88444 22
88445 0
88448 23
88570 23
88905 0
89313 25
89356 0
89804 30
89891 34
89909 0
90046 30
90166 26
90262 0
90419 25
90591 0
90932 23
91238 0
91243 34
91262 0
91465 30
91632 29
91675 0
91869 25
91960 26
92094 0
92235 25
92331 0
92448 34
92581 0
92677 23
92762 22
93196 0
93215 34
93540 26
93562 0
93607 25
93835 0
93888 30
94195 0
94302 34
94309 0
94358 22
95224 0
95279 25
95780 0
96051 23
96163 22
96185 0
96252 30
96352 0
96365 25
96445 0
96446 34
96476 0
96569 22
96585 0
96866 34
96962 26
97021 0
97121 25
97289 0
97310 22
97549 0
97629 22
97855 25
98135 22
98138 23
98464 25
98689 34
98711 0
98892 23
99013 30
99035 0
99269 34
99272 25
99392 0
99534 25
99552 0
99856 34
99941 26
99954 25
308 events for 10
225 26
284 0
1482 27
1941 26
2820 0
3116 26
3593 0
3709 27
4685 0
5660 25
5694 25
5883 0
6132 26
6275 26
6488 0
6924 25
7015 0
7211 25
7605 26
7692 25
7878 27
8189 26
8401 0
9231 27
9266 27
9614 0
10261 25
10347 26
10432 0
10761 27
10908 0
11306 26
11424 0
12146 26
12257 0
12271 25
12315 0
13011 25
13031 0
13049 26
13169 0
13624 26
13678 0
14374 26
15137 27
15498 0
15729 27
15826 0
15902 27
16736 0
16898 27
16932 0
17196 26
17341 0
17589 26
17815 0
19008 26
19572 0
19725 26
20063 27
20335 0
20650 26
21101 0
21488 26
21559 0
21879 26
22234 0
22311 26
22398 0
22471 27
22959 0
23065 27
23078 0
23200 27
23215 0
23708 26
24256 0
24317 25
24538 0
24603 27
26041 0
26347 26
26622 0
26660 26
26726 0
27085 26
27357 0
27379 25
27418 0
28176 27
28347 26
28390 0
28990 27
29033 0
29095 25
29117 26
29742 0
29845 26
29857 0
30051 26
30312 0
30475 27
31063 27
31224 0
31355 26
31727 0
31877 26
32478 0
32718 26
33142 25
33667 0
34158 26
34287 26
34821 0
35488 26
35748 0
35881 27
37663 0
37664 25
37878 0
37890 25
38083 0
39331 26
40228 0
40237 26
40317 0
40530 27
40544 0
40767 26
41019 27
41185 0
41365 26
41420 0
41782 26
42789 0
43234 26
43420 0
43591 27
43662 25
43682 27
43696 26
43735 0
44425 27
44457 0
44602 26
45170 25
45230 0
45821 27
45852 0
46001 26
46874 0
47349 26
47487 0
47816 26
48085 26
48613 0
48767 27
48775 0
49309 26
49351 0
51406 26
51553 0
51569 26
51735 0
51762 26
51828 0
51890 25
52172 26
52364 0
52490 27
53045 0
54324 26
54821 26
54830 27
55865 0
55918 26
56434 0
57075 27
57444 27
57748 0
57916 26
58032 0
58185 26
58406 27
58427 0
58518 27
58651 0
59094 26
59720 0
60006 27
60173 27
60422 0
60678 27
61338 0
61734 27
61900 0
62148 27
62227 0
62299 26
63091 0
63514 26
63681 0
64075 27
64480 0
64501 26
64770 0
64786 26
65472 25
65514 0
65662 26
66392 0
66672 26
66909 0
67680 26
69111 0
69252 25
69590 0
69670 27
70571 0
70603 26
70674 26
70916 27
71503 25
71873 27
71939 26
72407 26
72949 0
73825 26
74716 0
75190 26
76176 25
77354 0
77363 27
78312 26
79120 0
79531 27
80352 0
80747 27
80912 0
81110 26
81899 0
82228 25
82319 26
83652 27
85438 26
85467 0
85550 27
85666 0
85902 27
85906 27
85935 0
86273 27
86284 0
86308 27
86405 0
86479 27
86762 27
86837 0
87142 26
87218 0
87340 25
87387 0
87460 27
87465 0
87519 25
87736 0
87918 26
88424 26
88430 0
88869 27
88998 26
89025 0
89102 27
89310 0
89485 26
89669 26
89787 0
89880 25
89912 0
90179 27
90200 0
91170 25
91184 0
91194 26
91482 26
91975 26
93081 27
94756 0
94838 25
95427 25
95657 26
95804 0
96145 26
96404 0
96734 26
97007 0
97213 27
97386 25
97465 0
97610 27
97877 0
97922 26
98292 25
98504 0
98618 25
98946 25
99066 0
99305 27
509 events for 11
453 68
576 0
985 72
1362 72
2153 0
2155 73
2511 0
2625 72
2804 0
2922 65
2969 72
3524 0
4401 65
4617 0
4643 72
4652 72
4797 0
4925 64
5003 0
5021 65
5035 0
5062 63
5067 0
5332 64
5516 0
5657 64
5676 73
5711 0
5761 68
6310 65
6345 0
6368 73
7381 64
7419 0
7530 65
7648 0
7671 72
7723 73
7792 68
8672 0
9064 72
9353 0
9383 65
10080 0
10227 65
11315 72
11476 0
11760 65
12010 0
12134 63
12460 0
12881 72
12886 0
13000 73
13005 64
13344 0
13356 63
13441 0
13722 64
13875 0
13950 64
14070 0
14098 72
14150 73
14168 73
14241 0
14787 65
14792 0
14936 65
15056 0
15057 72
15104 0
15471 73
16461 0
16537 65
17469 72
17693 0
17734 73
17940 0
18277 72
18515 0
18780 72
19197 0
19706 68
20135 0
20140 64
20256 0
20298 73
20629 64
20632 0
20685 73
21396 65
21861 0
22324 72
22722 0
23133 73
23151 72
23171 65
23347 0
23556 65
23564 0
24227 64
24448 63
24454 0
24554 64
24581 0
24727 73
24838 73
24842 64
25031 65
25327 0
26023 72
26219 68
26334 0
26362 73
26422 0
26644 73
26824 0
27078 73
27531 0
27984 68
28467 73
28622 0
29282 63
29444 0
30209 68
30251 0
30772 63
30797 0
30874 63
30961 0
31030 65
31138 0
31216 73
31368 0
31700 72
31958 0
32020 63
32463 0
33039 72
33143 0
33159 63
33495 0
33509 73
33988 0
34149 72
34375 0
34548 73
34990 63
35442 0
35588 72
35969 64
35974 65
36101 0
37242 68
37283 73
37506 64
37588 0
37649 64
38004 0
38140 64
38150 72
38274 0
38322 64
38464 0
39151 63
39254 0
39536 72
39729 0
39798 73
40185 0
40727 65
40803 65
41029 72
41202 0
41269 63
41455 73
41464 0
41714 72
41725 0
41750 72
41943 0
42218 63
42624 65
43029 73
43355 0
43446 73
43640 0
43688 72
43887 0
44136 72
45473 0
46019 73
46165 0
46217 73
46261 0
46285 73
46699 0
47393 64
47614 73
47754 68
48131 0
48196 63
48331 72
48382 73
48523 72
48619 65
49127 72
49325 73
49345 68
49991 0
50068 73
50073 72
50090 72
50138 0
50185 68
50322 72
51065 0
51390 73
51406 65
51660 0
52454 72
52503 73
52583 0
52930 73
53034 0
53113 73
53256 63
53261 0
53307 72
53508 0
53569 68
53647 0
53674 72
53989 65
54575 63
54866 0
54880 72
55047 73
55214 63
55318 0
55513 73
55701 73
55847 68
55876 0
55915 65
56439 64
56645 0
57034 65
57917 73
57922 0
58019 64
58467 64
58571 0
59057 73
59122 73
59481 0
59594 72
59604 0
59793 63
59831 73
60085 0
60159 65
60317 65
60426 72
60501 72
60674 0
60695 73
60961 0
61078 72
61083 0
61368 73
61548 0
61575 68
61600 72
61900 0
61957 73
62364 0
62431 65
63212 0
63280 63
63295 0
63382 68
63404 0
63634 65
63848 0
63919 73
64105 65
64325 0
64820 63
64861 0
65091 64
65163 0
65422 65
65480 0
65604 73
65876 65
66372 0
66463 73
66798 0
67566 72
67577 0
68192 68
68581 72
68693 0
68740 73
68824 65
68846 0
69352 65
69379 0
69461 73
69556 68
69745 0
69807 64
70190 0
70234 72
70272 0
70469 65
70571 0
70616 73
70725 0
70756 73
70766 0
71062 73
71356 72
71812 64
71836 0
71908 65
72111 0
72229 72
72284 0
72513 65
72567 0
72630 73
72694 0
72707 73
72800 0
72823 68
73056 73
73297 65
73313 0
73427 72
73637 0
73755 65
73917 0
74009 72
74059 0
74257 65
74300 64
74427 0
74523 73
74916 0
75534 73
75702 73
76149 72
76181 0
76725 72
76735 0
76774 72
76940 0
76948 65
77084 0
77188 73
77284 0
77796 72
77813 0
77837 65
78288 73
78296 0
78569 63
78897 0
79215 73
79299 0
79380 73
79394 0
79441 73
79709 0
79803 72
80020 0
80088 73
80550 0
80569 72
80588 73
80594 0
80599 73
80657 64
80717 64
81014 65
81083 0
81273 73
81601 0
81676 63
81765 0
81805 72
82031 65
82038 0
82366 63
82493 0
82898 65
82972 0
83094 72
83255 0
83304 73
83428 0
83496 65
83529 0
83652 73
83761 0
84053 72
84273 73
84369 0
84666 63
84759 0
85044 72
85084 73
85313 0
85441 73
85489 0
85735 65
85779 0
85823 63
85835 65
86130 0
86244 73
86376 0
86524 73
86702 0
86751 64
86926 0
86994 65
87058 0
87121 73
87219 72
87414 0
87510 65
87617 73
87831 64
88159 72
88479 0
88547 73
88619 0
88623 72
88633 0
88655 63
88755 65
88838 0
89017 65
89065 0
89766 73
89841 0
90436 72
90603 65
90720 0
90737 65
90763 72
90812 0
90886 72
91054 0
91541 73
91564 72
91738 0
91873 64
92059 0
92452 64
92459 0
92546 73
92554 0
92959 72
92965 0
93010 72
93321 0
93403 68
93406 0
93799 73
94910 73
95061 0
95081 68
95425 65
95510 0
95568 73
95744 0
95750 63
95863 0
96125 64
96338 0
96396 64
96407 72
96680 0
96924 73
97032 65
97323 73
97385 65
97601 0
97607 65
97626 0
97664 64
97798 0
97808 65
98139 73
98220 64
98459 0
98620 72
98835 0
98844 73
98879 0
99312 64
99438 65
99480 0
99529 72
757 events for 12
23 76
120 0
212 76
430 0
467 76
573 0
737 76
933 0
946 76
1572 0
1609 77
1935 76
1958 0
1981 79
2451 77
2534 0
2839 77
2847 0
2962 76
3108 0
3353 77
3582 0
3597 79
3643 0
3702 79
3716 79
3741 0
3772 79
3908 76
4399 0
4405 77
4477 0
4518 76
4529 0
4605 77
4639 0
4854 76
4967 0
5216 77
5261 0
5281 76
5353 0
5527 76
6162 0
6519 76
6739 0
7077 77
7243 77
7326 0
7480 76
7515 77
7584 0
7841 76
8084 0
8089 76
8282 0
8639 77
8663 76
8775 0
8815 77
9205 0
9321 77
9346 76
9348 76
9428 0
9488 76
9518 0
9584 77
9865 0
10161 76
10184 0
10220 77
10376 79
10434 0
10458 76
10515 0
10641 76
10655 0
11125 76
11228 0
11238 76
11480 0
11618 76
11763 0
11832 79
11856 0
12070 77
12168 0
12294 77
12569 0
12577 76
12668 0
12868 76
13422 0
13562 79
13677 0
14203 76
14427 0
14625 76
14708 0
15015 76
15057 0
15113 76
15152 0
15233 79
15266 79
15400 0
15537 76
15581 0
15689 77
15986 0
16649 77
16811 76
16994 77
17116 0
17119 77
17135 0
17310 79
17523 0
17545 76
17872 0
17898 77
17927 76
18181 0
18310 79
18580 79
18581 77
18654 76
18852 76
18867 0
19329 76
19691 0
19811 76
20308 0
20362 79
20596 0
20644 77
20817 76
20841 0
20877 76
21028 0
21193 79
21474 0
21983 76
22061 77
22135 0
22136 79
22226 76
22233 76
22234 76
22359 0
22753 77
22786 79
22999 79
23114 76
23128 0
23214 79
23335 0
23560 76
23610 0
23782 77
23929 0
24022 76
24083 76
24237 79
24239 0
24262 77
24501 0
24578 79
24593 0
24762 77
24917 0
24988 79
25218 0
25411 79
25481 77
25524 0
25712 79
25903 76
26088 0
26315 79
26401 77
26525 0
26889 79
26931 0
26991 79
27138 0
27208 76
27311 0
27336 76
27347 0
27472 76
28132 0
28297 76
28723 0
28781 77
28822 79
29041 0
29158 76
29170 0
29269 76
29443 0
29493 79
29508 0
29681 77
29896 0
30139 76
30209 0
30647 79
30699 0
30969 77
30973 0
31189 76
31303 76
31484 0
31599 79
31842 0
31869 79
31932 77
32186 0
32443 79
32583 0
32704 79
32745 0
32982 76
33047 77
33086 76
34066 0
34114 76
34175 76
34427 0
34577 77
34948 0
35019 77
35233 0
35474 76
35617 0
35777 76
35790 76
35869 76
36129 0
36457 77
36807 0
36954 79
36982 0
37122 76
37149 0
37398 79
37568 0
37673 77
37691 0
37720 79
37770 0
37805 76
37820 0
37828 79
37842 0
37988 76
38294 0
38464 79
38666 0
38669 76
38894 0
38942 76
39092 0
39350 79
39420 0
39444 76
39446 0
39629 77
39656 77
39684 0
39730 77
39732 0
39891 76
39949 0
40044 76
40316 76
40384 76
40540 0
40603 79
40700 76
40742 0
40868 76
40960 79
40992 0
41018 77
41132 79
41140 76
41211 76
41344 0
41395 79
41908 0
41961 76
41999 0
42221 79
42267 0
42300 77
42557 0
42597 77
42768 0
43219 77
43233 0
43330 76
43575 0
43585 76
43651 76
43685 0
43811 79
43813 76
43898 0
44041 77
44091 0
44120 76
44147 76
44174 0
44262 79
44306 76
44310 0
44588 79
44914 79
45113 0
45360 76
45433 0
45493 76
45647 79
45693 0
45794 76
45910 79
45977 0
46134 76
46287 0
46404 76
46519 0
46576 76
46697 0
46731 76
46833 0
46884 76
46914 0
47219 79
47303 0
47467 76
47550 79
47642 0
47973 76
48036 0
48049 76
48186 0
48273 76
48534 0
48551 76
48827 76
48892 0
48991 76
49067 0
49287 79
49548 0
49687 79
49702 0
49814 77
50035 0
50064 77
50239 76
50415 0
50622 79
50631 76
50671 0
50805 76
50979 0
50998 76
51026 0
51237 77
51315 0
51629 77
51648 0
51703 77
51831 0
51842 77
51923 0
52070 77
52698 76
52850 0
53047 77
53116 0
53137 76
53307 77
53320 0
53692 79
53703 0
53709 76
53760 0
53763 77
54237 0
54245 76
54411 0
54675 79
54681 0
54822 79
55079 0
55370 79
55504 76
55520 79
55545 0
55796 76
55799 79
55815 0
56001 76
56070 0
56129 76
56394 76
56406 0
56471 76
56499 0
56627 76
56647 0
56836 76
57096 0
57462 77
57502 0
58398 76
58466 0
58481 76
58559 0
58823 76
58919 0
59129 77
59152 0
59310 79
59345 0
59453 76
59686 0
59690 76
59712 0
59878 77
59947 79
60005 77
60224 0
60233 79
60263 76
60622 0
60726 76
61328 0
61532 76
61534 79
61587 0
61793 79
62053 77
62077 0
62468 79
62494 0
62565 77
62670 0
62726 76
62816 76
62917 76
63207 77
63262 0
63280 79
63332 0
63424 79
63578 76
63603 0
63671 79
63825 0
63889 77
64007 76
64092 76
64376 0
64402 76
64441 0
64741 77
64930 0
65076 76
65489 0
65630 76
65659 0
65724 76
65788 0
65850 76
65867 79
65950 0
66060 76
66072 0
66124 76
66158 0
66875 76
67169 0
67186 79
67265 0
67517 76
67589 0
67618 77
67688 76
67901 79
67988 0
68163 76
68192 0
68221 76
68515 0
68518 77
68653 76
68722 0
68785 76
68898 0
68989 79
69060 0
69187 79
69370 0
69373 79
69510 77
69677 0
69682 76
69704 0
69740 79
69836 76
69851 0
69903 79
70082 0
70152 76
70191 0
70281 77
70285 0
70614 77
70711 0
70733 77
70746 77
71011 0
71277 79
71328 0
71845 77
72159 76
72221 76
72236 76
72343 0
72577 76
72678 0
72696 76
72714 0
72753 76
72835 76
72955 0
73063 76
73327 0
73516 79
73540 0
73735 77
73776 0
73790 77
73888 0
73968 79
74089 79
74198 76
74244 0
74541 76
74661 0
74759 76
74823 0
75120 77
75333 76
75402 0
75460 76
75465 0
75474 77
75521 76
75546 0
75607 76
75621 0
75768 76
75796 76
75862 0
75867 77
75880 0
76007 76
76211 0
76307 77
76509 79
76716 0
76795 79
77406 0
77485 79
77629 76
77710 0
77749 77
77879 0
77991 76
78078 0
78594 76
78616 79
78680 0
78924 76
78931 0
79352 79
79491 76
79544 0
79960 76
80094 0
80336 77
80384 0
80544 77
80568 76
80569 0
80600 76
80849 79
80884 0
81001 77
81128 0
81141 79
81163 0
81184 76
81326 0
81513 77
81543 79
81695 0
81971 77
82146 76
82210 0
82330 76
82601 0
82713 79
82721 0
82752 77
82956 76
82980 0
83017 76
83139 0
83256 77
83338 0
83348 79
83418 77
83426 76
83555 76
83598 0
83831 76
84097 0
84130 79
84204 0
84491 77
84737 77
85018 76
85138 0
85343 79
85409 77
85650 0
85923 79
85952 0
85972 76
86136 0
86216 76
86403 77
86516 0
86568 77
86656 76
86801 76
86859 0
86962 77
86965 0
87466 76
87520 76
87556 0
87637 79
87819 0
88181 76
88281 0
88305 76
88372 0
88512 76
88829 0
89175 79
89228 77
89495 77
89553 0
89636 76
89670 0
89675 76
89755 76
89825 79
89990 76
90145 0
90151 76
90458 0
90502 76
90703 77
90839 0
90844 77
90846 77
91008 0
91129 79
91371 76
91964 0
92006 77
92040 76
92095 0
92122 77
92198 0
92200 76
92259 0
92286 76
92443 0
92512 79
92527 0
92825 79
92947 0
93200 76
93233 76
93540 0
93541 77
93925 77
94097 0
94113 77
94267 79
94268 77
94327 76
94554 0
94586 76
94797 76
94988 0
95037 76
95454 76
95736 76
95781 0
95880 76
96024 0
96055 79
96062 0
96088 76
96162 0
96166 79
96176 0
96197 76
96215 0
96226 79
96239 0
96575 76
96648 0
96697 77
96868 0
96951 76
97248 0
97472 79
97520 0
97904 77
98046 0
98111 76
98203 0
98305 76
98314 0
98359 76
98387 0
98489 76
98541 0
98577 76
98645 0
98892 76
98896 0
98959 76
99089 0
160 events for 13
627 75
732 0
882 78
1090 0
1636 78
2815 0
3133 74
4249 0
4276 74
4661 0
5042 78
5751 0
6391 78
6423 0
6776 81
7408 78
8840 74
8991 0
9439 75
9784 0
12804 74
13636 0
13645 78
13835 0
13886 78
14264 0
14288 78
14637 74
15243 78
15606 0
17954 81
18749 0
18838 81
19065 0
20901 74
20973 0
21626 75
23310 0
23699 81
25142 0
25950 81
27445 0
29611 75
29799 0
30067 78
30213 0
31187 81
31666 0
31824 78
32128 0
32155 74
32977 0
33215 78
33483 0
33808 78
34038 0
34129 78
34372 0
35885 75
35929 81
36271 0
36554 75
36590 78
36652 81
36765 0
38434 78
38439 0
39357 78
39800 0
41320 74
41373 0
42189 74
42438 0
42733 74
43021 0
43066 74
43481 74
44028 78
44617 0
44893 75
45647 0
45964 74
46363 0
46893 78
47147 0
48624 81
49120 0
49207 78
49893 0
50911 75
52271 0
54958 75
55237 0
56073 78
56208 0
56237 75
56352 0
59481 74
60045 0
60085 78
62191 0
62405 75
62410 78
62467 0
62617 75
62637 0
63871 74
64620 0
65667 74
65866 0
66842 75
66896 0
68025 74
68449 81
68469 0
68977 75
69040 75
69506 0
70723 75
71217 81
71999 78
72491 0
72838 74
73795 0
74356 74
76158 0
77624 74
77971 81
79121 81
79267 0
80502 74
81003 0
82728 74
83037 0
83210 75
83546 0
84161 81
84201 0
84964 78
85085 0
85552 78
86229 75
86614 0
86654 81
87276 0
88018 74
88639 0
88844 78
89834 0
90846 74
91103 0
91510 81
94350 0
95043 78
95421 0
95779 74
97484 0
99150 78
99309 0
99412 78
363 events for 14
1093 42
1606 42
2225 0
2986 42
3468 0
3645 20
3714 0
3745 42
3971 0
4067 42
4109 0
4111 42
4520 42
4631 0
4823 42
4829 0
4854 42
4897 0
5124 20
5584 0
6727 42
6965 20
7086 0
7091 20
7257 20
7331 42
7922 0
7972 42
8138 0
8265 20
8276 0
8587 20
8881 20
9120 0
9250 20
9330 42
9448 0
9458 42
9807 0
10123 20
10636 20
10969 0
11039 20
11139 0
11234 42
11294 20
11787 0
11982 20
12612 0
12670 42
12966 0
13033 42
13379 20
13595 0
13680 20
13808 0
13822 20
13883 0
14313 20
14327 0
14381 20
14652 0
15803 42
15912 42
16479 0
16605 20
17149 0
17200 20
17856 20
18080 0
18798 42
19106 20
19301 42
20216 0
20565 42
20763 0
20915 42
20982 0
21263 20
21374 0
21755 20
21794 42
21830 0
21873 42
22124 0
22173 20
22458 0
23566 20
23717 0
23850 20
24053 42
24061 0
24512 20
24528 0
24724 42
24843 0
25242 42
25349 0
25822 42
26017 0
26200 20
26322 0
26456 20
27048 0
27282 42
27642 0
27781 42
27864 0
28020 42
28553 0
28787 20
28956 0
29036 42
29666 20
29748 0
30017 42
30065 0
30608 42
30742 0
31075 20
31223 42
31239 0
32047 42
32172 0
32485 42
32897 42
32907 0
33303 20
33483 20
33528 0
33735 20
34101 42
34445 42
34541 0
34944 42
35166 0
35687 20
35836 20
36658 42
37107 42
37545 0
37646 20
37995 42
38124 0
38431 42
38509 42
38668 0
38722 42
38869 0
39088 42
39391 0
39596 20
39628 20
39873 0
40406 20
40770 0
40817 42
41335 0
41767 42
42163 0
43422 20
44193 0
44234 20
44897 0
45064 42
45531 0
45805 20
45874 42
45978 0
46790 20
46819 20
46900 42
47189 20
47719 0
48001 42
48245 0
48435 42
48561 0
48937 42
49079 20
49630 0
49668 42
49808 0
49821 20
50129 0
50288 20
50543 20
50875 20
50946 0
51359 42
51565 0
52253 42
52440 0
52512 20
52785 0
52840 20
52996 0
53080 42
53431 20
53432 0
53474 42
53902 0
54247 42
55874 20
56444 0
56682 42
56738 0
57010 20
57191 0
57627 20
57692 0
58006 42
58104 42
58490 0
58588 20
58593 0
58647 20
59158 0
59553 42
59730 0
59769 20
59813 0
59924 42
60127 20
60750 42
60797 0
60897 42
61230 0
61841 42
61887 0
62055 42
62301 0
64187 20
64261 0
64291 20
64534 42
64830 42
64857 42
64867 0
65044 20
65843 0
66013 20
66075 0
66535 20
66545 42
67283 42
67611 0
67713 42
68027 0
68047 42
68206 20
68374 42
69274 0
69456 20
69932 0
70768 20
70875 0
71276 20
71305 0
71502 42
71555 0
71807 42
72291 0
72421 20
73546 0
73571 42
73737 42
73808 0
73944 42
73953 0
74043 42
74285 0
74784 20
74871 20
74921 0
75097 20
75298 0
75456 20
75761 42
75811 20
75862 0
76001 42
76084 20
76619 42
76923 0
76954 42
76989 0
77105 20
77738 42
77746 0
77795 20
78349 0
78483 20
78898 0
79117 42
80015 0
80123 42
80158 42
80639 0
81795 20
81890 0
81897 20
82211 0
82312 42
82690 0
82781 42
82885 0
83992 42
84383 0
85044 20
85354 0
85417 42
85493 0
85830 20
85930 0
85949 42
86201 0
86315 20
86434 0
86694 42
87111 0
87559 20
87569 42
88319 0
88361 20
88637 0
89133 20
89275 0
89471 20
89593 0
89917 42
90302 0
90684 42
90689 0
91423 20
91710 42
92333 0
92687 20
92799 0
93033 42
93049 0
93339 42
93834 0
93958 42
94463 0
95133 42
95249 0
95308 42
95769 0
96505 20
96899 20
97247 0
98081 42
98306 42
98423 0
98569 42
98578 42
98857 0
98975 20
99148 42
99453 0
99805 42
99978 0
154 events for 15
1414 43
1556 0
2287 42
2793 42
3751 0
5475 42
5840 0
6097 40
7229 42
8106 0
8582 42
9897 0
10004 42
11256 42
11940 0
12995 40
13167 43
14419 39
14696 0
17095 44
20059 0
20416 39
20999 0
21175 39
21225 0
22942 39
23163 0
23505 40
23695 0
23754 42
24578 0
24583 42
24859 40
25578 39
27093 0
29424 43
32360 0
32711 42
34336 0
34581 42
34754 0
35075 40
35526 0
36447 42
36540 0
37007 39
37606 42
38016 40
38372 0
38686 42
38980 0
39519 44
39533 42
39539 0
39994 42
41453 0
41827 44
42469 0
42471 39
42493 0
42674 43
43434 0
43833 44
43921 0
44051 43
44416 0
44462 42
46524 44
47141 0
47619 42
48849 0
48864 42
49049 0
49138 40
49395 0
50513 40
51997 0
52070 42
52458 42
52471 0
52862 42
53189 0
53765 42
54843 44
55123 0
55268 44
56795 0
56821 39
56824 0
56999 42
57739 43
58048 0
58072 42
58522 0
59015 39
59132 42
60023 0
60854 42
60982 42
61954 43
64765 44
64869 0
66077 40
68234 0
68316 43
70183 0
70825 44
70921 42
71404 0
71517 42
72250 40
73345 39
74209 42
74368 42
74717 0
75447 39
75522 0
76093 42
77043 0
77399 42
78440 0
79136 40
79612 0
79813 42
79997 0
80800 42
81640 40
83252 44
83881 0
84033 42
84144 0
86281 39
86515 0
87301 40
88455 43
88506 0
89002 42
89625 0
89790 40
90149 0
90747 42
91149 0
91850 42
93874 40
94035 0
95483 42
95787 0
96377 42
96424 0
97268 43
97789 0
98140 42
98932 43
99834 43
