16 buffers
68051 886
290093 22328
248780 31353
210613 4894
59369 10014
159434 25239
136701 17332
142598 24898
135700 7905
243664 38323
194620 4900
235648 4467
50177 7457
293447 18064
149270 17438
216467 23550
60 downlinks
0 250 1667 512
1 1917 3334 547
2 3584 5001 633
3 5251 6668 649
4 6918 8335 629
5 8585 10002 695
6 10252 11669 525
7 11919 13336 664
8 13586 15003 586
9 15253 16670 674
10 16920 18337 511
11 18587 20004 726
12 20254 21671 607
13 21921 23338 747
14 23588 25005 683
15 25255 26672 699
16 26922 28339 752
17 28589 30006 655
18 30256 31673 679
19 31923 33340 642
20 33590 35007 521
21 35257 36674 586
22 36924 38341 733
23 38591 40008 550
24 40258 41675 665
25 41925 43342 540
26 43592 45009 687
27 45259 46676 713
28 46926 48343 590
29 48593 50010 631
30 50260 51677 507
31 51927 53344 521
32 53594 55011 631
33 55261 56678 532
34 56928 58345 687
35 58595 60012 690
36 60262 61679 572
37 61929 63346 705
38 63596 65013 597
39 65263 66680 541
40 66930 68347 655
41 68597 70014 625
42 70264 71681 559
43 71931 73348 661
44 73598 75015 687
45 75265 76682 535
46 76932 78349 509
47 78599 80016 718
48 80266 81683 521
49 81933 83350 605
50 83600 85017 581
51 85267 86684 726
52 86934 88351 673
53 88601 90018 597
54 90268 91685 545
55 91935 93352 555
56 93602 95019 594
57 95269 96686 705
58 96936 98353 563
59 98603 100020 574
499 events for 0
144 49
535 0
768 15
998 0
1104 15
1364 0
1594 45
1740 0
1825 15
1972 45
2148 0
2261 15
2286 0
2563 49
2638 0
2832 49
2868 0
2884 49
3226 45
3257 49
3274 49
3374 0
3511 49
4817 0
4874 15
5238 0
5387 45
5919 0
5925 15
5978 0
6668 49
6925 49
6938 0
6983 15
7214 0
7341 45
7736 0
7780 15
7887 0
8415 49
8451 15
8863 0
8881 15
8933 0
9247 15
9644 0
9797 49
10023 0
10346 49
10572 0
10596 49
10599 0
10690 49
10699 0
10856 45
11370 0
11587 15
12139 0
13255 45
13337 15
13636 0
13712 15
13713 0
13779 45
14092 0
14196 45
14697 0
14864 15
14918 0
15075 49
15192 15
15301 0
15329 49
15377 0
15385 49
15397 0
15432 15
15464 0
15891 49
16130 0
16287 15
16323 0
16861 15
16951 0
17465 49
17527 0
17613 15
18145 45
18411 0
18867 15
18882 0
19253 49
19815 0
20400 49
20848 0
21266 15
21314 0
21358 49
21682 49
21772 45
21802 0
21875 45
21882 0
21957 15
22578 45
22657 49
22673 49
22758 0
22868 45
23089 0
23438 49
23904 0
23968 49
24250 0
24704 15
24972 0
25184 45
25306 0
25486 15
25637 0
26176 49
26216 0
26454 15
26507 0
26969 45
27072 49
27208 0
27394 45
27603 0
27661 15
28201 45
28997 0
29030 15
29195 49
29228 15
29471 0
29504 49
29703 0
29741 15
29753 0
29897 45
30378 0
30444 15
30483 45
30849 0
30986 49
31139 0
31322 49
31403 0
31772 49
31810 0
32249 45
32358 0
32427 15
33119 49
33227 0
33507 45
33723 49
33990 0
34015 49
34042 0
34196 45
34282 45
34632 0
34660 15
34783 0
34910 15
34953 45
35133 0
35330 15
35661 0
36208 49
36244 0
36246 45
36283 0
36533 15
36674 0
36695 45
36703 0
36707 49
36858 0
37116 45
37261 15
37408 0
37486 15
37518 0
38566 15
38592 0
38667 15
38833 0
38899 15
38903 0
39475 15
39677 0
39896 15
40653 0
40998 45
41106 0
41199 15
41318 0
41370 45
41667 0
41795 49
42208 49
42272 45
42579 0
42738 15
42817 45
42983 0
43059 45
43293 15
43535 45
43631 0
43813 49
43852 49
43986 0
44249 15
44592 45
44630 0
44702 45
44726 49
45342 0
45429 45
45444 0
45776 15
46307 15
46494 0
46591 49
46603 0
46909 45
46992 0
47012 15
47084 45
47154 0
47213 15
47804 0
47808 45
48226 0
48383 15
48811 0
49143 49
49306 0
49862 45
49971 0
50182 49
50235 49
50511 49
50529 15
50916 0
50926 45
51539 0
52090 45
52904 0
53122 15
53151 0
53220 49
53606 0
53753 49
53776 0
53873 15
53915 0
54254 45
54592 49
54597 0
54866 45
54921 0
55162 49
55230 0
55793 45
55875 15
56190 0
56316 49
56473 0
56567 45
56575 49
56886 0
56916 45
57028 0
57282 45
57384 0
57929 45
58035 0
58074 15
58936 0
58987 15
59235 0
59255 15
59586 0
60079 15
60349 0
61000 49
61046 45
61153 45
61218 0
61293 15
61341 0
61472 45
61705 0
61838 15
62148 0
63281 45
63290 0
63506 45
63743 0
63903 45
64146 49
64253 0
64524 49
64680 49
64911 0
64993 49
65114 0
65167 15
65223 45
65278 0
65298 45
65592 0
65607 45
65795 49
65837 15
66079 0
66151 49
66442 0
66695 49
66916 49
67307 0
67451 49
67565 0
67897 49
67920 0
67938 45
68109 0
68461 15
68519 15
68544 0
69157 49
69173 0
69250 15
69430 0
69544 49
69882 0
69926 45
70125 15
70331 15
70739 0
70928 45
71160 15
71472 0
71769 15
71994 49
72115 0
72244 15
72404 0
72490 15
72912 45
73354 45
73582 45
73624 15
73788 0
73820 15
74280 0
74289 15
74360 45
74600 15
74843 0
75627 15
75909 0
76092 15
76170 0
76219 15
76459 0
76590 45
76989 0
77043 45
77132 0
77155 49
77170 0
77247 45
77340 0
77405 49
77505 0
77546 15
77558 15
77625 0
77957 49
78044 0
78606 49
78692 0
78731 15
79351 0
79443 45
79530 15
79658 49
79924 45
80315 0
80839 15
81088 0
81148 45
81352 0
81634 15
81786 0
81823 15
82030 0
82069 45
82222 0
82701 15
82720 0
83038 45
83693 49
83909 0
84164 49
84177 0
84391 45
84575 0
85290 49
86243 15
86246 0
86366 15
86516 0
86707 15
86831 0
86871 49
87008 0
87256 49
87271 0
87601 15
87744 0
87745 15
87785 0
88003 15
88049 49
88630 49
88668 15
88760 0
88854 45
89137 45
89268 0
89551 45
89805 0
90325 45
90345 0
90552 15
90616 0
90728 15
90831 0
91863 45
91891 0
91905 49
91962 0
92310 45
92397 0
92676 45
92968 0
93125 15
93229 45
93527 0
93584 15
93707 45
93874 0
93994 45
94059 49
94167 0
94172 49
94226 0
94554 45
94569 0
94634 15
94715 0
94808 45
94887 45
94935 15
95121 0
95270 49
95394 0
95423 45
95488 0
95607 49
95864 0
96073 15
96671 0
97109 45
97138 0
97152 15
97286 0
97319 45
97540 0
98062 45
98358 0
98534 45
98575 0
98706 49
98894 0
98989 15
99278 49
99358 15
99365 0
99682 45
99796 0
99882 49
761 events for 1
45 95
145 95
462 95
484 95
650 0
1082 95
1343 0
1855 95
2105 0
2298 95
2305 0
2417 95
2497 0
2800 95
2942 95
3006 0
3065 95
3285 95
3382 0
3562 95
3624 95
3657 95
3839 0
3934 95
4003 0
4219 95
4368 95
4522 95
4567 0
4627 95
4940 0
4974 95
5069 0
5247 95
5430 0
5600 95
5825 0
5859 95
5881 0
5920 95
6093 0
6516 95
6623 0
6930 95
7104 0
7405 95
7513 0
7669 95
8021 95
8105 0
8276 95
8351 0
8652 95
8746 95
8772 0
8907 95
8941 0
9003 95
9232 95
9286 95
9461 0
9563 95
9755 0
9899 95
10082 0
10180 95
10374 0
10398 95
10414 0
10507 95
10850 95
10967 0
10969 95
11036 95
11271 0
11551 95
12005 95
12164 95
12226 0
12251 95
12449 0
12483 95
12515 0
12595 95
12651 95
12685 95
12742 95
13288 0
13442 95
13464 95
13650 95
13692 0
13764 95
14182 0
14183 95
14227 0
14842 95
15246 0
15467 95
15528 0
15605 95
15652 0
15734 95
15976 0
16061 95
16067 95
16178 0
16443 95
16526 0
16709 95
16925 0
16940 95
17050 0
17070 95
17117 95
17219 0
17220 95
17386 0
17419 95
17452 0
17828 95
18232 0
18247 95
18271 0
18312 95
19005 0
19102 95
19226 95
19655 0
19834 95
20002 0
20067 95
20092 0
20649 95
20739 0
20843 95
21024 0
21028 95
21065 95
21141 95
21223 95
21282 0
21638 95
21837 95
22088 0
22093 95
22245 0
22258 95
22454 0
22726 95
22759 0
22856 95
22873 0
23101 95
23344 95
23386 95
23508 0
23530 95
23694 95
23736 0
24063 95
24343 95
24802 0
24874 95
25317 0
25445 95
25664 95
25668 0
25969 95
25990 95
26043 0
26243 95
26355 95
26381 95
26482 0
26814 95
27088 0
27392 95
27608 0
27634 95
27684 0
27718 95
27738 0
27766 95
27954 0
28267 95
28332 95
28434 0
28471 95
28477 0
28608 95
28747 0
28777 95
28825 0
28912 95
28945 0
29194 95
29338 95
29460 0
29610 95
29620 95
29669 0
29766 95
29793 95
30118 0
30309 95
30337 0
30471 95
30621 0
30744 95
30911 0
30956 95
30963 95
30995 0
31533 95
32208 0
32301 95
32606 0
32716 95
32797 95
32820 95
32940 0
33106 95
33370 0
33516 95
33574 95
33855 0
33907 95
34061 95
34086 95
34322 0
34333 95
34468 95
34582 0
34623 95
34686 95
34706 95
34708 0
34756 95
34806 0
34978 95
35102 0
35239 95
35445 95
35449 0
35454 95
35514 95
35541 0
35795 95
35937 0
35969 95
36027 0
36285 95
36346 0
36423 95
36673 0
36764 95
36926 0
36937 95
37002 0
37010 95
37097 95
37237 95
37246 0
37299 95
37433 0
37508 95
37642 0
37831 95
37983 95
38263 0
38633 95
38720 95
38992 0
39103 95
39306 0
39364 95
39370 95
39417 0
39418 95
39838 0
39878 95
40083 0
40179 95
40187 95
40275 0
40328 95
40492 95
40527 0
40532 95
40686 0
40895 95
40997 0
41001 95
41618 0
41766 95
41796 0
41829 95
42067 95
42184 0
42209 95
42309 0
42314 95
42740 95
42814 0
42864 95
43354 0
43684 95
43804 95
44030 95
44260 0
44275 95
44306 0
44329 95
44333 0
44553 95
44574 95
44752 95
44994 95
45247 0
45260 95
45325 0
45525 95
45533 0
45589 95
45624 0
45766 95
45954 95
45955 0
46037 95
46122 0
46126 95
46628 0
47224 95
47333 95
47337 95
47373 95
47550 95
47754 0
47901 95
48312 0
48373 95
48567 0
48810 95
48865 0
48874 95
49003 0
49086 95
49173 0
49383 95
49492 0
49737 95
49834 0
49926 95
49954 0
49965 95
49994 0
50238 95
50477 0
50593 95
50879 0
50965 95
50992 95
50994 95
51189 0
51245 95
51443 0
51537 95
51603 0
51714 95
52029 95
52340 0
52586 95
52723 0
52749 95
52898 0
52904 95
53003 0
53012 95
53050 95
53067 0
53190 95
53269 0
53281 95
53837 0
54040 95
54079 0
54104 95
54156 0
54184 95
54196 0
54225 95
54318 95
54897 0
54918 95
55018 0
55076 95
55322 0
55466 95
55511 95
55899 0
55951 95
56047 95
56095 0
56105 95
56114 95
56128 0
56181 95
56255 0
56278 95
56403 95
56462 0
56478 95
56594 95
56609 0
56878 95
56904 0
57014 95
57092 0
57189 95
57243 0
57293 95
57297 95
57628 95
57906 0
57911 95
57936 95
58037 0
58083 95
58084 95
58123 0
58369 95
58427 0
58574 95
58893 95
58925 0
58935 95
58944 0
59110 95
59300 0
59409 95
59511 0
59518 95
59596 0
59667 95
59701 0
59793 95
60284 0
60527 95
60566 0
60761 95
60785 95
61144 95
61253 0
61265 95
61430 0
61478 95
61628 95
61756 0
61985 95
61988 0
62045 95
62180 95
62203 0
62310 95
62442 0
62592 95
62593 95
62636 0
62744 95
62873 0
63027 95
63177 0
63249 95
63286 0
63305 95
63385 0
63401 95
63467 0
63482 95
63556 0
63577 95
63606 95
63665 0
63854 95
63926 0
63976 95
64122 0
64435 95
64580 0
64653 95
65045 0
65123 95
65132 0
65245 95
65319 0
65348 95
65364 0
65428 95
65903 95
65932 0
66104 95
66459 0
66726 95
66976 0
67000 95
67019 95
67244 0
67338 95
67360 0
67382 95
67555 0
67622 95
67661 95
67668 95
67687 0
67755 95
67905 0
68028 95
68067 0
68567 95
68685 0
68710 95
68747 0
68761 95
68850 95
68938 0
68939 95
68966 0
69074 95
69665 0
70162 95
70326 0
70704 95
70797 95
70958 0
71136 95
71276 0
71300 95
71527 0
71695 95
71698 0
71742 95
71827 0
71906 95
71959 0
71987 95
72016 0
72107 95
72207 0
72305 95
72340 0
72429 95
72477 95
72517 0
72903 95
73035 0
73054 95
73078 0
73246 95
73284 0
73469 95
73577 95
73667 0
73713 95
73802 0
73821 95
74147 95
74305 0
74395 95
74402 0
74595 95
74790 0
75167 95
75680 0
75799 95
75800 0
75815 95
75879 0
75909 95
76053 0
76450 95
76528 0
76662 95
76956 0
77137 95
77243 0
77283 95
77346 95
77886 0
77890 95
77941 95
78004 95
78561 0
78656 95
78697 0
79328 95
79400 0
79494 95
79524 0
79836 95
79846 95
79916 95
79944 0
79972 95
79975 0
80100 95
80139 0
80212 95
80325 0
80328 95
80344 95
80533 95
80563 0
80583 95
80941 95
80942 0
81084 95
81171 0
81203 95
81447 95
81609 95
81853 0
81894 95
81904 0
81934 95
82114 0
82325 95
82366 0
82698 95
82830 0
83026 95
83072 95
83237 95
83340 0
83343 95
83419 0
83526 95
83533 0
83582 95
84152 0
84206 95
84274 0
84598 95
84695 95
84732 0
84808 95
84923 0
84971 95
85019 0
85238 95
85302 0
85381 95
85553 95
85577 95
85591 0
85855 95
85970 95
86000 0
86025 95
86382 0
86682 95
86774 0
86950 95
87012 0
87017 95
87387 0
87462 95
87509 0
87612 95
88737 0
88769 95
89104 0
89274 95
89435 0
89508 95
89543 0
89573 95
89747 95
89749 95
89963 95
89991 0
90069 95
90424 0
90502 95
90548 0
90553 95
90578 0
90650 95
90686 0
90779 95
91095 0
91117 95
91211 95
91253 95
91274 0
91701 95
91758 0
91767 95
91833 95
91983 0
92135 95
92176 0
92488 95
92761 0
92954 95
93116 0
93148 95
93497 95
93642 95
94046 0
94294 95
94307 0
94319 95
94373 0
94468 95
94514 0
94558 95
94568 0
94577 95
94732 0
94785 95
94865 0
94876 95
94979 0
95078 95
95293 0
95462 95
95679 0
95771 95
95910 0
95940 95
96001 0
96347 95
96432 0
96450 95
96704 95
96728 0
96783 95
96854 0
97152 95
97444 0
97457 95
97779 0
97791 95
97837 95
98023 0
98161 95
98226 0
98278 95
98315 0
98348 95
98453 0
99018 95
99353 95
99386 95
99540 0
99646 95
99706 95
99739 0
99804 95
449 events for 2
106 75
160 0
217 75
409 75
1136 74
1139 75
1177 74
1216 75
1323 0
1363 75
2277 0
2566 74
2634 0
2712 74
3024 74
3151 74
3597 0
3603 74
3618 0
3996 74
4041 0
4325 75
4440 0
4762 74
4873 0
5245 74
5430 75
5500 0
5762 75
5776 0
6507 74
6546 0
6687 75
6702 75
7042 75
7107 0
7237 75
7284 0
7367 74
7540 75
7739 0
7767 75
7967 0
7981 75
8249 75
8336 0
8457 75
8626 0
8831 74
8851 75
8887 0
9265 75
9974 0
10408 75
10478 0
10561 75
10873 74
11092 0
11351 75
11568 0
12037 75
12040 75
12054 0
12269 74
12324 0
12347 75
12796 0
12883 74
13141 0
13169 75
13440 0
13448 74
13565 75
13687 0
13851 75
14108 0
14422 75
14632 75
14705 0
14824 75
14828 0
15177 74
15808 0
16020 74
16624 75
16650 0
16819 74
17103 0
17481 74
17611 0
17615 75
17961 0
18090 75
18409 75
18595 0
18824 74
18937 0
19049 74
19412 0
19702 75
19786 0
20073 75
20208 74
20330 75
20447 0
20487 75
20749 0
20764 74
21697 0
22072 74
22083 0
22338 75
22649 0
22656 75
22702 0
22706 75
23083 0
23284 74
23336 0
23559 74
23645 0
23685 74
24604 75
24858 75
25514 75
25673 0
25900 75
25970 0
26083 74
26358 0
26558 74
26631 0
26706 74
26759 0
27091 74
27305 74
27893 0
28068 74
28142 0
28613 74
29071 75
29078 75
29145 0
29323 74
29448 0
29505 75
29664 74
30223 0
30231 74
30787 0
30828 74
31288 0
31352 74
31418 0
31752 75
31996 75
32270 0
32293 74
32340 75
32654 74
32888 0
32917 74
33178 0
33705 75
33746 0
34534 74
34619 75
34649 0
34713 75
34716 0
34948 74
35075 0
35289 75
35585 0
35738 75
35745 75
35843 0
35893 74
36113 0
36185 74
36233 75
36278 75
36308 75
36476 0
36887 74
37040 74
37061 0
37062 75
37286 0
37713 75
37939 75
38113 0
38696 75
39652 0
39736 74
39852 0
40034 74
40062 0
40132 74
40402 74
40489 75
40553 75
41264 0
41994 74
42079 0
42316 74
42603 0
42707 74
42819 0
43113 75
43232 74
43372 75
43660 0
43706 74
43749 0
43894 75
44125 75
44217 0
44246 75
44444 74
44554 0
45061 75
45539 0
45752 75
46240 74
46286 75
46806 0
47017 74
47504 0
47672 75
47734 75
47744 0
48073 74
48120 0
48161 75
48289 75
48603 0
49246 75
49531 0
49780 74
49802 0
49883 74
50247 0
50647 75
50890 0
51064 74
51367 0
51390 74
51789 74
52043 0
52113 75
52329 0
52652 75
53350 0
53368 75
53428 0
53541 75
53625 74
53645 0
53996 75
54172 74
54224 0
54548 75
54789 0
54997 75
55248 75
55350 75
55381 0
55430 74
55435 0
55541 74
55860 0
56248 75
56735 75
57117 0
57500 74
57573 0
57628 75
57876 75
57940 0
58122 75
58618 0
58890 75
59199 74
59262 0
59805 75
59807 0
59843 74
59965 0
60020 74
60218 0
60468 75
60589 0
60679 74
60756 0
60935 75
61032 0
61154 75
61239 0
61432 75
61733 0
61824 75
62129 0
62397 75
62485 74
62672 0
62749 75
62970 0
62977 74
63519 0
63675 75
63707 0
63924 74
63938 0
63955 74
64308 0
64697 75
64828 0
66281 74
66308 0
66398 75
67353 75
67452 0
67552 75
68178 74
68503 0
68968 74
69072 0
69644 75
69810 0
69848 74
70278 75
70281 0
70842 74
71660 0
71695 74
72008 0
72185 75
72519 0
72527 75
72703 0
72948 75
73187 0
73226 74
73303 0
73464 74
73730 0
74467 74
74541 0
74600 74
74650 0
74670 75
75844 0
76101 75
76178 0
76326 75
76409 0
76592 75
76935 0
77015 75
77040 74
77074 74
77971 0
78267 75
78275 0
78751 75
78866 75
79108 0
79185 74
79935 0
80010 75
80824 0
81203 75
81256 0
81755 74
81817 0
82116 75
82335 0
82482 75
82489 0
82681 74
83206 0
83378 74
83501 75
83843 74
85091 75
85144 75
85305 0
85422 75
85574 0
86083 74
86089 75
86249 0
86546 75
87465 74
87802 0
88204 75
88321 0
88575 75
88754 0
88756 74
88780 0
89151 75
89372 0
89531 75
89878 75
89973 75
90663 0
90880 75
90921 74
91093 75
91130 0
91838 74
92009 0
92661 75
92954 0
93005 75
93531 0
93954 75
94083 0
94342 75
94623 75
95177 74
95328 0
95580 75
96307 74
96320 0
96389 75
96407 0
96735 75
96855 0
97010 75
97391 0
97499 74
97714 0
97779 75
97885 75
98034 0
98051 75
98286 0
98678 74
98782 75
98825 0
99319 74
99458 0
99500 75
99502 0
99515 75
99778 0
786 events for 3
45 71
155 0
397 65
654 52
720 0
753 65
766 0
812 71
825 0
1257 72
1532 0
1584 65
1895 65
1904 0
1971 68
2108 72
2172 0
2269 72
2429 0
2694 72
2802 0
2975 65
2981 0
3038 52
3051 0
3175 72
3227 71
3236 72
3670 0
3886 68
3965 68
4027 65
4324 71
4359 0
4371 65
4428 68
4436 0
4440 68
4728 0
4730 72
4749 0
4959 72
5389 0
5566 68
5989 0
5999 68
6053 65
6085 0
6122 52
6137 0
6261 52
6267 0
6358 68
6361 0
6726 68
6858 0
6941 68
7255 0
7352 72
7516 0
7519 52
7646 0
7683 68
7692 0
7746 72
8297 0
8312 68
8327 71
8622 0
8719 72
8909 0
8990 72
9014 68
9096 68
9301 0
9330 68
9355 72
9568 0
9870 52
10103 71
10111 65
10343 0
10451 65
10460 0
10479 52
10490 71
10810 0
10898 72
10963 0
11000 68
11435 0
11518 65
11525 71
11609 71
11658 0
11667 65
11709 71
11948 72
12040 0
12245 52
12417 0
12673 52
12764 0
12874 72
12937 0
13086 65
13426 52
13562 71
13597 72
13640 0
13752 52
13896 0
14290 65
14307 72
14356 0
14486 68
14702 65
14788 0
14810 52
14885 52
15146 0
15298 71
15337 52
15342 0
15360 71
15618 0
15621 71
15932 68
15988 0
16012 72
16201 0
16213 65
16312 0
16380 68
16565 0
16611 72
16724 0
16741 52
16787 71
16918 0
16928 65
17014 65
17089 65
17151 0
17183 65
17355 0
17705 68
17845 52
17888 0
18276 71
18347 0
18351 71
18413 52
18671 0
18780 72
18814 0
18956 71
19026 0
19096 65
19116 0
19118 72
19591 0
19692 65
19873 71
19933 0
20091 65
20197 0
20320 72
20987 0
20993 52
21127 68
21146 0
21162 65
21269 72
21377 0
21476 65
21562 0
21728 52
22029 72
22303 68
22357 0
22665 52
22687 0
23335 72
23376 0
23412 68
24169 68
24400 0
24406 68
24558 65
24561 0
24717 72
24768 0
24858 68
24875 0
24982 65
25297 0
25365 71
25606 72
25610 52
25666 0
25858 52
25932 0
26182 68
26268 0
26324 71
26553 0
26724 71
26791 0
26927 65
27257 72
27416 52
27462 0
27464 68
27505 52
27579 0
27723 71
27778 0
27808 52
27847 0
27983 71
28118 0
28297 71
28607 71
28615 72
28677 68
28687 65
28745 72
28892 0
28930 71
28935 65
28943 0
29047 68
29070 0
29122 68
29173 0
29220 71
29317 0
29499 71
29564 72
29690 0
29797 72
30365 0
30465 52
30538 65
30549 0
30646 52
30660 0
30683 52
30842 0
30876 65
30902 0
31003 68
31245 0
31322 71
31459 0
31524 65
31704 0
31742 68
31744 71
31762 0
31901 71
31989 0
32088 71
32197 0
32328 52
32342 68
32423 65
32621 0
32662 65
32732 0
32756 71
32790 0
32812 68
33045 0
33140 71
33160 0
33200 68
33217 68
33492 0
33550 52
33747 71
33783 65
33836 71
34124 65
34205 0
34211 68
34448 0
34832 71
34941 72
34952 0
35050 71
35334 0
35617 52
35656 72
35947 0
35990 71
36104 0
36131 68
36270 0
36280 52
36529 71
36789 71
36803 0
37197 72
37494 0
37671 68
37775 0
37781 71
38022 52
38086 0
38181 52
38193 52
38265 0
38274 65
38500 65
38539 0
38866 68
39049 0
39530 71
39844 68
39878 71
39918 65
40267 0
40495 68
40680 0
40888 72
41179 0
41264 71
41416 65
41438 0
41457 71
41458 65
41462 0
41542 65
41579 52
41810 52
41898 0
41915 72
41949 0
41992 72
42008 0
42152 71
42362 0
42425 71
42479 0
42616 65
42674 0
42797 71
42881 72
42931 71
42972 65
43297 0
43509 68
43802 65
43931 0
44094 71
44378 72
44436 52
44713 0
44831 71
44851 65
44888 0
44962 71
45272 65
45318 0
45328 71
45366 52
45472 0
45802 65
45890 0
46177 71
46413 72
46640 0
46664 71
46724 65
46801 0
47012 65
47321 65
47461 0
47709 71
48070 0
48120 72
48267 0
48446 52
48608 0
48821 52
48850 0
48872 65
48926 0
49202 65
49251 0
49348 71
49459 0
49472 52
49481 0
49500 68
50153 52
50270 52
50386 52
50497 0
50579 52
50608 0
50805 52
50831 0
51208 71
51333 52
51495 0
51511 68
51716 72
51728 72
51776 0
51849 68
51998 0
52048 65
52146 0
52260 65
52332 0
52337 68
52444 0
52585 65
52597 0
52625 71
52710 0
53023 68
53300 0
53304 71
53351 0
53500 72
53543 0
53569 71
53646 0
53843 52
54175 0
54224 71
54305 0
54415 68
54653 71
54758 0
54818 68
54874 0
54967 65
54987 71
55277 0
55593 65
55712 52
55850 0
55858 68
55985 0
56060 52
56086 0
56153 65
56314 0
56383 68
56479 71
56832 0
56891 65
56965 0
57091 68
57267 0
57318 65
57361 0
57626 68
57661 71
57696 0
57811 71
57890 0
58145 68
58260 72
58612 71
58877 0
58883 72
59241 0
59256 68
59378 0
60424 65
60660 0
61057 52
61563 0
61614 68
61657 68
61994 0
62035 65
62160 65
62287 0
62362 52
62726 72
62831 71
62844 0
63088 72
63180 0
63322 52
63369 0
63447 71
63465 0
63640 68
63754 0
63969 52
63974 0
64058 52
64062 0
64068 52
64121 0
64613 52
64753 0
64778 65
64847 0
64867 72
64964 0
65008 52
65171 0
65195 71
65392 0
65479 68
65608 0
65675 71
65789 72
65850 0
65924 52
66128 0
66333 52
66349 0
66393 68
66722 71
66979 0
67095 71
67097 0
67275 65
67301 0
67516 52
67732 52
67910 0
67995 71
68068 71
68116 0
68162 52
68227 72
68666 71
68750 52
68924 0
68972 52
69009 0
69055 71
69183 0
69235 72
69264 0
69265 68
69269 0
69655 52
69909 68
70198 0
70256 72
70354 0
70524 65
70770 0
70897 71
71200 0
71303 65
71338 0
71399 65
71403 72
71404 52
71449 0
71476 71
71534 0
71537 71
71622 0
71963 72
72325 0
72326 65
72386 0
72415 65
72516 0
72917 52
72945 0
73076 52
73143 0
73161 52
73276 71
73350 0
73441 52
73500 72
73514 0
73564 72
73584 72
73742 68
73867 0
73884 71
73974 0
74092 72
74237 0
74521 72
74614 0
74690 71
74784 65
74992 0
75022 72
75093 0
75150 52
75485 68
75624 68
75633 0
75721 52
75898 0
75926 65
76131 72
76366 0
76393 71
76405 0
76422 68
76760 0
76947 52
77278 52
77369 0
77441 52
77612 0
77708 65
77779 0
77941 71
77949 0
77982 71
78059 0
78293 65
78382 0
78534 72
78695 0
79077 68
79116 0
79131 71
79242 0
79288 71
79293 68
79418 0
79468 68
79579 0
79701 68
79717 0
79748 52
79835 0
79914 65
79931 0
80075 52
80147 0
80171 65
80264 71
80398 71
80400 0
80410 65
80700 0
80782 68
80820 65
80842 0
80949 72
80966 0
80986 65
80992 71
81001 0
81016 65
81031 0
81081 71
81131 0
81149 71
81264 0
81538 68
81984 0
82502 65
82510 0
82695 52
82715 0
83093 71
83175 65
83351 0
83506 65
83617 0
83878 52
84240 0
84311 72
84632 0
84648 71
84831 0
84852 72
84874 68
85038 0
85041 65
85114 72
85164 0
85270 52
85579 0
85707 72
85761 52
86066 72
86140 0
86272 71
86516 0
86627 71
86654 0
86855 68
86986 0
87065 65
87072 0
87145 72
87149 52
87390 0
87478 68
87655 72
87778 0
87892 72
87928 0
88049 65
88052 0
88165 52
88336 0
88469 71
88734 0
89009 68
89077 0
89225 52
89319 0
89521 52
89874 0
90037 52
90170 0
90225 65
90326 71
90638 0
90764 68
90931 0
90954 65
91090 0
91193 68
91246 0
91663 65
91697 0
91751 65
91793 0
91989 68
92001 65
92047 72
92202 0
92429 71
92529 0
92582 72
92678 65
92692 68
92826 52
92854 0
93021 71
93144 0
93159 71
93230 65
93249 0
93524 65
93560 0
93966 52
94236 68
94286 71
94298 0
94340 68
94551 0
94988 65
95014 0
95022 52
95522 68
95884 0
96029 52
96034 0
96038 52
96137 0
96190 72
96364 52
96472 0
96518 65
96902 72
96930 72
97175 0
97214 68
97240 0
97973 68
98227 0
98366 52
98450 71
99389 52
99492 0
99507 52
99537 71
99964 0
579 events for 4
162 32
204 0
238 28
451 0
495 27
905 0
949 27
1110 0
1591 32
1637 0
1664 28
2477 0
2711 31
2792 0
3441 28
3682 0
3751 32
3890 31
3896 0
4334 32
4342 27
4565 0
4657 31
5214 0
5470 28
5562 0
5767 27
5988 0
5991 28
6191 28
6553 0
6867 27
6993 0
7102 27
7183 0
7233 27
7302 32
7310 0
7395 28
7724 0
7787 32
7788 28
8091 31
8114 0
8115 28
8256 0
8339 31
8526 0
8539 28
8622 32
8679 31
8817 0
9096 32
9184 0
9312 32
9416 0
9473 31
9787 0
9914 31
10113 0
10424 31
10566 27
10871 0
11014 27
11067 0
11209 31
11294 0
11342 31
11371 0
11531 27
11561 31
11567 0
11846 31
11849 0
12110 32
12112 0
12185 27
12274 31
12790 0
12836 31
12868 0
13540 31
13563 32
13572 0
13860 27
13956 0
14050 27
14476 0
14647 28
14783 0
15140 28
15444 0
15552 28
15814 0
15858 31
16000 28
16037 0
16151 27
16360 27
16409 0
16411 27
16467 0
16618 31
16726 32
16924 0
16925 27
16983 0
17023 28
17356 0
17926 27
17961 0
17970 28
18070 0
18856 27
18901 0
19086 28
19299 0
19520 27
19823 0
19858 31
20082 0
20408 32
20663 0
20780 27
20845 31
20868 0
21032 31
21363 28
21560 32
21670 0
21884 28
21968 0
22268 28
22432 0
22931 31
23356 0
23357 32
23374 31
23647 0
23869 28
24037 32
24048 32
24154 32
24394 0
24924 28
25058 0
26683 31
26729 0
26791 28
26796 31
26841 0
27016 32
27364 0
27612 31
27698 31
28538 0
28659 27
29064 0
29472 31
29650 0
29687 32
29793 0
30017 28
30178 28
30404 27
30541 0
30784 27
30803 0
31176 27
31459 0
31670 27
31959 0
31971 32
32011 28
32073 32
32230 31
32258 0
32305 28
32372 0
32645 28
32954 0
33007 28
33042 31
33231 31
33420 32
33554 0
33595 32
33649 0
33661 32
33719 0
33724 28
33725 0
33800 31
33953 0
34082 31
34150 27
34253 27
34335 0
34369 32
34414 32
34430 27
34525 0
34556 32
34719 0
34721 32
34859 27
34904 0
34962 31
35033 28
35066 0
35120 27
35269 0
35270 27
35708 0
35716 32
36200 28
36277 0
36476 27
36527 0
36725 31
36888 0
37134 32
37211 0
37336 28
37622 0
38000 28
38610 31
38807 0
38886 27
39004 0
39220 32
39365 31
39475 0
39511 32
39827 0
39981 27
40002 0
40502 27
40843 0
41205 32
41253 0
41511 28
41525 31
41855 0
41871 28
42018 0
42143 27
42360 0
42536 28
42757 0
42973 27
43031 0
43047 32
43165 0
43298 31
43431 0
43507 27
43790 0
43893 27
43974 0
44084 32
45161 0
45366 32
45426 0
45793 28
45853 0
45996 32
46361 28
46438 0
46480 31
46829 0
46863 28
46869 0
47570 27
47609 0
47863 31
47891 0
48208 27
48244 0
48260 28
48332 0
48525 32
48852 27
49201 0
49255 27
49501 0
49703 31
49971 0
50288 28
50620 31
51157 31
51434 0
51741 32
51893 0
52076 27
52139 0
52421 28
52454 0
52661 27
52730 32
52870 31
52884 0
53040 28
53045 0
53152 32
53197 0
53262 32
53500 0
53807 31
53976 31
54548 0
54658 27
54839 0
55007 27
55065 0
55163 32
55199 0
55380 31
55534 0
55837 31
55897 0
55957 28
55968 0
56016 28
56114 0
56282 32
56336 0
56511 32
56641 31
56749 0
57045 31
57049 0
57117 27
57235 28
57268 27
57527 0
57609 32
57885 0
58056 28
58154 0
58689 27
58730 0
59338 32
59396 31
59931 0
60365 27
60374 0
60459 32
60527 27
60631 0
60746 31
60839 31
61029 0
61162 31
61205 32
61246 0
61448 32
61655 28
61668 0
61842 31
62127 0
62140 28
62268 27
62306 0
62359 27
62480 27
62577 0
63570 32
63629 0
63706 28
63802 0
63918 27
64103 0
64405 28
64611 0
64643 28
64777 27
64846 0
65224 31
65515 0
65601 32
66210 0
66225 32
66631 0
67141 27
67338 0
67359 32
67835 0
67982 31
68043 32
68057 0
68098 31
68423 0
68428 31
68692 27
68970 28
69008 0
69017 31
69083 0
69649 31
69720 0
69729 32
69858 0
70290 31
70428 31
70674 32
70726 0
70731 28
70779 0
71037 28
71095 0
71115 31
71189 31
71346 0
71594 28
71680 0
71743 27
71840 0
72147 27
72416 0
72583 31
72592 0
72706 32
72774 27
73113 0
73216 28
73249 0
73498 28
73958 32
74034 0
74117 31
74200 0
74290 31
74403 0
74557 31
74988 0
74997 28
75219 0
75748 31
75826 0
76000 27
76149 31
76546 0
76671 27
76855 32
77165 32
77246 0
77415 31
77435 27
77609 0
77638 27
77650 0
77847 32
77993 27
78063 0
78390 28
78696 31
78723 0
78780 27
78850 0
79000 28
79007 31
79389 32
79491 0
79587 31
79628 0
79678 31
79758 0
79837 32
79847 27
80185 0
80517 28
80538 0
80647 32
81077 0
81834 31
81989 0
82168 28
82212 31
82218 0
82237 31
82286 0
82314 27
82360 0
82493 31
83520 32
83562 31
83573 31
83726 0
83826 28
83926 0
84039 27
84279 0
84439 32
84760 0
84903 31
85007 0
85274 27
85298 0
85566 27
85877 28
85924 0
86043 32
86358 0
86419 27
86632 0
86938 27
87320 0
87840 32
87959 0
88052 27
88395 0
88527 31
88580 27
88835 0
88948 31
89266 0
89323 27
89507 0
89777 28
89896 0
90057 27
90256 28
90351 0
90537 28
90625 0
90637 27
90749 0
91079 31
91138 0
91149 27
91245 0
91293 27
91453 31
91454 0
91493 27
91531 31
91689 0
91858 28
92105 0
92693 32
92940 0
93137 28
93212 0
93409 31
93566 0
93640 27
93673 0
93787 31
93862 0
94033 31
94056 0
94256 28
94399 28
94644 31
94770 27
94926 0
95297 28
95361 0
96162 27
96220 0
96756 27
96764 0
96997 28
97751 0
97876 31
98025 0
98041 28
98241 0
98302 28
98341 32
98742 32
98764 32
99376 0
99608 32
99617 0
99762 31
99892 27
99975 32
904 events for 5
56 44
66 0
151 43
187 45
268 41
311 0
417 44
656 0
749 41
754 41
783 0
996 44
1047 0
1194 45
1357 44
1505 0
1576 45
1740 0
1799 45
1942 42
1945 0
1986 43
2110 0
2220 43
2269 44
2498 41
2517 0
2536 44
2594 45
2729 0
2767 44
2821 0
2900 44
2932 0
2935 45
2974 44
3181 44
3184 0
3355 42
3497 0
3572 42
3599 42
3736 0
3790 44
4003 0
4254 45
4260 0
4327 44
4359 44
4370 45
4473 45
4542 0
4554 43
4720 0
4802 43
4875 0
4949 45
5037 0
5275 42
5322 0
5378 44
5417 0
5509 42
5564 0
5713 42
5873 0
5901 44
5918 0
5940 44
5956 0
6019 43
6095 0
6099 44
6113 41
6322 44
6553 41
6578 0
6659 41
6733 0
6830 44
6836 0
6891 44
7105 0
7107 44
7110 0
7195 42
7196 44
7274 0
7409 44
7480 0
7598 44
7898 0
7902 44
8036 0
8147 43
8335 41
8742 0
8982 41
9005 0
9140 42
9369 0
9445 42
9516 0
9568 44
9818 0
10170 44
10212 0
10454 45
10469 0
10611 41
10894 0
10911 45
11008 0
11065 44
11246 0
11262 43
11457 44
11572 0
11588 44
11649 43
11746 0
11798 44
11980 42
12218 0
12379 44
12559 42
12742 0
12860 41
12894 0
13078 45
13113 0
13290 42
13366 0
13416 44
13926 0
13945 45
13954 0
14004 43
14067 0
14189 43
14370 0
14497 45
14588 44
14704 42
14722 0
14985 41
15146 0
15257 42
15367 0
15441 44
15557 0
15694 44
15744 43
15754 42
16076 45
16228 0
16295 44
16315 0
16328 41
16382 44
16412 0
16498 44
16636 0
16754 44
16812 44
16930 0
16996 45
17048 0
17141 44
17634 0
17754 43
17810 0
17970 41
18001 45
18065 0
18542 43
18881 0
19222 44
19298 0
19408 42
19716 44
19963 0
20044 42
20064 0
20102 45
20140 44
20195 0
20290 43
20527 0
20682 43
20805 0
20912 45
20927 0
21014 44
21190 0
21213 42
21266 44
21406 42
21428 42
21539 0
21803 45
21849 0
22258 44
22550 0
22558 44
22577 41
22897 0
23045 45
23074 42
23135 0
23139 43
23303 43
23358 0
23440 41
23483 0
23616 44
23641 0
23669 44
23717 0
23795 42
23888 43
23898 0
24052 42
24164 0
24301 44
24947 0
24960 41
25021 44
25212 0
25219 44
25289 0
25341 44
25477 0
25531 44
25559 41
25678 0
25720 41
26138 0
26148 41
26397 0
26701 42
27029 0
27048 45
27091 42
27224 44
27339 0
27342 44
27363 0
27547 44
27570 0
27591 44
27600 0
27658 45
27787 41
28148 44
28230 0
28279 42
28391 43
28567 0
28593 43
28716 0
28790 44
28837 42
28853 0
28867 41
28988 0
29106 43
29138 0
29166 41
29266 0
29308 43
29418 45
29511 0
29581 43
29631 0
30041 44
30106 0
30117 44
30194 42
30217 0
30263 41
30319 0
30507 44
30568 44
30623 0
30653 42
30780 0
30836 42
30881 0
30885 45
30925 0
30965 44
31009 0
31105 42
31308 0
31402 43
31463 41
31500 0
31631 43
31645 0
31721 42
31724 0
31822 42
31883 0
31891 44
31994 0
32102 41
32198 45
32291 42
32987 45
33057 44
33185 0
33314 44
33335 0
33386 41
33426 0
33451 44
33558 0
33697 42
34004 0
34102 41
34136 0
34159 44
34196 0
34206 45
34245 0
34306 41
34318 0
34453 44
34456 0
34468 44
34784 0
34836 43
34843 0
35265 44
35269 0
35561 44
35593 41
35598 0
35602 42
35619 43
35769 0
35797 44
35886 42
36250 41
36325 0
36728 44
36809 0
36905 45
36969 45
36982 0
37018 42
37023 0
37126 45
37133 0
37302 45
37336 0
37344 42
37373 0
37567 45
37605 0
38032 42
38283 0
38423 44
38471 0
38566 45
38642 42
38669 0
38730 42
38984 42
39135 42
39406 0
39463 41
39497 0
40066 44
40108 0
40111 43
40119 43
40141 41
40351 0
40392 43
40401 0
40416 41
40442 0
40550 42
40601 0
40690 44
40714 0
40738 44
40830 0
40877 44
41387 45
41637 0
41679 44
41723 44
41796 0
41805 42
42067 0
42226 45
42355 0
42382 42
42419 0
42675 44
42784 0
42904 45
42980 0
43226 44
43231 0
43424 44
43452 0
43512 43
43742 0
43789 42
43863 0
44100 42
44297 43
44298 42
44416 0
44468 45
44475 44
44662 0
44685 41
44798 0
44891 42
44897 0
44947 44
45016 41
45064 44
45354 0
45368 43
45437 0
45562 42
46048 0
46053 42
46105 0
46238 41
46247 0
46455 41
46628 45
46819 44
47022 0
47213 44
47264 44
47334 0
47470 44
47584 0
47642 42
47676 44
47746 0
47832 44
47833 0
48161 43
48210 0
48275 44
48283 0
48330 44
48413 0
48507 45
48536 44
48552 0
48691 44
48704 0
48915 42
48967 45
48970 0
49067 43
49496 45
49692 0
49695 42
49770 0
49854 42
50078 0
50102 45
50129 42
50145 0
50279 43
50422 44
50518 0
50521 42
50580 0
51067 44
51101 0
51218 44
51226 42
51277 0
51550 44
51666 42
51687 41
51762 0
51895 42
51929 0
52037 45
52217 0
52231 45
52409 44
52504 0
52534 41
52809 0
52914 44
52987 0
53111 43
53210 0
53214 44
53247 43
53280 44
53356 0
53382 44
53428 45
53639 0
53831 42
54079 45
54112 0
54210 41
54308 0
54310 41
54370 0
54714 44
54918 0
55051 42
55090 44
55179 0
55237 42
55403 0
55472 42
55508 0
55729 41
55903 42
55935 0
55958 44
56322 41
56381 0
56423 44
56555 44
56876 0
57001 44
57061 0
57063 43
57316 0
57661 44
57909 0
57956 42
58128 45
58166 0
58199 44
58382 42
58522 0
58574 44
58804 42
58955 0
59101 41
59219 0
59349 43
59458 0
59506 41
59596 0
59721 42
59725 0
59763 44
59957 0
60132 41
60134 0
60176 44
60182 43
60310 0
60375 43
60414 0
60471 45
60541 42
60643 0
60726 41
60765 42
60774 0
60776 42
60792 0
60846 44
60864 0
60920 42
61072 0
61148 42
61193 0
61201 44
61210 0
61303 41
61416 0
61647 45
61910 0
62292 41
62294 44
62493 0
62549 42
62605 0
62739 44
62797 43
63106 0
63181 44
63287 0
63290 44
63482 0
63489 43
63605 0
63671 44
63720 44
63732 0
63843 42
63893 0
64014 42
64186 45
64356 0
64432 41
64440 44
64492 0
64541 43
64582 0
64740 42
64779 0
64861 43
64949 0
64953 42
64981 44
64992 0
65017 42
65033 0
65090 44
65221 42
65222 0
65316 45
65841 43
66091 44
66125 0
66188 45
66420 0
66741 44
66814 43
66816 44
66906 41
67018 0
67156 43
67596 0
67758 44
67975 0
68246 44
68342 0
68752 41
68887 44
69127 44
69234 0
69391 44
69393 0
69410 44
69441 0
69451 45
69745 0
69816 44
69843 45
70276 0
70384 43
70536 44
70671 0
71138 41
71224 44
71302 0
71351 42
71534 42
71538 42
71558 0
71570 43
71927 42
72113 0
72272 44
72433 42
72468 0
72592 41
72707 0
72714 44
72801 42
72890 0
72907 44
73353 0
73366 45
73468 0
73614 42
73855 0
74262 44
74270 0
74452 41
74493 0
74506 44
74576 41
74703 0
74805 42
75068 42
75275 0
75439 44
75629 0
75790 44
76052 41
76300 0
76379 42
76459 0
76779 44
76885 0
76970 44
76975 41
77081 0
77250 43
77379 0
77504 45
77557 0
77603 44
77707 0
77800 44
77865 0
77919 44
77990 0
78048 42
78049 0
78066 42
78125 44
78128 0
78199 41
78244 0
78261 44
78319 0
78559 44
78606 0
78637 43
78646 42
78702 0
78852 43
78981 0
79028 41
79155 0
79253 44
79288 0
79393 43
79536 45
79568 0
79683 44
79870 42
79985 0
80020 45
80089 45
80156 0
80340 42
80480 0
80581 42
80742 0
81005 41
81078 0
81152 44
81201 0
81360 42
81614 0
81673 44
81701 44
81920 44
82166 44
82175 42
82309 42
82361 44
82501 0
82547 42
82664 0
82731 43
82753 44
82915 0
83208 44
83230 44
83278 0
83303 41
83524 44
83583 0
83640 44
83701 44
83829 44
84039 44
84151 0
84224 42
84303 0
84408 42
84515 0
84527 41
84621 0
84700 42
84721 0
84740 44
84800 0
84909 42
85005 44
85006 0
85933 45
86001 0
86062 41
86073 0
86204 42
86378 0
86389 42
86423 0
86455 45
86771 44
86792 45
87147 0
87391 45
87413 0
87545 42
87621 0
87827 42
87908 0
88045 44
88085 0
88234 44
88427 0
88722 42
88769 0
88926 45
89192 0
89250 42
89309 0
89376 44
89437 0
89491 41
89667 0
89674 44
90041 42
90112 0
90266 44
90271 44
90359 0
90368 41
90397 0
90533 43
90812 0
91079 44
91141 43
91505 0
91524 45
91537 0
91546 42
91681 0
92029 42
92106 0
92120 42
92410 0
92452 42
92485 0
92556 44
92581 0
92668 44
92683 0
93083 41
93141 0
93281 42
93648 0
93662 42
93881 42
93928 43
94235 42
94340 0
94367 42
94478 0
94550 45
94696 0
94865 43
95116 0
95186 42
95362 42
95695 0
95725 44
95737 42
95891 0
95942 44
96000 0
96172 42
96315 42
96335 0
96501 42
96880 0
96905 45
97055 0
97080 43
97182 0
97210 43
97270 0
97521 41
97769 0
97873 42
97968 0
98030 42
98092 45
98337 0
98463 42
98526 44
98533 0
98605 44
98870 0
98929 42
98971 44
99245 0
99474 44
99637 0
99710 43
99777 0
99840 41
99860 0
239 events for 6
27 53
70 53
124 0
366 48
644 0
964 60
1279 0
1533 39
1697 30
1881 48
2160 0
2232 37
2420 0
2895 37
4759 30
4989 48
7357 0
7908 39
8825 0
8885 30
8949 0
9705 48
9760 48
9815 37
10109 0
10825 46
11299 0
11449 32
11751 0
13712 53
14163 0
14248 77
14397 0
14573 77
14932 0
14980 48
15267 0
15453 37
15710 0
16414 39
17053 48
17721 0
17858 77
18589 0
18660 39
18755 0
18791 30
18797 30
18812 0
18824 37
20042 0
20171 32
20260 0
20907 32
21578 0
21620 32
21648 0
22958 30
23678 53
24058 48
24114 37
24426 0
25612 53
25616 0
25798 30
26042 0
27053 37
27136 0
27216 77
28012 0
28112 60
28260 37
29168 0
30325 39
31228 37
31386 0
31551 53
32079 77
32716 0
34001 32
34451 53
35216 0
35321 37
35455 77
36349 0
36446 39
37091 0
37194 53
37325 0
37659 53
38218 48
38327 53
38617 60
39139 46
39434 0
39976 39
40253 0
40640 46
40778 0
41497 46
42171 0
42207 30
42615 0
42783 32
43140 0
43711 48
43849 0
45555 60
45570 77
46360 0
46607 77
46785 0
46934 48
47105 0
47611 46
48087 0
48672 77
49202 0
49360 37
50265 0
51674 32
51722 0
51935 46
52054 32
52074 0
52162 46
52189 0
52814 39
52907 0
53218 39
53419 60
53610 0
53728 53
54095 60
54327 0
54439 77
54686 0
54869 46
55261 0
55472 30
55755 0
55818 30
56238 37
57017 0
58002 32
58255 46
58716 0
60030 32
60049 0
60286 77
60379 0
60555 32
60775 0
61487 30
61876 0
62693 37
63388 48
63426 0
63454 77
63933 60
65229 0
65907 53
66570 39
67091 0
67244 30
67627 0
67846 32
68042 0
68177 30
68759 0
68981 53
69127 0
69952 30
70045 0
70189 30
70481 30
70605 30
71105 0
71605 32
73497 0
74102 53
74184 0
74547 46
74852 0
75099 53
75240 0
75535 60
75932 0
77078 46
77878 48
78013 0
78419 53
79127 39
79359 60
79739 39
79824 0
79906 32
79955 48
79962 0
82352 46
83368 0
84277 46
84644 60
84745 0
84987 39
85243 60
86099 0
86285 53
87171 0
87436 60
88233 0
88326 60
88456 60
88623 0
88948 39
89100 53
90769 0
90845 48
91041 60
91110 0
91362 32
92071 60
93527 0
93704 77
93937 0
93981 32
94660 77
95098 0
95438 30
95765 0
96248 48
96326 0
96381 53
96435 32
97463 39
98018 32
98457 0
98721 37
99282 0
738 events for 7
269 46
320 0
400 72
494 0
540 48
577 36
616 48
881 72
1234 0
1248 36
1313 0
1614 36
1702 0
1929 56
2107 0
2115 36
2202 0
2210 72
2239 0
2508 36
3067 58
3074 48
3210 0
3487 56
3813 0
4154 48
4169 0
4300 48
4312 0
4475 58
4813 0
4924 56
4972 48
4974 0
5190 48
5215 0
5335 48
5338 0
5430 48
5824 0
5948 46
6023 0
6129 48
6534 36
6566 36
6582 48
6798 0
6824 72
6882 72
7369 0
7436 46
7678 0
7787 36
7866 48
8033 0
8158 36
8734 0
8744 58
8826 0
8852 56
8922 58
9056 58
9105 0
9257 58
9264 46
9345 0
9468 46
9637 0
9697 36
9765 56
9884 0
9928 58
9930 0
10340 72
10393 0
10431 36
10632 0
10884 58
11167 0
11174 46
11193 0
11396 48
11403 0
11440 56
11505 56
11723 0
11805 46
12020 58
12048 0
12068 46
12092 46
12135 58
12680 0
12734 46
12779 58
12953 56
13042 0
13140 58
13268 56
13488 36
13522 0
13702 48
13743 56
13767 0
13768 36
13895 0
13948 46
13979 0
13989 46
14008 0
14350 58
14379 0
14630 58
14924 0
15113 58
15243 0
15277 46
15364 0
15406 58
15483 56
15535 48
15539 0
15577 58
15677 72
15774 58
15780 0
15828 58
15840 46
15897 0
16105 72
16169 56
16335 0
16411 46
16465 0
16521 72
16590 0
16653 46
16681 46
16884 72
16978 0
17227 48
17336 0
17692 46
17708 0
17767 48
17830 0
17849 58
17973 0
18001 56
18149 0
18277 36
18285 0
18505 58
18581 0
18692 36
19304 0
19468 48
19520 56
19546 0
19618 46
19778 0
19852 36
19998 0
20085 46
20103 0
20336 48
20428 0
20699 58
21150 0
21183 48
21359 0
21512 36
21513 0
21531 56
21816 0
21829 48
21958 0
22308 58
22331 72
22384 72
22391 58
22482 0
22494 58
22662 0
22663 48
22768 72
22828 0
22959 48
23102 0
23294 48
23318 72
23852 48
23918 48
23948 0
23955 56
24068 0
24135 36
24178 0
24287 56
24363 0
24598 56
24602 0
24697 72
25057 0
25169 72
25263 0
25624 48
25650 0
25793 56
25840 0
25859 46
25918 0
26030 72
26063 0
26123 58
26144 0
26204 46
26579 0
26617 72
26672 0
26734 48
26741 0
26937 72
27321 0
27468 48
27565 0
27682 36
27742 0
27799 56
28574 0
28807 72
29198 0
29332 56
29802 0
29900 48
29965 0
30175 72
30339 0
30646 72
30666 46
30913 0
31064 36
31079 0
31148 58
31296 46
31471 0
31489 56
31584 72
31670 0
31750 48
31758 0
32018 56
32051 0
32276 58
32356 0
32770 46
32786 56
33166 0
33318 46
33342 0
33430 48
33453 48
33831 0
33833 48
33840 0
33850 56
33922 0
34077 46
34217 0
34244 46
34419 72
34433 36
34696 0
34817 72
34833 56
34856 0
34914 72
34971 0
35008 58
35180 0
35191 48
35291 72
35849 0
36168 48
36182 0
36186 46
36380 0
36384 36
36582 0
36729 58
37006 48
37025 0
37127 48
37620 46
37791 48
37965 0
38073 72
38155 48
38305 48
38614 0
38630 46
38824 0
38870 46
38903 0
39047 36
39208 46
39669 58
39712 58
39846 0
39953 72
40027 56
40083 0
40174 48
40225 72
40502 0
40605 46
40692 0
40791 36
40817 58
40861 36
40902 0
41013 36
41137 0
41261 36
41430 72
41475 0
41787 72
42128 58
42142 0
42366 58
42456 0
42559 58
42614 72
42716 0
42944 56
43595 0
43887 72
43902 72
43998 0
44248 58
44700 0
44740 46
45020 0
45028 48
45050 0
45203 46
45229 0
45333 56
45339 0
45341 48
45535 0
45891 48
45902 0
45974 36
46244 0
46744 72
46754 48
46783 46
47093 0
47287 72
47401 0
47402 48
47454 0
47532 48
47704 0
47841 36
48270 0
48395 46
48592 0
48844 36
48898 0
48951 46
49024 72
49129 0
49301 48
49518 0
49591 46
49923 46
49929 0
50119 56
50120 46
50194 0
50555 58
50599 0
50699 58
50776 72
50785 0
50824 58
50904 56
51188 0
51221 58
51508 48
51538 0
51668 72
51850 0
52165 58
52217 0
52673 58
52769 56
52852 0
52915 46
52990 0
53011 46
53116 0
53210 72
53232 46
53296 0
53384 72
53418 56
53481 0
53632 36
53655 0
53662 58
53669 0
53835 46
53867 72
53961 72
54084 0
54125 72
54183 0
54423 36
54431 0
54466 72
54621 0
54633 72
54680 0
54743 72
54877 0
55031 36
55040 36
55070 0
55254 36
55311 46
55349 0
55459 36
55919 0
56254 56
56365 0
56743 46
57017 36
57038 0
57248 72
57257 0
57433 46
57459 46
57492 0
57574 72
58160 0
58258 56
58385 56
58549 46
58564 72
58658 0
58767 36
59156 0
59284 58
59323 36
59374 0
59581 72
59701 0
59794 56
59958 0
60114 58
60193 0
60278 46
60481 56
60497 58
60498 0
60734 36
60927 0
61353 48
61407 0
61519 72
61571 0
61899 36
61968 46
62056 0
62079 56
62236 0
62266 58
62346 0
62505 58
62526 0
62614 48
62628 0
62709 58
62845 56
62855 0
62859 72
63292 0
63350 72
63626 0
63966 72
63967 0
64079 48
64090 0
64221 58
64223 0
64318 58
64435 56
64476 36
64710 0
64858 46
64897 0
65828 36
65890 36
66022 0
66097 72
66102 46
67075 0
67245 56
67279 0
67394 36
67548 0
67686 56
67932 58
68522 0
68745 56
68772 0
69072 58
69157 0
69228 58
69276 48
69359 0
69447 36
69561 0
69637 72
69885 0
70438 48
70790 0
70893 36
71446 0
71476 46
71499 0
71533 58
71535 0
71598 58
71940 0
71949 72
72026 0
72044 56
72147 0
72220 72
72271 0
72545 58
72621 48
72648 0
72766 58
72945 0
72963 46
72965 58
73027 0
73131 46
73256 0
73270 72
73440 0
73591 46
73685 0
73816 48
73887 48
73895 0
74006 72
74071 0
74126 36
74365 58
74474 58
74501 0
74532 56
74540 46
74553 0
74576 58
74579 48
74645 36
74652 0
74744 72
74779 0
75018 36
75079 0
75150 58
75251 0
75449 46
75464 0
75499 46
75552 36
75970 0
77204 56
77348 0
77482 48
77498 0
77619 72
77826 46
77973 0
78017 72
78107 0
78759 48
79073 0
79211 46
79544 56
79597 0
79640 58
79738 0
80108 46
80316 46
80449 72
80565 36
80633 72
80846 46
80909 0
81022 48
81033 0
81363 48
81385 0
81509 58
81524 0
81538 36
81694 0
81702 48
81805 0
81849 46
81850 0
81852 36
81856 0
81930 46
82212 72
82360 48
82380 0
82526 46
82779 0
82820 58
82861 72
82863 72
83402 0
83840 48
83902 56
83920 0
83964 58
83985 0
84672 48
84899 0
85026 48
85179 48
85200 0
85364 56
85399 0
85634 58
85873 0
86124 56
86197 0
86364 46
86551 0
86553 56
86660 46
86691 58
86763 36
87073 0
87148 46
87288 0
87550 56
87933 0
88053 48
88072 0
88146 72
88184 72
88656 0
88737 56
88749 0
88788 36
88841 58
88913 0
89443 72
89596 0
89707 48
89785 0
89999 48
90407 56
90473 0
90518 58
90558 0
90836 72
90853 0
90862 56
91147 72
91157 0
91355 46
91534 0
91827 56
91954 0
92225 48
92379 0
92560 36
92562 0
92718 48
93191 0
93490 46
93555 56
93669 56
93728 0
93758 72
93897 0
93977 56
93984 0
94292 36
94396 36
94570 72
94622 0
94634 72
95552 58
96055 0
96621 58
96674 0
96904 58
97086 36
97174 0
97255 72
97290 0
97381 58
97488 58
97691 0
97701 48
98030 0
98060 48
98105 0
98177 72
98371 0
98421 72
98639 0
99021 72
99066 36
99083 36
99099 0
99107 56
99109 58
99521 0
99609 56
99833 0
99834 36
99885 0
99959 36
836 events for 8
203 67
338 0
372 68
384 0
393 37
464 0
687 37
803 0
948 67
959 0
1159 68
1286 0
1437 67
1529 37
1676 0
1801 67
2175 0
2264 39
2300 67
2312 0
2324 67
2377 0
2409 68
2551 67
2646 0
2694 39
2807 0
2982 68
3316 0
3350 37
3511 68
3588 68
3921 0
3928 67
4030 0
4110 39
4164 0
4376 67
4963 0
5062 67
5083 0
5094 68
5227 67
5785 0
5805 37
5919 0
5963 68
6329 67
6425 0
6479 68
6627 39
6650 39
6723 0
6744 67
6970 67
7098 0
7154 67
7585 39
7593 37
7667 68
7768 0
8241 67
8382 0
8503 37
8738 67
9070 67
9688 0
9723 39
9754 37
9954 0
9993 67
10011 0
10130 37
10263 0
10389 67
10441 0
10683 68
10845 0
10923 67
10993 68
11002 0
11262 39
11297 68
11418 0
11432 37
11523 0
11713 39
11742 39
11867 39
11990 0
12144 68
12176 0
12553 68
12599 67
12611 0
12680 68
12714 0
12807 68
12819 37
13132 0
13225 37
13251 0
13276 67
13304 0
13318 67
13321 0
13361 67
13663 0
13767 68
13839 0
14025 67
14115 67
14168 0
14194 68
14219 0
14268 67
14589 67
14660 0
14767 67
14890 0
14917 68
15311 0
15328 37
15341 0
15467 67
15695 0
15742 67
15759 39
15907 0
15976 67
16038 0
16215 67
16435 39
16545 0
16771 39
16932 0
16947 37
17105 0
17531 37
18202 0
18321 37
18441 0
18957 37
19160 0
19540 67
19541 37
19769 67
19803 67
19914 0
19927 37
20007 0
20126 67
20144 67
20179 37
20183 37
20592 0
20748 67
20797 0
20881 37
20946 67
21318 0
21339 67
21446 0
21578 68
21580 0
21709 68
21843 67
21896 68
21937 0
22050 37
22093 0
22113 67
22134 67
22326 0
22466 37
22491 0
22708 37
22871 0
23203 39
23216 39
23262 0
23265 37
23361 0
23368 67
23405 0
23655 37
23674 0
23896 67
24186 68
24229 0
24251 67
24604 67
24617 0
24697 67
24826 0
24867 67
25041 0
25140 37
25179 0
25190 37
25598 0
25603 39
25630 0
25674 39
25792 67
26228 0
26253 67
26300 0
26480 68
26539 0
26793 39
26966 0
27066 67
27196 67
27239 0
27366 37
27395 0
27422 39
27513 68
27568 0
27581 68
27764 39
27784 0
27879 39
27956 67
27991 67
28379 67
28448 67
28644 39
28712 0
28821 67
28924 67
28957 37
29187 0
29445 67
29527 37
29541 0
29555 68
29602 0
29718 37
29793 0
29868 68
30063 0
30064 67
30089 37
30109 68
30301 0
30578 67
30710 0
30770 37
30928 0
30944 67
31106 0
31434 37
31511 0
31564 67
31568 0
32061 37
32279 0
32345 68
32361 0
32485 37
32522 0
32564 39
32643 39
32873 0
32916 37
33064 0
33152 37
33472 0
33595 67
33642 67
33645 39
34044 67
34124 0
34192 68
34196 0
34289 67
34483 39
34512 0
34627 67
34938 0
34968 67
35097 37
35271 0
35332 39
35403 68
35536 0
35674 67
35675 37
35749 0
35828 37
35870 68
36034 39
36268 0
36494 39
36554 37
36572 67
36639 39
36694 67
36713 0
36764 67
36796 0
36999 39
37307 0
37569 68
37675 0
37697 67
37811 0
37912 67
37913 37
38045 0
38049 67
38075 0
38088 68
38139 0
38179 37
38185 37
38360 0
38602 67
38647 0
39327 67
39694 0
40083 67
40220 0
40332 67
40530 0
40653 37
41079 0
41125 39
41182 0
41367 39
41402 0
41435 67
41521 39
41559 39
41600 0
41690 67
41765 0
41846 68
41907 0
41968 68
42061 0
42104 68
42124 0
42231 67
42400 0
42411 39
42629 37
42703 67
42765 67
42814 0
42894 67
43117 68
43144 0
43329 39
43402 0
43493 68
43676 0
43884 67
43908 0
43913 67
43932 0
44038 37
44087 0
44106 39
44444 0
44566 67
44585 0
44939 68
45042 0
45052 68
45804 0
45843 39
46435 0
46557 67
46600 67
46691 0
46800 39
46852 0
46909 67
47030 37
47057 0
47091 68
47208 0
47224 67
47505 0
47672 37
47678 67
47768 0
47914 67
48134 67
48223 67
48287 0
48294 37
48295 68
48316 0
48412 68
48537 0
48844 68
48923 68
48953 0
49011 67
49091 0
49099 68
49209 0
49325 39
49541 0
49633 68
49687 67
49875 37
49886 68
50194 0
50448 67
50962 67
51001 67
51427 37
51446 67
51561 0
51593 68
51720 0
51837 67
51847 0
51879 39
52074 0
52191 67
52358 0
52476 68
52482 67
52663 0
53050 37
53087 68
53131 67
53152 0
53157 67
53265 0
53318 39
53398 0
53418 67
53461 0
53473 37
53550 0
53642 68
53662 0
53717 67
53733 0
53954 67
54181 67
54226 0
54432 39
55151 0
55178 68
55264 0
55324 39
55350 67
55429 0
55516 39
55698 0
55802 39
56051 0
56222 68
56235 68
56305 37
56519 37
57042 0
57134 37
57364 0
57796 68
57908 39
57931 0
57982 67
58167 0
58310 68
58367 37
58472 0
58566 37
58650 37
58943 68
59363 67
59862 39
59917 0
60202 68
60278 0
60406 39
60551 0
60567 37
60593 0
60599 67
60718 0
60893 67
61075 0
61130 67
61202 67
61290 0
61419 37
61446 0
61571 68
61593 67
61612 0
61739 37
61918 37
61935 0
62136 67
62184 0
62354 67
62560 0
63112 39
63241 0
63354 39
63579 0
63812 37
63860 67
63992 37
64031 0
64044 68
64319 37
64580 39
64651 0
64653 67
64747 0
64903 67
65000 0
65045 39
65049 0
65123 37
65353 37
65396 37
65554 0
65817 39
66084 0
66485 37
66537 0
66855 37
66886 0
66916 68
67022 0
67244 68
67369 37
67458 0
67575 67
67596 0
67682 68
67736 0
67793 39
67818 39
67822 0
67968 67
68146 67
68659 0
68793 37
68840 0
68928 67
68986 68
69129 39
69431 0
69458 68
69546 0
69956 37
69972 0
70025 39
70159 67
70215 0
70221 67
70225 0
70250 39
70413 0
70582 68
70869 0
71232 37
71281 68
71371 0
71434 68
71472 0
71742 37
71825 0
71884 68
71962 0
72095 67
72194 37
72215 0
72238 67
72248 0
72287 68
72405 0
72438 67
72519 0
72674 39
72681 39
72684 0
72761 68
72966 0
72997 68
73007 67
73117 39
73350 0
73546 37
73959 0
73963 39
74013 0
74167 39
74251 0
74476 39
74496 0
74506 67
74616 39
74960 0
74980 67
75636 68
75734 0
75773 68
75911 37
75922 39
76012 0
76094 67
76146 0
76183 67
76255 0
76515 67
76740 67
76893 0
76920 37
77471 0
77553 67
77630 0
77710 39
77721 0
77760 67
77938 0
78246 39
78261 0
78317 68
78349 67
78416 37
78605 39
78755 0
78804 67
78844 0
78951 67
78959 0
79074 67
79257 0
79335 37
79380 0
79627 67
79630 0
80003 67
80077 0
80206 39
80402 0
80524 68
80655 0
80667 67
80697 37
80761 67
80808 37
80833 0
81039 37
81151 0
81173 68
81391 0
81400 67
81616 0
81715 68
81852 0
81955 39
82192 0
82239 37
82267 0
82527 68
82782 67
82878 37
82920 67
83086 0
83100 37
83147 67
83313 0
83400 67
83461 0
83572 37
83613 0
83674 68
83784 67
84002 0
84084 67
84183 0
84375 37
84497 37
84892 0
85106 67
85206 39
85373 0
85396 68
85406 0
85485 37
85525 67
85706 0
85722 67
85833 39
86016 68
86133 0
86461 39
86756 0
86776 67
87220 0
87460 39
87530 0
87646 67
87653 67
87668 0
87885 37
88073 0
88206 39
88236 0
88415 39
88515 67
88530 0
88611 68
88634 0
88782 37
89135 37
89169 0
89221 39
89277 0
89309 68
89311 37
89549 0
89571 68
89672 68
89691 68
89722 37
89811 0
89837 68
89885 0
90002 67
90226 0
90306 39
90369 0
90413 39
90661 0
90709 67
90722 67
90944 0
91043 68
91056 0
91213 39
91388 39
91393 0
91461 67
91549 0
91839 67
91857 0
91951 68
92141 0
92146 39
92192 0
92229 39
92422 0
92480 67
92519 67
92553 0
92571 37
92606 0
92671 68
92904 39
92953 0
93273 67
93381 0
93418 68
93738 0
94054 68
94128 0
94178 37
94368 0
94468 37
94539 0
94705 37
94715 0
94779 37
94901 0
95061 67
95132 39
95228 0
95350 67
95395 67
95445 0
95565 67
95685 0
95742 37
95765 39
95832 0
95925 37
96228 0
96269 37
96409 0
96514 67
96774 0
96815 67
96986 0
97032 68
97220 0
97373 37
97472 0
97583 37
97619 0
97713 67
97759 67
97850 0
98050 67
98106 0
98174 67
98240 0
98270 68
98273 0
98341 67
98442 0
98445 37
98456 0
98463 68
98593 0
98643 39
98692 39
98705 37
98850 37
98858 0
98931 39
98939 0
99121 68
99291 67
99318 0
99444 67
99501 39
99502 0
99713 68
99859 0
99867 68
99931 0
269 events for 9
57 86
93 0
168 41
378 0
1367 48
1450 0
2279 89
4348 0
4567 49
5044 0
5059 70
5813 0
5923 89
6970 0
7088 40
7384 0
7619 48
7671 0
7940 68
8118 0
8363 70
9253 0
9903 48
10075 68
10375 0
10677 40
10904 0
11035 72
11187 0
11222 89
11704 41
12239 72
12717 86
12864 86
13195 0
13341 86
14095 0
14353 48
14919 86
15015 0
16180 70
17007 0
17303 48
17445 40
18182 0
18222 72
18322 0
18693 68
18965 0
19579 48
20201 0
20294 68
20622 0
21122 49
21132 86
22162 0
22402 41
22552 0
22901 86
22988 68
23001 0
23284 72
23444 72
23595 0
23634 70
24508 89
24736 0
25040 72
25188 72
25566 86
25792 48
26645 0
27349 72
27672 89
28504 0
28686 70
29033 89
29389 0
29983 68
30339 0
30665 72
30950 0
31357 49
31555 0
32480 41
32737 89
33078 86
33435 0
33747 89
33990 48
34254 0
35023 72
35486 0
35540 49
36000 0
36047 72
36232 0
36849 70
36934 0
37208 72
37334 40
37601 0
37615 49
37763 0
38260 49
38759 86
39424 0
39753 86
39816 0
39967 72
40200 86
40540 0
40895 89
40922 70
40944 0
41430 40
42687 86
42749 0
42892 48
43132 0
43647 72
44004 0
44051 49
44073 0
44126 70
45555 0
46133 48
46453 89
46863 0
47469 89
47854 40
47905 0
48031 68
48147 68
48425 0
49111 41
49953 0
50129 89
50376 0
50424 86
50651 49
50789 0
50894 48
51107 70
51262 0
51291 89
51422 0
51493 41
52365 0
52421 72
52801 0
53195 70
53288 0
53544 70
53554 0
54396 86
55002 70
55294 0
55717 48
55960 0
56008 40
56149 0
56166 49
56495 0
56878 68
56935 0
57467 48
57694 0
57875 40
58363 0
58452 70
58645 0
59064 41
59134 0
60122 72
60200 0
60383 70
61437 0
61925 40
62271 0
62793 49
63478 0
63753 41
63993 0
64988 40
65117 0
65425 48
66260 0
66676 48
66931 0
67288 48
67574 89
68471 0
68755 89
69427 0
69762 41
69942 0
69973 41
70225 48
70243 0
70526 68
71021 0
71981 49
72074 0
72914 48
73043 0
74033 72
74540 0
74618 86
74794 0
75121 40
75394 89
75533 0
75985 41
76239 0
76811 86
76927 86
78305 0
79613 72
80223 72
80511 86
81100 0
81116 86
81128 0
81562 49
81826 72
82128 0
82797 40
83024 0
84391 86
85522 72
86225 0
86382 41
87226 0
87249 68
87352 0
87425 48
87700 48
87706 0
87947 49
87963 0
88351 49
88736 0
89386 70
89899 0
90000 89
90209 68
90228 70
90841 40
91850 0
92280 40
92688 0
93254 41
93397 0
93819 49
93870 49
94195 0
94840 72
94987 86
95562 0
95898 40
95913 0
96126 86
96489 86
97036 0
97559 41
97954 86
98317 0
99918 41
673 events for 10
380 54
481 0
509 70
643 54
763 0
834 59
915 0
1058 48
1114 0
1194 89
1325 0
1377 70
1406 0
1478 48
1652 0
1702 54
1732 40
1811 59
1828 0
2024 54
2080 0
2149 40
2231 0
2270 48
2411 40
2739 55
2931 0
2954 70
3114 0
3126 82
3436 0
3543 70
3815 0
3832 54
3865 0
4044 54
4180 59
4486 89
4552 59
4784 82
4847 0
4880 70
4978 0
5131 59
5351 0
5448 54
5473 55
5483 40
5525 0
6144 82
6325 0
6380 70
6409 0
6471 82
6530 0
6556 82
6668 0
6841 70
6891 0
6989 54
7577 0
7865 70
7887 89
7942 55
8070 0
8169 54
8389 0
8554 89
8602 0
8693 48
8784 0
8868 55
8894 0
8996 55
9062 0
9322 48
9683 0
9837 82
9896 0
9914 82
10040 89
10211 0
10522 59
10547 0
10582 54
10662 54
10699 70
10817 0
11040 70
11141 0
11370 59
11562 89
11652 0
11859 82
12197 0
12251 70
12978 0
13042 59
13064 0
13132 59
13481 0
13874 59
13968 0
14012 82
14037 0
14134 82
14517 0
14702 55
15406 0
15446 82
15742 0
15774 70
16102 0
16173 48
16429 70
16441 82
16512 0
16513 40
16593 0
16728 55
16795 0
16840 54
17084 0
17142 89
17197 55
17231 40
17290 54
17415 0
17499 40
17754 0
17945 89
18154 0
18197 82
18395 0
18429 70
18487 0
18663 40
18728 48
18757 0
18818 82
19105 48
19151 0
19222 40
19261 0
19567 89
19707 0
19853 59
19871 0
20020 89
20144 0
20466 48
20525 48
20562 0
20584 54
20598 0
20619 89
20986 0
21217 59
21517 0
21681 82
21705 0
21869 40
21915 0
21972 59
22013 59
22392 0
22847 59
23256 0
23276 48
23287 0
23410 59
23424 0
23763 48
23764 55
23780 0
23791 48
23911 70
23960 82
24083 0
24325 55
25040 0
25058 89
25274 0
25588 82
25698 0
25734 89
25822 54
25888 89
25949 0
25966 54
26014 0
26082 40
26150 55
26254 89
26449 0
26768 59
26880 0
26888 82
26929 0
26974 40
27348 0
27519 82
27535 0
27573 70
27611 70
27782 0
27790 89
28292 82
28338 54
28487 82
28531 82
28592 82
28689 82
28831 0
29051 54
29268 55
29286 0
29473 54
29598 0
29711 59
29822 82
29901 0
30178 89
30418 48
30697 40
31013 0
31317 48
31526 0
31658 55
31851 0
32142 40
32324 0
32494 82
32574 40
32601 59
32739 0
32870 70
32916 0
33331 48
33352 0
33388 82
33424 89
33449 55
33466 0
33525 54
33567 82
33692 0
33865 54
33907 0
33947 82
34064 0
34171 48
34377 0
34514 40
34580 0
34695 59
34798 0
35065 40
35067 0
35170 48
35277 0
35287 40
35289 0
35373 40
35834 0
36124 70
36458 59
36544 0
36562 54
36814 55
37249 0
37355 82
37760 0
38207 70
38291 70
38645 0
38649 55
38761 0
38806 55
38840 59
38906 0
39886 59
40095 89
40150 54
40227 0
40351 55
40707 40
40898 0
40901 82
41711 0
41729 54
41778 70
41872 59
42028 0
42175 40
42412 54
42515 0
42520 82
42624 0
42674 89
42966 0
43075 59
43221 0
43342 40
43357 0
43440 40
43465 0
43613 89
43883 89
43961 0
44014 82
44119 0
44266 40
44327 82
44461 0
44638 82
44739 0
44779 54
44932 0
44982 59
45462 0
45772 89
45775 0
45929 48
46083 0
46295 82
46374 40
46420 0
46726 40
46829 0
46856 82
46888 40
46900 0
46975 59
46981 0
47064 48
47150 0
47214 54
47351 0
47386 89
47456 0
47592 40
47837 0
48170 48
48189 48
48245 0
48314 55
48352 0
48405 55
48684 0
48753 70
49281 0
49323 54
49340 0
49351 54
49409 0
49432 70
49575 0
50011 89
50024 0
50153 89
50157 0
50186 82
50196 0
50316 89
50334 0
50731 55
50734 70
50744 59
50764 70
51054 0
51439 54
51531 0
51622 48
51623 0
51642 70
51940 0
52019 54
52462 0
52930 70
53034 0
53212 40
53213 0
53577 89
53890 0
54082 89
54169 0
54233 70
54495 0
54531 40
54624 0
54649 54
54737 82
55970 89
56122 0
56142 82
56287 48
56506 82
56533 0
56765 48
56812 48
56886 0
57362 70
57471 59
57858 89
57865 0
58132 40
58269 0
58396 48
58398 0
58452 40
58812 0
58815 70
59054 0
59143 82
59309 0
59832 59
59978 0
60065 89
60102 0
60172 40
60629 0
60659 89
60868 0
60871 48
60937 0
60974 40
61282 0
61360 40
61381 82
61410 0
61660 70
61729 0
61791 70
62008 0
62080 54
62113 0
62618 55
62698 0
62755 89
62805 0
62872 55
63066 70
63170 82
63268 0
63376 70
63515 48
63541 0
63563 55
63662 48
63667 0
63946 89
64022 0
64501 70
64660 0
65019 89
65154 0
65287 89
65328 0
65641 89
65824 0
66165 48
66200 0
66893 55
66980 48
67024 0
67088 55
67333 70
67472 0
67518 70
67839 0
68021 89
68344 89
68398 59
68569 0
68748 40
68790 0
68958 48
69314 0
69607 48
70224 0
70831 54
70869 0
70876 48
70908 0
71113 40
71138 55
71262 0
71273 55
71491 55
72130 0
72241 40
72310 0
72321 70
72580 48
73158 0
73577 59
73661 70
73662 0
73734 48
73872 0
74178 48
74205 0
74244 70
74279 0
74318 48
74340 0
74359 40
74429 0
74664 70
74768 40
75042 0
75299 82
75574 0
75694 48
76240 0
76429 40
76432 0
76671 48
77072 0
77178 59
77260 0
77680 48
77690 55
77794 0
77814 54
77837 55
77969 70
77974 0
78197 89
78271 55
78599 0
78901 55
79151 0
79233 48
79351 0
79776 89
79909 0
80045 89
80112 55
80208 0
80419 40
80566 0
80634 59
80969 0
81170 48
81188 0
81218 89
81302 0
81602 48
81644 0
81692 89
81703 0
81792 40
82430 40
82543 0
82560 70
82716 0
82747 48
82779 54
82790 48
82797 0
82839 59
82922 0
83119 89
83128 0
83532 70
83590 89
83750 48
83754 0
83770 70
83810 70
83946 82
84054 0
84266 55
84374 0
84533 40
84956 0
85137 40
85176 0
85275 48
85961 0
86059 70
86214 0
86485 59
86540 0
86648 40
86663 0
86927 82
86983 59
86992 0
87143 55
87245 0
87537 48
88000 0
88158 48
88845 0
89285 55
89442 0
89786 40
89886 0
90058 55
90268 0
90462 55
90501 0
90709 89
90716 55
91114 0
91170 82
91310 0
91372 82
91414 0
91666 55
91950 0
92132 89
92134 0
92151 59
92260 0
92289 55
92781 54
92866 0
93004 82
93028 0
93687 48
93744 55
94119 70
94435 0
94450 70
94508 70
94719 0
94745 40
94850 0
95018 48
95048 0
95051 48
95282 0
95315 59
95586 0
95649 40
95709 40
95917 54
96188 0
96298 55
96300 0
96312 70
96505 0
96559 89
96687 0
96773 59
96878 0
97039 48
97428 59
97454 0
97705 59
97713 0
97805 55
97817 0
97959 70
97974 0
98157 48
98484 55
98780 0
98872 89
99324 54
99358 40
99411 54
99479 0
99525 70
99648 89
99660 0
99725 82
99849 48
99860 0
970 events for 11
148 56
153 0
290 52
321 0
363 56
527 0
646 69
730 72
837 0
856 62
891 0
1033 52
1148 52
1197 56
1302 72
1500 0
1765 69
1865 0
1985 62
2028 62
2062 0
2257 72
2323 0
2455 56
2484 52
2632 0
2636 56
2666 0
2948 69
3227 52
3232 0
3244 72
3245 0
3439 52
3523 0
3743 62
3942 52
4201 52
4232 56
4246 0
4458 56
4533 0
4607 72
4713 0
4740 72
4788 0
4934 72
5075 0
5083 72
5210 0
5255 52
5346 0
5347 69
5561 0
5590 62
6005 56
6404 0
6555 52
6560 0
6715 72
6765 0
7055 72
7109 62
7367 0
8071 52
8143 62
8171 69
8190 0
8244 72
8283 0
8376 72
8401 0
8469 56
8480 0
8503 72
8650 0
8677 72
8904 0
9095 56
9173 0
9225 56
9245 0
9497 52
9610 0
9685 62
9861 0
9943 72
9951 0
9985 69
10151 0
10195 56
10364 69
10572 0
10722 69
10766 52
10855 0
10858 72
10893 0
10898 56
11238 62
11428 0
11450 62
11473 0
11515 52
11522 56
11577 0
11695 52
11759 0
11870 69
12306 0
12383 56
12399 0
12560 69
12671 62
12715 0
12796 52
12883 56
12895 62
12943 62
13111 0
13192 72
13288 0
13303 52
13793 69
13874 0
13928 72
14043 0
14068 69
14088 72
14110 0
14117 62
14210 0
14288 72
14394 0
14504 72
14574 0
14614 69
14638 0
14846 56
14854 0
14925 72
14959 0
15047 56
15139 0
15329 56
15342 0
15366 62
15773 62
15797 0
16049 56
16088 0
16139 52
16178 0
16386 72
16420 0
16483 62
16658 0
16754 69
16898 0
16967 56
16975 0
17055 62
17116 0
17154 72
17182 0
17278 56
17306 0
17309 52
17403 62
17431 0
17679 69
17856 69
17869 0
17993 52
18010 0
18046 62
18346 0
18696 69
18972 62
19017 52
19122 62
19163 0
19220 56
19431 0
19558 62
19814 0
19879 52
19921 0
19956 56
20021 72
20023 0
20179 62
20304 0
20312 56
20412 0
20701 69
20758 0
20827 69
21193 0
21195 56
21351 0
21395 72
21604 0
21684 52
21958 52
22083 0
22151 56
22201 69
22240 0
22450 72
22478 0
22527 72
22599 0
22609 52
23018 0
23030 69
23220 0
23226 72
23238 0
23529 62
23531 0
23584 69
23722 72
24059 0
24104 52
24193 0
24298 69
24300 0
24326 62
24409 0
24410 52
24673 0
24908 72
24909 0
24989 52
25254 72
25422 62
25496 72
25648 0
25683 62
25832 69
25903 0
25973 72
26003 0
26036 72
26039 0
26040 62
26202 0
26225 69
26241 0
26318 69
26470 69
26544 69
26989 0
26994 56
27018 62
27024 0
27199 72
27285 0
27379 72
27558 0
27616 52
27818 0
27882 72
28045 0
28208 62
28282 0
28597 72
28694 62
28713 0
28886 56
29279 72
29311 52
29409 0
29444 69
29449 0
29576 69
29611 62
29615 0
29620 56
29697 0
29789 56
29886 0
29971 62
30218 0
30399 72
30412 72
30617 0
30627 62
30874 0
30967 56
30996 0
31187 56
31224 0
31298 62
31365 0
31402 52
31582 62
32157 56
32194 0
32258 56
32289 0
32292 56
32530 0
32536 52
32562 0
32773 72
32801 0
32948 52
33102 52
33131 0
33232 52
33441 0
33577 56
33616 72
33648 0
33725 72
33825 0
34030 72
34203 52
34262 0
34558 52
34605 0
34793 69
34795 62
35120 0
35194 56
35225 72
35410 0
35552 52
35577 0
35660 72
35764 0
35831 72
35895 0
36066 72
36087 0
36110 56
36327 56
36345 0
36674 72
36739 0
36884 56
36944 0
36972 72
37038 0
37171 72
37290 72
37309 0
37412 62
37443 62
37622 0
37726 69
37750 0
37773 72
37806 0
37833 56
37854 0
37893 56
38291 0
38425 56
38523 0
38559 56
38752 0
38918 62
39074 0
39271 69
39345 0
39400 62
39404 0
39437 72
39662 0
39805 52
39942 52
40109 0
40119 56
40174 0
40178 72
40334 0
40378 52
40585 0
40596 69
40629 62
40715 0
40807 52
40907 0
40908 62
40931 52
41110 69
41173 0
41370 56
41405 56
41522 0
41554 62
41572 69
41694 52
41906 0
41937 69
42026 52
42388 0
42415 62
42469 72
42492 69
42526 69
42817 0
42872 62
42885 0
43087 56
43098 0
43117 69
43290 0
43316 72
43409 62
43448 56
43476 0
43517 69
43717 72
43847 0
43983 62
44025 0
44068 52
44107 0
44153 52
44257 0
44385 56
44437 0
44512 56
44702 0
44741 72
44863 0
44980 56
45051 0
45236 69
45258 52
45367 62
45426 56
45563 0
45701 56
45870 0
45978 62
45981 0
46096 72
46189 0
46233 72
46270 0
46551 62
46984 0
47000 62
47040 0
47357 72
47438 0
47539 62
47551 0
47594 62
47667 0
47669 56
47908 52
48126 0
48345 52
48462 0
48525 62
48590 72
48685 0
48766 52
48857 0
49006 69
49161 56
49262 0
49288 62
49328 0
49329 52
49355 0
49539 56
49584 56
49611 0
49629 69
49931 72
49980 0
50001 52
50003 0
50070 56
50158 0
50212 52
50398 0
50555 62
50717 0
50734 56
50821 0
50830 56
51170 0
51411 52
51509 52
51576 72
51788 52
51808 0
51850 52
51885 0
52176 62
52360 0
52480 56
52556 0
52669 56
52689 69
52704 62
52875 72
52892 0
52936 52
53112 0
53175 56
53211 62
53217 0
53352 52
53484 0
53496 56
53624 69
53721 0
53736 52
54091 0
54097 56
54146 52
54154 0
54160 52
54307 0
54379 52
54383 69
54407 69
54448 52
54470 0
54603 69
54763 56
54774 0
54882 52
55272 0
55409 72
55538 72
55593 0
55895 52
55969 0
56040 69
56042 0
56078 52
56153 0
56224 62
56263 0
56550 62
56593 0
56656 52
56783 56
56903 0
56959 72
56963 0
56973 62
57103 0
57210 52
57295 52
57412 69
57452 0
57623 72
57650 52
57708 0
57900 62
58061 0
58116 52
58235 0
58337 69
58486 62
58638 0
58662 72
58813 0
58988 52
59141 0
59153 56
59253 0
59293 52
59323 0
59355 62
59514 0
59521 56
59622 52
59668 0
59676 72
59683 56
59772 0
59776 72
59789 0
60060 52
60204 56
60232 0
60545 62
60845 72
60942 0
61063 56
61064 52
61127 0
61227 52
61274 0
61405 62
61415 0
61556 72
61592 0
61745 56
61781 62
61875 56
61925 72
62303 62
62400 0
62427 69
62842 0
62951 69
63306 0
63338 52
63451 0
63572 52
63751 0
63849 52
63879 0
63924 52
63941 69
64083 0
64142 62
64355 72
64428 0
64786 62
64854 0
64944 72
64995 0
65205 72
65210 0
65244 62
65264 0
65300 72
65381 0
65422 52
65747 56
65830 0
65857 69
66002 0
66077 72
66198 0
66277 72
66397 0
66443 72
66454 0
66468 72
66937 0
67113 69
67273 69
67329 72
67457 72
67716 0
67911 62
67998 0
68410 62
68479 0
68574 62
68686 0
68706 72
68811 0
68818 52
69014 0
69064 72
69249 0
69270 56
69283 69
69535 0
69632 62
69681 0
69820 52
70106 0
70289 52
70394 0
70428 72
70435 0
70440 72
70464 0
70527 62
70542 62
70576 62
70625 0
70626 62
70698 0
70706 69
70833 0
70907 62
71079 56
71139 0
71250 56
71287 0
71327 69
71621 52
71777 56
71836 0
71921 69
71996 62
72019 0
72151 62
72205 56
72416 0
72453 69
72501 0
72548 72
72650 0
72908 52
73043 0
73184 56
73237 0
73420 62
73471 56
73556 0
73762 52
73823 0
73898 56
73907 0
73989 62
74125 52
74308 52
74560 0
74604 69
74611 0
74612 69
74636 62
74741 0
74758 69
74838 0
75040 62
75131 0
75296 72
75510 62
75556 52
75583 0
75736 69
75738 0
75823 62
75971 72
75985 0
76222 62
76309 56
76424 0
76473 52
76481 52
76483 0
76505 62
77079 0
77143 72
77415 0
77468 69
77507 0
77562 69
77855 0
78182 72
78217 0
78299 69
78364 52
78442 62
78733 0
78811 62
79292 72
79675 0
79709 52
80054 56
80284 52
80285 0
80344 56
80406 52
80499 69
80507 0
80523 69
80610 52
80710 0
80719 52
80727 0
80756 56
80872 0
81024 52
81140 0
81148 56
81225 0
81277 69
81345 56
81382 0
81386 62
81438 69
81456 0
81532 62
81548 0
81781 72
81962 0
82032 72
82178 0
82192 52
82324 56
82734 0
82747 69
82756 0
82814 56
82868 0
82881 52
82989 0
83001 62
83063 0
83133 72
83268 0
83281 56
83392 56
83609 0
83702 56
83803 0
83808 52
83876 0
83913 62
84010 0
84131 56
84279 0
84514 52
84573 69
84862 0
85043 69
85099 0
85169 62
85205 0
85285 62
85300 52
85383 0
85418 56
85462 0
85746 72
85804 72
85937 52
85938 0
86043 52
86147 69
86274 62
86311 0
86417 56
86418 0
86426 69
86437 0
86640 56
86667 0
86675 62
86684 0
86742 69
86755 0
86835 56
86847 72
86964 62
87109 72
87561 0
87637 72
87902 0
88004 62
88042 0
88093 52
88209 52
88286 0
88391 52
88531 0
88561 56
88843 0
88867 56
88907 0
88976 69
89235 0
89357 72
89378 69
89478 62
89560 0
89579 52
89603 0
89700 52
89740 0
90298 62
90467 0
90481 52
90552 56
90781 0
90802 72
90915 62
90963 0
91000 62
91107 52
91149 0
91458 56
91513 0
91524 56
91727 0
91941 62
91950 72
92421 0
92617 56
92631 0
92636 62
92665 52
92678 72
92694 0
92808 69
92866 0
93170 62
93316 69
93361 0
93474 56
93479 72
93809 0
93877 69
94009 62
94193 0
94204 62
94228 0
94321 72
94367 0
94663 62
94734 0
94790 62
94792 0
94813 72
94911 0
95038 62
95104 0
95120 72
95152 0
95171 52
95468 0
95500 69
95774 0
95839 56
95862 69
95908 0
95940 52
95955 0
96012 72
96119 0
96549 69
96553 0
96699 69
96802 0
96828 72
96887 56
96918 69
96925 0
96984 62
96995 0
97014 56
97108 72
97239 0
97370 56
97393 0
97481 62
97718 0
97733 56
97751 0
97813 69
98267 56
98297 0
98345 52
98358 0
98418 62
98448 52
98461 0
98579 62
98591 0
98741 56
98851 56
98863 62
99042 0
99087 69
99141 0
99605 69
99726 0
99839 52
99940 0
763 events for 12
155 22
440 22
442 0
568 22
995 0
1049 22
1209 0
1375 22
1661 0
1733 22
1888 0
1949 22
2201 22
2219 0
2242 22
2280 22
2346 0
2393 22
2449 22
2494 22
2533 0
2552 22
2651 0
2713 22
2847 0
2877 22
3229 0
3293 22
3385 0
3625 22
3838 0
4427 22
4472 0
4669 22
4787 0
4827 22
4891 0
5183 22
5336 0
5361 22
5380 22
5424 22
5496 0
5781 22
5885 22
5932 0
6066 22
6170 0
6206 22
6358 22
6437 22
6610 0
6756 22
6759 0
6822 22
7500 0
7561 22
7924 0
8135 22
8271 22
8461 0
8656 22
8697 22
8719 22
8764 22
8977 0
9212 22
9499 0
9510 22
9517 0
9578 22
9595 22
9609 0
9705 22
9830 22
9842 0
9941 22
10013 0
10571 22
10654 0
10808 22
10931 0
11114 22
11146 0
11236 22
11315 22
11489 22
11875 0
12080 22
12451 22
12579 0
12705 22
12710 0
12773 22
12846 0
12880 22
12918 0
12966 22
13043 0
13066 22
13094 22
13172 0
13312 22
13490 0
13498 22
13554 22
13591 0
13606 22
13779 0
13966 22
14005 0
14105 22
14285 0
14294 22
14378 0
14577 22
14703 22
14800 22
14898 0
15366 22
15543 0
15898 22
16104 0
16285 22
16483 0
16715 22
16770 22
16884 0
16980 22
17164 22
17659 22
17874 0
18119 22
18185 0
18236 22
18778 22
18963 0
18990 22
19004 0
19165 22
19219 0
19329 22
19437 0
19903 22
19984 0
20089 22
20112 22
20129 0
20344 22
20561 22
20605 22
20851 0
20863 22
21019 0
21731 22
21822 0
21877 22
21970 0
22139 22
22199 0
22373 22
22454 22
22458 0
22635 22
22806 0
22824 22
22832 0
22864 22
22876 0
22912 22
22940 22
23023 22
23263 0
23279 22
23417 22
23505 0
23524 22
23667 0
23857 22
23911 0
24023 22
24036 0
24067 22
24167 0
24291 22
24297 0
24419 22
24529 0
24870 22
24920 22
24953 22
25131 0
25184 22
25373 0
25444 22
25563 0
25568 22
25687 0
25849 22
25999 0
26064 22
26191 0
26197 22
26226 22
26263 0
26379 22
26382 0
26536 22
26712 0
26845 22
26851 0
27133 22
27391 22
27917 0
27923 22
28107 0
28387 22
28443 0
28458 22
28485 0
29172 22
29304 0
29333 22
29387 0
29474 22
29496 22
29642 0
29682 22
30040 0
30129 22
30204 0
30671 22
30743 0
31005 22
31009 0
31054 22
31067 0
31387 22
31560 22
32038 22
32206 0
32208 22
32428 0
33005 22
33198 0
33398 22
33555 0
33574 22
33754 0
33963 22
34094 0
34233 22
34301 22
34789 22
34928 0
35412 22
35492 22
35528 0
35681 22
35716 0
35741 22
36000 0
36023 22
36215 0
36227 22
36451 0
36458 22
36533 0
36664 22
36743 22
36789 0
36859 22
37100 22
37138 22
37200 0
37224 22
37329 22
37671 22
37692 0
38076 22
38078 22
38086 0
38127 22
38142 0
38490 22
38549 22
38932 22
38944 22
39351 0
39523 22
39653 0
39691 22
39977 0
40190 22
40245 0
40414 22
40445 0
40655 22
40702 0
40918 22
40980 0
41213 22
41334 0
41335 22
41511 0
41542 22
41760 22
41997 0
42161 22
42244 0
42257 22
42352 22
42358 0
42638 22
42764 0
42792 22
42903 0
43011 22
43329 0
43891 22
44374 0
44422 22
44753 0
45083 22
45571 0
45998 22
46019 22
46249 0
46355 22
46548 0
46668 22
46816 22
46833 22
46970 22
46998 22
47016 0
47112 22
47190 0
47247 22
47500 0
47832 22
48031 0
48097 22
48110 22
48581 0
48634 22
48663 0
48666 22
48703 0
48733 22
48816 0
48917 22
48988 0
49083 22
49101 0
49136 22
49183 0
49394 22
49844 0
49875 22
49994 22
50011 0
50015 22
50066 0
50137 22
50373 22
50374 0
50380 22
50405 22
50625 0
50743 22
50765 0
50831 22
50860 22
51030 0
51076 22
51104 0
51223 22
51324 0
51333 22
51501 0
51604 22
51665 0
51729 22
51870 22
52378 0
52544 22
52546 0
52739 22
52757 0
52763 22
52848 0
53184 22
53307 0
53497 22
53509 0
53727 22
53951 0
54841 22
55010 0
55453 22
55514 0
55764 22
55768 0
55883 22
56218 22
56432 0
56441 22
56514 0
56569 22
56762 0
56815 22
56970 0
57223 22
57303 22
57330 0
57498 22
57584 0
57703 22
57961 0
58025 22
58262 22
58392 22
58520 0
58530 22
58585 0
58777 22
58856 0
58902 22
58998 22
59036 22
59120 0
59249 22
59293 0
59341 22
59372 0
59472 22
59527 22
59786 0
59886 22
59952 0
60504 22
60810 22
61025 22
61188 0
61263 22
61362 0
61605 22
61654 0
61669 22
62035 0
62386 22
62501 22
62593 0
62607 22
62691 0
62903 22
62945 0
63328 22
63371 0
63682 22
63890 0
63933 22
63937 0
63960 22
64019 0
64204 22
64690 0
64810 22
64898 0
64981 22
65049 0
65215 22
65528 22
65723 0
65888 22
65991 22
65999 22
66255 0
66305 22
66359 0
66364 22
66375 0
66382 22
66453 22
66485 0
66545 22
66663 0
66782 22
66854 0
67054 22
67292 22
67498 0
67515 22
67650 0
67743 22
67850 0
68222 22
68273 22
68573 0
68882 22
68888 0
69028 22
69034 22
69095 22
69122 0
69333 22
69452 0
69749 22
70165 22
70253 0
70270 22
70344 0
70356 22
70377 0
70462 22
70539 0
70541 22
70756 0
70825 22
70842 0
71143 22
71198 22
71218 22
71353 0
71360 22
71434 22
71448 22
71487 0
71554 22
71672 0
71680 22
71758 0
71859 22
71990 22
72357 0
72364 22
72378 0
72836 22
72971 22
73016 0
73270 22
73551 0
73688 22
73703 0
73977 22
74544 22
74645 0
74652 22
74834 22
74875 0
75106 22
75235 0
75347 22
75547 0
75811 22
75965 0
76010 22
76197 0
76391 22
76571 22
76582 0
76831 22
76880 0
76954 22
77083 0
77146 22
77469 22
77586 0
77619 22
77649 0
77691 22
77872 0
77908 22
77931 22
78055 0
78171 22
78369 22
78394 0
78636 22
78651 0
78914 22
79107 0
79163 22
79328 0
79830 22
79909 22
79952 22
80344 0
80436 22
80477 0
80491 22
80544 0
80550 22
80660 0
80682 22
80952 0
80956 22
81097 0
81298 22
81381 22
81480 22
81643 0
81772 22
81797 0
82155 22
82374 0
82546 22
82566 22
82588 0
83139 22
83142 0
83219 22
83245 0
83310 22
83345 22
83379 22
83748 0
83892 22
83930 22
84045 0
84304 22
84363 0
84529 22
84727 22
84827 0
84875 22
84884 0
85081 22
85133 0
85261 22
85346 0
85428 22
85440 0
85505 22
85589 0
85694 22
85713 0
85783 22
86082 0
86096 22
86184 0
86281 22
86345 22
86388 0
86476 22
86710 0
86742 22
86799 22
86831 0
86839 22
87100 0
87175 22
87205 0
87279 22
87445 0
87720 22
87960 22
87995 0
88026 22
88456 0
88706 22
88753 0
88853 22
88871 0
88880 22
88922 0
88950 22
89268 0
89483 22
89694 22
89708 0
89780 22
89982 0
90023 22
90041 22
90072 0
90290 22
90328 22
90416 0
90440 22
90445 0
90491 22
90684 0
90697 22
90968 22
91014 0
91034 22
91166 0
91258 22
91375 0
91510 22
91536 22
91801 0
91826 22
91833 0
91951 22
91963 0
92110 22
92470 0
92671 22
92890 22
92904 0
93081 22
93315 0
93461 22
93590 0
93774 22
93835 0
93884 22
93962 0
94017 22
94047 22
94050 0
94113 22
94135 0
94199 22
94310 0
94327 22
94772 0
94817 22
94947 0
95116 22
95317 0
95623 22
95664 0
95831 22
95878 0
95893 22
95908 0
96069 22
96109 0
96139 22
96510 22
96521 0
96536 22
96833 22
96939 0
96940 22
96946 0
96969 22
96998 0
97091 22
97262 0
97278 22
97420 0
97498 22
97547 0
97575 22
97751 22
97939 0
98039 22
98042 0
98152 22
98240 22
98321 22
98426 22
98526 0
99187 22
99198 0
99234 22
99275 0
99416 22
214 events for 13
278 90
1094 0
1123 90
1726 0
1872 90
1901 0
2072 90
2452 0
2576 90
3247 0
3439 82
3684 0
4376 82
4427 0
5058 90
5150 0
5774 90
6815 90
7180 0
7462 90
7845 0
8261 82
8356 0
8441 82
8579 82
8941 0
8970 82
9209 0
9549 90
9751 0
10128 90
10133 0
10828 82
10836 0
12747 90
13089 90
13238 0
13256 90
13686 0
14046 90
14844 90
14889 0
14939 82
15268 0
15928 82
18176 0
18390 82
18580 0
19195 82
19197 82
19336 82
20809 0
20898 82
21699 0
22053 90
22320 0
22387 82
23817 0
23825 82
24376 0
25426 82
25758 0
25829 90
26332 0
26353 90
27377 0
27849 82
28537 0
28717 82
28818 0
28858 82
28877 0
29555 82
30719 0
31050 90
31213 0
31443 90
31947 0
32757 82
33002 0
33393 82
33651 82
34170 82
34225 0
35000 82
36190 0
36854 90
36871 90
37123 82
38725 90
39006 0
39633 90
39923 0
40038 90
41824 0
41867 90
41951 90
42179 0
44547 90
44817 0
45059 90
45107 0
45363 90
45409 0
45940 90
46967 0
47262 82
47624 0
48572 82
49773 0
50499 82
51009 82
51350 0
51609 82
51625 82
52632 0
52735 82
53305 90
53605 0
54761 82
54909 90
55287 0
55311 82
55362 0
55811 90
55994 0
56961 90
58097 0
58285 82
58323 90
58395 0
58463 90
58858 90
59306 90
60092 0
60415 90
60458 90
61019 0
61025 82
63039 0
63545 82
64444 0
64682 82
65135 0
65173 90
66129 0
66218 90
66480 0
67141 90
67223 82
67250 0
67527 90
67537 0
68180 90
69058 82
70340 82
71254 0
71804 90
71862 0
72138 90
72367 0
72653 90
72785 0
72970 82
74082 0
75054 90
75288 82
75488 90
75637 0
75646 90
76454 0
76494 90
76647 0
77131 90
77567 0
77668 90
78354 0
79636 82
79653 0
79750 90
81337 0
82506 90
82826 90
83595 0
84034 90
85669 0
86090 90
86190 0
86782 82
87244 0
87336 82
88766 0
89281 90
89827 0
90286 90
90348 90
90549 0
90589 90
91169 0
91895 90
92376 0
92914 82
93046 0
93299 90
94254 0
94874 90
95346 90
96605 0
96707 82
97033 0
97088 90
98551 90
98926 82
98973 0
968 events for 14
192 56
287 36
510 0
587 56
838 0
874 36
1061 0
1110 47
1149 0
1150 36
1205 0
1444 47
1609 0
1642 56
1721 0
1953 47
1983 0
2048 36
2109 60
2442 0
2498 47
2507 0
2697 56
2735 0
2824 36
2890 36
3037 0
3162 60
3492 36
3658 0
3719 47
3777 0
4049 36
4173 0
4176 56
4207 47
4212 0
4214 60
4358 0
4422 47
4436 0
4647 60
4853 0
4925 56
4968 0
5059 56
5115 0
5136 36
5187 0
5859 36
5891 0
6152 36
6204 0
6226 36
6249 0
6269 47
6310 60
6403 0
6499 56
6560 0
6585 36
6721 60
6944 0
7017 47
7073 0
7256 36
7380 56
7427 47
7611 36
7627 0
7649 36
7715 0
7731 36
7732 0
7781 56
7853 0
8275 60
8362 56
8513 60
8529 60
8636 0
8774 36
8892 0
8949 47
9158 56
9208 0
9287 60
9339 47
9368 36
9557 0
9564 47
9739 0
9815 60
9855 0
10074 36
10316 0
10331 56
10502 0
10596 36
10685 0
10757 56
10973 0
11005 36
11150 0
11400 60
11518 60
11694 0
11851 47
11878 0
11925 60
12101 56
12118 0
12135 60
12434 0
12454 47
12510 0
12553 36
12555 0
12700 47
12713 0
12744 36
12791 0
12844 56
12943 0
12990 56
13177 56
13192 60
13234 0
13279 36
13327 0
13340 60
13379 56
13422 60
13939 0
14368 56
14545 56
14647 0
14728 56
14765 60
14766 56
14944 0
15204 56
15331 56
15472 0
15491 36
15580 0
16309 56
16310 36
16437 0
16540 60
16568 0
16580 36
16614 47
16995 0
16997 60
17037 0
17179 36
17224 0
17427 60
17456 56
17623 0
17832 47
18021 0
18038 36
18066 0
18135 60
18417 0
18531 60
18547 0
18805 60
18846 56
18892 0
19150 56
19167 56
19249 0
19635 36
19813 0
19841 47
19891 36
20071 0
20130 60
20154 60
20213 36
20265 47
20278 0
20430 36
20597 0
20667 60
20702 0
20937 60
21016 0
21050 47
21148 0
21203 47
21206 0
21335 60
21587 56
21669 0
21768 60
21806 0
21863 47
22020 0
22161 47
22321 0
22336 36
22429 47
22436 0
22649 36
22777 0
22781 36
22793 0
22797 60
22877 47
23170 0
23526 47
23880 0
24175 47
24227 0
24245 60
24255 0
24310 56
24392 0
24533 47
24639 0
24754 47
25056 0
25058 47
25242 0
25355 56
25411 0
25511 47
25766 0
25857 56
25965 36
26313 0
26363 56
26376 0
26592 47
26743 0
26989 47
27068 0
27162 36
27233 0
27268 60
27297 0
27342 60
27371 0
27472 56
27473 36
27520 60
27655 56
27793 60
27794 60
27933 56
28068 0
28201 60
28490 56
28546 0
28685 56
28725 0
28814 56
28837 56
28866 36
28913 0
29023 47
29042 0
29116 47
29263 60
29533 0
29789 56
29825 0
29952 36
30135 60
30233 47
30322 0
30343 47
30407 60
30634 0
30690 36
30718 0
30927 47
30997 56
31073 0
31115 60
31188 47
31201 60
31383 0
31571 56
31713 60
31818 0
31898 36
31961 0
31972 36
32101 0
32119 60
32202 0
32273 36
32446 0
32618 60
32720 36
32765 0
32776 47
32836 0
32960 36
33078 0
33275 56
33362 47
33442 0
33644 60
33653 0
33655 47
33792 60
33825 60
34222 36
34245 47
34339 47
34375 60
34487 47
34518 0
34564 36
34585 0
34679 60
34722 0
34792 56
34891 0
34898 47
34922 0
35183 60
35895 60
35943 0
35967 56
36041 47
36091 0
36207 60
36291 0
36381 36
36532 60
36566 0
36630 47
36775 0
36821 47
36825 0
36886 60
36940 56
36995 0
37222 36
37348 60
37388 60
37398 60
37522 0
37655 47
37701 0
37715 47
37734 36
37812 36
37978 0
38186 60
38371 60
38386 0
38420 36
38443 0
38563 47
38779 47
38791 47
38817 0
38876 36
38917 0
38933 36
39337 47
39396 36
39529 0
39593 56
39733 0
40132 56
40138 0
40200 60
40455 0
40509 60
40754 0
40933 56
41112 0
41145 60
41307 0
41348 56
41358 0
41409 36
41530 60
41597 0
41731 47
41827 0
42023 47
42084 0
42088 47
42339 0
42463 56
42736 0
42749 36
42763 47
42856 0
42977 36
43539 0
43590 47
43815 0
43870 60
43974 0
44020 60
44141 0
44368 36
44505 0
44512 36
44575 0
44625 47
44704 0
44823 47
45023 47
45069 0
45086 47
45097 47
45112 0
45188 60
45213 0
45216 47
45325 36
45458 0
45492 56
45521 0
45599 47
45861 0
45942 60
45949 0
46501 36
46649 0
46656 36
46784 0
46808 60
47094 0
47454 60
47528 0
47714 60
47794 0
47890 60
47904 0
48028 56
48116 0
48160 47
48200 0
48219 56
48235 0
48424 60
48433 0
48469 47
48500 0
48739 36
48838 0
49082 36
49198 60
49364 0
49365 47
49726 0
49761 36
49941 60
49978 0
50093 36
50122 0
50184 60
50368 0
50379 60
50472 60
50717 0
50740 56
50925 0
51211 56
51330 56
51364 60
51377 0
51548 36
51551 47
51638 0
51639 56
51739 36
51938 60
51959 60
52123 0
52165 36
52451 0
52474 60
52870 60
52908 47
52934 0
53092 56
53175 0
53180 47
53192 0
53210 60
53290 60
53316 0
53626 60
53660 0
53712 47
53716 0
53751 60
53813 56
54027 0
54070 60
54131 0
54162 47
54235 0
54243 36
54274 0
54275 36
54278 36
54336 0
54439 56
54457 47
54563 0
54697 36
54786 0
54827 36
54873 47
54961 47
55054 0
55340 56
55349 0
55526 60
55580 60
55623 0
55653 60
55655 0
55970 36
56046 60
56061 0
56286 60
56350 0
56471 36
56500 0
56665 60
56688 60
56749 0
56783 36
56940 0
57227 36
57328 0
57422 47
57440 0
57474 60
57509 56
57560 0
57923 36
58055 0
58179 47
58224 60
58358 0
58409 47
58440 47
58749 56
58757 0
59322 47
59366 0
59374 56
59434 0
59596 47
59869 47
59878 0
60539 36
60609 56
60676 0
60732 56
60756 0
61015 47
61059 0
61174 60
61197 60
61220 60
61228 47
61404 0
61425 36
61534 60
61547 0
61632 47
61724 0
61741 47
61825 0
62073 56
62145 0
62177 56
62228 47
62307 0
62319 47
62381 0
62440 47
62538 0
62546 47
62676 0
62847 36
63131 0
63248 47
63330 0
63395 36
63458 0
63607 60
63635 56
63910 0
64028 36
64089 60
64115 0
64150 60
64212 0
64243 36
64260 0
64281 56
64457 0
64494 60
64519 0
64543 36
64574 0
64706 36
64781 0
64785 60
64874 0
64997 36
65057 0
65152 36
65484 0
65504 60
65669 0
65743 47
65785 0
65877 56
65934 0
65966 47
66102 0
66393 47
66405 0
66535 47
66562 0
66583 36
66647 0
66701 60
66725 0
67053 60
67153 36
67177 0
67209 60
67328 0
67346 56
67376 0
67458 36
67494 0
67648 60
67716 0
67736 56
67804 0
67889 47
67929 0
67951 36
68101 0
68223 36
68352 60
68577 0
68579 47
68672 0
68700 47
68925 36
69138 47
69159 47
69297 0
69311 60
69383 0
69462 60
69474 0
69648 47
69777 0
69832 60
69931 0
69978 36
70027 0
70098 56
70182 0
70191 47
70217 0
70362 56
70419 56
70436 0
70450 60
70684 0
70707 36
70882 0
71018 36
71118 0
71295 47
71428 56
71439 0
71542 47
71545 0
71637 36
71778 0
71917 36
71946 0
72031 36
72238 60
72301 60
72513 0
72530 36
72580 0
72793 60
72875 47
72938 0
72968 56
73038 47
73066 0
73082 60
73185 0
73401 56
73447 0
73660 60
73732 36
73747 0
73774 47
73894 60
73985 47
74068 0
74122 36
74234 0
74284 56
74380 0
74544 47
74688 56
74704 47
74708 56
74748 36
74768 0
74921 47
74994 56
75064 0
75186 60
75259 0
75303 47
75317 0
75320 36
75400 60
75452 0
75571 36
75581 0
75583 47
75614 47
75735 0
75945 47
76081 0
76097 36
76209 0
76322 47
76366 47
76497 0
76622 56
76973 56
77182 0
77193 47
77282 60
77290 47
77322 36
77328 0
77431 60
77521 0
77568 47
77635 0
77637 47
77812 36
77955 0
78221 60
78255 0
78329 56
78330 47
78400 60
78841 0
78850 56
78945 0
78978 36
78987 47
79020 0
79028 47
79046 0
79062 47
79073 0
79110 60
79129 0
79171 56
79394 0
79414 47
79424 36
79514 0
79569 60
79762 0
79890 56
79899 56
80132 0
80136 56
80587 60
80745 0
80877 36
80994 0
81226 56
81266 0
81526 47
81548 47
81868 60
81929 0
81990 60
82139 0
82144 56
82310 47
82336 0
82526 36
82654 0
82723 60
82947 56
82960 60
82983 0
83157 36
83214 0
83357 36
83546 0
83568 56
83707 0
83850 60
83954 47
84004 60
84028 0
84103 47
84127 0
84459 47
84580 60
84702 56
84726 0
84952 60
85322 0
85333 36
85578 0
85637 47
85793 0
85811 60
85863 0
85944 56
86143 0
86684 60
86718 0
86972 60
87089 0
87438 47
87475 47
87544 0
87728 47
88235 47
88275 0
88392 56
88410 0
88480 36
88908 0
89298 36
89557 0
89602 47
89732 56
89754 0
89808 47
89866 0
89913 56
89916 0
89974 36
90211 0
90239 36
90268 0
90815 60
91065 56
91293 0
91381 36
91468 47
91483 0
91494 36
91599 0
91701 47
91916 0
91956 47
91964 0
92140 60
92242 0
92255 47
92262 0
92412 56
92418 0
92434 56
92456 0
92486 60
92565 0
92611 60
92635 0
92707 47
92807 0
93100 36
93415 0
93527 56
93553 0
93952 60
94062 0
94189 60
94195 0
94248 56
94394 0
94401 36
94565 0
94618 60
94743 0
94812 60
95086 0
95088 47
95196 0
95292 60
95312 0
95321 60
95389 0
95510 60
95563 60
95945 36
95969 0
95994 47
96002 0
96157 60
96172 0
96216 56
96221 56
96582 0
96594 36
96614 0
96750 56
96863 0
96911 47
96993 0
97095 60
97125 36
97221 0
97279 60
97359 56
97379 56
97417 0
97462 60
97528 0
97624 60
97759 36
97776 36
97834 0
97918 60
97929 0
97966 56
98026 47
98109 0
98142 36
98174 0
98197 36
98231 0
98393 47
98418 0
98503 47
98551 0
98737 36
99331 56
99400 0
99557 47
99636 0
99919 60
99979 36
548 events for 15
1021 67
1081 59
1392 0
1415 59
1734 0
1901 66
2058 0
2082 67
2192 0
2733 59
3259 59
3310 66
3747 0
3764 59
3771 0
4069 67
4333 0
4473 66
4646 0
4738 66
4824 0
4919 67
5028 66
5129 0
5176 59
5247 0
5585 66
5733 67
5899 0
6081 59
6135 0
6308 67
6483 0
6743 59
7078 0
7105 67
7111 0
7170 59
7472 0
7639 67
7710 67
7798 66
8830 67
8906 0
8985 67
9022 0
9026 67
9254 0
9363 67
9429 0
9471 67
9502 0
9664 59
9860 0
10042 67
10789 0
10935 59
11335 0
11957 66
12018 66
12174 0
12281 66
12386 0
12675 59
12841 0
13236 67
13252 0
13368 67
13561 0
13748 67
14517 67
14621 0
14910 66
15076 0
15106 66
15123 0
15376 67
15402 0
15842 67
15863 0
15887 67
16007 0
16987 67
17679 0
17821 59
17937 0
18146 66
18220 59
18364 0
18404 66
19060 0
19295 66
19796 0
20046 66
20298 0
20501 67
20532 0
20869 59
21130 0
21458 67
21698 0
22136 59
22251 0
22606 66
22653 0
22867 59
23113 0
23198 59
23238 59
23438 0
23730 66
23914 67
24115 0
24195 59
24259 0
24377 67
24503 0
24570 66
24641 0
24792 67
24890 0
25030 59
25067 59
25152 67
25334 0
25992 66
26104 0
26252 59
26289 59
26574 66
26581 0
26637 59
26716 67
27418 0
27426 66
27565 0
27649 59
27674 0
28265 67
28329 0
28401 67
28549 0
28640 67
28691 0
28865 67
28947 0
29050 66
29120 0
29340 66
29493 59
29550 0
29830 66
30130 66
30139 0
30168 59
30281 0
30345 59
30441 59
30641 0
30883 67
31274 67
31516 0
32077 66
32169 0
32399 59
32642 0
32756 66
32929 66
33083 0
33521 67
33683 67
33717 67
34151 0
34179 67
34870 0
35126 66
35476 0
35896 59
35943 0
35969 67
36353 66
36530 0
36627 59
36794 0
36855 67
37113 66
37128 67
37493 66
37600 66
37690 0
37985 66
38023 0
38237 67
38252 59
38258 0
38259 67
39186 0
39263 67
39314 0
39377 66
39382 0
39392 66
39691 0
39962 66
40077 0
40278 59
40473 0
40794 67
40937 66
41196 0
41245 59
41643 67
41662 0
42133 67
42221 59
42316 59
42423 66
42795 59
42924 0
42982 59
43627 59
43701 0
43902 66
44144 0
44192 66
44242 0
44338 66
44459 0
44623 67
44677 0
44917 66
45096 66
45182 0
45677 66
45808 0
46057 67
46341 0
46479 59
46548 0
46610 59
46742 66
46793 0
47078 66
47252 0
47632 67
47711 0
47800 59
47949 0
48339 67
48796 0
48879 67
48948 67
49022 0
49299 59
49334 0
49363 59
49367 0
49530 66
49680 0
49817 67
49829 0
49863 67
49986 67
50087 0
50168 67
50172 0
50275 67
50348 59
50601 66
50904 0
51315 67
51385 0
51421 67
51537 0
51576 67
51685 0
51740 59
51784 0
51836 67
52030 66
52681 67
52696 0
52748 67
52781 0
52966 67
53126 67
53228 0
53620 59
53777 0
54322 59
54502 0
54723 67
54840 66
54913 0
54957 66
55105 67
55217 0
55395 59
55472 0
55499 59
56148 0
56218 66
56317 0
56383 67
56391 59
56451 66
56465 0
56573 66
56662 0
56687 67
57121 0
57134 67
57266 0
57296 59
57579 0
57753 59
57837 0
57861 67
57896 67
57910 0
58517 67
58630 66
58814 59
58946 66
59188 0
59252 66
59428 0
59493 66
59607 0
59724 67
59982 0
59996 67
60145 0
60526 67
60605 0
60695 59
60862 59
60908 0
61068 67
61120 0
61181 66
61219 0
61701 66
61767 0
61919 66
61933 67
62372 0
62409 67
63152 67
63191 0
63318 59
63486 0
63661 59
64085 0
64224 59
64536 0
64571 59
64728 0
64834 66
64953 0
64978 66
65008 59
65810 0
66307 66
67122 0
67150 59
67189 0
67262 67
67695 0
67760 66
67834 66
67929 0
68241 59
68772 0
68884 59
68965 0
68973 66
69006 59
69091 66
69229 67
69239 0
69362 66
69405 67
69859 66
69898 67
69913 0
69973 66
69980 0
69992 66
70321 66
70346 59
70527 0
70597 67
70700 0
70994 66
71023 59
71438 0
71688 67
71794 0
72175 67
72228 0
72412 59
72445 67
72482 0
72796 67
72865 0
72881 67
72931 0
73095 66
73294 0
73420 59
73632 0
74627 67
74658 0
74705 66
74796 0
75278 67
75362 0
75520 66
75590 0
76190 67
76256 0
76485 66
76730 59
77133 0
77545 59
77816 0
78032 59
78120 66
78183 67
78261 0
78337 66
78361 59
78416 0
79038 66
79240 0
79308 59
79351 0
79698 67
80075 0
80088 67
80386 0
80512 67
80541 0
80931 67
80976 59
81041 0
81078 67
81207 0
81214 66
81231 0
81586 59
81903 0
82230 67
82235 0
82315 59
82546 66
82708 0
82730 59
82731 66
82998 59
83010 0
83221 67
83675 0
83758 66
83991 0
84184 67
84323 0
84348 67
84801 67
84988 67
84993 0
85107 59
85216 0
85388 66
85550 67
85595 59
85879 67
86087 0
86410 59
86418 0
86834 67
86872 0
86931 66
87489 0
87603 59
87667 0
89011 67
89430 0
89741 59
89765 0
89834 67
89927 0
89952 66
90077 0
90272 59
90892 0
91022 66
91163 0
91364 59
91423 0
91520 66
91661 0
92063 67
92229 0
92248 59
92305 0
92606 59
92614 0
92952 67
92978 67
93164 59
93464 0
93703 67
94201 0
94656 59
94849 67
94880 0
95034 66
95263 0
95304 59
95447 0
95663 67
95984 0
95985 66
96019 59
96069 0
96487 66
96607 59
97221 59
97247 0
97278 66
97356 0
97908 67
97981 59
98016 67
98037 0
98108 67
98504 0
98639 67
99140 0
99159 67
99741 0
99778 67
99825 0
99832 67
99856 0
99991 66
