16 buffers
781729 93226
674820 16456
424769 24380
454936 78567
340596 46473
614159 51260
617700 82176
310753 46813
376589 36951
498068 75857
702704 97302
643729 108534
214888 10155
669069 37696
610975 10451
658669 53215
20 downlinks
0 750 5000 693
1 5750 10000 679
2 10750 15000 672
3 15750 20000 551
4 20750 25000 686
5 25750 30000 768
6 30750 35000 535
7 35750 40000 709
8 40750 45000 744
9 45750 50000 565
10 50750 55000 541
11 55750 60000 772
12 60750 65000 764
13 65750 70000 549
14 70750 75000 781
15 75750 80000 555
16 80750 85000 600
17 85750 90000 604
18 90750 95000 668
19 95750 100000 530
500 events for 0
214 51
254 0
332 68
810 68
811 0
997 78
1164 0
1313 78
1844 64
1916 68
2120 0
2222 64
2546 0
2565 64
2584 75
3142 0
3605 68
3846 0
3890 75
3973 0
4153 64
4201 0
4249 68
4346 0
4405 51
4996 0
5021 75
5081 0
5229 78
5301 75
5335 0
5411 68
5478 0
5494 78
5763 0
5998 78
6781 75
7131 68
7326 0
7397 64
7404 0
7434 64
8178 0
8286 75
8523 0
8572 78
8740 64
9032 0
9063 64
9065 0
9209 75
9683 51
9933 0
9966 75
10715 0
10738 64
10897 0
11071 51
11320 0
11468 68
11521 0
11627 78
11632 0
12033 78
12210 78
12266 64
12533 64
12660 0
12688 75
13064 0
13106 75
13119 78
13513 0
13540 51
14595 0
15103 78
15246 0
15357 51
16311 0
16522 75
16536 0
16546 51
16711 0
17470 75
17566 51
17964 51
18022 51
18119 0
18562 68
18641 0
19031 75
19324 0
19510 78
19681 0
19788 64
20028 0
20549 68
20629 0
21309 75
21468 51
21722 0
21840 75
22434 0
22727 68
23072 0
23232 68
23492 0
24186 75
24197 75
24202 0
24254 75
24464 0
25043 51
25190 0
25332 78
25390 0
25406 64
25424 0
25531 51
25599 64
25680 0
25777 51
26100 0
26452 68
26628 0
26892 75
27137 75
27521 0
27546 68
27597 0
27690 51
27842 68
28054 0
28226 68
28318 78
28613 0
28757 68
29161 0
29233 75
29249 0
29438 68
29593 0
29598 68
29752 0
29930 64
30021 0
30174 51
30550 0
30995 75
31114 0
31341 64
31721 0
31734 78
31767 75
32076 0
32196 68
32399 0
32482 68
32756 64
32823 0
32916 75
32949 0
33560 51
33697 0
33884 68
34166 0
34417 51
34833 0
35038 78
35106 0
35266 51
35558 0
35774 68
35817 0
36089 51
36273 0
36291 75
36415 68
36437 75
36480 78
36596 0
37155 75
37491 64
37529 0
37602 75
37948 68
38548 0
38605 75
39135 75
39158 0
39181 68
39552 0
39609 78
40343 0
40682 78
41123 0
41482 68
41550 0
41777 64
41815 75
42082 0
42454 78
42551 0
43640 68
43761 0
43967 78
44011 0
44289 51
44384 0
44499 51
44530 0
44727 64
44792 0
45057 64
45192 0
45838 64
46061 0
46349 64
46355 0
46370 68
46383 0
46418 51
46570 51
46982 68
47126 0
47293 64
47433 0
47440 68
47751 51
47794 0
47832 75
48090 0
48259 75
48293 0
48450 75
48537 0
49284 75
49389 0
49647 51
49890 51
50322 0
50398 75
50843 0
50860 75
50971 0
51062 75
51138 0
51164 75
51454 0
51760 75
51893 0
52407 51
52498 0
52619 51
53659 0
53892 51
54042 51
55091 0
55401 75
55451 0
55470 78
55806 0
56007 51
56019 0
56235 75
56323 78
56816 0
56855 51
56890 78
56950 0
57122 51
57217 68
57275 0
57442 75
57498 0
57780 78
58040 0
58244 78
58294 0
58656 68
58863 0
59150 68
59190 0
59254 75
59306 0
59866 75
59974 0
60062 75
60073 75
60100 0
60183 75
60246 75
60652 75
60751 75
60977 0
61270 68
61382 0
61477 64
61950 0
62016 64
62254 0
62540 64
62635 75
62655 0
63073 78
63397 0
63474 78
63807 0
63826 78
63902 0
64048 75
64056 51
64277 0
64445 68
64779 75
64802 51
64815 0
65116 68
65225 0
65278 64
65419 68
65512 78
65548 0
65581 64
65794 0
65931 78
66069 0
66175 75
66222 75
66242 0
66874 75
67335 75
67518 0
67543 68
68339 0
68352 78
68561 75
68752 0
69136 68
69244 0
69384 64
69690 75
70013 0
70033 75
70288 51
70444 75
70513 75
70774 51
70974 0
71077 75
72118 0
72175 51
72331 0
72661 75
73311 0
73485 75
73492 0
73566 75
73817 0
73953 75
74007 0
74051 78
74420 0
74651 68
74655 0
74950 75
75018 0
75294 75
75298 75
75308 75
75605 0
75637 51
75925 51
76440 0
76462 68
76756 0
76834 64
76974 0
77257 64
77265 0
77285 64
77299 75
78241 0
78555 78
78560 78
78647 64
78888 0
79127 51
79184 0
79210 78
79654 0
79677 75
79873 0
80077 51
80159 0
80547 75
80614 75
81172 0
81580 64
81647 64
81788 75
81813 0
81843 51
82136 0
82257 75
82619 0
82817 75
83319 0
83950 68
83957 0
84180 64
84282 0
84663 64
85191 75
85320 0
85347 64
85749 0
86388 64
86536 0
86702 51
86750 0
86819 68
86897 0
86900 64
87412 68
87544 0
87600 68
87605 64
87861 0
87886 51
87906 51
88992 51
89095 78
89975 64
90172 68
90251 0
90424 75
90513 0
90925 64
91023 0
91354 68
91494 0
91646 68
91669 0
91766 75
91921 0
92426 68
92558 75
92700 51
92829 75
92865 0
92873 68
92985 0
93656 68
93665 0
93728 75
93749 0
93783 68
93988 0
94101 51
94207 0
94288 75
94316 0
94384 64
94851 0
95412 68
95622 0
95677 78
96084 0
96161 68
96223 0
96302 68
96486 0
96570 51
96618 0
96669 78
96821 68
96845 0
96885 75
96902 64
97026 0
97119 68
97283 75
97347 0
97498 75
97863 0
98192 51
98621 0
98624 51
98627 75
98788 0
99188 78
99288 0
99323 75
99336 0
99353 64
99419 68
99436 51
99848 0
99888 75
558 events for 1
289 58
382 58
763 0
1323 58
1373 0
1467 58
1830 0
1948 58
2053 0
2469 58
2650 0
2946 58
3086 0
3190 58
3235 0
3346 58
3690 0
3694 58
4135 0
4161 58
4491 58
4948 58
5097 0
5176 58
5240 58
5872 0
6367 58
6647 0
6724 58
6951 0
7054 58
7088 0
7311 58
7312 0
7338 58
7954 58
8090 0
8110 58
8161 58
8236 58
8318 0
8354 58
8518 58
8627 0
8680 58
9073 58
9434 0
9449 58
9463 0
9479 58
9617 0
9749 58
9813 0
10003 58
10105 0
10239 58
10348 0
10442 58
10501 0
10849 58
11221 0
11454 58
11909 0
11922 58
12239 58
12286 0
12390 58
13069 0
13371 58
13419 0
13470 58
13993 0
14563 58
14642 0
14833 58
15039 58
15086 58
15094 0
15340 58
15366 58
15468 0
15634 58
15891 0
15905 58
15985 0
16146 58
16167 0
16196 58
16202 0
16340 58
16453 58
16508 0
16655 58
17128 58
17265 0
18100 58
18238 0
18280 58
18384 0
18970 58
19097 0
19102 58
19374 0
19449 58
19470 58
19505 0
19832 58
20237 0
20485 58
21189 0
21212 58
21259 58
21301 0
21343 58
21391 0
21403 58
21453 0
21554 58
22048 0
22109 58
22168 0
22225 58
22581 58
22660 58
22729 58
22785 0
23062 58
23237 0
23354 58
23400 0
23554 58
23792 0
23839 58
24122 58
24613 58
24808 0
24921 58
24989 0
25207 58
25754 0
25810 58
25892 58
26146 0
26206 58
26530 0
26617 58
26952 0
27015 58
27399 58
27701 0
27775 58
27814 0
27879 58
27955 0
28030 58
28230 0
28525 58
28596 0
28712 58
29057 0
29186 58
29484 0
29572 58
29642 58
29779 0
30485 58
30946 58
30981 58
31032 58
31109 0
31459 58
31577 58
31631 58
32004 0
32252 58
32281 0
32342 58
32610 58
32713 0
32852 58
32977 58
33206 58
33218 0
33326 58
33517 0
33582 58
33645 58
33689 58
34147 0
34193 58
34646 58
34773 58
34813 0
34906 58
34939 0
35010 58
35119 0
35244 58
35310 58
35401 58
35579 0
35692 58
35817 0
35893 58
35964 0
36095 58
36119 0
36251 58
36362 0
36703 58
36996 0
37266 58
37399 0
38122 58
38258 0
38322 58
38328 0
38681 58
38790 58
38938 0
38975 58
39015 0
39103 58
39136 0
39220 58
39728 0
39949 58
39967 0
40049 58
40249 0
40777 58
41035 58
41336 0
41683 58
41800 0
41911 58
42020 0
42024 58
42184 58
42204 0
42347 58
42720 0
42729 58
42798 0
42858 58
42902 0
42916 58
42961 58
43047 0
43198 58
43863 0
44055 58
44266 58
44322 58
44595 58
44761 0
44827 58
44933 0
45079 58
45562 0
45839 58
45901 0
46002 58
46276 0
46301 58
46382 58
46457 0
46808 58
47013 58
47251 0
47289 58
47383 0
47392 58
47502 58
47775 0
47953 58
48149 0
48426 58
48545 58
48706 58
48942 0
49123 58
49169 0
49191 58
49449 0
49599 58
49668 0
50074 58
50101 0
50311 58
50338 0
50614 58
50851 0
51154 58
51190 58
51657 58
51970 0
51989 58
52357 0
52880 58
53001 0
53068 58
53235 0
53244 58
53563 0
54280 58
54393 58
54534 0
54543 58
54595 0
54783 58
54793 0
55027 58
55031 0
55086 58
55344 58
55630 0
55685 58
56074 0
56289 58
56700 0
56751 58
56794 0
57137 58
57255 58
57699 58
57860 58
57961 58
58027 0
58174 58
58486 58
58669 0
58868 58
59312 0
59521 58
60040 58
60060 58
60189 58
60255 0
60741 58
60762 58
60900 58
60921 0
60997 58
61463 0
61567 58
61684 0
61799 58
61944 0
61963 58
61965 0
62083 58
62328 0
62731 58
63000 0
63460 58
63463 0
63931 58
64023 0
64099 58
64112 58
64263 0
64375 58
64611 0
64705 58
65042 0
65191 58
65197 0
65271 58
66220 0
66259 58
66272 58
66329 0
66545 58
67465 0
67663 58
67759 58
67906 58
68572 58
68695 0
69065 58
69294 0
69805 58
69978 0
70114 58
70299 0
70333 58
70438 58
70768 0
70892 58
70955 0
71099 58
71234 0
71404 58
71495 58
71629 0
71865 58
72203 0
72529 58
72896 0
72944 58
72948 0
72963 58
73093 0
73555 58
73596 0
73861 58
73875 0
73993 58
74104 0
74359 58
74842 0
74895 58
74998 58
75048 0
75153 58
75182 0
75498 58
75535 58
75539 0
75770 58
75894 0
76033 58
76343 0
76378 58
76656 0
76741 58
76752 58
77082 58
77201 0
77224 58
77553 58
77727 0
77740 58
77901 0
77932 58
78275 58
78410 58
78412 0
78569 58
79374 0
79666 58
79794 0
80187 58
80536 58
80778 0
80857 58
80895 0
81047 58
81198 58
81794 58
81861 0
82017 58
82128 58
82208 0
82250 58
82286 0
82347 58
82677 0
82843 58
83118 58
83938 0
83965 58
83990 0
84355 58
84384 58
84592 58
84673 0
85199 58
85205 0
85341 58
85353 0
85490 58
85667 0
85944 58
86114 0
86238 58
86294 0
86318 58
86484 0
86528 58
86542 0
86938 58
86941 58
87239 58
87389 58
87817 58
87859 0
88193 58
88244 58
88253 0
88308 58
88832 0
89274 58
89360 58
89505 58
89688 0
89711 58
89928 58
89939 0
90592 58
90771 58
90820 58
90853 0
91079 58
91183 0
91345 58
91502 0
91615 58
92071 58
92535 0
92737 58
93110 0
93433 58
93625 58
93644 58
93730 58
93921 58
93932 0
94055 58
94922 0
95202 58
95258 0
95316 58
95342 0
95384 58
95580 58
95747 0
95846 58
95893 0
96114 58
96419 0
96423 58
96446 58
96517 0
96594 58
96614 58
96726 0
97276 58
97390 0
97460 58
97517 58
97524 58
97545 0
97647 58
97868 0
98011 58
98345 0
98696 58
98704 58
98737 0
98990 58
99082 58
99101 0
99319 58
99616 0
99624 58
99712 0
727 events for 2
81 49
279 0
359 49
389 0
442 49
734 0
902 49
1077 0
1267 49
1412 0
1427 49
1490 0
1661 49
1742 0
1764 49
1804 0
1808 49
1866 0
2237 49
2384 0
2579 49
2643 49
2819 0
2833 49
2841 0
2961 49
3244 0
3548 49
4174 0
4349 49
4384 49
4534 49
4952 0
5064 49
5246 0
5364 49
5379 0
5519 49
5691 49
5713 49
5956 0
5973 49
5995 0
6067 49
6344 49
6366 0
6486 49
6635 0
6697 49
6705 0
6895 49
6921 49
6979 0
6991 49
7015 0
7016 49
7392 49
7470 0
7475 49
7920 0
8233 49
8555 0
8675 49
8743 49
8790 0
8831 49
9075 0
9267 49
9509 0
9634 49
9735 49
9806 0
9853 49
9899 0
9929 49
9973 0
9982 49
10149 49
10240 0
10307 49
10436 0
10471 49
10479 0
10781 49
10875 49
10895 0
10899 49
11219 0
11383 49
11482 49
11565 49
11666 49
11983 0
12074 49
12095 0
12472 49
12848 49
13085 0
13167 49
13233 0
13261 49
13354 49
13496 49
13526 49
13532 0
13553 49
13598 49
13796 0
14179 49
14227 0
14553 49
14578 49
14736 49
14960 49
15281 0
15315 49
15416 0
15450 49
15617 49
15775 0
16308 49
16339 0
16434 49
16540 0
16561 49
16720 0
16870 49
17483 0
17668 49
17691 49
17924 0
18068 49
18171 49
18506 0
18720 49
18963 49
19054 49
19084 0
19175 49
19317 0
19430 49
19467 0
19587 49
19812 0
20002 49
20148 0
20371 49
20408 0
20411 49
20430 0
20497 49
20735 0
20748 49
20765 0
20795 49
20844 49
20985 49
20999 0
21058 49
21067 0
21190 49
21206 49
21318 0
21353 49
21481 0
21533 49
21647 49
21709 49
21817 0
21999 49
22162 0
22248 49
22337 49
22340 0
22369 49
22478 49
22653 0
22657 49
22691 49
22873 0
23087 49
23179 0
23219 49
23264 49
23508 49
24068 49
24268 0
24311 49
24329 0
24465 49
24647 0
24717 49
24895 0
24939 49
25253 0
25341 49
25367 0
25435 49
25440 0
25450 49
25463 0
25706 49
25958 49
26139 0
26149 49
26184 0
26379 49
26499 0
26547 49
26596 49
26619 0
26899 49
26917 49
27259 0
27266 49
27284 0
27549 49
27739 49
27764 0
27974 49
28448 49
28803 0
28812 49
28815 0
28817 49
28960 0
29363 49
29879 0
29950 49
29985 49
30707 0
30739 49
30765 0
30850 49
30858 0
31036 49
31233 0
31243 49
31348 0
31483 49
31837 0
31856 49
32040 49
32477 0
32539 49
32557 49
32754 49
33161 0
33271 49
33548 49
33759 0
34058 49
34102 0
34104 49
34126 0
34156 49
34202 0
34224 49
34317 0
34403 49
34484 0
34594 49
34611 0
34747 49
34965 0
35373 49
35435 49
35449 49
35461 49
35756 0
35920 49
36161 0
36376 49
36691 0
36713 49
36967 49
37041 49
37098 49
37522 0
37539 49
37619 49
37847 49
37876 49
37927 49
37971 0
38475 49
38480 0
38520 49
38803 0
39044 49
39134 0
39171 49
39254 49
39414 0
39669 49
40135 0
40154 49
40222 0
40235 49
40343 0
40380 49
40619 0
41031 49
41204 0
41286 49
41477 0
42078 49
42186 0
42247 49
42720 0
42727 49
42875 0
43162 49
43254 0
43422 49
43534 49
43550 49
43564 49
43567 49
43629 0
43682 49
43708 0
43760 49
43837 49
43862 0
44187 49
44212 0
44222 49
44521 0
44536 49
44595 0
44598 49
44602 49
44701 0
44705 49
44889 0
44932 49
45100 49
45122 0
45267 49
45320 0
45419 49
45450 0
45676 49
45713 0
45801 49
45858 49
45947 49
45975 0
46106 49
46126 0
46140 49
46233 0
46308 49
47046 49
47193 49
47330 0
47476 49
47660 0
47858 49
47875 49
47929 49
47976 0
47986 49
48130 49
48186 49
48207 0
48488 49
48524 49
48970 0
49020 49
49049 0
49096 49
49112 0
49193 49
49264 49
49421 0
49480 49
49520 0
50071 49
50150 0
50926 49
50949 49
51296 0
51373 49
51505 0
51757 49
51923 0
51962 49
52067 0
52221 49
52402 0
52420 49
52487 0
52701 49
52856 0
52912 49
53100 0
53373 49
53723 0
53910 49
54030 49
54461 0
54734 49
54824 0
54957 49
54966 49
55239 0
55323 49
55335 0
55393 49
55558 0
55714 49
55771 0
55795 49
55927 0
55967 49
56227 0
56439 49
56536 0
56590 49
56805 49
57009 0
57050 49
57392 0
57600 49
57987 0
58017 49
58255 0
58285 49
58666 0
58727 49
58728 0
58912 49
58929 0
58990 49
59485 0
59628 49
59709 49
60043 0
60063 49
60177 0
60204 49
60269 49
60324 0
60423 49
60600 0
60879 49
60984 0
61126 49
61159 0
61219 49
61359 0
61557 49
61929 0
61975 49
62253 49
62341 0
62467 49
62538 0
62577 49
62786 0
62840 49
62922 0
63016 49
63088 0
63160 49
63191 49
63302 0
63564 49
63603 0
63682 49
63780 49
63922 49
63923 0
64098 49
64222 0
64455 49
64549 0
64569 49
64759 0
64767 49
64801 0
64863 49
64903 0
64960 49
65084 0
65151 49
65248 49
65284 0
65323 49
65359 0
65377 49
65391 0
65729 49
65788 0
65827 49
65858 0
66028 49
66088 0
66256 49
66496 0
66510 49
66581 0
66721 49
66841 0
67092 49
67782 0
67986 49
67993 0
67998 49
68128 0
68575 49
68602 0
68621 49
68755 49
68820 0
68852 49
69050 0
69080 49
69242 0
69432 49
69476 0
69565 49
69913 0
70023 49
70215 0
70357 49
70623 49
70724 0
70925 49
71068 0
71174 49
71232 0
71297 49
71539 0
71764 49
71882 49
71923 0
71927 49
71944 49
71977 0
72033 49
72035 0
72653 49
72854 49
72993 0
73291 49
73585 49
73901 0
74035 49
74432 0
74462 49
74638 0
74642 49
74666 0
74748 49
74836 0
75405 49
75406 0
75540 49
75900 49
76022 0
76311 49
76549 0
76623 49
76668 0
76682 49
76695 0
76820 49
77198 49
77661 0
77833 49
77880 0
78369 49
78372 0
78402 49
78424 0
78447 49
78519 0
78774 49
78830 0
78959 49
79481 49
79588 0
79701 49
79732 49
79809 49
79864 0
79927 49
79936 0
80034 49
80087 0
80223 49
80237 49
80447 0
80945 49
80983 49
81162 0
81173 49
81389 49
81413 0
81578 49
82032 0
82041 49
82395 0
82565 49
82599 49
82638 0
82681 49
82859 0
83447 49
83962 49
84079 0
84165 49
84211 49
84213 0
84227 49
84353 0
84591 49
84607 49
84698 0
84703 49
84784 0
85000 49
85784 49
85976 0
86237 49
86395 0
86530 49
86541 49
86625 0
86982 49
87176 0
87426 49
87605 0
87656 49
87662 49
87794 0
87797 49
87936 0
88041 49
88115 0
88198 49
88295 0
88418 49
88433 0
88568 49
88615 0
88619 49
88826 0
88838 49
89016 0
89288 49
89532 49
89568 0
89692 49
89720 49
89754 49
89865 49
89881 0
90016 49
90468 49
90671 0
90801 49
90860 0
91221 49
91255 0
91544 49
91733 49
91886 49
91958 49
92147 0
92492 49
92681 0
92772 49
92876 0
93054 49
93203 0
93298 49
93877 49
93934 0
94176 49
94322 0
94580 49
94721 49
94750 0
94936 49
95052 0
95126 49
95146 0
95621 49
96021 49
96069 0
96160 49
96223 0
96259 49
96302 0
96311 49
96635 0
96669 49
96684 0
96762 49
96766 0
96801 49
96878 0
97065 49
97082 0
97140 49
97228 0
97247 49
97377 49
97597 0
97697 49
97770 0
97780 49
97849 49
97895 0
98407 49
98416 0
98442 49
98960 0
98991 49
99183 0
99661 49
99766 0
99864 49
287 events for 3
49 41
860 0
1111 55
1175 41
1348 0
1645 40
2339 58
3533 0
3563 58
3806 0
4731 41
5040 0
5223 41
5255 41
5334 58
5953 0
5997 37
6783 0
7116 41
7233 0
7274 54
7373 58
7523 55
7727 54
8422 0
8481 58
8658 0
9648 37
9884 0
9928 54
9943 0
10446 55
10527 0
10686 41
10874 0
11554 58
11808 0
11878 41
12256 0
12342 58
12365 41
12368 0
12524 40
12868 0
13025 40
13141 0
13523 47
14423 0
14766 40
15030 40
15208 0
15533 55
16023 0
16212 37
16460 0
16831 41
17255 0
18064 55
18188 0
18288 41
18339 0
19110 41
19285 0
19479 41
19672 54
19952 0
20644 55
20889 0
21040 47
21345 0
21373 54
21825 0
21936 40
22186 55
22667 40
23132 0
23447 54
23673 0
23853 40
24990 0
25146 40
25947 0
25961 55
27016 55
28841 0
29209 40
29638 55
29801 0
30913 41
31351 0
31397 55
31710 55
32254 58
32307 0
32586 55
32594 0
32664 40
32925 0
33302 47
33360 0
33459 58
35050 0
35407 55
35932 0
35946 54
36381 0
37462 40
38122 0
38892 41
39349 0
40409 58
40503 0
40580 37
41130 0
41500 41
42371 0
42452 58
42842 41
42972 47
43024 0
43884 58
45793 0
46233 55
46350 41
46709 0
47358 41
47532 41
48008 55
49559 0
49573 55
49764 0
50541 54
50928 0
51830 55
52088 41
52576 0
52610 55
53136 37
53258 0
54465 54
54615 0
54709 54
54838 47
55214 0
55881 58
55995 0
56332 41
56360 0
56492 47
57699 0
58599 55
59095 0
59392 54
60065 0
60214 41
60497 0
60971 41
61048 0
61658 37
61836 0
62014 55
62150 0
63344 47
63478 0
63486 47
63747 0
64238 58
64583 37
64800 0
64888 41
65070 41
65336 0
65375 40
66118 37
66208 41
66626 40
66675 0
66844 47
66990 55
66994 0
67013 37
68607 55
68840 0
69511 40
69733 0
69752 55
70374 0
70649 41
71383 0
71412 37
71457 0
71683 41
71829 0
72168 41
72848 0
73061 40
73226 37
73855 47
73962 0
74017 47
74709 0
74892 47
74985 0
75156 41
75167 0
75685 58
76016 0
76543 47
77195 47
77389 0
77455 55
77524 0
77533 37
77762 47
78155 0
78233 58
78561 0
78775 55
78840 0
79048 55
79788 0
80000 47
80060 41
80150 37
80425 0
80683 47
81667 37
83014 0
83112 40
83451 37
83568 47
83775 54
84044 58
84063 40
84152 41
84419 0
84481 47
84873 58
84945 0
85104 41
85112 0
85239 55
85295 55
85363 54
85518 47
86077 0
86359 55
86736 58
86904 0
86920 47
87020 0
87109 37
87221 55
87294 0
87969 41
88414 0
88769 55
89317 47
89427 0
89448 37
89480 0
89510 54
89763 0
91083 41
91547 0
92147 41
92302 0
92467 41
92674 37
92770 0
93320 55
93408 0
94406 37
95537 47
95608 0
95619 54
95769 0
96276 41
96943 54
97085 47
97318 0
97852 37
97945 58
98468 41
99163 0
99721 54
99854 0
947 events for 4
113 56
209 0
306 56
448 56
500 0
661 56
687 0
923 56
963 0
1124 56
1267 0
1301 56
1319 45
1321 0
1490 45
1637 0
1723 45
1730 56
1747 0
1881 56
1900 45
2040 0
2058 56
2124 0
2145 56
2407 0
2464 45
2494 0
2523 56
2797 0
2824 56
2926 0
3111 45
3146 45
3433 56
3455 0
4005 56
4246 0
4280 45
4281 0
4572 56
4711 0
4794 45
4903 0
5047 45
5161 0
5236 56
5310 0
5468 56
5531 56
5623 0
5750 45
5849 56
5865 56
5984 45
6240 0
6336 56
6574 0
6706 45
6770 0
7156 45
7456 0
7628 45
7646 0
7761 56
7766 0
7777 56
7825 0
8184 45
8597 45
8673 56
8681 45
8692 0
8824 56
8825 0
8986 56
8993 0
9034 45
9128 56
9406 56
9633 0
9726 45
9895 0
9926 56
10043 0
10175 56
10227 45
10340 0
10641 45
10650 56
10674 0
10801 56
11121 0
11156 45
11302 0
11361 45
11573 56
11636 0
11677 45
11756 56
11931 0
11946 45
12046 0
12385 56
12523 56
12538 56
12705 0
12846 56
12950 0
13126 56
13353 0
13374 45
13433 0
13489 56
13522 45
13573 0
13601 56
13785 0
13905 45
13975 0
14060 56
14133 0
14216 56
14252 0
14409 45
14811 45
14948 0
15026 56
15037 0
15092 45
15456 0
15646 56
15668 0
15701 45
15727 56
15838 45
15928 0
15985 45
16068 45
16074 0
16142 56
16193 0
16463 45
16466 0
16487 56
16519 0
16681 45
16814 56
16853 0
16939 45
16949 0
17060 45
17064 0
17369 56
17455 0
17614 45
17747 0
17767 45
17863 0
17902 45
17935 0
18035 56
18041 0
18110 45
18111 45
18145 0
18227 45
18377 45
18391 0
18464 56
18517 56
19140 0
19294 56
19295 0
19298 56
19698 45
19872 56
20030 0
20165 56
20210 45
20452 0
20480 45
20481 0
20611 56
20677 45
20997 45
21152 45
21247 0
21576 56
21687 0
21734 56
21827 0
21942 56
22101 45
22104 45
22191 0
22232 56
22270 56
22312 0
22323 45
22435 0
22498 56
22737 0
22844 56
22975 0
22977 45
23180 0
23204 56
23287 0
23293 45
23302 0
23391 45
23394 0
23410 56
23424 45
23507 0
23546 56
23791 56
23958 56
24072 0
24291 45
24307 0
24335 45
24431 45
24433 56
24498 0
24547 56
24602 0
24607 56
24772 0
25021 56
25078 0
25081 56
25174 45
25363 0
25471 45
25611 56
25710 0
25849 56
25958 0
25976 56
26050 56
26086 0
26099 56
26146 0
26148 56
26154 45
26196 56
26371 0
26522 56
26546 0
26569 56
26656 56
27058 0
27114 56
27160 0
27171 45
27176 0
27252 56
27304 0
27368 45
27508 45
27575 0
27692 56
27873 56
27930 56
27982 56
28171 45
28316 0
28335 45
28372 0
28400 56
28511 0
28815 45
28870 45
28871 56
29059 0
29136 56
29171 45
29241 45
29296 0
29306 45
29339 0
29447 45
29583 0
29618 56
29650 0
29866 45
30022 0
30153 56
30845 0
30999 56
31079 0
31107 56
31121 45
31165 0
31219 45
31401 0
31487 56
31586 45
31588 45
31744 0
31997 56
32173 0
32221 45
32223 0
32440 56
32469 0
32722 45
33042 0
33133 56
33249 0
33384 56
33600 45
33616 45
33752 0
33849 45
33897 0
33958 56
34154 45
34204 0
34386 56
34473 56
34498 0
34540 56
34709 45
34752 45
35014 45
35089 0
35140 56
35225 0
35269 56
35379 0
35417 56
35428 56
35447 0
35521 56
35554 0
35561 45
35568 56
35670 45
35703 0
35772 45
35822 45
35900 0
35940 45
35962 0
36046 45
36108 0
36250 56
36347 56
36501 0
36534 45
36547 0
36552 56
36645 0
36654 45
36746 0
36949 56
37071 0
37350 56
37470 0
37528 45
37758 45
37768 0
37819 45
37876 0
37931 56
38688 45
38715 45
38808 0
38855 45
38876 0
39178 45
39229 0
39271 56
39320 0
39743 56
39794 56
40001 56
40102 0
40163 45
40203 56
40276 56
40343 0
40350 45
40685 0
40704 56
40764 0
40922 56
40927 56
40948 0
41185 56
41522 0
41524 56
41610 0
41648 56
41825 0
41889 45
41892 0
41907 56
42157 56
42197 0
42239 56
42254 45
42318 0
42343 45
42378 45
42379 56
42583 45
42609 0
42669 45
42870 0
42981 45
42988 0
43227 45
43289 0
43313 56
43529 56
43542 0
43583 56
43872 56
43879 0
43936 45
43983 0
43993 45
44225 0
44282 56
44301 0
44505 56
44692 0
44698 45
44785 0
45136 56
45331 0
45455 56
45538 0
45717 56
45766 0
45817 56
45896 0
45958 45
46014 0
46071 56
46203 0
46228 56
46420 45
46489 0
46802 45
46845 56
47034 56
47082 0
47152 45
47255 56
47327 45
47590 0
47833 45
47895 56
47984 0
48564 56
48690 0
48713 56
48833 45
48967 0
49303 56
49304 0
49330 45
49373 0
49520 45
49548 0
49649 45
49704 0
49771 56
49923 0
49956 45
50270 45
50364 0
50445 45
50609 56
50630 0
50745 45
50766 0
50952 56
51046 56
51056 0
51166 56
51168 45
51175 0
51194 45
51302 0
51322 56
51333 56
51513 0
51576 45
51704 0
51841 56
51866 45
52093 0
52095 45
52291 0
52338 45
52627 0
52681 45
52764 0
52949 56
53122 0
53184 56
53292 0
53294 56
53359 0
53375 56
53675 45
53712 0
53715 56
53796 0
53820 56
54245 0
54266 45
54270 0
54326 56
54384 0
54404 45
54770 0
54822 45
54829 45
54948 0
54965 56
55065 0
55293 56
55405 45
55463 56
55479 45
55547 56
55592 0
55611 56
55687 56
55763 0
55796 56
55809 0
55845 45
55854 0
55925 45
55956 45
56031 45
56033 56
56116 0
56150 56
56288 0
56503 45
56611 0
56643 56
56760 0
56948 56
57083 0
57097 56
57106 0
57293 45
57335 0
57485 45
57537 0
57551 56
57609 56
57716 0
57741 45
57951 0
58042 45
58067 0
58158 45
58221 45
58302 45
58318 45
58355 45
58409 0
58533 56
58789 56
58897 45
58973 45
59013 0
59416 45
59511 45
59518 0
59540 56
59643 0
59893 45
60006 0
60053 45
60149 0
60235 45
60269 0
60551 45
60677 0
61146 45
61306 0
61334 45
61577 0
61651 45
61668 0
61694 56
61730 0
62004 56
62007 0
62158 45
62243 0
62257 56
62437 0
62486 56
62512 56
62528 0
62643 45
63110 0
63131 56
63194 0
63204 56
63304 0
63347 45
63423 0
63455 56
63463 0
63536 45
63566 0
63573 45
63595 0
63726 45
63797 0
63870 56
63892 0
64009 45
64028 45
64206 0
64271 56
64411 56
64430 0
64507 45
64712 0
64769 45
64961 0
65250 56
65337 0
65591 56
65602 0
65841 45
65940 56
66043 0
66240 56
66250 0
66755 56
66805 0
67013 45
67044 0
67425 45
67512 0
67618 45
67826 0
67938 56
68038 0
68172 45
68223 0
68239 45
68349 0
68353 45
68378 0
68477 56
68486 0
68524 45
68644 0
68731 56
68800 45
68846 0
68850 56
69251 0
70193 56
70265 0
70306 45
70350 0
70351 56
70378 45
70411 0
70522 45
70641 0
70770 56
70905 0
71046 56
71213 0
71325 45
71354 0
71386 45
71412 0
71417 56
71568 0
71571 56
71686 0
71809 56
71887 45
71945 0
72000 45
72230 56
72484 0
72807 56
72874 0
72930 56
73122 0
73239 45
73334 56
73438 0
73513 56
74181 0
74418 45
74534 45
74598 0
74712 56
74891 0
75098 56
75276 0
75351 45
75497 0
75576 56
75611 0
75704 56
75938 45
75943 0
76161 45
76355 56
76449 0
76580 45
76583 0
76957 45
76967 0
76994 45
77026 45
77262 0
77504 45
77626 45
77792 0
77993 45
78048 56
78115 0
78171 45
78172 56
78201 45
78328 0
78345 56
78348 0
78352 56
78576 0
78594 56
78599 56
78676 0
78682 45
78777 0
78778 56
78983 0
79191 56
79332 0
79340 56
79493 0
79539 56
79576 0
79685 45
79794 0
79932 56
80127 0
80215 56
80286 0
80463 56
80639 0
80668 56
80682 0
80740 56
80761 56
80913 0
80981 45
80997 0
81063 45
81277 0
81331 45
81347 0
81674 45
81841 45
81994 0
82011 45
82012 56
82167 0
82233 45
82339 0
82419 45
82442 0
82484 56
82566 0
82831 45
83348 0
83440 45
83682 45
83803 0
83843 45
83886 0
83906 56
84076 0
84140 56
84242 56
84292 56
84369 0
84466 56
84634 0
84711 45
84750 0
84845 56
84856 0
84882 56
84995 45
85032 0
85101 56
85141 0
85479 45
85483 56
85509 45
85720 0
85778 56
85894 56
85989 0
86027 56
86032 0
86048 45
86139 56
86198 0
86440 56
86580 56
86608 0
86810 45
86902 0
87030 45
87071 0
87079 45
87132 0
87330 45
87386 45
87412 0
87608 56
87615 0
88030 56
88142 0
88190 45
88212 56
88220 0
88729 45
88882 0
89125 56
89138 0
89495 45
89660 56
89926 0
89940 45
90168 0
90186 56
90712 0
90810 45
90853 45
90928 0
90938 45
91051 45
91090 0
91119 45
91212 0
91338 56
91388 56
91577 56
91753 0
91796 45
91808 0
91936 56
92017 0
92131 56
92143 0
92293 45
92496 0
92703 45
92754 0
92906 56
93270 45
93619 0
93773 45
93952 0
94034 45
94122 45
94203 0
94249 56
94293 56
94368 45
94389 0
94474 45
94501 56
94563 0
94611 56
94614 45
94639 0
94741 56
94801 45
94924 0
94938 56
94965 56
94987 0
95064 45
95107 45
95117 45
95154 0
95256 45
95398 0
95499 45
95525 0
95570 45
95823 0
95827 56
95839 45
95863 0
95881 45
95895 0
95960 45
96109 45
96330 0
96560 56
96614 0
96635 56
96796 45
96879 56
97066 45
97086 56
97196 0
97208 56
97246 0
97767 56
97830 45
98082 0
98175 56
98324 56
98750 0
98753 45
98756 0
98773 45
98963 45
99120 56
99123 45
99335 56
99477 0
99484 45
99488 0
99582 45
99720 0
99996 56
565 events for 5
324 69
708 0
750 63
795 65
862 0
987 62
1269 0
1369 65
1383 62
1500 62
1529 0
2390 63
2471 70
2618 0
2714 62
2768 0
2788 70
3096 0
3146 63
3178 63
3212 0
3673 69
3781 0
4135 70
4154 0
4320 62
4350 0
4384 69
4388 0
4425 63
4489 0
4513 70
4530 0
4897 62
5061 0
5184 70
5216 66
5273 69
5582 0
5714 65
5737 0
5754 66
6399 70
6570 0
6838 69
6987 0
7301 65
7463 0
7725 63
7974 0
8179 65
8202 66
8433 0
8858 70
9259 69
9282 62
9293 0
9443 69
9865 0
9974 70
9997 0
10139 66
10748 0
10789 65
11012 0
11107 70
11224 0
11227 62
11572 0
11832 65
11931 70
12188 0
12377 70
12976 0
13337 63
14411 0
14564 62
14568 0
14638 62
14936 62
15015 0
15240 65
15272 0
15360 62
15538 0
15696 65
15781 0
16086 62
16372 0
16555 65
16758 0
16989 62
17248 0
17317 69
17536 0
17934 63
17996 63
18166 0
18281 62
18292 0
18313 63
18571 0
18760 66
19085 0
19450 70
19630 63
19992 0
20675 66
20911 0
21145 70
21273 0
21463 62
21787 0
22001 62
22264 62
22411 0
22448 69
22476 0
22764 62
22767 0
22776 69
23200 0
23243 66
23253 65
23277 0
23303 62
23432 0
23611 62
24040 0
24104 69
24349 0
24677 62
24815 0
25588 63
25642 0
25804 65
25812 0
25827 65
26028 0
26201 63
26221 0
26433 70
26453 0
26513 63
26566 0
26729 62
26762 0
26840 62
26884 0
26911 65
27000 0
27139 70
27813 62
27975 0
28111 66
28492 0
28597 66
28621 69
28641 0
28819 63
28823 0
28952 66
29010 0
29315 70
29461 0
29686 63
29692 0
29707 65
29839 65
30040 0
30047 69
30268 0
30492 70
30650 62
30850 0
30899 70
30951 0
30954 70
31235 0
31264 69
31378 63
31706 0
31723 69
31759 0
31928 65
32266 0
32941 62
33164 0
33389 70
33410 63
33428 0
33720 69
33730 0
33880 65
34184 0
35045 62
35097 69
35269 62
35380 0
35640 66
35674 0
35963 62
35984 0
36015 62
36196 0
36445 62
36614 0
36623 66
36655 0
36912 65
36949 0
37070 66
37287 0
37402 65
37488 0
37785 63
37833 62
38182 66
38456 0
38966 69
39008 0
39050 70
39169 0
39225 62
39391 0
39560 66
39623 70
39714 70
39824 0
40135 62
40261 0
40618 62
41449 0
41490 70
41550 0
41706 62
41793 0
41966 62
42022 0
42030 65
42070 0
42474 62
42670 0
42741 69
42787 0
42855 63
42875 0
42884 62
43184 0
43269 62
43515 62
44221 69
44301 62
44574 63
44783 70
44858 0
44947 70
45165 0
45210 66
45286 0
45493 63
45523 70
45645 0
45825 70
46167 70
46380 0
46417 70
46663 0
46711 62
46911 0
47000 62
47358 0
48193 70
48458 0
48568 66
48661 0
48677 63
48714 0
48987 66
49016 70
49052 0
49570 70
49849 0
49954 65
50056 0
50096 66
50135 0
50226 62
50269 0
50285 70
50390 0
50466 65
50629 62
50699 0
50700 69
50704 0
50730 70
50736 0
50808 65
51161 0
51785 62
51907 65
51985 69
52014 0
52320 70
52475 0
52508 66
52519 70
52776 0
52808 63
52816 0
53222 66
53334 0
53346 65
53395 66
53436 0
53437 63
53446 62
53476 0
53575 63
53700 0
54447 70
55127 0
55304 63
55418 0
55531 69
55557 0
55858 66
55997 0
56052 69
56297 0
56436 62
56497 66
56699 70
57085 0
57101 70
57149 0
57315 62
57332 0
57368 63
57506 0
57535 66
57965 0
58113 66
58136 0
58196 62
58297 0
58448 62
58465 0
58477 66
59116 0
59190 66
59330 65
59586 0
59645 62
59699 62
59731 0
59841 69
60208 69
60229 63
60521 69
60522 0
60564 69
60731 70
60799 0
61037 66
61212 0
61478 70
61947 0
62167 63
62516 0
62649 70
62674 63
63059 69
63133 70
63198 0
63410 69
63485 0
63534 62
63741 0
63944 70
64041 0
64047 65
64570 0
64611 62
65368 0
65513 70
65570 0
65651 62
65883 0
66324 63
66513 0
66560 69
66628 0
66643 63
66757 0
66773 70
66785 65
67788 0
67953 62
68002 0
68051 69
68085 0
68310 70
68491 62
68585 62
68601 62
68644 65
69114 0
69173 62
69286 0
69560 65
69816 0
69966 66
69999 0
70464 66
70857 0
70904 70
70931 0
70978 70
71160 0
71214 62
71433 0
71716 66
72823 0
73044 70
73246 0
73301 65
73526 62
73668 0
73713 69
73736 0
73814 65
74365 62
74670 0
74679 69
74692 0
74745 66
74809 0
74978 69
75016 0
75657 69
75663 0
75683 65
75722 0
76301 65
76325 0
76427 62
76684 0
77351 70
77898 0
78064 62
78395 70
78417 0
78593 65
78613 0
78832 69
78874 0
79071 70
79164 0
79184 70
79299 0
79433 70
79818 0
79865 69
80383 0
80528 65
80898 0
80925 69
80947 0
81764 63
81956 0
82208 63
82256 65
82334 0
82363 70
82574 0
82628 62
82632 0
82970 66
83004 0
83190 66
83506 0
84181 69
84263 0
84464 70
84777 0
84892 62
84943 0
85039 62
85321 66
85463 0
85536 62
85562 0
85606 70
85678 0
85840 65
86202 70
86424 0
86462 69
86465 0
86467 66
86509 0
86742 70
87251 62
87341 0
87798 63
87911 70
88221 0
89036 62
89054 63
89082 0
89428 70
89908 0
89998 62
90019 0
90036 62
90838 69
90902 0
90988 69
91201 63
91228 0
91400 66
91443 62
91501 0
91510 62
91528 0
91626 70
91768 0
91821 62
91909 0
92017 66
92120 0
92349 63
92607 0
92722 70
93198 0
93454 70
94088 0
94429 62
94624 0
94774 62
95465 0
95612 70
95774 0
96032 62
96126 70
96290 0
96579 63
96811 70
96862 70
96940 0
96942 65
97179 0
97261 70
97295 0
97382 62
97506 62
98097 0
98277 70
98528 0
98780 62
99153 69
99322 0
99590 69
860 events for 6
9 85
93 79
407 0
429 79
488 79
746 79
788 0
979 85
1056 0
1098 85
1150 79
1220 85
1339 81
1518 0
1627 79
1643 81
1826 81
1831 79
1880 0
1971 81
2037 0
2195 79
2337 79
2360 79
2472 0
2475 79
2544 0
2611 81
2615 0
2670 81
2676 0
2699 79
2884 81
2970 0
3011 79
3075 79
3100 0
3172 79
3252 0
3382 81
3440 0
3705 85
3739 0
3834 81
3892 85
3932 0
4068 79
4107 0
4354 79
4510 0
4591 79
4780 0
4877 79
4892 81
4961 79
5099 0
5105 79
5322 0
5395 85
5397 0
5457 79
6026 0
6073 79
6074 0
6205 79
6572 0
6927 85
7074 0
7085 85
7607 79
7791 79
7947 0
7993 79
8046 81
8052 0
8088 85
8145 79
8255 0
8510 79
8652 79
8759 0
8805 79
8997 81
9086 0
9247 79
9296 0
9386 79
9610 0
9660 79
9756 0
9782 79
10013 0
10072 85
10140 0
10177 79
10219 79
10232 0
10371 85
10633 0
10679 81
10801 0
10865 81
10947 81
11005 0
11105 79
11112 0
11147 85
11161 0
11464 85
11535 0
11636 81
11678 0
11755 79
11832 0
11932 79
12018 0
12424 79
12774 81
13107 0
13177 85
13267 0
13306 79
13615 0
13823 79
13986 0
14333 79
14368 0
14447 81
14554 0
14739 85
14936 0
15160 79
15220 79
15358 0
15380 81
15976 0
16309 85
16645 0
16727 85
16768 0
16774 85
16913 0
17193 79
17196 0
17411 81
17426 0
17475 79
17821 0
17898 79
17956 0
18029 85
18042 85
18083 85
18116 0
18318 81
18423 81
18534 0
18586 85
19140 0
19202 81
19298 0
19471 79
19519 0
19542 79
19860 0
19908 79
19969 0
19971 79
20113 0
20229 79
20318 79
20363 0
20745 81
20887 0
20896 85
20972 81
21001 0
21021 79
21152 79
21192 0
21398 85
21407 0
21473 81
21512 0
21549 79
21663 0
21790 79
21872 0
22047 85
22104 81
22144 0
22228 81
22262 0
22442 81
22530 0
23062 81
23252 85
23321 0
23455 85
23623 0
23776 79
23816 0
23927 81
24182 85
24374 0
25040 85
25133 0
25163 79
25185 81
25197 0
25275 81
25311 81
25451 81
25502 0
25629 81
25703 79
25938 0
26128 79
26133 0
26459 85
26511 0
26540 79
26557 79
26580 0
26605 79
26732 81
26779 0
26922 79
26938 79
26987 0
27016 85
27088 0
27121 79
27354 0
27453 85
27547 81
27550 0
27719 79
27797 0
27854 79
27882 0
27887 81
28314 85
28351 81
28797 0
28902 79
28993 0
29124 79
29309 0
29333 81
29617 79
29678 0
30055 85
30065 0
30086 85
30323 0
30586 81
30820 0
30881 79
31158 0
31252 81
31295 0
31336 85
31487 81
31629 79
31633 0
31734 79
31802 0
32177 81
32277 0
32322 79
32324 79
32330 0
32444 85
32716 0
32889 79
32973 0
33065 79
33131 0
33151 85
33234 0
33304 85
33421 79
33444 0
33458 81
33581 0
33639 81
33752 0
33940 81
34030 0
34170 79
34345 81
34427 79
34452 0
34556 79
34658 85
34753 79
34905 0
34948 81
35053 0
35141 79
35286 0
35389 79
35426 0
35475 85
35652 0
35910 85
36100 0
36146 79
36190 0
36318 79
36418 0
36498 79
36684 0
36706 81
36891 0
37209 85
37254 0
37268 85
37534 0
37605 85
37757 0
37765 85
37802 85
37950 79
37983 0
38275 85
38495 0
38676 81
38884 0
39112 85
39401 0
39963 79
40044 0
40054 79
40165 79
40180 0
40344 85
40402 0
40748 79
40911 0
40924 79
41141 0
41183 81
41205 0
41278 79
41414 0
41468 81
41576 79
41725 0
41789 81
41916 0
41920 81
42153 0
42354 81
42541 0
42678 85
42969 79
43038 0
43041 85
43133 85
43194 0
43291 85
43312 0
43390 85
43430 0
43522 79
43638 0
43651 79
43934 0
43985 79
44001 81
44663 0
44717 79
45020 0
45088 79
45481 79
45520 85
45769 0
45963 81
45995 0
46033 81
46068 0
46214 85
46271 0
46339 85
46349 0
46397 79
46428 0
46529 85
46555 0
46619 81
46630 79
46720 0
46972 85
47033 0
47132 79
47137 0
47152 79
47360 81
47409 81
47493 0
47631 81
48019 0
48035 79
48156 0
48251 79
48444 0
48550 81
48622 0
48652 81
48675 0
48783 85
49115 0
49191 79
49201 0
49488 85
49917 79
49918 0
49984 79
50012 0
50193 79
50263 0
50387 85
50445 0
50455 79
50515 85
50562 79
50761 81
50769 0
50849 79
50942 0
51046 79
51378 0
51414 79
51428 0
51541 81
51642 0
52010 79
52206 0
52354 81
52390 0
52581 79
52717 85
52955 0
53029 85
53096 0
53294 81
53330 0
53363 79
53420 0
53467 79
53492 0
53585 85
53754 0
54212 79
54336 0
54468 79
54480 0
54586 79
54795 81
54831 0
54900 79
54985 0
55093 81
55263 0
55350 81
55402 0
55907 79
55910 85
55923 79
55990 0
56076 79
56078 0
56125 85
56210 0
56287 81
56341 0
56364 81
56369 85
56451 0
56785 79
57303 0
57319 85
57327 81
57371 0
57580 79
58386 79
58431 79
58641 0
58648 81
58708 0
58738 85
58753 85
58783 0
58856 79
59021 0
59028 81
59116 0
59242 81
59352 0
59451 79
59522 0
59842 79
59946 0
60095 81
60321 0
60512 79
60573 0
60744 79
60998 0
61258 79
61333 81
61451 81
61464 0
61478 79
61717 0
61723 81
61804 0
61906 79
61967 85
62104 0
62124 85
62280 0
62327 79
62371 0
62388 79
62474 0
62775 79
62780 0
62920 81
63086 0
63204 79
63493 85
63509 0
63561 79
63652 0
63780 81
63826 81
64324 0
64401 81
64493 0
64602 81
64606 0
64641 81
64875 0
64883 81
64952 79
65017 0
65291 79
65334 79
65406 0
65680 79
65715 79
66065 0
66107 79
66236 0
66361 79
66482 0
66657 81
66660 0
66764 81
66846 0
66891 85
66998 0
67311 79
67495 81
67909 0
68140 85
68249 79
68304 81
68320 0
68363 85
68379 0
68436 81
68445 0
68487 79
68528 85
68583 0
68775 85
68803 81
68880 85
69314 0
69343 79
69360 0
69395 79
69601 0
69635 79
69695 0
69774 79
69956 0
70049 79
70050 79
70166 0
70460 79
70496 0
70506 85
70586 0
70608 79
70709 0
70760 81
70847 0
70958 79
71038 79
71055 0
71337 79
71349 0
71417 79
71529 81
71563 79
71593 79
71733 0
71755 81
72214 0
72298 79
72424 0
72646 79
73002 0
73055 79
73205 0
73252 79
73315 0
73405 85
73449 0
73485 79
73516 85
73658 0
73706 81
73820 0
73864 79
74039 79
74180 0
74239 79
74723 85
74788 0
74859 85
74964 81
75344 0
75396 85
75506 85
75646 79
75698 0
75727 79
75938 0
76055 85
76083 0
76276 79
76318 0
76329 79
76627 81
76862 0
76974 85
77101 0
77194 85
77284 85
77303 0
77574 85
77643 81
77737 0
77792 79
77902 85
77927 0
77982 85
78004 0
78135 79
78163 0
78188 79
78227 0
78282 79
78303 0
78394 79
78408 0
78476 81
78576 0
78606 85
78750 81
78883 0
79223 81
79309 81
79421 0
79514 79
79574 0
79627 79
79650 0
79684 79
79794 0
79821 85
79877 85
79967 0
80106 85
80120 0
80149 79
80158 0
80292 79
80509 0
80568 79
80646 0
81078 79
81559 0
81573 79
81585 81
81699 79
81892 0
81979 79
82142 0
82248 81
82356 0
82593 81
82876 0
83223 85
83242 0
83424 81
83698 79
83702 0
83752 79
83766 79
83790 0
83817 85
84026 0
84178 81
84377 0
84451 85
84685 0
84783 79
84837 0
84939 79
84944 0
84975 79
85032 0
85134 79
85168 0
85220 81
85387 0
85449 79
85504 0
85710 79
85944 0
85953 79
86222 0
86375 79
86382 79
86446 0
86690 79
86746 0
86827 85
86839 0
87135 79
87162 85
87174 0
87318 79
87391 0
87505 85
87517 0
87567 79
87636 0
87840 79
87885 0
87917 79
88086 0
88131 79
88133 0
88222 85
88360 0
88461 81
88652 0
88666 85
88784 0
88844 79
89038 79
89076 0
89203 79
89273 0
89489 85
89682 79
89703 79
89813 0
90094 79
90207 0
90320 85
90334 81
90471 79
90532 81
90624 0
90636 79
90846 0
90902 81
90990 85
91038 0
91250 79
91273 79
91387 0
91495 79
91569 0
91680 81
91758 0
91879 85
91918 0
92050 81
92143 81
92212 81
92230 0
92451 79
92535 0
92575 79
92666 79
92728 0
92951 79
92971 81
92973 0
92981 81
93123 0
93456 81
93765 0
93991 79
94036 0
94108 79
94245 0
94468 81
94572 0
94868 79
95008 0
95169 79
95221 81
95240 0
95282 85
95374 0
95839 81
95882 0
96002 81
96012 81
96416 79
96430 0
96502 79
96598 0
96702 85
97058 79
97127 85
97178 0
97520 81
97540 0
97695 81
97700 0
97721 81
97754 85
97901 0
97978 81
98198 0
98416 81
98425 79
98439 79
99026 0
99133 85
99146 0
99200 79
99256 0
99347 79
99775 81
99884 0
99920 79
99994 0
456 events for 7
137 41
422 0
754 54
1112 0
1128 28
1528 0
1566 34
1658 0
1693 37
1862 0
2144 13
2211 0
2290 12
2597 0
2768 37
2798 37
3486 0
3503 12
3520 0
3535 28
3817 0
4075 41
4168 0
4797 13
4897 0
5041 13
5109 0
5423 12
5487 0
5528 37
5854 12
5857 0
5935 37
5948 0
5951 54
5985 0
6417 34
6803 54
6833 37
7430 0
7715 41
7725 0
7808 54
7837 13
7964 0
8044 41
8127 28
8132 34
8134 0
8572 34
9636 0
9745 12
10003 0
10392 28
10441 0
10454 12
10743 0
11079 12
11374 0
11437 12
11649 28
11945 0
12083 28
12654 0
12720 12
12728 0
12753 41
13221 28
14165 0
14210 13
14247 0
14929 13
15032 0
15314 12
15907 37
15945 0
16115 54
16330 34
16538 0
16660 13
17009 0
17277 13
18343 0
18368 37
18719 0
18903 13
19361 0
19506 37
19595 0
19764 28
19833 54
19840 0
19910 41
19929 0
20065 28
20473 0
20536 12
20790 28
21290 41
21327 41
21787 54
21860 0
21962 37
22119 0
22565 12
22585 0
22927 41
22967 0
23090 13
23422 0
23605 28
23751 0
24329 13
25127 0
25261 34
25565 28
25724 0
25841 41
26378 0
26401 12
26605 0
26966 34
26982 0
27154 13
27171 37
27176 0
27398 12
27482 34
27915 0
28094 54
28104 13
29434 0
29643 34
30038 0
30044 34
30414 0
30703 28
31317 0
31468 34
31511 0
31680 13
31716 54
31768 0
32132 37
32171 37
32195 12
32342 13
32398 28
32920 54
33966 12
34000 0
34262 13
34525 0
34687 37
34823 0
35115 54
35355 37
35619 37
35664 28
35910 28
35978 34
36162 13
36165 0
36174 28
36273 12
36818 0
36854 34
36949 0
36962 28
37056 0
37223 54
37318 0
37482 12
37905 0
37976 37
38245 41
38286 0
38378 37
38534 0
39097 54
39105 37
39188 0
39480 12
39601 34
40643 0
40730 12
41056 0
41336 28
41640 54
41749 0
41769 13
42022 54
42253 0
42281 13
42876 0
43143 28
43596 41
43699 0
43767 12
44003 0
44162 54
44219 41
44263 28
44452 0
44540 28
44768 37
45089 0
45483 12
45603 0
45975 37
45989 0
46246 41
46375 0
46383 13
46600 0
46630 37
46729 0
47094 41
47133 0
47192 28
47349 0
47381 28
47425 54
47517 0
47617 12
47631 34
47707 12
47762 0
48025 37
48165 0
48345 28
48675 37
49224 0
49266 28
49380 0
49456 41
49599 0
49605 13
49807 0
50081 54
50248 0
50458 12
50848 0
50874 54
51716 0
51813 41
52273 54
52748 0
52871 37
53130 0
53488 12
53939 0
54085 13
54130 0
54335 28
54477 0
54589 37
54707 0
54825 34
54944 0
54991 12
55290 34
55406 0
55556 34
56458 0
56462 54
56709 12
57007 0
57123 28
57179 0
57375 34
57497 37
57655 0
58398 34
58860 0
59002 54
59024 0
59607 54
59682 0
59685 37
59770 37
59778 0
59849 13
60045 0
60149 37
60288 0
60482 12
60511 0
60640 54
60875 13
61054 28
61137 12
61550 0
61964 34
62178 0
62420 34
62542 41
63393 0
63547 37
63688 0
64166 37
64905 0
65296 13
65656 0
65696 13
65937 0
66052 41
66084 0
66208 28
66422 12
66425 0
66665 13
66909 0
67509 12
67932 0
68102 41
68188 0
68243 41
68295 13
68972 12
69483 0
69522 28
69697 41
70018 12
70300 0
71052 54
71426 0
72177 28
72309 0
72526 54
72782 0
72818 54
72896 0
73029 34
73101 0
73213 37
73294 0
73319 13
73471 28
73690 0
73754 41
73838 28
73863 34
74403 0
74534 13
74601 0
74803 41
74832 54
75202 0
75262 13
75557 12
75592 12
75857 0
76533 13
76612 0
76935 13
77329 0
77355 54
77415 34
78147 0
78178 28
78289 0
78317 12
78450 0
78566 12
78684 0
79010 37
79204 0
79299 37
79508 28
79603 0
79782 28
79792 0
79794 12
80059 0
80146 54
80152 0
80229 37
80748 0
81039 13
81102 0
81193 41
81276 37
81380 37
81462 54
82076 54
82102 0
82184 41
82476 12
82680 0
83412 34
83723 34
83757 0
83840 13
83842 0
83904 34
84092 0
84333 28
84404 12
84591 12
84763 0
84955 12
85031 28
85035 0
85109 12
85641 0
85748 28
86363 0
86379 12
86565 0
86715 34
86755 0
86946 12
88117 0
88466 41
88626 0
89060 28
89110 0
89123 12
89292 0
89322 12
89459 0
89686 28
89749 34
90186 0
90336 12
90446 54
90543 0
91050 37
91392 0
91535 37
91554 41
92064 0
92497 34
92531 41
93082 0
93637 41
94574 41
94886 28
94918 54
95117 34
95198 0
95965 28
97263 0
97624 28
98070 54
98314 0
98715 41
98774 0
98815 41
99022 0
99062 13
99133 34
99372 0
99411 28
99978 34
132 events for 8
1298 53
2280 0
3394 58
7294 0
7534 53
8098 0
8637 53
8916 0
9870 23
9889 0
10096 53
10101 0
11118 23
11596 68
11785 0
11932 29
12032 0
12108 53
13232 0
13616 58
16424 0
16493 29
16795 0
17656 29
18787 75
19226 0
19470 29
19590 58
23227 0
24846 68
25311 0
27552 29
30480 0
30635 75
31007 0
31470 57
32096 0
32894 53
32909 0
33246 53
34107 0
34963 58
35993 0
36834 57
36881 68
36887 0
36912 53
36914 0
37243 57
38323 0
39837 53
40865 0
40886 29
41429 0
43290 58
43620 0
43989 53
44602 53
45169 0
45460 53
46521 0
47284 23
47416 23
47914 0
48019 75
50713 68
51120 0
53374 53
54716 0
55150 57
55580 0
55816 23
56218 0
56430 23
56708 0
57021 75
57103 0
58280 58
59482 58
59689 0
60915 58
62017 23
62432 58
62505 0
63443 23
63809 0
63935 75
64277 0
65368 68
65524 75
66027 58
66059 0
66787 29
68652 75
69088 75
69585 0
71099 23
73476 0
74488 53
76730 0
77635 58
79037 0
79279 58
79727 68
80141 0
80660 57
80678 0
80700 53
81440 0
81458 68
82018 0
82861 68
85695 0
85860 53
86833 0
88491 68
91236 0
92553 75
92616 53
93549 0
93624 29
94163 0
94600 53
95417 0
95762 75
96761 0
97844 23
98416 0
98546 57
98557 0
98567 57
99685 0
157 events for 9
1649 47
1893 0
2319 54
2415 0
2851 54
2868 0
3993 54
4630 0
5378 54
5424 0
5431 54
7529 0
8292 47
8378 0
10041 54
10091 0
11784 54
11802 0
13485 47
14590 60
15102 0
15724 47
15890 0
20221 60
20591 0
20735 54
21042 0
21255 54
21510 47
22219 0
23004 60
23053 0
23185 60
23749 0
24822 60
25955 0
25980 47
26531 0
26588 54
27512 0
28557 47
29379 0
30934 60
31753 47
32124 60
32185 60
34286 0
35511 54
36668 0
36671 60
37615 0
38854 54
39881 60
40440 60
40517 47
41075 0
41116 60
42710 60
43972 54
44657 0
45728 60
45836 60
46595 0
47538 60
47928 0
48069 60
48097 0
48115 60
49647 0
49738 47
50078 0
50359 60
50449 0
51005 54
51413 0
51774 54
52043 0
52169 60
52639 0
53381 47
53529 60
53620 0
54195 60
55148 0
55824 54
57538 0
57817 60
58564 54
59165 0
61466 60
62099 47
62386 0
63510 60
64635 0
64821 60
65036 0
65353 54
66587 47
67493 0
67868 54
68702 0
68857 47
69792 0
70355 47
70415 0
70490 54
71074 0
72080 47
72227 0
72943 47
73117 0
73554 54
73597 0
74366 60
75453 0
76603 54
77682 54
77853 0
78196 47
79414 0
79585 54
80082 54
80269 60
80818 0
81253 54
82545 0
83126 47
84261 0
84541 60
84881 0
84882 47
85157 0
86157 54
86536 0
86550 54
87166 0
87243 47
87793 54
88044 0
88930 54
89090 0
89249 54
90439 0
91750 54
92208 0
92293 60
92314 0
93143 54
95072 0
95225 54
95270 0
96351 60
96406 0
97498 54
97562 0
98981 54
99706 0
550 events for 10
91 84
107 0
171 57
314 0
507 80
799 0
823 54
840 0
1351 54
1483 64
1602 0
1999 80
2244 0
2303 79
2513 0
2783 87
2830 87
3036 0
3043 81
3127 80
3214 0
3224 84
3706 0
3767 67
3778 84
3831 0
4170 67
4242 87
4529 0
4548 64
5224 0
5294 80
5630 0
5707 57
5864 0
6021 57
6092 0
6295 57
6448 64
6694 0
7198 80
7217 0
7340 64
7443 0
7448 84
7481 79
7715 0
7836 81
8344 0
8463 64
8491 57
8610 0
8618 67
8804 0
9275 81
9615 0
10089 87
10214 0
10375 64
10398 0
10626 81
10627 0
10689 87
10841 57
11026 0
11317 57
11495 87
11890 87
11979 0
12120 57
12232 67
12267 0
12391 57
12561 57
12690 81
12713 87
13315 0
13515 79
13637 0
13734 84
14328 80
14434 0
14484 81
14552 0
15011 80
15177 0
15621 87
15649 0
15711 80
15831 0
15892 57
15952 0
16015 64
16017 79
16382 57
16511 0
16601 81
16673 0
16712 84
16937 0
17190 79
17419 0
17788 57
18338 0
18442 67
18692 0
18712 54
18769 0
19240 84
19417 79
19428 0
19621 84
19887 0
20011 79
20045 57
20134 0
20451 80
20713 80
21570 0
21582 64
21791 57
21935 57
21969 0
22072 54
22309 0
22396 67
22556 0
22650 87
22910 57
22967 0
22974 64
23050 79
23090 0
23098 87
23122 0
23434 81
23462 0
23587 64
23924 57
24212 67
24661 0
24702 67
24727 87
25161 0
25210 67
25221 0
25242 67
25371 67
25566 0
25850 54
25857 0
25859 57
25864 0
25953 64
25960 84
26271 0
26285 67
26693 0
26934 54
27341 0
27584 54
27692 0
27937 67
27951 57
27984 0
28031 57
28756 54
28856 79
28901 0
29275 67
29502 84
29520 0
29803 79
30040 0
30266 67
30641 0
30694 54
30785 0
31044 57
31385 67
31603 0
32124 57
32160 84
32303 0
32402 80
32539 0
32570 84
32623 0
32781 81
32835 0
33028 79
33674 0
34232 57
34541 57
35071 0
35310 64
35313 0
35965 57
36152 0
36406 79
36458 0
36539 84
36930 0
36985 54
37049 0
37094 80
37171 0
37315 79
37321 0
37418 79
37600 81
37751 0
37956 84
38550 57
38734 0
38769 67
39330 0
39786 57
39791 0
40097 79
40510 0
40656 67
40735 0
40916 79
41096 0
41382 57
41656 0
41705 87
42148 0
42765 81
42774 0
42984 67
43140 0
43444 67
43664 0
43665 67
43705 0
43949 80
43966 0
44209 81
44532 0
44597 81
44679 0
44757 57
44920 0
44927 64
45015 0
45387 57
45498 0
45675 81
45772 0
46022 57
46113 57
46243 0
46434 57
46820 54
47134 0
47242 87
47423 0
47437 57
47595 0
47965 67
47976 84
47984 67
48266 0
48422 67
48431 0
48463 54
48477 81
48674 67
48842 79
48960 0
49086 67
49258 0
49563 57
49859 79
49940 0
49961 57
50160 0
50627 57
50691 0
50942 87
51664 0
52144 67
52191 0
52406 80
52477 0
52572 64
52700 67
52804 54
52996 0
53023 84
53129 0
53453 87
53505 0
53613 64
53929 0
53963 79
53973 0
54079 79
54166 64
54284 0
54600 54
55084 0
55138 87
55237 0
55672 84
55835 57
55839 0
55955 64
56179 84
56727 0
56884 84
57152 67
57417 57
57418 87
57441 80
57632 57
58059 57
58563 0
58651 67
58684 0
58859 81
59065 0
59079 64
59172 57
59220 0
59337 79
59404 0
59507 57
59562 67
59654 54
59972 54
60271 0
60374 84
60974 0
61060 64
61129 0
61708 84
61711 0
61731 87
61907 0
62479 81
62607 0
62854 80
62858 0
62859 80
62987 0
63061 81
63195 0
63254 79
63452 57
63631 0
63632 64
63651 0
64050 57
64677 0
64701 54
65101 0
65613 84
65829 0
66065 54
66110 0
66391 54
66421 0
66612 79
66888 67
67008 0
67026 79
67466 54
67477 57
67480 0
67592 57
67608 0
68090 54
68094 0
68117 81
68399 0
68415 54
68533 0
68943 57
69268 57
69279 57
69581 0
69669 80
69866 0
70190 81
70219 0
70324 84
70536 67
70578 0
70628 57
70661 57
71198 54
71286 0
71421 80
71497 0
71835 79
71842 0
72256 81
72368 87
72414 0
72829 64
73092 64
73172 0
73345 87
73609 0
73625 84
73781 0
73824 81
73911 0
74162 67
74478 54
74843 67
74888 0
75078 54
75156 0
75216 80
75486 79
75800 0
75975 80
76564 0
76642 67
76645 0
76972 57
77013 54
77192 0
77880 80
78297 57
78442 54
78505 0
78627 57
78890 0
79085 57
79318 57
79352 0
79372 64
79541 0
79872 84
79997 0
80123 64
80194 80
80416 0
80595 79
80713 87
81288 0
81916 87
82019 0
82410 64
82455 0
82541 67
82668 0
82726 57
82735 0
82765 64
82793 0
82821 57
82865 81
83406 67
84208 0
84577 84
84608 79
85140 0
85141 87
85344 87
85351 67
85420 0
85554 54
85993 0
86062 67
86193 0
86402 79
86593 84
86671 0
87186 81
87298 0
87674 84
87899 87
88039 0
88218 81
88715 0
88870 80
88913 0
88937 84
90769 0
90810 80
90890 0
91177 80
91262 54
91373 0
91663 81
91676 57
92010 0
92084 64
92123 0
92330 81
92521 0
92594 57
92611 0
92667 64
92697 64
93078 54
93540 0
93595 81
93644 0
93646 57
93807 81
93937 57
94073 0
94074 84
94214 0
94492 57
94665 0
94677 57
94814 0
94828 79
94947 54
94983 0
95173 57
95231 64
95304 80
95340 0
95409 79
95414 0
95634 84
95724 0
95869 67
95894 0
96270 81
96733 0
96925 57
97086 84
97359 84
97385 57
97732 0
97873 57
98039 0
98490 79
98503 0
98578 84
98776 0
98795 87
98916 80
98971 0
99306 57
99337 0
99616 57
99648 0
99841 87
99949 0
182 events for 11
105 56
172 50
2259 0
2315 85
3022 0
3052 85
3742 0
4490 66
4560 0
5582 56
5669 0
5743 65
5848 85
7428 0
7931 50
8510 0
9626 65
10789 0
11205 65
12193 91
14649 0
15045 47
15539 47
16059 0
16705 66
16912 0
16916 91
16934 0
18529 51
18929 65
18962 47
19264 0
19921 56
21317 0
21613 91
21866 56
23322 0
24046 66
25750 0
25814 47
26704 0
26842 91
26931 91
27146 0
28813 47
28959 0
29027 47
29607 0
31036 47
31654 56
31680 0
32198 56
32551 0
32593 56
33096 0
34268 47
34524 0
34677 65
35262 0
35659 50
36460 0
36729 66
36892 0
36896 47
37424 0
38122 91
38272 50
38618 0
39996 50
40500 0
40843 91
40846 0
42171 91
43122 0
45074 66
45431 0
47203 56
47603 0
47897 47
48080 0
48574 91
48581 0
49562 50
49591 0
50162 91
50926 0
50976 47
52002 0
52201 56
53238 50
53349 0
53573 65
53604 51
54006 0
55949 65
55950 0
57631 65
57926 71
58580 56
58728 0
59002 56
59642 0
61204 51
61640 0
61904 85
63049 0
63274 51
63919 0
64122 91
64194 0
64541 66
64638 65
65064 0
65648 50
66779 0
67046 71
67546 66
68081 0
68235 56
68864 47
69025 0
69156 50
69415 85
70297 0
70863 85
71083 66
71733 0
71904 56
72203 0
73916 85
74704 0
75433 47
76461 71
76792 65
77523 0
77746 65
78202 0
79239 66
79616 0
79664 85
79877 0
79958 50
80156 47
80431 0
81498 50
81662 0
81772 47
82687 0
82887 51
82916 0
83275 65
83640 65
83791 0
84560 66
84827 0
85178 50
85640 0
86422 71
86882 0
87939 71
88135 0
88726 47
89357 50
90468 0
90788 71
91232 0
91642 50
93138 85
93922 91
95158 0
95334 51
95838 65
96474 0
96794 66
97114 50
97249 0
97718 56
97991 56
98925 91
99151 0
99299 56
99435 0
826 events for 12
323 31
436 0
673 27
794 32
975 0
1182 27
1263 0
1438 31
1573 21
1664 31
1858 31
1860 21
1918 0
1936 31
2084 31
2415 0
2424 21
2572 0
2585 21
2679 0
2767 32
2798 32
2948 0
2962 32
3169 0
3190 21
3245 0
3275 31
3595 0
3635 27
4006 0
4014 29
4105 31
4245 0
4308 29
4498 0
4553 29
5296 0
5396 29
5715 0
5742 29
6233 0
6336 21
6340 0
6445 21
6539 0
6653 31
6865 0
6916 31
6924 0
6975 21
7017 0
7222 21
7223 0
7281 29
7520 0
7832 27
7873 0
8116 32
8573 0
8765 27
8955 0
9288 29
9314 0
9359 21
9464 29
9485 0
9625 21
9664 0
9721 29
9945 0
9978 29
10080 0
10168 21
10235 0
10269 21
10534 0
10564 21
10639 0
10729 27
10761 0
10770 21
11134 21
11235 31
11329 27
11382 0
11593 21
11644 0
11651 27
11726 29
11762 0
11806 29
12064 29
12241 0
12380 29
12527 0
12634 21
12733 0
12872 27
13102 0
13210 29
13392 21
13656 0
13805 21
13861 21
13934 0
14211 29
14235 21
14251 31
14455 0
14569 21
14686 0
14802 29
14804 0
15039 29
15143 29
15227 21
15374 0
15397 21
15495 27
15857 0
15860 31
15897 27
15923 0
16080 31
16534 0
16655 27
16844 29
16928 21
17032 0
17162 21
17367 0
17389 29
17725 0
17731 32
18193 0
18356 21
18380 0
18686 21
19000 0
19105 27
19356 0
19551 21
19799 0
19832 32
19842 0
19865 21
19911 0
19926 21
20021 0
20197 21
20220 0
20254 31
20258 0
20591 21
20665 0
20673 32
20942 0
21239 31
21420 29
21559 0
21574 21
21723 27
21873 27
21899 21
21997 0
22067 21
22181 0
22235 29
22323 0
22379 21
22491 0
22583 21
22603 27
22998 0
23034 21
23102 0
23592 21
23690 21
23852 21
23879 0
24015 21
24018 0
24033 27
24319 0
24327 31
24334 0
24338 21
24979 29
25020 27
25134 0
25166 21
25232 0
25401 29
25404 32
25405 0
25516 29
25523 0
25776 29
25971 0
26487 31
26677 21
26739 0
26766 32
26778 0
26806 27
26915 0
26967 29
27070 0
27116 32
27235 0
27269 29
27369 0
27380 27
27425 0
27570 21
27736 0
28026 27
28089 32
28199 27
28250 21
28259 0
28366 32
28580 31
28584 0
28652 21
28812 0
28909 32
28966 0
29068 31
29142 0
29214 27
29424 0
29570 21
29775 0
29896 32
30246 0
30323 27
30330 0
30420 32
30568 0
30700 21
30768 31
30788 0
30879 21
30881 27
30891 0
30964 21
31020 32
31309 0
31327 21
31346 0
31457 29
31661 21
31663 0
31764 32
31783 0
31855 32
31911 0
32472 31
32484 29
32651 0
32729 32
32896 0
32900 21
32938 0
32974 29
33087 0
33268 29
33349 0
33711 29
33724 31
33765 29
33779 21
33780 0
34039 31
34112 0
34265 31
34376 31
34426 0
34590 32
34601 0
34658 29
34836 0
34938 21
35073 29
35500 0
35512 21
35543 0
35901 27
35976 0
36281 21
36765 0
36847 31
36874 0
37075 27
37224 32
37257 0
37314 27
37331 0
37487 21
37540 0
37549 29
37553 0
37603 31
37682 0
37831 31
37835 0
37904 21
38001 0
38045 29
38055 0
38145 29
38282 21
38400 0
38422 27
38514 0
38520 21
38547 0
38548 27
38646 31
38945 0
39020 21
39094 0
39317 21
39551 0
39608 21
39815 0
39988 21
39997 0
40013 32
40064 0
40177 31
40311 0
40453 32
40746 27
40760 0
40810 31
40853 21
40884 0
40939 32
41621 0
41714 21
41759 21
42059 0
42126 21
42348 0
42780 21
42803 0
42982 31
43433 21
43633 0
43698 31
43704 0
43746 27
43966 0
44044 21
44197 0
44206 21
44456 31
44501 0
44708 27
44786 0
44970 29
45139 32
45251 0
45293 31
45359 0
45431 21
45890 21
46012 32
46030 0
46106 21
46144 0
46470 21
46671 0
47035 21
47188 0
47331 21
47335 0
47425 21
47497 0
47560 31
47650 0
47714 27
47822 0
48079 29
48083 0
48086 29
48194 21
48309 0
48385 21
48576 21
48654 0
48775 27
49124 32
49125 29
49133 32
49785 29
49814 0
49819 21
49942 0
50153 31
50204 27
50367 0
50397 29
50838 0
50843 29
51384 0
51516 27
51568 21
51810 27
52022 21
52148 0
52157 27
52196 0
52306 29
52333 21
52349 21
52525 0
52721 21
52956 31
52971 31
53074 21
53255 0
53409 31
53549 0
53624 29
53676 0
53828 31
53836 0
53843 21
53850 21
54116 0
54254 31
54425 0
54458 29
54560 0
54895 21
55076 0
55286 32
55392 29
55523 21
55712 31
55787 29
55788 0
55834 21
55915 0
56021 27
56222 0
56302 21
56316 0
56420 21
56556 0
56570 29
56681 0
56803 21
56860 0
56907 32
56985 0
57145 31
57192 0
57399 31
57574 29
57607 0
57636 21
57755 0
57780 32
57892 21
57954 27
58006 0
58058 29
58125 0
58168 29
58412 0
58450 21
58456 0
58485 27
58748 0
58753 31
58945 0
59329 21
59441 32
59481 0
59663 31
59784 0
59825 27
59846 21
59938 21
60110 0
60119 27
60155 0
60180 29
60202 31
60327 0
60485 21
60500 0
60630 21
60648 0
60813 21
60818 0
60920 32
60993 27
61067 0
61074 29
61131 32
61188 0
61273 21
61345 0
61432 27
61536 0
61756 21
61865 27
61966 0
62029 31
62109 21
62132 21
62369 0
62392 29
62549 0
62679 31
62734 21
62760 32
62882 29
63588 0
63703 27
63773 31
63864 0
64048 21
64222 0
64339 21
64348 0
64388 27
64400 0
64631 27
64896 0
64928 29
64942 0
65202 31
65400 27
65692 0
65956 21
65962 21
66112 32
66371 0
66390 29
66488 31
66537 0
66652 31
66822 31
66916 0
66958 31
67035 31
67208 0
67444 27
67518 0
67558 31
67835 21
68084 0
68214 21
68610 0
68675 31
68680 0
68800 31
68866 0
68879 21
68973 0
68988 29
69076 0
69118 29
69249 0
69448 21
69475 0
69788 21
70038 0
70083 29
70110 0
70299 21
70456 21
70559 0
70839 32
71210 0
71320 32
71434 0
71514 31
71517 0
71532 31
71588 27
71664 0
71873 29
72026 21
72160 0
72342 29
72477 32
72482 0
72629 29
72664 0
72763 31
72837 27
72990 21
73197 21
73538 0
73575 27
73654 0
73669 21
73778 0
73843 29
73875 0
74114 29
74481 32
74557 0
75072 31
75233 27
75410 0
75520 31
75672 29
75817 0
75868 31
76267 0
76292 32
76333 0
76589 32
76679 21
76690 0
76816 29
76935 0
76965 32
76992 0
77062 29
77110 31
77178 21
77269 0
77574 32
77606 29
77662 21
77741 0
77860 29
78115 0
78396 27
78439 0
78717 27
78847 32
78999 0
79005 32
79125 0
79139 21
79191 31
79232 31
79254 0
79267 21
79560 0
79625 31
79732 0
79779 27
79889 0
80067 32
80075 0
80550 32
80552 21
80557 29
80683 0
80685 21
80892 31
81085 0
81102 27
81609 29
81850 27
82712 0
82813 31
83072 0
83122 31
83142 0
83195 29
83461 0
83546 29
83601 0
83645 27
83771 0
83947 29
84311 31
84564 0
84721 21
84913 21
84950 0
84986 21
85020 0
85071 21
85081 0
85235 31
85259 0
85317 32
85451 0
85456 27
85507 0
85579 32
85671 0
85710 21
85814 0
85961 31
85993 0
86004 27
86119 0
86159 21
86170 0
86260 32
86388 0
86405 32
86446 0
86715 21
86724 21
86741 29
86907 0
87213 21
87365 21
87404 0
87444 27
87510 0
87552 32
87566 32
87656 31
87842 21
88004 0
88082 21
88215 27
88503 0
89053 21
89399 29
89487 0
89546 31
89608 0
89633 27
89676 0
89947 21
89962 21
90005 0
90076 29
90193 0
90305 27
90386 0
90497 29
90517 0
90543 21
90734 31
90889 0
90969 21
90990 21
91268 21
91331 0
91667 32
91714 21
91802 0
91906 32
91916 0
91947 29
91948 0
92233 32
92370 0
92672 29
92741 0
92765 29
92774 29
92840 0
93022 29
93133 0
93167 21
93262 0
93325 21
93603 0
93710 27
93749 0
93983 27
94054 0
94135 29
94164 0
94176 29
94440 0
94578 21
94831 0
95050 21
95161 29
95442 0
95535 29
95612 0
96346 21
96375 0
96478 32
96548 21
96724 29
96747 0
96783 21
96888 0
96924 32
97015 0
97149 32
97308 0
97448 31
97675 27
97696 0
97707 31
97723 32
97821 0
97934 31
98093 0
98116 27
98152 0
98528 29
98787 21
98858 0
98884 31
98932 0
98937 31
99023 0
99186 21
99237 21
99247 0
99283 27
99310 0
99395 29
99495 0
99508 27
99647 0
99714 21
99801 0
99829 21
99856 0
99964 21
140 events for 13
2127 80
2196 0
3408 80
4194 0
6772 80
6892 0
8756 73
9815 0
10903 73
11042 0
11056 80
11100 73
12187 80
12204 80
13607 0
15998 80
16560 0
17406 80
17510 73
17864 0
18032 80
19219 0
19338 73
19590 0
19868 73
20370 0
20404 80
21830 0
22033 80
22257 0
22724 80
23274 0
23351 73
23732 0
23904 73
23991 80
24693 0
25244 80
25627 0
27082 73
29028 0
30295 73
30459 0
31082 73
31709 80
31770 0
32540 80
33153 0
33340 73
33519 0
34423 73
34564 0
35074 73
35893 0
36064 80
37587 0
38931 73
39026 0
39599 73
39768 0
40290 73
42390 0
42498 80
43135 73
43537 0
43842 73
44759 0
46991 73
47578 0
47867 73
48315 0
48381 80
48951 0
50191 80
52197 0
53139 73
53345 0
54535 80
55539 0
56169 80
56658 0
56872 73
57867 0
57893 80
59102 73
59134 0
59399 80
60093 0
60391 80
61092 0
62114 73
62170 0
62248 73
63007 0
63590 80
64209 80
64216 0
64888 73
64987 73
68274 73
69087 0
69548 73
69598 0
69866 80
70318 80
70362 0
70588 80
70969 73
72895 0
73700 80
74228 0
74437 80
76081 0
76139 73
76869 0
78126 73
78213 73
78974 0
80672 73
80808 80
83086 0
84218 73
85170 0
87306 80
87857 0
88025 80
93156 0
93632 73
94174 0
94383 80
94571 73
94895 0
95123 80
95234 0
95391 73
95475 0
95565 73
98102 0
98419 73
99777 0
384 events for 14
31 82
1819 0
2065 83
2227 74
2272 0
2930 80
3145 0
4220 80
5430 0
5444 82
5863 74
5964 0
6588 80
6887 0
7027 80
7893 0
8433 80
8491 0
8991 80
9714 0
9999 80
10055 78
10346 0
10529 82
10718 0
10747 82
10833 0
11343 80
11384 0
11442 74
11900 0
12101 80
12207 80
12509 0
12570 76
12789 78
13255 0
13447 83
13484 0
13839 82
14613 0
14644 80
14663 0
14666 82
14705 0
15089 80
15340 0
15378 80
15918 0
16025 83
16234 82
16243 0
16616 80
16991 0
17345 74
17396 76
18062 0
18163 78
18226 0
18518 80
18572 0
18809 78
18923 0
19125 82
19736 0
19983 74
20614 82
20887 83
20913 80
21130 0
21553 74
21702 0
21717 78
21786 80
21823 0
21832 74
21843 0
23285 80
23356 0
23409 74
23746 0
23762 80
24260 0
24344 82
24856 0
24935 74
24944 0
25123 83
25138 0
25444 80
25574 83
25619 0
25880 80
26330 82
26439 78
26643 0
26681 74
26683 0
26705 80
26884 78
26977 80
27250 0
27501 82
27641 0
27929 78
28317 0
28467 80
28767 0
28893 80
29428 0
29469 80
29652 80
29803 0
29993 74
30238 0
30360 80
30537 82
30710 0
31077 82
32074 0
32144 80
32628 0
32959 76
33098 80
33336 0
33673 82
33738 0
33777 80
33928 80
34460 82
35117 0
35327 80
35556 80
35691 0
35839 80
36167 0
36976 74
37147 0
37455 82
37864 0
37872 78
37971 74
38053 80
38182 80
38336 0
38366 76
38505 0
38821 82
38857 0
39141 82
39443 0
39692 78
39909 0
40194 80
40327 0
40342 80
40570 0
40639 82
40640 0
40786 76
40972 0
41016 78
41321 74
41343 82
41436 0
41558 80
42248 0
42280 78
42745 0
42836 80
42877 0
43022 74
43804 0
44037 74
44262 0
44500 80
44883 0
45074 82
45135 0
45321 80
45403 78
45432 0
45517 80
45976 0
45997 83
46271 0
46408 83
46485 80
47355 0
47606 82
47654 0
48197 74
48277 0
48435 80
48531 80
48733 82
49010 76
49192 0
49206 74
49634 0
49970 74
50202 0
50430 80
51482 82
51732 80
51788 0
51937 82
52022 0
52240 80
53463 0
53490 82
53934 0
53995 82
54200 76
54625 83
54800 78
54985 0
55063 78
55113 0
55727 74
56359 0
56453 80
56565 0
56869 74
57108 0
57157 82
57233 83
57440 0
57710 74
57876 0
58180 76
58277 74
58465 0
58512 76
58663 80
59497 82
59558 0
59859 76
59979 78
59998 0
60276 82
60625 0
60647 82
60855 74
60866 82
60974 0
61103 83
61933 0
61981 78
62177 0
62337 82
62463 83
62472 78
62640 83
63348 80
63533 0
63563 82
63797 80
64312 74
64524 0
64923 76
65165 0
65272 83
65504 78
65738 76
65799 76
66393 0
66490 80
66712 0
67041 82
67106 0
67549 82
67560 0
67739 78
68249 0
68992 76
69237 74
70039 0
70044 74
70274 0
70866 80
71118 0
71558 82
71931 78
72399 0
72882 80
73075 0
73332 82
73813 0
73832 82
74000 0
74387 80
74428 0
74576 76
74646 82
76220 0
76626 82
76812 82
76908 82
76924 83
76949 0
77305 80
77341 80
77357 0
77485 82
77766 0
78320 78
78745 0
78884 82
79468 80
80242 0
81441 82
81902 83
81938 0
82012 78
82286 0
82322 74
82447 0
82482 82
82678 0
82711 82
82834 0
83093 76
83362 83
83647 0
84397 74
84399 0
84642 78
85985 0
86205 82
86384 80
86396 82
86400 80
86433 0
86683 80
86744 78
87022 78
87052 83
87230 0
87650 74
87651 0
88311 82
88822 0
89000 76
89918 0
90293 78
90786 0
91695 74
91754 0
91790 80
92079 0
92332 78
92399 0
92764 80
93096 76
93240 0
93575 74
93891 0
94016 82
94085 0
94404 74
94476 82
94537 74
94798 76
95117 78
95272 0
95825 78
96318 0
96880 82
96916 82
96926 83
97187 80
97394 0
97767 78
97843 0
97847 82
97899 80
98115 0
98479 76
98666 0
98785 78
99453 0
99454 83
99651 0
684 events for 15
15 67
995 67
1568 0
2084 67
2393 0
2402 67
2469 0
2479 67
2567 0
2672 67
3068 0
3385 67
3421 0
3456 67
3503 0
3728 67
3764 0
3880 67
3881 0
3983 67
4004 0
4355 67
4564 0
4581 67
4766 0
5316 67
5444 67
5659 0
5711 67
5781 0
5784 67
6429 0
6476 67
6519 0
6557 67
6622 0
6899 67
7091 67
7271 0
7540 67
7604 0
7613 67
7680 67
7756 0
7770 67
7935 0
8317 67
8437 67
8452 0
8638 67
8760 0
8838 67
9300 0
9322 67
9542 0
9799 67
9823 0
9845 67
10315 0
10390 67
10450 0
10796 67
10906 67
11115 67
11356 67
11364 0
11452 67
11630 0
11757 67
11771 67
11806 0
11917 67
11935 67
12160 0
12168 67
12265 0
12383 67
12655 67
12810 0
12830 67
12856 0
12866 67
12888 0
12894 67
13018 0
13119 67
13828 0
13934 67
14357 0
14604 67
14645 0
14773 67
14810 0
14839 67
14871 0
14916 67
15028 0
15095 67
15426 0
15428 67
15432 67
15460 67
15548 0
15773 67
16089 0
16312 67
16423 0
16544 67
16640 0
16644 67
17233 0
17266 67
17992 0
18101 67
18180 0
18186 67
18189 0
18225 67
18348 0
18628 67
18668 67
18830 67
18953 0
19013 67
19059 0
19178 67
19275 0
19414 67
19585 0
19620 67
19636 0
19675 67
19700 0
19716 67
19843 67
20095 0
20237 67
20427 0
20438 67
20513 0
20642 67
21140 0
21579 67
21929 67
22019 0
22244 67
22268 0
22561 67
22673 0
22720 67
22950 0
23324 67
23513 0
23638 67
23695 0
23768 67
24015 0
24137 67
24240 67
24337 0
24388 67
24396 67
24473 0
24689 67
24867 67
25435 67
25498 67
25612 0
25662 67
25918 0
25947 67
25997 67
26104 0
26117 67
26215 0
26221 67
26224 67
26257 0
26268 67
26391 0
26416 67
26443 0
26813 67
26842 67
26847 0
27093 67
27181 67
27249 67
27255 0
27407 67
27416 0
27447 67
27457 0
27491 67
27842 0
27905 67
27963 0
28159 67
28259 0
28351 67
28439 0
28454 67
28799 67
29381 0
29479 67
29498 0
29668 67
29679 0
29727 67
30393 0
30552 67
30570 0
30815 67
31013 0
31043 67
31082 0
31094 67
31104 67
31219 0
31937 67
31979 0
32032 67
32207 67
32425 0
32528 67
32618 0
32702 67
32931 67
33098 67
33108 0
33330 67
33544 67
33572 0
33843 67
33894 0
33899 67
34283 0
34292 67
34406 0
34504 67
34848 0
34953 67
34985 0
35047 67
35150 67
35177 67
35287 0
35619 67
35652 67
35702 67
35909 0
35958 67
36151 67
36227 0
36368 67
36383 67
36445 0
36552 67
36815 0
36933 67
36970 0
37027 67
37162 0
37190 67
37445 0
37659 67
37758 0
37842 67
38050 0
38054 67
38102 0
38660 67
38685 0
39276 67
39493 0
39547 67
40132 0
40331 67
40747 0
40991 67
41178 67
41284 0
41386 67
41486 0
41525 67
41642 0
41676 67
41813 67
41927 0
42008 67
42137 67
42189 67
42312 0
42332 67
42351 0
42687 67
42719 0
42766 67
42802 67
43004 0
43054 67
43058 67
43060 0
43069 67
43123 0
43377 67
43515 0
43571 67
43619 0
43766 67
43796 67
43855 0
43992 67
44025 0
44358 67
44759 67
44808 0
44809 67
44959 67
45069 0
45096 67
45605 67
45658 67
46025 0
46067 67
46119 67
46207 0
46251 67
46504 67
46532 0
46623 67
46633 0
46743 67
46947 0
47134 67
47798 0
47871 67
48209 0
48387 67
48476 0
48688 67
48871 67
48902 67
49173 67
49439 67
49528 0
49677 67
49882 67
50200 0
50218 67
50235 0
50292 67
50412 0
50590 67
50621 0
50859 67
50995 0
51174 67
51396 67
51495 0
51736 67
51785 0
51883 67
52009 0
52040 67
52045 0
52282 67
52768 0
53035 67
53128 67
53253 67
53343 67
53462 0
53566 67
53681 67
53764 0
53883 67
54063 0
54098 67
54543 0
54658 67
54719 0
54846 67
55016 0
55047 67
55054 0
55427 67
55496 0
55577 67
55996 0
56022 67
56111 0
56117 67
56208 0
56329 67
56397 0
56453 67
56741 0
56915 67
57044 67
57240 0
57728 67
58291 0
58418 67
58426 67
58512 0
58531 67
58628 67
59139 67
59317 0
59443 67
59601 0
59686 67
59749 0
60144 67
60158 67
60159 0
60200 67
60526 67
60588 67
60624 0
60726 67
60791 67
60803 0
60867 67
61001 67
61079 0
61108 67
61153 0
61185 67
61299 0
61432 67
61435 0
61489 67
61541 67
61587 0
62071 67
62256 0
62505 67
62552 67
63052 0
63093 67
63424 0
63448 67
63585 0
63589 67
63607 67
63618 0
63759 67
64127 0
64169 67
64524 0
64617 67
64637 0
64995 67
65561 0
65603 67
65646 0
65820 67
65831 0
65904 67
66055 0
66135 67
66178 0
66326 67
66391 67
66403 67
66690 0
66907 67
66941 0
67012 67
67167 0
67316 67
67383 67
67404 67
67472 0
67549 67
67650 0
67835 67
68279 0
68331 67
68692 0
68707 67
68828 0
69025 67
69033 0
69042 67
69114 67
69285 0
69288 67
69354 0
70393 67
70400 67
70549 0
70595 67
70854 67
71223 0
71390 67
71556 67
71565 0
71745 67
72162 0
72190 67
72613 0
72676 67
72776 67
72911 67
72935 67
72961 0
73058 67
73070 0
73108 67
73175 0
73213 67
73241 0
73413 67
73439 0
73678 67
73839 67
74041 0
74185 67
74523 0
74652 67
74744 0
74752 67
74862 67
75464 67
75538 0
75562 67
75643 67
75707 0
75717 67
75767 67
75792 67
75911 0
76075 67
76282 0
76430 67
76537 67
76980 67
77004 67
77052 67
77153 67
77267 0
77307 67
77344 67
77391 0
77586 67
77594 67
77660 0
77730 67
77794 0
77879 67
77888 0
78146 67
78467 0
78480 67
78752 0
78945 67
79097 0
79176 67
79451 67
79583 67
79728 0
79830 67
80513 0
80520 67
80595 0
80637 67
80670 0
80873 67
80883 0
80906 67
81257 67
81508 67
81767 0
81903 67
82211 0
82213 67
82260 0
82286 67
82409 0
82497 67
82738 0
82740 67
82830 0
82863 67
82937 0
83185 67
83248 0
83459 67
83565 0
83572 67
84092 0
84134 67
84357 0
84454 67
84546 0
84865 67
85054 0
85148 67
85478 0
85794 67
85808 67
85861 0
86144 67
86148 0
86286 67
86822 0
87105 67
87182 67
87378 0
87384 67
87391 0
87665 67
87828 67
88409 0
88709 67
89064 67
89624 0
89749 67
89813 67
89837 0
90062 67
90354 67
90357 0
90494 67
90534 0
90555 67
90718 0
90735 67
90784 0
91268 67
91374 67
91607 0
91865 67
92401 0
92412 67
92909 0
93225 67
93240 0
93257 67
93391 0
93485 67
93487 0
93657 67
93730 0
93893 67
94228 0
94721 67
94826 0
95091 67
95139 0
95244 67
95250 67
95302 0
95315 67
95835 0
95950 67
96046 0
96141 67
96142 67
96153 0
96251 67
96287 0
96299 67
96424 0
96529 67
96750 0
97169 67
97281 0
97660 67
97748 67
97901 67
98072 67
98235 0
98574 67
98640 0
98730 67
99312 0
99569 67
99598 0
99817 67
99842 67
