16 buffers
157167 13005
242052 42702
211786 39447
135955 2282
126151 12524
74857 2480
157740 11759
181950 18065
108906 4180
84893 8853
76699 4949
166558 32006
173993 1573
147004 9401
249059 15560
197561 33820
60 downlinks
0 250 1667 655
1 1917 3334 733
2 3584 5001 580
3 5251 6668 707
4 6918 8335 664
5 8585 10002 581
6 10252 11669 508
7 11919 13336 526
8 13586 15003 628
9 15253 16670 685
10 16920 18337 558
11 18587 20004 514
12 20254 21671 558
13 21921 23338 515
14 23588 25005 645
15 25255 26672 654
16 26922 28339 669
17 28589 30006 518
18 30256 31673 504
19 31923 33340 502
20 33590 35007 712
21 35257 36674 681
22 36924 38341 516
23 38591 40008 553
24 40258 41675 492
25 41925 43342 677
26 43592 45009 710
27 45259 46676 501
28 46926 48343 697
29 48593 50010 667
30 50260 51677 531
31 51927 53344 690
32 53594 55011 675
33 55261 56678 632
34 56928 58345 628
35 58595 60012 689
36 60262 61679 609
37 61929 63346 495
38 63596 65013 632
39 65263 66680 643
40 66930 68347 528
41 68597 70014 685
42 70264 71681 602
43 71931 73348 732
44 73598 75015 712
45 75265 76682 638
46 76932 78349 497
47 78599 80016 581
48 80266 81683 632
49 81933 83350 516
50 83600 85017 608
51 85267 86684 530
52 86934 88351 528
53 88601 90018 588
54 90268 91685 725
55 91935 93352 502
56 93602 95019 598
57 95269 96686 543
58 96936 98353 601
59 98603 100020 525
379 events for 0
76 54
435 65
585 0
588 53
697 54
855 79
1508 0
1940 53
2178 0
2990 79
3285 0
3411 72
4198 0
4383 72
4393 72
4854 0
5088 72
5107 54
5150 0
5208 59
5448 0
5574 59
5950 0
6033 53
6197 0
6281 72
7114 0
7301 62
7544 62
7800 0
7960 74
7985 0
8191 72
8228 0
8281 59
8628 74
8686 0
8826 62
9070 62
9152 0
9206 63
9484 0
9546 72
9638 0
9812 79
9991 53
10021 0
10056 72
10389 0
11960 54
12980 0
13138 53
13589 0
14253 65
14260 53
14398 63
14483 0
15641 79
15786 0
15823 59
15880 0
15963 54
16212 0
16419 74
17093 72
17161 0
17568 59
17932 0
18232 53
18488 0
19040 74
19141 0
19592 72
19889 0
20148 62
20335 0
20433 74
20955 0
21138 54
21703 0
22220 79
22250 0
22752 65
23000 0
23879 63
24064 0
24172 65
24225 0
24241 53
24722 0
24812 74
25344 0
25488 65
25590 0
25597 79
25674 74
25868 0
25916 63
25979 0
26170 74
26437 0
26479 72
26523 74
27361 72
27419 0
27437 53
27459 0
27592 79
27638 0
27660 63
28121 0
28608 53
28786 0
28921 59
29017 0
29088 53
29098 72
29247 0
30159 53
30269 72
30966 74
31085 62
31494 62
31524 0
31661 59
31696 0
31703 59
31709 0
31975 72
32057 0
32092 79
32149 0
32381 72
32405 0
32867 72
32913 65
33027 0
33309 54
33486 0
34228 62
34476 54
35335 74
35637 65
36283 0
36513 74
36798 0
36917 54
36947 0
37549 79
37981 0
38308 59
38357 0
38546 53
38792 54
38832 59
38910 79
39724 59
39817 0
40155 59
40178 0
40437 79
40606 0
40664 72
40974 0
41085 72
41258 62
41418 62
41555 65
41841 62
42022 63
42310 0
42427 72
42550 74
42554 0
43576 54
43841 0
43972 59
44318 0
44651 54
44713 0
44901 65
45358 0
45473 74
46103 0
46171 62
46557 74
46791 0
46954 74
47079 79
47097 0
47310 74
47899 0
48010 72
48134 0
48228 65
48756 0
48996 65
49213 0
49346 72
49649 0
49837 65
49950 74
50059 0
50448 53
50559 0
50824 72
51300 0
51389 74
51411 0
51944 63
51973 0
52089 72
52490 79
52733 0
52810 74
53187 0
53472 74
53710 74
53801 62
53825 0
53860 72
53985 0
54214 62
54356 0
54643 63
54788 0
55552 54
55750 0
56012 72
56026 0
56171 54
56174 0
56574 53
57629 0
58227 72
59766 54
59841 0
60323 59
61068 0
61230 65
61347 54
61646 63
61848 72
61850 0
62357 79
63549 74
63813 0
64046 74
64364 0
64457 62
64578 0
64598 59
64683 0
65016 72
65708 0
66047 53
66228 72
66442 0
66667 63
66776 79
66874 0
66898 62
67771 0
68406 65
68549 0
68626 63
68865 0
68875 54
68889 0
68954 53
69293 72
69310 79
69542 0
69775 72
70019 72
70076 0
70667 62
71305 0
71374 63
72479 0
72963 65
73210 0
73343 65
73488 72
73561 0
73890 62
74156 0
74361 59
74516 0
74643 65
75018 65
75082 0
75269 79
75503 0
75639 65
75675 65
75753 0
75830 63
76197 0
76360 72
76454 0
76470 63
76824 0
77139 63
77191 0
77217 59
78003 0
78401 79
78814 0
78984 54
79164 0
79463 54
80120 72
80303 53
80405 74
80614 79
81128 63
81297 0
81348 79
81401 0
81539 62
81633 72
81853 0
82955 74
83000 0
83191 62
83289 0
83511 59
83588 72
83618 54
83702 54
83896 0
83922 79
84077 0
84229 53
84393 0
84727 72
84739 0
85135 53
85510 0
85776 59
85886 0
85891 59
86734 59
87018 0
87090 72
87452 0
88282 54
88577 0
89136 79
89368 0
89440 53
89524 0
90300 54
90792 0
92375 72
92388 0
92484 72
92707 0
92726 79
93263 0
93341 72
93493 0
94016 74
94364 59
94720 0
95024 74
95161 0
95285 65
95362 72
95945 74
96205 0
96890 63
96929 0
97843 62
97871 0
97891 72
98497 59
98889 0
285 events for 1
1306 74
1530 0
2191 72
2358 72
2485 0
2687 85
2747 85
2911 0
3056 85
3185 72
3808 0
5070 74
5144 0
5162 74
6619 0
6641 74
7217 0
8068 72
8366 0
8550 74
8950 74
9232 0
9730 74
10466 0
11017 72
11064 85
11221 0
12197 85
13109 0
13637 72
13743 74
13806 0
13935 85
13979 0
14584 74
15917 0
16365 72
16605 0
16618 74
17236 0
17543 74
17654 0
17722 85
17968 0
18341 85
19509 0
20125 85
20302 0
20305 72
20846 0
20861 74
21156 0
21237 85
21788 0
21793 72
21867 72
22373 0
22388 74
22509 0
23217 74
23275 85
23406 0
23489 72
24169 0
24356 72
24749 85
24758 74
24996 72
25092 0
25172 85
25324 0
25670 72
25796 0
26026 74
26222 72
26516 0
26779 85
26931 0
27434 72
27618 0
28054 85
28163 0
28315 74
30404 0
30596 74
31456 0
31763 74
32154 0
32268 74
32687 74
33178 0
33339 72
33477 0
34353 74
35016 0
35163 85
35616 0
35834 74
36425 0
36683 72
36939 0
37060 74
37387 0
37498 72
37953 0
37975 74
38061 72
38479 85
38586 0
39094 72
39572 0
41185 85
41273 0
41619 85
41627 0
41786 74
41998 0
42010 85
42113 74
42247 85
42300 85
42592 85
43129 72
43315 0
43373 74
44071 0
44091 85
44868 0
45099 85
45206 72
45352 0
45429 74
45609 72
46128 0
46818 85
47368 0
49012 85
49048 0
49059 85
49457 72
49822 0
49836 72
50319 72
51091 0
51459 85
51544 0
51769 85
51960 0
52264 85
52506 0
52701 85
52905 0
53564 74
53704 0
53783 72
54094 0
54547 74
54975 0
55159 85
55199 0
55255 72
55738 72
55763 0
55817 72
57003 0
57608 85
57638 0
57782 85
58277 85
58411 0
58644 85
58758 85
58989 0
59290 74
59386 74
59748 72
59846 0
60560 74
60636 85
60698 0
61188 74
61225 0
61500 74
62287 0
62419 85
62722 74
62822 0
62991 85
63536 85
63542 85
63761 0
63806 74
63880 0
64038 72
64305 0
64840 85
64988 0
64990 85
65549 0
66380 74
66547 0
66684 85
66778 0
66887 72
66900 0
67071 85
68658 0
68723 72
68799 0
69298 72
69375 0
69513 85
70771 0
71249 85
71510 0
71568 85
72763 0
73117 74
73167 0
73587 85
74157 72
74299 0
74439 85
74621 72
75285 72
77238 0
77447 72
77683 72
77736 85
77747 72
77913 0
78136 74
78297 85
78730 74
79229 74
79653 0
79762 85
80975 0
81677 85
82185 0
82297 85
82482 0
83504 72
83659 74
84181 0
84516 85
85528 0
85595 74
85667 74
85780 0
85961 85
86608 85
86620 0
87114 85
87618 0
87670 74
88284 0
90175 72
90874 0
91399 85
91733 0
92296 72
92397 0
92531 74
92602 0
93303 74
93489 0
93527 72
93926 0
94009 85
94689 0
95441 74
95690 74
96061 72
96983 0
97343 74
98111 85
98456 0
98470 85
98515 0
98934 85
99032 74
99267 85
99399 85
99871 74
638 events for 2
170 75
177 0
308 76
433 0
1154 75
1169 0
1481 76
1691 0
1810 76
2282 0
2424 76
2433 0
2473 75
2478 76
2560 0
2635 75
2684 76
3169 75
3190 0
3294 76
3720 0
4068 76
4156 0
4227 75
4414 75
4437 0
4709 75
5305 75
5548 0
5592 76
5635 0
5675 76
5713 76
5835 0
5886 75
5922 0
6012 76
6413 0
6512 75
6736 0
6812 76
6876 76
6900 0
7068 76
7073 75
7288 0
7392 75
7524 75
7643 0
7774 75
7792 76
7903 75
7905 75
8162 0
8312 76
8395 0
8713 76
8838 0
9770 76
9823 0
10069 75
10125 75
10182 0
10330 76
10456 76
10577 0
10855 76
10988 76
10992 0
10994 76
11001 0
11006 75
11109 0
11138 75
11185 0
11576 76
12004 0
12022 76
12264 75
12310 0
12347 75
12387 0
12539 76
12576 0
12893 75
12981 0
13016 75
13254 75
13383 0
13467 76
13720 0
13949 76
14009 0
14107 75
14252 0
14884 76
15306 0
15318 75
15351 76
15649 0
15696 75
15702 0
15958 76
16003 0
16200 76
16239 0
16293 76
17123 0
17748 75
17776 0
18166 76
18302 0
18644 75
18733 0
18823 75
19227 0
19242 76
19294 0
19552 76
20272 75
20638 0
20806 76
20848 0
20879 76
20917 76
21092 76
21379 0
21516 75
21598 0
21625 76
21699 0
22072 75
22283 0
22303 76
22323 0
22330 76
22402 0
22508 75
22630 0
22701 76
22874 76
22922 75
22997 0
23759 75
23904 75
24270 0
24427 75
24480 0
24563 75
24933 75
24983 75
25130 0
25157 76
25172 0
25355 76
25443 76
25638 0
25758 75
25884 76
25955 0
26373 75
26512 0
26585 75
26650 75
26682 0
26686 75
26879 75
27428 0
27514 76
27608 0
27767 75
27856 75
27959 0
28040 76
28182 0
28273 76
28347 0
28531 76
28865 0
28896 76
29561 0
29708 75
29941 0
30052 75
30119 0
30324 75
30457 0
30487 75
30557 0
30669 75
30919 75
30965 0
31043 75
31319 0
31333 75
31456 76
31464 0
31509 76
31550 0
31983 76
32078 0
32124 76
32167 0
32436 75
32447 76
32869 0
33188 76
33220 75
33323 0
33417 76
33572 75
33630 0
33775 76
33802 75
33827 0
33994 75
34203 76
34312 75
34865 0
34898 76
34910 0
34932 76
34977 0
35083 76
35173 0
35363 76
35502 0
35542 76
35573 0
35634 75
35677 75
35828 76
36265 0
36271 76
36524 0
36672 76
37110 75
37197 0
37944 76
38047 0
38266 75
38435 0
38729 75
38870 0
39068 75
39075 75
39234 0
39401 75
39566 0
39597 76
39607 0
39780 76
39803 0
39845 75
39989 0
40027 75
40465 0
40878 75
41609 0
41814 76
41854 0
42080 76
42323 0
42473 76
43329 76
43429 0
43484 75
43522 76
43551 0
43577 76
43665 76
43778 0
43843 75
44046 75
44049 0
44217 76
44358 0
44398 75
44429 0
44911 76
44948 0
45134 76
45253 0
45346 76
45551 0
45887 75
45926 76
46272 0
46779 76
46813 0
46964 76
46973 0
47345 76
47604 0
47763 76
48220 0
48554 75
48743 0
48905 76
48977 75
49350 0
49400 75
49688 75
49832 0
49851 76
50257 76
50554 0
50826 75
51093 0
51109 75
51348 0
51564 75
51573 76
51632 0
51863 76
51965 0
52117 75
52364 75
52404 0
52753 76
53189 75
53296 0
53387 75
53542 76
53651 0
54172 76
54202 0
54262 75
54345 0
54513 75
54587 0
54672 75
54690 0
54754 75
54773 0
54906 75
54928 0
54946 75
54952 75
55101 0
55114 75
55203 0
55630 76
55712 75
56414 76
56785 76
56872 0
56960 75
57027 75
57213 0
57607 75
57890 0
57894 76
58401 76
58849 75
58972 0
59506 75
59540 0
59688 75
59952 0
60101 76
60166 0
60467 75
60480 0
60499 76
60748 0
60845 76
60961 76
61005 0
61169 76
61551 0
61676 76
61781 0
61985 75
62008 0
62299 75
62554 0
62555 75
62663 0
62706 75
62997 0
63095 76
63097 0
63280 76
63389 0
63565 75
63646 0
63878 75
63931 75
64009 0
64021 75
64459 0
64482 76
64625 0
64834 75
64837 0
64879 75
64899 0
64934 75
65124 76
65195 75
65523 0
65525 75
65577 0
65897 76
65960 0
66155 76
66637 0
66776 76
66949 0
66997 76
67174 0
67299 75
67572 0
67584 75
67718 0
67827 75
67970 0
67985 75
68042 0
68150 75
68168 75
68172 75
68575 0
68802 75
69060 0
69110 76
69205 0
69467 76
69722 0
69993 75
70299 0
70538 76
70609 0
70641 75
70655 75
70661 0
70706 75
70736 0
70837 75
70949 0
71109 75
71453 0
71744 76
71828 0
72146 76
72359 0
72434 76
72654 0
72671 76
72895 76
73039 0
73410 75
73553 0
73569 75
73581 0
73591 75
73614 0
73712 75
73927 0
74131 76
74264 0
74285 76
74526 0
74751 75
74971 0
75141 75
75256 0
75332 75
75611 76
75924 0
75969 76
76228 0
76635 75
76688 0
76970 76
77043 0
77122 76
77187 0
77398 75
77497 0
78051 75
78262 0
78352 76
78509 75
78926 0
79051 75
79159 75
79190 0
79246 75
79254 0
79298 75
79415 0
79678 76
79695 0
79804 76
79809 0
79928 75
79945 0
80079 75
80124 76
80143 0
80284 76
80646 0
80738 75
80920 0
80999 76
81224 75
81721 75
81866 0
81923 76
81966 0
81967 76
82374 0
82378 75
82745 76
82817 0
82853 75
82879 0
82987 75
83102 76
83139 0
83334 76
83469 0
83519 75
83534 0
83558 76
83566 75
83570 0
83728 75
83961 0
84161 76
84379 0
84540 75
84663 75
84753 76
84809 0
85016 75
85282 0
85594 76
85893 0
86005 75
86026 0
86087 75
86235 76
86725 0
87103 75
87111 0
87230 75
87272 0
87448 75
87577 0
87592 76
87706 0
87878 76
87903 76
87922 0
87950 75
88078 76
88310 0
88460 76
88572 0
88822 76
88979 0
89016 75
89163 0
89246 76
89617 0
90022 75
90836 0
90893 76
90980 75
91020 0
91122 75
91291 0
91325 75
91417 0
91929 76
91976 0
92288 76
92591 0
92654 75
92747 76
92750 75
93022 0
93032 76
93052 75
93264 75
93338 0
93565 76
93594 0
93675 75
93781 0
94391 76
94457 0
94536 75
94568 0
94676 75
94857 0
94861 75
94932 0
94988 75
95014 0
95265 75
95786 0
95846 75
95862 75
96119 76
96156 0
96353 76
96390 75
96409 75
96556 0
96617 76
96691 0
96742 76
96785 0
96877 75
96895 0
96952 75
97100 0
97462 75
97774 0
97787 75
97846 0
97899 75
98352 0
98657 76
98659 0
98733 76
98793 0
98817 75
99220 76
99241 0
99336 75
99594 76
99669 75
99923 0
780 events for 3
79 52
311 0
361 52
529 0
669 31
720 0
1038 30
1041 30
1049 37
1289 15
1293 0
1342 35
1377 0
1443 52
1502 0
1784 15
1943 0
2059 31
2135 0
2275 52
2683 0
2746 31
2794 0
3370 52
3485 0
3654 52
3743 0
3827 37
3844 0
3871 52
3955 0
4626 49
4714 49
4910 0
4984 51
5004 0
5141 51
5215 52
5437 52
5796 0
5810 51
5897 0
6015 49
6067 0
6227 37
6271 0
6341 31
6436 0
6806 52
6920 51
6931 0
7137 35
7257 0
7354 35
7400 35
7429 0
7534 15
7845 0
7988 35
8878 0
8883 35
9109 0
9232 35
9836 0
9839 30
9849 0
9957 15
9997 30
10092 49
10510 0
10970 35
11037 0
11064 51
11250 0
11319 31
11334 31
11476 0
11572 52
11674 31
11713 35
11797 49
12312 0
12508 52
12583 0
12624 52
12716 0
12936 30
13111 0
13299 51
13349 0
13370 52
13803 0
13832 35
13900 0
14096 15
14158 52
14549 0
14568 52
14671 31
14808 0
14896 30
14988 0
14996 51
15005 35
15071 0
15245 51
15256 0
15603 35
15604 0
15616 15
15719 37
15811 0
15974 15
16035 0
16238 52
16390 51
16451 31
16573 0
16587 49
16682 49
16879 0
16928 37
17183 0
17294 31
17317 0
17429 15
17570 0
17641 31
18249 0
18251 15
18287 0
18357 15
18370 49
18395 0
18459 35
18798 0
18910 51
18917 0
18990 49
19045 0
19216 51
19381 0
19577 37
19631 0
19695 30
19704 0
19728 31
19732 35
19768 0
19905 49
20214 0
20268 37
20660 0
20715 30
20755 0
20793 52
20885 0
21083 37
21316 0
21358 35
21431 0
21568 51
21585 0
21617 15
21712 0
21830 49
21903 0
21910 15
22053 0
22152 37
22271 0
22290 15
22327 31
22457 0
22492 31
22554 52
22754 30
23338 0
23445 51
23449 0
23773 49
23870 0
24011 15
24197 49
24478 49
24503 52
24535 49
24724 0
24834 52
24924 15
25122 0
25168 49
25249 0
25647 37
25676 0
25750 31
25887 0
25982 31
25990 0
26011 31
26075 35
26353 0
26520 30
26552 0
26651 30
26652 0
26749 37
26843 30
26919 0
27062 30
27277 31
27288 15
27347 30
27707 0
27724 52
27736 0
28000 52
28033 35
28097 0
28141 49
28152 15
28349 0
28494 49
28588 0
28776 31
28789 0
28989 52
28992 0
29250 37
29367 35
29473 0
30029 51
30087 0
30415 49
30507 0
31125 15
31519 0
31774 30
31944 31
32100 0
32239 35
32355 49
32650 0
32712 51
32858 15
33025 37
33100 15
33109 0
33261 52
33277 52
33342 37
33392 0
33513 35
33600 0
33643 49
33750 0
34019 37
34091 30
34093 35
34321 0
34366 37
34541 0
34562 52
34596 15
34657 0
34688 49
35750 0
35923 51
35971 0
36135 31
36347 0
36356 15
36358 0
36361 52
36390 0
36776 35
36980 0
37092 52
37258 0
37530 35
37573 0
37587 35
37889 0
38448 30
38456 0
38576 31
38616 52
38824 0
38866 35
38900 0
39209 37
39465 52
39770 52
39798 0
40063 31
40188 0
40243 30
40468 0
40482 31
40529 0
40647 49
40773 0
40786 30
40828 0
40841 37
40860 0
41004 37
41264 0
41492 51
41494 49
41755 0
42144 35
42189 0
42384 49
42509 35
42923 0
42938 51
42962 0
43053 35
43210 35
43314 52
43343 0
43637 30
43798 35
43799 35
43891 15
43916 0
43956 15
44046 51
44379 0
44413 49
44747 0
44759 49
44791 37
44823 0
44889 51
44941 0
44977 35
45019 0
45203 51
45215 0
45228 51
45559 52
45837 0
45878 15
46034 35
46075 0
46168 31
46266 0
46585 37
46598 15
46791 37
46964 0
47344 51
47605 30
47671 0
47783 15
47831 35
47839 0
48021 31
48085 0
48305 52
48412 0
48628 30
48670 0
48692 35
48816 52
48911 0
48928 15
48932 0
48965 15
49144 0
49183 37
49504 49
49704 35
49733 0
49786 31
49820 0
49826 15
50217 0
50258 35
50395 0
50414 52
50536 0
50638 49
50808 37
50879 0
50955 31
51104 0
51151 37
51220 0
51406 15
51410 0
51715 30
51758 0
51823 37
51923 0
52058 30
52225 0
52354 51
52521 0
52611 31
52877 52
52879 31
53031 0
53082 51
53343 0
53424 30
53672 35
53753 0
53835 37
53861 0
54425 49
54431 31
54464 0
54475 31
54812 15
54920 0
54975 30
54989 52
54991 0
55094 37
55248 51
55320 49
55398 0
55566 31
55604 0
56327 37
56370 0
56399 49
56574 0
56695 37
56745 0
56787 37
56829 0
57047 30
57409 52
57776 0
57814 15
58007 0
58155 51
58337 0
58582 51
58792 0
59009 52
59119 30
59314 52
59318 0
59335 30
59555 0
59573 31
59770 51
59807 0
59833 49
59876 0
60064 49
60335 51
60573 52
60758 31
60946 51
60998 0
61160 35
61496 0
61588 15
61612 0
61985 52
61996 0
62167 31
62212 15
62385 52
62421 37
62505 37
62560 0
62659 52
62712 0
62733 51
62908 0
62985 15
63514 0
63549 31
63730 0
63823 37
64018 0
64106 15
64267 0
64296 15
64341 0
64614 30
64894 0
65004 37
65061 15
65329 0
65472 15
65481 0
65525 51
65577 0
65607 15
65689 0
65743 52
65986 31
66068 0
66186 31
66505 0
66755 52
66816 0
66817 49
66967 0
67009 52
67059 0
67062 30
67158 0
67327 15
67346 30
67404 37
67449 49
67457 37
67513 0
67539 35
67557 31
67734 31
68170 0
68278 51
68905 0
69085 31
69089 0
69106 35
69281 0
69480 35
69550 0
69593 31
69646 52
69997 35
70035 0
70158 37
70193 49
70248 52
70285 0
70605 35
70727 0
70984 31
70985 0
71278 35
71416 0
72012 37
72094 0
72116 51
72196 0
72400 37
72445 0
72461 52
72816 0
73033 49
73062 0
73118 15
73535 30
73545 0
73585 49
73758 51
74699 0
74768 52
74800 0
74829 35
74869 0
75205 51
75400 0
75468 30
75680 0
75685 37
76039 0
76272 30
76299 0
76388 49
76542 52
76716 30
76730 30
76768 52
76853 0
77117 35
77170 31
77237 0
77323 15
77399 0
77760 51
78022 37
78056 0
78118 51
78120 0
78374 35
78375 0
78643 52
78672 0
78699 51
78793 0
78967 49
79005 49
79027 0
79160 35
79213 15
79281 52
79350 0
79576 31
79679 0
79706 35
79710 35
80017 0
80400 31
80449 0
80547 35
80565 0
80566 30
80747 15
80800 0
81082 30
81281 0
81294 15
81495 0
81559 51
81624 52
81673 52
81734 0
82055 37
82183 0
82247 30
82441 0
82498 49
82569 35
82611 15
82731 0
82765 37
82822 0
82837 49
83028 0
83170 30
83193 0
83290 37
83330 0
83382 15
83441 0
83453 37
83506 51
83599 52
83794 0
84051 49
84263 0
84265 37
84487 0
84842 52
85010 31
85051 0
85057 51
85474 0
85483 51
85601 0
85740 37
85892 0
86091 37
86193 37
86268 0
86296 52
86311 35
86442 0
86467 35
86471 0
86582 51
86793 0
86815 51
86911 52
86915 0
86946 52
87068 0
87208 51
87247 0
88322 30
88612 0
88679 15
88792 0
88907 51
88975 15
89138 0
89406 15
89408 0
89411 49
89438 0
89505 37
89585 0
89755 52
89766 15
89910 0
89980 31
90484 0
90528 37
90636 0
90728 52
90782 52
91054 0
91070 49
91112 0
91179 49
91276 0
91319 30
91401 0
91910 30
91916 30
91935 0
91981 35
92021 31
92185 0
92202 51
92304 0
92310 51
92368 0
92402 51
92408 15
92427 0
92515 37
92629 0
92769 31
92787 0
92910 52
93141 0
93142 35
93146 0
93860 15
94216 0
94535 51
95085 0
95135 31
95308 0
95341 35
95464 35
95489 49
95498 0
95621 35
95660 37
95663 0
95754 31
95778 0
95821 37
95833 35
95844 0
95855 31
95984 0
96037 49
96061 0
96070 51
96085 0
96196 49
96340 0
96387 51
96639 0
96743 49
96758 0
96768 30
96906 35
96952 0
97047 15
97177 0
97317 30
97757 15
97791 0
97816 52
98003 0
98063 35
98108 0
98251 31
98483 0
98590 52
98629 30
98644 0
98947 49
98961 0
99091 30
99131 31
99162 0
99374 35
99491 35
99683 0
99784 35
99855 51
99964 30
282 events for 4
148 16
168 0
516 65
1875 0
1883 35
2401 0
2547 65
2774 0
3098 35
3563 0
3994 65
4632 67
5780 0
5901 67
6079 0
6083 56
6568 0
6600 35
7653 67
8129 56
8820 56
9213 0
9298 35
9301 56
9533 0
9815 56
9986 0
10611 65
10834 56
10872 0
11171 67
11228 0
11355 65
11711 0
12336 35
12631 0
13042 67
13826 0
14206 56
14419 0
14489 56
14675 65
14827 0
15466 67
15605 0
17088 67
17103 0
17125 67
17636 0
18043 56
18281 0
18592 65
18691 0
18904 65
19158 0
19235 56
19679 0
19783 56
19943 0
20473 65
20531 0
20820 16
21120 0
21202 56
21556 0
21623 65
21774 35
21920 0
22353 56
22497 0
23252 35
23559 0
24316 35
24654 0
24691 67
24717 56
25000 0
25185 35
25315 0
25429 35
25517 0
26422 65
26608 0
26663 65
26704 0
27812 67
28535 0
28622 65
28713 35
28785 67
28926 35
29149 0
29538 65
29819 0
30230 35
30265 0
30302 67
30560 67
30965 0
31368 35
31558 0
31615 35
32040 0
32073 16
32594 56
33780 0
33833 56
33987 0
34014 16
34100 0
34991 65
35063 0
36500 16
36662 0
36920 16
37307 65
37987 0
38440 16
38489 0
38764 56
38845 0
39878 35
39885 16
40127 67
40640 0
40676 35
41108 0
41211 56
41526 0
41727 56
42000 56
42195 0
42280 56
42338 0
43001 16
43641 0
44148 67
44523 0
44549 56
44884 65
45743 0
45912 16
46388 0
46540 16
46844 0
47344 56
49162 0
49398 56
49622 0
49623 16
49630 0
49859 56
50115 67
50486 0
50652 56
51570 0
51776 56
51964 16
52286 16
52406 0
52425 67
53101 16
53446 0
54321 56
54778 67
55331 0
55501 67
55542 0
55790 67
55891 0
56036 35
56076 65
58069 0
58124 67
58150 0
58290 16
59065 67
59308 0
59691 16
60304 0
60472 67
60964 0
61602 16
62420 0
62510 16
63407 0
63724 56
64004 0
64227 65
64695 35
65325 0
65451 65
66360 16
66502 0
66615 67
66623 0
67820 65
68113 0
68980 35
69464 56
69468 0
69917 16
70000 0
70547 65
70878 35
71075 0
71166 65
71240 0
71477 65
72486 0
72615 65
72673 0
73070 67
73179 0
73253 35
73518 65
74129 0
74835 16
74866 0
75434 67
75710 0
75942 65
76229 0
77699 16
78464 0
78635 35
79170 0
79289 56
79426 0
79642 16
80832 0
80977 16
81168 0
81335 35
81523 0
81873 16
83592 67
83602 0
83603 65
83669 0
84789 65
85574 0
85588 65
86865 0
87044 65
88181 0
88300 35
88605 65
88731 0
88960 56
89097 65
89550 0
90187 67
90540 0
90973 56
91184 67
91434 0
91456 56
91816 0
91985 65
92248 0
92346 35
92412 0
92508 16
92705 56
92993 35
93486 0
93590 56
94065 0
94170 65
94577 0
95045 65
95093 56
95770 0
96348 67
97122 0
97171 65
97281 0
97646 16
98556 67
98739 56
98748 0
606 events for 5
109 18
253 18
654 0
1246 36
1255 0
1572 36
1764 36
1779 0
2068 36
2156 0
2176 36
2453 18
3013 18
3308 0
3443 18
3555 0
4177 36
4184 0
4211 18
4467 36
4479 0
4895 18
4952 0
5047 36
5057 0
5746 18
5796 0
5879 36
6134 36
6335 0
6865 18
7143 18
7701 36
7768 18
7782 36
7797 0
7863 36
8151 36
8202 18
8497 36
9053 0
9118 36
9376 36
9647 0
9779 36
9862 0
9878 36
9936 0
10178 18
10507 36
10551 0
10693 36
10917 0
10992 18
11174 18
11231 0
11712 18
11725 18
11836 36
11857 36
11872 0
11913 36
12027 18
12044 0
12085 36
12243 18
12417 36
12424 0
12663 18
12973 0
13237 18
13329 0
13405 18
13814 18
14038 18
14119 0
14138 18
14303 18
14665 0
14687 18
14731 0
14863 36
15018 0
16198 36
16334 36
16368 0
16414 18
16553 0
16875 18
17260 0
17310 18
17350 0
17451 36
17650 0
17668 36
17836 0
17853 36
17939 0
17995 36
18164 0
18220 36
18373 0
18809 18
18819 36
18868 36
18869 36
19177 0
19217 36
19239 0
19387 36
19527 0
19975 36
20361 0
20387 36
20418 36
20822 0
21000 36
21269 0
21385 18
21580 0
21664 36
21730 18
21753 0
21913 36
21967 0
22031 18
22064 0
22068 18
22308 36
22362 36
22380 0
22506 36
22852 36
22992 0
23627 36
23769 18
23856 0
23999 36
24368 36
24561 0
24628 36
24660 18
24857 18
24881 18
24978 0
25413 36
25437 0
25494 36
25549 18
25590 18
25842 0
25854 36
26106 36
26156 0
26364 18
26486 0
26627 18
26813 0
26885 36
26959 0
27187 36
27258 36
27296 0
27376 36
27429 0
27549 36
27645 0
27650 36
27819 0
28172 36
28194 0
28337 36
28386 36
28530 0
28663 36
28732 0
28742 18
28791 0
28850 36
29019 0
29065 36
29183 0
29293 36
29325 0
29440 36
29496 36
29497 18
29864 18
29961 0
30013 36
30142 0
30354 36
30535 0
30862 36
30899 0
30928 18
30941 0
31168 36
31197 0
31258 18
31619 0
31779 18
32097 0
32368 18
32486 18
32746 18
32794 0
32894 36
32968 0
33073 36
33161 0
34074 36
34113 36
34738 0
35093 18
35407 0
36351 36
36707 0
37215 18
37317 0
37477 18
37527 18
37612 0
38010 36
38031 36
38142 0
38266 36
38289 0
38612 36
38675 0
38778 18
39091 0
39496 36
39608 18
40164 0
40204 18
40273 0
40442 36
40522 0
41070 18
41384 0
41604 36
41939 18
41971 0
42179 36
42645 18
42718 0
42819 36
43076 18
43132 36
43310 0
43366 36
43393 0
43611 36
43673 36
43712 0
43761 18
43925 36
44252 0
44559 36
44644 0
44771 18
44972 0
45157 18
45351 18
45454 18
45687 0
46286 36
46351 0
46514 36
46521 0
47016 36
47021 0
47195 18
47210 0
47226 36
47231 0
47262 36
47455 0
47499 18
47683 0
47733 36
47743 0
47822 36
47949 0
47980 36
48209 0
48805 18
48818 0
49218 18
49427 0
49484 36
49976 0
50075 36
50077 0
50203 18
50708 0
50762 36
51166 0
51192 18
51662 0
51695 18
51835 0
51952 18
52184 0
52214 18
52270 0
52376 18
52399 0
52453 18
52561 0
52811 18
53012 36
53118 36
53413 36
53817 36
54330 0
54458 18
54464 0
54622 36
54753 36
55436 18
55538 36
55675 0
55805 18
55839 0
55854 18
56054 0
56097 18
56286 36
56335 0
56430 18
56673 0
56716 36
56848 0
56868 36
57072 36
57243 18
57428 36
57534 0
57585 36
57956 18
58074 18
58076 0
58179 36
58341 0
58357 18
58395 36
58827 36
58860 18
58902 0
58943 36
59100 0
59454 18
59497 18
59507 0
59521 18
60025 0
60281 18
60282 0
60414 18
60618 0
60628 18
60666 0
60715 36
60751 18
61095 0
61263 18
61384 36
61692 0
61700 18
61832 0
61843 18
61872 0
62284 18
62771 0
63242 36
63343 0
63356 18
63369 0
63638 36
63679 0
63699 36
63750 0
63878 36
63977 0
64090 18
64318 0
64595 36
64970 0
65096 36
65248 18
65360 18
65564 18
65566 0
65691 18
65800 36
65859 18
66077 0
66533 18
66544 0
66589 36
67069 0
67128 18
67183 0
67186 18
67247 0
67371 36
67620 0
67671 18
67862 0
68137 36
68163 0
68213 18
68257 18
68535 0
68633 18
68884 0
68915 36
68987 18
69003 18
69118 0
69125 18
69285 18
69470 0
69695 36
69797 18
70140 36
70365 0
70602 18
70690 0
70759 36
71041 0
71372 18
71437 0
71549 18
71592 0
71982 18
72160 0
72213 18
72293 18
72329 0
72577 18
72585 0
72702 18
72730 0
73343 18
73396 0
73468 18
73590 36
73765 0
73808 18
74210 36
74279 18
74403 0
74557 36
74605 0
75164 18
75309 0
75565 36
76214 18
76329 18
76340 0
76485 18
76595 0
76722 36
77143 36
77264 0
77275 36
77502 0
77557 36
77728 0
77774 18
77786 36
77989 0
78154 18
78467 36
78806 18
79063 0
79115 18
79333 36
79624 0
79801 18
79923 0
80071 36
80254 0
80293 18
80418 0
80557 18
80657 0
80923 18
81333 0
81387 18
81499 36
81658 0
81841 18
81879 18
81949 18
82320 0
82349 36
82417 0
82590 18
83246 0
83258 36
83318 0
83365 36
83610 18
83892 18
84024 0
84462 18
84704 36
84787 0
85390 36
85887 36
85922 0
85941 18
85975 0
86043 18
86247 0
86991 36
87186 18
87514 0
87603 36
87642 0
87861 36
87981 0
88314 18
88536 18
88545 0
88709 36
88714 18
88729 0
88866 36
88890 36
88941 0
89059 36
89169 0
89221 36
89379 0
89421 18
89563 0
89582 18
89840 18
89962 0
90075 36
90354 18
90402 0
90471 36
90617 0
90817 36
90827 0
91076 18
91389 0
91424 36
91973 0
92000 18
92508 0
92607 36
92755 18
92991 0
93053 18
93094 0
93168 18
93313 0
93557 36
93666 0
93756 36
93848 0
93895 18
94010 0
94077 36
94213 0
94245 18
94332 0
94361 18
94394 18
94534 18
94764 0
94941 18
95290 0
95407 18
95716 0
95810 36
96226 0
96419 36
96439 36
96895 0
96900 36
96945 0
97014 36
97276 36
97559 0
98038 18
98102 0
98402 36
98570 0
98620 36
98658 0
98696 36
98769 0
98856 36
98920 0
99298 36
99429 36
99497 0
99931 18
291 events for 6
60 59
105 0
888 40
1091 0
1676 40
2202 0
2226 40
2347 0
2406 59
2603 0
2695 59
3028 59
4257 0
4574 59
4805 64
5604 0
5987 59
6001 40
6145 0
6482 59
6651 56
7489 0
7676 64
7947 0
8139 66
8327 0
9081 59
9185 0
9296 66
9851 0
10200 59
11021 0
11634 59
11686 0
11945 40
12064 56
12345 0
12565 40
12586 0
12723 66
12830 0
14389 64
14772 0
14823 64
15575 0
15730 40
17061 0
17798 64
17946 0
18066 56
18176 0
18230 59
18544 40
19578 0
19597 56
20943 0
21256 40
21338 0
21747 40
21806 0
22032 66
22383 0
22468 40
23200 0
23459 66
24179 0
24403 59
25136 0
25156 40
25396 0
25828 40
25849 59
26164 0
26305 40
26398 0
26514 59
26951 66
27229 0
27366 59
27907 0
27989 40
28042 0
28401 40
28781 56
29247 0
29425 66
29553 59
30369 0
30373 59
30484 0
30969 40
31165 0
31345 40
31719 0
32082 66
32181 0
32327 64
33356 0
33485 59
33509 0
33995 40
34091 0
34818 66
34949 0
35103 40
35658 0
36176 66
36228 40
37382 0
37457 64
37646 0
37721 40
37778 0
38619 40
40208 64
40283 0
40297 66
41038 40
42734 56
42771 0
42867 40
42914 0
42920 40
43690 0
43876 40
44400 0
44691 40
45163 0
45281 56
45763 0
46532 56
46702 59
47039 0
47547 56
48044 0
48074 40
48181 0
48344 56
48384 0
49926 56
50922 0
51115 64
51633 0
51956 40
52049 56
52196 0
52518 40
52535 0
53055 64
53307 0
53526 66
53692 0
53718 56
53747 0
53749 40
57186 0
57250 59
57370 0
57450 56
57817 0
57885 64
58447 66
59321 0
60044 64
60084 0
60416 64
60807 0
60971 59
61157 64
61708 0
61970 40
62535 59
62599 0
63792 40
64638 0
64684 59
65150 0
65371 40
65737 40
65939 0
66173 40
66255 56
66311 59
66572 0
66666 64
66674 0
66914 66
66918 0
67102 56
67673 0
68174 64
68245 0
68564 59
68971 66
69070 0
69480 66
69527 0
69866 66
69904 0
70092 66
70155 40
70222 40
70821 0
70844 64
71416 0
71704 56
72082 0
72284 40
72566 0
72570 59
72582 0
72827 59
72852 0
72866 40
73025 0
73281 59
74134 0
74373 64
74729 66
75323 0
75953 40
76155 66
76348 0
76421 40
76909 0
77059 64
78167 40
78700 0
79092 64
79236 0
79277 40
79553 0
79671 40
80278 59
81055 0
81300 59
81490 0
81597 66
81747 0
82033 59
83169 40
84091 64
84282 0
84365 59
84654 0
85746 64
86105 0
86958 66
87122 0
87211 56
87594 66
87647 0
88074 40
88368 0
88428 56
88949 40
89028 0
89856 64
89890 0
89894 59
90116 40
91066 0
91189 64
91865 0
91943 64
92621 0
93218 59
93299 0
93564 40
93783 40
94652 0
95128 59
95607 0
95690 40
95753 0
96176 56
96388 64
96913 0
96999 40
97083 0
97566 66
98030 0
98203 40
98320 0
98556 40
99074 66
99288 0
99312 64
99318 0
99395 66
99868 0
319 events for 7
75 62
747 0
1140 62
1723 0
2002 61
2013 0
2112 62
2445 0
2483 70
2914 62
3559 62
3660 0
3695 62
3952 65
3992 61
4577 0
4805 62
5144 0
5334 62
5549 62
6354 0
6695 61
7467 0
7519 62
7771 65
8159 0
8424 70
8453 61
9355 0
9436 62
10311 0
10344 65
10924 62
11405 0
11754 62
12025 0
12282 70
12458 0
12497 62
13125 62
13475 0
13947 62
13972 0
14334 65
14486 0
14560 62
14819 0
15222 62
15231 0
15490 62
16318 0
16402 62
16765 0
16931 65
17111 0
17474 70
17725 0
17769 61
17937 65
18305 0
18467 62
18764 0
18891 62
19011 0
19384 70
19531 0
19595 62
19746 0
20227 62
20259 0
20269 62
20783 0
20888 62
21041 0
21414 62
21993 0
22420 65
22821 0
23371 62
23758 0
23831 70
24591 0
24622 65
24710 0
25199 70
25887 0
26939 61
27009 61
27281 65
27410 0
27439 65
27573 0
27613 62
27618 0
28224 65
28946 61
28948 0
29220 62
29630 0
29661 61
30041 61
30216 62
30682 62
30910 62
31149 0
31461 65
31501 0
32151 62
32571 0
32729 61
32870 0
32984 62
33163 0
33306 61
33446 61
33512 0
33852 62
35667 61
35944 0
36168 70
37209 0
37505 61
37668 0
37995 62
38613 70
38937 0
39189 70
39254 62
39403 61
39598 65
39771 62
39774 0
39988 65
40124 61
40252 0
40538 62
40905 0
40921 62
41099 0
41367 70
41480 0
41674 61
41714 0
41897 65
42267 0
42897 62
43665 0
43685 62
43720 0
43918 62
43961 0
44463 70
45406 0
45497 62
46055 62
47015 65
47675 0
47792 62
47997 0
48098 65
48560 0
49010 61
49370 0
49564 65
49718 70
49810 62
49877 0
50355 70
50620 0
50723 62
51076 0
51318 62
51399 0
51553 70
52051 0
52237 70
52408 0
52505 62
52676 61
52715 0
53002 62
53271 65
53336 70
53726 0
53839 65
54118 0
54137 62
54159 62
54252 0
54529 70
55045 0
55051 70
55251 0
55527 62
55832 0
56280 61
57438 0
57606 62
58036 62
58208 0
58258 62
58548 0
58756 61
59633 0
60237 61
60285 65
60369 0
61480 62
61524 0
61672 62
61865 0
62068 62
62203 0
63051 70
63133 0
63183 61
63793 62
64191 0
64740 62
64973 65
65030 0
65290 61
65317 0
66730 70
67903 0
69011 62
69047 62
69391 0
69440 70
69522 0
69572 62
69926 65
70210 62
70264 0
70580 65
70798 0
71747 65
71827 0
73379 70
73431 0
73558 62
74261 70
75663 0
76242 70
76457 0
76539 62
76720 0
76751 70
76931 70
77580 0
77683 65
77900 62
77931 0
78210 70
78512 0
79512 62
79988 0
80029 62
80055 62
81207 0
81394 62
81578 0
81619 62
82115 62
83319 0
83424 62
83507 0
83637 62
84054 0
84235 65
84617 0
84796 62
85628 0
86189 62
86510 0
87035 62
87799 0
87931 65
89588 0
90213 65
90406 0
90463 70
90857 0
91381 62
91399 62
91644 62
91715 62
91783 70
91850 61
91917 0
92062 62
92133 62
92363 0
92586 62
92725 0
92985 62
93157 0
93601 70
93611 0
93662 61
94024 0
94122 61
94553 0
95030 62
96366 62
96868 62
97421 65
97629 61
97754 62
97806 61
97854 0
98072 62
98755 0
98801 65
98866 62
99212 0
99277 62
99672 0
99937 61
781 events for 8
109 45
151 42
207 0
258 42
285 0
305 42
384 40
460 0
574 43
610 0
768 21
915 43
932 0
991 45
1013 0
1151 26
1451 0
1657 42
1771 45
1776 0
1803 42
1891 0
2240 40
2433 0
2523 51
2596 42
2691 26
2743 0
2783 21
3101 0
3136 51
3163 0
3582 42
3787 0
3933 51
3964 0
3968 51
3999 0
4422 43
4506 26
4655 0
4782 43
4884 0
4974 43
5070 0
5167 26
5377 0
5421 43
5432 0
5446 45
5561 0
5965 45
6050 0
6125 21
6363 0
6377 26
6500 0
6759 40
7294 0
7523 26
7647 0
7849 21
8011 40
8085 45
8138 0
8214 21
8302 0
8338 43
8356 40
8548 43
8555 0
8581 42
8633 0
8750 43
8759 0
8803 26
9151 0
9503 45
9638 0
9868 21
9936 21
10153 0
10369 43
10611 0
10999 26
11186 40
11281 0
11386 40
11432 0
11815 26
11869 0
11901 40
11963 0
12194 45
12343 0
12474 45
12551 40
12611 0
12666 21
12710 26
12739 0
12771 42
12960 0
12964 43
13210 0
13211 42
13327 26
13467 0
13470 21
13635 0
14036 45
14187 0
14189 26
14246 0
14411 51
14611 26
14806 0
14859 43
14927 0
14935 21
14985 0
14995 26
15106 51
15190 45
15428 0
15559 45
15673 0
15910 26
16023 0
16304 21
16321 0
16451 26
16497 42
16963 0
17208 26
17259 0
17301 21
17406 0
17546 40
17724 0
17743 51
17880 51
17998 0
18023 43
18029 0
18234 51
18497 0
18552 43
18738 42
18871 0
18910 26
19053 42
19382 21
19844 0
19945 45
20125 0
20294 21
20335 0
20371 26
20651 0
20769 45
20801 0
21055 42
21125 42
21154 0
21315 51
21462 0
21471 42
21623 26
21669 0
21792 21
21987 0
22022 26
22128 43
22240 0
22312 21
22611 21
22616 51
22683 0
22824 40
22862 0
22888 43
22998 45
23001 26
23302 42
23380 0
23389 26
23576 43
23612 0
23950 51
24044 0
24149 26
24176 40
24195 0
24205 21
24660 0
24867 40
24952 40
25055 0
25197 45
25403 0
25591 51
25618 0
25679 51
25782 51
25840 0
25882 45
25950 0
26113 21
26523 0
26578 51
26596 0
26606 45
26764 21
27168 0
27369 26
27402 21
27535 0
27599 45
27791 0
27904 42
28340 0
28358 26
28398 51
28648 0
28727 43
28743 0
28762 21
28786 0
28840 51
29102 0
29122 43
29328 0
29414 21
29504 0
29511 45
29542 0
29600 42
29856 0
29902 43
29919 26
29968 0
30231 51
30520 0
30562 21
30810 0
31041 51
31065 0
31166 21
31481 0
31501 40
32109 0
32422 21
32423 0
32453 45
32763 42
32883 40
33091 0
33119 43
33148 0
33320 45
33432 40
33442 0
33516 51
33741 0
34139 26
34425 0
34496 42
34635 0
34839 51
35034 26
35071 0
35323 51
35352 0
35360 21
35888 0
35981 40
36281 43
36301 26
36312 0
36318 43
36439 40
36453 0
36580 40
36605 45
36818 0
36823 26
37319 0
37458 45
37758 45
37828 45
37833 0
37887 45
37896 0
38008 51
38201 0
38411 45
38479 51
38527 43
38653 0
38903 21
38946 0
39061 21
39297 0
39606 21
39817 0
39886 42
40112 0
40139 45
40349 0
40414 26
40447 0
40507 43
40601 0
40714 43
40721 0
40725 26
40836 0
40878 26
41001 0
41151 51
41227 0
41422 21
41605 0
41952 26
42162 51
42289 0
42580 26
42591 0
42808 51
42915 0
42981 51
43171 0
43393 40
43670 0
43686 43
43855 0
43877 26
44012 45
44034 0
44114 21
44216 26
44602 0
44608 43
44673 0
44763 21
44794 43
44868 0
44958 51
45024 43
45417 0
45565 43
45600 0
45777 45
45845 51
45923 40
45998 42
46081 0
46108 26
46333 0
46405 42
46501 0
46538 51
46988 0
47017 21
47327 42
47367 51
47633 51
47667 42
48112 0
48179 42
48196 0
48211 51
48216 0
48266 21
48278 0
48280 21
48499 0
48545 45
48634 0
48916 21
49101 0
49261 45
49396 0
49452 21
49647 0
49694 21
50158 0
50163 21
50413 0
50502 51
50611 0
50685 45
50700 0
50849 43
50873 0
50883 42
50962 0
51410 42
51526 0
51544 45
51653 40
51743 26
51807 0
51858 43
51924 0
51937 40
52086 0
52113 42
52130 0
52167 21
52209 0
52212 40
52240 0
52289 40
52330 0
52840 21
53025 0
53159 26
53269 0
53319 26
53439 0
53444 45
53504 40
53671 0
53691 40
53891 0
53938 45
54257 0
54283 51
54510 45
54752 45
54808 0
54830 21
55087 0
55247 21
55315 0
55477 40
55496 0
55583 45
55631 0
55743 21
56003 43
56045 0
56095 40
56213 43
56378 21
56796 40
56801 0
56878 42
56910 40
57020 0
57234 42
57345 0
57489 43
57683 0
58157 26
58217 0
58276 21
58509 42
58725 51
58886 45
59100 0
59338 45
59397 0
59458 43
59741 0
60245 26
60378 0
60687 40
60723 0
60917 26
61047 0
61112 26
61191 26
61275 45
61393 43
61505 0
61724 45
61765 0
61778 40
61783 43
62137 0
62301 40
62366 43
62479 26
62744 0
63084 21
63220 43
63224 43
63237 43
63276 0
63682 40
63697 0
63802 51
63846 0
63858 21
64076 0
64110 21
64424 0
64596 40
64735 0
65276 21
65341 0
65488 40
65500 0
65629 42
65671 0
65712 51
65845 26
66185 0
66314 40
66490 0
66550 45
66709 0
66818 45
67084 43
67143 0
67152 21
67285 0
67513 45
67542 40
67692 0
67725 26
67753 0
67964 40
68045 0
68215 51
68622 0
68705 51
68750 26
68783 0
69154 21
69336 0
69488 45
69976 40
70026 0
70188 43
70388 40
70451 0
70488 21
70521 43
70525 0
70648 26
70683 0
70776 43
70798 0
70804 51
70942 0
71087 42
71131 43
71189 0
71295 42
71452 0
71752 43
71778 0
71834 42
71894 45
71905 0
71952 43
71998 0
72040 51
72068 0
72083 26
72093 0
72228 42
72295 0
72657 21
72803 0
73059 51
73174 0
73176 26
73399 0
73615 43
73882 0
73944 26
74479 0
74715 43
74926 0
75017 45
75048 0
75119 43
75138 43
75446 0
75459 51
75644 26
75688 43
75789 40
75844 0
75885 21
75945 0
75970 26
76317 45
76503 0
76504 26
76566 0
76656 42
76749 0
76845 45
77257 0
77310 26
77524 0
77695 43
77912 0
78015 43
78170 45
78173 0
78246 26
78257 0
78492 45
78576 0
78592 40
78611 40
78649 0
78700 51
78834 0
78842 42
79086 26
79298 0
79426 40
79435 42
79453 43
79627 0
79690 51
79707 0
79844 42
80012 0
80221 51
80721 0
80855 43
80948 0
81346 42
81499 0
81536 26
81698 0
81746 21
81906 43
82151 0
82226 40
82231 0
82344 21
82412 0
82717 43
83041 0
83098 51
83273 0
83372 21
83749 0
83765 21
84011 0
84096 43
84169 0
84429 21
84642 42
84702 51
84712 0
84948 42
85073 0
85099 45
85292 0
85295 40
85299 0
85441 43
85629 0
85633 21
85664 42
85790 0
85872 21
86105 0
86125 26
86473 0
86481 26
86529 0
86583 42
86624 0
86688 26
86707 0
86808 40
87377 0
87503 21
87650 40
87826 42
87960 0
88057 51
88101 0
88284 42
88389 0
88466 42
88642 0
88841 42
89062 0
89161 21
89217 0
89231 21
89449 0
89465 43
89661 43
89774 0
89877 51
89993 0
90073 51
90191 0
90255 43
90256 0
90315 45
90430 0
90718 42
90750 0
91306 43
91317 0
91323 42
91636 0
91726 43
91849 0
91960 42
92053 0
92301 45
92358 0
92401 43
92492 0
92516 45
92629 40
92648 42
92712 0
92838 51
93037 0
93044 26
93288 51
93356 0
93739 45
93806 0
93871 51
93941 0
94003 26
94032 0
94166 40
94376 0
94389 40
94502 0
94540 43
94724 0
94979 21
95511 42
95738 0
95851 51
95865 0
96096 51
96188 0
96304 45
96436 40
96479 0
96530 40
96599 43
96618 0
96638 51
96654 0
96761 45
96966 0
97003 26
97457 40
97488 51
97528 43
97606 0
97701 40
97949 43
98086 0
98260 43
98320 42
98327 0
98537 21
98633 0
98678 51
98698 0
98796 42
98880 45
98920 45
99171 0
99731 42
99898 26
99945 0
99946 43
897 events for 9
91 37
228 0
231 37
260 37
284 0
470 40
682 41
728 0
895 37
1061 0
1468 38
1507 0
1680 37
1857 41
1900 0
2164 39
2194 0
2205 37
2219 39
2224 0
2285 40
2291 37
2308 0
2340 39
2345 0
2399 39
2508 0
2617 39
2695 0
2777 41
2895 38
2924 0
2942 37
3082 0
3132 40
3265 0
3400 38
3443 0
4213 39
4391 40
4424 0
4428 37
4550 0
4567 41
4569 0
4758 38
4804 0
4807 39
4909 0
4930 40
5012 0
5065 39
5144 41
5153 0
5315 39
5536 37
5573 0
5577 37
5669 37
5767 0
5797 37
5888 0
6093 40
6348 41
6350 0
6384 41
6486 0
6750 38
6800 38
6832 37
7029 0
7039 37
7296 0
7746 39
7756 0
7768 41
7826 0
7857 37
7874 39
7948 39
8371 0
8425 41
8481 38
8492 0
8520 40
8600 0
8933 37
9223 0
9505 41
9931 0
10031 41
10193 41
10226 0
10595 37
10864 0
10904 37
11047 0
11135 39
11136 0
11185 40
11558 0
11583 38
11672 0
11798 41
11958 0
11966 41
12187 0
12224 41
12228 37
12350 37
12399 0
12473 37
12658 37
12794 41
12956 37
12999 0
13188 39
13277 0
13292 41
13452 41
13485 0
13529 40
13530 40
13630 0
13948 41
14104 0
14120 39
14171 0
14212 41
14575 0
14669 41
14732 39
14965 39
15135 41
15208 37
15311 0
15324 41
15388 0
15392 38
15454 37
15505 0
15521 37
15525 0
15723 41
15807 37
15818 40
15913 0
16132 37
16206 0
16224 37
16490 0
16645 39
16751 0
16757 38
16780 0
16858 39
16895 0
16905 40
16996 0
16997 38
17076 37
17130 0
17191 40
17359 0
17399 37
17504 40
17844 37
18069 0
18104 37
18264 41
18273 0
18359 41
18539 0
18554 40
18863 0
18953 39
18962 0
19090 37
19097 0
19252 39
19399 41
19456 0
19605 41
19912 0
19926 40
19929 0
20009 41
20018 0
20058 37
20075 0
20362 37
20415 0
20498 38
20770 41
20781 0
20802 39
21138 0
21248 41
21257 40
21445 41
21560 37
21612 0
21868 41
21901 0
22012 39
22028 0
22154 40
22249 37
22251 0
22592 41
22751 0
22786 37
23107 0
23201 37
23278 0
23418 37
23442 0
23505 39
23553 0
23581 37
23657 0
23735 37
23800 0
23922 41
23987 39
24038 0
24216 38
24304 37
24316 0
24340 39
24427 41
24480 0
24755 37
24830 0
24871 41
25162 0
25443 40
25526 38
25699 0
25768 39
25798 0
25833 41
25911 41
25936 0
26062 41
26140 0
26206 39
26275 37
26421 0
26830 39
26885 41
27008 40
27538 39
27640 41
27674 0
27752 39
27799 0
27822 39
27834 38
27879 0
28151 38
28187 0
28193 39
28285 0
28720 38
28795 0
29062 39
29198 0
29327 41
29438 40
29699 0
29742 41
29750 0
29981 41
30046 39
30197 0
30201 41
30219 0
30252 41
30341 0
30396 37
30472 0
30678 41
30694 0
30778 39
31289 0
31407 39
31420 0
31480 41
31534 39
31615 0
31802 39
32115 41
32348 0
32396 37
32644 0
32999 38
33131 0
33261 41
33278 0
33422 39
33428 40
33435 0
33506 39
33574 0
33575 39
33679 41
33870 0
33963 39
34008 37
34131 0
34133 41
34168 0
34377 40
34604 0
34621 41
35033 0
35069 41
35079 0
35165 38
35191 0
35348 39
35394 37
35521 0
35554 38
35703 0
35844 41
36097 0
36119 39
36177 40
36206 0
36272 41
36462 40
36581 41
36754 41
36800 0
36875 38
36894 41
36910 0
36958 37
37075 0
37266 37
37504 0
37571 37
37577 38
37978 0
38098 41
38203 40
38309 0
38362 37
38455 0
38622 38
38662 41
38738 0
38784 37
39291 39
39463 37
39532 0
39673 41
39726 0
39776 37
39779 37
40248 0
40344 37
40356 0
40417 41
40497 0
40587 41
40634 0
40912 37
40990 0
41113 41
41183 0
41196 41
41294 40
41370 37
41389 0
41571 37
41581 0
41754 39
41830 40
41964 39
42121 0
42362 40
42544 0
42892 39
43083 39
43170 0
43373 41
43379 0
43464 39
43514 0
43554 38
43717 0
43750 39
43773 0
43849 40
43878 0
44104 39
44163 39
44304 41
44448 0
44487 40
44776 0
44873 38
45015 0
45231 38
45397 41
45737 0
45782 41
45867 37
45873 38
46274 0
46307 39
46614 37
46740 0
46742 39
46883 41
46948 0
47172 41
47361 0
47477 40
47634 0
47715 41
47766 41
47767 0
47776 41
47833 0
47860 39
47861 0
47893 39
47960 0
47961 41
48187 0
48330 40
48823 0
48952 40
49127 38
49258 39
49259 0
49359 41
49542 0
49634 40
49773 0
49808 37
49829 0
49861 39
49885 0
50147 39
50207 39
50356 0
50427 41
50589 37
51010 41
51053 0
51297 39
51497 0
51895 39
51915 0
52003 41
52008 41
52013 40
52056 40
52061 41
52103 0
52121 41
52149 0
52187 41
52291 0
52455 41
52639 38
52647 0
52654 38
52696 0
52827 41
52886 0
52897 41
52910 0
52919 39
53038 0
53289 41
53442 0
53470 40
53624 40
53671 41
53672 0
53750 39
54046 39
54124 37
54273 0
54318 37
54347 41
54349 0
54528 39
54815 0
54831 39
54867 0
54913 40
54977 0
55006 39
55220 0
55221 41
55464 0
55504 39
55515 0
55648 38
55651 0
55656 41
55796 0
55959 41
56029 0
56232 41
56274 37
56306 0
56427 41
56754 37
56775 0
57004 41
57104 0
57110 40
57206 0
57297 37
57355 0
57502 37
57595 0
57652 39
57701 41
58008 0
58132 41
58166 0
58195 41
58448 0
58451 41
58490 0
58540 40
58554 41
58569 0
58695 41
59043 41
59169 0
59185 37
59207 0
59294 39
59296 0
59307 39
59456 40
59486 0
59512 41
59683 0
59747 41
59783 0
60113 39
60138 0
60198 37
60210 0
60286 37
60341 0
60394 37
60413 0
60622 37
60781 41
61209 41
61210 0
61587 40
61681 39
61962 0
61985 37
61989 0
62040 39
62090 41
62226 0
62260 37
62371 37
62518 0
62565 38
62618 0
62656 37
63049 0
63313 39
63418 0
63432 40
63564 0
63574 38
63670 0
63903 40
63913 0
63917 41
63948 0
64279 37
64308 41
64320 39
64386 0
64429 41
64495 40
64635 40
64670 0
64790 37
64872 0
64943 39
65102 0
65119 37
65210 0
65218 37
65272 0
65274 38
65377 0
65390 41
65412 37
65441 0
65444 38
65521 0
66086 41
66100 38
66148 39
66411 39
66523 39
66575 0
66584 41
66642 0
67064 40
67132 0
67222 40
67604 0
67623 41
67647 39
67738 37
67909 0
67960 37
68062 39
68225 39
68363 41
68449 41
68476 0
68530 39
68630 0
68781 38
69095 0
69220 40
69277 0
69315 39
69346 0
69435 39
69450 0
69465 41
69504 0
69512 38
69646 41
69662 0
69840 41
69951 39
70160 0
70246 39
70264 37
70530 0
70568 41
70609 37
70659 40
70706 0
70756 41
70798 0
70873 41
70967 0
71320 40
71338 39
71654 0
71668 37
71789 41
71794 39
71871 0
72254 37
72276 39
72301 41
72448 0
72481 41
72594 39
72822 0
72930 37
73141 0
73453 41
73776 39
73884 0
73892 41
74332 0
74372 38
74768 0
74899 39
75001 41
75109 37
75129 0
75192 37
75635 41
75681 37
75720 0
75727 37
76297 39
76372 0
76382 41
76421 0
76528 39
76631 0
76834 39
76883 0
76900 41
76913 0
77276 37
77306 0
77356 38
77531 0
77701 39
77718 0
78030 37
78076 40
78118 0
78448 38
78710 39
78878 0
79340 41
79413 0
79616 40
79830 40
79956 0
80059 40
80103 37
80116 40
80356 0
80437 38
80442 0
81235 41
81386 39
81675 38
81723 0
81798 37
81881 0
82373 37
82466 0
82472 39
82498 0
82506 37
82671 41
82687 0
82778 40
82912 0
82929 41
82971 0
83026 37
83116 0
83202 37
83327 39
83480 37
83580 0
83790 39
83829 0
83856 37
83884 0
83917 41
84082 37
84161 39
84190 41
84421 0
84610 41
84665 0
84787 39
84864 0
84868 39
84943 41
84982 0
84991 40
85255 0
85493 41
85536 0
85585 41
85710 0
85841 37
86225 0
86409 39
86496 0
86545 39
86553 0
86557 41
86572 41
86643 0
86826 39
86844 0
87041 39
87075 0
87314 41
87324 38
87606 0
87632 37
87856 0
87884 38
87946 38
88123 0
88340 41
88352 0
88493 38
88514 0
88673 41
88709 37
88714 37
88774 37
88868 39
88949 0
89021 40
89059 41
89253 0
89312 37
89316 0
89495 37
89510 0
89559 41
89661 39
89753 0
89802 38
89865 0
89920 40
90089 39
90145 0
90169 39
90170 41
90249 0
90391 41
90902 0
91101 37
91150 40
91338 0
91523 41
91663 41
91694 0
91812 39
91902 0
91992 40
92111 0
92337 41
92729 0
92737 41
92970 0
93114 37
93368 0
93543 41
93558 0
93731 39
93840 0
94021 39
94217 0
94347 39
94369 0
94532 39
94692 37
94860 0
94985 39
95093 0
95124 38
95127 0
95149 37
95159 0
95454 41
95485 40
95520 0
95575 41
95723 0
95824 41
96068 0
96116 40
96508 39
96590 0
96707 37
96753 0
96782 41
96873 0
97049 39
97136 39
97383 0
97446 37
97512 0
97606 37
97740 0
97796 40
97816 0
97846 41
97895 0
97954 40
98120 0
98135 39
98218 0
98663 37
98874 0
98984 41
99102 0
99351 37
99426 37
99602 41
99712 39
99840 0
99863 38
99922 37
99959 0
544 events for 10
42 36
112 0
146 37
279 0
654 36
823 37
1061 36
1080 0
1538 36
1544 0
1673 37
1970 0
2167 36
2239 36
2309 37
2491 0
2708 37
2776 37
3074 0
3216 36
3269 37
3436 0
3744 37
4007 0
4103 36
4419 0
4480 36
4530 0
5030 37
5473 0
5557 37
5626 0
5894 37
6231 0
6245 37
6249 0
6268 36
6440 0
6477 36
6550 36
6871 37
6882 0
6910 37
6942 0
7181 36
7326 0
7427 36
7582 0
7750 36
8230 37
8388 0
8449 37
8607 0
8682 37
8770 0
8796 36
8943 0
9269 37
9360 0
9480 36
9630 0
10198 37
10966 0
11309 36
11318 0
11340 36
11454 37
11865 0
11901 36
11918 0
12510 36
12688 0
12896 36
12990 0
13109 36
13245 0
13423 36
13522 37
13527 37
13912 37
13918 0
13928 37
13966 36
14007 36
14055 0
14455 36
15246 37
15378 0
15439 36
15768 0
15875 36
16251 0
16270 37
16599 0
16823 36
16855 0
16946 36
17295 0
17465 36
17790 37
17818 36
17845 37
18124 0
18541 36
18777 0
19030 37
19623 0
19684 37
19688 0
19899 36
20014 0
21007 36
21112 0
21173 37
21206 36
21238 0
21272 37
21828 0
21890 37
21905 0
22087 36
22390 0
22412 37
22488 0
22596 36
23047 0
23108 36
23727 0
23884 36
23920 0
24387 37
24497 0
24516 36
24620 0
24650 37
24685 37
24807 36
24981 0
25326 37
25507 0
25558 37
25612 36
25690 0
25724 37
25948 0
26337 37
26398 0
26540 37
26793 0
26953 37
27028 37
27118 37
27249 0
27553 37
27600 0
27609 37
27703 0
27950 37
28883 0
29239 36
29640 0
29964 36
29982 0
30259 37
30638 0
30858 36
31003 0
31255 36
31432 0
31993 37
32287 0
32592 36
32601 0
32699 36
32788 36
32908 0
32953 37
33050 0
33283 36
33622 0
33732 36
33816 0
33874 37
34299 36
34336 0
34660 36
34721 0
35174 37
35269 0
35534 36
35537 0
35591 37
35703 37
35740 0
35754 36
35854 0
36281 36
36405 36
36469 0
36618 37
36737 0
36867 36
37629 36
37931 37
38004 36
38009 37
38148 0
38279 37
38435 0
39080 36
39352 0
39399 36
39745 37
39871 0
39879 36
39973 0
40081 36
40661 0
40863 37
41065 0
41074 37
41387 37
41552 0
41580 37
41666 0
41965 37
42036 36
42211 36
42253 0
42366 37
42426 37
42730 0
42870 37
43304 0
43524 36
43542 0
44244 37
44687 0
44713 37
44948 0
45810 37
45852 0
46024 37
46092 0
46113 36
46164 37
46310 0
46351 36
46574 36
46662 0
46909 36
46939 0
46979 36
47796 0
47799 36
47855 36
47907 36
48113 37
48128 0
48589 36
48607 36
48712 0
48761 37
48767 0
48881 37
48919 37
49009 0
49062 36
49120 0
49138 37
49309 0
49421 36
49517 0
49529 37
49573 0
49610 36
49705 0
49954 36
50030 0
50139 36
50262 36
50323 0
50957 36
51060 36
51075 0
51506 36
51518 0
51588 37
51646 0
51892 37
52076 0
52109 37
52180 0
52257 37
52410 0
52838 36
53047 0
53125 37
53542 36
53932 0
53963 37
54040 0
54116 37
54186 36
54515 0
54554 36
54659 0
55438 37
55493 36
55903 0
56190 36
56223 37
56520 0
56692 37
56693 36
56981 37
57149 36
57206 0
57526 37
57604 0
57616 37
58530 0
58657 36
58930 0
58935 36
59119 37
59249 37
59417 0
59463 37
59520 37
59701 36
59741 0
60404 36
60431 36
60585 37
60625 0
60632 36
61312 37
61603 36
61623 0
61726 37
61773 0
61961 36
62111 37
62242 37
62474 36
62507 0
62880 36
62921 0
63121 36
63680 0
64249 36
64260 36
64395 0
64397 37
64709 0
65122 37
65127 0
65363 36
65462 0
65901 36
66107 0
66374 36
66647 0
66677 37
66750 0
66933 36
66967 0
67257 37
67586 0
67616 36
67769 0
67901 37
68068 0
68086 37
68407 37
68637 0
68654 37
68757 0
69169 37
69243 0
69846 37
69878 36
70060 0
70864 37
70944 0
71150 37
71649 0
71774 36
71813 0
72045 36
72257 0
72478 36
72598 0
72622 37
72902 37
73003 37
73100 0
73207 36
73224 0
73399 36
73553 0
73669 36
73840 0
73871 37
73878 0
73886 36
74201 0
74377 37
74432 0
74494 36
74656 37
74992 0
75090 37
75210 36
75368 0
75516 36
75580 0
75694 36
75732 0
76094 36
76116 0
76412 37
76422 37
76533 0
76694 36
76879 0
77152 36
77613 0
77650 37
77820 0
77943 36
78146 0
78203 36
78892 0
78990 36
79201 36
79487 0
79523 36
79526 0
79610 37
79617 37
79664 37
79690 0
79797 36
80051 36
80124 0
80469 36
81167 36
81418 0
81425 36
81648 0
81727 36
81942 0
82027 36
82058 0
82160 37
82275 0
83253 36
83909 0
84174 37
84490 37
84707 0
84947 37
85093 0
85278 37
85477 0
85564 37
85855 0
86076 36
86303 0
87154 36
87244 0
87723 37
87761 37
88075 0
88079 36
88175 0
88342 36
88730 0
88938 36
89199 0
89291 36
89646 0
89902 36
90222 36
90319 0
90758 36
90843 36
90947 36
91211 0
91228 37
91293 0
91354 36
91581 0
91591 36
91705 0
91845 37
91913 36
91919 0
91986 37
92473 36
92604 0
92655 37
92661 0
92824 36
93197 0
93307 36
93641 0
93703 36
93746 0
94073 37
94109 37
94281 37
94720 0
94877 36
94898 0
94913 37
94976 37
95004 0
95072 36
95396 36
95399 0
95403 36
95432 37
95734 0
96012 37
96037 36
96272 0
96673 36
96812 0
96904 37
97182 0
97317 37
97404 0
97786 37
97943 0
98344 36
98796 0
98834 37
99194 0
99284 37
99627 36
99712 0
638 events for 11
245 50
269 0
468 50
490 50
1401 0
1424 46
1506 42
1622 42
1643 42
1672 0
1751 46
2024 0
2139 42
2375 46
2625 0
2873 42
3138 0
3156 50
3347 0
3390 42
3926 0
4077 42
4118 0
4361 42
4594 46
4740 0
4946 42
4980 46
5014 0
5087 42
5218 0
5403 42
5414 46
5564 0
5719 42
5771 0
6082 42
6179 0
6302 46
6360 0
6723 42
6727 0
6775 42
7103 0
7208 50
7326 50
7343 0
7480 50
7610 0
7615 42
7863 42
7932 0
8278 42
8423 0
8538 42
8542 0
8592 46
8707 50
9095 50
9166 46
9187 46
9422 0
9572 42
9578 0
9710 46
9935 42
9940 0
10029 50
10050 0
10322 46
10367 50
10749 0
10798 42
10909 46
11042 0
11201 42
11621 0
11669 42
11748 0
11974 42
12116 50
12134 0
12159 50
12325 0
12421 50
12518 0
12727 50
12742 42
13125 0
13147 50
13236 42
13342 46
13368 0
13553 50
13917 0
14091 42
14305 42
14739 42
14757 0
14963 46
14985 0
15080 42
15395 0
15449 50
15607 46
15625 0
15678 50
15792 0
15817 50
15866 0
15912 50
15928 0
16166 42
16284 46
16316 0
16398 46
16642 0
16727 50
17327 50
17375 0
17852 42
17887 0
18075 42
18125 0
18710 50
18853 0
19069 50
19230 0
19263 50
19501 0
19564 42
19653 42
19856 0
19942 42
20029 0
20390 50
20938 42
21026 42
21239 0
21387 42
21529 0
21580 46
21767 46
21801 42
21822 0
21879 50
22055 0
22216 42
22388 50
22498 0
22604 46
22737 46
22767 42
22832 0
23062 42
23293 50
23371 0
23534 42
23639 0
24056 46
24148 50
24334 0
24556 42
24573 0
24680 42
24710 0
24786 42
26160 42
26173 42
26609 0
26742 50
26902 50
27508 42
27705 0
27761 46
28095 46
28136 0
28151 42
28277 0
28477 42
28799 0
28895 50
29183 0
29191 42
29228 50
29530 0
29567 42
30055 50
30176 42
30214 42
30273 46
30742 0
31030 50
31079 42
31094 46
31181 50
31211 0
31687 42
32129 0
32138 50
32330 0
32604 46
32634 0
32687 50
33000 0
33111 42
33177 0
33219 46
33289 0
33424 42
33522 0
33556 50
33574 0
33771 42
33949 0
34064 42
34077 0
34293 50
34545 0
34905 42
35032 0
35322 42
35436 0
35510 42
35536 42
35539 50
35596 50
35626 0
36250 42
36333 42
36489 0
36492 42
36517 0
36687 42
36750 42
36780 0
37047 42
37638 46
37678 0
37843 42
38032 46
38973 0
39246 42
39391 46
39585 46
39615 0
39733 42
39762 42
39923 0
39974 42
40091 46
40413 0
40531 50
40645 50
40665 42
40832 0
40926 42
40959 0
41082 42
41215 0
41603 42
41878 0
41961 42
42025 0
42074 50
42139 42
42201 42
42473 0
42554 46
42593 0
42722 50
43124 42
43144 0
43232 42
43387 50
43500 0
43540 50
43902 0
44122 50
44465 0
44530 46
44662 0
44700 42
44860 0
44922 42
44986 42
45310 0
45372 50
45555 0
45911 50
45915 0
46024 42
46369 0
46600 50
46698 0
46760 42
46843 42
46879 46
46948 0
47183 42
47243 42
47296 42
47321 0
47509 42
47732 0
47765 42
47862 42
47975 46
48227 0
48401 46
48649 0
48692 46
48993 0
49064 42
49759 0
49886 46
49955 42
50231 0
50261 50
50389 0
50758 46
50939 0
50953 42
50994 42
51295 0
51323 46
51324 42
51632 0
51916 46
51996 0
52177 50
52676 0
52935 50
53086 0
53347 42
53375 0
53440 50
53546 0
54014 42
54044 0
54072 42
54108 42
54199 42
54219 50
54247 0
54421 50
54560 0
54584 42
54642 42
54767 0
54859 42
54931 0
54939 50
55234 0
55601 42
55626 0
55648 42
55789 0
55904 46
56049 0
56554 50
56752 0
56823 42
57521 46
57914 50
58221 42
58474 0
58484 46
58507 0
58643 50
59721 50
59823 0
60280 42
60362 0
60452 42
60639 0
60676 50
60715 0
60789 42
60890 50
60990 0
61003 42
61038 0
61149 42
61189 0
61257 46
61368 0
61470 46
61525 42
61656 42
61892 0
62115 46
62264 46
62599 0
62602 42
62682 0
62731 42
63295 42
63426 0
63507 42
63661 0
63701 50
63741 0
64087 46
64104 42
64266 0
64490 50
64746 0
64802 42
64883 46
65175 0
65280 50
65334 0
65467 42
65646 42
65697 50
65839 42
65873 0
65955 42
65959 0
66134 42
66181 0
66368 42
66480 0
66568 42
66718 0
66794 42
66818 0
66938 46
67032 0
67167 46
67714 0
67835 46
67871 0
67904 42
68160 0
68329 46
68333 0
68517 46
68678 0
68741 50
68949 0
69257 42
69497 0
69677 50
70011 0
70301 50
70420 0
70553 42
70631 0
71611 42
71634 0
71636 46
72219 0
72669 46
72746 50
72750 42
72931 46
72988 0
73549 42
73581 42
73628 0
74192 42
74519 0
74657 42
74752 0
74856 50
74867 42
74956 50
74959 46
75003 0
75071 42
75112 46
75330 0
75643 42
76009 0
76140 46
76191 0
76359 42
76391 0
76456 42
76467 0
76742 46
76800 50
77576 0
77898 42
78505 50
78520 46
78545 42
78650 0
78712 42
78896 50
78962 46
79047 0
79147 42
79506 50
79555 0
79568 42
79729 0
79765 50
80022 46
80351 0
80366 42
80371 46
80396 0
80400 42
80456 0
80542 42
80749 0
80762 42
80907 0
81093 46
81118 0
81175 42
81266 42
81328 0
81851 46
81986 0
82001 42
82281 0
82802 46
82825 0
83096 42
83333 0
83443 42
83680 0
83775 42
83811 0
84062 46
84068 0
84351 46
84750 0
84754 50
84775 0
84820 42
84821 0
85100 50
85173 0
85304 42
85357 46
85437 0
85476 42
85577 0
85706 42
85863 0
85992 42
86168 0
86206 46
86377 0
86473 46
86545 0
86661 50
86702 0
86764 42
86820 0
86966 50
87143 0
87749 42
87804 50
87882 0
88082 42
88256 0
88260 42
88404 46
88405 0
88681 50
88711 0
88722 50
88742 0
89181 46
89374 0
89378 42
89587 0
89878 42
89967 42
90028 50
90157 46
90547 0
90845 42
91331 0
91357 42
91481 50
91580 0
91889 50
91986 0
92141 42
92280 0
92381 42
92415 0
92455 46
92481 0
92553 50
92711 46
92840 42
92997 50
93030 0
93180 46
93271 46
93350 0
93992 50
94363 46
94951 0
94969 42
95152 0
95161 42
95387 0
95389 46
95548 0
95628 50
95667 0
95693 46
95995 0
96089 46
96191 0
96494 50
96698 0
96942 42
97235 0
97285 50
97356 0
97629 46
97692 42
97701 0
98096 50
98130 0
98447 46
98552 0
98558 46
98573 0
98576 46
98587 0
98892 42
99052 0
99169 42
99480 0
99624 42
99657 42
99825 46
229 events for 12
145 72
275 0
584 77
1121 0
1524 72
2129 0
2742 77
3453 0
4299 77
4376 72
4497 77
4631 0
4770 72
5045 77
5180 0
5551 77
5643 0
6227 77
6319 0
7084 72
7216 0
7415 77
7705 72
9614 0
10081 77
11528 0
11702 72
12079 0
12086 72
12467 0
12620 77
12733 0
12866 77
13793 77
14268 0
15437 72
15539 72
15999 77
16045 0
16737 72
17079 0
17254 77
17639 0
17794 72
18670 72
19953 77
20889 0
21472 77
21779 72
22191 0
22358 77
22554 0
23233 72
23671 0
23858 72
23949 77
24116 77
25014 0
25030 77
25784 0
26155 77
26923 0
27880 77
28126 0
28382 77
28890 72
29646 0
30251 77
30562 0
31284 77
31827 77
32105 0
32321 77
33264 0
33875 72
34315 0
35310 77
35994 0
36070 72
36211 72
36261 0
36297 77
36424 0
37441 77
37525 0
38119 72
38303 0
38686 77
38939 0
39146 77
39476 0
39763 77
39900 0
40413 72
41033 0
41674 72
41713 0
41759 72
41802 0
42639 77
42751 0
44610 72
44682 0
45120 72
45128 0
45652 77
46394 0
46682 72
46807 0
46810 72
47035 72
47376 0
47777 72
48742 0
49106 72
50369 72
50582 77
50955 0
51675 77
51848 0
52423 72
52652 0
52662 77
53510 0
53615 72
53799 0
54040 72
54755 0
54962 77
55325 0
55337 72
56069 0
56399 77
56619 77
56692 77
57142 72
57807 0
58428 72
59144 0
59180 77
59891 0
59936 72
61400 77
61805 0
62086 72
62140 77
62371 77
63053 0
63451 77
63645 77
63827 0
64140 77
64576 0
65653 77
65972 0
66465 72
66696 0
67431 72
67836 72
68318 72
68336 0
68669 77
69073 0
69150 72
69676 0
70069 72
70934 0
71207 77
71465 0
71813 77
72045 77
72531 0
73148 77
73601 0
74514 72
74820 0
75302 77
75628 0
76147 77
76201 72
76235 0
76477 77
76993 0
77080 72
77337 0
78002 77
78458 0
79107 72
79972 72
80592 0
80996 77
81507 0
81632 77
82301 0
82426 77
83318 77
84166 0
84847 77
85557 72
85764 77
85817 72
86202 0
86782 72
89889 0
89950 77
90210 0
90254 72
90548 72
90978 0
92039 77
92219 77
92648 77
92821 72
93385 72
93805 77
94002 77
94040 0
94207 77
94504 0
94941 72
95884 0
95999 72
96011 0
96389 77
96790 0
98431 77
98472 0
99667 72
99845 0
325 events for 13
301 48
573 0
1500 92
2392 0
2584 54
2588 92
2679 91
3154 0
3302 85
3650 0
3901 85
4317 0
4936 92
4960 54
4997 0
5327 58
5496 0
5543 54
5770 0
6234 85
6355 0
6515 91
6612 85
7427 0
7954 85
8311 0
8528 93
8650 0
8796 85
9025 91
9667 0
9830 91
9921 93
10038 0
10182 58
11122 0
11246 48
11650 0
11892 58
12013 48
12181 48
12389 0
12832 92
13256 0
13397 91
13480 0
13529 91
13992 0
14193 58
14449 0
14931 58
15102 92
15134 0
16055 58
16364 0
17126 85
18240 0
18731 93
18859 0
19597 48
20117 0
20681 58
20849 0
20998 54
21095 48
21389 0
21482 85
22232 0
22335 58
22385 0
22387 91
22711 48
22906 0
22922 91
22985 0
23203 58
23778 0
23994 92
24269 0
24281 92
24868 0
25331 93
25355 0
25564 58
25870 85
26107 0
26241 58
26274 91
26314 93
27091 0
27171 92
27363 0
27473 58
27809 93
29108 0
29977 91
30288 0
31087 85
31311 0
31406 58
31476 85
31981 0
32135 93
32529 0
33415 48
33599 0
33641 58
34121 0
34341 48
35003 0
35034 48
35050 0
35474 58
35857 58
35879 85
36768 0
37360 58
37543 0
37574 92
37846 0
37865 48
38321 0
39111 91
39707 0
39726 91
39853 54
40467 0
40767 48
40798 48
41176 0
41262 91
41412 0
41687 58
41849 0
42493 48
42641 0
43179 58
43273 0
43276 58
43666 93
43907 85
44136 0
44587 58
44799 0
44931 54
45460 0
46516 54
46597 0
46626 93
46930 0
46936 58
46964 0
47076 92
47635 54
47870 0
48496 85
48921 91
49056 92
49110 92
49554 54
49940 48
50366 0
51081 93
51659 0
52063 92
52164 0
52636 91
53004 0
53008 58
53234 0
53249 54
53490 58
53602 0
53778 54
55694 0
56169 58
56616 0
56637 54
56759 0
57015 85
57067 85
57072 0
57428 92
57605 48
58681 48
58897 54
59023 0
59105 93
59263 0
59416 93
59422 0
59759 85
60051 0
60484 54
61159 0
61209 58
61394 0
61593 91
61603 0
61633 58
61712 0
61769 92
62216 0
62929 54
63395 0
63746 92
63759 0
64121 54
64524 0
65253 54
65438 85
65681 48
65912 0
66247 92
66547 0
66591 54
67600 0
67878 91
68179 0
68441 58
68571 0
68805 48
68865 0
68871 92
68977 0
68991 54
69222 0
69317 91
69519 91
71640 0
71698 54
72111 0
72659 48
72766 0
73011 58
73288 0
73397 91
74272 0
74526 92
74591 92
74633 0
74771 54
74816 92
74993 0
75044 54
75220 0
75831 92
75978 0
76425 93
76629 0
76756 91
77195 0
77744 58
77793 93
77866 93
77936 0
79570 91
79586 58
79774 0
79793 91
80652 0
80660 58
80672 0
81047 93
81184 54
82031 0
82513 93
82873 48
82942 0
83435 58
84214 0
84433 54
84832 48
84989 91
85321 0
85360 54
85636 0
85688 91
85907 0
86187 58
86266 0
86496 58
87198 92
87217 0
87323 48
87419 0
87731 58
88065 92
88101 58
88170 0
88607 85
88774 0
89083 85
89550 0
89587 58
89998 0
90577 93
90634 0
90654 58
91826 0
91974 48
92494 0
92610 48
93286 0
94770 85
95023 92
95825 0
95980 48
96356 0
96451 92
96505 93
96545 0
96669 58
96834 0
97029 92
97059 58
97327 0
98048 58
98249 0
98338 58
98427 0
99176 54
99303 0
99746 92
99852 0
174 events for 14
225 84
1131 0
1147 47
3062 0
3755 35
5135 0
6513 35
6589 84
7432 0
7614 35
8748 37
9525 0
11315 37
11418 0
11526 69
12322 79
12544 47
12634 47
14233 0
14569 35
15028 91
15878 0
16198 37
16462 0
17662 79
17683 0
19887 91
20452 69
21408 0
21723 47
22745 0
23127 84
23367 0
23581 47
23942 37
24279 0
24421 91
24669 91
25792 37
27214 35
27661 0
27969 91
28413 0
29000 37
29821 0
30347 69
30471 0
30650 91
34404 0
34593 37
35202 0
35591 79
35814 0
36311 84
36553 0
36648 69
39723 47
40441 0
41166 84
43108 0
43747 47
43818 35
44660 79
45918 0
47130 37
47458 0
48128 69
49189 0
49229 84
50918 47
52003 0
53370 91
53537 47
53942 37
54598 69
55450 0
55608 47
55730 0
56226 79
56311 0
56575 79
57718 0
58271 47
58286 47
58489 0
58594 69
58624 91
59472 0
59540 84
59660 0
59672 35
59867 0
60333 84
60897 0
60981 84
61176 35
61709 84
62428 47
63192 0
63950 91
64333 0
64836 47
65049 79
66056 0
66189 69
66191 91
66392 0
66546 79
66871 0
67307 69
67433 35
67467 0
67571 69
67835 0
68085 35
68401 35
68655 0
68665 91
68854 79
69217 0
69701 91
70003 0
70369 37
72384 84
73044 0
74162 37
74221 91
75488 0
75809 84
76706 0
77553 47
78472 0
78889 47
79460 0
79513 47
79933 0
80075 79
80373 0
80424 35
80437 47
80831 0
80859 69
81198 0
82145 47
82570 0
82707 91
82916 0
83119 37
83967 0
84438 91
85044 0
86743 91
87223 79
88020 84
88143 37
88220 37
88972 0
89151 79
89659 0
89977 79
89992 0
90937 69
92098 47
92279 91
92743 0
93752 79
94841 79
95260 0
95726 37
96508 0
99283 47
99502 0
99504 35
99787 0
769 events for 15
156 44
221 0
222 46
411 0
524 67
554 46
557 0
637 44
664 0
669 44
703 0
809 44
871 44
966 67
1006 0
1060 46
1131 0
1146 46
1276 0
1379 46
1413 44
1414 44
1490 0
1612 46
1823 0
1891 67
1905 0
1974 67
2015 0
2130 67
2642 46
2658 44
2672 0
2768 46
2838 0
3052 44
3126 67
3144 67
3334 0
3365 46
3521 0
3669 67
3739 0
4438 44
4622 46
4638 0
4642 67
4811 46
4953 0
5006 67
5106 0
5169 44
5219 44
5361 0
5434 67
5503 0
5568 67
5624 44
5743 0
5750 46
5834 0
5967 44
6035 0
6066 67
6125 67
6390 44
6444 0
6881 44
7080 0
7274 67
7288 0
7430 46
7667 0
7704 67
7847 46
7880 0
7900 44
7912 0
8044 67
8282 67
8311 44
8426 0
8460 44
8480 0
8775 44
9238 0
9306 46
9866 0
10005 44
10053 46
10212 67
10321 0
10367 67
10559 67
10564 0
10573 44
10589 0
10739 67
10801 0
10896 44
10908 67
11413 67
11483 0
11534 67
11544 0
11559 67
11829 0
12294 46
12399 0
12409 44
12481 0
12489 67
12537 0
12560 67
12576 67
12626 0
12757 46
12925 0
13067 67
13081 44
13099 67
13166 0
13206 44
13303 0
13372 44
13586 46
13612 44
13630 0
13649 44
13901 0
13925 46
13980 67
14135 0
14330 44
14448 46
14488 67
14934 67
15141 46
15160 0
15239 46
15395 0
16295 46
16490 0
16565 44
16724 0
16976 46
17217 0
17235 46
17330 0
17335 44
17648 67
17865 0
18009 67
18446 46
19113 46
19160 0
19438 67
20026 67
20071 46
20308 0
20572 44
21047 0
21265 67
21303 0
21350 46
21353 0
21478 67
21508 0
21511 67
21584 0
21629 67
21729 67
21932 0
21975 46
22109 44
22111 0
22381 46
22494 0
22509 46
22521 0
22810 46
23434 0
23522 67
23595 0
23800 67
24108 0
24364 44
24369 0
24411 44
24447 0
24564 67
24644 46
25015 44
25230 44
25349 44
25353 0
25479 44
25745 0
25774 46
26212 0
26280 67
26340 46
26589 0
26619 67
26632 0
26792 44
26823 0
26885 46
26905 0
26968 44
27299 0
27531 44
27567 0
27758 46
27804 0
28137 67
28308 0
28360 67
28377 44
28465 67
28569 0
28641 46
28836 46
28937 46
28960 0
29029 46
29064 67
29211 0
29409 46
29751 0
29793 46
30161 0
30167 46
30295 0
30321 44
30348 0
30447 46
30824 0
31160 67
31325 0
31374 44
31442 0
31715 44
31791 0
31838 44
32142 67
32508 0
32651 44
32869 67
33318 0
33396 44
33403 0
33726 67
33812 0
33828 44
33890 0
33896 44
33988 0
34112 44
34727 0
34947 46
34974 0
35069 44
35189 67
35379 0
35486 44
35618 0
35882 44
35960 0
36022 67
36030 46
36054 0
36068 46
36130 0
36239 46
36260 0
36277 46
36290 44
36433 0
36450 67
36506 0
36606 67
36648 44
36987 46
37161 0
37166 67
37366 0
37382 44
37406 0
37787 44
38100 0
38104 46
38233 0
38422 46
38536 0
38763 67
38782 0
38919 67
38939 46
38974 0
39020 44
39063 67
39125 0
39415 67
39473 0
39527 44
39618 0
39626 46
39800 0
39869 44
39878 0
39894 67
40077 46
40453 44
40501 46
40583 0
40720 44
40724 46
40768 0
40779 67
40874 0
40959 44
41129 0
41258 67
41342 0
41494 46
41520 0
41567 44
41604 0
41631 46
41658 67
41799 0
41806 46
41884 44
42064 0
42175 44
42335 67
42347 0
42621 67
42760 0
42908 44
43071 44
43166 0
43566 44
43662 0
43747 46
44072 0
44075 46
44228 0
44233 67
44254 0
44587 44
44839 0
44865 46
44902 0
45011 44
45143 44
45232 46
45271 0
45280 44
45411 0
45566 46
45590 0
45598 44
45698 0
45850 67
45929 0
46062 67
46159 44
46400 46
46603 0
46773 46
46775 0
46799 44
46839 0
46859 67
46923 0
47413 44
47698 67
47742 0
47897 46
48239 0
48412 67
48494 67
48603 0
48683 44
48780 0
48792 46
48813 44
48917 0
48991 46
49211 0
49745 44
49843 0
50113 46
50539 0
50789 46
50895 0
50936 44
51329 0
51500 46
51528 0
51549 46
51617 0
51707 67
51757 0
51845 44
51973 0
51981 67
52317 46
52319 0
52332 67
52388 44
52476 0
52523 46
52917 0
53078 44
53366 0
53467 46
54210 0
54231 46
54242 0
54314 67
54356 0
54581 46
54636 0
54828 67
54842 0
54849 67
55013 0
55760 67
55769 0
55771 46
55819 44
56162 0
56295 67
56321 0
56628 44
56682 0
56883 44
57017 0
57334 44
57514 44
57530 0
57552 46
57637 0
57724 46
57725 0
57733 46
57871 0
58354 44
58382 46
58478 0
58538 44
58690 0
58840 67
58911 46
59039 0
59064 44
59156 46
59160 0
59167 46
60030 0
60053 67
60054 0
60060 67
60095 0
60226 44
60450 0
60662 44
61037 0
61181 46
61264 0
61323 67
61428 0
61577 46
61615 0
61799 44
61847 0
62009 44
62142 46
62235 0
62245 46
62702 44
62742 0
63007 44
63176 0
63594 46
63619 46
63802 0
64265 46
64354 67
64399 0
64460 46
64470 0
64562 46
64722 0
64860 67
65013 0
65147 44
65287 67
65313 0
65587 67
65601 0
65739 67
65887 0
66017 67
66175 46
66244 0
66270 67
66455 0
66486 44
66530 0
66958 46
66998 0
67126 46
67227 0
67503 67
67512 0
67546 67
67672 0
67685 46
67878 0
68310 46
68321 0
68484 67
68740 0
68750 46
68910 0
68994 67
69146 0
69223 67
69266 0
69271 46
69385 0
69507 44
69540 0
69589 44
69782 0
69824 46
69837 0
69847 44
69920 0
70166 44
70530 0
70546 44
70580 0
70607 44
70613 0
70717 46
70830 0
70964 44
71176 0
71309 67
71315 0
71529 46
71572 44
71581 0
71587 44
71607 67
71854 44
71863 0
71890 44
71914 67
71982 0
71994 67
72894 0
73050 46
73645 0
73659 46
73666 44
73891 0
73948 46
74108 0
74123 44
74442 0
74464 67
74485 0
74533 46
74541 0
74629 67
74820 0
74840 67
74982 0
75117 44
75133 46
75279 0
75473 46
75488 0
75575 44
75735 0
75842 44
76057 46
76323 67
76371 0
76517 67
76546 0
76675 46
76885 44
76971 0
76998 44
77128 46
77221 0
77261 44
77307 0
77343 46
77456 67
77495 0
77573 44
77583 0
77648 44
78014 0
78094 67
78164 67
78208 0
78405 67
78713 0
78721 46
78857 0
78875 46
79068 44
79792 0
79860 44
79914 0
80025 46
80225 0
80278 46
80359 0
80433 44
80468 67
80659 0
80699 44
80762 0
80796 67
80925 0
80974 67
81073 0
81239 67
81245 0
81472 46
81734 0
81878 44
82043 46
82091 0
82141 67
82301 67
82351 0
82359 46
82396 0
82516 67
82715 0
82908 44
83054 46
83099 0
83113 67
83147 0
83187 46
83308 0
83580 44
83632 0
83664 67
83666 0
83795 67
83846 0
83949 44
83960 44
84379 44
84484 0
84755 44
84984 0
85028 67
85050 0
85125 46
85537 0
85555 46
85658 0
85759 67
86433 46
86621 67
86857 44
87266 0
87613 44
87658 44
87714 0
87740 67
87742 0
87773 67
87921 0
87952 44
87956 44
87972 46
88127 0
88164 44
88557 46
88613 0
88632 44
88744 0
88850 46
88933 0
88984 44
89570 46
89650 44
89735 46
89803 0
89947 46
90068 0
90249 46
90505 0
90634 67
90838 0
90839 46
91034 0
91131 46
91283 0
91341 67
91349 0
91481 44
91738 0
91859 44
91871 44
92208 0
92359 67
92871 0
93031 67
93451 0
93478 46
93508 67
93640 0
93651 46
94028 67
94052 46
94210 0
94308 46
94448 0
94613 44
94952 0
95169 44
95176 67
95239 0
95503 44
95507 0
95519 44
95918 0
96293 44
96306 0
96321 67
96569 0
96598 67
96602 44
96622 44
96655 44
96906 67
97165 0
97189 46
97243 0
97259 46
97412 0
97495 46
98125 67
98217 67
98392 44
98408 0
98531 44
98726 0
99250 46
99385 44
99537 0
99626 46
99730 0
