8 buffers
31325 832
210182 24026
64238 5597
117465 7503
129990 19762
241743 11278
128864 9194
88203 9672
80 downlinks
0 188 1250 276
1 1438 2500 358
2 2688 3750 327
3 3938 5000 252
4 5188 6250 360
5 6438 7500 300
6 7688 8750 249
7 8938 10000 291
8 10188 11250 287
9 11438 12500 330
10 12688 13750 363
11 13938 15000 266
12 15188 16250 327
13 16438 17500 314
14 17688 18750 321
15 18938 20000 250
16 20188 21250 281
17 21438 22500 275
18 22688 23750 280
19 23938 25000 264
20 25188 26250 262
21 26438 27500 345
22 27688 28750 363
23 28938 30000 337
24 30188 31250 364
25 31438 32500 311
26 32688 33750 276
27 33938 35000 294
28 35188 36250 284
29 36438 37500 291
30 37688 38750 249
31 38938 40000 358
32 40188 41250 269
33 41438 42500 279
34 42688 43750 261
35 43938 45000 257
36 45188 46250 301
37 46438 47500 308
38 47688 48750 298
39 48938 50000 348
40 50188 51250 357
41 51438 52500 361
42 52688 53750 285
43 53938 55000 321
44 55188 56250 337
45 56438 57500 351
46 57688 58750 319
47 58938 60000 309
48 60188 61250 367
49 61438 62500 347
50 62688 63750 328
51 63938 65000 361
52 65188 66250 302
53 66438 67500 256
54 67688 68750 258
55 68938 70000 251
56 70188 71250 293
57 71438 72500 264
58 72688 73750 293
59 73938 75000 256
60 75188 76250 278
61 76438 77500 322
62 77688 78750 262
63 78938 80000 251
64 80188 81250 357
65 81438 82500 320
66 82688 83750 313
67 83938 85000 309
68 85188 86250 313
69 86438 87500 324
70 87688 88750 297
71 88938 90000 280
72 90188 91250 366
73 91438 92500 302
74 92688 93750 287
75 93938 95000 302
76 95188 96250 258
77 96438 97500 316
78 97688 98750 279
79 98938 100000 271
210 events for 0
813 20
890 0
1277 16
2317 0
2367 20
2495 0
2879 16
3706 20
3777 0
3864 20
4673 0
5112 16
5597 17
5792 16
5862 0
7750 16
8001 0
8469 20
8640 17
9157 20
9560 0
9770 16
10281 0
10533 17
10537 0
10618 20
10644 0
10919 16
11602 0
12078 16
12545 0
13380 20
13623 0
13661 20
13853 17
13915 17
14579 0
16175 20
16716 0
16759 16
17282 20
18045 17
18921 17
19253 16
19373 0
19462 16
19582 16
20295 0
21045 16
21089 17
21202 0
21318 20
21890 0
22370 16
22506 0
22814 16
23026 20
23486 0
23576 20
23697 0
25497 16
25560 0
25685 17
25982 0
26080 16
26325 0
26787 17
27305 20
27325 16
27512 0
28494 17
28707 0
29516 16
29941 16
30387 17
30848 20
31398 0
31428 16
31582 0
31615 16
32449 0
32603 17
33504 0
34105 17
34123 20
34710 0
34872 16
35689 16
36831 0
37260 20
37516 0
37641 17
38936 0
39434 20
39860 0
40161 17
41117 0
42092 17
43291 20
44410 17
44458 0
44570 20
44775 17
44951 0
44955 16
45491 16
45512 20
45884 0
45962 17
46238 17
48042 16
49440 20
49534 16
50161 16
50351 20
50605 17
50665 16
50683 17
50846 0
52476 16
52596 0
55022 16
56185 0
56691 20
58180 16
58483 0
58523 17
59233 0
60132 16
60629 0
61352 17
61362 17
62079 0
62587 17
62686 0
63084 20
63320 0
64272 17
64572 0
64839 16
66013 0
66298 17
66369 16
67243 17
67850 0
67860 20
68009 0
68437 20
68444 17
68587 16
69893 17
72262 0
72300 16
72358 0
72741 16
73340 17
73624 0
73920 17
73999 0
75190 17
75579 0
75640 20
76052 17
76714 0
76728 17
77524 17
78987 0
79078 16
80094 0
80259 16
80454 0
81285 20
81850 17
82054 0
82079 20
82216 0
82480 17
83595 16
84103 0
84812 17
85526 0
85857 17
86803 0
87590 17
87894 0
88088 16
88175 20
89511 0
89675 16
89796 0
90432 20
90846 17
92023 17
92106 0
92393 16
92869 0
93489 16
94451 0
94747 16
94872 0
96299 17
96672 16
96742 0
97138 16
98222 0
98806 17
99081 0
99717 16
99884 0
99952 16
551 events for 1
406 81
524 56
602 56
768 0
888 81
1177 52
1183 52
1414 52
1569 0
1852 88
2331 0
2458 52
2758 0
2782 56
2920 0
3019 56
3349 0
3368 52
3431 0
3460 56
3500 0
3583 56
3849 81
4348 0
4406 88
4441 0
4479 77
4484 0
4497 56
4660 0
4889 77
5305 0
5411 81
5559 0
5611 77
5719 0
5877 81
6002 0
6156 88
6346 0
6406 77
6524 0
6578 81
7186 0
7452 81
7566 0
7653 81
7705 0
8005 52
8013 0
8033 81
8423 81
8783 0
8809 95
9001 81
9060 0
9203 95
9214 0
9453 77
9597 0
9706 56
9757 0
9972 95
9984 0
10230 56
10339 0
10613 77
11332 0
11336 88
11780 0
11832 88
12135 0
12790 56
13136 0
13261 77
13495 0
13514 52
13598 81
13790 0
13868 95
13871 52
13876 0
13907 92
13976 81
14165 81
14607 0
15234 81
15239 0
15537 77
15622 77
15953 0
16163 88
16219 0
16415 92
16569 0
16694 56
16775 0
16784 56
16895 0
17219 77
17222 0
17243 92
17665 0
17732 77
17823 0
18196 56
18338 0
18946 77
19162 0
19184 52
19196 0
19373 56
19831 0
19876 95
20681 0
20743 77
20764 0
20935 56
21011 0
21066 92
21662 0
21775 92
21802 0
21871 77
21879 0
21891 77
22063 0
22156 81
22284 81
22355 0
22479 56
22561 0
22680 56
22840 81
22893 0
23027 88
23036 81
23247 0
23433 88
23513 88
23719 0
24008 77
24009 92
24020 0
24288 77
24317 0
24480 88
24625 56
24816 0
25081 81
25363 0
25409 56
25460 92
25658 0
25754 95
26044 56
26145 0
26198 81
26359 0
26428 56
26468 0
26633 88
26968 0
27821 56
27837 0
27929 81
28654 0
28876 95
28992 0
29055 81
29147 0
29361 88
29469 95
29693 81
29723 88
29846 0
29961 95
30053 0
30063 95
30241 95
30355 81
30375 0
30805 81
30988 77
31238 0
31418 52
31435 0
31864 88
31878 0
32283 81
32312 56
32313 0
32753 88
32860 0
33080 92
33087 56
33302 0
33616 81
33807 0
33852 92
34022 0
34233 77
34390 0
34587 81
34686 52
34806 0
34852 77
34952 92
35158 52
35952 92
36092 0
36169 88
36373 0
36442 81
36474 0
36949 56
37396 56
37607 0
37826 56
38080 0
38164 81
38196 77
38257 0
38496 56
38556 56
38557 56
38566 81
38572 0
39153 77
39230 56
39240 81
39319 0
40048 52
40309 0
40596 56
40715 0
40721 56
40871 77
41094 0
41586 92
41888 0
41902 92
42152 0
42323 56
42397 0
42405 81
42510 0
43411 56
43496 56
43603 0
43781 92
43946 0
44612 81
44785 0
44890 95
45090 0
45376 81
45554 0
45693 77
45852 0
45883 81
46197 0
46322 95
46524 56
46644 0
46871 52
47209 77
47473 0
47597 88
47796 0
48076 56
48387 52
48414 95
48484 0
48549 52
48614 0
48627 81
48695 92
48759 56
49133 0
49223 88
49580 56
49688 0
49782 56
49807 88
50072 0
50427 92
50685 0
51023 81
51056 0
51143 56
51246 0
51334 88
51490 0
51632 92
51849 0
52018 95
52052 0
52174 81
52246 0
52644 56
52719 0
52935 81
53254 0
53356 56
53820 0
54406 56
54407 0
54624 56
54886 0
55174 92
55348 81
55808 81
55907 81
56169 0
56363 81
56380 92
56513 0
56645 56
57066 52
57069 0
57342 56
57375 0
57683 95
57751 0
58530 95
58690 77
58787 0
58815 52
59242 0
59319 95
59376 56
59451 81
59472 0
59581 88
59825 0
60082 95
60172 0
60271 81
60281 0
60596 56
60918 0
61040 88
61160 0
61461 81
61481 0
61493 77
61571 52
61581 0
61999 95
62350 0
62538 52
62554 0
62767 56
62914 0
62951 56
62998 0
63069 56
63259 0
63445 95
63863 0
63921 88
64490 0
64522 77
65024 0
65338 77
66215 0
66295 95
66551 0
66687 92
67014 95
67017 0
67163 52
67573 0
67683 56
67860 88
67874 0
67909 81
67921 56
67930 77
68170 0
68473 56
68714 0
68718 56
68989 0
69556 52
69641 0
69714 81
69761 77
69991 0
70568 77
70619 0
70921 95
71062 0
71071 56
71097 0
71223 56
71640 0
71673 56
71720 0
71773 56
71963 0
72280 95
72388 0
72557 52
72626 0
72644 52
72662 0
72699 95
73089 0
73090 56
73147 0
73155 92
73278 56
73376 81
73640 0
73877 88
74003 0
74089 56
74285 0
74923 81
74955 0
74989 77
75302 77
75331 92
75346 0
75502 52
75579 77
75605 56
75991 0
76075 52
76317 56
76415 0
76943 81
77236 0
77477 56
77622 0
78084 81
78169 0
78183 56
78293 0
78773 95
79000 81
79470 0
79821 81
79935 0
80036 88
80308 0
80377 88
80411 0
80426 88
80496 0
80991 95
81258 0
81357 88
81384 0
81418 92
81798 56
82202 0
82317 92
82464 0
82787 92
82809 0
83519 56
83609 88
83653 0
83894 56
83915 95
83998 0
84015 56
84081 81
85163 0
85167 88
85510 88
85733 0
85791 56
85927 52
86064 0
86085 56
86103 0
86200 52
86282 0
86481 92
86607 0
86695 95
86789 0
86833 81
86902 0
86930 56
86954 0
86998 77
87091 0
87152 52
87222 81
87290 88
87773 0
87853 52
87857 81
87867 0
87985 56
88067 56
88264 81
88419 81
88730 88
88811 0
89084 81
89337 0
89667 92
89814 95
89948 81
89993 0
90220 52
90825 52
90973 0
91004 92
91103 0
91258 77
91633 0
91669 81
91785 0
91832 95
91991 0
92447 56
92702 0
92704 88
93057 0
93127 56
93218 81
94249 0
94489 81
94837 92
95278 0
95309 81
95555 52
95713 88
96052 0
96403 92
97735 56
97764 0
97785 81
98122 81
98285 0
98460 81
98509 0
98529 52
98866 81
99110 0
99311 88
99622 81
99692 0
99824 56
399 events for 2
338 26
870 0
1034 38
1647 0
2018 23
2058 0
2085 23
2304 42
2781 0
2849 42
2965 38
2971 26
3380 0
3456 26
3516 26
3621 26
4271 0
4442 23
4579 26
4616 0
4832 42
5002 0
5086 42
5365 0
5621 23
6322 0
6334 26
6728 38
7222 0
7805 38
8577 0
9120 38
9638 0
9685 26
10072 0
10179 23
10852 38
10929 0
10931 38
11484 26
12015 0
12029 42
12415 42
12596 0
12658 26
12700 0
13477 42
13484 0
13718 38
14226 0
14373 38
14392 0
14484 42
14646 0
14809 23
14932 0
15180 38
15827 0
16128 38
16335 0
16525 26
16555 0
16588 38
17124 0
17425 42
17494 0
17587 23
18141 38
18399 42
18543 23
18562 0
19575 23
19899 0
20078 23
20168 0
20670 26
21198 38
21258 0
21826 38
22538 0
22725 42
23065 0
23082 38
23167 38
23211 0
23325 26
23342 26
23453 0
23881 23
24429 23
24449 0
24555 38
24900 38
25035 0
25701 23
26462 0
26831 23
27011 23
27123 0
27190 26
27499 42
27608 0
27622 38
28092 0
28808 38
29274 23
29321 0
29388 38
29495 0
29712 23
30075 26
30108 0
30110 42
30261 0
30593 26
30934 26
31022 23
31253 0
31286 23
31452 0
31794 38
32152 42
32866 0
33049 42
33072 38
33352 23
33361 0
33532 26
33550 0
33628 26
33696 0
34054 38
34072 42
34394 0
34525 42
34619 0
34868 26
34894 0
34952 42
34960 0
35141 42
35183 0
35193 38
35342 0
35409 26
36851 38
36984 0
37172 26
37282 23
37330 0
37677 23
37690 0
38182 38
38404 0
38668 42
38816 0
39188 42
39801 0
39875 42
40118 0
40506 38
40576 26
40748 0
41284 26
41635 0
42192 26
42536 38
42853 26
43063 0
43333 42
43405 0
43507 26
43552 0
43589 26
43917 23
44576 0
44588 38
44838 0
44878 23
45355 38
45681 0
45736 23
46022 0
46074 42
46274 0
46282 26
46582 38
46708 26
46716 0
47024 23
47268 0
47530 26
48256 0
48278 38
48353 0
48391 23
48941 0
48943 38
49120 38
49276 0
49375 38
49483 0
49751 23
49823 0
49994 38
50028 0
50195 38
50321 0
50438 42
50541 23
50619 0
51034 26
51222 0
51420 23
51810 26
52747 38
52768 0
52843 26
53047 0
53091 26
53098 0
53596 26
53802 0
53938 26
54022 0
54097 38
54286 0
54447 38
54608 26
54944 0
55607 42
55704 0
55938 26
56055 38
56272 0
56281 26
57425 0
57433 38
57443 42
57453 0
58093 26
58100 26
59550 0
59639 38
60381 0
60571 38
60911 38
60923 42
60933 0
60991 26
61067 0
61117 23
61481 0
61585 26
61639 0
61741 38
61768 0
61773 38
61845 38
62165 0
62254 38
62314 0
62446 38
63021 0
63505 26
63700 0
64202 23
64332 38
64568 26
64650 0
64967 42
65035 0
65186 38
65218 0
65363 26
65481 0
65491 38
66034 26
66707 0
66781 38
67391 0
67762 42
67777 0
67893 23
68692 23
68764 0
69112 23
69355 0
69388 26
69796 0
70440 42
70532 0
71323 38
71770 38
71874 0
71933 26
72044 0
72051 26
72166 0
72627 26
72631 0
72804 23
73365 0
73442 26
74210 0
74459 38
74511 0
74647 38
75050 0
75288 23
75604 0
75898 26
76275 0
76292 38
76929 0
78011 38
78103 0
78597 23
78623 26
78664 0
78667 23
78723 0
78754 23
78997 26
79239 0
79287 38
79432 42
79927 0
79943 26
80247 0
80895 26
80928 0
81099 26
81107 0
81187 38
81336 0
81757 38
81919 0
82116 26
82352 0
82370 23
82393 38
82403 0
82672 26
83295 0
83426 42
83601 23
83907 0
84184 38
84296 26
84510 0
84589 38
84690 38
84800 0
85630 26
86204 0
86754 26
86943 0
87010 38
87308 38
88594 0
89168 23
89829 0
89847 23
90525 0
91150 38
91740 0
91766 42
91900 0
92304 26
92729 0
92944 42
93624 26
93706 0
93933 38
94083 0
94431 38
94535 0
94802 26
94955 0
95486 38
95769 0
95834 26
96129 0
96555 38
97044 38
97610 38
97754 0
97822 23
98087 0
98405 38
98501 0
98536 38
98547 0
99180 26
99218 23
99714 0
99741 42
99775 26
721 events for 3
427 64
462 61
506 0
783 63
1122 0
1221 63
1250 0
1298 61
1536 63
2460 0
2505 63
2879 0
2914 63
2949 0
3095 63
3376 0
3433 64
3715 0
3810 63
3833 0
3841 63
4037 64
4142 0
4513 63
4561 64
4625 61
4741 0
4927 61
5063 0
5167 61
5174 0
5218 61
5632 61
5685 0
5743 63
5795 61
6057 0
6116 63
6358 63
6530 0
6816 63
6892 0
7170 63
7329 0
7345 63
7515 63
7637 0
7781 61
7786 0
7905 63
7992 63
8037 63
8308 0
8315 63
8372 0
8743 61
8833 0
8844 63
9002 61
9186 0
9254 64
9344 64
9430 0
9563 61
9615 0
10025 61
10086 0
10187 63
10207 0
10808 64
10966 0
11010 63
11094 63
11354 0
11504 61
11593 0
11810 61
11879 63
12026 63
12073 0
12381 64
12462 61
12544 0
12553 61
12667 0
13324 63
13487 0
13530 63
13645 0
13722 61
13795 0
14147 63
14328 0
14700 61
14847 63
14949 0
15094 61
15240 0
15280 63
15333 0
15386 61
15429 0
15938 63
16099 63
16125 61
16504 0
16536 64
16605 0
16809 61
17199 61
17213 61
17231 0
17562 61
17622 61
17649 63
17692 0
17804 61
17813 0
17999 64
18237 0
18305 61
18339 61
18424 61
18513 0
18557 63
18680 0
18980 61
19048 0
19067 61
19381 61
19410 0
19576 61
19823 63
19867 0
19959 63
20025 63
20109 0
20125 63
20370 64
20437 0
20706 63
20731 63
20761 0
20847 61
20981 0
21180 63
21263 0
21555 61
21660 64
21718 0
21735 63
21856 63
22181 0
22186 61
22379 0
22936 63
22940 0
23052 61
23220 0
23327 63
23591 61
23638 0
23710 63
23761 0
23879 63
24285 0
24444 63
24602 61
25174 61
25315 63
25397 0
25770 63
25948 63
26003 61
26083 0
26703 61
26790 61
26848 0
26861 61
26864 0
27060 61
27145 61
27225 0
27237 63
27371 61
27524 0
27787 61
27829 61
28150 0
28157 61
28515 61
28559 0
28716 63
28977 0
29533 63
29584 0
29635 63
29695 61
29820 0
29920 63
30008 0
30041 61
30071 0
30165 63
30450 0
30543 61
30564 0
30608 63
30817 0
30827 61
31021 0
31176 63
31523 63
31584 0
31592 61
31689 61
31864 0
32144 63
32281 0
32426 63
32441 61
32679 0
32841 61
32869 0
32939 64
33044 63
33187 63
33424 0
33562 63
33641 0
33698 63
33792 0
33814 61
34307 61
34334 0
34429 61
34611 0
34662 61
34751 0
34772 61
34883 0
34897 63
35087 63
35151 0
35184 64
35192 61
35195 0
35223 63
35306 63
35408 0
35721 61
35857 0
35900 64
36273 0
36300 61
36423 61
36618 63
36707 0
37019 61
37083 0
37109 61
37230 0
37236 63
37345 0
37361 61
37461 0
37740 61
37998 0
38289 61
38387 63
38443 0
38667 61
38736 63
39074 0
39656 64
40015 61
40017 61
40196 0
40446 63
40529 0
40549 64
40809 63
40914 0
41107 61
41341 0
41444 63
41510 0
41781 61
42005 0
42327 63
42464 0
42520 64
42647 61
42761 0
43069 61
43074 0
43208 64
43539 63
43554 61
43681 63
43761 0
43873 64
44122 64
44461 0
44556 61
44615 0
44669 63
44891 63
44920 0
45035 64
45176 61
45487 0
45492 63
45686 64
45830 61
46117 0
46265 61
46325 0
46570 61
46800 61
47026 0
47122 63
47274 0
47370 63
47374 0
47539 61
47605 0
47838 61
47881 61
47936 0
48014 61
48165 61
48623 0
48965 63
49167 61
49177 0
49182 61
49742 61
49983 0
50062 63
50099 0
50558 63
50694 0
50736 61
50795 0
51453 63
51613 0
51725 63
51919 0
52096 61
52195 0
52216 63
52230 0
52525 63
52652 0
52660 63
52666 0
52736 61
52794 61
53420 61
53519 0
53670 61
53837 0
53872 61
54217 0
54465 61
54467 0
54502 63
54697 0
55040 61
55123 0
55156 64
55325 0
55331 63
55372 0
56016 61
56218 0
56412 63
56457 0
56688 61
56832 61
56864 0
56877 64
57047 63
57059 0
57169 63
57195 61
57206 0
57456 61
57615 61
57769 61
57782 63
58287 0
58309 63
58322 63
58463 63
58522 61
58675 61
58891 0
58895 63
59418 0
59462 63
59517 0
59594 61
60052 0
60077 61
60638 0
60644 61
60759 0
60905 61
60907 0
61169 61
61395 0
61399 61
61594 61
61678 0
61726 64
61902 63
62631 0
63132 63
63177 0
63206 61
63616 0
63631 63
63974 63
64178 63
64254 0
64425 61
64689 0
64699 63
65311 63
65650 0
65692 61
65714 0
65715 63
65740 0
65856 63
65888 63
65950 0
66237 63
66476 0
66756 63
66902 0
66904 64
66938 61
66986 0
67007 61
67084 0
67332 63
67385 0
67862 61
67942 0
68002 63
68166 0
68178 63
68390 0
68429 61
68788 0
68887 61
68994 0
69032 61
69230 63
69250 61
69934 0
69941 63
70168 0
70324 61
70717 0
70725 61
70742 64
70901 0
70970 63
70998 0
71038 61
71096 0
71245 61
71318 0
71585 63
71747 0
71905 63
71949 0
72135 63
72167 0
72311 61
72481 61
72500 0
72503 63
72512 0
72544 63
72632 0
72708 61
72857 0
72915 61
73153 61
73169 63
73276 0
73628 63
73629 0
73682 61
73836 0
74090 63
74276 63
74710 0
74796 61
74848 63
75090 0
75097 61
75235 63
75564 61
75635 61
75685 61
75722 0
75765 61
75830 63
75854 0
75893 63
76120 0
76175 61
76373 0
76374 63
76385 61
76438 0
76439 63
76801 0
76853 63
76884 0
77183 61
77250 0
77283 61
77305 0
77373 63
77471 0
77582 63
77670 63
77767 0
77802 63
77827 0
78006 61
78159 0
78384 61
78731 0
78866 61
78892 0
79101 61
79436 63
79451 0
80136 61
80349 63
80364 0
80426 61
80487 0
80586 61
80655 0
80745 63
80757 64
80906 63
81114 0
81225 63
81290 0
81436 61
81591 0
81750 63
81788 63
81789 0
81928 61
81964 63
82050 63
82447 0
82537 61
82540 0
82542 63
82570 0
82590 61
82752 0
82810 61
82880 0
82923 61
83124 0
83151 63
83161 0
83289 63
83361 0
83431 61
83485 0
83591 61
83600 0
83663 64
83726 61
83817 63
83836 0
83856 63
84164 61
84254 0
84307 61
84478 0
84510 61
84780 63
84806 0
84836 63
84847 61
84988 0
85139 63
85328 0
85372 64
85455 0
85468 61
85672 64
85953 0
85994 64
86016 61
86145 0
86167 63
86428 61
86671 0
86672 63
86706 0
86916 61
87435 0
87533 63
87621 0
87797 63
88005 64
88280 0
88296 63
88378 0
88462 61
88500 0
88508 61
88532 0
88839 61
88847 0
88867 63
88869 0
89054 61
89106 63
89161 0
89205 61
89650 0
89850 61
89932 0
90064 64
90448 0
90628 63
90692 0
90735 61
90762 0
91038 63
91073 61
91170 61
91259 0
91358 63
91526 61
91553 63
91623 0
91701 63
91786 0
91796 61
91857 61
92054 61
92161 63
92607 0
92619 61
92743 0
92982 61
93152 0
93200 63
93233 0
93437 63
93648 0
93707 63
93715 0
93836 63
93934 0
94151 61
94176 0
94188 61
94368 0
94446 63
94487 0
94536 63
94603 0
94634 61
94736 0
94815 61
94871 0
95099 63
95136 0
95370 63
95615 0
95691 61
95723 0
95762 61
95930 0
96000 64
96021 0
96346 61
96382 0
96616 63
96619 0
96771 63
97105 61
97394 0
97492 61
97600 0
97747 63
97829 63
97993 0
98223 64
98229 0
98523 63
98530 61
98716 0
98764 64
98929 0
99282 61
99308 61
99320 61
99457 0
99526 61
99883 0
99987 61
109 events for 4
343 66
628 0
2275 58
2292 0
4545 58
4608 0
4884 66
5875 58
5901 0
6548 65
6757 0
8081 58
8156 58
8169 0
8714 58
8766 0
9285 65
12309 0
12562 66
12956 66
12967 58
13868 0
15183 58
15928 0
16574 58
17274 0
19697 58
20076 0
20783 65
21697 0
22380 65
22887 0
23508 66
24632 0
25639 58
26649 0
29187 65
30505 0
31047 58
32687 58
32809 0
38310 58
38944 0
40636 65
40712 0
40797 58
41143 0
41953 65
43186 0
43211 58
45607 0
46197 58
47441 58
48537 0
48880 65
52144 0
53925 65
55216 0
58584 58
58872 0
59191 65
59820 0
60440 65
60881 0
62075 65
63395 0
64159 66
65184 0
65472 65
66139 0
68240 66
68431 0
69381 58
69459 0
70042 65
72051 66
73462 0
74895 65
75348 0
75475 65
76773 0
77752 65
77766 0
78533 65
78862 0
79137 58
79302 65
81131 0
81785 58
84176 0
84405 65
84674 0
86217 65
87345 58
87436 66
88869 0
89630 66
89852 65
90486 66
92469 0
92833 65
93801 0
94539 58
95504 0
96799 65
98333 65
99076 0
99115 65
99488 0
927 events for 5
195 90
213 0
299 91
470 0
523 91
627 0
832 91
981 0
984 91
1061 0
1135 91
1254 91
1291 90
1416 0
1592 90
1627 0
1676 91
1758 90
1836 91
1959 0
2043 91
2049 91
2078 0
2307 90
2404 0
2475 91
2641 0
2836 91
2897 90
3079 0
3091 90
3114 0
3144 90
3274 91
3279 0
3407 91
3413 91
3417 91
3465 0
3489 91
3545 0
3579 90
3611 0
3650 91
3654 91
3865 91
3936 0
4250 91
4269 0
4453 91
4839 0
5039 91
5047 91
5204 0
5299 91
5380 0
5727 91
5820 0
5862 91
6045 91
6113 0
6221 91
6369 0
6378 91
6398 0
6428 90
6767 0
6988 91
7077 0
7087 91
7196 91
7265 0
7384 91
7451 0
7655 90
7750 0
7836 91
7986 0
8001 91
8007 0
8024 91
8113 91
8437 90
8549 0
8566 90
8628 91
8707 0
8790 91
8840 0
8926 91
8947 91
9122 0
9172 91
9196 0
9205 91
9302 0
9311 91
9426 91
9440 91
9466 0
9485 91
9509 91
9520 0
9632 91
9754 0
9859 90
9934 0
9975 91
10049 90
10227 91
10358 0
10439 91
10505 0
10583 91
10998 0
11373 91
11423 0
11441 91
11489 90
11500 0
11655 91
11713 0
11847 91
12033 91
12129 0
12232 91
12316 0
12403 91
12520 0
12731 90
12822 91
12838 0
12856 91
12905 0
12989 91
13004 0
13465 91
13718 0
13921 91
14160 90
14170 0
14228 91
14288 90
14379 90
14455 0
14588 91
14630 0
14958 91
14980 0
14998 91
15064 90
15158 0
15161 91
15219 0
15231 91
15263 90
15273 0
15377 90
15426 0
15458 90
15990 0
16074 90
16184 0
16212 91
16296 0
16355 91
16387 0
16495 90
16560 0
17037 90
17337 0
17507 91
17854 0
17921 91
18249 0
18363 91
18421 0
18575 90
18647 91
18860 0
18938 90
19091 0
19303 91
19382 0
19399 91
19561 0
19952 91
19966 0
20023 91
20085 91
20106 0
20131 91
20194 0
20257 91
20341 0
20438 91
20737 0
20749 91
20765 0
20914 91
21372 0
21393 91
21526 0
21794 90
21821 0
21829 90
21890 0
21932 91
22098 0
22201 91
22247 0
22267 91
22335 0
22346 91
22395 0
22437 90
22496 0
22758 91
22760 0
22921 90
23074 0
23084 91
23317 0
23402 90
23472 0
23572 90
23646 0
23911 90
23928 0
24062 91
24124 91
24222 91
24257 0
24478 91
24829 91
25033 90
25050 0
25113 91
25193 0
25273 91
25319 0
25425 91
25725 91
25726 0
25900 91
25968 0
26029 91
26295 0
26312 91
26460 0
26514 91
26715 91
26861 0
27026 91
27098 0
27166 91
27413 90
27968 0
28106 90
28123 0
28186 91
28330 0
28340 90
28366 0
28508 91
28533 91
28620 0
28635 91
28793 91
28806 91
28846 0
28866 91
28905 91
28938 91
29001 91
29126 91
29244 91
29348 0
29383 90
29650 0
29803 91
29818 0
29938 91
29985 0
30055 90
30165 0
30248 90
30262 0
30313 91
30369 0
30400 90
30468 0
30574 91
30582 91
30587 0
30706 90
30860 91
30866 0
31022 91
31036 0
31231 91
31411 91
31531 90
31658 91
31665 0
31690 91
31897 0
31909 90
32190 0
32213 90
32320 0
32392 91
32412 0
32503 90
32515 0
32839 91
32928 0
33003 91
33142 0
33192 91
33270 91
33297 0
33342 91
33379 0
33498 90
33531 0
33681 91
33694 0
33749 90
34257 0
34352 91
34408 0
34461 91
34479 91
34567 91
34644 0
34689 91
34693 0
34843 91
34861 0
34982 90
35134 0
35177 90
35397 91
35474 0
35565 91
35788 0
35983 90
36347 91
36695 91
36805 90
36856 0
36886 91
37045 0
37063 91
37079 91
37218 0
37221 91
37297 0
37435 91
37553 0
37568 91
37870 0
37876 91
37903 0
38208 91
38289 0
38316 91
38320 0
38508 91
38559 0
38682 91
38766 90
38804 91
38816 0
38867 90
39089 0
39129 90
39238 0
39267 91
39627 0
39935 91
39964 0
40077 91
40093 0
40131 91
40240 0
40315 91
40714 90
40855 0
40900 91
40914 0
41085 91
41090 0
41230 91
41285 0
41386 91
41936 0
42000 91
42008 0
42031 90
42326 0
42515 91
42782 0
42786 90
42887 0
43003 90
43159 90
43206 0
43304 91
43401 0
43417 91
43681 0
43715 91
43736 90
43827 91
43830 0
43847 91
44202 0
44470 91
44524 0
44528 91
44700 0
44797 91
44808 0
44896 90
45029 0
45077 91
45091 0
45102 91
45111 0
45367 90
45665 90
45688 0
45916 91
46021 0
46335 91
46336 0
46410 90
47005 0
47013 91
47022 0
47125 91
47231 0
47249 91
47345 91
47549 91
47586 0
47601 91
47623 91
47682 0
47977 91
48125 0
48381 90
48434 91
48668 91
48772 0
48824 91
49155 0
49470 91
49484 90
49709 91
49773 0
49840 90
49909 0
50037 90
50105 0
50283 90
50367 91
50443 0
50536 91
50642 0
50679 90
50731 91
50947 0
51072 90
51088 0
51306 91
51411 91
51528 0
51538 91
51568 0
51682 91
51829 0
51935 91
52171 0
52180 91
52368 91
52369 91
52389 0
52529 91
52822 91
52873 0
52965 90
53179 0
53236 91
53535 91
53585 0
53617 91
53637 90
53761 91
53929 0
53946 90
54028 0
54083 91
54349 91
54503 91
54809 0
54950 91
55042 0
55060 91
55074 0
55079 91
55159 0
55238 91
55269 0
55333 91
55410 0
55520 91
55591 0
55679 91
55849 91
55941 0
56472 90
56663 0
56746 91
56844 90
56952 0
56982 91
57200 0
57396 91
57498 0
57510 91
58447 0
58463 90
58650 91
58657 91
58864 0
58915 90
58960 91
58978 0
59032 91
59111 0
59152 91
59387 0
59461 90
59522 0
59579 91
59824 0
59834 91
59870 91
59972 0
60037 91
60172 91
60251 91
60320 0
60335 91
60406 91
60458 91
60579 0
60689 91
60906 0
61183 90
61244 0
61350 91
61408 0
61705 91
61852 0
62060 91
62151 91
62332 0
62362 90
62466 90
62745 0
62779 91
62797 0
62828 91
62878 0
62932 91
63056 0
63122 91
63163 91
63193 91
63315 90
63430 0
63882 91
63925 0
64042 91
64094 0
64163 91
64406 0
64466 91
64638 0
64672 91
64791 0
65013 91
65173 0
65289 91
65407 0
65430 91
65519 0
65624 91
65631 0
65774 91
65810 0
65904 91
66065 0
66132 91
66537 0
66559 91
66889 91
67095 91
67133 0
67184 91
67257 0
67318 91
67375 0
67463 91
67533 91
67546 0
67711 90
67717 0
67962 90
68055 0
68331 91
68335 0
68386 90
68409 0
68483 90
68556 91
68653 0
68780 91
68788 0
68878 90
68887 90
68957 0
69036 90
69073 91
69152 0
69204 91
69390 0
69426 90
69443 0
69451 91
69519 0
69906 90
69976 91
70063 91
70471 91
70512 0
70531 90
70532 0
70605 91
70738 91
70744 0
70783 91
70906 91
70978 0
71009 91
71085 0
71255 91
71321 0
71346 91
71463 0
71599 91
71722 91
71764 0
71812 91
71947 0
72269 91
72274 91
72377 0
72384 91
72415 0
72548 91
72673 90
72702 91
72792 0
72992 91
73089 0
73101 91
73562 0
73639 91
73713 90
73931 0
73953 91
74023 0
74086 91
74168 90
74202 0
74345 91
74379 0
74751 90
74761 0
75071 91
75115 91
75334 0
75382 91
75414 0
75562 91
75656 91
75950 0
75973 91
76007 90
76417 90
76419 90
76691 0
76707 91
76780 90
76836 0
76856 91
76858 0
76877 90
77002 0
77031 91
77107 0
77390 91
77619 0
77702 90
77806 0
77813 91
78008 0
78136 91
78214 0
78217 91
78374 0
78477 91
78547 91
78560 0
78593 91
78989 0
79147 90
79221 0
79237 90
79328 0
79408 91
79447 0
79537 91
79558 90
79640 90
79675 0
79720 91
79824 0
79893 90
80003 0
80086 91
80129 91
80211 0
80300 90
80451 91
80461 91
80996 0
81072 90
81137 91
81351 0
81443 91
81513 91
81580 91
81583 0
81905 91
82066 0
82196 91
82204 0
82220 91
82465 0
82662 90
82746 91
82855 0
82875 91
83037 0
83054 91
83080 0
83156 91
83408 91
83454 0
83563 91
83905 90
83946 0
84204 90
84260 0
84301 91
84313 0
84371 91
84494 0
84535 90
84541 0
84574 91
84695 90
84738 0
84828 90
84864 0
84963 91
85308 0
85352 90
85387 0
85452 91
85474 91
85544 0
85677 90
85686 0
85720 91
85771 0
85799 91
85807 91
86060 90
86236 90
86354 0
86564 91
86635 0
86684 91
86724 0
86756 91
86891 91
87091 0
87118 91
87144 91
87257 0
87297 91
87325 0
87388 91
87401 0
87787 91
88127 91
88157 91
88199 91
88450 0
88554 91
88593 0
88595 91
88649 0
88826 90
88857 0
88895 90
88924 0
89174 90
89312 0
89483 90
89586 0
89628 91
89641 91
90002 0
90036 90
90068 0
90357 91
90606 0
90613 91
90884 0
91064 90
91269 0
91348 91
91497 0
91581 91
91649 0
91946 91
92174 0
92215 91
92383 0
92423 91
92450 91
92597 0
92602 91
92676 91
92687 0
92696 90
92790 91
92866 0
92949 90
93096 91
93181 0
93307 91
93410 0
93521 91
93523 0
93531 91
93548 0
93716 90
93920 0
93947 91
93995 0
94389 91
94419 0
94444 91
94557 0
94786 91
94827 0
95093 91
95167 0
95194 90
95198 0
95264 91
95514 0
95572 91
96121 0
96167 91
96272 0
96306 90
96448 0
96484 91
96506 0
96587 90
96647 0
96706 91
96744 90
96876 0
96895 90
97025 0
97034 91
97117 0
97155 90
97170 90
97195 0
97224 91
97225 0
97459 91
97565 0
97635 91
98032 0
98042 90
98044 0
98432 91
98481 0
99085 90
99318 0
99381 91
99397 0
99507 91
99781 0
488 events for 6
68 57
108 0
1251 57
1356 40
1398 0
1457 81
2031 0
2280 40
2546 0
3112 94
3312 0
3409 35
3689 0
4110 50
4462 0
4635 83
4669 0
4826 94
4915 0
4923 35
5136 81
5157 0
5228 50
5525 0
5868 81
6442 0
6449 81
6822 0
7219 40
7333 0
7335 40
7373 0
7381 50
7664 0
7713 81
7877 0
7949 50
8158 81
8170 0
8271 40
8770 0
8905 83
9058 0
9130 94
9300 0
9407 35
9409 0
9421 40
9529 81
9553 0
10012 57
10320 40
10496 81
10649 81
10908 0
10945 35
11826 83
11921 0
12356 35
12541 0
12681 40
12785 0
13070 40
13087 0
13438 50
13899 0
13987 94
14284 81
14563 0
15102 57
15405 81
15516 0
15849 81
16333 0
16943 94
17061 0
17631 40
17644 0
17951 83
18163 35
18521 0
18898 81
18905 81
18927 0
19005 50
19093 94
19243 57
19445 0
19968 94
20360 35
20529 0
20578 50
20921 40
21330 83
21498 0
21694 40
21712 57
22189 0
22204 57
22555 50
22731 0
22764 40
23346 0
23531 50
23687 0
23892 94
24277 83
24759 0
24876 50
24983 0
25089 81
25119 0
25529 40
25678 0
25779 81
26014 0
26096 50
26306 0
26490 94
27222 94
27259 0
27611 40
27924 0
27933 57
27969 57
28045 35
28207 0
28412 57
28655 40
28665 0
29629 50
29714 0
30107 50
30154 0
30183 83
30193 83
31030 0
31249 40
31259 0
31282 50
31480 40
31561 35
31746 50
31889 0
32079 40
32101 0
32110 35
32282 81
32333 0
32517 83
32727 0
32731 35
32953 94
33076 0
33248 57
33381 0
33452 81
33474 81
33781 0
34115 81
34240 83
34656 81
34738 0
34927 81
34959 94
35128 0
35280 35
35889 0
36086 40
36476 40
36518 0
36661 50
36675 94
36761 0
37057 94
37183 81
37518 0
37585 94
37793 0
38026 81
38427 0
38959 50
38980 0
39204 50
39400 83
39461 0
39591 40
39648 35
40173 0
40297 50
40617 0
41056 81
41609 94
41656 0
41697 35
41836 35
41869 0
41880 81
42131 0
42209 50
42223 0
42326 40
43389 0
44087 81
44114 0
44141 81
44314 0
44699 50
44721 94
44725 40
44791 57
45023 0
45240 40
45635 0
45924 94
46009 0
46105 94
46154 0
46423 83
46877 94
47185 0
47202 35
47295 0
47579 81
47598 0
48005 81
48067 0
48544 81
48556 0
48893 57
49094 35
49385 0
49501 40
49676 0
50252 83
51146 0
51347 94
51770 81
51963 50
52158 35
52214 0
52319 40
52665 0
53591 94
54269 0
54282 40
54535 0
54929 81
55146 0
55263 35
55543 0
55878 94
55930 0
55943 40
56714 0
56738 81
56752 0
56779 94
57304 0
57369 35
57576 50
57650 0
57822 50
58089 0
58095 40
58172 0
58236 50
58242 0
58758 94
58879 0
59181 40
59476 0
59576 57
59604 40
60087 83
60264 0
61946 50
62156 0
62363 94
62518 0
62520 35
62578 0
62579 57
62702 0
62728 35
62913 0
63029 40
63166 0
63205 35
63221 0
63228 81
63278 0
63345 40
64546 0
64608 94
64624 50
64952 0
64953 40
65040 0
65071 50
65135 0
65326 83
65381 0
65624 57
65804 94
66191 0
66369 94
66598 0
66618 40
66710 0
66846 35
66892 94
66920 0
66974 35
67109 0
67171 57
67250 0
67327 81
67401 0
68007 40
68242 0
68364 94
68818 0
69002 50
69259 0
69272 81
69533 81
69587 0
69706 40
69801 0
69941 94
70060 40
70133 0
70288 40
70459 0
70815 50
71015 94
71803 0
71848 40
72293 0
72372 40
72747 0
72864 35
73148 0
73392 35
73925 0
74002 40
74160 35
74170 50
74507 0
74639 50
74810 0
74976 40
75073 0
75317 35
75628 0
75680 94
75783 0
75918 35
76220 0
76740 94
76898 0
77089 57
77156 94
77322 0
77767 94
77814 0
78191 50
78328 40
78711 0
78719 94
79068 0
79119 35
79201 0
79353 35
79448 0
79725 81
79930 0
79964 81
79972 0
80356 83
80683 0
80804 83
80935 0
81022 35
81231 0
81331 83
81414 0
81433 35
81519 0
81575 50
82016 0
82081 50
82095 0
82498 57
82692 0
83161 81
83167 0
83213 35
83260 83
83447 0
83727 40
83805 0
83855 83
84243 0
84765 40
84789 0
85424 94
85457 0
85510 83
85569 83
85595 50
85607 0
85667 40
85874 0
85923 57
86035 83
86039 0
86478 35
86515 0
86694 50
86852 0
86863 94
86883 0
87399 81
87470 0
87635 57
87849 0
87869 81
88747 0
88837 94
88887 0
89381 57
89394 83
89625 0
89917 57
90185 0
91070 50
91366 94
91802 0
92041 81
92206 0
92309 81
92397 0
92759 94
92781 0
92931 94
92933 0
93021 57
93508 57
93692 0
93865 50
93941 0
94103 57
95502 0
95577 40
95784 40
95785 0
96034 57
96141 0
96294 83
96307 40
96544 81
96941 0
97052 94
97518 0
97589 40
97682 57
97873 0
97900 94
98106 0
98133 94
98182 0
98435 83
98451 35
98596 0
98693 81
99029 0
99032 40
99101 0
99146 83
99224 0
99442 83
99464 94
99587 0
99691 83
99711 0
99761 50
822 events for 7
119 63
166 0
264 51
395 60
622 0
777 39
801 0
1594 37
1693 60
1727 0
1786 37
1897 0
2091 37
2290 0
2375 37
2595 63
2925 0
2988 60
3016 0
3069 55
3190 0
3267 55
3270 0
3272 63
3668 63
3682 37
3897 51
3983 0
4084 60
4232 0
4322 55
4400 0
4414 51
4446 0
4510 63
4655 0
5045 39
5059 0
5277 63
5393 39
5409 60
5530 0
5651 37
5674 0
6016 55
6053 0
6087 55
6180 0
6197 39
6371 60
6455 60
6489 63
6574 0
6644 60
6801 0
6828 60
7219 0
7707 55
7817 0
7961 63
8115 55
8291 0
8378 60
8395 0
8541 63
8559 0
8644 55
8670 39
8993 0
9188 55
9495 0
9600 51
9620 51
9645 0
9713 51
9749 0
9879 63
9935 0
10034 55
10202 0
10215 37
10279 0
10367 60
10373 0
10798 55
10819 63
11082 55
11219 0
11263 39
11431 51
11480 51
11947 0
12063 60
12124 0
12148 60
12156 0
12225 60
12364 63
12539 0
12569 51
12576 0
12786 55
12998 63
13141 0
13228 51
13258 0
13446 37
13551 0
14040 39
14260 0
14391 51
14505 0
14833 51
14837 0
14952 39
15172 0
15199 37
15309 0
15359 60
15507 63
15526 60
15555 63
15717 0
15751 51
15778 0
15785 60
15908 55
15911 0
16007 63
16012 0
16053 37
16375 0
16562 55
16643 0
16720 63
16745 0
16903 37
16966 0
17038 55
17082 51
17312 0
17418 60
17485 0
17628 39
17739 0
17846 63
17861 0
18110 60
18137 0
18275 39
18358 51
18446 51
18447 0
18497 63
18547 63
18902 0
19254 60
19279 0
19460 63
19658 0
19740 39
19774 37
20265 0
20542 51
20618 0
20621 51
20755 0
20791 37
20816 0
20828 55
20954 0
21017 55
21147 0
21233 51
21406 37
21659 37
21748 0
21749 63
21902 0
21937 60
22031 0
22036 51
22043 0
22179 55
22189 0
22229 60
22268 0
22315 63
23235 0
23278 39
23422 0
23648 37
23657 60
23679 55
23799 39
23802 63
23976 0
24164 39
24212 0
24276 39
24330 0
24375 63
24563 0
24583 39
24623 39
24939 0
25112 55
25271 0
25495 63
25586 0
25749 63
25961 0
26058 39
26293 0
26301 60
26386 0
26427 60
26522 0
26549 37
26665 63
26832 60
26958 60
27037 39
27207 0
27235 51
27271 60
27614 0
27623 37
27882 51
28090 0
28101 63
28164 0
28254 37
28316 63
28328 0
28430 60
28458 0
28520 37
28585 0
28613 63
28747 63
28863 0
28985 37
29459 0
29559 55
29725 63
29780 0
29825 60
29848 0
30751 63
30832 0
30917 55
31158 0
31187 39
31573 0
31673 63
31760 60
31803 60
31847 37
31884 0
31959 55
32067 39
32127 63
32197 0
32345 63
32375 0
32593 60
32641 51
32772 0
32778 60
32811 0
33284 55
33386 0
33410 63
33556 0
33603 55
33884 0
34040 55
34050 51
34102 0
34232 60
34461 37
34494 0
35121 39
35157 0
35323 60
35370 0
35488 37
35706 0
35806 39
36312 0
36374 51
36385 0
36412 37
36561 0
36805 37
36910 39
36995 0
37181 55
37378 0
37465 55
37581 0
37650 60
37797 0
37874 55
37998 0
38035 37
38053 0
38175 51
38290 0
38466 55
38495 55
38528 0
38601 39
38692 39
38883 0
38941 63
39021 0
39214 55
39241 0
39328 51
39464 63
39470 51
40204 0
40757 63
40789 0
40909 60
41068 0
41100 60
41110 0
41171 63
41305 0
41313 39
41368 0
41488 37
41545 37
41698 0
41731 60
41908 55
41976 0
42106 55
42183 0
42257 39
42275 0
42313 39
42474 0
42548 37
42663 0
42735 37
42954 0
42991 63
43085 39
43266 0
43336 63
43352 0
43593 55
43744 60
43946 51
43950 0
43966 51
43988 0
44199 60
44751 0
44908 55
44971 0
45090 63
45244 55
45515 0
45552 51
45742 0
45760 39
45947 55
45962 63
46103 0
46133 60
46166 0
46362 39
46461 0
46519 63
46531 60
46631 0
47477 51
47554 60
47792 0
47851 63
47946 0
48521 55
48587 0
48611 37
48706 0
48895 37
48952 0
49041 51
49046 0
49058 51
49068 0
49102 39
49151 0
49246 51
49563 0
49689 60
49727 0
49793 37
49808 51
49860 39
49889 0
49989 63
49993 0
50012 55
50458 0
50508 63
50527 0
50556 63
50563 0
50714 39
50934 0
50984 37
51037 0
51227 63
51230 0
51303 51
51359 0
51533 55
51647 0
51708 51
51762 0
51869 39
51900 63
51935 63
51948 39
52099 0
52102 51
52116 0
52176 60
52182 0
52214 37
52240 0
52263 51
52299 0
52426 55
52449 0
52613 55
52696 0
53013 39
53117 0
53201 60
53215 0
53378 51
53595 0
53753 37
53801 0
53918 37
53940 0
54007 63
54052 0
54068 39
54378 0
54445 63
54510 37
54789 37
54813 0
54896 51
55141 37
55255 0
55281 51
55352 51
55433 0
55441 55
55600 0
55739 63
55835 0
55845 39
55883 0
55896 63
55916 0
56432 37
56466 0
56474 63
56547 0
56578 39
56619 0
56693 63
56795 0
56838 37
57024 0
57086 51
57114 0
57316 63
57380 0
57409 63
57420 0
57439 37
57448 0
57458 37
57630 0
57654 39
57702 0
57745 55
58094 0
58231 37
58346 0
58457 37
58466 37
58998 0
59099 39
59164 51
59182 37
59481 0
59563 60
59768 0
59817 39
59903 0
59973 51
60020 0
60060 55
60116 0
60439 63
60443 0
60737 60
60817 63
60829 0
60885 51
61203 51
61514 0
61988 39
61997 0
62162 55
62599 51
62826 0
63106 60
63112 0
63261 37
63374 63
63599 0
63992 63
64100 0
64143 55
64436 0
64453 63
64701 39
64809 51
65322 0
65335 63
65481 39
65502 0
65642 37
65801 0
65919 63
66209 0
66335 51
66961 0
67150 39
67443 0
67680 39
67701 0
67946 55
68119 0
68123 55
68434 0
68435 37
68529 63
68614 0
69224 60
69440 60
69558 0
69560 37
69578 0
69635 51
69678 60
69845 0
69880 39
69882 0
69913 39
69973 0
70002 55
70037 0
70126 55
70187 39
70317 0
70357 51
70360 0
70378 39
70410 0
70603 37
70715 0
70792 55
70830 0
70898 37
70906 0
71211 63
71250 0
71324 63
71421 0
71536 63
71614 63
71779 60
71854 0
71877 39
71957 0
72020 55
72059 0
72124 37
72254 0
72397 39
72467 63
72513 0
72537 63
72809 0
72824 55
73104 0
73132 37
73284 0
73306 51
73341 0
73433 60
73434 0
74027 55
74093 0
74384 60
74856 0
75019 37
75036 0
75121 60
75138 37
75682 0
75751 55
76187 0
76438 37
76451 0
76543 37
76922 0
76948 39
77259 0
77292 51
77349 0
77431 39
77628 0
77836 63
77863 55
77957 51
78028 0
78112 55
78147 0
78193 60
78248 0
78699 55
78833 0
78911 39
78982 0
79249 51
79313 0
79753 51
79794 0
79896 37
79971 0
80699 60
80796 0
80824 60
80983 0
81133 37
81294 0
81397 51
81480 63
81567 0
81740 60
82189 0
82260 60
82400 63
82429 0
82740 37
82768 0
82803 60
83143 0
83228 39
83229 0
83310 37
83407 37
83445 0
83591 39
83820 0
83892 37
83932 0
84050 60
84116 39
84191 60
84328 39
84627 0
84728 63
84847 0
84883 39
84981 0
85002 63
85089 0
85113 37
85213 0
85925 39
85942 0
85981 39
86011 0
86137 37
86139 0
86367 63
86379 0
86419 51
86454 63
86537 0
86799 60
86915 0
87008 63
87032 0
87040 37
87275 0
87443 37
87524 0
87675 51
87723 0
87772 37
87801 0
88127 55
88132 0
88181 37
88329 0
88369 60
88537 60
88559 51
88653 0
88676 55
88775 0
88889 60
89032 37
89036 55
89324 0
89467 37
89555 0
89597 37
89604 0
89614 63
89618 60
89669 0
89704 39
89951 0
90138 55
90179 0
90350 39
90528 51
90987 0
91040 37
91106 0
91197 51
91251 0
91275 39
91512 0
91578 55
91682 0
91685 39
91798 0
91888 39
92016 0
92050 37
92052 0
92067 37
92450 0
92781 39
92970 63
92989 39
92993 0
93051 55
93078 0
93149 60
93285 0
93449 60
93467 60
93510 0
93541 55
93776 0
93954 55
93995 39
94433 0
94557 55
94610 0
94735 60
94864 0
94936 55
95182 63
95364 0
95573 51
95588 0
95720 51
95744 0
95918 60
96017 63
96383 0
96471 39
96511 0
96566 63
96862 0
96869 55
96967 0
97004 63
97010 0
97013 60
97418 0
97699 39
97700 55
97732 0
97878 51
97970 0
97972 55
98028 60
98122 0
98188 55
98225 0
98326 63
98397 0
98619 55
98676 0
99139 37
99372 39
99427 63
99628 0
99848 39
99905 51
