8 buffers
267249 4167
504875 89084
139633 21196
257781 47451
221448 36111
388707 63480
245453 2150
385015 42798
40 downlinks
0 375 2500 414
1 2875 5000 416
2 5375 7500 336
3 7875 10000 284
4 10375 12500 412
5 12875 15000 310
6 15375 17500 412
7 17875 20000 283
8 20375 22500 366
9 22875 25000 324
10 25375 27500 282
11 27875 30000 315
12 30375 32500 305
13 32875 35000 331
14 35375 37500 325
15 37875 40000 284
16 40375 42500 332
17 42875 45000 305
18 45375 47500 400
19 47875 50000 359
20 50375 52500 303
21 52875 55000 287
22 55375 57500 323
23 57875 60000 303
24 60375 62500 289
25 62875 65000 403
26 65375 67500 304
27 67875 70000 418
28 70375 72500 356
29 72875 75000 295
30 75375 77500 370
31 77875 80000 404
32 80375 82500 365
33 82875 85000 335
34 85375 87500 373
35 87875 90000 305
36 90375 92500 367
37 92875 95000 399
38 95375 97500 326
39 97875 100000 342
749 events for 0
375 51
468 0
520 51
894 0
964 57
1360 0
1426 63
1550 0
1689 57
1717 0
1727 63
1965 49
2055 51
2065 0
2278 51
2355 0
2688 63
3071 0
3205 49
3670 0
3781 57
4000 0
4333 51
4383 49
4406 0
4511 49
4562 57
4808 0
5019 51
5230 51
5325 51
5569 0
5605 63
5762 51
5915 0
5945 51
5994 0
6511 63
6667 0
6899 57
7111 49
7335 57
7643 0
7794 57
7834 0
8088 51
8120 0
8365 49
8377 49
8432 0
8503 63
8545 51
8551 0
8892 51
9004 0
9022 57
9203 49
9348 0
9396 57
9501 49
9601 0
9667 51
9690 0
9830 63
9920 0
9921 57
10006 0
10512 49
10735 0
10820 57
10945 0
11260 63
11305 57
11315 57
11495 63
11517 51
11543 0
11572 57
11579 57
11663 49
11717 0
11775 63
11874 51
11918 0
12041 57
12097 0
12148 63
12169 0
12187 63
12475 0
12558 63
12670 0
12750 63
12764 49
12780 0
12820 49
12863 49
12983 63
13004 0
13026 57
13047 51
13074 0
13077 57
13213 0
13240 49
13482 0
13509 57
13599 49
13715 0
13747 57
13859 0
14099 51
14131 0
14543 63
14555 49
14607 0
14724 51
14792 0
14872 49
15101 63
15166 0
15310 51
15612 0
15666 63
15840 57
16118 49
16295 63
16637 51
16647 0
16654 49
16788 63
16803 0
17427 57
17432 0
17477 49
17509 0
17546 57
17555 51
17704 0
17759 63
17822 0
17892 51
18045 0
18292 51
18525 0
18763 49
18775 0
18934 51
19260 0
19513 49
19722 0
19755 63
19785 0
19823 51
19825 49
19869 49
19909 49
20025 0
20152 51
20208 57
20212 0
20239 63
20245 0
20294 63
20561 0
20580 49
20588 57
20616 0
21259 63
21355 0
21847 57
21918 0
21952 57
22031 0
22123 51
22190 0
22301 63
22482 57
22615 0
22674 57
22778 0
22787 57
23132 63
23143 0
23544 63
24250 49
24463 57
24515 0
24702 51
24759 63
25066 57
25132 49
25221 63
25403 0
25723 57
25835 0
25907 51
26300 0
26625 49
26919 0
26928 51
26931 0
27095 57
27208 0
27241 57
27267 63
27349 0
27488 49
27534 0
27552 49
27781 63
28065 0
28320 63
28329 63
28351 0
28439 63
28483 49
28499 0
28626 63
28657 49
28754 0
28862 49
28877 0
28888 51
29085 0
29254 49
29479 49
29483 0
29484 63
29490 0
29613 57
29744 49
29764 0
29938 63
30018 0
30063 51
30222 0
30406 51
30559 0
30611 63
30627 0
30682 51
30753 0
30848 51
30900 0
31661 51
32054 51
32064 49
32133 0
32362 63
32447 63
32718 49
32830 63
33005 0
33097 49
33175 0
33197 63
33280 0
33322 63
33407 0
33706 49
33835 0
34028 63
34404 63
34454 49
34528 0
34673 57
34696 0
34976 49
35246 0
35809 49
35925 0
35999 49
36087 0
36290 51
36441 0
36477 49
36542 0
36682 63
36684 63
36817 51
36919 0
37222 57
37472 0
37553 63
37949 63
37950 0
38263 51
38535 49
39036 57
39097 0
39171 57
39467 0
39508 63
39725 63
39835 0
39867 51
40182 0
40376 49
40446 0
40467 51
40779 0
40883 51
41001 0
41033 63
41103 0
41397 51
41500 0
41694 49
41799 0
42049 49
42111 0
42120 49
42128 0
42201 51
42382 0
42407 57
42414 0
42465 49
42474 49
42526 0
42704 57
42746 49
42762 0
42842 63
42847 63
42918 57
43045 0
43113 49
43296 0
43365 57
43446 49
43692 0
43707 49
43799 51
43904 0
43998 63
44066 49
44099 49
44114 0
44154 51
44184 0
44589 63
44632 0
44738 57
44750 0
44751 51
44859 0
44861 57
45091 0
45144 57
45241 0
45427 63
45463 0
45467 49
45675 0
45844 57
45960 0
46455 51
46561 0
46786 63
46803 57
46894 0
46960 63
47018 0
47266 57
47480 0
47501 51
47541 0
47546 49
47559 0
47749 57
47857 51
48064 0
48102 49
48113 0
48349 49
48866 0
49165 63
49303 63
50043 0
50233 57
50333 0
50353 49
50502 51
50507 0
50534 51
50802 0
51488 51
51645 0
51715 51
51773 0
51913 63
51953 0
52089 49
52377 0
52493 51
52617 63
52769 63
52901 0
53308 51
53373 49
53408 0
53614 63
53652 0
53976 57
54123 0
54426 57
54519 0
54534 57
54592 0
54597 49
54773 63
54847 0
54943 49
55024 0
55135 49
55559 51
55734 0
55847 49
55891 0
56167 49
56437 0
56596 49
56786 51
57060 0
57242 51
57382 49
57427 0
57669 51
57754 0
58028 49
58115 0
58283 63
58332 51
58401 0
58725 51
58872 0
58984 49
59330 0
59556 51
59650 63
59664 0
59690 63
59715 0
59781 57
59846 51
59943 0
59995 49
60037 0
60052 63
60436 57
60752 0
60844 51
60852 57
61524 0
61733 63
61765 0
61772 51
61861 0
61946 49
61975 0
61987 49
62030 0
62212 57
62314 0
62463 63
62470 0
62534 63
62663 0
62734 49
62924 63
62968 0
63077 57
63084 0
63417 63
63440 57
63802 0
63819 57
63951 0
64214 49
64311 49
65201 0
65335 51
65472 49
65527 0
65573 57
65596 0
65875 57
65910 51
65948 0
66214 51
66250 0
66317 57
66492 0
66778 63
66904 57
66940 57
67164 0
67285 63
67417 0
67605 49
67625 0
67726 51
67840 0
68280 51
68356 49
68371 0
68815 63
68948 0
69205 57
69244 0
69710 63
69848 0
69859 49
69862 51
69926 51
70184 0
70214 63
70283 0
70399 51
70450 51
70896 0
70960 63
71155 0
71208 51
71290 0
71703 63
71892 0
72119 49
72168 0
72389 49
72523 0
72717 51
72797 0
72963 49
72981 0
73001 63
73461 0
73469 49
73604 0
73632 57
73721 0
73748 57
73756 0
74162 49
74227 57
74283 57
74478 0
74647 51
75116 0
75403 51
75503 49
75592 49
76090 0
76210 51
76294 51
76314 0
76442 57
76580 0
76671 63
76925 0
76935 63
77707 0
77843 49
77948 51
77956 0
78035 49
78105 0
78133 51
78206 0
78294 49
78516 0
78593 49
78608 0
78663 57
78821 0
78888 51
78901 0
78967 51
79130 0
79516 57
79553 0
79662 63
79750 0
79771 57
79811 0
79956 51
80022 57
80127 0
80401 49
80529 0
80669 63
80773 0
80845 63
80859 0
80873 51
80917 49
80927 49
80939 0
81504 57
81562 49
81783 49
81784 0
81819 57
82049 0
82688 57
82828 0
83062 49
83301 0
83496 49
83553 0
83740 63
83975 0
84018 57
84131 51
84670 51
84676 0
84875 51
84967 0
85138 57
85140 0
85349 63
85368 0
85431 49
85464 0
85565 49
85681 0
85812 51
85835 0
85863 51
85965 0
86008 63
86292 0
86323 63
86352 0
86467 49
86499 0
86513 63
86784 63
86814 0
86829 63
86932 63
86948 0
86975 49
86981 0
87065 63
87192 0
87310 63
87617 63
87645 0
88035 57
88073 0
88193 57
88268 0
88301 63
88317 0
88456 51
88905 0
88910 49
89207 0
89255 49
89281 0
89439 51
89452 0
89609 63
89618 49
89655 0
89962 57
90140 57
90755 0
90774 49
90806 0
90814 63
90855 0
90867 63
90894 0
90951 51
91273 0
91371 51
91374 51
91605 63
91937 0
91954 49
91973 49
92189 0
92884 51
93004 51
93027 0
93074 57
93088 63
93135 0
93217 49
93530 63
93614 0
93654 57
93687 0
93692 49
93743 0
93935 57
94394 0
94435 57
94438 0
94631 63
94844 63
95040 0
95044 51
95128 0
95181 49
95213 0
95398 49
95584 0
95738 51
95993 63
96093 0
96747 51
96808 57
96957 0
96968 63
97116 0
97242 51
97576 0
97602 51
97670 0
97764 57
97805 49
97814 0
97901 51
97977 0
98087 51
98120 49
98448 0
98544 49
98627 49
98652 57
98729 0
98902 63
98943 63
99018 0
99058 63
99473 0
99516 49
99620 0
99673 49
99681 0
99702 63
99888 49
99905 0
99981 51
166 events for 1
155 92
280 92
367 0
1815 92
2260 0
2843 92
4164 0
4507 92
4694 0
5128 92
5548 0
5550 92
6199 0
6209 92
6764 92
7133 92
8086 0
8769 92
9347 0
9945 92
10703 92
10899 0
11376 92
11672 0
11695 92
14231 0
15189 92
16270 0
16783 92
16968 0
17185 92
17250 0
17294 92
17368 0
17717 92
17760 0
19020 92
19266 92
19856 0
19936 92
22262 92
22288 0
22303 92
22791 0
22870 92
23227 0
24242 92
24609 92
24704 0
25697 92
26678 0
26863 92
27355 0
27677 92
28043 0
30728 92
31283 92
33789 0
33857 92
34139 92
34201 0
34245 92
34673 0
35327 92
36658 0
38857 92
39281 0
40446 92
40670 92
40737 0
40847 92
40975 0
41370 92
41537 0
41898 92
42751 0
43064 92
44083 0
44359 92
46061 92
46195 92
46689 0
47235 92
47336 0
48607 92
48871 0
49452 92
50234 0
50815 92
51493 0
51621 92
51639 0
51727 92
53917 0
54654 92
55879 0
56081 92
57292 92
58191 0
58847 92
58978 92
59533 0
59573 92
59673 0
59730 92
59972 92
60594 92
61970 0
61973 92
63140 0
63955 92
65147 92
67507 0
68870 92
69216 0
69815 92
69840 92
71366 92
72181 0
72327 92
72927 92
73802 0
73819 92
73947 0
75864 92
76618 0
77207 92
77394 0
77845 92
78229 92
80128 92
81831 0
82010 92
82541 0
83423 92
84251 0
84598 92
85108 0
85679 92
86194 0
86245 92
86870 92
88157 0
88377 92
88840 92
89972 92
90099 0
91156 92
91504 0
91548 92
92156 0
92525 92
92537 0
93324 92
93748 0
93801 92
94362 92
95096 0
95619 92
96201 92
96501 0
97002 92
98496 0
98535 92
98824 92
99961 0
627 events for 2
146 30
531 0
539 30
626 30
633 30
843 0
940 30
951 0
1282 40
1369 30
1703 40
1727 30
1858 0
2137 30
2606 0
2799 30
2954 0
3450 30
3975 0
4002 30
4181 30
4201 30
4205 40
4249 40
4311 0
4410 30
4485 0
4539 30
4628 0
4678 30
4973 0
5118 40
5121 0
5177 30
5306 0
5644 30
5674 0
5987 30
5998 0
6060 30
6168 40
6188 40
6358 30
6694 30
6863 0
7291 30
7363 0
7526 30
7608 0
7743 30
7866 0
7877 40
7883 40
7900 0
8997 30
9025 0
9089 40
9140 30
9218 0
9343 40
9377 0
9407 30
9449 30
9495 0
9772 30
9831 0
9854 30
10224 0
10308 30
10360 0
10380 40
10779 30
10986 40
11084 30
11311 0
11319 40
11368 0
11783 30
11935 30
12169 0
12630 40
12926 0
13021 30
13234 0
13489 30
13574 30
13677 0
13808 40
13948 0
13972 40
13979 40
14039 0
14079 40
14259 0
14270 30
14399 40
14560 0
14700 30
15086 40
15433 30
15752 0
15841 30
16015 0
16423 40
16487 0
16541 30
16701 0
16717 30
16948 0
17060 40
17061 0
17308 30
17438 0
17488 30
17758 0
17779 30
17908 0
18116 40
18123 0
18174 30
18197 40
18253 0
18361 40
18504 0
18539 30
18589 0
18635 30
18945 0
19307 30
19740 30
19908 0
20000 30
20325 30
21055 0
21267 30
21702 30
21834 0
21946 40
22227 0
22662 40
22683 40
22774 0
22846 30
22894 0
23263 40
23301 0
23514 40
23583 0
23684 30
23773 0
24011 40
24072 30
24234 0
24363 40
24378 30
24410 0
24523 40
24649 30
24651 40
24880 40
25099 0
25106 30
25183 0
25326 30
25345 30
25552 0
25610 30
25615 0
26071 30
26122 40
26126 30
26690 0
26865 30
26891 0
27222 40
27252 40
27291 0
27713 40
27762 0
27768 30
27959 0
28372 40
28587 0
28646 30
28778 30
29007 0
29141 30
29574 0
29660 30
30094 0
30599 40
30650 0
30712 30
30720 0
31149 30
31155 0
31161 30
31391 0
31410 30
31508 40
31676 40
31781 0
31866 40
31912 0
31923 40
31962 0
32169 40
32275 0
32763 30
32897 0
32933 30
33133 0
33425 30
33451 0
33576 40
34326 30
34332 30
34356 30
34394 30
34461 0
34781 30
35226 0
35526 30
35659 0
35720 30
35753 0
35876 30
35923 0
35956 40
36285 0
36662 40
36969 30
37085 0
37718 40
37888 0
37923 30
37932 30
38744 30
39149 0
39362 30
39540 30
39764 0
39967 30
40045 0
40384 30
40402 0
40416 40
40639 0
40816 30
40864 0
40881 30
41126 0
41433 30
42000 0
42196 40
42213 0
42494 30
42676 30
42976 40
43258 0
43322 30
43499 0
43594 30
43664 30
43954 0
44091 40
44157 0
44254 40
44538 0
44666 40
44726 40
44761 0
44777 40
44942 0
45249 40
45262 30
45293 0
45554 40
45752 40
45832 0
45934 30
45991 40
46186 30
46198 30
46645 0
46775 30
46967 0
46992 40
47030 0
47043 40
47067 30
47224 0
47270 30
47323 40
47346 0
47368 40
47522 0
47715 40
47927 30
47974 40
48203 0
48235 40
48406 0
48687 30
48864 0
49047 30
49076 0
49389 40
49744 40
50437 30
50545 40
50648 40
50654 0
50721 40
51372 0
51383 30
51513 0
51566 30
51727 0
52176 30
52201 40
52205 30
52213 0
52361 40
52434 0
52545 30
52575 40
52602 0
52872 40
52929 0
53219 40
53242 0
53380 30
53417 40
54063 0
54311 30
54327 0
55098 40
55351 40
55625 0
55699 30
55738 40
55891 0
55920 40
56135 30
56194 0
56220 30
56314 0
56338 30
56408 0
56677 30
56702 0
56787 30
56854 0
56905 30
57022 40
57344 0
57495 30
57594 0
57616 30
57766 0
57809 30
57943 30
58060 30
58091 0
58363 30
58458 0
58703 30
58778 0
58965 40
59168 0
59350 40
59663 0
59812 30
59826 30
60169 0
60396 30
60409 0
61000 40
61202 0
61427 40
61531 0
61603 30
61681 0
61710 40
61738 0
61803 30
61851 0
62360 30
62369 0
62377 30
62852 0
62915 40
62985 40
63281 30
63604 0
63721 30
63814 0
63947 40
64327 0
64707 30
65164 0
65358 40
65478 30
65603 0
65775 40
66061 0
66077 30
66314 0
66432 30
66482 0
66783 30
66800 0
67358 40
67659 30
67730 30
67768 0
68041 30
68218 30
68269 0
68360 40
68451 0
68551 40
68706 30
69054 0
69100 30
69155 30
69286 0
69337 30
69454 0
69725 30
69943 40
70091 0
70354 30
70605 0
70723 40
70846 0
70902 40
71204 40
71622 30
71769 0
71827 40
72038 0
72063 40
72261 0
72477 40
72578 40
72764 0
72979 30
73606 30
73713 30
73728 0
74005 30
74525 40
74560 30
74579 0
74613 30
74630 0
74634 30
74852 30
75148 0
75424 30
75519 0
75644 30
76017 30
76216 0
76338 40
76430 0
76523 30
76671 40
76944 0
77021 30
77042 0
77173 40
77395 0
77469 40
77703 40
77730 0
77755 30
78036 0
78237 30
78417 0
78559 30
78569 0
78995 40
79170 0
79604 30
79622 30
79896 40
79931 0
79941 30
79971 30
80077 30
80100 0
80275 30
80322 30
80380 0
80561 30
80638 0
80664 30
80734 0
80801 30
80844 0
80870 40
81223 0
81265 40
81441 0
81509 30
81592 40
81623 40
81865 0
81946 30
81979 0
82090 40
82568 0
82732 30
82807 0
83121 30
83141 0
83457 30
83518 30
83859 30
83925 0
84088 30
84116 0
84276 30
84380 0
84688 30
84790 30
84819 0
84918 40
85063 40
85086 30
85195 0
85430 30
85496 0
85615 30
85968 0
86003 30
86041 0
86123 30
86231 0
86410 30
86455 0
86480 30
86899 30
87021 0
87280 30
87839 0
87869 40
88192 0
88297 30
88772 40
88815 40
88859 0
88922 30
89000 30
89152 40
89641 0
89704 30
89844 0
90059 30
90213 0
90233 30
90475 0
90682 40
90746 0
90790 30
90837 30
90852 0
90906 30
90960 0
90978 30
91009 0
91125 30
91602 0
91736 40
91859 0
91900 30
91973 0
91979 30
91992 30
92348 0
92486 30
93271 0
93514 30
93551 0
93691 30
93776 0
93873 30
94717 0
94816 40
95030 30
95247 30
95333 30
95668 30
95900 0
96469 30
96523 30
96531 0
96704 40
96796 0
96873 40
96990 40
97016 0
97134 40
97232 0
97540 30
97617 0
97886 30
98297 30
98404 0
98587 30
98607 40
98623 0
98760 40
98769 30
98832 30
98951 0
98985 40
98993 0
99354 30
99380 0
99411 30
99467 0
99571 40
99968 0
384 events for 3
92 59
282 61
538 0
573 61
580 0
936 59
994 0
1198 59
1359 61
1466 0
1755 59
1756 61
1768 59
1874 0
2191 59
2533 61
2943 59
3138 0
3224 59
3464 0
3577 59
3600 0
3668 59
3695 0
3892 61
4122 0
4413 61
4869 0
6064 59
6235 59
6253 0
7147 61
7418 0
7504 61
7575 0
7631 61
7937 0
7961 61
8154 59
8241 0
8360 61
8455 0
8521 61
9307 0
9570 59
9706 61
9792 59
10325 0
10511 59
10533 0
10814 59
11163 0
11263 61
11366 0
11428 61
11613 59
12170 59
12763 61
12868 0
13025 59
13049 0
13147 61
13493 0
13511 61
13568 61
13815 0
13937 59
14035 0
14263 61
14505 0
14559 61
15104 0
15621 59
15641 0
15656 61
15748 0
16603 59
16662 0
16841 59
17279 61
18460 0
18515 59
18851 0
19265 59
19495 0
19703 61
19950 0
20509 59
20543 0
20857 61
21792 0
21845 59
22666 0
23094 61
23104 59
23212 59
23246 0
23375 61
23545 0
23573 59
23633 61
23663 61
24160 0
24238 61
24276 0
24933 61
25326 0
25578 61
25943 0
26220 59
26274 0
26404 61
26647 0
26716 59
26833 0
26898 59
27259 0
27621 59
27800 61
28159 0
28370 61
28533 0
28970 61
29069 59
29198 0
29260 59
30320 0
30559 59
30765 0
30822 61
30903 0
31298 61
32060 0
32084 61
32182 0
32666 59
32843 59
33156 61
33690 0
33760 59
33844 0
34225 61
34471 0
34631 59
34873 0
35456 59
35557 0
35700 61
35721 0
36079 61
36129 0
36317 61
36620 0
37792 61
38070 0
38368 61
38453 59
38455 0
38788 59
38922 0
39452 61
39461 0
40144 61
40179 0
40271 59
40278 61
40474 0
40757 61
41170 59
41220 0
41358 59
41985 0
42082 61
42283 59
42458 59
42675 0
44094 59
44367 0
44596 61
44615 61
45101 0
45286 59
45589 0
45598 59
45714 0
45799 59
45845 0
45951 59
46053 59
46074 0
46244 59
46911 0
47407 59
47456 59
47885 0
48392 61
48418 0
48422 61
48609 0
49317 61
49533 0
49574 61
49599 0
49616 61
50151 0
50228 59
50869 59
51122 0
51373 61
51813 0
52008 59
52594 0
53361 61
53643 0
53844 61
53951 0
54348 61
54591 59
54625 0
54752 59
55373 0
55532 61
55764 0
56097 59
56359 0
56497 61
57347 0
57825 59
58336 61
58678 0
58814 59
59026 61
59083 0
59264 59
59372 0
59383 59
59483 0
59875 61
59906 59
60185 0
60468 59
60906 0
60967 61
61167 59
61312 0
61416 61
61438 61
61587 0
61653 61
61700 61
62068 0
62176 59
62330 0
62736 61
62788 0
63130 59
63564 0
64505 61
65070 0
65350 61
65356 0
66167 59
66503 0
67099 59
67138 59
67203 0
67808 59
68656 0
70583 61
70676 0
70783 59
71018 0
71509 61
71817 0
71853 59
72230 59
72309 0
72322 59
72415 0
73122 59
73134 61
73490 0
73665 61
73884 0
73908 59
74018 59
74876 0
75040 59
75104 0
75323 59
75335 0
75510 59
75895 59
75986 0
76362 59
76469 0
76883 61
76991 0
77331 61
77347 61
77349 0
77360 59
77559 61
79173 0
79235 59
79473 61
79609 0
79640 59
79713 61
80148 59
80197 0
81334 59
81493 0
81519 61
81585 0
81697 59
81846 0
81975 59
82485 0
82656 61
82899 0
82935 61
83080 61
83119 0
83430 59
83443 61
83826 0
84168 59
84269 0
84453 61
84789 0
85187 59
85528 61
85934 0
86168 61
86951 0
86970 59
86989 0
87438 61
87844 0
87856 59
88396 0
88718 59
89243 0
89581 59
89674 59
89792 0
90468 61
90782 59
91271 61
91414 0
91849 61
91855 0
92038 61
92102 61
92158 0
92218 61
92297 0
92352 59
92456 0
92802 59
93132 59
93702 0
94593 59
94842 61
94866 0
95358 61
95453 0
95614 59
95752 59
96074 0
96146 59
96582 59
96776 0
96867 61
96934 0
98360 59
98491 0
98726 59
98841 0
98990 61
99403 0
99570 59
99898 0
774 events for 4
29 76
138 72
185 0
240 76
296 72
308 0
671 74
721 0
854 69
1087 76
1297 0
1396 69
1418 72
1713 0
1852 77
1986 69
2029 0
2278 72
2426 0
2476 68
2508 76
2550 0
2678 74
2685 0
2741 77
2834 0
2849 67
3145 0
3282 74
3420 0
3469 68
3594 0
3615 67
3682 76
3911 0
4040 72
4044 0
4117 72
4201 0
4231 69
4242 0
4595 72
4630 77
4658 0
4669 69
4799 0
4937 74
5389 68
5459 0
5493 72
5671 0
5732 77
5784 0
5810 72
6024 0
6050 69
6390 69
6395 0
6398 74
6633 0
6870 69
6877 0
7106 69
7161 0
7244 67
7326 0
7445 68
7544 0
7767 69
7974 0
8139 69
8141 0
8143 76
8187 0
8325 74
8616 74
8640 0
9206 67
9436 0
9617 74
9667 0
9677 69
9703 0
9729 72
9902 0
9970 76
10108 69
10165 77
10222 0
10401 76
10547 0
10589 77
10652 0
10674 77
10695 0
10722 68
11286 69
11319 0
11418 69
11725 0
11730 67
12293 0
12391 72
12529 0
12531 69
12858 0
12912 76
13082 0
13456 67
13493 0
13510 72
13964 0
14005 77
14206 69
14239 0
14545 72
14640 0
14752 72
14851 0
15086 68
15286 0
15318 74
15380 0
15392 69
15518 0
15608 77
15729 0
15801 69
15812 68
15954 0
15958 72
16036 0
16107 69
16210 0
16289 69
16315 76
16447 0
16490 69
16796 0
16960 67
16965 68
17101 0
17126 77
17200 68
17247 0
17400 69
17591 72
17637 67
17724 0
17758 74
17849 76
17888 0
18510 72
18540 0
18747 69
18840 0
18999 72
19215 0
19749 69
19757 0
19769 69
20328 0
20597 77
20649 0
20696 69
20890 0
20986 74
21052 0
21081 72
21253 0
21566 77
21818 0
21819 67
21883 0
22010 72
22112 69
22453 67
22574 72
22867 69
22873 0
22970 72
23427 67
23554 0
23555 67
23634 0
23850 67
23894 0
23932 76
24201 0
24216 68
24374 0
24454 72
24540 0
24544 72
24945 0
25155 77
25197 0
25269 67
25355 0
25370 76
25454 0
25695 74
25747 74
26057 0
26179 68
26258 0
26317 69
26502 0
26953 72
26959 0
26984 68
26996 0
27016 76
27085 0
27278 72
27467 69
27724 69
27870 0
27953 67
28093 74
28232 0
28339 69
28380 0
28389 69
28460 76
28865 0
29235 69
29411 0
29502 74
29508 0
29516 69
29743 0
29968 67
29979 74
30054 69
30127 0
30143 67
30389 0
30559 69
30585 0
30717 69
30810 0
30939 76
31132 67
31229 69
31241 0
31257 76
31346 0
31576 69
31663 0
31828 77
31880 72
31942 0
31963 69
32239 69
32280 0
32528 72
32559 68
33079 0
33232 69
33281 0
33673 77
33744 69
33908 0
33914 77
34025 0
34068 77
34093 76
34311 77
34369 67
34438 0
34461 77
34486 67
34653 0
34660 72
34663 0
34816 72
35033 0
35178 69
35180 0
35196 67
35285 0
35336 69
35375 0
35679 74
35777 0
35934 76
35989 0
36055 67
36091 0
36256 72
36326 0
36473 68
36512 0
36779 68
36908 0
36943 76
36966 0
37273 76
37512 72
37558 0
37559 74
37576 0
37679 69
37777 0
37895 68
37968 0
38247 69
38284 0
38327 69
38378 72
38477 0
38578 76
38601 0
38661 74
38896 0
38914 68
38990 72
39328 72
39459 0
39523 69
39553 0
39558 77
39813 69
39840 69
39917 0
40147 77
40162 0
40396 69
40882 0
40961 74
40978 76
41020 0
41157 67
41185 0
41333 74
41341 0
41661 74
41886 0
41901 77
42030 0
42238 67
42506 0
42566 72
43095 0
43140 72
43242 69
43298 0
43350 77
43422 69
43578 68
44042 0
44047 68
44126 0
44538 74
44577 0
44706 72
44834 77
45004 0
45130 69
45328 77
45338 0
45753 69
45813 0
45919 69
46005 77
46101 69
46157 77
46185 0
46458 69
46463 0
46730 69
46938 0
46943 69
47009 0
47332 68
47367 69
47468 0
47684 77
48057 72
48142 0
48184 74
48215 0
48282 69
48320 0
48351 69
48383 0
48410 69
48554 0
48682 69
48720 69
48796 0
49038 72
49075 0
49284 69
49290 72
49359 0
49473 68
49474 0
49562 69
49956 69
50063 68
50179 0
50440 69
50808 0
50879 69
50908 0
51012 77
51018 69
51030 77
51059 0
51089 69
51137 0
51244 69
51655 74
51729 0
51778 68
51857 69
52145 0
52193 74
52446 0
52466 69
52519 0
52641 74
53101 0
53218 69
53327 74
53522 0
53703 69
53824 0
53988 72
54011 0
54164 67
54174 69
54197 0
54292 67
54512 69
54658 0
54813 69
54897 0
55109 69
55122 0
55261 69
55319 0
55371 69
55375 0
55456 69
55814 0
55839 68
56284 0
56363 68
56417 0
56487 69
56491 0
56694 76
56867 0
57228 68
57263 0
57270 77
57435 0
57451 69
57614 77
57937 0
58008 74
58009 0
58085 72
58255 0
58276 67
58559 0
58562 77
58588 0
58700 72
58958 0
58961 72
59011 0
59012 68
59134 0
59535 69
59819 0
59887 72
59975 69
60122 69
60289 77
60800 0
60956 72
61455 0
61554 69
62002 69
62079 0
62419 67
62532 0
62722 77
62730 0
62991 74
63115 0
63148 74
63159 0
63206 74
63236 0
63367 68
63475 0
63662 72
63836 0
63931 67
64049 0
64174 69
64191 0
64439 76
64529 68
64743 0
64774 67
64985 0
65107 77
65272 0
65303 69
65389 0
65477 72
65757 0
65843 69
66031 69
66036 0
66162 69
66360 0
66534 76
66674 0
66839 76
67001 76
67054 0
67070 67
67127 69
67226 0
67405 68
67621 0
67703 76
67932 0
68323 67
68526 72
68918 0
69036 77
69344 0
69539 69
69604 0
69653 68
69814 0
69861 69
70095 0
70386 77
70422 0
70779 69
70862 0
71049 74
71068 68
71079 69
71120 69
71278 72
71338 0
71585 68
71660 0
71668 69
71671 0
71720 74
71909 0
71995 72
72210 0
72301 77
72391 0
72601 68
72627 69
72770 0
72792 72
72879 77
72908 0
73058 76
73102 0
73210 69
73222 0
73610 67
73683 0
73712 72
73742 69
73860 0
73878 72
73905 69
74029 0
74359 69
74609 0
75107 72
75299 0
75514 69
75871 69
75901 0
75902 69
76005 0
76146 72
76205 0
76321 72
76450 0
76615 69
76655 0
76978 72
77124 69
77201 69
77402 0
77497 67
77898 0
78154 77
78176 0
78211 67
78239 0
78290 68
78328 0
78440 72
78502 69
78568 0
78571 72
78712 0
78746 77
78778 0
78792 72
78876 0
78884 67
78972 0
78984 77
79057 0
79428 68
79437 0
79551 72
79610 0
79738 77
79901 72
80064 76
80128 0
80264 69
80553 0
80621 68
80957 0
81717 67
82138 0
82241 74
82367 67
82515 74
82633 0
82673 72
82859 0
82913 69
82953 0
83055 76
83136 69
83251 0
83512 69
83578 0
83974 68
84067 0
84092 69
84295 69
84734 0
84778 68
84891 72
85209 0
85469 74
85505 0
85510 68
85563 0
85591 68
85656 0
85694 68
85843 0
85903 69
86055 68
86094 0
86166 76
86375 0
86821 72
86840 0
86983 69
87207 76
87576 69
87647 74
87666 0
87683 68
87987 0
88306 69
88377 74
88428 0
88642 77
88858 0
88926 69
88927 0
89080 69
89102 69
89113 72
89137 68
89190 0
89260 77
89439 0
89454 74
89464 67
89580 0
89851 69
89878 0
90045 74
90187 0
90452 69
90492 0
90598 74
90730 0
90739 76
90890 0
90954 72
91042 0
91112 69
91754 0
92009 68
92091 0
92106 77
92489 0
92715 69
92952 0
93028 69
93258 0
93394 72
93507 0
93604 69
93660 0
93734 74
93791 0
93801 69
93846 72
93910 0
93945 77
94053 0
94522 69
94543 69
94686 69
94705 69
94716 0
94981 76
95039 67
95841 68
95874 0
95962 69
96024 72
96026 0
96046 69
96704 74
96732 0
97073 67
97133 69
97324 0
97405 77
97483 0
97486 74
97540 0
97731 69
97749 0
97848 69
98001 0
98085 68
98246 0
98359 74
98400 69
98532 69
98536 0
98739 69
99006 0
99183 69
99203 77
99367 0
99369 72
99610 69
99742 0
99881 74
99942 0
99988 68
134 events for 5
1895 66
2177 67
2904 0
3595 68
4271 68
4661 80
4975 0
5093 68
5541 68
5753 76
6562 74
6642 0
7278 68
7312 74
7874 0
8271 68
9118 0
9210 80
11525 0
11550 76
11709 0
12257 80
12444 0
13079 68
13520 0
13917 66
14723 0
16383 66
16931 0
18774 74
20743 0
22194 67
22769 0
22867 76
24577 67
27155 70
27598 0
28264 67
28951 0
29697 66
30991 68
32441 0
32467 74
33593 0
34081 78
34511 70
34970 0
35605 78
35640 0
35698 80
37436 0
37896 70
38112 0
38782 78
40581 0
41963 70
42447 0
44000 76
44736 0
45875 80
46231 0
47682 67
48139 0
48170 74
50385 67
50474 0
50601 66
50618 0
51013 66
52285 0
53185 76
53361 76
54051 66
54642 78
55252 0
55282 68
58231 0
58455 74
59472 0
59875 78
59935 0
60419 80
62371 0
62538 76
62958 74
63098 74
63404 80
63585 0
65307 76
65387 0
65425 70
65495 70
65499 0
66315 67
66683 0
67574 66
70281 66
70946 74
71521 0
71554 74
71804 0
72131 68
72235 0
73076 80
74461 74
74800 0
76834 67
78178 74
78535 0
78975 66
79631 0
80002 76
81275 0
82867 68
83326 0
85630 66
86118 0
88704 68
88748 0
88872 78
89061 67
89303 74
90005 0
91585 70
92056 0
92697 74
92760 74
93103 74
94930 0
95152 67
96906 0
97031 80
97607 0
97671 66
676 events for 6
97 53
323 0
348 30
441 30
470 0
530 53
576 53
708 53
731 53
1049 30
1169 0
1203 30
1341 0
1345 53
1535 0
1570 53
1712 0
1876 51
1943 0
2297 51
2442 0
2539 51
2635 0
2738 30
2806 53
2953 53
2993 0
3119 51
3406 0
3504 51
3541 0
3546 30
3701 53
4052 30
4072 30
4143 53
4217 0
4254 53
4323 0
4667 53
4677 53
4898 0
4939 53
5046 0
5120 51
5280 0
5349 53
5401 0
5418 51
5550 0
5564 30
5585 0
5651 51
5686 51
5738 0
5786 51
5845 51
6069 0
6488 53
6499 0
6501 53
7326 0
7453 53
7599 30
7624 0
8041 30
8441 53
8798 30
8810 30
8931 0
9089 30
9174 0
9221 53
9386 0
9609 53
9681 0
9705 51
9816 30
10050 0
10225 30
10381 51
10424 51
10462 0
10695 30
10931 0
10966 51
11267 0
11452 53
11514 53
11762 0
11966 30
12404 0
12408 30
12504 0
12992 53
13022 0
13024 51
13025 0
13117 30
13199 0
13362 53
13527 0
13608 51
14565 0
14716 30
14782 0
15046 51
15178 0
15232 53
15349 0
15909 51
15943 0
15991 53
16128 0
16235 30
16249 0
16403 51
16413 51
16643 0
16678 51
16680 30
16751 0
16923 30
17108 0
17165 53
17306 0
17504 51
17505 0
17739 53
17865 0
18155 30
18156 53
18338 30
18633 0
18726 53
18918 51
18955 30
19022 0
19082 51
19502 0
19669 53
19706 53
19803 0
19998 30
20030 0
20265 51
20407 0
20550 53
20631 0
20705 53
21217 53
21257 0
21447 30
21643 30
21682 30
21687 51
21890 0
22296 53
22499 0
22540 53
22602 51
22710 0
23001 53
23088 0
23250 53
23252 51
23289 0
23315 51
23345 0
23476 51
24337 0
24346 51
24512 0
24630 30
24731 0
24736 30
25280 0
25563 51
25857 53
26092 0
26345 30
26727 53
26820 51
27036 0
27206 30
27238 0
27330 51
27420 51
27838 0
27905 51
28708 0
29018 53
29217 0
29453 53
29562 0
29659 30
29673 0
29745 30
29828 0
29883 53
30237 30
30452 0
30501 53
30505 0
30745 30
30767 0
30771 30
30804 51
30961 0
31402 30
31546 0
31551 30
31563 0
31632 51
31674 0
31751 51
31942 0
31944 30
32034 0
32127 51
32134 0
32544 51
33246 51
33536 30
33545 0
33600 53
33610 0
33713 51
34130 30
34415 0
34438 51
34470 0
34513 51
34531 0
34553 53
34580 0
34676 51
34756 30
34890 0
35176 51
35275 0
35326 51
35770 0
35972 30
36076 0
36216 30
36486 51
36614 30
36635 0
36666 30
36775 51
36959 0
36991 51
37025 30
37055 30
37260 0
37288 53
38002 0
38020 51
38047 0
38088 30
38147 0
38318 30
38379 0
38473 30
38631 30
39239 53
39401 0
39485 30
39570 53
39583 0
39585 53
40046 0
40302 53
40704 0
41043 53
41476 51
41523 51
41627 51
41645 0
41674 30
41767 0
41933 51
41961 0
42256 53
42282 0
42419 51
42479 0
42582 30
42798 0
42960 30
43004 0
43061 53
43134 0
43292 53
43319 0
43386 51
43730 0
43973 53
44178 0
44395 53
44520 0
44579 30
44584 0
44607 30
44637 0
44835 30
45139 0
45169 51
45281 0
45330 53
45404 30
45477 0
45604 30
45659 0
45698 30
45705 51
45773 0
45819 51
45947 0
46285 53
46365 0
46430 51
46485 0
46992 30
47066 0
47202 30
47367 51
47442 0
47554 53
47597 0
48001 30
48044 0
48161 53
48193 0
48392 53
48462 0
48500 51
48739 30
48788 0
48800 30
48823 30
48862 51
48939 0
48963 53
49117 0
49391 30
49392 0
49622 30
49867 0
49954 30
49960 53
50285 0
50289 30
50334 0
50528 53
50604 51
50713 30
50945 0
51040 30
51260 0
51308 53
51374 0
51522 51
51545 0
51595 30
52505 0
52656 51
52665 0
52748 30
52895 0
52948 51
53051 53
53286 0
53527 30
53749 53
53790 0
54100 53
54752 0
54931 53
54942 0
55705 30
56019 30
56490 30
56593 30
56604 0
56642 53
56798 0
56807 53
57142 0
57283 51
57740 51
57981 53
58033 0
58096 30
58169 0
58255 51
58467 51
58493 0
58763 51
58766 0
58799 53
58804 0
58830 30
59065 0
59066 51
59079 0
59091 51
59092 0
59107 30
59555 30
59632 0
59912 53
60696 51
60704 0
60749 51
60780 0
60805 30
60809 0
61012 53
61133 51
61292 0
61481 51
61821 0
62084 51
62105 0
62375 53
62462 0
62552 53
63050 51
63228 0
63269 30
63316 51
63334 0
63384 53
63541 0
63577 51
63625 53
63913 0
64265 51
64327 0
64461 51
64485 51
64750 0
64790 51
64799 0
65429 53
65432 53
65500 0
65538 53
65566 51
65626 0
65651 53
65861 53
65984 30
66445 0
66518 51
66827 0
66851 53
66867 0
67193 51
67453 53
67486 0
67508 53
67630 30
67727 0
67919 51
67948 0
68061 51
68194 0
68359 53
68636 0
68687 53
68743 0
68896 51
69079 0
69082 51
69357 0
69432 30
69451 0
69792 30
69834 51
69882 0
70086 51
70245 0
70409 30
70545 53
70705 51
71102 53
71137 53
71191 0
71252 30
71355 0
71376 51
71626 0
71641 53
72292 0
72348 30
72433 30
72543 51
72653 0
72722 51
72844 0
72903 30
72985 0
73019 51
73182 0
73275 30
73428 0
73476 51
73543 0
73654 30
73867 51
74666 0
74703 51
74739 53
74804 51
74815 0
74863 30
74864 0
74894 51
74949 0
75980 53
76012 0
76050 53
76476 0
77338 30
77665 0
77844 51
77903 53
77998 53
78165 0
78221 53
78523 0
78711 30
78927 0
79164 30
79261 51
79296 0
79625 53
79658 0
79761 30
79872 0
80018 30
80329 0
80558 53
81610 0
81972 53
82992 51
83233 0
83334 53
83348 0
83717 53
83766 53
84066 0
84241 51
84353 0
84459 30
84487 0
84525 53
85042 51
85099 30
85113 53
85141 0
85145 30
85280 0
85564 53
85800 53
85829 0
85836 30
86044 0
86049 53
86587 51
86644 51
86704 51
86774 51
86794 51
86898 0
86974 51
87082 30
87277 0
87613 30
88083 0
88091 53
88287 51
88515 0
88906 53
88944 0
89031 51
89124 0
89155 53
89309 0
89432 51
89795 51
89895 51
89948 30
89962 0
90059 51
90463 0
90694 51
90789 0
90912 51
90945 0
90994 30
91073 51
91295 30
91556 51
91583 0
91674 30
91981 30
92042 0
92154 51
92243 0
92446 51
92453 0
92614 53
92633 0
92776 51
92969 53
93278 51
93448 53
93472 0
93576 53
93608 51
93684 0
93696 30
93844 0
93916 30
94044 0
94062 30
94124 30
94324 0
94433 53
94470 0
94486 51
94530 0
94922 51
95105 0
95245 51
95405 0
95555 53
95563 0
95740 53
95931 0
96002 30
96411 0
96444 30
96556 0
96585 53
96607 0
96712 51
96814 0
97069 53
97204 0
97247 51
97543 0
97603 30
97791 0
98115 30
98261 0
98287 53
98300 0
98564 51
98820 0
98920 51
98996 30
99070 0
99076 53
99135 0
99200 51
99291 51
99495 0
99579 53
99691 53
99756 0
99860 53
566 events for 7
42 64
634 64
717 0
752 65
834 0
1255 64
1624 65
1635 64
1651 0
1779 64
1938 0
1943 64
2262 0
2571 64
2886 0
3249 64
3410 0
3660 64
3666 0
3674 64
4477 0
4607 64
4621 65
4728 0
4929 65
4953 64
4995 0
5177 65
5222 0
5277 65
5372 0
5673 64
6019 0
6175 65
6243 0
6313 65
6428 0
6586 64
7200 0
7369 65
7463 0
7518 64
8260 64
8468 0
8659 64
9012 0
9040 64
9127 0
9310 64
9575 0
9837 65
9915 0
10123 65
10541 0
10749 65
10773 0
10872 65
11100 0
11633 65
11660 65
11857 0
12075 65
12083 0
12443 65
12467 0
12574 65
12687 0
12733 65
13016 0
13115 64
13419 0
13646 64
13702 0
14005 65
14295 0
14346 64
14351 0
14373 65
14623 0
14883 65
14989 0
15102 65
15232 0
15572 64
15581 0
15696 64
15802 0
15922 64
16116 0
16224 64
16522 0
16542 64
16655 65
16663 0
17046 65
17089 0
17136 65
17282 0
17401 64
17460 64
17638 0
17705 64
17789 0
17794 64
17957 0
17980 65
18458 0
18481 64
18487 0
18771 64
18934 64
18989 64
19271 0
19336 64
20075 0
20520 65
20549 65
20597 64
20677 64
20838 0
20852 65
20955 0
21074 65
21887 0
22022 65
22286 0
23027 64
23129 0
23165 65
23258 0
23388 65
23616 0
23892 65
23905 65
24397 0
24532 65
24624 65
24941 0
24943 64
25727 0
25907 65
25956 0
25963 64
26214 0
26269 64
26440 0
26484 65
26761 65
26848 0
26909 65
27147 0
27629 64
27751 0
27825 64
28290 0
28805 65
29032 0
29038 64
29085 0
29099 65
29358 0
29447 65
29692 65
29811 0
29874 64
30002 64
30228 0
30550 65
30554 0
30779 65
30856 0
30951 64
31001 0
31257 64
32076 0
32095 65
32182 65
32236 65
32896 0
32918 64
33473 64
33646 0
33969 64
34001 64
34569 65
34734 0
34774 65
34963 64
35580 0
35601 65
35735 0
36047 64
36080 65
36582 0
36606 65
36643 0
37031 64
37049 0
37138 64
37161 64
37533 0
37534 64
37806 64
37940 0
38045 65
38130 0
38208 64
38334 0
38519 65
38691 0
38728 64
38940 0
39069 64
39268 64
39289 0
39531 64
39541 65
40047 0
40184 65
40185 65
40362 65
40399 0
40883 64
41011 0
42045 65
42170 0
42204 65
42267 0
42355 64
42489 0
42537 65
42710 0
42716 65
43114 0
43129 65
43192 64
43282 0
43321 64
43578 0
43771 65
43843 0
44128 64
44260 64
44349 0
44666 65
44951 0
44962 65
45276 64
45400 0
45410 64
45840 0
46036 65
46437 0
46507 65
46675 65
46967 0
47043 64
47725 64
47860 0
47948 64
48032 0
48185 64
48270 0
48348 64
48688 0
48805 64
48904 0
48938 65
49012 65
49465 0
49709 64
49812 0
50099 64
50441 65
50794 0
50868 64
50954 0
50965 64
51460 64
51638 0
51693 64
51812 0
51995 65
52106 0
52482 64
52849 0
53309 65
53459 0
53985 65
54033 64
54062 64
54254 0
54534 65
54649 0
54655 64
54779 0
54911 65
55009 0
55194 65
55373 0
55549 65
55552 0
55708 65
55803 65
55894 64
55991 0
56170 64
56181 0
56206 65
56389 0
56390 64
56656 65
56671 64
56772 0
57100 64
57245 0
57444 65
57562 65
57687 0
57702 64
57772 0
57802 65
58076 0
58879 65
58902 0
58945 65
59077 64
59243 0
59317 65
60927 0
61218 64
61312 0
61501 64
61881 0
61887 65
62233 0
62261 65
62302 65
62357 65
62418 64
62713 64
62751 64
62967 0
62974 65
63019 0
63301 65
63383 0
63743 65
64063 0
64418 64
64986 0
64987 65
65074 64
65076 0
65106 64
65126 0
65179 65
65690 64
65738 65
65818 0
65983 65
66421 0
66527 64
66808 0
67221 64
67273 0
67403 65
67760 64
67872 0
67914 65
68132 0
68221 65
68236 0
68330 65
68400 0
68463 64
68684 0
68831 65
69029 0
69094 64
69145 0
69208 65
69275 0
69979 65
70329 0
70336 65
70347 0
70359 65
70614 65
70891 0
70983 65
71234 64
71420 0
71441 64
71607 64
71835 0
71988 65
72113 0
72116 65
72121 64
72467 0
72486 65
72523 0
72554 65
72651 64
73161 0
73223 64
73304 65
73310 0
73339 64
73654 0
73725 65
73910 0
74043 65
74225 0
74308 64
74433 64
74594 65
74816 0
75000 65
75035 65
75311 0
75319 65
75487 0
75491 65
75539 0
75813 64
76255 0
76281 64
76297 0
76486 64
76606 0
76655 65
76768 64
76786 65
77051 0
77219 65
77355 0
77722 65
78207 64
78374 0
78625 65
78740 65
78754 65
78884 0
78974 64
79070 0
79075 64
79101 64
79146 0
79223 65
79229 0
79239 65
79453 0
79479 64
79816 64
79973 0
80033 64
80034 0
80094 64
80150 0
80238 65
80297 0
80331 64
80454 65
81466 0
81485 64
81582 65
81881 65
82008 0
82081 65
82119 0
82167 65
82525 64
82534 0
82723 65
82729 0
82834 64
82967 0
83020 65
83202 0
83516 65
83683 0
84102 64
84261 64
84442 65
84468 64
84613 0
84948 65
85367 64
85580 0
85586 65
85698 0
85737 64
85985 0
86202 64
86315 65
86532 0
86591 65
86696 0
86848 65
87070 0
87409 64
87980 0
88098 65
88228 0
88263 64
88307 0
88844 64
88907 0
89285 65
89440 64
89596 0
89605 64
90104 0
90295 64
90543 0
90653 65
90854 0
91106 64
91274 65
91400 0
91481 65
92442 0
92754 64
92891 0
93015 65
94004 0
94091 65
94188 0
94383 64
94461 64
94534 65
94766 64
95120 0
95223 64
95282 0
95514 64
95579 0
95761 65
95884 0
95894 64
95911 0
96052 65
96093 0
96254 65
96325 0
96583 65
96609 0
96764 64
96920 0
97078 65
97207 0
97698 65
97721 0
97730 65
98374 65
98461 0
98515 65
98584 64
98989 0
99134 64
99296 0
99426 65
99675 0
99841 64
