8 buffers
217062 14104
191474 2058
229363 24634
195748 115
144506 13677
284337 15681
303836 17594
203683 27284
60 downlinks
0 250 1667 348
1 1917 3334 378
2 3584 5001 461
3 5251 6668 395
4 6918 8335 437
5 8585 10002 319
6 10252 11669 401
7 11919 13336 327
8 13586 15003 432
9 15253 16670 436
10 16920 18337 464
11 18587 20004 365
12 20254 21671 423
13 21921 23338 323
14 23588 25005 337
15 25255 26672 443
16 26922 28339 436
17 28589 30006 463
18 30256 31673 350
19 31923 33340 453
20 33590 35007 349
21 35257 36674 387
22 36924 38341 377
23 38591 40008 409
24 40258 41675 476
25 41925 43342 348
26 43592 45009 417
27 45259 46676 372
28 46926 48343 343
29 48593 50010 425
30 50260 51677 463
31 51927 53344 356
32 53594 55011 395
33 55261 56678 373
34 56928 58345 426
35 58595 60012 356
36 60262 61679 421
37 61929 63346 432
38 63596 65013 379
39 65263 66680 435
40 66930 68347 441
41 68597 70014 411
42 70264 71681 434
43 71931 73348 392
44 73598 75015 341
45 75265 76682 462
46 76932 78349 452
47 78599 80016 471
48 80266 81683 432
49 81933 83350 427
50 83600 85017 390
51 85267 86684 406
52 86934 88351 424
53 88601 90018 434
54 90268 91685 467
55 91935 93352 422
56 93602 95019 426
57 95269 96686 436
58 96936 98353 395
59 98603 100020 459
959 events for 0
101 63
104 64
193 63
442 0
706 64
751 0
767 64
915 63
1157 0
1173 60
1290 64
1379 64
1588 0
1688 62
1755 60
1802 63
1840 63
1844 0
1891 62
1975 0
2414 63
2512 0
2683 63
2824 63
2887 0
3003 63
3042 0
3300 63
3378 63
3414 0
3941 60
3963 0
3996 64
4090 0
4217 63
4301 0
4418 60
4512 0
4775 64
4946 64
5056 0
5154 63
5265 63
5404 0
5680 64
5876 0
5905 60
6812 0
6845 63
6933 0
6991 63
7123 63
7206 0
7338 60
7497 0
7635 63
7819 0
7831 64
8017 0
8032 63
8124 0
8545 64
8646 0
8696 60
8921 0
8940 60
8979 0
9020 60
9050 0
9203 63
9387 64
9389 62
9395 0
9419 63
9503 0
10397 63
10525 60
10537 0
10606 63
10615 0
10680 64
10881 0
10898 63
10937 0
11061 60
11132 0
11251 62
11310 64
11518 0
11643 63
11674 0
11745 62
12152 62
12328 64
12330 0
12395 63
12464 63
12519 0
12657 64
12729 0
12832 63
12844 0
12876 60
13029 62
13225 0
13289 60
13296 0
13300 63
13301 0
13309 63
13450 0
13506 60
13682 0
13703 63
13764 0
13789 64
13923 0
14045 60
14100 0
14133 63
14182 0
14222 60
14518 0
14532 63
14971 0
14987 64
15088 0
15133 63
15218 0
15222 60
15348 64
15684 0
15723 64
15763 0
15778 62
15813 0
15850 64
15961 0
15963 60
16211 0
16234 63
16254 0
16424 64
16533 63
16560 0
16956 63
17062 0
17201 64
17258 0
17430 64
17600 0
17669 64
17881 0
17961 64
18251 0
18347 63
18481 0
18646 63
18801 63
18913 0
18993 60
19072 0
19081 63
19127 0
19145 63
19195 63
19707 0
19736 60
19748 0
19990 60
20037 0
20071 62
20263 0
20265 63
20380 0
20383 60
20425 0
20469 63
20482 0
20541 64
20600 0
20645 60
20678 0
21222 64
21290 0
21360 63
21374 60
21402 0
21551 63
21557 60
21565 0
21619 63
21759 62
21800 0
21901 60
21981 0
22069 62
22105 0
22167 64
22314 0
22593 64
22690 0
22946 63
23005 62
23056 0
23096 63
23413 60
23623 63
23695 0
23770 62
23973 0
24073 64
24222 0
24260 63
24396 0
24523 63
24568 0
24591 63
24609 0
24683 63
24884 62
24896 0
25131 60
25280 0
25331 60
25343 0
25532 62
25736 63
25771 0
25923 63
26406 0
26611 64
26623 60
26633 0
26861 64
27212 0
27343 63
27407 63
27483 0
27501 60
27729 0
27742 62
27896 0
28021 64
28078 0
28098 63
28330 0
28332 63
28360 0
28369 64
28408 0
28541 60
28615 0
28964 64
29139 0
29230 60
29272 0
29278 64
29380 64
29468 60
29487 60
29808 64
29911 0
29984 60
30126 62
30133 0
30159 63
30330 0
30519 62
30552 0
30568 63
30660 0
30737 62
30996 0
31009 64
31148 0
31314 64
31317 60
31827 0
31921 63
32176 0
32180 63
32193 63
32475 0
32680 64
32908 0
32977 64
33120 0
33164 60
33225 0
33260 64
33276 0
33620 63
33698 0
33787 63
33951 60
33987 64
34162 0
34263 64
34298 60
34329 63
34504 0
34518 64
34608 0
34674 63
34765 60
34890 0
34920 63
35029 0
35129 60
35162 0
35172 60
35207 0
35303 64
35305 64
35480 64
35523 0
35536 63
35540 0
35662 63
35696 0
35714 64
35766 63
36041 0
36130 64
36175 0
36238 62
36272 0
36417 63
36450 63
36456 0
36638 64
36773 0
36866 62
36921 63
36992 60
36996 0
37010 63
37043 0
37635 63
37642 0
37720 63
37754 0
37769 63
38081 0
38335 63
38350 63
38452 63
38546 0
38659 63
38842 0
38875 63
38962 0
38986 60
38992 0
39137 60
39177 0
39466 63
39714 64
39780 0
39879 63
40065 0
40235 63
40310 0
40314 60
40338 0
40370 63
40594 0
40605 62
40756 0
41051 64
41221 0
41332 63
41410 60
41536 0
41537 63
41762 63
41763 0
41796 64
42112 0
42187 64
42190 60
42242 0
42253 63
42449 0
42455 64
42512 64
42756 64
42856 0
42883 60
43096 0
43107 63
43287 0
43361 64
43457 0
43459 64
43477 60
43611 0
43926 60
44055 64
44119 0
44177 64
44215 0
44254 64
44354 0
44380 64
44611 0
44725 63
44745 0
44811 63
44815 0
44897 64
44913 60
44991 63
45038 0
45063 63
45161 0
45637 64
45800 0
45997 64
46176 0
46265 64
46276 0
46280 64
46359 0
46373 63
46417 64
46543 0
46565 63
46581 63
46660 64
46687 0
46705 63
46867 64
47044 0
47065 60
47066 0
47169 63
47170 0
47209 63
47291 0
47512 63
47547 0
47919 62
47963 0
47997 64
48112 63
48116 63
48171 0
48174 64
48281 62
48389 0
48614 62
48709 0
48785 63
48790 63
48920 64
49204 64
49284 0
49477 64
49540 0
49767 64
49934 0
50016 63
50136 64
50365 63
50553 0
50750 63
50754 60
51155 0
51259 64
51411 0
51463 60
51497 64
51761 0
51819 62
51863 0
51876 64
51903 0
52146 63
52396 62
52417 0
52767 63
52843 60
52855 0
52891 64
52988 63
53005 0
53320 64
53355 63
53505 60
53720 0
53764 64
53802 0
53842 62
53865 64
53882 0
54016 64
54074 0
54145 64
54300 0
54436 63
54517 0
54715 64
54853 63
55161 0
55240 64
55364 63
55394 64
55398 0
55487 64
55491 0
55602 63
55767 0
56071 60
56080 0
56142 64
56232 63
56244 0
56271 63
56425 63
56439 0
56581 60
56917 64
56927 60
56981 64
57199 0
57325 60
57336 62
57616 63
57783 63
57818 0
57829 64
57962 0
58058 64
58315 64
58420 0
58535 63
58998 0
59005 63
59121 0
59152 62
59180 0
59199 63
59282 0
59394 63
59409 0
59442 64
59545 0
59577 60
59672 0
59733 60
59737 63
59774 64
59845 60
60028 0
60035 60
60131 64
60136 64
60157 0
60246 64
60364 0
60394 64
60413 0
60518 60
60695 64
60853 64
61163 0
61229 63
61237 0
61388 60
61520 0
61579 64
61608 0
61831 64
61898 0
62046 60
62162 0
62261 63
62296 62
62358 0
62391 63
62394 64
62753 0
62775 60
62823 0
62831 64
62836 0
62881 60
63188 0
63277 63
63334 62
63488 64
63583 0
63621 64
63730 0
63943 64
64105 0
64155 63
64234 60
64330 0
64456 63
64513 62
64542 0
64613 63
64658 60
65042 0
65170 62
65198 0
65340 60
65442 0
65481 63
65573 64
65748 0
65979 63
66068 0
66084 60
66152 0
66244 64
66262 0
66318 60
66344 0
66368 63
66446 64
66478 0
66695 63
66740 0
66758 62
66773 60
66990 0
67040 64
67141 0
67160 64
67383 0
67527 60
67558 0
67864 63
67870 0
67889 64
67980 0
68022 64
68225 0
68266 64
68278 63
68410 63
68478 0
68782 64
68805 0
69155 63
69160 0
69164 63
69176 62
69442 63
69572 63
69579 0
69812 60
69826 62
69952 0
69954 63
70046 0
70050 63
70245 0
70328 60
70353 0
70529 64
70557 0
71095 63
71211 0
71501 60
71509 0
71595 63
71649 0
71737 64
71766 0
71854 60
71961 63
72091 0
72271 64
72285 0
72471 64
72514 0
72527 63
72596 0
72597 63
72704 63
72961 63
73047 0
73279 60
73355 0
73389 62
73449 0
73467 63
73608 0
73739 63
73844 62
73881 0
74025 63
74152 64
74158 0
74161 63
74193 63
74257 0
74321 62
74452 63
74474 0
74490 64
74578 0
74775 64
74779 0
74858 63
74883 0
75185 63
75204 60
75265 0
75279 62
75381 0
75402 64
75572 0
75622 63
75674 64
75757 64
75762 0
75867 60
76051 0
76067 60
76085 0
76104 64
76233 0
76399 64
76574 0
76635 63
76650 0
76804 64
76827 0
76866 60
77113 0
77116 60
77126 0
77238 64
77429 64
77497 64
77536 63
77771 63
77813 0
77948 63
77977 0
78001 63
78110 0
78143 64
78297 63
78304 0
78484 63
78506 0
78605 64
78682 0
78753 63
78819 0
79001 64
79028 0
79029 63
79498 0
79518 64
79654 0
80226 64
80263 0
80354 63
80487 0
80511 63
80531 0
80541 60
80754 63
80833 64
80859 63
81237 0
81344 60
81400 63
81488 0
81575 63
81805 0
81833 63
82028 0
82192 63
82367 0
82492 64
82550 0
82834 63
82838 0
82887 62
83183 0
83235 64
83322 0
83329 63
83479 0
83713 63
84050 63
84146 63
84235 60
84273 0
84323 63
84324 0
84329 60
84358 60
84390 0
84523 60
84542 63
84624 0
84721 62
84754 0
84807 63
84903 0
84977 62
85081 0
85204 60
85226 63
85518 0
85559 60
85648 0
85693 64
85874 0
85929 60
85996 0
86092 63
86141 63
86151 0
86180 63
86358 60
86570 63
86616 0
86662 60
86749 0
86781 60
86805 0
87020 63
87173 0
87251 63
87387 0
87410 63
87426 0
87666 64
88049 63
88098 0
88132 63
88229 60
88300 64
88360 0
88503 63
88583 0
88585 62
88646 0
88662 64
88772 0
88927 64
89229 0
89268 63
89356 0
89444 62
89538 0
89622 64
89746 63
89765 0
90039 63
90095 0
90257 60
90311 0
90443 62
90482 0
90565 63
90599 0
90742 63
90752 0
90803 63
91039 0
91154 64
91224 62
91441 0
91546 63
91572 0
91668 63
92083 0
92170 63
92181 63
92243 0
92346 63
92426 0
92467 63
92527 64
92529 63
92615 0
92724 63
92772 63
92866 0
93075 64
93257 0
93271 64
93389 0
93590 63
93634 63
93810 63
93824 62
94315 0
94366 63
94456 0
94597 63
94610 63
94658 0
94902 63
94919 0
95080 63
95147 0
95153 63
95241 0
95351 63
95765 63
95821 0
95888 63
96058 0
96089 60
96096 0
96217 60
96374 0
96519 64
96677 62
96697 60
96853 0
97091 63
97197 0
97243 63
97298 0
97688 64
97718 60
97728 0
97755 63
97927 60
97993 0
98034 64
98216 0
98512 63
98569 60
98648 0
98729 63
98738 0
98788 63
98988 0
99001 64
99002 0
99265 60
99271 63
99304 0
99540 64
99568 0
99574 63
99705 0
99752 60
99784 63
99811 0
99821 63
99929 0
99950 64
99954 63
451 events for 1
185 68
315 95
547 0
554 68
720 48
1393 0
1642 78
1762 0
1997 68
2022 0
2149 95
2175 0
2375 42
2694 0
3230 54
3330 0
3498 95
4135 48
4257 0
4335 41
4585 0
5185 54
5346 42
5572 0
5993 68
6629 0
6868 48
7161 0
7777 95
8291 0
8386 41
8390 0
8432 95
9185 0
9527 38
9598 0
9877 42
10044 0
10065 78
10710 0
11548 38
11897 0
12014 78
12027 42
12073 0
12103 38
12298 0
12372 95
12859 0
13200 78
13272 0
13810 95
14088 0
14185 41
14303 0
14563 41
14773 0
14785 95
15124 68
15328 68
15606 0
15660 38
15774 0
15814 95
15965 0
16008 78
16385 0
17136 38
17337 41
18367 41
18430 0
18441 38
18444 0
18531 38
18839 0
18984 68
19084 0
19109 42
19176 0
19554 68
20205 0
20308 48
20318 0
20943 42
21436 0
21520 95
21734 48
22146 48
22438 54
22478 68
22851 41
23008 0
23260 38
23355 0
23705 54
23723 0
23783 42
23786 0
23789 42
24240 0
24586 54
24976 0
25049 68
25149 0
25167 41
25178 0
25269 54
25300 0
25318 41
26148 0
26508 48
26856 41
27102 0
27481 42
28013 68
28047 68
28267 0
28594 54
28916 0
29079 41
29118 0
29319 48
29600 0
29873 78
29895 54
29900 0
29906 42
29996 78
30916 68
31280 68
31311 68
31352 0
31780 38
32603 95
32896 0
32947 78
33202 0
33294 42
34140 0
34685 42
34958 0
35064 48
35209 68
35744 68
36024 0
36044 38
36494 0
36497 38
36549 0
36621 68
36630 0
37231 41
37411 0
37716 54
37999 0
38280 38
38302 0
38425 48
38430 0
38684 68
38836 0
38872 68
39367 0
40244 41
40279 0
40735 38
40795 0
40943 54
40946 0
40990 38
41156 78
41287 0
41730 54
42156 68
42184 0
42200 38
42327 0
42713 48
43184 0
43509 68
43710 0
43730 42
43872 54
44001 78
44043 0
44059 41
44819 0
44847 95
44919 0
45524 95
45746 0
46135 54
46240 68
46590 0
47003 54
47613 38
47625 0
47785 78
47791 0
48132 54
48165 68
48170 42
49343 95
49533 0
49762 54
49965 0
50047 41
50514 0
51096 42
51431 0
51533 42
51600 78
51986 0
52283 48
52296 0
52735 48
52856 0
53178 95
53281 0
53631 78
54086 0
54396 54
54481 0
54513 95
54659 0
54718 48
54796 0
55215 95
55290 0
55327 41
55711 0
55774 95
55793 42
56129 0
56150 48
56348 0
56389 42
56550 0
56733 68
56922 42
57178 0
57236 41
57682 48
58078 0
58142 95
58358 0
58391 42
58577 0
58640 54
59228 0
59259 95
59542 41
59826 0
60178 78
60333 0
60889 48
61285 0
61428 95
61622 0
61711 68
62201 54
62283 0
62357 38
62650 0
62710 95
62781 0
62919 54
63044 0
63113 78
63413 0
63956 38
64631 0
64721 68
64961 42
65126 54
65208 78
65226 0
65242 54
65307 0
65721 54
65759 0
65829 42
65992 0
66049 54
66336 0
66459 95
67103 41
67217 0
67241 38
67527 0
67530 42
67585 0
67695 48
68352 0
68734 54
68804 0
69307 95
69595 0
69625 38
69704 95
69899 0
70077 42
70532 0
70821 48
70858 0
70900 95
70976 0
71729 42
71883 0
72463 41
72785 0
73052 54
73369 0
73510 48
73546 0
73634 54
74127 38
74171 78
74175 41
74366 0
74694 95
74839 0
75198 95
75336 0
75564 54
76258 0
76635 68
77389 0
77740 78
77861 0
78034 68
78035 41
78115 48
78235 0
78298 78
78373 68
78571 0
78671 78
78811 0
78842 42
78939 0
79397 42
79412 0
79646 38
79647 0
79875 78
79884 0
79906 78
80081 38
80185 0
80249 78
80425 0
80455 78
80467 0
80681 42
80695 0
80886 68
81034 0
81317 38
81477 0
81554 54
81693 0
81701 54
81968 0
82126 78
82394 0
82539 42
83128 0
83177 95
83188 0
83343 54
83458 0
83717 54
83776 48
83897 0
84298 38
84602 38
84818 0
84925 68
84994 68
85034 42
85082 0
85318 38
85447 0
85940 41
86047 78
86160 0
86405 38
86671 0
87063 48
87190 0
87322 38
87486 68
87574 0
88385 38
88817 41
88824 95
89017 0
89776 78
89996 0
90238 48
90285 0
90497 38
90771 68
90900 0
90985 42
91307 0
91347 48
91523 0
91751 54
91882 54
91910 0
92505 78
92659 42
92737 0
92943 95
93074 68
93202 0
93231 42
93443 0
93506 78
93526 0
93727 68
93987 0
94290 38
94878 0
95004 38
95018 0
95161 48
95292 0
95347 42
95437 95
95454 0
95524 48
95606 0
95862 48
96314 0
96504 68
96638 68
96978 0
97144 48
97425 0
97567 68
97981 0
98054 54
98160 0
98205 42
98608 0
98772 95
99537 0
99739 48
778 events for 2
165 79
232 0
559 79
887 0
1016 79
1029 0
1177 79
1495 79
1577 0
1822 79
2009 0
2264 79
2336 0
2469 79
2488 0
2546 79
2576 0
2636 79
2834 0
2839 79
2864 79
2940 79
2959 0
3569 79
3633 0
3663 79
3823 0
4153 79
4583 0
4724 79
4789 0
4905 79
5015 0
5102 79
5196 79
5222 79
5253 0
5254 79
5370 0
5379 79
5535 0
5676 79
6026 0
6224 79
6250 0
6431 79
6439 0
6688 79
6704 0
6925 79
7318 79
7677 0
7726 79
7756 79
7879 0
7881 79
7897 0
7986 79
8150 0
8152 79
8372 79
8439 0
8452 79
8703 0
8769 79
9051 0
9087 79
9209 79
9235 0
9451 79
9563 0
9606 79
9776 0
9782 79
9798 0
9821 79
9912 0
9945 79
10018 0
10075 79
10132 79
10242 79
10323 79
10490 0
10914 79
10922 0
11173 79
11482 0
11636 79
11756 0
11760 79
11881 0
11962 79
12060 0
12154 79
12288 79
12289 0
12499 79
12528 0
12623 79
12815 0
12837 79
12858 0
12876 79
13016 0
13089 79
13378 79
13381 0
13559 79
13764 0
13837 79
13982 79
14381 0
14385 79
14494 0
14580 79
14608 79
14784 0
14893 79
14973 79
15184 0
15214 79
15333 0
15473 79
15482 0
15618 79
15866 0
15926 79
16044 0
16062 79
16173 0
16333 79
16667 0
16717 79
16944 0
17031 79
17153 79
17155 0
17320 79
17336 0
17354 79
17363 0
17572 79
17581 0
17602 79
17644 0
17709 79
17756 79
17834 79
17889 0
17928 79
18051 0
18496 79
18540 0
18549 79
18733 0
18734 79
18771 79
18963 79
19145 79
19192 0
19215 79
19748 0
20262 79
20397 0
20724 79
20784 0
20822 79
20956 0
20965 79
21026 0
21094 79
21209 0
21302 79
21712 0
21741 79
21872 0
21959 79
22009 79
22123 79
22127 0
22163 79
22190 0
22215 79
22269 0
22345 79
22549 79
22628 79
22706 79
22730 0
22798 79
22973 0
22985 79
23085 0
23258 79
23269 0
23471 79
23487 0
23517 79
23532 0
23587 79
23610 0
23658 79
24030 79
24291 0
24468 79
24491 0
24693 79
24728 0
24736 79
24926 0
25127 79
25187 0
25239 79
25261 0
25378 79
25482 79
25731 0
25947 79
26154 0
26215 79
26225 0
26446 79
26472 79
26528 0
26722 79
26824 0
26840 79
26875 0
26993 79
27010 0
27016 79
27063 0
27316 79
27737 79
27775 0
27873 79
27900 0
28019 79
28210 0
28493 79
28568 79
29153 0
29191 79
29306 79
29547 0
29614 79
29983 0
30009 79
30102 79
30293 79
30335 0
30630 79
30674 0
30712 79
31073 0
31118 79
31315 0
31391 79
31721 0
31761 79
31896 79
32211 79
32652 79
32956 0
33018 79
33192 79
33298 0
33531 79
33824 0
33828 79
33833 0
33852 79
33948 0
34291 79
34571 0
34598 79
34609 0
34682 79
34979 0
34992 79
35036 79
35276 79
35341 79
35353 0
35776 79
36024 0
36219 79
36246 79
36436 79
36501 79
36558 0
36575 79
36670 79
36675 79
36955 0
37333 79
37361 0
37462 79
37534 0
37537 79
37649 0
37785 79
37907 0
38032 79
38164 0
38219 79
38325 0
38491 79
38514 0
38630 79
38958 0
38988 79
39101 0
39264 79
39480 0
39513 79
39514 79
39881 79
39915 0
39978 79
40132 0
40193 79
40555 0
40698 79
40699 0
40832 79
41009 0
41027 79
41188 0
41345 79
41440 0
41473 79
41703 0
42123 79
42310 0
42420 79
42428 0
42464 79
42622 79
42955 0
43078 79
43641 79
43842 79
44005 0
44030 79
44152 0
44160 79
44244 0
44277 79
44406 79
44440 79
44701 0
44859 79
44967 0
45052 79
45384 79
45438 0
45556 79
45638 0
45815 79
45837 0
45888 79
45964 0
46694 79
46792 0
46795 79
46826 0
46849 79
46860 0
46891 79
47255 0
47319 79
47391 0
47440 79
47512 0
47518 79
47721 79
47734 0
47744 79
47785 0
48090 79
48206 0
48528 79
48749 0
48865 79
48886 0
48977 79
49099 0
49156 79
49256 0
49400 79
49657 0
49814 79
49815 0
49831 79
50084 0
50137 79
50155 79
50174 0
50219 79
50264 0
50420 79
50451 79
50567 79
50626 79
50898 0
51006 79
51131 79
51182 79
51204 0
51531 79
51661 0
51801 79
51893 0
52037 79
52182 0
52191 79
52313 0
52353 79
52458 0
52540 79
52797 79
52800 79
53133 0
53196 79
53577 0
53673 79
54013 0
54130 79
54218 0
54336 79
54430 0
54453 79
54502 0
54703 79
54952 79
55104 0
55928 79
56098 0
56197 79
56264 0
56303 79
56327 0
56552 79
56590 0
56704 79
56906 79
57370 79
57517 0
57571 79
57589 79
57797 0
57839 79
58036 79
58196 0
58361 79
58436 79
58477 0
58536 79
58546 79
58576 0
58673 79
58761 0
58814 79
58994 79
59005 79
59074 0
59274 79
59308 0
59349 79
59381 79
59538 0
59725 79
59834 79
59839 0
59889 79
59911 79
60042 0
60144 79
60281 0
60365 79
60496 0
60499 79
60768 0
60791 79
60801 0
60873 79
61197 0
61312 79
61363 0
61657 79
61663 0
61694 79
61703 79
61791 0
61795 79
61863 0
62143 79
62263 0
62446 79
62615 0
63098 79
63245 0
63399 79
63542 0
63740 79
63979 0
64274 79
64517 0
64950 79
65131 0
65202 79
65461 0
65544 79
65631 0
65641 79
65834 0
65857 79
66024 0
66035 79
66088 0
66104 79
66234 0
66280 79
66393 79
66417 0
66641 79
66769 79
66837 0
66911 79
66945 0
66951 79
67443 79
67525 0
67605 79
67962 0
67984 79
68091 0
68141 79
68199 79
68402 0
68452 79
68754 79
68757 79
68979 0
69033 79
69189 0
69374 79
69486 79
69611 0
69767 79
69783 0
69892 79
69909 0
70009 79
70167 79
70310 0
70329 79
70542 0
70597 79
70615 0
70622 79
71036 0
71134 79
71343 0
71467 79
71562 79
71663 79
71720 79
71851 79
71877 79
71897 79
72584 0
72705 79
72953 0
72955 79
73020 79
73104 0
73151 79
73391 0
73410 79
73912 0
73957 79
74026 0
74229 79
74510 0
75003 79
75006 0
75248 79
75311 0
75337 79
75346 79
75479 0
75771 79
75854 0
76002 79
76204 0
76469 79
76618 0
77055 79
77349 79
77369 0
77486 79
77510 0
77631 79
77660 0
77836 79
77860 0
78056 79
78154 0
78197 79
78302 0
78616 79
78626 0
78848 79
78888 0
78900 79
78944 79
79235 0
79267 79
79370 79
79669 0
79762 79
79943 0
80160 79
80185 0
80310 79
80344 79
80422 0
80426 79
80573 0
80705 79
80806 79
80921 0
80995 79
81164 79
81329 0
81560 79
81625 0
81923 79
82427 79
82799 0
83290 79
83542 79
83687 79
83766 79
83772 79
83835 79
83938 0
83988 79
83994 0
84132 79
84176 79
84522 0
84589 79
84853 0
84911 79
85061 0
85295 79
85547 0
85602 79
85794 79
85860 0
86299 79
86410 0
86469 79
86606 79
86660 79
86707 0
86804 79
86910 0
87235 79
87241 0
87695 79
87823 0
88162 79
88411 0
88448 79
88454 0
88464 79
88590 0
88693 79
88700 0
88722 79
88763 0
88862 79
88870 79
88959 0
89393 79
89479 0
89552 79
89676 79
89682 0
90045 79
90337 79
90388 0
90411 79
90496 0
90763 79
90772 79
91237 0
91537 79
91709 0
91819 79
91955 0
92096 79
92141 0
92362 79
92400 0
92416 79
92436 0
92554 79
92587 0
92710 79
92713 0
92943 79
92970 0
93209 79
93286 0
93376 79
93418 0
93478 79
93494 79
93606 0
93614 79
93720 0
93929 79
93970 79
94168 0
94201 79
94274 79
94390 0
94399 79
94530 0
94558 79
94593 0
94652 79
94702 0
94719 79
94797 0
94850 79
95434 0
95436 79
95457 0
95699 79
95761 0
95780 79
95789 79
95872 0
95904 79
95935 0
96032 79
96295 0
96305 79
96411 0
96535 79
96636 0
96721 79
96917 0
96925 79
97044 79
97104 0
97380 79
97473 0
97543 79
97624 0
97718 79
97960 79
98221 0
98815 79
98902 0
99099 79
99177 0
99241 79
99277 79
99484 0
99959 79
778 events for 3
5 84
124 0
138 64
169 0
544 84
608 64
643 93
812 84
882 0
999 84
1079 92
1126 0
1186 92
1297 0
1595 92
1722 0
1837 92
1883 0
2055 87
2165 0
2232 93
2433 0
2633 71
2867 0
2888 92
2977 0
2997 94
3073 84
3075 0
3109 87
3201 0
3266 87
3311 71
3384 0
3467 71
3583 0
3755 87
3896 0
4042 72
4054 92
4125 94
4159 87
4243 0
4355 64
4405 0
4492 93
4717 0
5147 93
5360 0
5564 64
5643 0
5744 84
5751 0
5764 92
5891 0
6243 64
6281 72
6340 0
6382 84
6647 92
6693 0
6848 72
6961 0
6976 72
7323 0
7593 71
7637 87
7823 0
8288 64
8301 0
8362 84
8372 0
8374 72
8378 0
8426 92
8780 0
8840 92
8897 0
8928 87
9037 0
9068 84
9107 0
9243 72
9264 0
9583 84
9823 0
9922 93
9947 71
10016 0
10030 93
10064 0
10068 71
10116 0
10156 84
10385 0
10474 71
10611 94
10961 0
11072 93
11134 87
11136 0
11173 71
11576 0
12032 72
12130 0
12217 94
12312 0
12446 84
12488 0
12756 71
13230 64
13259 0
13468 71
13681 0
14059 84
14068 0
14236 71
14579 0
15271 93
15290 0
15459 64
15510 0
15709 93
15833 0
15870 87
16028 0
16061 87
16165 84
16290 0
16422 64
16605 0
16682 94
16897 0
17049 84
17064 0
17284 87
17385 0
17472 72
17552 0
17610 87
17749 0
17847 94
17898 0
17950 64
18027 0
18184 71
18376 0
18497 64
18712 0
18824 71
18946 72
19261 92
19262 0
19273 84
19523 0
19524 94
19588 0
19613 87
20063 0
20138 71
20232 94
20287 72
20292 71
20391 0
20407 93
20448 0
20564 93
20921 71
20928 0
21398 72
21569 0
21700 92
21729 0
21741 71
21868 0
21988 71
22002 0
22005 93
22091 0
22437 71
22454 0
22477 84
22665 0
22703 93
22854 0
22935 94
22937 64
22945 0
23026 64
23073 71
23231 0
23312 92
23356 71
23368 0
23420 72
23437 0
23496 84
23633 72
24039 94
24221 0
24267 87
24268 0
24389 92
24411 71
24511 0
24589 93
24980 87
25149 0
25174 92
25232 0
25275 87
25327 93
25409 0
25438 64
25547 0
25589 71
25615 0
25675 71
25757 0
25831 72
26071 0
26166 94
26208 0
26460 93
26514 0
26578 64
26631 0
26634 72
26962 0
27260 93
27336 93
27337 0
27497 92
27633 0
27796 71
28041 0
28223 93
28245 93
28247 0
28351 94
28523 92
28581 0
28670 71
28796 0
29008 93
29210 0
29271 93
29430 92
29556 0
29792 64
29961 0
29972 64
30100 0
30126 93
30328 0
30332 93
30344 0
30357 93
30525 92
30595 0
30664 64
30786 0
31079 87
31194 0
31211 94
31262 0
31274 87
31412 0
31712 92
31775 0
31830 64
31835 0
31880 71
31887 72
32152 93
32184 0
32215 84
32255 93
32353 0
32792 94
33050 84
33088 64
33208 0
33297 92
33441 0
33631 87
33707 0
33985 71
33993 0
34544 71
34697 0
34766 72
34959 0
35156 84
35335 84
35440 0
35632 71
35639 0
35671 92
35692 0
35707 72
35939 0
36093 84
36152 0
36245 64
36432 0
36525 72
36596 92
36613 0
37047 94
37205 84
37568 64
37884 0
37918 94
37972 0
38059 64
38156 0
38334 64
38622 0
39084 87
39119 0
39282 92
39344 0
39412 64
39511 92
39794 94
39805 0
39992 92
40020 84
40287 0
40495 71
40621 0
41019 87
41026 0
41093 87
41287 84
41343 87
41378 0
41483 87
41485 0
41573 72
41681 92
41792 0
42142 87
42274 92
42618 0
42684 92
42862 0
42939 93
42988 64
42996 92
43039 0
43108 93
43111 0
43115 94
43130 0
43228 84
43297 0
43344 71
43375 94
43876 0
43881 71
43934 0
43937 72
44093 0
44274 64
44484 0
44732 92
44911 0
45086 72
45114 0
45214 84
45250 71
45266 64
45559 92
45657 0
45739 84
45852 0
45999 92
46291 0
46313 64
46351 84
46364 0
46385 92
46609 0
46783 71
46906 0
47084 84
47126 0
47289 94
47583 93
47600 87
47606 93
48035 0
48069 94
48119 0
48855 92
48931 84
48961 71
48982 0
49055 84
49108 0
49339 64
49408 87
49409 0
49550 71
49642 0
49970 87
49978 0
50098 94
50308 0
50410 93
50556 0
50624 84
50698 0
50707 92
50904 64
50966 0
51153 84
51428 0
51624 64
51660 0
51802 93
52040 84
52076 0
52316 87
52543 0
52544 93
52582 0
52667 87
52683 0
52757 93
52866 0
53137 71
53263 0
53328 87
53400 71
53413 93
53531 0
53694 93
53743 71
53922 0
54026 94
54291 93
54309 0
54310 92
54325 0
54377 64
54416 71
54422 0
54449 87
54481 84
54542 0
54906 72
55078 93
55139 0
55463 93
55468 84
55525 0
55632 93
55730 0
55788 84
55854 92
55904 0
55941 71
56004 0
56016 92
56075 0
56162 94
56182 0
56248 87
56253 0
56515 94
56523 0
56611 94
56654 0
56688 87
57180 0
57228 87
57299 0
57370 84
57417 0
57725 64
57806 0
57824 72
57873 0
57882 84
57929 0
57954 94
57989 0
58230 93
58254 0
58619 93
58643 84
58950 0
58973 84
58976 0
59165 94
59294 72
59406 0
59469 87
59487 0
59740 93
59907 0
60208 84
60395 0
60428 92
60434 0
60471 64
60585 71
60697 0
60855 84
60987 0
61265 94
61331 0
61524 72
61536 0
61564 92
61575 0
61714 87
62001 94
62209 94
62249 0
62369 84
62854 0
62954 92
63127 71
63130 0
63157 94
63243 0
63268 71
63640 64
64130 0
64443 64
64517 0
64559 84
64564 0
64998 94
65109 0
65403 92
65439 0
65443 92
65486 0
65552 87
65904 0
66077 94
66420 84
66477 0
66538 94
66654 72
66755 0
66833 92
66904 71
66971 0
67060 72
67564 0
67652 64
67853 0
67915 93
68079 0
68858 71
68920 0
69001 72
69156 0
69281 87
69319 72
69388 84
69419 0
69603 64
69655 92
69951 93
70244 0
70267 64
70269 93
70291 0
70295 71
70301 0
70820 93
70888 0
71230 64
71283 0
71329 64
71387 0
71465 64
71489 94
71571 71
71861 0
71876 84
71883 0
71916 72
72143 93
72232 93
72233 84
72247 0
72396 84
72627 0
72668 87
72698 0
72745 71
72834 92
72988 0
73338 72
73381 0
74040 92
74199 71
74423 0
75063 84
75068 84
75075 0
75104 72
75587 94
75604 0
75659 94
75713 64
75896 72
75899 0
75916 84
76132 0
76185 94
76336 0
76387 64
76416 64
76576 0
76622 87
76780 0
77000 87
77172 0
77271 84
77279 0
77515 72
77559 0
77636 93
77673 0
77724 71
77746 0
77964 71
78037 0
78104 64
78216 0
78235 71
78319 0
78655 92
78728 0
78943 92
79121 93
79139 84
79240 0
79404 93
79755 92
80170 71
80271 0
80314 94
80421 0
80425 93
80464 0
80827 87
81079 92
81111 93
81134 0
81419 84
81492 94
81588 0
81609 87
81624 0
81677 87
81840 0
81847 71
82015 0
82106 93
82154 93
82748 0
82838 93
83200 0
83307 87
83481 72
83575 0
83862 94
84126 0
84201 94
84372 0
84418 93
84485 0
84489 64
84787 87
84855 0
84922 94
84931 87
85103 92
85113 0
85139 84
85166 0
85384 64
85385 72
85390 0
85410 87
85435 0
85587 87
85983 92
86043 0
86051 72
86577 64
86640 0
86712 64
87258 0
87279 84
87345 0
87410 94
87567 64
88084 0
88594 87
88831 0
88892 84
89360 0
89408 71
89428 0
89551 71
89561 0
89821 94
90224 71
90627 0
90761 84
91607 71
91765 0
91857 71
91889 87
91934 0
92273 87
92569 0
92648 72
92804 64
92927 71
92931 0
92986 92
93205 0
93619 92
93676 0
93937 93
94308 92
94574 93
94804 0
94901 72
95098 0
95285 87
95393 0
95448 71
95774 0
95962 87
96076 0
96127 64
96177 0
96259 84
96314 0
96718 94
97006 0
97012 84
97161 0
97189 92
97243 0
97364 71
97542 0
97572 94
97748 64
97815 0
97892 92
98252 0
98604 94
98795 0
98800 72
98872 0
98936 92
99292 0
99324 84
99548 0
99682 92
99689 93
99842 0
99890 93
99897 84
963 events for 4
60 69
73 68
181 0
279 66
390 0
623 66
949 0
957 65
996 0
1214 66
1228 0
1287 66
1525 69
1570 0
1740 68
1743 66
1862 0
1873 66
1938 0
2036 65
2095 69
2421 0
2423 66
2489 0
2955 65
3307 0
3406 66
3583 68
3615 0
3670 66
3713 0
3915 65
3936 0
4024 66
4148 0
4394 66
4399 0
4512 66
4571 0
4819 66
4821 0
4835 66
4838 0
4868 69
4998 0
5055 69
5219 68
5339 0
5575 69
5686 0
5875 66
5928 65
6016 68
6212 68
6276 0
6455 66
6585 66
6637 65
6947 0
6992 65
7070 66
7098 0
7110 66
7177 0
7196 69
7269 0
7304 66
7397 0
7414 68
7471 66
7588 0
7607 65
7626 0
7630 66
7694 0
7883 68
7933 0
7992 66
8002 0
8515 66
8534 68
8597 66
8707 0
8718 69
8741 0
9428 66
9931 0
9955 66
10161 0
10186 66
10485 0
10627 69
10744 0
10870 69
10944 0
11060 66
11211 69
11236 66
11240 0
11362 69
11530 66
11542 0
11639 65
11725 65
11744 66
11759 0
11822 66
11928 0
11996 66
12024 0
12060 66
12147 66
12201 0
12277 66
12399 0
12455 69
12457 66
12563 0
12700 66
13006 0
13032 66
13266 0
13288 66
13303 0
13312 69
13469 0
13525 66
13704 0
13885 68
14038 0
14047 69
14121 0
14213 66
14252 0
14378 68
14462 66
14479 0
14575 69
14638 0
14651 69
14702 0
14868 66
14911 66
14987 66
14999 0
15015 69
15059 0
15197 66
15256 0
15667 66
15713 0
15969 66
16227 69
16475 0
16497 66
16607 0
16727 66
16958 66
16966 0
16971 66
17007 68
17270 0
17490 66
17513 66
17572 0
17643 68
17663 0
17754 65
17814 0
17873 66
17917 66
18092 0
18231 66
18248 0
18268 66
18347 0
18485 66
18766 66
18909 66
19006 0
19102 66
19168 0
19172 68
19178 0
19216 66
19227 0
19598 65
19634 0
20103 66
20165 0
20239 66
20442 0
20498 66
20550 0
20568 66
20654 0
20720 69
20752 0
21029 65
21166 66
21202 68
21254 0
21368 69
21375 0
21636 66
21893 0
22064 66
22088 0
22104 69
22209 0
22328 68
22342 0
22540 66
22809 0
22811 66
22959 0
22995 68
23272 0
23336 66
23411 69
23489 66
23612 0
23661 68
23793 0
23797 66
23800 0
23882 66
24189 0
24283 66
24560 66
24827 0
24864 66
24955 65
25031 0
25089 66
25156 0
25267 66
25445 0
25569 68
25960 66
25976 0
25985 69
26115 0
26158 66
26159 0
26309 68
26493 0
26544 66
26555 0
26604 69
26680 0
26787 69
26962 68
26978 66
27096 66
27223 0
27309 69
27316 69
27618 0
27619 65
27633 0
27658 66
27743 66
27797 0
28559 66
28594 69
28690 66
28836 0
28865 66
28927 68
29077 68
29092 0
29113 66
29247 66
29408 66
29421 0
29710 65
29944 0
30050 69
30074 0
30153 65
30169 0
30312 66
30353 68
30371 66
30375 0
30392 66
30427 0
30441 66
30482 0
30785 66
30853 0
30886 66
30944 0
31426 69
31874 0
32049 69
32065 0
32280 68
32340 69
32472 0
32488 66
32579 0
32674 66
32837 0
32850 66
33023 0
33035 68
33056 0
33084 65
33092 66
33105 69
33259 66
33314 0
33441 65
33522 0
33603 66
33909 66
33913 0
34011 66
34038 0
34172 66
34205 68
34245 0
34314 66
34432 0
34742 66
34895 0
35094 66
35141 0
35155 65
35223 0
35249 69
35301 66
35359 66
35391 0
35462 65
35572 0
35794 65
35825 0
35958 65
36058 0
36066 66
36230 66
36235 0
36369 66
36428 0
36710 66
36812 0
36862 66
37222 0
37399 68
37403 66
37496 0
37686 65
38088 66
38093 0
38113 69
38124 66
38198 69
38253 0
38613 66
38692 0
38705 66
38812 66
38878 0
38885 66
38965 0
39145 69
39335 0
39410 66
39428 0
39439 66
39501 0
39610 68
39860 69
39997 0
40073 66
40118 66
40464 0
40471 69
40474 0
40624 66
40892 0
40894 66
41112 0
41403 68
41761 0
41852 66
41975 0
42040 69
42399 69
42407 0
42498 69
42555 0
42571 66
42713 0
42718 66
42842 0
42925 66
42948 0
43057 66
43094 0
43221 69
43378 0
43465 66
43559 0
44093 66
44111 0
44125 66
44154 0
44240 68
44248 0
44377 66
44460 0
44651 66
44714 65
44905 0
44928 66
45268 69
45312 0
45337 66
45493 0
45512 66
45521 0
45580 66
45939 0
45999 65
46087 0
46187 66
46212 0
46519 66
46646 0
46792 69
46820 0
46933 66
47095 66
47175 65
47188 66
47420 68
47583 0
47892 69
48048 66
48068 0
48181 66
48203 0
48344 68
48485 0
48643 66
48668 0
48754 66
48768 69
48895 66
48922 0
48973 66
48998 0
49098 66
49194 0
49332 69
49345 0
49353 66
49391 0
49470 66
49507 0
49533 66
49952 65
50061 0
50079 66
50113 0
50114 69
50327 0
50453 66
50456 0
50613 66
50803 0
50844 66
51342 66
51543 0
51551 69
51649 0
51691 66
51701 0
51802 66
51823 0
51867 66
51886 0
51900 68
52094 0
52454 65
52654 0
52779 66
52788 69
53097 0
53312 66
53598 0
53615 65
53675 0
53708 69
54088 0
54130 66
54193 0
54325 69
54403 68
54442 0
54495 66
54805 0
55198 66
55233 0
55244 66
55758 0
55786 65
55804 0
55880 69
55884 69
55904 0
56143 66
56245 66
56297 0
56327 68
56345 66
56431 65
56527 66
56585 0
56629 65
57039 66
57072 0
57218 66
57275 0
57420 66
57436 69
57458 0
57593 66
57611 66
57861 0
57896 66
57959 0
58002 68
58097 0
58509 66
58523 0
58617 69
58619 0
58823 69
59037 69
59079 66
59262 0
59334 65
59362 69
59377 66
59533 0
59537 66
59575 0
59583 69
59808 0
59876 66
60001 0
60021 66
60222 0
60232 66
60394 69
60410 0
60518 66
60596 0
60614 66
60646 0
60848 65
60933 0
61298 66
61556 0
61706 66
61800 0
61938 66
62142 66
62207 0
62262 69
62286 0
62427 66
62526 66
62599 0
62604 69
62783 0
62879 69
63035 0
63099 66
63177 0
63220 68
63315 0
63431 69
63506 0
63629 68
63671 66
63784 0
63959 69
63966 0
64006 66
64007 66
64109 0
64220 66
64300 0
64392 66
64436 0
64492 66
64493 69
64695 66
64701 0
64765 65
64794 0
64878 66
64894 0
64971 65
65043 0
65125 66
65134 66
65340 0
65628 66
65629 69
65661 0
65715 66
66007 0
66168 66
66169 65
66415 66
66447 0
66524 66
66636 66
66647 0
66658 66
66770 0
66823 65
66846 0
67207 68
67267 0
67345 66
67362 69
67375 0
67393 66
67432 69
67482 0
67609 66
67676 66
67688 0
67691 66
67700 0
67772 68
67897 66
68002 0
68029 66
68219 0
68245 66
68502 65
68766 0
68959 66
68967 0
69257 69
69358 0
69568 66
69957 0
70287 65
70297 0
70452 69
70562 0
70674 68
70685 66
70876 69
70882 65
70939 68
71057 0
71417 65
71462 66
71469 0
71554 66
71583 0
71596 66
71619 0
71658 66
71765 0
71811 66
71887 0
71901 66
71912 66
72049 0
72302 68
72354 66
72676 0
72741 66
72754 0
72758 65
72836 0
72947 68
73048 0
73167 66
73239 69
73314 66
73553 0
73621 66
73646 66
73672 68
73736 0
73758 66
73886 66
73968 69
74136 68
74138 0
74170 69
74204 0
74259 66
74387 66
74413 66
74564 0
74653 66
74705 0
74792 66
74858 66
74868 0
75053 66
75183 0
75203 65
75232 0
75276 65
75442 0
75444 66
75576 0
75754 66
75803 66
75832 0
75878 65
75985 66
75996 0
76060 66
76140 0
76200 66
76229 0
76242 68
76329 66
76428 66
76921 0
76930 69
76959 0
76972 66
76977 69
77066 0
77186 65
77299 0
77321 69
77431 0
77472 66
77482 0
77754 68
77839 0
77914 66
78031 0
78154 66
78450 66
78643 0
78791 66
78804 0
78927 66
78977 66
79236 0
79240 65
79474 0
79617 69
79726 0
79766 68
79863 0
80045 69
80107 0
80148 66
80154 0
80248 66
80322 66
80377 0
80490 66
80511 0
80569 66
80589 66
80643 0
80730 68
80772 65
80788 66
80886 68
80894 0
81070 66
81108 0
81257 66
81271 0
81426 68
81525 0
81555 65
81846 0
81848 66
81970 0
82062 68
82214 66
82332 0
82356 66
82404 0
82466 65
82508 0
82510 66
82559 0
82584 66
82837 0
82914 66
82966 69
83003 0
83030 66
83057 0
83341 66
83418 66
83443 0
83471 68
83524 0
83760 68
83774 66
83841 66
84081 0
84099 66
84190 0
84297 66
84424 0
84460 66
84485 0
84489 66
84517 66
84607 0
84727 68
84934 66
84963 0
85081 66
85103 0
85145 66
85308 0
85348 66
85413 0
85421 66
85422 0
85579 68
85638 0
85682 66
85731 0
85964 66
86081 0
86258 65
86274 66
86353 69
86584 0
86886 66
86934 0
87004 66
87128 0
87341 66
87490 0
87572 66
87584 0
87670 69
87758 0
87811 66
87886 66
87913 0
88095 66
88199 0
88200 66
88259 0
88350 66
88502 66
88523 69
88764 0
88832 65
88898 0
89067 66
89201 0
89242 66
89313 0
89597 66
89603 66
89611 65
90032 0
90034 69
90081 66
90290 0
90595 66
90606 0
90727 68
90755 0
90847 65
91138 0
91201 65
91233 65
91274 66
91332 0
91481 65
91485 0
91670 69
91945 0
92009 65
92098 0
92158 66
92421 0
92488 66
92648 68
92761 0
92766 66
92834 0
92870 66
93071 0
93188 69
93194 66
93379 0
93441 69
93562 0
93733 66
93746 66
93885 0
93965 66
94247 0
94456 69
94484 0
94700 69
95138 69
95142 66
95325 0
95387 69
95586 0
95607 65
95737 0
95777 66
95823 0
95842 68
95881 66
95888 0
95892 66
96053 66
96141 0
96462 66
96589 0
96783 66
96865 0
96928 66
97259 68
97639 0
97652 65
97922 0
97960 66
98027 0
98127 66
98522 0
98539 68
98581 0
98583 68
98651 0
98744 66
98874 66
98961 66
99040 0
99485 66
99502 0
99512 66
99580 0
99653 66
99848 65
99888 0
99920 68
464 events for 5
215 67
325 0
542 83
724 0
1091 67
1216 0
1421 83
1445 0
1480 83
1661 0
1739 83
1799 77
1974 0
2082 67
2239 83
2253 67
2568 67
2618 0
2751 67
3397 0
3603 77
3849 0
4112 67
4510 83
5266 83
5608 77
5762 0
6288 67
6512 0
6572 77
6578 0
7138 67
7276 0
7820 77
8109 0
8124 77
8169 0
8185 67
8699 0
8762 67
9500 0
9868 67
10512 0
10659 67
10677 83
11060 0
11462 67
11703 0
11714 67
12060 0
12187 77
12442 83
12575 0
13107 77
13361 0
13529 67
13590 0
13848 83
13956 83
14029 0
14083 77
14743 0
14912 83
15013 0
15312 77
15402 77
15451 0
15627 67
15662 0
15700 77
15831 67
16141 77
16225 0
16469 67
16512 0
16575 77
16718 77
16740 0
16768 83
16892 67
16968 0
17185 77
17708 0
17784 77
17942 0
17999 83
18065 0
18075 77
18461 0
18558 83
18626 0
19012 83
19123 0
19202 67
19680 0
19800 77
20034 0
20382 67
21122 0
21346 67
21781 0
22030 83
22075 0
22114 83
22485 0
23269 67
23623 0
23774 77
23911 0
24163 83
24464 0
24546 77
24710 0
25255 67
25534 0
25963 83
26186 0
26441 83
26488 67
26577 0
27121 67
27391 67
27493 0
27546 67
27551 0
27591 77
27607 0
28091 83
28211 0
28355 83
28907 0
29099 67
29919 0
30108 83
30567 0
30930 83
31052 67
31484 0
31760 67
31791 83
31857 0
32009 67
32180 0
32833 67
32889 0
32892 67
32950 0
32963 83
32966 83
33330 0
33388 77
33395 0
33406 83
33796 0
33806 67
33874 77
33879 0
34177 77
34318 0
34371 83
34965 0
35152 77
35944 0
36154 77
36288 0
36460 77
36509 0
36775 67
36845 0
36930 67
37127 0
37980 77
38746 67
39206 77
39252 0
39586 77
39857 0
39863 83
39932 0
40094 77
40922 0
41014 67
41022 0
41709 67
42055 83
42164 0
42230 67
42835 0
43221 77
43410 0
43502 83
43583 0
43680 83
43877 83
43937 0
43956 67
44001 0
44002 83
44091 0
44473 83
44637 0
44731 67
44863 0
44910 83
44946 0
44971 77
45299 0
45309 77
45484 0
45624 83
45796 0
46416 83
46637 0
46957 67
47437 0
47510 83
47563 0
47572 83
47848 0
48117 67
48132 0
48164 83
48289 83
48352 0
48454 67
48502 67
48526 0
49162 67
49164 83
49350 0
49872 67
50312 0
50524 67
50804 0
50911 83
51455 0
51507 67
51843 0
51953 67
52233 83
52463 0
52828 77
53254 77
53415 0
53481 77
53649 0
53675 77
53905 83
53952 0
54066 77
54217 0
54541 67
54772 67
54867 83
55050 83
55162 0
55316 83
55475 83
55822 83
56067 0
56744 77
57125 0
57228 83
57511 77
57574 0
57944 67
58280 77
58603 0
59106 67
59128 0
59325 83
59527 83
59902 0
60143 77
60168 0
60354 67
60448 0
60531 83
61350 77
61437 0
61556 67
61803 0
61936 83
62282 0
62449 77
62680 77
62958 67
63041 0
63108 67
63124 0
63260 83
63486 0
63502 77
63630 0
63679 77
63738 0
64009 67
64182 0
64385 83
64447 0
64587 67
64642 83
64779 0
64966 77
65455 0
65530 83
65596 0
65707 67
65717 0
65747 67
66017 0
66168 67
66198 0
66880 77
67032 0
67494 83
67525 0
67667 67
67782 0
67983 67
68054 0
68369 83
68873 0
69139 83
69246 83
69366 83
69811 83
69849 0
69928 83
69999 0
70100 77
70540 0
70988 83
71002 83
71321 67
71585 0
71621 83
71856 0
71859 83
71983 0
72171 67
72211 83
72744 0
72958 83
72990 0
73020 83
73022 0
73216 77
73554 0
73645 67
73665 0
73788 77
74173 0
74563 67
74685 0
74847 77
75050 83
75503 0
75667 83
75765 0
75989 83
76067 0
76182 67
76693 0
76836 83
77663 0
77879 77
77995 0
78013 67
78798 67
78971 0
79050 83
79271 77
79665 83
79677 0
79784 67
79799 0
79867 83
80005 83
80897 77
81044 0
81139 77
81140 0
81226 83
81534 0
81652 67
81763 0
82115 67
82127 83
82893 77
83033 0
83392 77
83429 83
83476 83
83498 0
83734 77
83894 67
83994 0
84115 67
84194 0
84227 83
84343 0
84548 77
84610 67
84814 0
85122 83
85247 0
85300 83
86013 0
86175 83
86250 77
86616 67
86719 0
87018 77
87086 0
87259 77
87319 67
87324 0
87483 67
87712 0
87743 67
87753 83
88123 0
88241 67
88623 0
88973 77
89236 0
89411 83
89789 0
89851 67
90648 0
91159 77
91172 0
91174 67
91438 67
91478 0
91779 77
92079 77
92170 0
92595 77
92753 0
92992 83
93025 0
93155 77
93887 0
94184 67
94576 67
94654 83
94792 0
95011 67
95295 0
95378 83
95430 83
95816 0
96063 83
97008 67
97351 0
97522 83
97927 77
98438 0
98523 83
99464 77
99672 0
99876 83
940 events for 6
57 86
175 0
216 86
281 78
292 0
405 86
703 86
829 0
873 81
1074 0
1082 91
1084 78
1150 0
1251 78
1383 0
1463 78
1589 81
1605 0
1645 78
1656 0
1776 78
1838 0
1958 81
2039 0
2071 91
2106 0
2270 78
2279 0
2351 81
2369 0
2584 81
2745 78
3014 0
3283 86
3336 81
3382 0
3414 78
3516 91
3621 86
3624 0
3824 86
3869 0
3885 78
3909 0
4259 81
4378 86
4571 78
5062 0
5240 81
5263 0
5275 91
5325 0
5454 81
5565 81
5583 0
5584 91
5632 91
5653 78
5792 0
5890 86
5900 91
6103 0
6199 78
6449 0
6563 91
6762 0
6853 78
6861 0
7087 91
7104 0
7377 86
7689 0
7695 91
7707 81
7709 0
7787 91
7858 0
7902 91
8052 0
8126 81
8235 81
8424 0
8453 91
8682 0
8814 91
8925 0
9073 78
9416 81
9455 86
9560 0
9629 78
9709 0
9998 78
10051 0
10068 86
10218 0
10368 86
10403 0
10406 78
10414 0
10558 78
10623 0
10648 86
10720 0
10952 86
11006 0
11046 86
11162 0
11206 78
11248 0
11338 86
11438 0
11726 86
11810 91
11833 91
12008 78
12122 0
12148 78
12445 86
12691 0
12893 86
12906 0
12940 86
13142 78
13162 78
13204 81
13532 78
13589 0
13669 78
13744 81
13788 0
13854 81
13918 0
13986 81
14011 0
14083 91
14112 81
14157 0
14179 91
14348 78
14832 78
14953 0
15007 78
15149 0
15190 78
15275 91
15284 0
15290 78
15398 0
15454 91
15523 81
15622 78
15654 78
15656 78
15696 0
15758 91
15892 0
16130 91
16365 0
16574 91
16641 78
16652 0
16661 86
16693 78
16723 0
16967 81
17045 0
17319 86
17368 0
17505 86
17714 78
17717 0
17796 86
17813 0
17936 81
17951 0
17972 86
18090 0
18161 86
18171 0
18182 81
18268 81
18286 0
18399 81
18525 0
18575 86
18582 0
18632 86
18784 0
19019 86
19025 0
19109 86
19200 0
19301 81
19523 0
19532 91
19631 0
19739 78
19989 91
20080 86
20434 0
20532 81
20746 0
20993 91
21190 78
21191 0
21206 81
21348 81
21423 0
21489 86
21950 78
22421 78
22442 0
22976 81
23028 0
23151 86
23167 86
23242 0
23285 91
23402 0
23554 91
23670 0
23847 78
24140 86
24286 91
24352 0
24370 91
24431 0
24447 81
24876 0
25021 81
25042 0
25323 91
25367 0
25424 81
25525 0
25555 81
25954 86
26582 0
26650 86
26711 0
26719 81
26737 78
26804 0
26873 91
27015 0
27036 91
27067 0
27157 81
27467 0
27487 91
27603 0
27994 81
28007 0
28028 91
28040 0
28066 78
28513 86
28537 91
28604 78
28855 78
28869 91
28892 0
28948 81
28971 86
29077 0
29135 91
29197 81
29199 0
29354 78
29356 86
29457 0
29519 86
29591 0
29737 78
29847 78
29851 0
29892 81
29965 81
30062 0
30133 78
30252 78
30259 86
30356 0
30468 81
30682 78
30683 0
30725 78
30812 0
30822 86
30864 86
30866 78
30983 78
31118 86
31124 91
31179 0
31391 78
31570 0
31766 91
31935 0
31942 86
31990 91
32093 0
32403 78
32457 0
32494 78
32786 0
32895 78
33058 91
33248 86
33252 0
33522 78
33529 0
33604 78
33630 0
33646 86
33700 0
33769 81
33840 0
33907 78
34192 0
34359 81
34514 0
34726 86
34794 0
34863 91
35217 0
35328 91
35337 0
35526 81
35528 0
35765 81
35828 0
35846 91
36628 0
36660 91
36693 0
36708 78
36862 0
36963 78
37023 78
37051 0
37063 78
37251 0
37687 78
37733 0
37798 78
37854 0
37887 91
37985 0
38132 86
38195 78
38455 0
38879 78
38924 0
39371 91
39475 0
39659 86
39738 0
40084 91
40129 0
40199 86
40226 0
40465 81
40693 0
40772 81
40823 0
40889 91
41135 0
41422 86
41440 91
41447 0
41572 81
41638 91
41740 0
41781 81
41857 0
41945 81
42342 91
42348 0
42594 78
42656 0
42717 81
42759 91
42909 0
42915 78
42922 0
42958 78
43002 0
43050 91
43187 78
43282 0
43351 86
43462 86
43532 0
43837 86
43842 0
43897 78
43957 91
44107 0
44347 86
44348 0
44364 91
44416 0
44543 81
44606 0
44815 91
45021 0
45378 81
45416 0
45602 91
45604 91
45638 0
45875 86
46172 0
46210 81
46315 0
46497 78
46502 0
46517 81
46868 0
46946 86
47014 0
47095 78
47176 91
47183 86
47237 0
47255 81
47278 81
47398 0
47455 78
47616 0
47669 91
47711 81
47719 0
48225 81
48335 81
48385 0
48430 81
48482 91
48751 0
48799 91
48864 0
48866 91
48930 91
48982 86
49019 0
49378 81
49720 0
49759 78
49861 81
50103 0
50162 78
50290 0
50348 78
50371 78
50385 0
50540 91
50549 91
50712 86
50754 0
51512 86
51623 0
51636 78
51761 0
52100 78
52412 78
52582 0
52599 86
52771 0
52908 81
52926 0
53215 78
53224 0
53230 91
53340 0
53489 78
53591 0
53605 78
53696 0
53923 81
53959 0
54062 78
54118 0
54186 86
54243 0
54247 81
54421 0
54475 86
54529 0
54575 78
54944 0
55116 86
55205 0
55213 91
55224 0
55348 78
55749 78
55912 0
55920 81
55958 91
56159 0
56264 81
56305 78
56510 0
56767 78
56773 0
56939 81
56981 0
57000 81
57137 0
57277 91
57351 0
57385 91
57393 81
57398 78
57808 81
57883 0
57970 91
58041 0
58116 86
58238 0
58315 81
58416 0
58420 86
58494 86
58883 0
59118 81
59359 78
59423 0
59438 81
59439 0
59680 91
59823 0
59952 78
59973 0
60049 91
60095 0
60133 86
60205 0
60209 78
60224 0
60320 91
60427 0
60608 78
60645 0
60723 86
60868 0
60903 91
61020 91
61053 0
61088 91
61203 0
61266 81
61413 0
61642 91
61962 0
62012 78
62232 0
62265 81
62295 86
62418 78
62504 0
62636 81
62775 0
62798 78
62857 81
62886 0
62951 81
63150 0
63314 78
63317 86
63429 81
63591 0
63762 81
63939 0
63973 81
64008 0
64151 86
64231 0
64273 78
64393 91
64413 0
64427 86
64449 0
64534 81
64558 78
64595 78
64604 0
64680 78
64835 0
64923 78
64928 91
65018 91
65028 91
65049 81
65062 0
65071 81
65097 0
65180 91
65203 0
65370 91
65480 86
65543 0
65576 91
65841 78
65845 0
66107 91
66607 0
66616 86
66994 0
67088 81
67178 0
67225 78
67279 0
67306 91
67355 0
67447 86
67461 78
67469 78
67569 0
67730 78
67732 0
68027 78
68046 0
68226 81
68237 86
68460 0
68464 86
68598 0
68676 86
68798 78
68913 0
68969 86
69018 0
69194 81
69406 81
69509 81
69668 0
69976 81
69992 86
70151 0
70460 86
70699 0
70839 78
70910 0
70979 81
70987 0
71055 78
71064 0
71100 91
71480 0
71501 78
71555 0
71667 86
71837 78
71893 0
72218 86
72251 0
72455 78
72571 0
72595 86
72875 81
73111 91
73220 91
73404 0
73566 86
73598 91
73603 0
73641 81
73647 0
73720 86
73803 0
73860 81
73922 0
73949 78
73957 0
74282 86
74300 0
74466 86
74495 0
74529 78
74544 0
75210 78
75406 0
75522 91
75526 0
75707 78
75777 0
75955 78
76036 0
76141 86
76152 0
76160 91
76467 0
76670 78
76809 0
77365 86
77472 0
77476 91
77494 0
77542 81
77558 86
77942 0
77962 86
78085 0
78089 78
78173 0
78204 81
78389 0
78400 91
78455 0
78568 81
78761 0
78839 86
79133 0
79335 78
79398 0
79453 78
79531 81
79722 0
79735 81
79960 0
80220 78
80280 0
80379 78
80526 0
80542 91
80606 0
80774 81
80867 0
81018 86
81048 0
81119 91
81155 0
81274 91
81322 0
81453 86
81501 81
81604 81
81848 0
81955 91
82161 0
82295 78
82332 0
82386 91
82442 0
82649 81
82655 0
82858 81
82905 81
82939 78
83034 0
83058 78
83203 91
83457 91
83517 0
83640 81
83694 0
83996 91
84011 0
84137 91
84185 0
84225 81
84317 0
84352 81
84353 0
84430 91
84582 0
84804 91
85090 0
85273 91
85476 0
85522 91
85647 0
85791 78
85812 0
86053 81
86212 91
86280 0
86288 91
86323 0
86365 78
86639 0
86691 78
86746 0
86794 91
86911 0
86913 78
87054 0
87102 81
87198 91
87622 0
87695 78
87817 0
87855 81
87920 0
87997 78
88244 0
88266 91
88296 0
88415 91
88431 86
88509 0
88669 78
88771 0
88836 78
88984 81
89014 0
89300 78
89479 0
89523 91
89549 0
89655 91
89676 0
89684 78
89723 0
89766 78
89849 0
89850 86
90152 0
90379 78
90568 0
90796 86
90889 0
91113 91
91126 0
91138 86
91157 78
91353 0
91614 91
91618 81
91670 86
91691 0
91796 86
91865 0
92017 78
92039 0
92107 81
92178 0
92215 81
92259 86
92348 86
92366 0
92399 86
92415 0
92511 91
92556 0
92563 81
92785 0
93039 86
93228 86
93260 91
93338 0
93373 81
93426 0
93483 78
93580 0
93613 86
93620 86
93728 86
93895 0
93904 78
93949 0
93956 78
94077 0
94093 78
94185 0
94196 81
94234 0
94310 78
94333 86
94335 81
94356 0
94448 86
94473 81
94515 81
94929 0
95030 81
95155 0
95189 86
95207 0
95239 86
95248 0
95419 81
95432 0
95439 91
95559 0
95679 81
95692 81
95756 81
95764 0
95939 81
96015 0
96152 78
96242 0
96315 81
96341 86
96352 0
96374 78
96377 91
96402 81
96508 0
96682 91
96720 91
96728 0
96923 86
96962 0
97154 81
97294 0
97372 78
97425 0
97505 81
97565 81
97758 0
97784 78
97960 91
97981 86
98000 0
98050 91
98080 0
98227 78
98263 0
98349 86
98407 0
98535 81
98659 0
98720 78
99046 0
99099 78
99108 78
99115 81
99186 86
99382 0
99412 78
99698 0
99773 91
99817 78
99854 0
99898 86
777 events for 7
214 64
217 76
393 0
399 79
402 0
417 79
650 67
707 0
796 64
840 89
1248 0
1252 71
1586 0
2064 86
2105 0
2702 64
3140 0
3208 89
3216 0
3351 64
3388 82
3767 0
3881 79
3980 0
3993 82
4063 0
4066 82
4299 0
4487 79
4670 0
5027 67
5201 71
5349 0
5446 71
5557 0
5632 64
5647 0
5690 89
5792 0
5901 71
5975 0
6060 79
6567 0
6597 79
6652 82
6659 0
6670 67
6718 0
7090 67
7264 0
7329 71
7393 0
7559 82
7768 0
7878 82
7899 64
8271 0
8393 67
8429 0
8555 67
8758 64
8922 0
8942 67
8958 64
9192 0
9209 76
9241 79
9357 0
10021 82
10309 0
10363 64
10486 71
10620 76
10650 0
10679 89
10772 0
10773 76
10850 82
11031 0
11150 64
11225 0
11252 76
11484 0
11540 64
11560 0
11648 67
11751 0
11794 71
12048 89
12108 86
12119 0
12285 86
12384 0
12631 67
12698 71
12796 82
12929 0
12941 64
13019 64
13154 0
13261 89
13283 0
14006 89
14221 0
14527 64
14704 0
15316 76
15420 0
15435 64
15458 64
15507 0
15579 71
15637 0
15644 82
16140 0
16166 89
16209 67
16243 67
16246 0
16412 76
16661 0
17281 71
17288 0
17345 86
17429 82
17448 71
17526 64
17558 0
17649 76
17825 0
18108 82
18280 64
18523 0
18892 67
18894 0
18967 67
18971 0
18978 79
18988 0
19016 67
19075 0
19139 86
19144 0
19225 67
19664 67
19728 67
19809 0
20130 64
20319 71
20599 64
20971 0
21231 71
21246 0
21375 79
21432 0
21915 82
22074 0
22206 64
22413 64
22513 64
22534 0
22693 89
23048 0
23075 76
23081 0
23262 64
23368 71
23805 71
23886 0
24107 76
24164 76
24291 0
24300 82
24510 0
24593 86
24627 0
24673 89
24974 82
25194 79
26067 0
26205 71
26238 0
26290 67
26324 0
26444 71
26730 64
26806 0
26836 64
26930 0
27168 86
27258 0
27507 64
27510 64
27513 0
27620 82
27670 0
27687 71
27690 0
27691 76
27844 0
27872 79
27908 0
27913 67
28023 0
28047 67
28302 0
28494 76
28629 0
28690 64
28906 79
29060 0
29267 67
29311 0
29542 71
29642 0
29918 86
29925 0
29938 89
30050 64
30321 71
30398 0
30417 64
30600 79
30693 0
30776 86
31225 0
31670 76
32046 79
32061 0
32101 71
32470 82
32505 89
32564 0
32799 67
32860 0
32921 64
33008 0
33061 71
33566 0
33635 64
33820 0
33895 76
33937 0
33961 64
34163 0
34398 64
34412 0
34475 67
34669 0
34799 67
35008 0
35173 79
35226 0
35286 64
35427 0
35607 64
35700 0
35705 86
36033 0
36090 79
36092 0
36203 64
36256 71
36340 86
36502 64
36591 0
36715 86
36976 64
37002 0
37110 64
37322 79
37331 67
37400 0
37621 76
37870 0
37916 67
37948 64
37999 0
38020 86
38040 0
38311 89
38449 0
38495 76
38569 0
38801 79
38820 76
39061 0
39087 79
39215 79
39276 0
39585 67
39596 67
39853 0
39942 86
40065 0
40076 79
40114 0
40150 67
40191 0
40271 89
40415 0
40538 89
41108 0
41151 89
41244 89
41289 0
41332 71
41426 0
41586 64
41838 0
41881 67
41995 0
42079 76
42141 67
42166 0
42285 76
42330 0
42459 67
42832 0
42843 64
42961 0
44304 67
44470 0
44507 89
44595 82
44889 86
44897 0
45233 82
45344 64
45384 0
45454 71
45698 0
46116 64
46300 0
46328 67
46442 0
46552 71
46584 0
46663 64
46740 0
46780 67
46835 0
46884 64
46904 67
47045 0
47120 67
47188 0
47352 82
47402 0
47405 82
47409 64
47761 76
47797 67
47934 89
48030 67
48268 0
48917 82
48987 82
49107 0
49208 67
49322 86
49583 0
49646 89
50118 0
50203 67
50228 0
50259 71
50295 0
50360 67
51052 0
51183 76
51241 82
51698 0
51921 67
51971 67
52256 0
52346 67
52354 0
52395 64
52439 0
52537 71
52539 64
52754 0
52788 67
52805 0
52962 79
53004 0
53007 86
53146 0
53251 82
53540 0
53595 86
53638 0
53868 67
53971 0
54031 71
54347 64
54516 0
54559 89
54611 0
54829 82
54871 82
54908 64
55097 0
55141 86
55300 89
55400 67
55463 0
55525 67
55545 0
55585 64
55616 0
55699 86
55711 0
55809 79
55828 0
55956 89
55967 67
56009 0
56064 64
56244 64
56267 0
56341 76
56494 0
56509 67
56767 0
56835 64
57344 67
57442 0
57525 64
57791 0
57997 76
58268 0
58302 86
58340 86
58392 0
58435 71
58449 64
58612 0
58873 86
59084 0
59363 89
59516 0
59781 67
59925 0
60019 67
60040 82
60106 0
60120 71
60238 0
60582 82
60634 71
60728 0
60795 67
60850 0
60942 64
61177 64
61399 0
61469 71
61566 0
61598 64
61599 0
61699 71
61911 0
61950 76
62001 0
62036 67
62055 64
62566 0
62603 82
62740 0
62864 64
62964 67
62983 79
63066 89
63095 0
63473 86
63575 0
63738 67
63962 0
64117 82
64130 82
64168 0
64209 86
64255 64
64330 0
64367 64
64402 0
64431 76
64553 0
64665 71
64925 0
65686 64
65714 64
65891 64
66046 0
66252 89
66335 0
66351 71
66456 0
66535 71
66571 89
66646 0
66766 67
66809 0
66869 71
66911 86
66943 0
67017 89
67090 82
67123 0
67318 89
67452 0
67491 64
67583 0
67594 67
67611 71
67644 0
67649 64
67659 0
67762 64
67985 0
68183 64
68222 86
68534 0
68868 86
68890 0
68892 71
68923 0
69099 86
69244 0
69537 67
69730 0
69872 67
69972 0
70090 76
70173 89
70456 0
70510 67
70594 67
70664 0
71189 82
71290 0
71310 67
71362 0
71391 89
71521 0
71590 64
71597 0
71694 89
71798 64
72074 64
72296 0
72425 76
72456 0
72518 86
72894 64
73011 0
73272 67
73381 0
73431 76
73508 76
73684 0
73764 86
73796 0
73847 76
73876 82
73897 0
73916 76
74254 67
74478 0
74599 76
74609 0
74665 64
74695 0
74809 79
74812 0
74891 89
74970 0
74973 71
75179 0
75193 76
75348 0
75360 67
75499 0
75523 89
75597 0
75870 64
75920 0
75960 67
76146 0
76165 64
76644 0
76718 71
76791 0
76865 64
77132 79
77156 79
77208 0
77565 89
77602 0
77758 76
78096 67
78113 64
78249 0
78281 79
78903 0
79012 64
79075 0
79147 89
79218 0
79419 71
79537 0
79544 67
79616 0
79901 79
80090 76
80150 0
80249 79
80254 0
80406 64
80519 0
80530 64
80576 76
80842 0
81049 67
81468 0
81505 64
81586 0
81587 76
81647 0
81687 67
81701 79
81747 0
81943 71
82096 82
82332 82
82508 0
82914 86
82966 86
83037 0
83083 64
83195 0
83219 82
83557 0
83836 82
83897 0
84243 86
84334 0
84571 71
84763 0
85063 89
85236 89
85239 0
85249 67
85254 0
85476 67
85547 64
85675 89
85920 0
86068 82
86079 67
86210 0
86381 67
86422 0
86517 79
86760 79
87062 82
87083 0
87096 76
87126 82
87263 0
87529 67
87720 0
87726 67
87754 0
88021 76
88178 0
88428 79
88466 0
88467 79
88541 82
88559 67
88892 0
88894 64
89016 82
89017 89
89026 0
89088 64
89148 76
89281 0
89476 76
89495 0
89629 86
89671 0
89825 82
89855 0
89873 89
89905 0
90104 64
90122 0
90293 82
90301 0
90331 89
90363 76
90580 0
90882 64
90991 0
91387 82
91468 86
91527 64
91647 0
91653 89
91788 0
91945 71
92157 0
92158 86
92560 0
92635 71
92727 0
92932 67
93487 0
93499 67
93631 0
94136 64
94252 0
94300 86
94369 0
95128 82
95289 76
95392 0
95450 76
95483 0
95484 67
95529 0
95712 71
95802 89
95810 0
95907 64
95968 0
95989 64
96072 76
96123 0
96145 76
96210 71
96509 64
96648 0
96666 67
96725 0
96949 67
96969 67
97056 71
97081 71
97173 67
97177 0
97181 64
97294 0
97661 89
97697 64
97967 0
98176 64
98275 0
98280 76
98371 0
98380 64
98563 0
98612 76
98638 0
98803 76
98879 71
98963 0
99033 82
99443 0
99638 64
99685 64
99905 82
99930 0
