8 buffers
222369 8069
644856 29721
206453 26330
974821 81937
398482 78642
131310 3684
618304 16809
469841 54773
20 downlinks
0 750 5000 313
1 5750 10000 299
2 10750 15000 233
3 15750 20000 261
4 20750 25000 295
5 25750 30000 277
6 30750 35000 232
7 35750 40000 253
8 40750 45000 306
9 45750 50000 264
10 50750 55000 240
11 55750 60000 326
12 60750 65000 324
13 65750 70000 313
14 70750 75000 254
15 75750 80000 224
16 80750 85000 247
17 85750 90000 229
18 90750 95000 222
19 95750 100000 327
217 events for 0
286 25
931 0
2163 38
3543 0
3708 36
4007 0
4168 25
4276 0
4464 25
4954 0
4978 35
6523 25
6571 0
6789 35
6895 0
6906 42
7346 0
9433 38
10183 0
10490 36
11079 38
11496 0
11518 42
11767 0
12734 36
13142 0
13516 25
14947 0
15178 25
16016 36
16088 0
17422 35
18385 36
18388 42
18530 0
18749 38
19053 0
19064 25
19631 0
21154 36
21882 35
22184 0
22185 35
22353 0
22387 25
22479 0
22796 25
23040 0
23172 38
24465 0
24825 38
25687 0
26081 25
26604 35
26829 25
26932 42
27111 0
27845 36
28171 36
28194 0
28218 35
28490 0
28539 42
28574 0
29117 36
29453 0
30043 36
31097 0
31588 42
31632 0
31921 42
31954 0
32347 25
32391 0
32874 36
33448 0
33574 42
33695 0
34086 35
34826 0
35017 42
35168 42
36129 0
36443 25
36693 0
36999 35
37023 0
37859 25
38295 0
38400 42
38783 0
39510 42
39708 0
40330 35
40452 0
40531 35
41011 0
41497 36
42928 0
43280 35
44615 0
44797 36
45099 0
45498 25
45935 0
46543 42
46696 36
47678 35
48007 0
48067 25
48784 38
49136 0
50135 36
50233 0
50599 25
50885 0
51029 25
52045 0
52900 42
53025 25
53504 0
54279 25
55166 42
55192 0
55692 35
56910 35
57056 0
57091 38
57800 0
58441 35
58587 36
58686 0
58746 25
59382 0
59752 42
59813 36
60288 0
60928 25
61126 38
61643 0
62256 35
62715 0
63374 35
64341 0
66177 42
66671 0
67149 25
67506 0
67690 42
67786 25
67824 0
67830 35
68634 0
68870 42
69067 0
69311 38
69360 0
69933 25
70096 0
70116 36
70930 0
71427 38
71632 0
71827 42
72190 0
72257 38
72472 0
73418 42
73426 0
73941 35
74729 25
75554 25
76338 0
76447 36
76845 0
78848 42
79634 0
80053 25
80783 0
82060 35
82598 0
83126 38
83546 0
83835 42
83959 0
84397 42
84399 36
84904 0
85484 42
86090 0
86406 38
88143 0
88333 38
88827 0
90149 38
90783 36
91089 36
91263 0
91707 35
92003 42
92144 25
92244 0
92271 36
92370 0
92593 25
92976 42
93259 35
93578 0
93894 38
95127 36
96046 0
96422 25
96902 0
97599 42
98227 0
98844 38
99730 38
384 events for 1
442 57
703 47
1080 0
1275 59
1287 0
1755 47
1897 0
2049 47
2099 0
2434 59
3053 0
3105 59
3811 0
3812 63
3948 47
4358 57
4661 0
4682 63
5306 59
5419 47
5790 0
5897 61
5915 0
5944 61
5970 0
6705 61
6858 63
7124 0
7615 59
7821 61
8033 0
8064 47
8286 0
8665 63
8942 0
9251 47
9297 0
9522 59
9649 63
9950 0
10247 61
10330 61
10452 59
10738 63
11743 59
11978 0
12009 47
12566 0
12753 47
13196 0
13250 47
13338 0
13699 59
13932 0
14120 63
14530 0
15070 47
15220 61
15452 0
15591 59
15665 0
16185 59
16498 0
16885 63
16926 61
17047 0
17511 47
17635 0
17639 47
17703 0
17944 47
17945 0
18235 61
18285 61
18317 0
18380 63
18545 0
18650 59
18833 0
19357 63
19445 57
19516 0
19971 59
20740 0
20769 47
20928 0
21514 57
21851 0
22008 59
22058 0
22100 57
22268 0
22516 57
22963 0
23050 59
23219 0
23578 59
23669 0
23718 57
24183 0
24331 47
24718 0
25013 47
25126 0
26496 59
26754 0
26823 63
26831 47
27045 59
27537 0
27651 59
27791 63
27896 61
28174 57
28958 59
29166 0
29313 57
29385 63
29465 0
29697 61
30038 0
30057 57
30580 59
30808 63
31181 0
31415 61
31774 0
31927 57
32038 61
32117 0
32123 63
32219 0
32460 47
32670 0
32762 63
32802 0
33016 57
33064 0
33225 63
33257 61
33278 0
33577 57
33673 59
33813 61
33843 0
34006 59
34545 0
34787 47
34881 0
34942 59
35096 47
35595 57
35601 63
35642 0
35670 47
35700 0
35919 59
36350 0
36381 47
36600 57
36883 0
37099 47
37328 61
37383 59
37620 0
38277 61
38706 0
38711 57
38712 0
39092 61
39588 0
39711 61
39816 0
40167 47
40374 0
40660 57
40987 0
40989 47
41025 0
42619 63
42702 61
43052 0
44134 59
44303 0
44321 57
44595 0
44634 57
44819 61
44851 0
45304 63
45774 0
45850 57
45976 0
46218 59
46578 57
46604 0
46993 61
47117 0
47470 63
47741 0
47847 59
47982 61
48106 47
48425 0
48619 59
48861 63
49785 57
50161 0
51241 61
51485 0
51516 63
51640 0
51770 63
52295 0
52371 63
52840 59
53664 0
53795 61
53940 47
53981 47
54442 57
54691 63
55610 0
55876 63
55936 0
56175 59
56597 0
56660 63
57006 63
57035 0
57659 47
57913 0
58342 57
58756 0
58892 47
59003 0
59026 47
59050 47
59320 0
59714 63
59774 0
60314 47
60416 0
61090 47
61200 61
61520 0
62159 59
62921 61
63514 0
64716 63
65126 0
65371 47
65376 61
65463 0
65719 61
65768 59
65807 0
66110 57
66273 0
66349 57
66776 0
66968 61
67262 0
67657 57
67978 0
68067 61
68112 0
68120 47
68323 0
68830 47
69006 0
69054 47
69641 57
70063 0
70294 63
70527 0
70736 61
71260 0
71314 63
71781 0
71813 59
71967 0
73324 57
73594 57
73788 47
74171 0
74207 61
74709 0
74884 57
74959 57
75080 63
75098 61
75288 0
75706 61
75762 0
75863 61
76070 0
76205 59
76466 0
76760 47
76828 0
76882 61
77232 0
77860 61
78444 0
78483 59
78878 0
78908 63
78965 0
79367 47
79490 57
79493 0
79686 61
79709 0
79808 61
80829 0
81070 59
81197 0
81244 63
81582 0
81815 57
81868 47
81942 0
82000 63
82366 47
82496 0
82545 57
82731 0
82755 59
82784 0
82894 57
82960 0
83667 61
83956 0
84232 47
84617 0
84640 57
84855 0
85587 61
85997 47
86920 0
87013 47
87073 0
87560 61
87937 0
88179 59
88357 0
88658 61
90041 59
92621 0
93055 59
93289 0
93750 61
93839 0
93864 63
93889 0
94203 61
94324 0
94343 63
94529 0
94535 63
94549 59
95015 59
95209 57
95541 63
95835 0
96169 63
96475 57
96550 57
96575 0
96727 63
96963 61
97237 0
97271 63
97377 0
97731 63
98333 0
98599 57
98712 0
98988 61
99385 0
99491 63
99602 0
99953 61
750 events for 2
59 24
60 22
285 25
507 0
591 24
926 22
941 27
954 27
980 0
1042 22
1227 17
1289 0
1422 13
1638 0
1646 17
1847 0
1884 17
1932 27
2311 0
2447 13
2494 0
2623 17
2820 17
2825 0
3408 27
3635 0
3714 12
3756 0
3837 22
4077 0
4132 13
4284 0
4313 11
4329 0
4444 12
4533 0
4611 17
4629 27
4723 0
4816 12
5218 0
5275 17
5656 0
5812 27
5839 0
5870 11
5908 0
6094 17
6169 0
6408 17
6627 0
6643 13
6853 0
6962 17
7022 0
7135 13
7508 0
7841 17
7880 0
8377 17
8394 17
8482 0
8670 11
8784 0
8842 11
8879 17
8953 0
9000 22
9004 0
9020 25
9022 0
9370 22
9413 0
9765 25
9775 0
10011 25
10057 0
10112 22
10241 0
10277 11
10510 0
10578 25
10772 0
10932 17
11012 0
11149 11
11432 11
11523 0
11727 27
11756 25
11881 13
11912 0
11929 13
12102 0
12109 17
12114 0
12136 25
12202 0
12425 17
12571 13
12854 13
12877 0
13208 25
13328 17
13389 0
13760 17
13853 0
13873 12
13964 0
14268 17
14361 0
14796 22
14859 17
15447 0
15749 22
15810 0
15922 22
15928 0
15945 11
16051 22
16103 0
16180 27
16190 0
16210 27
16330 0
16427 13
16428 0
16891 24
17157 0
17312 22
17457 0
17526 11
17555 27
17980 0
18070 27
19053 0
19098 22
19152 0
19301 27
19385 25
19396 22
19634 17
19977 0
19982 13
20196 0
20271 27
20289 0
20363 13
20482 0
20508 22
20576 13
20719 0
20838 17
20915 0
21304 27
21331 13
21566 0
21985 17
22034 0
22098 17
22213 17
22291 0
22308 17
22322 0
22345 11
22400 0
22437 17
22539 0
22605 27
22639 22
22710 0
22753 11
22834 0
22843 27
22967 0
23064 24
23264 0
23327 17
23444 0
23467 17
23553 0
23647 17
24144 25
24254 17
24453 0
24610 25
24611 0
24720 27
24759 17
24787 22
24797 0
24802 12
24827 0
24863 12
25068 0
25098 12
25321 0
25336 27
25364 13
25365 17
25385 17
25400 0
25411 11
25512 0
25628 22
25631 0
25730 11
25777 0
25880 17
25943 0
26009 25
26078 0
26257 11
26369 17
26390 22
26429 0
26551 22
26978 27
27066 27
27255 22
27261 27
27657 0
27678 12
27744 0
27807 17
27811 0
27883 17
27892 0
28086 11
28124 0
28326 24
28488 0
28499 25
28586 0
28665 17
28682 0
28689 27
28732 12
28903 22
28927 27
29374 0
29479 25
29699 0
29734 27
29990 0
30074 22
30147 0
30182 27
30217 0
30258 24
30264 27
30303 0
30388 25
30453 0
30456 27
30501 0
30601 27
30823 12
30861 0
30975 17
31037 17
31083 0
31192 17
31658 27
31659 0
31747 25
31773 0
32049 11
32276 0
32290 13
32339 0
32365 13
32523 25
32602 0
32648 27
32845 0
33336 27
33364 0
33612 17
33661 0
33770 27
33893 0
34204 22
34312 0
34663 13
34788 0
34807 17
34857 27
34888 0
34986 13
35219 13
35239 0
35760 17
36294 24
36325 0
36553 25
36566 0
36610 27
36622 27
36700 17
36788 0
37018 27
37275 0
37375 13
37466 0
37679 17
37944 0
38242 13
38348 0
38361 17
38627 0
38933 17
38987 0
39179 22
39210 13
39296 27
39558 0
39721 27
39932 0
40004 17
40044 25
40086 0
40195 12
40275 0
40278 27
40366 0
40675 13
40684 0
40897 27
41251 27
41265 0
41667 11
41847 13
41912 22
41927 0
42075 25
42129 0
42495 12
42830 0
42930 24
43378 0
43599 17
43725 27
43924 0
44025 17
44088 0
44111 11
44540 0
44688 11
44749 0
44823 22
44970 0
44991 12
45003 27
45124 0
45159 27
45487 0
45520 17
45524 0
45534 11
45792 0
46107 17
46389 12
46543 0
46594 13
46713 0
46750 27
47195 24
47316 0
47338 24
47413 22
47459 0
47499 11
47572 0
47610 17
47677 0
47831 25
47919 0
47952 17
48219 17
48223 24
48532 0
48595 25
48703 0
48872 17
48982 0
48986 12
49076 24
49108 0
49205 25
49312 0
49466 24
49904 25
49950 17
50297 0
50485 17
50672 0
50965 27
51024 0
51097 24
51332 24
51386 0
51524 22
51580 0
51597 22
51728 0
51816 27
52041 25
52178 0
52312 17
52530 0
52813 11
52869 0
53039 13
53273 17
53380 24
53400 22
53580 0
53637 27
53889 0
54151 12
54262 0
54263 24
54458 0
54487 13
54491 0
54654 17
54707 0
55033 27
55035 0
55259 22
55356 0
55485 17
55586 0
55687 11
55839 0
55860 27
56009 17
56041 24
56172 13
56180 0
56446 17
56521 0
56734 27
56810 0
56971 27
57018 0
57060 24
57146 24
57321 0
57453 17
57494 0
57580 27
57898 0
58017 25
58094 0
58166 24
58279 0
58308 27
58333 13
58336 0
58510 13
58638 0
58655 17
58900 0
59132 22
59150 0
59307 11
59419 0
59480 11
59604 0
59713 25
59789 0
59837 11
59845 11
59925 0
60085 17
60109 0
60111 27
60329 0
60430 25
60437 27
60530 0
60792 13
60921 0
60965 24
61181 0
61197 27
61340 0
61394 25
61559 24
61625 0
61856 17
61909 0
61997 13
62529 0
62738 22
62805 0
62983 27
63068 22
63107 0
63385 12
63820 11
63904 22
63938 0
64011 13
64166 0
64262 25
64352 0
64418 17
64753 0
64773 25
65212 0
65381 27
65539 13
65586 0
65757 27
65819 0
66527 27
66581 0
66840 24
66943 0
67152 17
67284 0
67286 12
67299 27
67303 0
67667 27
68122 11
68578 0
68713 24
68869 0
68967 17
69070 0
69186 11
69254 0
69405 25
69413 0
69539 22
69617 13
69724 22
69787 0
69850 22
69919 0
69979 25
70042 11
70366 0
70382 11
71197 0
71605 27
71720 0
71753 24
71858 0
71937 17
72044 0
72192 25
72197 0
72203 17
72376 0
72520 24
73010 0
73020 13
73048 24
73121 0
73306 13
73600 0
73636 27
73654 0
73660 11
73789 13
73875 0
73888 27
74249 0
74391 12
75053 0
75691 22
75888 0
75923 25
76265 24
76289 13
76347 25
76466 12
76586 27
76992 27
77090 0
77158 24
77179 27
77204 0
77407 22
77767 0
77779 12
77817 12
78044 0
78100 27
78113 0
78125 27
78184 0
78258 12
78363 27
78468 27
78716 0
78948 12
78958 0
79169 17
79230 0
79268 25
79317 0
79373 12
79613 0
79734 25
79815 0
79841 27
79960 0
79978 27
80066 0
80495 11
80647 0
80664 22
81192 0
81496 27
82146 0
82321 24
82338 27
82420 22
82801 0
83068 27
83269 12
83413 0
83583 13
83657 0
84333 12
84473 0
84496 11
84567 0
84794 24
84806 0
84852 17
85019 0
85028 12
85058 27
85182 24
85238 0
85341 11
85447 0
85627 22
85867 0
85876 24
85904 0
86232 17
86320 0
86346 27
86673 13
86795 0
86820 24
86899 0
87173 24
87242 0
87326 25
87463 25
87578 0
87956 22
88221 0
88262 22
88273 0
88461 22
88468 27
88635 17
88888 27
89174 22
89239 0
89247 24
89265 12
89283 0
89653 17
89775 0
89838 17
90165 0
90199 17
90410 0
90586 22
90744 0
90746 25
90747 0
91002 27
91036 0
91180 12
91186 0
91450 12
91568 0
91654 27
91723 13
91809 0
91835 13
91964 0
92063 27
92127 0
92182 17
92287 0
92297 17
92748 0
92799 13
92940 0
93079 11
93104 0
93155 27
93174 0
93216 13
93303 0
93347 27
93578 0
93674 24
93794 0
93795 27
93880 0
94120 12
94941 0
95316 27
95385 12
95636 13
95645 0
95649 25
95686 0
95765 27
95894 27
96444 0
96479 11
96743 0
96747 27
96755 22
96942 0
97255 24
97366 0
97453 11
97526 0
97576 11
97711 11
97766 0
98224 11
98354 0
98606 24
98630 0
98695 24
98931 0
99177 27
99238 0
99454 22
99610 0
99771 11
99793 0
99883 17
690 events for 3
183 82
192 0
685 82
894 86
958 88
1222 82
1620 88
1926 0
1988 86
2098 0
2177 88
2252 82
2362 0
2395 86
2426 0
2642 88
2645 0
2717 88
2805 0
2983 88
2993 88
3160 0
3186 86
3253 0
3334 88
4055 82
4184 0
4188 88
4301 88
4439 88
4516 88
4662 0
4892 86
5017 82
5296 0
5361 82
5415 0
5528 88
5751 0
5818 88
6124 0
6205 88
6359 0
6471 88
6477 0
6755 88
6795 0
6802 82
6855 88
6892 0
6948 88
7013 0
7228 86
7323 0
7409 88
7419 0
7472 88
7681 0
8029 88
8202 0
8418 86
8473 0
8600 86
8839 88
9177 0
9314 86
9734 0
10740 86
11068 0
11128 82
11268 0
11532 86
11611 0
11764 88
11804 88
12007 0
12129 82
12186 0
12199 88
12418 88
12840 0
13107 86
13117 88
13169 88
13386 0
13457 86
13595 0
13694 86
13725 88
13802 0
13941 88
13984 82
14125 0
14502 88
14741 0
14770 88
14862 0
14919 88
15180 0
15283 86
15603 0
15631 86
15649 88
15704 0
15798 86
15813 0
16011 88
16191 0
16514 88
16616 0
16713 88
16796 0
16805 86
16809 88
16877 0
16895 82
17050 0
17130 82
17523 86
17737 0
17767 88
17936 0
18084 82
18249 0
18294 88
18520 0
18645 86
18675 0
18753 86
18782 0
18907 88
19034 0
19040 88
19049 82
19080 0
19085 88
19222 88
19422 82
19516 0
19728 86
19758 0
19886 88
20348 0
20657 88
20869 0
21305 86
21366 82
21374 0
21504 88
21743 0
21872 82
21901 82
22121 86
22328 86
22397 0
22398 88
22495 82
22737 0
22827 86
22916 0
23352 86
23382 0
24101 82
24325 0
24427 88
24550 0
24726 86
24961 0
25193 82
25323 82
25364 86
25427 0
25460 82
25467 0
25725 86
25736 0
25833 88
25959 0
26232 88
26308 0
26340 86
26545 88
26593 0
26704 88
27008 88
27063 0
27257 86
27320 0
27345 88
27439 82
27699 82
27780 0
27843 88
27961 0
27995 86
28096 0
28103 88
28316 0
28320 88
28508 88
28692 88
28779 0
29021 88
29033 88
30301 0
30467 82
30518 0
30709 88
30845 88
30882 0
31051 86
31243 0
31397 88
31431 88
31537 0
31555 88
31806 0
31972 86
32104 88
32119 0
32611 88
32618 0
32673 88
32805 0
32815 82
32836 0
32941 82
32958 88
33106 0
33471 88
33521 82
33616 0
33687 88
33711 86
33784 0
33916 88
33942 0
34007 82
34389 0
34456 86
34479 0
34482 88
34679 0
34693 88
34978 0
35378 88
35399 86
35591 0
35843 82
36049 88
36301 88
36307 0
36416 82
36614 0
36904 86
37078 0
37242 82
37324 82
37394 0
37499 82
37572 88
37820 0
37959 86
37973 0
38174 88
38232 86
38317 0
38362 88
38473 0
38597 82
38646 0
38728 88
38816 0
39040 82
39121 0
39425 88
39640 88
39644 82
39673 0
39773 88
39819 0
40226 88
40258 0
40753 86
40943 0
41006 86
41049 0
41201 82
41213 0
41351 88
41636 0
41713 86
41891 0
41967 88
41985 88
42488 0
42618 88
42656 0
42684 88
42711 0
43416 88
43521 0
43599 86
43637 0
43935 88
43946 82
44410 0
44430 82
44439 0
44441 88
44582 0
44626 86
44813 0
45403 88
45446 0
45547 86
45700 0
45746 88
45786 86
45790 0
45984 88
46199 88
46314 88
46367 0
46645 82
46904 0
46908 88
47281 88
47559 0
47561 86
47571 0
47598 88
47620 0
47822 86
47988 0
48008 88
48344 0
48346 88
48474 0
48558 82
48579 82
48915 0
49017 88
49041 0
49145 88
49289 0
49317 82
49529 88
49557 88
49607 0
49753 82
49754 0
49882 86
50159 0
50182 86
50520 0
50623 88
50686 0
50727 88
51002 0
51218 88
51509 86
51564 88
51617 0
52197 82
52216 88
52365 82
52467 0
52661 88
52730 0
52916 82
52970 0
53037 86
53137 82
53153 0
53232 82
53397 0
53725 88
54067 0
54176 88
54195 0
54267 88
54765 0
54797 88
54844 0
54861 88
54899 82
54988 0
55279 88
55661 0
55740 86
55828 0
55991 82
56215 0
56622 88
56668 0
56672 88
57157 0
57670 82
57790 0
57824 82
57906 0
57922 88
58007 0
58083 88
58161 0
58444 82
58538 0
58656 86
58864 82
59294 0
59412 86
59563 0
59616 86
59686 0
59986 86
60050 86
60145 0
60342 82
60358 82
60369 82
60406 88
60415 88
60461 0
60508 88
60706 82
61037 88
61146 0
61366 88
61520 0
61649 88
61785 0
61829 88
61936 0
62240 82
62298 88
62510 86
62688 0
62898 86
62916 0
62962 86
62998 88
63066 0
63227 82
63317 0
63677 82
63684 0
63780 88
63811 88
63931 0
63988 88
64297 88
64567 0
64623 86
64903 0
64912 86
65075 0
65123 88
65320 0
65696 88
65799 0
66059 88
66091 0
66119 82
66167 0
66168 82
66344 88
66571 0
67271 88
67282 0
67396 86
67472 0
67789 82
67799 0
67827 82
68364 0
68468 88
68907 0
68957 82
68995 0
69027 86
69245 0
69287 86
69306 0
69398 82
69452 0
69664 88
69787 0
70030 88
70452 82
70757 0
70829 86
70888 0
70946 88
71037 88
71159 88
71196 0
71290 88
71391 0
71417 88
71799 88
72074 0
72357 86
72359 0
72360 82
72691 0
72728 88
72772 88
72919 86
73111 0
73526 82
73542 0
73543 82
73572 88
73995 86
74198 88
74251 0
74293 82
74352 0
74408 86
75066 88
75196 0
75224 88
75359 0
75363 86
75419 0
75420 82
75694 88
76035 0
76072 88
76080 0
76122 88
76367 88
76519 0
76579 88
76700 0
76767 86
76840 88
77105 0
77466 82
77773 0
77910 88
78053 0
78244 88
78351 0
78389 88
78424 0
78687 82
78840 88
79199 86
79224 0
79301 82
79305 0
79552 88
79865 0
79895 88
80394 0
80418 86
80672 0
80723 82
81021 0
81151 88
81546 0
81691 88
81887 0
82376 88
82461 88
82479 0
82625 82
82641 0
83266 88
83429 88
83463 0
83741 88
83742 88
84645 0
84649 88
85080 0
85246 88
85764 88
85838 88
85933 0
86228 88
86331 0
86489 88
86503 82
86610 0
86616 88
86746 0
86921 88
86923 0
87078 88
87332 82
87427 0
87552 86
87567 88
87617 0
87658 88
87739 0
87903 88
87945 0
88079 88
88171 82
88312 0
88482 88
88500 0
88731 86
88796 0
89090 86
89284 0
89296 88
89429 88
89575 82
89696 0
89700 88
89729 88
89776 82
90314 82
90428 0
90624 86
90736 88
90877 0
90993 88
91054 88
91315 86
91383 0
91395 86
91567 0
91593 82
91741 0
91816 86
92124 0
92130 88
92596 0
92745 88
93055 0
93379 86
93380 0
93418 82
93497 0
93583 82
93740 0
93836 88
94033 88
94047 86
94127 0
94376 82
94427 0
94671 86
94690 88
94780 0
94796 88
94797 0
94922 88
94996 0
95105 82
95190 0
95320 86
95376 0
95479 86
95619 0
95664 86
95825 0
96054 88
96065 0
96336 88
96457 0
96613 82
97116 0
97471 88
97810 0
97871 86
98057 0
98069 86
98121 0
98163 82
98210 0
98250 88
98288 0
98556 82
98624 0
98648 82
98730 0
98797 86
98801 82
99288 0
99409 88
99527 0
99761 82
99921 0
894 events for 4
162 65
169 0
206 26
283 58
523 19
608 0
673 70
748 0
940 19
985 0
1044 64
1134 0
1293 68
1309 0
1328 48
1382 0
1436 70
1438 26
1448 0
1728 68
1963 26
1967 58
1976 64
1998 19
2016 64
2057 0
2239 48
2382 26
2424 0
2438 68
2541 0
2547 65
2562 0
2729 70
2778 0
2862 65
2992 0
2997 19
3067 0
3193 19
3342 0
3352 68
3485 0
3594 65
3649 0
3787 48
3848 0
4024 64
4210 70
4252 70
4294 65
4402 0
4436 65
4977 0
5203 58
5271 0
5574 48
5617 0
5644 70
5665 48
5691 0
5746 48
6071 0
6128 58
6238 0
6366 58
6589 48
6783 0
6939 26
6988 0
7082 26
7126 68
7522 19
7547 48
7721 0
7780 65
7801 64
7930 0
7959 70
8206 0
8367 48
8418 0
8617 68
8638 0
8729 19
8756 48
8812 0
8828 64
8834 0
8885 70
9030 0
9296 26
9400 48
9450 0
9500 68
9589 0
9804 70
10019 70
10030 64
10074 0
10146 65
10216 0
10466 19
10711 0
10778 58
11016 0
11134 26
11150 64
11223 0
11307 70
11366 0
11405 70
11445 0
11454 65
11458 0
11770 64
11953 0
11957 65
11983 0
12165 58
12481 0
12731 64
12764 0
12793 58
13155 0
13659 26
13745 0
14076 58
14123 0
14302 65
14348 0
14450 48
14505 0
14626 58
14656 0
14660 68
14699 64
14790 0
15107 48
15157 0
15262 26
15271 70
15381 0
15457 26
15714 0
16006 58
16127 65
16316 0
16392 26
16533 0
16662 64
16771 0
17066 68
17220 0
17248 19
17378 0
17814 58
17873 0
17900 68
17941 64
17948 0
18132 68
18134 26
18392 0
18656 58
18684 0
18892 19
18897 26
18900 0
18961 26
19237 19
19312 0
19536 48
19618 19
19653 64
19981 65
20072 0
20074 65
20193 48
20228 0
20235 64
20262 0
20312 26
20321 0
20384 65
20546 70
20650 58
20819 0
20853 48
20900 0
21026 68
21080 0
21081 26
21200 68
21202 70
21285 68
21378 0
21437 64
21472 0
21926 58
21982 48
22006 26
22011 0
22014 68
22089 64
22222 65
22259 0
22438 64
22680 0
22710 70
22723 0
22748 64
22927 0
22943 68
23020 65
23157 0
23216 65
23293 0
23323 26
23377 19
23592 0
23603 48
23764 0
23838 26
23880 0
24023 65
24034 0
24116 64
24167 0
24211 26
24466 0
24661 26
24722 0
24868 64
24908 0
25228 68
25423 0
25549 68
25555 0
25630 70
25662 0
25683 48
25736 0
25737 19
25788 0
25939 26
25954 0
26122 19
26501 0
26581 26
26809 0
27534 48
27588 0
27609 48
27668 26
27718 0
27904 65
28142 0
28169 58
28188 0
28250 48
28291 0
28795 64
29155 0
29248 48
29364 0
29516 65
29536 70
29645 0
29816 19
29925 48
30111 0
30139 58
30163 64
30217 0
30531 26
31306 0
31432 68
31546 68
31680 64
31762 0
31975 64
31990 0
32004 68
32135 58
32158 0
32187 68
32446 70
32451 68
32472 0
32554 70
32665 0
32989 26
33174 0
33304 19
33305 65
33322 0
33411 68
33438 0
33454 68
33503 0
33686 19
33747 70
33762 0
34125 68
34197 0
34323 58
34651 0
34663 64
34811 0
34843 19
34875 0
35119 19
35199 0
35216 70
35344 0
35592 68
35613 70
35672 0
35773 48
35822 0
35904 58
36186 0
36473 70
36634 0
36719 48
36888 0
37206 58
37312 48
37394 0
37402 65
37462 0
37476 48
37481 58
37714 0
37784 68
37954 0
38087 58
38168 48
38475 65
38576 0
38796 70
38829 65
38889 0
39331 19
39341 0
39374 65
39401 48
39588 0
39647 58
39721 0
39811 48
39828 0
39904 65
40171 48
40602 0
40805 58
40904 65
40942 0
41016 58
41168 0
41234 64
41323 0
41411 19
41606 64
41673 65
41718 64
41832 0
41847 19
42048 0
42173 68
42190 70
42210 0
42253 19
42299 0
42403 58
42545 68
42675 0
42720 26
42742 26
42783 58
42801 0
42942 64
42961 58
43132 0
43157 65
43169 68
43638 0
43648 48
43663 0
43681 65
43828 0
43859 58
43924 0
43948 19
44210 0
44511 48
44534 19
44622 0
44769 64
45009 0
45040 48
45229 65
45537 0
45749 58
45807 0
45821 26
46003 0
46174 68
46302 19
46423 0
46442 65
46452 0
46462 68
46784 0
46789 65
46958 48
46985 26
47156 0
47233 65
47251 64
47442 0
47481 70
47649 0
47741 64
47817 0
47858 58
47926 0
47931 58
48035 0
48056 65
48104 68
48175 70
48384 26
48385 0
48462 19
48487 0
48553 19
48712 0
48814 70
48975 26
49188 19
49259 0
49376 65
49819 64
49915 0
49951 58
49958 0
50256 26
50472 0
50520 65
50723 0
50791 48
50831 0
51123 70
51196 65
51344 0
51383 64
51491 0
51648 19
52133 0
52204 64
52481 70
52488 65
52674 0
52769 64
53164 65
53167 0
53204 19
53265 0
53441 48
53453 0
53637 26
53955 0
53992 65
53996 65
54128 0
54151 64
54646 70
54784 0
54925 19
55117 0
55138 19
55280 68
55329 0
55385 64
55453 64
55461 0
55501 48
55745 70
55758 0
55772 58
55800 0
55907 48
55976 0
56042 70
56074 19
56090 70
56125 0
56203 68
56272 0
56317 68
56363 0
56524 19
56604 0
56636 65
56767 48
56790 0
57097 19
57137 65
57236 0
57264 65
57317 0
57426 65
57441 0
57527 65
57954 70
57977 70
57981 0
58186 64
58293 0
58529 19
58594 58
58626 0
58835 65
58902 0
58963 19
58997 0
59065 65
59296 0
59303 26
59350 0
59712 26
59845 0
59922 19
60178 0
60447 64
60657 0
60660 26
60676 0
60728 26
60863 0
61259 58
61282 0
61396 64
61481 0
61541 70
61702 0
61719 65
61899 19
61912 65
61988 0
62000 68
62102 26
62242 64
62273 0
62405 68
62419 0
62481 65
62520 0
62626 58
62627 0
62693 65
62906 26
62978 0
63076 70
63264 0
63332 58
63592 0
63757 70
63820 0
64069 65
64097 0
64203 70
64278 0
64304 19
64441 0
64479 19
64511 0
64567 19
64749 64
64758 65
64949 26
65104 19
65179 70
65471 48
65567 68
65933 0
65937 70
66082 0
66146 58
66164 19
66200 0
66276 70
66304 0
66315 68
66391 19
66511 0
66519 26
66871 0
67173 64
67206 0
67214 70
67239 0
67256 58
67331 0
67351 58
67401 0
67449 58
67463 0
67611 26
67818 0
67844 19
68140 0
68338 19
68398 0
68434 64
68582 0
68593 58
68624 0
68659 65
68668 48
68861 0
69013 26
69050 0
69121 70
69153 19
69202 0
69578 64
69778 0
69894 70
70124 0
70248 19
70306 0
70360 19
70541 64
70557 0
70646 70
70652 0
70687 58
70717 0
70830 65
70851 64
71044 0
71184 65
71456 0
71473 19
71543 0
71956 19
72012 0
72174 58
72234 0
72285 64
72393 0
72671 70
72672 0
72808 70
72886 64
73005 68
73077 0
73170 68
73553 0
73627 65
73742 0
73791 48
74077 0
74179 58
74242 19
74418 0
74491 65
74783 0
74953 65
75282 0
75299 68
75376 48
75434 70
75478 58
75577 0
75688 70
75814 58
76103 0
76170 70
76303 0
76562 58
76590 58
76864 26
76933 0
76954 48
76990 58
77057 0
77266 26
77373 0
77574 64
77622 0
77632 19
77650 48
77769 0
77833 64
77943 0
77968 64
78000 0
78431 65
78524 0
78551 48
78758 0
78782 19
79057 48
79535 48
79617 19
79682 0
79888 19
80106 0
80141 68
80286 0
80498 19
80715 0
80731 65
80819 0
80864 64
80963 0
80969 48
80999 0
81164 19
81551 0
81715 19
81783 58
81927 48
82170 0
82177 64
82282 0
82473 48
82497 0
82548 58
82585 0
82739 48
82877 0
83526 70
83533 0
83587 58
83645 26
83937 26
84096 0
84153 19
84286 70
84348 0
84351 70
84589 0
84649 64
84669 0
84831 70
84850 0
84906 48
85100 70
85150 0
85399 26
85478 0
85510 19
85700 0
85732 64
86095 0
86137 68
86161 0
86181 65
86228 26
86415 0
86430 19
86447 0
86507 48
87068 58
87105 64
87335 19
87490 70
87552 0
87569 58
87877 0
88003 26
88011 64
88201 58
88276 0
88351 19
88582 0
88606 26
88720 0
88835 58
88942 0
88964 19
88982 0
88992 65
89198 0
89243 48
89246 0
89275 65
89431 0
89547 64
89553 0
89686 70
89787 0
90160 70
90274 0
90420 19
90425 0
90496 70
90570 0
90632 58
90762 0
90773 70
90827 0
90930 48
90979 58
91037 0
91108 26
91201 0
91281 65
91320 0
91594 58
91690 48
91732 70
91931 0
91992 70
92070 70
92078 0
92181 48
92506 0
92512 68
92534 0
92553 19
92686 0
92695 70
92771 0
92774 68
92831 0
92864 19
92899 0
92933 48
92965 19
92984 0
93105 26
93109 0
93358 19
93411 65
93445 0
93462 68
93608 0
93697 19
93709 0
93749 65
93835 0
93865 19
94006 70
94362 0
94410 64
94734 19
94893 0
95331 65
95670 0
95833 70
96158 0
96188 70
96246 0
96790 19
96814 0
96857 65
96883 0
96946 19
97144 68
97263 0
97274 70
97296 0
97343 64
97372 0
97414 68
97473 0
97508 70
97598 0
97680 64
97794 0
97835 58
97906 0
98004 58
98019 0
98079 26
98302 65
98379 0
98435 19
98706 26
98890 68
98997 19
99223 0
99259 64
99305 0
99851 19
99886 0
99893 65
99995 0
803 events for 5
496 25
685 0
863 14
881 14
891 0
1146 14
1209 25
1728 0
2031 14
2209 14
2218 14
2534 0
2539 25
2550 0
2566 25
2624 0
2697 25
2735 0
2749 25
2878 0
2921 25
2975 0
3042 25
3330 0
3332 25
3442 14
3490 25
3542 0
3602 25
3724 0
3873 25
3890 25
4082 0
4184 14
4198 0
4211 14
4680 25
4817 0
4890 14
4909 14
4969 14
5101 14
5446 25
5931 14
5986 25
6248 0
6378 25
6390 14
6429 0
6648 14
6714 0
6723 25
6894 0
7151 14
7303 14
7355 25
7823 0
7940 25
8194 0
8303 14
8407 0
8491 25
8692 25
8747 0
8841 25
8848 25
8980 25
8995 0
9144 25
9394 0
9429 14
9495 0
9532 14
9550 0
9757 14
10030 14
10058 14
10087 14
10134 0
10208 14
10324 0
10341 14
10373 0
11045 25
11150 14
11250 0
11363 25
11398 0
11746 25
11784 0
11886 14
11927 0
12133 25
12191 0
12290 14
12363 0
12582 14
12592 0
12612 14
12747 0
12846 25
13018 0
13048 14
13064 14
13123 25
13359 25
13435 25
13480 25
13504 14
13556 14
13595 0
13691 25
14044 0
14205 14
14306 0
14352 25
14395 0
14400 14
14528 0
14881 14
14904 0
14943 25
15103 0
15125 14
15233 0
15422 14
15548 25
15667 14
15723 14
15767 0
15995 14
16198 14
16396 0
16439 14
16699 0
17176 14
17299 25
17352 0
17425 14
17580 25
17674 0
18111 25
18117 14
18138 0
18143 14
18346 0
18364 25
18391 0
18423 25
18794 25
18856 0
19285 25
19313 14
19363 0
19487 25
19738 14
20074 0
20438 25
20465 14
20737 0
20748 14
20911 0
20929 25
21088 0
21090 14
21134 0
21172 14
21177 0
21352 25
21392 14
21602 0
21630 25
21664 14
21802 14
22324 0
22400 14
22446 0
22569 25
22695 0
22860 25
22958 0
23028 25
23091 0
23114 14
23306 25
23434 0
23465 25
23801 25
24077 0
24263 25
24447 0
24498 14
24727 25
24863 0
24869 25
25165 0
25386 14
25417 0
25666 25
25784 0
25842 14
26070 25
26121 0
26192 14
26205 0
26495 25
26716 0
27170 14
27279 0
27508 25
27685 0
27686 14
27770 0
28005 25
28213 0
28441 25
28467 14
28638 0
29000 25
29048 14
29319 0
29619 14
29759 0
30027 14
30226 0
30231 14
30253 14
30284 14
30336 0
30503 14
30523 0
30558 25
30579 0
30692 14
30703 0
30741 14
30991 0
31107 25
31409 25
31550 0
31834 14
31990 0
32007 14
32027 0
32259 25
32348 0
32504 14
32629 0
32704 14
32742 14
32923 0
32984 14
33251 0
33281 25
33326 0
33450 14
33490 14
33784 0
33808 14
34199 0
34362 25
34677 0
34823 14
34848 0
34858 14
34878 0
34904 14
34969 0
35193 14
35489 0
35497 25
35517 25
35688 0
35773 14
35982 25
36008 0
36072 25
36157 14
36223 0
36392 25
36533 0
36624 14
36843 25
36856 0
36860 14
36876 0
36957 14
36987 0
36996 25
37011 0
37101 25
37105 0
37347 14
37398 0
37410 14
37678 0
37757 25
37787 14
37833 25
38034 0
38174 25
38374 0
38399 14
38406 0
38711 25
38723 14
38779 0
38861 14
38975 0
39108 25
39467 0
39544 25
39558 0
39721 14
39864 0
39886 14
40473 14
40559 25
40769 0
40984 14
41061 25
41442 0
41452 14
41504 14
41523 0
41785 25
41873 0
41944 25
42009 0
42207 14
42235 0
42666 25
42760 0
42840 14
42841 0
42856 25
43041 0
43081 25
43096 0
43107 25
43250 0
43472 25
43548 14
43723 0
43727 14
43744 25
43748 0
43756 25
43919 14
44268 0
44328 25
44381 25
44453 0
44498 14
44943 0
44950 25
44953 0
44987 14
45061 0
45199 14
45436 0
45484 14
45562 25
45598 0
45759 14
45818 0
45823 14
45943 0
46013 14
46271 0
46294 14
46299 14
46446 0
46472 14
46526 0
46575 25
46649 0
46898 25
47181 25
47182 0
47247 25
47343 0
47371 14
47479 0
47633 14
47647 25
48193 0
48196 14
48333 0
48338 25
48368 0
48492 25
48527 25
48810 0
48877 25
49050 14
49312 0
49637 25
49867 0
49942 25
49960 0
50114 25
50180 14
50221 0
50360 14
50484 0
50652 25
50737 0
50859 25
50885 14
51008 0
51017 14
51021 0
51043 25
51098 0
51106 14
51161 0
51351 14
51389 25
51482 0
51536 25
51556 0
51621 14
51710 0
51791 25
51928 0
51949 14
51986 0
52070 25
52314 14
52352 0
52428 14
52430 14
52474 25
52556 0
52934 14
52959 14
53203 0
53299 14
53400 0
53507 14
53752 25
53902 0
54162 14
54189 0
54440 14
54796 14
55221 0
55424 25
55507 14
55964 14
56016 25
56044 0
56231 14
56487 0
56528 14
56643 14
57125 25
57184 0
57232 25
57335 14
57393 25
57443 14
57552 0
57590 25
57724 0
57777 25
57943 0
58175 14
58336 0
58454 14
58576 0
58588 14
58910 0
58926 14
59064 0
59113 25
59280 14
59406 14
59609 0
59747 25
60054 0
60325 14
60601 25
60732 0
60734 25
60839 0
60867 25
60933 0
61023 25
61092 25
61360 0
61368 25
61446 0
61485 25
61556 14
61640 0
61732 14
61987 14
62170 0
62275 25
62395 0
62453 25
62754 25
62797 0
62829 14
63002 14
63074 0
63212 14
63601 0
63720 14
63813 0
63847 25
63958 0
64310 25
64550 0
64583 14
64596 0
64630 14
65143 0
65148 25
65498 14
65540 0
65586 25
65737 0
66032 25
66104 0
66110 14
66148 14
66208 0
66363 14
66529 0
66539 14
66619 0
66640 25
66863 0
66865 25
66936 25
66988 0
67155 14
67165 0
67233 25
67335 0
67368 25
67457 14
67548 0
67848 25
67861 0
68112 25
68121 14
68211 0
68848 14
69083 14
69186 0
69428 14
69606 0
69649 25
69724 14
69890 0
69906 14
69954 0
70382 14
70387 0
70397 25
70441 0
70584 14
70586 0
70780 25
70799 0
70837 25
70913 25
71276 0
71421 25
71676 14
71907 14
71940 0
71982 25
71984 0
72015 14
72149 14
72307 0
72426 25
72626 0
72705 14
73043 0
73190 14
73216 0
73301 25
73554 14
73575 0
73834 25
73841 0
73846 25
73901 0
74017 14
74277 25
74290 0
74301 25
74549 0
74572 25
74778 0
74910 14
75140 25
75273 25
75425 0
76036 25
76041 25
76164 25
76301 0
76413 25
76447 0
76727 14
76972 25
77219 0
77548 25
77648 0
77650 14
77658 14
77666 0
77820 14
77955 0
78017 14
78103 0
78138 25
78490 25
78494 0
78546 14
78641 0
78660 25
78668 14
78699 0
78720 25
78863 0
78898 25
78945 0
78982 14
79194 0
79350 14
79468 25
79504 14
79628 0
79690 25
79771 0
80282 25
80285 0
80286 25
80308 0
80425 25
80534 0
80766 14
80931 0
80936 25
81436 0
81816 14
81875 0
81894 25
82031 0
82206 14
82273 0
82467 14
82490 0
82498 14
82603 0
82845 14
82852 0
82978 14
83113 0
83231 14
83237 0
83531 14
83559 0
83749 14
83985 0
84002 25
84037 14
84071 25
84212 0
84581 25
84807 0
85159 25
85202 0
85348 14
85464 0
85508 25
85720 14
85916 0
85975 14
86029 0
86241 25
86320 0
86473 25
86536 0
86619 25
87036 0
87324 25
87430 14
87436 0
87506 14
87992 0
88039 14
88191 0
88490 14
88638 0
88798 14
88840 0
89157 25
89239 14
89269 0
89554 14
89612 0
89633 25
89638 0
89778 25
89895 0
90025 14
90215 14
90339 0
90464 25
90581 0
90608 25
90819 0
90952 25
90966 14
90991 0
91036 25
91056 14
91163 25
91302 14
91472 14
91693 0
91741 14
91755 0
91947 25
92014 14
92112 0
92193 14
92259 0
92270 14
92485 0
92609 14
92885 0
93041 25
93343 0
93527 14
93545 14
93680 14
93911 0
93929 14
94411 14
94488 0
94753 14
94933 0
95196 14
95351 14
95431 14
95683 0
95724 25
96095 14
96105 14
96213 0
96270 25
96275 0
96417 14
96421 14
96503 0
96511 25
96561 0
96599 14
96664 0
96767 14
96796 0
97075 25
97129 25
97204 0
97282 14
97529 0
97782 14
97806 0
97861 25
98012 0
98160 25
98279 0
98285 14
98295 0
98328 25
98345 14
98386 0
98461 25
98512 0
98749 25
98866 0
99060 25
99152 25
99174 0
99272 25
99281 0
99392 25
99480 0
99503 25
99684 0
99776 14
99780 25
99882 0
723 events for 6
285 58
549 0
641 66
941 0
1122 54
1199 0
1269 52
1342 73
1677 0
2019 66
2073 0
2157 67
2436 0
2580 68
2694 0
2724 58
2780 0
2986 52
3008 0
3126 54
3357 0
3373 73
3447 52
3562 0
3753 80
3843 66
4028 54
4239 0
4258 66
4274 0
4310 67
4325 52
4622 0
4802 52
4811 67
4816 68
4870 0
5124 54
5228 0
5258 58
5310 0
5330 80
5383 0
5450 54
5557 58
5705 0
6012 52
6067 0
6084 73
6299 0
6378 80
6501 80
6587 58
6631 0
6642 52
6663 0
6664 66
6685 0
6809 68
6898 73
6922 0
7022 52
7268 0
7333 66
7614 66
7824 80
7836 0
7840 52
7904 0
7934 52
8176 0
8193 58
8197 0
8229 52
8233 80
8585 0
8722 58
8812 0
8847 66
8931 0
9068 66
9364 0
9475 54
9641 68
9821 0
9931 54
9973 0
10033 52
10044 0
10066 58
10123 0
10176 54
10250 0
10269 73
10282 0
10328 68
10573 0
10874 68
10895 0
10925 54
11117 0
11139 68
12049 80
12067 0
12319 52
12414 0
12474 52
12704 0
12779 80
12850 73
13065 80
13158 0
13255 54
13803 0
14156 73
14182 58
14463 0
14500 67
14592 68
14799 0
14845 73
14854 80
14861 0
14928 66
14939 0
14972 73
15023 80
15094 0
15414 66
15422 0
15603 67
15777 0
16842 68
16904 0
17186 67
17306 58
17325 0
17899 68
17943 0
18066 66
18262 66
18294 0
18375 54
18413 0
18507 68
18517 0
18583 68
19242 0
19394 54
19483 0
19573 66
19588 0
19701 52
19737 0
19757 67
19807 67
19930 0
20111 73
20207 0
20310 54
20830 0
21204 68
21276 0
21633 54
21668 0
21669 58
21819 68
21880 66
21938 0
22051 52
22243 0
22386 66
22443 54
23340 52
23633 0
23695 67
23835 0
23942 73
23958 66
24050 0
24784 73
24877 0
24947 67
25116 0
25341 66
25373 0
25504 68
25527 0
25578 54
25650 52
25750 0
25773 73
25922 58
26067 52
26660 0
27271 80
27485 0
27578 67
27614 73
27681 0
27797 68
28020 0
28046 80
28246 67
28324 52
28333 0
28448 58
28875 0
29063 73
29321 0
29529 54
29886 0
30163 80
30338 52
30553 0
30675 58
30736 0
30741 68
30778 0
31027 54
31140 0
31514 67
31627 0
31851 54
31998 0
32070 73
32135 0
32272 80
32313 0
32431 68
32520 0
32628 52
32813 0
32996 80
33089 67
33182 54
33237 0
33472 54
33522 0
33652 54
33697 0
33944 66
33948 68
33979 0
33982 54
34116 0
34209 67
34230 67
34232 0
34290 80
34494 68
34611 54
34679 0
34705 67
34735 0
34745 80
34841 73
34844 0
35048 67
35062 0
35154 52
35197 0
35555 52
35590 0
35607 52
35850 0
35860 52
36177 0
36287 68
36317 0
36373 66
36472 0
36505 52
36584 52
36657 0
36852 66
36935 68
37070 54
37133 73
37327 0
37514 68
37572 0
37646 80
37683 0
38097 52
38101 73
38128 52
38144 54
38195 0
38232 66
38239 80
38562 0
38596 67
39150 80
39364 0
39413 54
39531 68
39561 0
39933 66
39943 0
40165 58
40178 0
40249 73
40329 58
40548 0
40655 67
40671 0
40780 58
41031 0
41059 68
41167 0
41207 54
41474 0
41609 73
42133 58
42259 80
42560 0
42563 58
42678 0
42894 52
42968 66
42985 0
43399 73
43429 67
43566 0
43743 67
43745 58
43957 0
43958 66
43962 0
44027 68
44081 0
44112 54
44153 80
44311 0
44339 52
44350 68
44533 0
44568 66
44674 0
44807 73
44924 0
45253 52
45325 0
46137 68
46185 0
46351 52
46413 0
46622 52
46637 80
46788 0
47203 73
47269 0
47517 52
47583 0
47587 52
48113 0
48310 68
48347 0
48475 73
48492 0
48712 73
48881 0
49110 52
49150 0
49476 68
49593 0
49880 66
50065 0
50097 67
50225 67
50260 52
50366 0
50423 52
50464 0
50482 80
50595 0
50670 52
50754 0
50865 80
50923 0
50944 67
51105 67
51166 0
51180 73
51258 0
51368 52
51603 54
51660 0
51700 54
51841 58
52232 67
53307 67
53361 0
53539 58
54511 0
54614 58
54660 0
54944 52
55228 0
55276 73
55314 0
55397 80
55535 0
55606 66
55706 66
56203 0
56290 54
56507 0
56795 68
56859 66
56923 0
57008 67
57017 0
57083 66
57221 0
57422 52
57439 0
57528 80
57552 0
57660 80
57740 73
57946 0
58000 68
58096 0
58186 67
58189 68
58372 80
58447 0
58465 73
58761 0
59067 73
59250 0
59371 80
59494 0
59570 66
59676 67
59843 0
59912 68
59943 54
60198 0
60227 58
60416 80
60717 0
60728 54
61000 80
61196 0
61531 58
61731 0
61855 68
61946 54
62318 0
62415 66
62448 0
62503 80
62840 0
62925 52
62969 0
63255 67
63330 0
63487 52
63602 0
63950 58
63987 67
64106 0
64151 58
64234 0
64419 52
64451 0
64534 66
64574 0
64678 66
64907 0
65008 68
65097 0
65133 54
65308 0
65357 80
65419 0
65481 66
65746 67
65836 58
65885 0
66036 58
66067 73
66105 0
66423 52
66955 73
66959 0
67093 54
67302 67
67398 0
67481 73
67873 67
68387 80
68434 0
68505 80
68703 0
68780 68
69022 0
69214 80
69378 58
69680 73
69743 67
69770 0
69872 54
69914 0
70094 67
70252 0
70258 67
70472 0
70548 80
70644 0
70676 68
70857 0
70994 52
70998 0
71012 54
71040 0
71178 73
71356 0
71389 80
71476 68
71556 0
71559 68
71979 80
72026 0
72093 58
72128 0
72336 80
72381 0
72582 54
72746 0
72941 68
72954 0
73139 54
73161 0
73193 54
73704 0
73897 68
74069 0
74070 54
74090 0
74138 68
74256 80
74463 0
74607 67
74646 73
74685 0
74709 66
74800 66
75146 0
75326 80
75526 0
75626 68
75644 0
75763 52
75965 58
75977 67
75980 0
76148 66
76214 0
76237 80
76516 0
76540 58
76928 0
76939 80
77186 0
77187 58
77490 0
77613 54
77647 0
77672 66
77848 0
78093 58
78205 52
78465 52
78602 0
78619 73
78665 0
78698 67
79032 54
79040 0
79084 66
79155 58
79433 52
79627 0
79629 66
79996 0
80204 66
80251 58
80265 0
80359 58
80437 0
80892 52
80996 0
80998 58
81036 0
81086 58
81144 58
81207 0
81208 58
81264 0
81276 73
81286 0
81380 66
81405 52
81638 66
81644 0
81774 54
81796 52
81812 0
82054 80
82226 0
82844 54
82982 0
83037 66
83067 0
83112 80
83117 73
83301 67
83327 54
83526 0
83767 80
83891 58
83974 0
84113 58
84309 52
84673 0
84974 67
84978 0
85254 52
85333 68
85408 66
85806 0
85958 80
86023 0
86122 67
86240 0
86377 58
86561 54
86659 0
87019 68
87136 0
87250 58
87275 80
87333 80
87360 0
87579 80
87597 0
87671 73
87975 0
88020 58
88038 0
88361 58
88436 0
88609 68
88876 67
89039 0
89086 68
89300 0
89340 73
89548 0
89563 67
89607 0
89783 52
90409 0
90428 54
90533 54
91089 0
91382 68
91515 0
91598 80
91714 0
92206 73
92217 0
92269 80
92432 0
92525 54
92567 80
92713 0
92798 66
92881 54
93289 0
93386 58
93458 0
93512 80
93583 67
93693 0
93829 67
94125 0
94154 73
94492 73
94949 80
95041 80
95058 52
95098 0
95205 58
95296 52
95422 66
95500 52
95839 0
96015 80
96055 68
96154 66
96355 68
96484 0
96604 66
96959 0
97297 68
97745 80
97908 0
98704 73
98959 0
99310 68
99347 0
99465 54
99475 52
99494 0
99600 73
99764 0
99934 58
99960 66
451 events for 7
628 52
1239 74
1251 0
1290 52
1383 52
1392 74
1729 0
1917 52
2095 0
2459 52
2479 0
2565 52
2770 74
2790 52
2970 0
3074 74
3435 74
3644 0
4841 74
4852 0
5337 52
5657 0
6121 74
6413 0
6691 74
7117 74
7287 0
7339 74
7737 0
8071 52
8164 0
8178 74
9207 74
9364 74
9495 0
9820 52
10011 0
10069 74
10572 0
10974 74
10993 0
11162 52
11357 74
11358 0
11511 52
11623 52
11694 52
11778 0
12059 52
12168 52
12719 74
12799 0
13083 74
13491 74
14559 74
14840 0
14845 52
15028 74
15483 0
15486 74
16036 0
16217 52
16324 0
16378 52
16453 0
16509 74
16815 0
17068 52
17240 0
17649 52
17653 52
18138 0
18271 74
18320 0
18326 74
18454 52
18739 52
18773 0
19329 52
19333 0
19506 74
19824 0
19878 52
20177 0
20181 74
20334 0
20587 74
20717 0
20845 74
20896 0
20993 74
21212 0
21390 74
21603 74
21648 0
21689 74
22212 0
22360 74
22537 52
22556 0
23125 52
23605 0
23733 52
23829 0
23891 52
23969 74
24500 74
24549 52
25030 0
25797 52
26174 0
26297 52
26657 0
26712 52
27027 74
27143 0
27640 74
27831 0
27885 74
28289 0
28919 52
29622 74
29749 74
30470 74
31101 0
31104 74
31413 0
31729 52
31730 0
32025 52
32029 74
32053 0
32196 74
32298 0
32345 52
32680 0
32850 74
33037 52
33086 0
33101 52
33400 0
33753 74
34277 74
34278 74
34332 0
34477 52
35116 0
35374 52
35785 0
35845 74
35877 0
36044 74
36109 52
36254 52
36269 0
36274 74
36334 0
36347 74
36477 0
37308 74
37361 0
37395 74
37456 0
37724 52
37893 0
38086 74
38512 0
38670 74
38703 0
38856 74
39276 0
39303 52
39362 0
39616 74
39699 0
39767 52
39883 0
39921 74
40286 52
40443 0
40847 52
41036 52
41168 74
41280 52
41563 0
41588 52
41671 0
41970 74
42137 0
43252 74
43269 0
43270 74
44232 52
44484 52
44504 0
44555 74
45393 0
45715 52
45880 0
45920 74
46291 0
46906 52
47016 0
47213 74
47312 74
47613 74
47657 0
47667 52
48029 0
48083 74
48885 52
48902 74
48952 0
49534 74
49586 0
49764 52
49844 0
49920 52
50595 0
50597 52
50776 74
50879 74
51254 0
51373 74
51395 0
52233 52
52289 52
52337 52
53523 0
53621 74
54036 0
54042 52
54079 0
54514 52
54561 0
54749 74
54761 0
54813 52
54851 0
55323 74
55337 0
55393 74
55887 0
56013 74
56191 0
56298 74
56661 0
56940 74
57025 0
57085 74
57222 0
57621 52
57696 0
57718 74
57767 0
57849 52
57967 52
58194 0
58492 52
58861 74
59148 0
59669 52
60001 0
60123 74
60236 0
60420 52
60511 52
60791 74
60898 74
61239 0
61347 74
61368 52
62160 52
62505 74
62819 0
62850 74
63055 0
63347 52
64217 0
64525 74
64592 0
64693 74
64891 0
64945 74
65044 0
65613 74
65644 0
65700 74
65865 0
65912 74
66299 74
66812 74
66965 0
66975 74
67062 0
67352 74
67469 0
67505 52
67725 52
67789 0
68221 52
68246 0
68511 52
68534 0
68746 52
69379 74
69506 0
69702 74
70006 0
70079 74
70291 0
70571 52
70622 0
71185 52
71512 0
71673 74
71759 0
72034 74
72094 74
72794 0
73013 74
73300 0
73479 74
73546 52
74033 0
74536 74
75045 52
75110 74
75201 0
75575 74
75668 0
75939 52
76371 0
76913 74
77026 0
77137 74
77150 52
77215 0
77321 74
77334 0
77335 52
78026 0
78033 52
78419 0
78980 74
79352 74
79691 0
79740 52
79801 74
80018 52
80059 0
80069 52
80160 0
80444 74
80930 52
81158 52
81408 0
81544 74
81809 0
82062 52
82710 74
82880 0
82994 52
83031 0
83342 52
83365 0
83411 52
83492 52
83781 74
84653 52
85228 0
85339 52
85727 74
85817 0
86186 74
86808 0
86862 74
87183 0
87346 74
87761 0
87785 52
87790 0
88002 52
88241 74
88293 52
88673 0
88812 74
89152 74
89392 0
89546 52
89577 74
89971 0
90020 74
90415 0
90462 74
91006 0
91681 52
91759 0
91779 52
91885 0
92265 52
92328 0
92362 74
92505 0
92583 74
92708 0
92717 74
92736 0
92789 74
92943 74
93218 0
93240 74
93430 74
93526 0
93728 74
93752 74
93788 0
93867 52
93981 0
93998 74
94256 74
94283 52
94416 0
94574 52
94827 0
95105 52
95239 0
95652 52
95946 0
95953 52
96291 52
96360 52
96407 0
96618 52
96860 52
97218 0
97857 52
97902 0
98042 74
98090 0
98201 52
98372 0
98579 52
98834 52
98945 0
99057 74
99297 0
99671 52
99679 0
99833 52
99985 0
