16 buffers
211038 1211
199917 29646
130053 25084
163077 16453
166484 21786
183303 15217
188456 989
197365 18706
155896 24574
217909 14493
172287 23637
230060 25801
135387 2145
71001 71
96879 15165
243474 191
60 downlinks
0 250 1667 577
1 1917 3334 614
2 3584 5001 688
3 5251 6668 735
4 6918 8335 535
5 8585 10002 661
6 10252 11669 633
7 11919 13336 795
8 13586 15003 627
9 15253 16670 544
10 16920 18337 594
11 18587 20004 685
12 20254 21671 684
13 21921 23338 730
14 23588 25005 776
15 25255 26672 647
16 26922 28339 636
17 28589 30006 545
18 30256 31673 715
19 31923 33340 613
20 33590 35007 591
21 35257 36674 757
22 36924 38341 616
23 38591 40008 596
24 40258 41675 712
25 41925 43342 566
26 43592 45009 711
27 45259 46676 676
28 46926 48343 772
29 48593 50010 775
30 50260 51677 638
31 51927 53344 544
32 53594 55011 607
33 55261 56678 713
34 56928 58345 757
35 58595 60012 755
36 60262 61679 590
37 61929 63346 781
38 63596 65013 554
39 65263 66680 604
40 66930 68347 612
41 68597 70014 548
42 70264 71681 786
43 71931 73348 609
44 73598 75015 701
45 75265 76682 568
46 76932 78349 717
47 78599 80016 655
48 80266 81683 674
49 81933 83350 652
50 83600 85017 704
51 85267 86684 739
52 86934 88351 739
53 88601 90018 758
54 90268 91685 707
55 91935 93352 732
56 93602 95019 795
57 95269 96686 733
58 96936 98353 629
59 98603 100020 617
721 events for 0
41 71
96 71
232 0
370 71
389 71
517 0
686 71
832 71
1153 71
1240 0
1436 71
1503 71
1508 0
1604 71
1878 0
1912 71
1915 71
1922 0
2091 71
2155 0
2246 71
2300 71
2579 0
2798 71
2926 0
3060 71
3112 71
3384 0
3558 71
3591 71
3808 71
3918 71
4856 0
4966 71
5013 0
5084 71
5313 71
5556 0
5683 71
6021 71
6245 71
6420 71
6645 0
6972 71
7196 0
7244 71
7767 0
7793 71
7877 0
7880 71
8874 71
8949 0
9010 71
9083 0
9128 71
9407 0
9461 71
10066 71
10237 71
10263 71
10292 0
10623 71
10666 71
11045 0
11119 71
11217 0
11250 71
11360 71
11402 0
11550 71
11698 71
11721 71
11723 0
11941 71
12106 71
12133 71
12161 0
12208 71
12287 0
12344 71
12608 0
12700 71
12809 0
13025 71
13044 0
13127 71
13161 71
13227 71
13531 0
13757 71
13772 0
13801 71
13869 0
13938 71
14034 0
14263 71
14553 0
14600 71
14654 0
14757 71
14774 0
14776 71
14803 71
14868 0
14952 71
15067 71
15093 0
15506 71
15582 0
15659 71
15720 71
15873 0
16418 71
16425 0
16553 71
16718 71
16728 71
17093 71
17133 0
17193 71
17250 0
17292 71
17337 0
17366 71
17462 0
17464 71
17701 0
17734 71
17856 71
17898 0
17935 71
18050 71
18062 0
18508 71
18678 0
18937 71
18959 71
19331 0
19501 71
19502 0
19517 71
19591 71
19603 0
19751 71
19936 0
20163 71
20443 71
20560 0
20622 71
20702 0
20846 71
21019 71
21148 0
21300 71
21489 0
21552 71
21652 0
21905 71
21914 0
21928 71
22249 0
22345 71
22383 71
22702 0
22735 71
22828 71
23065 0
23080 71
23114 0
23230 71
23411 71
23522 0
23945 71
23951 0
24013 71
24183 0
24230 71
24300 71
24421 71
24546 0
24595 71
24666 0
24970 71
25347 0
25475 71
25500 71
25547 0
25755 71
25783 0
26076 71
26088 0
26096 71
26299 71
26411 0
26423 71
26557 71
26757 0
26758 71
26939 0
27129 71
27134 0
27350 71
27768 71
27791 0
27840 71
28040 0
28082 71
28121 0
28154 71
28171 0
28343 71
28618 0
28867 71
29347 0
29505 71
29571 0
29574 71
29614 0
29902 71
29952 0
30244 71
30513 0
30591 71
31164 0
31235 71
31254 0
31280 71
31669 71
31686 71
31698 71
31714 0
31835 71
31876 0
31953 71
32322 0
32465 71
32498 71
32974 0
33110 71
33143 0
33202 71
33207 0
33324 71
33460 71
33463 71
33545 0
33571 71
33897 0
34092 71
34249 0
34523 71
34653 71
34672 71
34782 0
34928 71
35060 0
35575 71
35688 0
35711 71
35841 0
35893 71
36103 71
36112 0
36311 71
36477 0
36560 71
37047 0
37085 71
37099 0
37108 71
37131 0
37138 71
37152 0
37668 71
37764 0
37864 71
37871 0
37900 71
37972 71
38364 0
38372 71
38516 0
38530 71
38661 0
38803 71
38807 0
39136 71
39226 0
39229 71
39273 0
39321 71
39332 0
39452 71
39692 0
39696 71
39864 0
40161 71
40355 71
40367 0
40688 71
40856 71
40866 0
41029 71
41266 0
41457 71
41638 0
41771 71
41833 0
41868 71
41947 0
41974 71
42015 71
42063 0
42067 71
42162 0
42263 71
42337 0
42389 71
42408 71
42413 71
42478 71
42741 0
42873 71
42943 0
43025 71
43088 71
43227 71
43393 0
43526 71
43769 0
43821 71
43952 0
44016 71
44036 0
44037 71
44060 0
44141 71
44159 0
44284 71
44364 0
44684 71
44696 0
44778 71
44886 0
44888 71
44898 71
44989 71
45209 0
45482 71
45626 71
45686 71
45722 71
45723 0
45771 71
45868 0
45901 71
46032 71
46193 0
46380 71
46393 0
46437 71
47121 0
47209 71
47278 0
47311 71
47980 0
48094 71
48203 0
48478 71
48511 0
48574 71
48776 0
48855 71
49073 0
49158 71
49237 0
49242 71
49364 0
49486 71
49697 0
49705 71
50030 0
50033 71
50041 0
50162 71
50213 0
50330 71
50374 71
50377 0
50455 71
50482 71
50587 0
50636 71
50733 71
50887 0
51253 71
51695 0
51724 71
51797 0
51810 71
51811 0
51828 71
51888 0
51944 71
52262 0
52491 71
52913 0
53138 71
53419 0
53433 71
53764 0
53940 71
53965 71
54415 71
54481 0
54516 71
54525 71
54623 0
54832 71
54924 71
54991 0
55598 71
55751 71
55861 0
56297 71
56479 0
56673 71
56729 0
57011 71
57053 0
57416 71
57505 0
57548 71
57712 0
57775 71
57841 0
57844 71
57994 71
58828 0
58834 71
59117 0
59121 71
59203 0
59707 71
59814 71
60063 71
60274 0
60373 71
60410 0
60557 71
60861 0
61179 71
61401 71
61737 0
61859 71
61869 0
62065 71
62192 71
62203 71
63247 71
63428 0
63448 71
63656 0
63726 71
63760 0
64335 71
64500 0
64557 71
64760 71
64807 0
64895 71
65020 71
65106 71
65335 71
65366 0
65469 71
65697 0
65726 71
65781 71
65820 0
65875 71
65880 0
65969 71
66166 71
66358 0
66462 71
66566 71
66603 71
66630 71
66832 0
66974 71
67009 0
67305 71
67350 0
67565 71
67578 0
67714 71
67732 0
67820 71
67911 0
68251 71
68291 71
68377 0
68600 71
68677 0
68756 71
69061 0
69140 71
69515 0
69778 71
69921 71
69993 0
70026 71
70060 71
70173 0
70434 71
70444 0
70578 71
70590 0
70594 71
70737 0
70883 71
71043 71
71052 0
71209 71
71285 71
71380 0
71386 71
71408 0
71420 71
71431 0
71464 71
71542 0
71693 71
71744 0
72077 71
72357 0
72540 71
72651 71
72707 71
72741 71
72807 0
73144 71
73271 71
73287 71
73424 71
73521 0
73590 71
73859 0
74006 71
74134 0
74155 71
74393 0
74399 71
74828 71
74891 71
74990 71
75014 0
75091 71
75115 0
75379 71
75549 0
75870 71
76245 71
76295 71
76317 0
76469 71
76537 0
76743 71
76828 0
76830 71
77050 0
77227 71
77306 0
77323 71
77392 0
77670 71
78480 0
78527 71
78876 71
79032 71
79102 0
79289 71
79438 0
79827 71
80071 71
80178 71
80244 71
80281 71
80317 0
80372 71
80417 0
80429 71
80590 0
80669 71
80911 0
80921 71
81013 71
81079 0
81154 71
81272 71
81429 0
81463 71
81493 71
81743 0
82196 71
82260 0
82452 71
82545 71
82631 71
82656 0
82832 71
82936 71
82967 0
83232 71
83524 71
83582 0
83659 71
83768 0
83812 71
84198 71
84410 0
84456 71
85441 0
85512 71
85784 0
85823 71
86092 71
86364 0
86500 71
86518 0
86538 71
86660 0
87118 71
87279 0
87331 71
87530 0
87536 71
87597 0
87813 71
88222 0
88258 71
88330 0
88623 71
88746 0
88847 71
88898 71
88917 0
89077 71
89255 0
89294 71
89309 0
89332 71
89401 0
89413 71
89526 71
90040 0
90144 71
90204 0
90353 71
90516 0
90592 71
90679 0
90941 71
90975 71
91152 71
91413 0
91436 71
91711 71
91787 71
91995 71
92018 0
92041 71
92275 0
92503 71
93159 0
93653 71
93679 71
93827 0
93852 71
93880 71
93991 71
94051 0
94231 71
94340 71
95186 0
95555 71
96135 0
96600 71
96618 0
96661 71
97054 0
97112 71
97142 71
97300 0
97306 71
97310 0
97450 71
97683 71
97687 0
97800 71
97801 71
97987 0
98241 71
98279 0
98302 71
98482 71
98494 71
98548 71
98621 0
98941 71
99124 0
99131 71
99206 0
99262 71
99280 0
99291 71
99412 0
99553 71
99834 71
99843 0
132 events for 1
83 92
1080 92
1408 77
1915 0
3200 77
3487 77
3762 0
3852 92
6357 0
7122 92
7233 0
8454 77
9505 77
10137 92
10879 0
11431 92
12521 0
12644 92
12872 92
13849 92
14281 0
14836 92
16208 0
16341 92
17216 77
17235 92
17513 0
18386 92
18890 0
19519 77
20202 0
21415 92
21792 0
21972 92
22442 0
22572 77
24118 0
24154 77
24873 92
26943 0
28993 92
29363 0
31219 77
33331 0
33865 77
34294 0
35374 77
35899 77
36585 77
37316 0
38633 92
39672 0
40686 77
41062 0
41172 77
41909 0
41986 77
42833 0
42970 77
43303 0
44022 92
44023 0
44327 77
45342 0
45611 92
47113 0
49200 92
50342 77
51959 0
52158 77
52854 0
54612 77
55847 92
55960 0
56737 92
59355 0
59948 92
60054 92
60488 0
60500 77
61632 0
62317 77
62696 0
64838 92
66576 0
67225 77
67251 0
67366 92
67759 77
68020 0
68076 92
68976 77
69538 92
69768 0
70461 77
70770 0
70786 77
71070 0
71868 77
73814 0
74927 92
76036 0
76525 92
77705 0
77819 92
78338 92
80342 77
80475 0
80908 77
80941 0
81735 77
82026 0
82168 77
83683 0
83864 92
84561 92
85498 0
85696 92
85998 92
87182 77
87361 77
87999 0
90754 92
91272 77
91878 92
95490 77
95804 0
95861 77
97384 0
97692 77
98586 0
99542 92
587 events for 2
49 67
297 0
327 53
386 0
1042 67
1326 0
1391 59
1604 0
1605 54
1749 0
1954 61
2019 0
2360 54
2675 53
2812 0
3121 61
3547 0
3624 59
3735 63
4260 61
4782 0
5547 54
5615 0
5637 53
5661 63
5784 61
6521 0
6527 54
6562 0
6595 53
6803 0
7094 53
7336 0
7440 61
7920 54
8122 59
8130 67
8131 0
8380 61
8383 63
8396 0
8440 63
8496 63
8558 0
8657 63
8832 63
8966 0
9153 54
9451 0
9452 63
9507 0
9707 53
9743 0
9863 61
10068 0
10127 63
10290 59
10291 61
10500 67
10520 0
10543 63
10551 53
10705 63
10797 0
10815 61
10944 0
11067 61
11296 0
11709 63
11808 54
11870 0
11956 53
12237 0
12749 67
12882 67
13333 0
13363 67
13522 0
13808 63
13823 63
13911 54
13990 0
14381 54
14402 59
14417 0
14801 53
14906 0
14979 61
15092 59
15222 0
15375 63
15527 53
15635 0
15873 61
16214 0
16562 61
16823 0
17003 63
17954 63
17965 59
18073 54
18113 0
18123 53
18420 0
19140 54
19169 0
19381 54
19910 0
20438 67
20841 63
21065 54
21089 0
21357 67
21422 0
21815 54
21840 0
21967 67
21981 0
22332 59
22482 0
22487 59
22687 0
23051 53
23062 0
23141 67
23917 61
23945 59
24131 0
24392 67
24444 0
24505 59
24534 0
24848 59
25106 0
25160 63
25389 0
25404 67
26021 0
26266 63
26579 0
26614 53
26620 0
26820 59
27094 0
27207 67
27414 0
27615 59
27645 0
27794 61
27821 53
28071 63
28075 0
28106 61
28109 0
28223 59
28247 0
28509 53
28669 0
28838 53
29281 53
29299 0
29422 59
29559 0
29865 53
29985 0
30057 54
30062 54
30366 0
30653 59
30946 0
30981 59
31338 53
31356 0
31511 67
31603 61
31634 61
31659 0
31689 63
31770 61
31825 67
32195 0
32618 63
32825 0
32854 54
33125 0
33142 61
33542 0
33748 54
33935 0
34006 54
34031 63
34095 0
34103 54
34165 0
34215 61
34560 63
34918 0
35067 67
35134 0
35308 61
35669 0
36025 53
36154 53
36175 0
36454 61
36947 0
37148 54
37323 54
37621 0
37681 59
37811 0
37893 59
37914 0
37920 54
37992 0
38142 54
38350 63
38404 0
38823 53
38893 0
39177 61
39279 54
39552 0
39560 59
39867 0
40896 67
40949 63
41130 0
41224 67
41244 0
41274 63
41292 63
41309 0
41311 67
41602 0
42136 59
42381 0
42406 53
42590 54
42846 0
42860 61
42882 0
42960 59
42990 0
43241 59
43373 0
43375 59
43421 0
43486 61
43665 0
43917 54
43959 0
44019 59
44090 0
44174 61
44310 59
44426 53
44550 59
44578 0
44960 63
45143 61
45183 0
45199 59
45299 0
45316 61
45677 0
45847 61
45903 0
46003 63
46043 0
46075 67
46192 53
46236 67
46532 0
46701 67
46818 0
46914 59
47192 0
47451 63
47699 0
47884 54
48244 0
48359 61
48527 0
48538 63
48588 0
48590 54
48664 0
48816 63
48957 0
49128 63
49132 0
49482 67
49734 0
49744 54
49808 54
49964 61
50223 0
50501 67
50599 0
50911 61
51143 0
51249 61
51251 63
51363 0
51419 61
51592 61
51667 0
51736 63
51748 0
51797 54
51851 0
52196 53
52339 61
52349 67
52405 59
52919 0
53188 53
53331 0
53615 61
53650 0
53678 61
53795 0
53866 53
53947 0
54103 63
54268 0
54398 53
54676 0
54720 53
54740 67
54993 0
55011 54
55309 59
55504 0
55557 54
55607 0
55716 53
55791 67
55825 0
55836 59
56235 0
56371 67
56402 0
56423 67
56837 0
57365 63
57374 0
57633 59
58571 54
58713 0
58993 67
59190 0
59247 53
59383 67
59387 0
59471 54
59607 0
59726 63
59773 59
60045 63
60222 0
60790 54
60910 53
60984 0
61075 53
61225 0
61447 54
61706 0
61732 67
61971 54
62035 63
62134 0
62309 53
62324 0
62347 63
62494 59
62525 0
62576 53
62586 0
63056 54
63210 0
63319 61
63513 0
63584 63
63635 0
63654 61
63792 67
63985 0
64009 54
64483 54
64782 0
65150 59
65300 0
65377 61
65446 0
65560 67
65778 0
65823 54
65966 0
66269 67
66401 53
66704 0
66970 59
67153 0
67203 59
67512 0
67808 61
67834 0
68183 61
68246 0
68408 63
68409 0
68612 61
68698 0
68793 53
68829 0
68916 53
68959 0
69033 63
69135 0
69202 61
69254 0
69321 67
69542 0
69818 59
69824 54
70335 0
70342 54
70423 0
70804 59
70988 0
71364 54
71370 53
71417 53
71436 0
71504 54
71588 59
71612 0
71879 54
71915 0
72013 53
72239 0
72290 53
72297 0
72360 59
72596 0
72777 61
73199 0
73338 67
73660 0
73663 63
73874 0
74534 67
74548 0
75273 67
75508 53
75519 0
75832 53
76204 0
76475 59
76952 0
77042 54
77119 0
77455 59
77503 0
77757 61
77859 0
77975 53
77978 0
78068 53
78246 0
78366 54
78488 0
78498 54
78877 0
79176 67
79298 67
79717 54
79936 61
80003 0
80044 67
80440 0
80487 61
80627 54
81418 53
81540 0
81578 54
81677 0
82032 63
82216 0
82383 61
82404 0
82546 67
82584 61
82823 0
82905 63
83268 67
83404 0
83494 61
83696 61
83854 61
84106 0
84972 61
85200 0
85323 54
85495 61
85592 0
85704 53
85849 0
85918 63
85966 0
86272 63
86714 0
86851 67
86984 0
87047 53
87275 0
87465 59
87592 0
87743 61
87956 0
88131 67
88245 0
88742 61
88824 67
89007 0
89133 53
89136 67
89262 63
89332 0
89533 67
89795 0
89899 59
89976 0
90273 61
90546 0
90648 54
90733 0
90864 63
90973 0
90992 53
91184 54
91995 0
92025 63
92081 0
92093 63
92185 61
92551 0
92608 59
92883 61
92932 53
93036 0
93221 59
93228 0
93539 53
93543 0
93562 54
93860 0
94013 61
94716 0
94736 67
94880 67
95019 59
95143 0
95496 63
95863 0
96381 61
96473 0
96531 54
96692 0
96749 54
97245 0
97250 63
97278 0
97473 67
97565 0
97796 54
97819 0
97889 61
97911 63
98049 0
98412 53
98508 0
98802 61
98885 59
99083 0
336 events for 3
505 64
700 62
765 56
818 0
1029 64
1298 0
1310 64
1657 0
1740 58
1825 0
1903 58
2440 51
2529 0
3024 64
3026 0
3047 51
3566 0
4101 62
4336 56
4589 0
4668 56
5300 0
5596 51
5784 64
5810 0
5919 56
6181 0
6306 58
7917 51
7929 51
8030 0
8040 58
8074 58
8176 56
8215 0
8335 56
8456 0
9134 56
9718 0
9728 64
9745 0
9837 58
10076 0
10433 64
10546 64
10741 0
10872 64
11614 62
12058 0
12463 51
12740 0
13116 51
13303 0
13393 56
13498 0
13698 64
14396 56
14691 0
15262 51
15415 64
15654 0
15751 62
15851 0
15929 62
16251 64
16532 0
16677 51
16760 0
16784 58
16993 0
17441 51
17624 64
17631 0
17675 51
17826 0
18119 56
18257 0
18730 58
18742 58
18804 0
18813 64
19002 0
19467 51
19878 0
20286 51
20525 0
20968 62
21074 0
21469 58
21846 0
21900 51
22159 0
22484 62
23055 0
23302 62
23543 0
23753 51
23824 0
25603 51
25714 0
25788 62
25921 0
25928 64
26616 0
26718 51
26964 0
27182 51
27202 0
27518 62
28274 0
29089 51
29108 0
29322 56
29349 0
29486 58
29601 58
29951 51
30530 64
30816 62
31141 0
31560 58
31625 51
32481 0
32781 58
32782 0
32898 62
33391 0
33830 58
34144 51
34188 0
34248 64
34791 0
35095 64
36221 51
36337 56
36344 0
36362 56
36476 62
36811 56
36818 0
37532 64
37886 0
38343 51
38469 0
39081 56
39856 0
40104 56
40157 0
40178 51
40507 0
40570 51
40589 0
41178 58
41517 0
41791 56
41865 0
42030 64
42224 0
42511 64
42592 62
42691 64
42855 62
42983 0
43571 64
44043 0
44153 64
44319 0
44570 64
45251 0
45269 62
45792 51
46834 0
48044 58
48093 0
48585 64
48629 0
48821 64
48946 56
49673 58
49685 0
50574 64
51007 62
51160 0
51416 62
51720 0
51984 64
52006 0
52279 64
52648 64
52691 64
52941 62
53100 0
53237 62
53370 0
53559 51
53639 0
53885 64
53996 64
54274 0
54293 62
54354 0
55316 62
55991 0
56097 58
56594 0
56693 56
56898 0
57106 51
57813 0
57907 58
57917 0
58144 62
58483 0
58842 58
58927 0
59330 58
59493 0
59517 56
60010 0
60921 56
61213 0
61588 56
63217 0
63575 58
63673 0
64080 51
64453 0
65416 51
66292 0
66323 51
66906 0
67047 56
67391 0
67703 56
67916 62
68054 0
68096 56
68299 0
68475 56
68511 0
68757 58
68907 56
69336 0
69515 64
69684 0
69691 64
70008 0
70201 62
70216 62
72021 56
72158 0
72383 62
72944 58
72993 64
73936 0
74057 64
74117 56
74161 0
74686 51
75500 64
75611 0
75748 62
76055 0
76082 62
76554 56
76861 0
77368 56
77736 0
77990 62
78130 0
78341 58
79044 0
79118 56
79387 64
79612 0
79762 56
80101 62
80359 56
80505 0
80841 51
81025 0
81144 64
81682 0
81770 58
82040 0
82286 56
82309 0
83584 56
84186 0
84420 64
84969 0
85112 58
85563 0
85689 56
85905 0
86477 51
86643 0
86650 58
86796 0
86893 64
87643 0
88175 56
88405 64
88519 62
88569 58
89184 58
90409 58
90444 56
90591 0
90693 62
91091 0
91138 58
91831 62
91877 0
92048 56
92088 0
92426 56
92502 51
92827 0
93158 58
93386 0
93512 56
93833 58
94805 0
95178 58
95232 0
95418 62
96121 0
96204 62
96242 0
96254 64
97633 64
98383 64
98491 0
98589 58
99937 0
547 events for 4
116 51
417 0
453 45
604 0
1121 55
1185 0
1504 51
1585 55
1638 0
1792 55
1824 0
1846 43
1932 43
2009 43
2203 0
2840 51
3196 0
3393 51
3724 0
3776 43
3780 0
3921 43
4030 51
4052 0
4170 43
4234 0
4394 45
4565 55
4961 0
4980 45
5078 0
5225 45
5410 0
5441 45
5696 0
6551 45
6923 0
7007 51
7207 0
7456 55
7510 0
7940 43
8678 0
8781 43
8835 0
8863 45
8872 0
8956 45
9157 0
10152 45
10283 0
10489 43
11100 51
11179 0
11296 45
11360 0
11403 43
12237 0
12406 43
12574 0
12651 55
12735 45
12791 0
12877 45
13298 0
13599 51
13625 0
13638 43
13950 0
14088 43
14447 51
14737 0
14757 51
14775 0
14798 51
14900 55
15068 0
15163 43
15196 0
15465 45
15543 0
16046 51
16070 51
16151 0
16602 45
16881 0
16932 45
17031 0
17067 43
17198 0
17520 51
17682 0
17759 45
18488 0
18503 55
18618 0
19262 55
19399 43
19588 51
20353 0
20414 55
20686 0
20802 55
20930 55
20951 0
21587 43
21848 55
21941 0
21959 43
22107 0
22550 43
22573 0
23109 45
23173 0
23286 43
23533 0
23656 55
23797 0
23881 43
25264 0
25448 43
25642 0
25723 45
25759 0
26249 55
26314 0
26423 43
26958 0
27247 43
27280 0
27444 45
27509 0
27537 43
27965 55
28010 45
28210 0
28526 45
28563 0
28586 51
28630 0
29245 43
29395 45
29568 0
29783 45
29989 55
30211 0
30376 55
30385 0
30481 43
30607 0
30810 55
31065 0
31601 43
31664 55
31672 0
31673 51
31977 0
32143 51
32341 0
32470 45
32754 0
32831 43
33073 0
33090 51
33317 0
33453 45
34037 0
34114 45
34202 0
34667 45
34683 0
34729 51
34786 0
34787 45
34792 0
35209 43
35298 0
35537 45
35550 0
35732 45
35806 0
35918 55
36068 0
36196 55
36301 0
36365 55
36779 0
36986 51
37335 0
37742 51
38020 0
38147 45
38167 0
38328 55
38526 0
39114 43
39192 0
39292 43
39653 0
39725 55
39759 0
40030 51
40082 0
40122 51
41752 0
41966 43
41977 0
42248 45
42285 0
42779 45
43043 51
43100 0
43433 51
43435 0
43624 55
43737 0
43795 55
43828 0
43837 55
43882 0
44501 45
44760 0
45663 45
45673 0
46443 43
47036 43
47095 51
47357 0
47472 51
47595 51
47633 0
47725 43
47755 0
48167 43
48235 0
48429 43
48552 51
48773 0
48803 55
48982 0
49158 45
49167 0
49279 43
49488 0
49691 51
49876 51
49935 43
50456 43
50457 0
50469 55
50874 0
50937 55
50991 0
51094 55
51251 0
51503 51
51601 55
51709 0
51776 55
52027 0
52404 45
52712 51
52876 0
53164 45
53300 0
53897 51
54657 51
54801 0
54811 43
54908 0
55015 51
55319 0
55355 55
55397 0
55619 43
55818 0
56021 51
56168 51
56360 0
56581 45
56873 0
56974 45
57235 55
57249 0
57279 55
57843 55
57904 0
57914 43
57935 43
58410 0
58786 51
59115 45
59380 0
59661 45
59967 0
60012 51
60297 0
60391 55
60631 0
60642 51
60722 0
61126 55
61169 0
61192 55
61602 0
61707 51
61717 0
61759 45
61802 0
61882 45
62173 0
62201 43
62269 55
62418 0
62459 43
62589 0
62608 45
62642 45
62828 0
63214 43
63689 51
63723 0
63760 43
63849 0
64738 43
64810 0
64825 55
64826 45
64849 0
64915 51
65045 0
65126 43
65667 45
66130 0
66257 43
66637 0
66650 51
66699 55
67367 0
67403 55
67445 51
68021 0
68139 55
68226 55
68423 0
68618 43
68634 45
68655 51
68729 0
68772 55
69041 0
69362 43
69489 0
69520 45
69561 0
69869 55
70005 43
70054 0
70476 55
70491 51
70573 0
70628 55
70634 0
70637 51
70664 0
70802 55
71203 0
71821 55
71906 0
72004 45
72204 0
72274 43
72478 0
72602 43
72868 0
72925 43
72926 0
72927 51
72994 0
73032 51
73421 0
73531 51
73680 0
74051 51
74078 0
74454 43
74600 45
74621 51
74785 0
75099 43
75124 0
75127 55
75176 0
75279 45
75310 45
75372 0
75586 51
75710 0
75733 55
75963 0
76119 55
76233 0
76260 55
76429 0
76459 43
76612 0
76766 45
77202 45
77219 0
77258 55
77377 0
77505 55
77631 0
77714 45
77743 0
77784 45
77829 0
78086 55
78353 51
78414 0
78573 51
78574 0
78582 55
78852 51
78906 0
78948 55
78966 0
79267 45
79329 0
79357 51
79469 0
79717 45
79751 0
79771 45
79952 0
79974 55
80108 55
80218 0
80252 51
80503 0
81325 45
81646 0
82006 51
82139 45
82176 51
82181 0
82267 45
82272 0
82309 43
82713 0
82730 55
82815 0
83023 43
83228 55
83272 51
83354 0
83887 51
83946 0
84042 51
84138 0
84209 55
84259 51
84376 45
84384 51
84451 0
84670 45
84858 0
85147 43
85370 0
85439 55
85598 0
85906 51
86022 0
86060 43
86126 0
86444 55
86594 0
86669 51
86681 0
86694 45
86995 0
87180 51
87703 0
87859 45
88002 51
88050 43
88166 0
88431 45
88462 0
88595 43
88601 0
88782 43
89044 45
89350 0
89409 43
89523 43
89719 45
89930 43
90017 0
90840 55
90884 0
91707 43
91728 0
91801 51
91809 0
92358 55
92945 0
93044 51
93229 0
93348 55
93355 51
93678 0
93772 43
93790 0
94740 43
94842 0
94893 55
95506 0
95537 55
95622 43
95730 0
95915 55
96168 0
96201 55
96291 0
96305 43
96423 0
96537 55
96651 0
96826 43
97241 0
97590 51
97647 0
97734 43
97983 0
98143 51
98249 0
98340 55
98476 0
98490 51
98762 0
99143 45
99267 0
99277 51
99369 0
99379 55
99702 0
764 events for 5
559 65
626 0
636 65
658 0
731 65
1100 65
1269 0
1370 65
1452 0
1849 65
1909 0
1915 65
1983 0
1990 65
2104 0
2146 65
2411 0
2479 65
2508 65
2530 0
2783 65
2890 0
3047 65
3290 0
3308 65
3463 0
3612 65
3690 0
3865 65
3926 0
4169 65
4241 0
4252 65
4364 0
4386 65
4619 0
4691 65
4801 65
5072 0
5124 65
5156 0
5194 65
5279 0
5615 65
5635 0
5956 65
6014 65
6038 0
6344 65
6408 0
6417 65
6508 0
6542 65
6572 65
6738 0
7107 65
7139 0
7710 65
7774 0
7778 65
7796 65
8069 0
8119 65
8256 0
8312 65
8446 65
8598 0
8619 65
8766 0
9071 65
9183 65
9277 65
9355 0
9399 65
9473 0
9827 65
9986 65
10311 0
10375 65
11166 0
11171 65
11334 0
11480 65
11501 65
11566 0
11664 65
11782 0
12121 65
12296 0
12297 65
12416 0
12472 65
12519 0
12544 65
12596 0
12605 65
12911 65
12982 65
13108 0
13206 65
13605 0
13667 65
13870 0
13905 65
14002 0
14042 65
14544 65
14626 0
14848 65
14984 0
15177 65
15182 0
15245 65
15359 0
15492 65
15521 65
15861 0
15947 65
16189 0
16315 65
16393 65
16487 0
16756 65
16837 0
16875 65
16956 65
16966 0
17231 65
17526 0
17703 65
17758 0
17874 65
18033 0
18092 65
18157 0
18241 65
18252 65
18266 65
18436 0
18661 65
18792 0
18866 65
19130 0
19188 65
19228 0
19255 65
19261 0
19298 65
19371 65
19562 0
19582 65
19608 65
20022 0
20191 65
20229 65
20244 65
20470 65
20676 65
20739 65
20963 0
21040 65
21041 0
21133 65
21300 0
21669 65
21781 0
22049 65
22107 0
22183 65
22216 0
22379 65
22627 0
22966 65
23102 0
23566 65
23583 65
23612 0
23816 65
23868 0
23905 65
23955 65
23959 0
24011 65
24055 0
24097 65
24505 0
24613 65
24965 65
24970 0
25131 65
25261 0
26164 65
26275 0
26290 65
26376 0
26451 65
26602 65
26701 65
26832 0
27066 65
27176 65
27200 0
27243 65
27311 0
27456 65
27575 0
27597 65
27646 0
27733 65
27869 0
27944 65
28016 0
28062 65
28121 0
28341 65
28485 65
28789 0
28963 65
29093 0
29321 65
29413 65
29439 0
29452 65
29584 0
29718 65
29770 0
29826 65
29831 0
29884 65
29991 0
30086 65
30173 0
30314 65
30396 65
30398 65
30421 0
30528 65
30649 65
30653 0
30716 65
30772 65
30822 65
31093 0
31104 65
31233 0
31327 65
31422 0
31440 65
31632 0
31724 65
31926 65
32232 0
32358 65
32433 0
32440 65
32948 0
32973 65
33242 0
33395 65
33511 65
33724 0
33828 65
33907 65
33951 65
34234 0
34732 65
35020 0
35028 65
35050 0
35374 65
35396 0
35590 65
35746 0
35998 65
36098 0
36172 65
36282 65
36389 0
36518 65
36821 0
37043 65
37075 0
37679 65
37716 65
37774 0
37827 65
37854 0
37901 65
38071 0
38089 65
38195 65
38239 0
38401 65
38411 0
38464 65
38546 65
38818 0
39273 65
39311 0
39423 65
39429 0
39708 65
39806 0
39880 65
39885 0
39973 65
40070 65
40267 0
40522 65
40799 0
40901 65
40963 65
41015 65
41020 0
41400 65
41463 65
41826 0
41855 65
42003 0
42047 65
42164 0
42401 65
42446 0
42478 65
42602 0
42659 65
42739 0
42766 65
42824 0
42912 65
43081 0
43153 65
43159 0
43165 65
43280 0
43386 65
43397 0
43459 65
43520 0
43691 65
43702 65
43712 65
43954 0
43980 65
44068 0
44259 65
44269 0
44397 65
44432 0
44555 65
44727 0
44733 65
44817 0
45075 65
45086 0
45330 65
45348 0
45438 65
45563 65
45606 0
45635 65
45739 65
45900 0
46083 65
46201 65
46232 0
46235 65
46293 0
46483 65
46863 0
46925 65
46989 0
47027 65
47198 0
47245 65
47290 0
47364 65
47447 0
47715 65
47745 0
47859 65
47945 0
48231 65
48312 65
48397 0
48456 65
48490 0
48597 65
48844 0
48856 65
49202 65
49234 0
49265 65
49318 65
49380 0
49762 65
49819 0
49901 65
50326 0
50808 65
50926 65
51005 0
51106 65
51277 0
51310 65
51539 65
51760 0
51884 65
52076 0
52083 65
52100 0
52273 65
52277 0
52284 65
52306 0
52412 65
52501 65
52720 65
52847 0
53107 65
53130 0
53187 65
53227 0
53550 65
53574 0
53607 65
54111 0
54124 65
54185 65
54315 65
54333 0
54361 65
54402 0
54545 65
54694 0
54891 65
54906 0
55000 65
55066 65
55068 0
55674 65
55834 0
55908 65
55930 0
56024 65
56067 65
56098 0
56243 65
56378 0
56623 65
56683 0
56715 65
56967 0
56969 65
57052 0
57143 65
57264 0
57268 65
57308 65
57341 65
57524 0
57590 65
57755 0
57989 65
58275 0
58373 65
59049 0
59169 65
59335 65
59625 0
59730 65
59793 0
59833 65
60006 0
60014 65
60053 0
60104 65
60296 0
60441 65
60477 65
60502 65
60632 0
60658 65
60754 0
61119 65
61286 65
61414 0
61632 65
61843 0
61887 65
61932 65
62022 0
62126 65
62226 0
62300 65
62437 0
62546 65
62551 65
62807 0
62940 65
63007 0
63015 65
63053 0
63133 65
63139 0
63278 65
63437 0
63649 65
63937 0
64013 65
64054 65
64349 0
64439 65
64517 65
64630 65
65055 0
65393 65
65503 0
65535 65
65715 65
65824 65
65892 0
66113 65
66276 0
66284 65
66313 0
66675 65
66729 0
66756 65
66779 65
67039 65
67245 0
67315 65
67395 0
67490 65
67521 0
67537 65
67540 0
68027 65
68249 65
68296 0
68497 65
68638 65
68671 0
69067 65
69074 0
69354 65
69479 65
69506 65
69705 0
70114 65
70463 65
70507 0
70655 65
71482 0
71615 65
71648 0
71719 65
71819 0
71896 65
71947 0
72016 65
72034 65
72355 0
72423 65
72614 0
72634 65
72658 0
72749 65
72833 0
73114 65
73297 0
73312 65
73321 0
73513 65
73692 0
73749 65
73855 0
73983 65
74068 65
74097 65
74156 0
74202 65
74699 0
74712 65
74767 0
74909 65
75056 0
75195 65
75349 0
75774 65
75799 65
75924 0
76303 65
76378 0
76455 65
76739 0
76812 65
77112 0
77367 65
77405 65
77438 65
77780 65
77829 0
77955 65
77959 0
78235 65
78867 0
78904 65
78945 65
79150 0
79263 65
79434 0
79594 65
79912 0
80010 65
80029 0
80057 65
80124 0
80201 65
80362 0
80412 65
80413 0
80836 65
81061 0
81202 65
81382 0
81456 65
81621 0
81987 65
82123 0
82282 65
82316 0
82372 65
82445 0
82650 65
82668 0
82733 65
82807 0
82955 65
82978 0
82996 65
83058 0
83069 65
83075 0
83289 65
83413 65
83484 65
83641 0
83665 65
83907 0
83966 65
83972 0
84122 65
84238 0
84336 65
84408 0
84448 65
84652 0
84703 65
84732 0
85235 65
85363 65
85451 65
85651 0
85977 65
86053 0
86356 65
86436 0
86524 65
86567 65
86604 0
86785 65
86845 0
86901 65
86907 0
86938 65
86975 0
87180 65
87194 0
87385 65
87583 0
87927 65
88053 65
88193 65
88282 0
88435 65
88608 0
88616 65
88679 0
88720 65
88764 0
88933 65
88934 0
89265 65
89917 65
90029 0
90142 65
90183 0
90219 65
90270 0
90422 65
90535 0
90954 65
91327 0
91460 65
91609 0
91654 65
91785 0
92060 65
92126 0
92225 65
92674 0
92692 65
92710 0
92850 65
93018 0
93034 65
93231 65
93650 65
93675 0
93703 65
93874 65
94058 0
94168 65
94199 0
94309 65
94353 0
94557 65
94653 65
94697 0
94962 65
94995 0
95358 65
95381 0
95406 65
95536 0
96039 65
96438 0
96688 65
96756 65
96781 0
96828 65
97282 0
97649 65
97922 65
98003 0
98080 65
98169 65
98357 65
98768 0
98913 65
99029 65
99194 0
99195 65
99325 0
99527 65
99589 0
99603 65
99669 0
99706 65
99718 0
99779 65
99918 0
813 events for 6
19 67
62 0
101 66
442 0
473 86
484 66
702 55
775 0
799 68
871 86
959 64
1071 0
1085 66
1090 0
1108 67
1149 0
1219 66
1325 0
1424 86
1524 0
1575 67
1656 0
1665 64
2009 0
2101 68
2156 86
2353 0
2424 66
2675 67
2736 0
3124 67
3165 0
3233 86
3460 0
3825 55
3888 0
3930 68
4223 0
4303 86
4451 0
4453 64
4622 0
4639 68
4716 0
4758 86
4859 0
4872 67
4987 0
5154 64
5178 0
5565 66
5585 0
5653 66
5734 0
5756 68
5791 0
5900 86
5916 0
5950 64
6005 0
6036 68
6106 67
6169 0
6251 55
6300 86
6305 0
6483 66
6721 0
6876 86
6977 0
7114 68
7193 55
7388 0
7529 67
7598 67
7758 0
7763 86
8115 0
8132 55
8136 0
8297 64
8399 0
8429 86
8523 0
9022 67
9200 66
9509 86
9671 64
9950 0
10076 66
10420 0
10555 67
10919 0
11177 68
11255 0
11373 55
11374 0
11479 55
11542 67
11597 66
11704 67
11935 0
12379 68
12422 0
12435 67
12535 0
12599 66
12699 64
12728 0
12794 64
12814 66
12922 0
12977 67
13105 0
13189 67
13297 0
13388 66
13466 0
13727 66
14024 0
14221 55
14316 0
14433 67
14620 0
14629 66
14758 55
14881 0
15190 67
15237 0
15279 55
15324 67
15381 0
15585 67
15594 0
15608 66
15676 68
15915 68
15985 67
16033 0
16146 68
16167 67
16196 66
16217 67
16469 67
16696 68
16721 67
16740 55
16920 0
16969 68
17041 0
17078 66
17087 55
17325 0
17341 68
17416 64
17458 0
17505 55
17637 66
17810 55
17828 0
17864 66
17897 0
18017 66
18073 0
18146 66
18163 67
18222 0
18231 67
18412 68
18593 67
18596 67
18601 68
18623 0
18752 64
18826 0
18844 64
19043 0
19142 67
19235 67
19370 55
19486 0
19783 86
19817 64
19855 0
19974 66
20030 0
20098 66
20140 0
20657 67
20694 0
20786 86
20807 0
20926 67
21204 66
21690 0
21802 55
21873 67
21933 0
22115 68
22346 0
22569 67
22583 0
22648 64
22809 0
23227 67
23319 0
23452 55
23453 0
23610 67
23991 86
24205 0
24614 68
24742 0
24891 67
24951 0
25153 66
25319 0
25406 55
25507 0
25541 55
25747 0
25786 68
25924 0
25951 64
26016 0
26049 66
26200 0
26525 67
26536 67
26882 0
26912 55
27358 0
27443 55
27447 67
27703 0
27728 68
27762 0
27963 55
28010 0
28179 66
28294 68
28306 0
28507 55
28562 66
28841 0
28880 68
29016 0
29027 64
29084 55
29290 0
29498 66
29548 55
29557 0
29845 55
30096 66
30109 67
30650 0
30689 67
30695 0
30746 67
30763 64
30908 0
31178 86
31401 0
31615 64
31697 68
31698 0
31704 64
31791 0
31843 64
31857 67
32074 0
32244 68
32284 0
32899 86
32944 0
33150 67
33169 0
33241 68
33301 0
33335 68
33517 86
33556 0
33625 64
33637 67
33757 0
33761 55
33838 0
33843 55
33917 0
33976 66
34362 66
34454 0
34562 68
34666 67
35125 0
35177 64
35241 0
35253 67
35379 68
35410 0
35440 55
35712 0
35722 86
35840 0
36001 67
36196 0
36270 55
36546 0
36559 67
36742 0
36847 66
36909 0
36929 66
37079 66
37476 0
37543 66
37585 67
37639 64
37918 64
38422 0
38459 68
38475 67
38845 0
39034 86
39197 64
39333 0
39527 66
39564 55
39572 0
39691 67
39959 0
40126 64
40222 0
40360 86
40443 0
40608 68
40719 55
40752 0
40755 55
40808 0
40861 86
41006 0
41206 68
41301 0
41312 64
41449 67
41499 0
42034 55
42088 0
42186 86
42372 66
42554 0
42898 68
43005 0
43126 64
43320 0
43558 67
43669 0
43709 68
43721 67
43888 0
44116 68
44132 0
44360 66
44529 0
44614 86
44877 0
44975 64
44983 68
45049 0
45102 67
45318 0
45573 67
45575 0
45747 64
45759 67
45761 68
45956 0
46302 86
46380 0
46403 86
46546 0
47112 64
47184 0
47185 67
47235 0
47336 67
47410 0
47533 68
47602 0
47607 86
47781 0
47909 55
48046 66
48080 0
48214 66
48221 0
48324 68
48628 0
48697 55
48740 0
48865 64
49296 0
49346 68
49508 0
49776 55
49965 0
50319 66
50520 0
50643 86
50713 66
50828 0
50905 68
50940 0
50956 66
51108 0
51385 64
51558 0
51701 67
51935 0
51990 64
52077 0
52390 66
52447 0
52725 55
53034 0
53236 66
53241 0
53249 66
53252 0
53350 55
53473 0
53481 66
53630 0
53685 67
54267 0
54520 86
54659 0
54689 67
54897 0
55385 64
55396 0
55428 86
55441 66
55485 0
55757 66
55982 0
55990 68
56077 0
56130 67
56419 0
56470 86
56511 64
56642 0
56663 67
57116 0
57130 67
57194 66
57244 0
57261 68
57280 0
57323 67
57548 55
57575 0
57609 68
57775 68
57841 0
57999 86
58297 0
58947 55
59193 0
59563 67
59689 66
60008 0
60096 66
60304 66
60601 67
60641 0
60651 66
60690 0
60700 86
60780 0
61336 68
61381 0
61389 66
61395 0
61929 86
62199 0
62207 67
62288 0
62431 68
62449 64
62533 0
62569 67
62644 64
62681 0
62700 68
62790 86
62871 0
62924 86
62980 64
63006 0
63058 68
63083 0
63150 55
63188 0
63192 67
63247 0
63275 86
63392 64
63815 0
64108 68
64373 0
64561 67
64568 64
64688 66
64721 0
65151 86
65240 0
65264 86
65307 68
65430 0
65595 86
65841 0
66071 55
66296 0
66406 68
66645 0
66778 86
66846 64
66898 68
67077 0
67190 68
67454 0
67540 68
67696 0
67726 55
68011 0
68012 68
68086 0
68131 86
68200 66
68273 0
68350 86
68358 68
68617 0
68682 68
68775 68
68980 0
69093 55
69096 0
69278 55
69481 0
69625 66
69699 0
69754 68
70061 0
70172 68
70311 67
70432 86
70629 0
70727 68
70995 0
71039 67
71065 55
71257 86
71335 0
71414 64
72288 0
72550 64
72687 66
72754 0
72806 67
72813 55
72965 0
73008 86
73145 0
73281 66
73411 66
73511 67
73539 67
73703 0
73867 55
73996 0
74181 66
74202 0
74406 68
74432 66
74465 0
74495 68
74788 0
74842 86
74911 0
74938 64
75167 0
75197 66
75331 0
76006 66
76225 0
76236 55
76262 0
76355 55
76429 68
76599 55
76699 64
76792 55
76879 0
77164 66
77238 86
77306 0
77323 66
77523 0
77836 67
77932 0
78051 64
78077 67
78104 0
78208 66
78309 0
78313 86
78342 86
78462 0
78646 67
78660 66
78716 0
78936 67
78965 0
79292 64
79343 0
79410 66
79581 0
79651 66
79739 0
79743 55
79754 0
79859 68
80320 64
80533 0
80643 68
80736 0
80868 67
80984 0
81002 55
81059 0
81246 86
81420 86
81428 0
81622 67
81694 0
81712 86
81789 0
81803 55
81814 0
82157 86
82298 66
82315 0
82469 68
82480 0
82502 66
82620 86
82693 0
82890 66
82999 67
83232 0
83302 55
83437 0
83449 68
83569 0
83807 86
83845 0
83990 55
84121 68
84403 0
84535 66
84660 0
84664 66
84757 0
84808 67
84826 0
84965 55
85119 0
85143 67
85306 0
85386 67
85416 0
85812 67
85878 0
85952 66
85960 0
86296 64
86365 86
86407 67
86424 0
86468 67
86630 0
86752 86
86789 66
86872 55
87185 0
87316 64
87386 86
87412 0
87462 67
87849 0
87894 64
88316 0
88478 67
88571 55
88828 68
88934 0
88992 55
89012 0
89099 68
89120 68
89161 86
89244 64
89348 55
89411 0
89726 67
89795 0
89830 64
89895 0
90174 67
90179 86
90381 66
90540 67
90585 0
90645 66
90656 0
90727 66
90736 0
90915 67
91216 64
91401 0
91532 55
91607 0
91701 86
91712 0
92049 55
92082 0
92187 68
92278 0
92313 55
92412 0
92594 55
92843 0
93004 55
93075 0
93131 86
93328 0
93425 64
93494 55
93660 0
93897 66
93906 67
94002 0
94325 64
94354 68
94383 64
94501 0
94554 55
94787 0
94892 67
94907 55
95008 0
95045 67
95178 0
95236 55
95239 0
95277 68
95450 0
95534 86
95601 55
95843 86
95953 55
96054 0
96082 68
96116 0
96337 64
96396 0
96663 55
96739 0
96836 66
97083 67
97120 64
97419 0
97475 86
97510 67
97514 86
97520 86
97665 68
97683 66
97924 55
97939 0
98049 66
98123 68
98141 0
98214 86
98519 0
98673 64
99085 0
99092 64
99104 64
99392 0
99410 66
99523 0
99584 67
99620 0
99625 66
99842 67
99845 0
99909 68
887 events for 7
19 81
77 0
253 81
446 0
784 81
901 81
988 0
1030 81
1067 0
1218 81
1242 0
1272 81
1310 81
1543 0
1621 81
1816 0
1824 81
2050 0
2064 81
2168 0
2182 81
2306 0
2397 81
2426 81
2461 81
2583 81
2650 0
2766 81
2873 81
2875 81
2889 0
2973 81
3025 0
3071 81
3323 0
3373 81
3597 81
3683 0
3689 81
3727 0
3743 81
3852 0
3866 81
4008 0
4070 81
4083 0
4329 81
4438 0
4509 81
4549 0
4604 81
4928 0
4936 81
5000 0
5261 81
5286 0
5304 81
5468 0
5500 81
5526 0
5568 81
5778 0
5806 81
5838 81
5945 0
6252 81
6346 0
6396 81
6688 0
6751 81
6815 0
6838 81
6987 0
7221 81
7319 0
7452 81
7507 0
7530 81
7855 0
7868 81
7885 0
7959 81
8176 81
8426 0
8454 81
8473 0
8479 81
8641 0
8689 81
8837 81
8959 0
8974 81
9088 81
9103 0
9140 81
9320 81
9333 81
9490 0
9517 81
9576 0
9698 81
9740 81
9827 0
9854 81
9893 0
9994 81
10130 0
10615 81
10647 0
10682 81
10686 81
10838 0
10865 81
11061 81
11494 0
11576 81
11578 0
11602 81
12056 0
12080 81
12093 0
12134 81
12275 0
12352 81
12503 0
12733 81
12738 0
12742 81
12771 81
12777 0
13038 81
13106 0
13111 81
13328 81
13427 0
13545 81
13586 0
13594 81
13715 81
13767 0
13997 81
14004 81
14011 81
14429 81
14518 0
14524 81
14622 0
14642 81
14714 81
14835 0
15328 81
15347 81
15425 0
15489 81
15490 0
15501 81
15564 81
15599 0
15630 81
15682 0
15821 81
15861 0
15869 81
16045 0
16129 81
16229 0
16922 81
16974 81
16983 81
17008 81
17054 0
17108 81
17118 0
17223 81
17803 81
17901 81
17915 81
17999 0
18013 81
18121 81
18130 0
18259 81
18427 81
18555 0
18694 81
18922 0
19257 81
19322 81
19389 0
19423 81
19444 0
19800 81
19915 81
19992 81
20093 81
20162 0
20288 81
20377 81
20445 0
20479 81
20515 0
20588 81
20615 0
20682 81
20702 81
20894 0
21106 81
21122 0
21190 81
21192 81
21311 0
21317 81
21450 0
21455 81
21517 0
21642 81
21644 0
21675 81
21743 0
21949 81
22023 81
22091 0
22158 81
22358 81
22463 0
23155 81
23197 0
23229 81
23457 0
23485 81
23552 0
23606 81
23792 0
23859 81
23962 0
24004 81
24318 81
24323 0
24463 81
24495 0
24547 81
24739 81
24851 81
24886 0
24923 81
25033 81
25194 0
25207 81
25264 0
25680 81
25704 0
25721 81
25829 81
25913 81
25920 81
25933 0
25985 81
26112 0
26225 81
26272 0
26451 81
26668 0
26730 81
26761 81
26781 81
26806 0
26883 81
27009 0
27020 81
27045 0
27090 81
27176 81
27234 81
27392 0
27521 81
27539 0
27740 81
27759 0
27764 81
28146 81
28472 0
28519 81
28592 0
28681 81
28825 0
28854 81
28996 81
29009 81
29097 0
29118 81
29484 81
29624 0
30107 81
30144 0
30236 81
30300 0
30301 81
30507 0
30556 81
31162 0
31356 81
31385 0
31495 81
31607 0
31617 81
31672 0
32513 81
32601 0
32643 81
32704 0
32851 81
32939 0
32990 81
33011 0
33035 81
33207 0
34123 81
34138 81
34340 0
34503 81
34696 0
34784 81
34959 0
34968 81
34996 0
35027 81
35156 0
35230 81
35319 0
35349 81
35454 81
35685 0
35875 81
36075 81
36202 0
36316 81
36433 81
36437 0
36612 81
36614 81
36688 0
36799 81
36844 81
37139 0
37239 81
37322 0
37452 81
37557 0
37659 81
37727 0
37770 81
37783 0
37980 81
38026 81
38088 0
38170 81
38190 81
38262 0
38319 81
38320 0
38402 81
38406 0
38732 81
39054 0
39164 81
39227 0
39497 81
39833 0
39947 81
40082 0
40226 81
40774 81
40900 81
41051 0
41175 81
41340 0
41389 81
41400 0
41622 81
41657 0
41668 81
41813 81
42026 81
42152 0
42378 81
42406 0
42947 81
43232 0
43299 81
43415 0
43695 81
43796 0
43806 81
43812 0
43880 81
43937 81
43964 0
44026 81
44286 0
44321 81
44328 81
44368 0
44563 81
44600 0
44613 81
44633 0
44640 81
44684 0
44849 81
44854 0
44947 81
44950 0
44956 81
45566 81
45648 81
45887 81
46071 0
46133 81
46140 0
46161 81
46330 0
46460 81
46496 0
46584 81
46589 81
46595 0
46662 81
46723 0
46754 81
46888 0
46894 81
46907 0
47017 81
47044 81
47077 0
47127 81
47137 0
47292 81
47623 0
47858 81
47966 0
47982 81
48130 0
48477 81
48484 0
48503 81
48669 81
48834 0
48980 81
49145 0
49186 81
49253 81
49420 0
49687 81
49697 0
49766 81
49790 0
49817 81
49981 0
49991 81
50088 0
50213 81
50228 81
50551 0
50675 81
50812 81
50877 0
50944 81
51262 0
51370 81
51567 0
51569 81
51660 0
51763 81
51796 0
51806 81
51962 0
51990 81
52146 0
52169 81
52232 0
52429 81
52441 0
52453 81
52483 0
52542 81
52580 0
52910 81
52998 81
53051 0
53082 81
53110 0
53210 81
53224 0
53274 81
53294 0
53675 81
53854 0
53878 81
54304 0
54445 81
54513 0
54630 81
54905 0
55073 81
55163 81
55277 81
55772 0
55791 81
55993 81
56011 0
56204 81
56298 0
56404 81
56461 0
56469 81
56502 0
56735 81
56742 81
56883 0
57068 81
57142 81
57392 0
57524 81
57769 0
57789 81
57833 0
58014 81
58036 81
58047 81
58202 81
58228 0
58339 81
58416 0
58457 81
58552 81
58709 0
58825 81
59042 81
59191 0
59257 81
59298 81
59681 81
59716 0
59841 81
59854 81
59869 0
59876 81
60240 0
60353 81
60518 0
60587 81
60645 0
60699 81
61248 0
61466 81
61664 81
61789 0
62090 81
62120 81
62150 0
62304 81
62335 0
62414 81
62432 81
62507 0
62614 81
62916 81
63319 0
63373 81
63717 0
63770 81
63906 0
64149 81
64294 81
64452 0
64507 81
64609 0
64694 81
64776 0
64782 81
64970 81
64977 81
65066 81
65097 0
65099 81
65159 0
65176 81
65202 0
65431 81
65455 81
65978 0
66119 81
66327 0
66389 81
66469 81
66480 0
66573 81
66597 81
66676 0
66853 81
66857 0
66955 81
67100 0
67147 81
67227 0
67228 81
67246 81
67435 0
67734 81
67786 0
68061 81
68377 0
68591 81
68747 0
68929 81
69018 0
69064 81
69082 0
69112 81
69176 0
69495 81
69544 0
69557 81
69605 0
69815 81
70008 0
70012 81
70064 0
70206 81
70335 0
70454 81
70683 81
70839 0
70856 81
70962 0
70963 81
70965 0
71070 81
71217 0
71260 81
71336 81
71701 0
71721 81
71731 0
71896 81
71951 0
72063 81
72308 81
72534 81
72545 0
72581 81
72680 81
72724 0
72805 81
73048 81
73148 81
73161 0
73297 81
73412 0
73782 81
73830 0
73875 81
73881 0
73963 81
74144 0
74469 81
74494 0
74536 81
74543 81
74556 0
74581 81
74598 0
74658 81
74707 81
74731 0
74766 81
74779 81
74783 0
74803 81
74806 81
74880 0
74997 81
75058 0
75088 81
75123 0
75185 81
75214 0
75515 81
75592 0
75633 81
75748 81
76101 0
76242 81
76315 0
76385 81
76426 81
76635 0
76669 81
76790 81
76995 0
77056 81
77217 0
77289 81
77370 0
77408 81
78039 81
78172 0
78189 81
78287 0
78290 81
78304 0
78413 81
78474 81
78565 81
78569 0
78610 81
78689 81
78786 0
78828 81
78911 0
78932 81
79136 0
79157 81
79304 0
79337 81
79398 0
79526 81
79583 81
79713 81
79772 0
79897 81
79923 0
80019 81
80037 0
80113 81
80341 0
80371 81
80466 81
80553 0
80572 81
80739 81
80817 81
81000 81
81068 0
81224 81
81412 0
81489 81
81599 0
81709 81
81826 0
82241 81
82243 0
82617 81
82686 0
82775 81
82934 81
83018 0
83162 81
83412 0
83669 81
83693 0
84129 81
84142 0
84192 81
84297 0
84375 81
84524 0
84765 81
84884 0
85315 81
85383 81
85470 0
85488 81
85507 81
85650 81
86282 0
86364 81
86476 81
86477 0
86584 81
86862 0
87087 81
87408 0
87996 81
88021 0
88046 81
88094 0
88161 81
88357 0
88534 81
88716 0
88896 81
89004 0
89038 81
89124 0
89201 81
89274 0
89367 81
89625 0
89637 81
89900 81
89911 0
89991 81
90030 0
90174 81
90273 0
90348 81
90788 0
90833 81
90880 0
91083 81
91103 81
91174 0
91188 81
91331 81
91336 81
91600 0
91649 81
91680 0
91767 81
91781 81
91832 0
92030 81
92167 81
92168 0
92351 81
92410 81
92440 81
92618 0
92813 81
92934 81
93141 0
93242 81
93617 0
93825 81
94004 0
94257 81
94743 81
94772 0
95151 81
95253 0
95497 81
95498 0
95683 81
95998 0
96036 81
96063 0
96120 81
96162 81
96169 0
96259 81
96273 0
96378 81
96399 81
96448 0
96508 81
96560 0
96570 81
96652 81
96941 0
97005 81
97018 0
97073 81
97180 0
97209 81
97278 0
97391 81
98036 81
98199 0
98248 81
98260 81
98294 81
98368 0
98511 81
98692 81
98782 81
98964 0
99044 81
99260 81
99266 0
99477 81
99647 81
99671 0
99695 81
99722 0
99809 81
445 events for 8
260 53
588 0
670 52
1237 52
1515 0
1649 53
1727 52
2055 0
2326 53
2490 61
2954 0
3363 51
3374 0
3429 52
3548 0
3677 53
3680 51
4002 0
4384 52
4438 52
4777 53
4841 0
4846 63
4951 53
4994 0
4999 53
5090 0
5408 61
5600 0
5825 61
6074 0
6104 61
6142 61
6960 0
7016 61
7037 52
7487 63
7810 0
8068 52
8141 0
8496 61
8684 51
9131 0
9950 52
10059 61
10858 0
11361 53
11549 0
11677 51
11775 63
11983 0
12255 52
12461 0
13671 63
13741 0
13944 51
14010 63
14670 0
14815 63
14880 0
15149 63
15425 52
15429 0
16284 63
16353 0
16435 61
16472 0
16697 63
16742 0
16925 53
16926 51
17539 0
17767 52
18153 0
18490 61
18563 0
18667 61
18778 0
18799 53
19067 0
19167 63
19225 0
19346 52
19491 0
19631 51
19667 0
19744 53
19933 51
20084 0
20433 51
20458 0
20621 63
20750 0
21538 53
21837 0
21931 52
22038 0
22100 51
22166 0
22786 61
23143 0
23413 61
23495 61
23588 0
23592 63
24164 0
24344 61
24689 0
25039 63
25115 0
25199 63
25261 0
25480 53
25543 0
26038 61
26466 0
26478 53
26584 0
26867 61
26918 0
26932 52
27049 0
27527 61
28292 0
28750 61
29022 63
29136 0
29140 61
29311 61
29524 0
29889 52
29955 0
30111 52
30285 0
30355 52
30450 53
30903 0
31216 61
31747 0
31801 61
31852 0
32231 61
32517 63
32668 53
33629 0
33968 53
34063 0
34125 51
34360 0
34422 52
34617 0
35139 63
35301 0
35780 51
35882 0
36180 51
36253 0
36404 63
36502 51
37235 0
37525 52
37608 0
38145 63
38183 0
38242 53
38993 0
39285 51
39452 51
39622 0
39713 63
39983 0
40436 63
40488 0
40926 63
40940 0
41312 63
41584 0
41718 61
41744 0
42036 51
42683 0
42975 61
43057 63
43305 0
43455 61
44557 53
44752 52
45139 0
45410 63
45449 0
45589 63
46360 0
46514 53
46692 0
46699 51
46722 63
46812 0
46943 51
47858 0
48959 52
48999 0
49917 52
50097 51
50225 52
50287 0
50291 63
50821 0
51215 61
51278 0
51671 53
51753 0
51798 52
52015 61
52142 0
53145 53
53425 0
53488 53
54101 52
54104 0
54183 51
54374 0
55007 53
55387 53
55417 0
55607 63
55754 52
56334 0
56459 61
56569 0
56809 63
56894 61
57137 51
57160 0
57262 53
57425 61
57693 51
57968 0
58088 52
58189 0
58527 51
58534 0
59193 61
59461 0
59969 63
60048 0
60308 52
60476 0
60519 63
60525 51
60538 0
60685 51
60729 0
60842 53
61754 51
61775 0
61843 51
61976 0
61986 53
62052 51
62170 0
62331 52
62378 0
62426 61
62478 0
62555 61
62721 0
62753 61
62960 0
63167 51
63183 0
63676 53
63679 0
63715 53
63760 52
63875 0
64410 53
64426 0
64799 53
64823 51
64851 63
64916 0
65436 51
65885 0
65904 51
65931 0
66477 61
66919 0
67040 53
67060 0
67184 63
67344 0
67394 63
67521 0
67895 53
67914 0
67929 52
68021 0
68232 63
68282 0
68283 53
68393 52
68553 0
68764 52
68780 0
68855 53
69450 0
69532 51
69565 0
69642 63
69724 0
69856 52
69975 0
70020 51
70714 52
70875 61
71333 63
71393 0
71406 53
71757 0
72131 61
72544 0
72897 52
73001 0
73555 52
73619 0
73694 63
74124 0
74258 51
74696 51
74737 51
74887 53
75017 0
75196 51
75836 0
75842 53
76154 0
76275 51
76365 0
76973 52
77231 0
77241 63
77510 63
77767 61
77895 63
78170 0
78529 51
78562 0
78767 52
78959 0
79711 61
79738 0
79844 51
79873 0
79928 53
80380 61
80473 61
80629 0
80764 51
80981 0
81319 61
81769 0
81802 53
82045 61
82210 0
82603 51
82791 0
82810 52
82918 0
83099 63
83782 0
83854 52
84073 0
84099 53
84316 0
84652 51
84945 53
85058 0
85267 61
85892 51
85906 0
86377 51
86431 0
86571 63
86634 63
86846 0
87029 63
87251 0
87305 61
87392 0
87543 53
87597 0
87776 61
87848 63
87989 0
88002 63
88083 0
88151 52
88163 63
88808 61
89167 52
89680 0
89906 53
90136 53
90223 0
90240 63
90393 52
90410 0
90509 53
90563 61
90644 0
90904 51
91056 0
91372 51
91379 0
91550 63
92095 0
92192 51
93008 51
93779 63
93832 0
93880 53
94071 0
94306 61
94427 0
94595 52
94733 53
94740 0
95630 63
95663 0
95774 52
95808 0
96103 51
96239 61
96392 0
96660 53
96934 51
97052 0
97099 53
97520 0
97585 52
98130 63
98781 0
99058 52
99458 0
99916 53
178 events for 9
1264 69
2578 69
2798 68
3212 0
4307 68
5730 0
6088 73
6632 69
6661 73
8219 69
10028 69
11232 73
12008 0
12412 69
12651 0
12808 69
13137 0
13787 73
13852 0
13856 73
14058 0
15818 68
16912 73
17182 0
18942 69
19257 0
19833 68
20610 0
21617 69
22471 73
22654 0
22892 69
23957 68
23979 68
24638 0
25707 69
26415 0
26653 73
27254 0
27377 69
27467 0
28108 68
29817 0
30397 73
30545 0
30826 68
31922 0
32163 73
32382 0
32566 68
32922 0
33089 69
33342 0
34150 68
34240 69
34681 0
34850 68
35358 73
35543 69
35663 0
35789 73
36335 0
36531 73
36755 0
37789 68
38327 0
38460 73
38506 0
39463 69
39933 0
40629 68
41332 0
42217 73
43104 0
43341 68
43642 73
44365 69
44533 0
44679 73
44938 0
49065 68
49314 0
49397 68
49685 0
50630 68
50657 0
50673 68
51379 69
51455 0
51517 68
52267 0
52480 68
52704 68
52838 0
52881 73
53221 0
53709 69
54632 0
56845 73
57138 69
57753 68
57890 0
61478 69
61998 0
62307 68
62348 68
63920 0
64053 68
64099 0
64266 73
64340 0
64629 69
64844 68
64877 0
64913 69
66434 0
66981 69
67182 0
67513 68
68082 0
68311 69
68412 68
69206 0
69550 69
69637 0
69741 69
70273 0
70662 73
71240 0
72607 69
72997 0
73002 68
73248 0
73451 69
73777 69
74075 73
75246 0
75392 69
75657 0
76033 68
76233 0
77117 69
77255 0
79179 69
79489 0
79734 69
79889 0
80223 68
80889 0
81214 68
83861 73
84001 0
84406 68
84673 0
84821 73
85092 0
85370 73
85726 0
86679 73
86685 0
87548 69
88314 68
89402 73
90398 0
91150 73
91564 0
91977 73
92919 0
93419 68
93624 68
94195 69
94198 0
94428 73
95327 73
96398 0
96753 68
98214 0
99095 73
778 events for 10
268 56
304 56
487 0
505 56
1140 48
1301 0
1374 64
1749 0
1851 56
2105 44
2137 64
2256 64
2261 44
2267 48
2297 0
2510 56
2618 64
3316 0
3391 48
3404 0
4283 59
4702 0
4737 56
5073 0
5293 56
5299 64
5370 44
5532 59
6604 0
6730 44
6738 0
6980 64
6987 56
7271 48
7300 0
7311 64
7314 0
7362 56
7445 0
7451 64
7597 56
7633 0
7639 48
7652 64
7665 0
7670 59
7696 56
7941 0
8682 64
8759 0
8932 44
8948 0
9208 48
9421 56
9640 0
9709 44
9733 0
9756 48
9805 56
9814 0
10116 48
10137 0
10218 64
10351 48
10386 0
10664 59
10699 0
10720 64
10972 0
11070 64
11116 64
11279 0
11395 56
11692 44
11836 0
12098 44
12542 0
12764 48
12840 44
12852 48
13089 59
13104 0
13327 56
13715 0
13770 44
13775 0
13796 44
13797 0
14109 64
14329 44
14435 0
14704 48
14863 44
14966 59
15138 56
15362 44
15537 48
15656 0
15717 64
15719 0
15752 44
15970 0
16412 64
16494 44
16505 64
16634 0
16653 44
16816 0
16823 64
16939 44
17065 44
17173 0
17200 44
17232 0
17400 59
17493 0
17585 44
17621 0
17658 44
17724 0
18131 59
18184 0
18286 44
18433 44
18559 48
18617 0
18718 44
18721 0
18753 64
18797 0
18860 64
18912 0
19102 64
19252 0
19400 56
19487 0
19503 56
19519 0
19546 64
19591 0
19662 56
19696 0
19747 64
19748 0
19789 59
19817 0
19918 59
19931 0
20225 44
20236 0
20354 48
20539 0
20595 64
20654 0
20734 48
20779 0
20998 44
21020 0
21400 64
21524 0
21724 56
21774 0
21977 48
22048 0
22085 48
22150 0
22238 48
22302 0
22321 59
22370 0
22458 56
22631 0
22680 56
22938 0
22966 64
23173 0
23205 48
23610 0
23690 64
23875 0
24330 48
24950 0
25038 56
25142 64
25189 0
25395 64
25521 0
25663 56
25680 0
25715 64
25734 0
25756 44
25767 44
25847 59
26074 0
26083 64
26152 64
26252 64
26476 0
27384 59
27624 0
27682 44
27721 56
27832 0
27839 59
27971 0
28015 64
28140 56
28188 48
28326 0
28610 48
28786 0
29166 56
29254 0
29285 56
29666 44
29767 0
29891 44
29903 0
29913 59
30040 0
30157 64
30426 59
30454 0
30685 59
30937 0
30942 56
30992 0
31030 56
31123 59
31236 0
31244 44
31447 0
31550 48
31643 0
31666 56
31957 56
32258 56
32268 0
32298 59
32434 0
32709 56
32749 44
33299 0
33487 64
33951 0
33961 56
34099 0
34157 64
34308 0
34369 48
34416 44
34552 0
35131 56
35270 0
35285 64
35340 0
35358 64
35486 44
35581 59
35731 0
35756 56
35811 0
36003 56
36287 0
36401 44
36434 48
36486 56
36743 0
36751 56
36924 0
36926 64
36961 48
36995 48
37148 0
37165 44
37346 59
37420 0
37574 59
37617 44
37730 0
37754 59
38045 64
38049 0
38103 44
38135 0
38213 56
38346 59
38399 0
38689 44
38691 59
38737 0
38770 48
39057 0
39239 59
39252 0
39593 64
39627 0
39836 44
40002 0
40142 64
40321 0
40480 56
40666 56
40689 0
40740 59
40875 44
40881 0
41013 56
41120 0
41200 48
41292 0
41412 59
41631 0
41840 59
42057 0
42264 44
42377 0
42479 59
42617 0
43132 59
43167 0
43187 44
43340 44
43344 56
43430 0
43467 64
43587 0
43661 56
43795 0
43971 59
44077 0
44143 64
44312 0
44362 56
44479 0
44534 64
44557 0
44633 59
45144 0
45209 59
45313 0
45339 59
45351 0
45363 44
45513 64
45523 59
45524 0
45578 59
45670 0
45710 64
45851 0
46082 56
46129 0
46211 59
46381 0
46495 48
46575 48
46626 0
46696 64
46918 59
47066 0
47166 59
47191 0
47338 56
47373 0
47483 56
47781 48
47807 64
47861 0
47952 56
47963 0
48031 44
48146 0
48260 64
48866 0
48979 64
49216 0
49223 48
49358 0
49394 56
49817 0
49997 44
50021 0
50277 56
50336 0
50880 48
51156 0
51325 64
51556 0
51649 56
51688 0
52071 44
52307 0
52420 59
52648 0
52760 44
52829 0
52912 64
53072 0
53075 56
53347 0
53514 64
53583 0
53969 44
54038 0
54089 56
54123 0
54391 64
54471 0
54746 44
55305 0
55378 56
55496 0
55639 48
55740 0
55792 56
55850 0
55960 44
56078 56
56112 0
56126 64
56237 64
56307 0
56435 44
56482 0
56516 59
56521 0
56702 59
56896 0
56902 48
56910 0
56976 56
57110 44
57271 0
57291 64
57322 0
57659 64
57733 0
57777 44
57839 0
58054 64
58471 0
58672 48
58691 64
58723 64
58732 56
58866 0
59080 56
59323 0
59349 56
59407 56
59620 0
59868 56
59903 0
60029 59
60212 0
60282 56
60377 56
60389 0
60400 64
60705 56
60796 0
60890 64
60936 0
61032 56
61207 0
61260 48
61363 59
61505 0
61549 59
61618 0
61712 64
61864 48
61965 0
62374 48
62509 64
62521 64
62854 0
63043 56
63066 48
63230 0
63425 59
63681 0
63689 48
63821 56
63878 59
64100 0
64355 59
64390 0
64672 56
64703 0
64797 48
65031 0
65056 64
65150 44
65383 56
65505 0
65588 59
65657 0
65882 44
66183 0
66247 44
66279 48
66467 48
66683 0
66712 48
66721 0
66728 44
66832 44
67149 0
67200 44
67531 0
67579 59
67804 0
67941 48
67984 0
68109 59
68220 0
68275 56
68495 0
68522 56
68523 0
68696 44
68706 0
68753 48
68942 0
69175 48
69317 0
69362 44
69469 64
69544 0
69938 44
69996 0
70089 48
70372 0
70393 56
70474 0
70502 59
70540 48
70568 0
70634 64
70698 48
70733 48
71074 44
71094 0
71117 56
71412 44
71420 64
71512 44
71722 0
71766 59
71923 0
72234 64
72483 64
72895 59
72953 59
73007 0
73026 64
73146 48
73195 64
73233 0
73275 44
73297 0
73340 48
73412 0
73437 44
73571 0
73594 59
73599 44
73618 56
73632 0
73749 48
73750 48
73934 0
73986 59
74126 0
74205 64
74223 0
74450 48
74814 0
75155 59
75284 0
75322 48
75362 0
75753 48
75829 48
76028 0
76182 44
76471 64
76680 0
76755 44
76820 0
77021 44
77212 0
77232 56
77424 0
77438 56
77711 0
77727 44
77948 56
78004 0
78017 64
78162 0
78326 44
78380 0
78673 59
78895 0
78958 56
79019 0
79088 48
79214 0
79235 56
79255 0
79320 48
79414 0
79437 44
79732 0
79833 44
79855 0
79963 56
80021 0
80026 59
80258 59
80361 0
80640 64
80682 0
80728 56
80987 64
81258 0
81501 56
81736 0
81750 56
81780 0
82038 44
82291 0
82339 44
82356 44
82393 0
82452 59
82455 0
82510 56
82575 0
82682 44
82834 0
82890 59
83046 0
83151 56
83181 0
83202 64
83313 0
83328 59
83934 0
84368 64
84596 0
84632 48
84695 0
84863 48
85240 0
85417 44
86101 0
86451 56
86452 48
86733 0
86777 64
87057 0
87077 64
87313 64
87340 0
87359 48
87393 56
87557 0
87768 44
87810 0
87860 44
88078 64
88381 0
88395 64
88628 64
88674 0
88702 48
88864 0
89059 64
89250 0
89347 48
89434 0
89577 48
89737 0
89861 44
89933 48
90210 0
90460 64
90472 0
90567 56
90663 0
90664 64
90793 0
90908 44
91026 0
91069 44
91101 56
91204 0
91541 44
91578 0
91598 59
91602 0
92064 56
92169 0
92328 56
92348 0
92646 48
92653 0
92759 48
92808 0
92909 48
93082 0
93197 64
93279 44
93615 0
93725 56
93873 0
93998 44
94060 0
94100 48
94388 48
94540 0
94667 64
94854 0
94888 44
94889 0
94899 59
95085 0
95199 64
95257 0
95318 56
95345 0
95473 59
95592 56
95819 0
95834 44
95967 0
95992 64
96088 0
96438 48
96454 0
96492 56
96571 0
96579 44
96738 0
96969 64
96999 0
97001 64
97366 59
97425 48
97767 0
97779 48
97824 0
97915 56
98051 0
98099 48
98122 64
98176 0
98381 64
98544 0
98584 59
98691 0
98718 64
98742 44
98767 0
98846 48
98848 0
99014 64
99081 59
99098 0
99298 48
99553 0
99797 56
99966 0
573 events for 11
166 63
310 59
527 0
823 63
1350 0
1521 66
1609 0
1646 54
1834 0
2354 66
2521 0
2767 70
3235 63
3353 70
3748 0
3838 66
3934 0
3979 51
4152 54
4349 0
4389 57
4450 66
4880 0
4953 57
5323 0
5478 54
5692 70
6028 54
6167 63
6273 0
6387 63
6876 0
7084 67
7085 51
7109 63
7378 0
7675 70
7871 0
8261 54
8296 57
8475 0
8508 54
8516 70
8619 57
8708 0
8710 66
8894 0
9166 63
9510 54
9816 0
9934 57
9945 0
10249 63
10278 0
10357 54
10485 70
10641 0
11015 66
11048 0
11072 70
11181 0
11365 54
11385 63
11515 0
11756 51
12148 0
12286 57
12296 66
12594 54
13107 51
13274 0
13450 63
13634 51
13712 0
13756 54
13875 0
13888 66
13920 0
14435 70
14436 0
14606 57
14658 0
14689 57
14788 66
14829 0
14895 66
14970 0
15248 51
15285 70
15352 0
15591 67
15633 0
15700 59
15742 0
15791 59
15817 54
15874 0
15950 66
16019 0
16161 54
16223 0
16513 59
16670 0
16762 59
16890 51
16995 67
17062 0
17174 70
17636 0
17769 66
18029 0
18299 54
18992 0
18996 67
19352 66
19416 54
19782 0
19927 54
20021 0
20131 66
20197 0
20329 54
20336 51
20454 63
20817 0
21127 57
21487 0
21679 63
21687 0
21710 70
21778 0
21842 57
22000 54
22139 0
22483 54
22592 0
22670 67
22787 51
23116 0
23126 51
23240 0
23299 67
23339 0
23595 67
23660 0
23737 59
24064 0
24152 63
24180 54
24347 0
24415 59
24492 0
24637 57
24738 0
24963 51
25154 59
25209 63
25232 0
25421 59
25618 0
25696 59
25957 66
26056 0
27054 59
27157 70
27510 0
27562 59
27648 0
27879 59
27983 0
28065 70
28234 0
28544 63
28652 0
28763 57
28910 59
29326 57
29674 0
29968 54
30773 0
30840 70
30884 63
31468 63
31515 0
31542 51
31642 0
31992 59
32021 0
32389 63
32571 0
32642 57
32683 0
32862 51
33436 0
33654 51
33949 0
33975 59
34343 57
34416 63
34509 0
34566 63
34689 0
34865 63
34970 0
34999 54
35241 0
35768 57
35964 51
35965 0
36135 59
36365 66
37003 0
37030 54
37173 0
37253 63
37274 0
37485 66
37644 0
37678 57
38020 0
38214 66
38376 0
38539 57
38678 0
38693 54
38733 70
38979 0
39350 59
39487 66
39922 67
39990 0
40027 59
40192 66
40275 0
40331 66
40598 0
40822 51
40829 0
41011 54
41219 0
41457 66
41625 57
41847 70
41955 57
42066 54
42811 0
42855 66
42919 0
42955 66
43145 57
43276 0
43295 66
43316 0
43379 70
43538 0
43754 70
43977 51
44009 0
44132 63
44332 0
44445 54
44676 0
44844 57
44944 0
44964 54
45074 0
45286 54
45671 57
45765 59
45939 0
45993 70
46225 0
46540 57
46705 0
46725 51
46795 0
47201 54
47209 0
47505 54
47666 54
47938 0
48610 70
48885 0
49070 54
49209 0
49244 59
49286 0
49366 63
49634 0
49760 70
49810 0
49817 70
49948 0
49996 54
50011 0
50034 59
50215 0
50377 63
50727 0
50882 63
50908 54
51173 0
51507 51
51558 66
51560 0
51566 59
51629 67
51704 0
51893 66
52136 0
52168 63
52414 59
52650 67
52829 57
52855 0
53483 54
54555 67
54582 0
54806 57
54858 0
54944 63
54994 0
55075 59
55209 0
55381 67
55495 0
55820 54
56503 0
56821 63
57284 0
57638 66
57714 0
57846 66
57988 0
58076 59
58234 0
58244 57
58509 0
58885 54
58934 0
59841 70
59843 63
59855 59
59884 0
59931 51
59942 59
60148 0
60369 57
60384 57
60392 0
60538 70
60613 70
60866 0
60901 59
61126 67
61153 0
61358 57
61560 0
61580 59
61751 0
61914 67
61969 51
62101 67
62321 0
62452 66
62528 0
62650 67
62762 0
63147 63
63275 0
63356 66
63395 0
64056 59
64272 0
64364 59
64966 0
65077 51
65184 0
65369 67
65646 0
65770 51
65919 70
66087 0
66237 54
66386 0
66699 57
66762 51
66765 70
66850 0
67301 63
67370 70
67830 0
67879 67
68201 54
68983 54
69050 70
69076 0
69122 63
69136 0
69218 70
69346 70
69665 51
69823 51
69984 0
70051 59
70131 54
70216 0
70291 57
70747 0
70877 57
70945 0
71124 51
71175 0
71239 66
71361 0
71567 51
71577 59
71919 0
72010 51
72054 70
72191 51
72198 0
72335 63
72856 0
72941 63
72983 67
73115 63
73393 57
73614 0
73909 63
74118 0
74296 70
74607 0
75203 70
75422 0
75478 54
76138 0
76143 70
76214 0
76223 70
76411 0
76455 66
76523 0
77100 57
77185 0
77603 51
77956 0
78388 63
78394 0
78605 67
78766 0
79085 66
79097 57
79235 0
79592 57
79940 0
80071 66
80087 67
80623 70
80631 0
80687 67
80895 0
81175 57
81218 0
81426 57
81850 59
81887 63
82321 0
82445 57
82852 0
83128 67
83243 0
83541 70
83653 0
83905 67
84237 0
84261 59
84270 0
84344 67
84365 0
84684 51
84786 0
85039 66
85233 0
85318 63
85417 59
85800 63
86094 0
86167 67
86277 0
86605 67
86846 0
86900 51
87073 0
87343 63
87921 0
87941 66
88051 0
88140 70
88165 0
88334 51
88378 0
88541 51
88650 63
88805 0
89266 63
89305 0
89308 54
89442 0
89669 51
89830 0
89939 57
89957 0
90295 54
90707 59
90847 54
90861 0
90881 54
90908 0
91094 63
91791 70
91820 57
92021 0
92310 54
92603 0
92828 67
93005 0
93012 63
93158 0
93417 57
93467 54
93581 67
93737 0
93760 59
93806 67
93842 0
94081 66
94378 0
94493 57
94529 0
94575 51
94581 0
94745 63
94812 51
94947 0
95455 66
95506 0
95544 66
95632 0
95700 63
95764 0
95895 51
95918 0
96178 54
96434 0
96478 66
96643 57
96715 0
97143 57
97307 0
97369 54
97446 0
97798 59
98093 0
98142 54
98192 0
98251 59
98487 0
98529 59
99563 0
99712 59
99734 0
99987 67
790 events for 12
45 38
215 43
311 0
395 38
491 0
515 43
548 0
674 48
749 0
750 43
812 0
834 39
914 0
1134 46
1136 0
1144 38
1198 0
1244 44
1245 0
1344 43
1363 39
1552 38
1769 0
1804 41
1887 38
1926 43
1996 0
1999 43
2022 0
2041 43
2050 0
2116 44
2136 0
2239 44
2317 0
2340 38
2592 0
2693 41
2695 0
2838 48
3103 0
3173 39
3327 0
3456 44
3491 0
3772 39
3895 48
3896 0
3964 38
3992 38
4173 38
4272 0
4330 39
4680 0
4692 43
4713 48
4843 0
4958 39
5023 0
5035 43
5156 44
5283 38
5364 0
5392 38
5478 44
5491 38
5606 0
5647 38
5773 0
6109 44
6264 0
6453 39
6522 0
6885 48
6895 0
6984 44
7038 41
7172 0
7405 39
7569 0
7661 44
7999 0
8041 44
8395 0
8446 38
8633 48
9400 0
9461 38
9475 0
9609 41
9650 0
9867 48
10007 46
10027 0
10101 39
10128 38
10187 44
10235 0
10433 38
10501 44
10535 38
10948 0
11281 38
11542 38
11814 41
12149 39
12178 39
12271 0
12277 46
12409 0
12579 39
12751 0
12885 48
12912 44
12975 0
13022 39
13101 44
13114 0
13201 38
13266 0
13339 48
13374 43
13481 0
13554 38
13801 0
13815 44
13879 0
13890 39
14125 0
14178 43
14264 41
14362 0
14430 44
14504 0
14817 41
14878 38
15277 39
15308 0
15335 43
15407 0
15533 43
15544 39
15561 0
15646 39
15777 0
15841 41
15957 0
16053 48
16278 0
16520 39
16532 0
16558 41
16736 0
17223 39
17409 0
17456 48
17638 0
17840 44
17879 43
17992 43
18033 0
18352 39
18387 0
18417 43
18436 0
18674 41
18709 0
18711 43
18920 0
18957 46
19038 0
19062 48
19246 0
19782 41
19862 0
20052 38
20433 0
20532 39
20725 48
20826 0
20901 38
20921 38
21140 0
21217 46
21250 0
21251 43
21270 0
21767 44
21885 0
22098 44
22236 0
22278 48
22300 39
22473 0
22487 48
22682 46
22715 0
22717 38
22870 39
23316 46
23351 0
23356 38
23358 0
23385 44
23618 0
24375 38
24513 0
24878 38
24975 0
25188 46
25206 0
25527 43
25530 46
25565 0
25656 46
25665 0
25695 41
25753 0
25893 41
26181 0
26285 44
26358 0
26370 39
26498 0
26623 48
26721 39
26829 0
26918 48
27096 48
27227 38
27251 0
27306 38
27352 0
27385 39
27469 0
27508 41
27585 0
27612 46
27699 0
27722 38
27806 0
27863 44
28431 44
28461 0
28597 39
28663 0
29019 43
29099 0
29134 48
29253 0
29414 39
29502 39
29522 0
29534 38
29609 0
29687 48
30087 0
30305 44
30312 0
30365 46
30400 0
30534 44
30548 0
30739 38
30892 41
31052 43
31125 0
31165 46
31313 39
31449 38
31491 39
31663 38
31770 0
31830 39
32019 0
32064 46
32097 0
32140 38
32217 0
32268 41
32312 44
32316 0
32344 41
32485 0
32748 39
32824 0
32904 44
33179 44
33297 0
33380 48
33464 0
33541 48
33553 0
33958 41
34125 46
34296 0
34333 48
34365 38
34400 0
34569 39
34632 0
34765 48
34838 0
34925 38
35299 0
35568 48
35613 43
36237 0
36303 38
36523 38
36563 48
37439 0
37451 41
37626 0
37834 39
37936 0
38011 38
38440 0
38658 48
38918 0
38938 43
38940 0
38982 46
39134 0
39359 41
39445 0
39566 43
39611 38
39645 0
39667 43
39746 0
39878 39
39904 0
40030 46
40158 43
40357 0
40374 44
40575 38
40600 0
40625 38
40821 0
40845 39
41072 0
41229 41
41290 46
41297 38
41436 0
41469 38
41578 41
41642 0
41729 39
41862 0
42079 38
42622 0
42675 38
42698 38
42706 0
42771 38
42932 0
43067 39
43105 46
43126 0
43200 41
43284 0
43339 39
44009 0
44077 48
44201 0
44206 39
44248 0
44638 39
44737 0
45005 41
45432 48
45943 38
46094 0
46577 48
46613 48
46632 39
46650 38
46952 46
46972 0
47043 41
47262 0
47541 39
47734 0
47848 39
48011 0
48492 44
48813 0
49061 43
49172 44
49228 44
49372 44
49421 41
49552 0
49717 41
49917 0
49965 38
50059 48
50368 0
50493 38
50594 0
50835 39
50894 0
51049 44
51215 0
51480 39
51502 0
51549 39
51648 0
52021 46
52217 0
52603 39
52754 46
52859 44
53068 43
53245 0
53263 38
53273 39
53441 48
53491 0
53522 38
53538 0
53926 48
53980 43
54029 0
54082 44
54484 41
54513 0
54557 43
54699 48
54966 0
55114 38
55764 0
55766 46
55819 0
55873 38
55960 0
56052 46
56286 0
56455 38
56613 0
56638 41
57028 0
57080 41
57123 0
57271 41
57568 0
57644 41
57969 0
58076 38
58207 0
58223 43
58374 0
58724 39
58736 0
58786 38
58895 0
58944 48
58977 39
59063 46
59080 0
59093 44
59331 0
59358 46
59519 0
59691 41
59972 41
59980 38
60044 0
60047 46
60058 0
60126 38
60151 0
60163 41
60501 0
60538 39
60677 46
60756 0
60823 38
60827 0
60890 38
60961 0
61074 41
61081 0
61127 39
61407 0
61769 43
61862 0
62038 39
62321 0
62340 44
62673 48
62688 48
62816 0
62907 39
62931 0
63124 39
63408 0
63557 48
63809 0
64052 48
64132 0
64257 39
64294 0
64386 43
64467 0
64549 46
64917 0
65534 43
65698 0
65741 39
65813 0
65870 38
65878 41
65887 38
66003 0
66136 48
66165 0
66301 38
66462 0
66563 38
66619 0
66818 39
67031 0
67087 38
67180 0
67511 43
67707 48
67817 0
67956 46
68038 0
68204 48
68304 0
68442 46
68724 38
68921 38
68975 0
69218 38
69378 41
69556 39
69676 39
69955 0
70080 44
70116 0
70135 44
70216 44
70514 0
70636 38
70726 0
70781 39
70816 0
71006 38
71099 0
71148 48
71308 39
71454 38
71831 44
71860 0
71947 38
72280 0
72288 38
72368 0
72455 46
72712 0
72763 39
72915 41
72933 0
73020 41
73313 0
73478 39
73697 0
73726 41
73800 38
73942 0
74043 39
74596 0
74752 44
74803 41
74869 0
74903 41
74930 0
75552 44
75567 0
75951 39
76265 0
76359 43
76679 0
76694 44
76743 0
76753 44
76884 0
76997 39
77088 0
77252 44
77511 0
77709 48
77863 46
77905 0
77931 38
78026 0
78067 38
78128 0
78151 41
78262 0
78269 41
78283 0
78453 39
78521 0
78527 39
78791 0
78895 38
78899 0
78921 48
79078 0
79094 39
79351 0
79395 39
79445 0
79466 46
79647 48
79711 0
79813 41
80095 0
80348 39
80553 0
80915 38
80960 0
81066 43
81137 0
81214 38
81362 0
81596 48
81683 38
81778 0
81829 38
81856 0
81978 38
82246 39
82425 0
82517 38
82523 48
82540 48
82649 39
82756 0
82871 39
82888 0
83269 43
83626 0
84025 44
84026 0
84081 38
84091 44
84197 39
84354 0
84410 46
84415 43
84653 0
85225 41
85323 48
85716 0
85717 39
85762 0
85876 48
86008 0
86078 48
86229 0
86273 41
86316 0
86320 46
86631 0
86662 39
86711 0
87408 48
87721 0
87820 41
88014 43
88052 0
88088 46
88189 0
88215 38
88223 0
88285 43
88689 38
88700 38
88945 46
89043 0
89079 48
89093 0
89341 39
89402 0
89429 41
89487 0
89613 38
89778 0
90085 46
90102 0
90191 39
90249 0
90319 44
90460 48
90596 0
90776 39
90863 0
90914 39
91062 0
91192 39
91274 46
91300 0
91405 48
91443 0
91496 46
91945 0
91948 39
92096 43
92106 0
92158 38
92258 0
92405 43
92710 41
92817 44
92868 43
92920 41
93058 0
93121 41
93314 0
93323 39
93400 0
93403 39
93406 0
93492 43
93813 39
93835 0
93861 39
93970 48
94340 0
94394 39
94734 0
94919 46
94987 39
95161 0
95165 38
95192 0
95377 39
95477 0
95577 44
95636 0
95768 44
96044 0
96051 38
96094 0
96291 48
96302 43
96399 0
96474 46
96559 0
96626 43
96750 43
96772 0
97229 43
97386 44
97646 38
97687 38
97798 0
97841 43
97969 43
98093 0
98132 46
98216 0
98276 39
98349 46
98551 38
98586 0
98622 39
98687 0
98924 43
99004 39
99060 48
99237 46
99357 0
99570 48
99593 0
99639 46
99680 0
99743 39
99748 0
99840 44
99938 48
99950 44
165 events for 13
300 21
658 0
930 31
1812 0
2674 18
2975 51
3625 0
3674 18
4275 47
6732 0
6932 33
7016 0
7706 51
8443 0
9702 51
9745 0
10289 47
10503 0
11941 31
12234 0
12627 18
13041 0
13492 33
13704 0
15510 33
15778 0
16391 31
17754 0
17822 47
17954 0
18854 18
19321 0
20210 33
20795 47
21553 51
22134 0
23076 51
23883 0
25518 51
25803 0
26635 47
27295 33
27630 0
27731 21
27992 0
28843 33
30696 0
31456 21
31769 0
32001 21
32237 0
33892 33
34727 0
35442 21
36092 19
36334 33
36409 47
36416 0
36773 21
36924 0
38683 21
40912 0
42114 19
43751 0
44016 19
44018 51
45314 0
46546 47
47183 0
47422 21
47527 0
47580 33
47687 0
47721 18
49583 0
50394 47
50643 0
51085 31
51278 0
52143 19
52567 0
52980 21
53211 0
53762 33
54904 0
56678 33
57117 0
58273 19
58624 51
59304 0
59653 31
61442 31
61671 0
61879 47
62216 0
62797 33
63072 0
63099 33
63342 18
63404 33
63466 21
64131 0
64242 31
64289 51
64918 0
65025 33
65380 0
66782 33
67717 0
68720 21
68879 21
69019 0
70092 18
72082 0
72190 33
72271 0
72409 33
72546 0
72826 33
73566 18
73636 0
73756 21
75310 0
76167 33
76286 0
76411 51
77473 19
77593 0
78211 33
78709 0
79246 51
79277 47
79634 47
80120 31
80955 0
81087 19
81513 0
81540 47
82608 0
83753 33
84442 0
84517 19
85372 0
86580 51
86669 51
87313 31
88959 0
89874 31
89972 0
90584 51
91510 47
91735 0
91805 33
92633 0
92814 51
92918 0
94440 21
94792 0
96379 21
97230 0
97788 33
97824 0
98323 19
98582 18
98693 21
664 events for 14
12 28
208 0
243 28
452 0
605 28
769 0
900 20
1128 0
1399 20
1842 27
1884 0
1971 20
2140 0
2352 28
2599 20
2642 0
2708 27
2812 20
2842 28
2968 28
2996 20
3249 0
3331 28
3358 28
3495 0
3603 27
3691 0
3739 28
3749 0
3919 24
3976 0
3979 20
4250 0
4409 20
4542 0
4671 28
4695 0
4793 28
4889 28
4992 0
5070 24
5164 0
5224 27
5249 0
5654 24
5910 0
6104 27
6242 0
6621 28
6673 0
6873 24
6936 0
6980 28
7209 0
7264 28
7710 0
7874 28
7963 0
8344 20
8502 20
8627 0
8767 24
8898 0
8903 28
8939 0
9064 28
9376 0
9535 20
9871 0
10230 20
10287 0
10339 28
10515 0
10749 28
11545 24
11645 0
11681 28
11709 0
11977 20
12261 0
12283 28
12402 0
12494 28
12531 0
12730 28
12747 0
12865 24
12885 0
13206 28
13226 0
13301 28
13368 0
13645 28
13699 0
13716 28
13923 0
14048 27
14333 0
14412 27
14528 0
14570 27
14634 28
14888 20
15073 0
15335 27
15437 0
15581 20
15594 0
15803 28
15873 28
15902 0
16518 27
16691 0
16798 28
16828 24
18047 0
18151 24
18191 0
18200 28
18309 24
18447 0
18495 27
18518 0
18560 28
18700 0
18707 28
18893 0
18918 28
18972 0
19353 24
19618 0
19854 28
20131 0
20303 24
20510 24
20653 0
20656 24
20855 0
21045 27
21285 20
21320 24
21479 0
21524 27
21542 20
21561 0
21739 20
22111 28
22118 0
22127 27
22158 27
22371 0
22456 28
22536 0
22741 27
22936 20
23293 0
23332 20
23401 0
23552 27
23583 28
23630 0
23771 20
23824 0
23960 28
24298 0
24529 28
24761 0
24928 28
25133 0
25278 27
25814 28
25867 27
25998 24
26155 24
26175 0
26297 28
26494 0
26531 28
26728 0
26896 28
27117 28
27195 0
27512 27
27559 0
27573 28
27603 0
27606 24
27658 0
27771 24
27813 28
28080 20
28287 0
28361 27
28392 0
28458 28
28574 0
28634 20
28754 0
28804 24
28822 27
29282 27
29302 0
29321 24
29596 20
29626 0
29686 20
29904 0
29978 28
30243 0
30363 28
30502 28
30666 0
30993 28
31157 0
31496 28
31601 0
31964 20
31973 0
32226 28
32237 0
32256 28
32527 0
32542 24
32829 0
33045 27
33083 0
33242 20
33534 0
33992 28
34217 24
34315 0
34369 28
34566 20
34594 0
34833 20
34981 0
35241 28
35535 0
35611 28
35989 28
35995 0
36002 28
36042 0
36058 27
36602 20
36689 27
36854 28
36921 0
36976 28
37183 0
37195 28
37562 0
37633 27
38023 0
38053 28
39280 27
39284 0
39443 28
39499 28
39553 0
39674 28
39864 0
39921 24
39999 0
40052 27
40185 28
40308 0
40459 20
40535 0
40544 28
40584 0
40614 28
40716 0
40756 27
40878 0
40923 28
41167 0
41168 28
41188 0
41211 28
41335 0
41406 28
41571 0
41605 27
41658 0
41661 28
41809 28
41955 0
41963 20
41979 0
42182 20
42277 0
42325 24
42344 0
42514 28
42839 0
43123 24
43343 24
43367 0
43403 28
43463 27
43548 24
43608 0
43920 27
44105 24
44695 0
44697 28
44748 0
44831 28
44884 24
44913 27
44997 0
45169 28
45232 0
45849 20
45911 27
46093 0
46120 24
46290 0
46295 28
46501 0
46538 28
46607 0
46661 24
47431 24
47906 0
48143 28
48173 28
48179 20
48526 28
48533 28
48689 0
48747 27
48907 28
49191 0
49497 28
49544 0
49614 28
49677 0
49764 28
49780 0
49809 24
49904 28
49981 0
50099 20
50139 0
50203 24
50392 27
50396 0
50544 28
50821 0
51223 28
51382 0
51488 27
51532 0
51542 28
52926 0
52955 28
52967 0
53055 20
53082 0
53254 28
53401 0
53601 24
53816 0
53817 24
53916 0
53995 28
53997 0
54065 24
54162 0
54299 28
54300 0
54363 24
54461 0
54503 27
54563 28
54648 0
54691 27
54772 0
54865 28
55143 0
55312 28
55349 0
55537 28
55711 0
55828 20
55940 0
55988 28
56219 27
56308 0
56467 24
56534 0
56773 27
56787 28
57493 0
57516 27
57572 0
57627 27
57863 0
58288 28
58306 0
58341 24
58447 0
59023 27
59634 28
59808 27
59868 0
60032 27
60070 0
60141 20
60150 0
60171 28
60201 0
60504 28
61096 0
61138 24
61679 28
61725 0
61855 28
61981 24
62405 0
62956 28
63001 0
63178 20
63202 0
63351 20
63441 28
63459 0
63519 28
63581 0
63636 24
63729 20
64256 0
64483 24
64639 0
64833 28
64844 28
64920 28
65072 0
65083 24
65513 0
65889 28
66102 0
66287 24
66409 28
66426 28
66609 0
66630 28
66634 0
66641 24
66726 0
66761 28
66842 27
66966 20
67094 0
67213 24
67445 0
67636 28
67839 28
67919 0
68061 20
68103 0
68138 28
68320 0
68551 20
68700 0
68713 28
68764 24
68905 0
69029 28
69103 28
69386 0
69496 20
69582 0
69594 24
69923 20
70013 0
70468 24
70479 27
70617 0
71049 28
71085 0
71143 20
71269 0
71351 28
71715 0
71873 28
72106 0
72952 20
72993 0
73133 28
73318 0
73428 27
73829 20
73832 0
73861 28
74120 0
74320 28
74405 0
74425 27
74489 0
75033 28
75126 24
75228 0
75917 27
75931 0
76066 24
76186 0
76435 28
76449 0
76470 28
76501 28
77013 0
77247 28
77318 28
77620 0
77702 28
77860 0
78076 28
78105 0
78255 28
78510 0
78580 27
79008 0
79078 28
79138 0
79201 24
79617 0
80077 27
80168 28
80413 28
80550 28
80664 24
80792 28
80951 0
81026 20
81246 28
81267 0
81338 27
81585 28
81788 28
81811 20
81906 0
81941 20
81973 24
82002 28
82149 27
82294 0
82354 20
82606 0
82728 27
83249 0
83710 28
83862 28
83977 24
84175 0
84248 28
84381 0
84392 20
84399 0
84418 28
84527 0
84566 24
84631 0
84678 24
84785 0
84794 20
84795 24
84804 20
84892 28
85512 0
85552 28
85649 0
85691 24
86403 0
86523 28
86559 0
86791 20
87112 0
87321 27
87460 0
87587 28
87691 27
87899 0
87929 20
87988 0
88205 24
88311 0
88338 20
88694 0
88710 28
88783 0
89242 24
89440 20
89547 27
89579 0
89625 24
89767 0
89927 27
89965 0
90164 24
90168 0
90236 28
90322 28
90356 28
90613 0
90641 28
90684 0
90746 28
90786 0
90881 28
90890 0
90898 28
90911 0
90949 28
91139 0
91334 20
91452 0
91638 28
91800 0
91982 28
92833 28
92851 0
92953 24
93013 28
93833 28
93888 0
93920 24
93984 0
94117 28
94223 28
94366 0
94905 28
95396 0
95453 20
95596 0
95967 24
96017 0
96128 28
96131 27
96335 0
96478 27
96924 0
97071 27
97140 0
97220 24
97483 0
97521 28
97630 0
97925 28
98098 0
98527 27
98548 0
98616 28
98808 0
98868 20
99167 0
99204 28
99589 28
99678 0
99849 28
99926 0
99941 28
570 events for 15
185 80
200 75
436 86
437 0
715 79
846 92
1172 93
1194 0
1441 93
1974 0
2221 80
2396 0
2451 93
2712 84
3043 87
3355 0
3461 84
3527 87
3625 93
3657 0
3832 92
4128 0
4242 87
4372 0
4448 60
4538 79
4817 0
5207 80
5560 60
5756 0
5793 75
6092 80
6139 0
6473 86
7031 86
7395 0
7458 60
7565 86
8219 0
8493 75
8740 0
8814 79
8849 75
8991 0
9181 75
9261 0
9456 60
9664 0
9840 84
9858 0
9876 79
9924 84
10119 0
10335 60
10444 0
10627 92
10834 0
11079 79
11346 79
11350 0
11416 79
11903 60
12259 0
12271 79
12411 0
12659 87
13057 92
13143 0
13388 86
13724 84
13837 0
14065 60
14138 0
14192 92
14422 86
14525 0
14927 80
15143 60
15281 0
15320 92
15596 87
15741 0
16061 60
16093 60
16116 0
16162 86
16271 0
16324 80
16400 80
16711 60
16877 0
17118 93
17308 0
17429 93
17632 0
17666 80
17824 0
17940 60
18020 0
18153 92
18185 79
18211 0
18311 60
18492 0
18531 92
18883 86
18893 80
19047 0
19233 84
19548 84
19890 86
20132 0
20269 80
20274 0
20487 75
20812 0
20815 60
20911 0
21040 80
21610 84
21762 84
21870 0
22388 79
22795 0
22906 86
23224 0
23287 86
23302 0
23307 75
23368 0
23421 87
23590 79
24183 84
24330 0
24374 60
24456 0
24613 84
25059 0
25435 87
25438 0
25518 79
25520 75
25572 60
25602 0
25831 80
25961 86
25988 0
26159 75
26224 0
26329 79
26401 0
26416 87
26659 0
26766 84
26879 0
27201 79
27323 80
27637 0
27766 75
28134 0
28150 60
28185 0
28195 84
28330 0
28526 75
28652 60
28715 60
28821 0
28895 84
28973 0
29125 86
29220 0
29379 75
29602 0
29703 87
29745 0
29910 92
30275 92
30332 0
30440 93
30448 79
30617 0
30841 75
30888 93
30895 0
31677 93
32342 87
32474 0
32478 84
32557 75
33047 0
33129 60
33274 0
33439 87
33888 0
33930 60
34094 93
34115 93
34212 93
34276 0
34885 86
34912 60
35136 0
35287 75
35715 0
36096 93
36355 0
36375 87
36486 0
36603 75
36674 0
36988 60
37098 0
37103 60
37212 0
37496 60
37642 0
37745 80
37872 0
37905 84
37944 0
38000 86
38016 79
38410 0
38487 75
38567 0
38594 87
38739 0
38822 87
38859 0
39051 93
39059 92
39225 84
39338 0
39392 92
39494 0
39974 87
40104 0
40774 86
40849 87
40917 0
41383 93
41595 0
42020 75
42172 84
42272 0
42566 79
42798 0
42803 80
42996 0
43236 80
43413 0
43529 93
43656 0
44005 80
44636 0
44788 60
44848 0
44911 79
45139 0
45454 93
45725 0
45845 84
46550 0
46736 60
46812 60
46932 0
47467 86
47703 0
48115 75
48184 0
48240 60
48253 87
48591 0
48605 84
48815 93
48956 0
48978 93
49234 0
49316 60
49336 0
49396 87
49556 0
49686 60
49688 0
49713 75
49785 0
49849 75
50334 0
50352 84
50446 0
50538 87
50658 0
50891 86
50913 80
51159 93
51305 0
51412 60
51487 0
52057 79
52262 60
52311 60
52583 84
52613 0
52755 60
52830 0
52846 80
52904 0
53204 93
53498 0
53622 87
53832 0
53851 93
54326 86
54717 0
54968 79
55163 0
55234 87
55257 0
55527 60
55540 79
55605 93
55685 79
55779 0
55878 60
56268 0
56299 80
56523 0
56590 60
56667 0
57184 84
57406 0
57432 80
57436 80
57455 0
57498 92
57500 0
57755 92
58318 0
58565 60
58831 0
58838 84
58861 0
59169 75
59459 0
59626 92
59953 0
60107 92
60216 0
60251 60
60363 0
60981 92
60985 0
61046 84
61232 0
61397 93
61835 0
61928 86
62217 0
62781 84
62868 0
62947 75
62951 0
63267 92
63544 80
63704 87
64027 0
64323 86
64384 60
64559 0
64756 60
64997 0
65011 79
65334 0
65534 79
65547 0
65696 87
65825 60
66011 0
66024 60
66158 0
66428 60
66599 0
66601 84
66870 0
66908 60
67192 0
67373 84
67611 0
67698 87
67955 0
68031 80
68201 0
68514 75
68649 0
68804 93
69039 0
69290 86
69863 0
70056 60
70078 0
70249 80
70281 60
70301 0
70803 79
70896 0
71057 60
71067 0
71126 79
71340 0
71548 60
71646 0
72149 93
72210 0
72278 80
72298 0
72369 79
72419 0
72469 93
72600 0
72753 93
73135 0
73320 87
73410 93
73866 80
73986 0
74040 84
74423 0
74627 80
74692 0
74810 86
75455 0
75520 87
75555 0
75990 79
76098 0
76250 84
76504 0
76803 80
76992 75
77082 92
77247 0
77282 60
77302 0
77353 93
77492 0
77559 86
77670 0
78784 79
78937 0
79065 79
79121 60
79694 0
79831 84
79942 0
79958 79
80044 0
80190 87
80315 0
80436 93
80501 0
80704 92
80732 60
80991 0
81453 84
81619 0
81621 92
81638 60
81767 92
81783 79
81822 93
81904 0
81912 79
82121 0
82443 79
82921 0
83061 87
83102 0
83440 87
83867 92
83963 0
84095 75
84109 0
84262 86
84364 0
84447 93
84573 0
84596 75
84815 79
85066 0
85217 86
85643 0
85777 80
85942 0
86094 84
86354 79
86482 93
86510 0
86777 87
87439 87
87736 79
87882 86
88169 0
88274 80
88727 60
88977 80
89124 0
89128 60
89247 0
89379 93
89850 60
89898 0
90073 60
90126 0
90355 79
90408 0
90712 93
90731 0
90919 86
90982 0
91115 75
91467 0
91694 86
92216 0
92347 84
92577 86
92937 92
93219 0
93242 60
93365 0
93451 86
93506 0
93707 60
93751 0
93870 93
93898 0
94171 86
94453 0
94497 75
94761 84
94868 80
94983 0
95009 87
95223 0
95411 86
95493 92
95781 0
96011 92
96126 0
96380 87
96913 0
96963 87
97196 93
97378 80
97453 0
97744 92
97929 0
98096 75
98374 0
98467 93
98479 0
98873 60
98932 0
98961 79
99117 0
99183 86
99241 0
99477 92
99894 0
99924 93
