24 buffers
275079 53075
175401 5404
127594 14213
117310 13206
61546 9405
404571 14110
366287 47543
205460 6139
184659 33390
164447 28377
223028 1084
256546 13477
455271 84831
317695 30527
188991 999
247467 12560
158915 21541
202296 30792
247999 8829
220113 34947
212946 8944
225698 37268
213495 6290
223482 14057
40 downlinks
0 375 2500 781
1 2875 5000 966
2 5375 7500 991
3 7875 10000 795
4 10375 12500 1026
5 12875 15000 971
6 15375 17500 833
7 17875 20000 1049
8 20375 22500 893
9 22875 25000 831
10 25375 27500 723
11 27875 30000 983
12 30375 32500 1078
13 32875 35000 885
14 35375 37500 799
15 37875 40000 739
16 40375 42500 972
17 42875 45000 1049
18 45375 47500 862
19 47875 50000 925
20 50375 52500 1026
21 52875 55000 860
22 55375 57500 749
23 57875 60000 999
24 60375 62500 933
25 62875 65000 774
26 65375 67500 770
27 67875 70000 746
28 70375 72500 1050
29 72875 75000 904
30 75375 77500 986
31 77875 80000 994
32 80375 82500 1011
33 82875 85000 1044
34 85375 87500 734
35 87875 90000 723
36 90375 92500 911
37 92875 95000 835
38 95375 97500 806
39 97875 100000 1029
338 events for 0
102 38
1042 88
1272 88
1630 0
1795 38
2403 0
2441 32
2489 48
2646 0
3126 88
3264 0
3385 32
3866 38
3869 0
3871 48
3935 0
4037 88
4079 0
4215 88
4256 0
4489 88
4510 32
5764 0
6100 48
6534 48
6822 0
7141 88
7202 0
7312 38
7779 38
7817 0
7958 88
8202 0
8505 48
8605 38
8824 0
8976 32
9071 0
9077 88
9231 0
9944 48
9989 0
10035 38
10277 0
10363 88
10379 0
10474 32
10596 0
10654 88
10777 0
11466 88
11496 88
11517 0
11535 88
11572 0
11688 32
11911 88
11956 32
12255 0
13459 32
13467 0
13585 48
13953 88
14318 0
15334 38
15342 0
15459 32
15897 88
16089 0
16746 32
16972 0
17396 88
17971 0
19260 88
19312 0
19323 48
19499 0
19527 38
20211 0
20955 48
21512 0
21743 38
21932 0
22132 32
22354 0
22372 88
22563 0
22585 88
22713 38
23446 0
25308 48
25584 0
25779 48
26125 88
26969 48
27369 38
27573 0
28190 88
28224 38
28292 0
28626 88
28655 0
28720 88
30155 0
30156 48
30512 0
30609 38
30703 0
31185 88
31330 88
31642 88
31785 0
32732 38
32896 0
32990 88
33009 0
33016 48
33300 0
33485 88
34322 88
34530 48
34670 0
35198 32
36321 0
36387 48
36767 0
36831 88
37076 0
38242 88
38310 88
38428 0
38454 38
38869 0
39169 88
39482 0
39570 48
39946 0
40004 38
40193 0
40234 38
40316 0
40704 88
41151 0
42303 32
42466 0
42576 88
42607 0
42650 88
42764 48
42876 88
43075 88
43346 0
43512 88
43569 0
43724 88
44347 0
44636 32
44740 0
44869 88
45101 88
45146 0
46180 38
46469 0
46593 48
46618 0
46646 88
47345 0
47448 88
47535 38
47696 88
47827 32
48587 0
48873 48
48910 0
48949 32
49049 0
49530 88
49626 0
51834 48
51869 48
52050 0
52120 88
52176 0
52861 38
53064 88
53287 0
53545 88
53608 0
53669 38
53814 0
53835 88
53957 48
54051 0
54648 48
54714 0
54879 48
54905 0
55412 38
56233 0
56721 38
56784 38
57005 0
57593 38
57808 0
58240 48
58251 88
58383 0
58448 88
58457 0
58720 88
59015 0
59038 32
59243 48
59393 0
60584 32
62610 38
63018 0
63058 32
63393 0
63912 48
63921 0
63956 38
64123 0
64204 38
64245 88
64260 0
64766 38
65058 0
65162 88
65261 0
65272 48
66222 0
66487 32
67527 0
67669 88
69022 0
69026 48
69200 88
69341 0
69390 88
69546 38
69557 0
69843 38
69986 88
70256 0
70403 88
70881 0
71291 32
71515 0
71667 48
71751 0
71820 32
71823 0
72158 48
72171 88
72266 0
72552 88
72640 0
72797 88
74106 0
74468 88
74809 88
74972 88
75014 88
75726 0
76355 32
76545 88
76723 0
76852 32
77114 0
77308 88
77599 0
78508 48
79030 0
79286 48
79374 88
79402 0
79691 32
80999 0
81224 32
81236 0
81367 38
81448 0
81567 32
82004 0
82190 88
82358 0
83125 32
83480 0
83488 88
83569 88
83618 88
83795 48
85006 32
85100 0
85305 48
85484 0
85775 88
85791 0
85831 38
86565 48
87299 88
88160 0
88326 88
88465 0
88999 38
89648 0
90959 32
91218 0
91259 88
91536 0
91543 88
91620 0
91634 88
92300 0
92653 48
93870 0
94129 32
94285 32
94453 0
94555 48
95111 0
95186 88
95413 88
95733 88
95841 0
96240 38
96507 0
96515 48
98177 0
98218 88
98221 0
98390 38
98738 88
98801 88
98987 0
99277 48
99409 88
201 events for 1
346 46
2384 0
4212 37
5111 0
5324 46
5504 0
5934 37
6043 37
6108 50
6376 37
7878 37
9475 0
9683 37
9998 50
10906 0
11146 50
11484 50
11907 0
12264 46
12905 37
13067 37
13074 37
13244 0
14074 46
14246 50
15643 50
16793 0
17039 46
17620 50
17681 0
17686 50
17704 50
18856 0
19330 46
19779 0
19798 37
20069 50
20141 0
20214 50
20439 46
20976 0
21088 46
21524 46
21607 0
23073 50
24282 0
24791 50
24859 0
24917 46
25139 46
25160 0
25363 46
25655 37
25694 0
26106 46
27249 0
27549 50
27592 0
28366 46
29701 0
30217 50
31145 0
31161 46
31163 0
31344 46
31808 0
32788 50
33236 0
33693 50
35192 0
35453 46
35552 0
36090 37
37447 0
37662 37
37879 0
38049 50
38324 0
38620 37
38774 37
39714 0
40066 50
40720 0
41122 46
41485 0
42857 37
43317 0
43514 37
44815 0
45484 50
45773 0
47048 46
47810 0
49335 37
49698 50
50056 0
51863 46
52442 0
53498 50
53568 0
54206 37
55115 0
55392 37
55673 0
55881 50
56314 0
56863 37
56900 0
56904 50
57962 0
58426 46
58637 0
59341 46
59342 46
59592 0
60473 37
60499 37
61769 0
61816 50
62022 50
62360 0
62531 50
62574 50
63061 37
63254 0
63269 50
63271 0
63410 46
63551 0
63621 50
64017 0
65142 37
65525 46
65872 50
65942 0
66629 37
66948 0
67504 50
69308 50
69421 50
69816 50
70114 0
70142 46
70784 0
70818 46
71607 50
72664 37
72890 37
73940 37
74116 0
74308 50
74839 0
74844 37
75552 50
77022 46
77225 46
77299 0
78021 50
78399 0
78470 37
78752 0
79244 50
79273 0
80078 50
80245 50
80326 50
80330 50
80523 0
80893 37
81582 0
82388 50
82684 0
83581 46
83820 0
84108 37
84609 50
84902 37
84930 0
85108 50
86065 0
88083 46
88704 0
89105 37
89256 0
89450 37
89482 50
90345 50
90911 0
91645 46
91948 0
92963 46
93002 0
94133 50
96018 37
96710 50
96726 50
96828 50
96836 46
96899 0
97752 37
98545 0
300 events for 2
394 31
527 0
669 18
944 0
1550 30
1753 0
2613 18
2903 0
3132 31
3612 0
4031 35
4177 0
4378 30
5063 0
5068 31
5249 39
6414 0
6431 35
7291 39
7721 39
7884 34
7962 21
8387 0
8859 18
9243 0
9314 31
9522 0
9578 18
10001 0
10203 18
11160 0
11922 18
12057 0
12299 18
12615 0
12969 20
13550 0
13896 18
14286 18
14346 0
15026 18
15953 0
16227 30
16483 0
17754 31
18575 0
19001 21
19051 31
19454 0
19702 30
19746 0
20090 39
20550 0
21041 31
21444 21
21533 0
21687 20
22380 0
22490 34
22673 21
22921 0
23576 30
23732 0
23738 34
23748 0
24319 21
25064 21
25544 0
25566 18
26245 0
26418 18
26656 0
26793 35
26824 0
27029 21
27229 0
27336 39
28003 35
28340 0
28944 39
29012 0
30017 34
31422 0
31588 30
31931 0
31995 18
32670 0
32902 31
33270 31
33294 0
33443 30
33492 0
33941 21
34409 0
34631 31
35243 18
35249 0
35450 31
35797 0
36200 39
36374 0
36492 39
36543 0
37811 18
38066 31
38403 18
38766 0
38803 18
39251 0
39270 35
39544 0
39573 34
39692 0
40149 21
40215 0
40676 21
40781 0
40859 21
41152 0
41262 34
41443 0
41572 18
42313 0
42568 20
42751 0
42821 35
42885 0
43000 21
43407 39
43757 0
44172 18
45610 0
45866 20
45886 0
46424 31
46464 0
46867 34
46955 0
47301 20
47688 0
48107 31
48819 0
48996 18
49079 18
49617 30
49677 34
50635 0
51081 31
51251 0
51304 18
51355 0
52093 35
52564 18
53000 18
53112 0
53401 39
53509 0
56270 31
56426 34
56444 18
56564 31
57008 0
57197 21
58161 18
59053 0
59832 35
60381 0
60383 35
60391 39
60681 0
60852 31
60895 0
60954 21
61148 0
61364 39
61380 0
61443 31
61496 0
61765 18
61934 0
61942 30
62100 21
62141 0
62174 18
62263 0
62323 31
62417 0
62679 20
62969 31
62982 0
63604 35
64860 30
65046 0
66047 31
66204 0
66274 39
66396 0
66837 34
66891 0
67285 35
67417 35
67753 0
67809 21
67990 0
68403 18
68453 31
68746 35
69343 35
69527 0
70244 39
70273 35
70753 20
70836 0
71494 21
71646 20
71766 31
72467 0
73284 18
73527 30
73634 0
73808 21
74216 0
74622 20
74676 0
75102 39
75675 0
75730 35
75991 18
76059 21
76094 21
76199 39
76405 0
78536 20
78738 0
78839 35
79001 0
79019 18
79057 18
79425 18
79513 31
79545 0
79997 18
80146 35
80182 0
80758 39
80878 0
81330 18
81449 0
81665 31
82655 31
82958 35
83339 0
83651 39
84036 18
84184 0
85709 30
85816 0
86220 30
86221 18
86858 0
86971 20
87137 21
87325 0
87464 18
88173 0
88352 35
89004 0
89009 20
89552 0
90142 31
90285 0
90338 18
90400 0
90411 35
91469 0
91931 20
92090 0
92173 39
92227 20
92633 0
92691 35
92804 0
94197 21
94443 0
94469 31
94496 0
94884 34
94943 0
94975 18
95093 21
96220 18
96589 34
96707 34
97199 0
97816 39
98451 0
98923 18
99145 0
99772 18
99853 0
572 events for 3
177 15
609 29
733 0
885 55
986 0
1158 23
1244 0
1419 55
1732 23
2098 0
2775 27
2928 0
4007 15
4361 0
4542 20
4850 0
4952 51
5338 0
6173 27
6349 0
6768 23
6811 0
6976 27
7142 0
7212 23
7334 0
7544 20
7786 29
7927 15
8079 0
8125 55
8205 23
8206 0
8513 51
8611 0
8767 51
9754 0
9785 55
10670 51
10690 23
10756 0
10912 20
11565 0
11595 51
11658 0
11856 20
12022 55
12300 23
12341 23
12471 0
12571 51
12689 29
13402 27
13405 55
13409 0
13505 51
13653 15
14260 0
14377 23
14476 0
14641 23
14807 0
14814 15
15141 0
15451 23
15627 0
15680 20
15940 0
16090 20
16206 0
16422 27
16457 0
16531 15
16614 0
16896 23
17174 20
17241 29
17326 0
17488 29
17695 27
17922 0
18283 55
18293 0
18486 23
18854 0
18949 15
18956 29
19000 20
19193 0
19560 23
19904 0
20028 55
20258 15
20554 0
20644 29
21018 0
21041 27
21050 0
21535 20
21607 0
21664 51
21675 0
21719 20
21827 51
21961 0
22024 20
22038 27
22054 0
22155 29
22184 0
22324 29
22592 0
22597 15
22671 0
22672 27
22748 20
22832 29
23130 0
23648 51
23733 51
23926 0
23931 20
24162 0
24207 15
24883 23
24888 0
25088 15
25135 0
25234 55
25426 0
25483 27
25543 29
25551 0
25622 23
25749 0
25945 29
25960 51
26084 0
26429 55
26476 20
26562 29
26797 0
26853 51
26886 0
26962 15
26973 0
27141 29
27233 0
27466 51
27497 29
27539 0
27716 27
27872 0
28140 15
28682 0
28885 20
29005 20
29251 0
29390 29
29475 0
29623 15
29771 23
29888 0
29944 23
30216 0
30364 27
30381 0
30565 27
30696 15
30881 23
30890 0
30980 15
31025 55
31218 0
31375 23
31437 0
31462 27
31909 29
31962 0
32027 23
32333 0
33056 55
33057 0
33213 20
33315 0
33612 27
33621 55
34140 55
34374 0
34432 29
34703 29
34725 0
35161 15
35498 55
35592 27
35732 20
35921 0
36374 15
36434 0
36740 23
36882 0
36922 55
37020 0
37241 55
37516 0
37576 23
37751 0
37825 29
38009 0
38051 29
38528 0
38534 29
38592 0
38836 55
38881 15
39012 0
39346 23
39468 0
39755 55
40482 0
40676 23
41029 0
41267 15
41274 0
41330 27
41513 0
41533 29
41950 23
42087 55
42143 0
42441 23
42527 23
42860 27
43265 0
43376 23
43426 0
43658 51
43892 23
43982 55
44104 0
44124 27
44152 20
44200 23
44467 27
45106 51
45192 0
45279 23
45409 0
45549 20
45622 0
46833 15
46952 0
46985 27
47153 51
47169 23
47203 0
47283 29
47319 0
47425 20
47493 0
47554 29
47568 0
47676 15
47751 0
47827 51
47877 20
47897 0
47953 55
48161 0
48192 23
48526 0
48664 15
49280 0
49590 27
49610 15
49720 27
49778 23
49808 0
49848 51
50103 0
50105 27
50112 0
50284 51
50307 0
50368 20
50402 0
51501 20
51662 27
51729 0
51762 20
52179 0
52202 27
52790 0
53120 27
53247 23
53395 0
53553 51
53781 0
53788 51
53834 20
53838 27
53907 0
54046 23
54151 0
54291 55
54391 0
54724 29
54796 0
55195 15
55567 0
55572 20
55871 0
55937 15
55985 23
56036 0
56055 15
56216 20
56267 0
56327 27
56845 0
56981 51
57099 15
57289 0
57503 15
57573 0
57790 55
57999 0
58082 23
58515 0
58798 55
59035 15
59690 27
59775 0
59827 20
59919 20
60257 0
60367 55
60969 0
61099 23
61147 23
61450 0
61712 27
61887 0
62011 55
62012 0
62148 55
62366 55
62458 20
62723 55
62850 0
62903 27
62949 0
63226 27
63572 51
63577 20
63811 0
63836 27
64007 27
64178 0
64282 23
64342 0
64426 23
64470 0
64503 27
64527 0
64934 15
65043 0
65359 23
65491 20
65589 0
65611 23
65852 0
65880 51
66023 0
66362 51
66464 0
66578 55
66732 0
66761 55
66912 27
67021 0
67341 29
67369 20
67704 0
67829 55
67881 0
67940 27
67991 0
68098 29
68246 23
68327 23
68483 0
68568 23
68709 0
68729 29
68949 0
68978 23
68983 23
69176 29
69320 0
69356 15
69546 29
69709 29
69841 0
69935 23
70010 0
70037 29
70059 0
70515 51
70557 0
71029 51
71408 0
71444 51
71488 29
72040 29
72106 23
72229 0
72291 27
72471 0
72587 23
72971 23
73434 0
73726 23
74632 0
74804 27
75363 0
75546 51
75635 29
75669 0
75895 27
75958 29
75959 0
76135 27
76153 15
76448 0
76627 51
76674 0
76691 27
77138 0
77243 20
77259 15
77571 0
77761 20
78131 0
78291 15
78378 0
78502 27
78670 0
79250 51
79305 51
79433 0
80001 15
80124 0
80157 23
80354 0
80421 15
80467 0
80785 27
81189 0
81614 20
81855 0
82181 51
82524 0
82683 23
82686 0
82753 20
82817 0
82886 15
82979 27
83052 0
83109 15
83545 27
83615 0
83711 51
83956 0
84062 15
84149 0
84159 51
84265 0
84273 23
84274 0
84655 20
85083 0
85133 27
85260 0
85398 23
85514 29
85546 29
85695 15
85699 0
85784 23
86010 0
86076 55
86215 51
86637 29
86643 0
86831 51
86882 0
87438 20
87581 0
88017 23
88196 0
88211 23
88265 0
88389 23
88450 15
88618 0
89011 29
89016 51
90026 15
90040 0
90163 51
90412 0
90782 15
91146 55
91349 0
91360 27
91637 0
91874 55
91926 0
91934 15
91953 29
92010 0
92104 55
92202 51
92700 0
92741 55
92920 0
93244 23
93273 0
93372 15
93652 0
93808 23
93850 0
93912 23
94103 0
94138 15
94757 0
94957 29
95255 29
95348 0
95358 20
95650 0
95856 15
96167 51
96263 23
96347 0
96366 29
96427 0
96436 51
96890 0
97343 20
97763 15
97973 0
98014 51
98210 55
98303 0
98353 15
98361 23
98407 0
98438 29
98963 0
99029 20
99083 0
99092 15
99131 0
99191 15
99404 15
99533 29
99566 0
99638 51
99746 29
160 events for 4
76 21
1274 0
1593 21
1991 0
2093 16
2202 0
2289 11
3189 0
3190 20
3582 0
4297 19
4371 0
5209 21
5445 0
6184 17
7311 16
8384 0
8544 16
10240 0
10453 12
11817 0
12079 11
12264 0
12331 19
13871 0
14037 21
14045 0
14205 19
14283 0
14927 16
14984 20
15009 0
16527 12
16578 12
16629 0
17626 17
17816 16
18589 0
19544 21
20334 0
20403 21
20590 0
22170 21
22421 0
22589 19
22620 0
22994 12
26168 17
26216 0
27300 19
28013 0
28849 21
30777 0
31936 16
32474 0
33407 16
33851 0
34107 20
34441 0
34828 11
35704 21
35886 19
36052 20
36265 12
36302 0
36344 21
36727 0
37385 17
37420 0
38380 12
38731 21
38848 20
41109 0
41498 21
42042 0
42536 11
43118 19
44609 0
44716 21
45199 0
45831 19
45925 19
47342 19
49716 0
51157 16
52169 0
53872 20
53899 0
54752 17
54907 19
55320 0
55561 17
55941 0
56198 19
56302 0
56737 20
56865 0
56926 20
57056 0
58157 21
58686 0
59583 20
61287 0
61594 12
61838 0
61929 20
61949 0
62057 12
62216 0
62264 12
63732 0
64635 16
65881 0
66283 21
69330 0
70617 16
70826 0
71252 16
73111 0
73235 17
73527 0
74032 20
75784 0
76125 21
76563 0
76866 12
77058 0
78014 21
78692 0
78992 11
79011 16
79043 0
79625 17
82210 20
83239 0
84295 21
84808 0
85527 16
86607 11
86612 0
88534 21
88671 0
89010 21
91700 0
92651 12
93427 0
94056 21
94179 0
94246 12
94667 0
94941 20
95070 0
95581 21
96706 0
96738 12
97153 0
98261 11
98937 0
99803 12
99919 16
258 events for 5
19 79
1909 75
3038 79
3666 0
4123 76
4731 0
4839 75
4929 0
5639 75
5737 78
6024 0
8422 78
8642 0
8819 81
9063 0
9092 78
9319 0
9328 81
9493 0
10697 75
10973 0
10979 75
11014 0
11581 78
11992 81
13512 0
13582 81
13974 0
14211 81
14714 0
15345 76
15431 75
15699 0
16055 81
16115 0
16340 79
16356 0
16784 76
16815 0
16866 76
17168 0
18500 81
18549 0
18579 75
18848 0
19743 79
20288 79
20494 0
20569 79
20692 0
21477 79
21600 0
21776 79
21989 81
22704 0
22725 78
22737 0
22794 75
23152 81
24076 0
24306 79
24384 0
24496 75
25436 76
25560 0
25678 76
25772 79
26313 0
26643 75
26722 79
26896 76
26948 0
28895 81
28983 76
29600 79
29901 0
29913 75
30184 0
31192 81
31389 81
31529 0
32071 75
32591 0
32954 75
33293 0
34406 75
34521 0
35627 75
35687 81
36048 0
36062 81
36641 81
37031 75
37142 0
37813 75
38374 78
40044 79
41137 0
42223 75
42679 0
43090 79
43802 0
43931 79
44243 75
44287 0
44389 79
44882 0
45213 81
45311 0
46134 81
46302 0
46396 81
47032 0
47253 79
47478 0
47489 81
47855 0
47942 81
48195 79
48330 0
49419 81
50036 0
50142 75
50208 0
51178 76
51294 75
51851 0
52115 81
52122 0
53139 79
53156 76
54199 81
54602 0
54774 81
54796 0
56799 79
56871 78
58175 81
58470 0
59031 76
59202 0
59444 81
59506 0
60036 75
60081 0
60460 81
60900 0
61002 81
61307 0
61669 76
62006 79
62209 0
62331 75
62347 0
62372 75
62389 0
62545 75
62786 0
62908 75
63165 78
63313 0
63707 81
63884 0
63951 75
64217 81
64798 0
64977 76
65472 0
65527 76
65528 81
66142 0
66643 79
67100 0
67532 76
67832 0
69638 79
70061 0
70559 79
70739 0
70744 75
71085 0
71308 75
71820 81
72122 0
72230 79
72333 0
72596 78
73137 0
73660 76
74253 0
74578 81
74604 75
75993 0
76366 79
76652 0
77003 81
78221 0
78715 75
78834 0
79421 81
80086 75
80604 0
80739 81
80893 0
81273 75
82110 0
82150 78
82303 75
82517 75
83084 0
83264 78
83295 0
83431 79
83874 0
84104 81
84353 81
84641 0
85475 81
85587 78
85773 0
85924 78
86000 0
86133 76
86144 0
86214 81
86940 0
87402 81
87598 0
87604 76
88147 0
88191 81
89985 0
90414 79
90434 0
90710 75
90754 0
90779 81
90790 0
91069 81
91657 76
91850 0
92206 81
92285 76
92364 0
92728 81
93166 81
94075 0
94746 81
94762 0
94861 75
95172 79
95304 0
95650 76
96927 79
97228 0
99203 79
99511 0
99900 76
433 events for 6
49 73
957 0
1049 73
1131 86
1666 86
1669 0
1710 80
2335 0
2524 95
2563 0
2853 81
3020 0
3304 69
3594 0
3770 86
4234 0
4381 80
4389 0
4458 95
4504 73
4683 0
5268 69
5414 80
5484 86
5530 86
5669 86
5728 0
5826 86
5855 86
6149 0
6931 69
7014 0
7071 86
7162 0
7510 73
7597 0
7668 95
7856 0
8746 86
8947 95
8974 80
8992 0
9102 69
9564 70
9712 70
10548 0
10675 80
10716 0
10807 86
10816 0
10819 69
11191 95
11647 0
12117 95
12234 0
12868 95
12977 86
12986 0
13482 86
13572 0
13833 73
13949 0
14028 73
14054 69
14326 86
14623 0
15116 95
15164 0
15432 70
15712 0
17264 86
17458 86
18012 0
18129 81
18418 0
18543 95
18591 0
18751 86
19070 0
19347 95
19641 0
19982 69
20102 0
20391 69
20478 86
20510 0
20522 81
20580 0
20621 69
20842 0
21005 80
21372 0
21542 95
21800 0
22007 80
22023 81
22204 80
22526 95
22668 80
22675 0
22680 73
22939 86
23516 0
23606 70
24234 0
24613 95
24646 0
24697 86
24718 0
24982 70
24989 95
25086 0
25205 73
25476 0
25740 81
25834 86
25915 0
26083 80
26089 95
26104 0
26204 95
26531 0
26669 70
26730 0
27025 73
27275 0
27823 81
27860 0
27965 73
29373 0
29778 80
29918 0
30133 95
30140 0
30323 69
30348 0
30881 86
30933 80
31040 0
31205 86
31305 0
31429 86
31480 0
31816 73
32733 0
32751 86
32923 0
33300 73
33461 0
33611 69
33902 0
33997 73
34377 0
34398 81
34445 0
34462 86
34515 0
34656 70
34808 0
35256 80
35319 0
35429 69
35548 0
36276 95
36467 0
36542 95
36615 0
37102 95
37526 0
38294 69
38462 73
38857 0
38896 73
38926 0
39144 70
39376 70
39450 69
39739 0
39894 86
40339 0
40757 86
41138 0
41343 80
41679 69
41932 80
42051 0
42501 95
42949 0
43187 80
43752 95
43814 86
43958 0
44151 95
44178 86
44198 69
44403 0
44961 86
45331 0
45453 80
45762 0
45775 81
46707 0
48259 86
48271 0
49084 70
49233 86
49359 0
49635 81
49737 0
49775 69
50204 0
50343 86
50576 0
50714 73
50835 0
51189 86
51428 95
51553 86
51783 70
52301 0
52834 95
53221 0
53240 95
53592 80
53684 0
54097 86
54254 81
54588 81
54599 0
54783 95
54996 0
55147 86
55232 0
55302 70
55873 0
56193 86
56322 80
56500 73
56733 0
56828 80
57082 0
57363 73
58071 0
58505 95
58870 0
59208 73
60139 86
60179 0
60292 70
60369 0
60715 86
60721 0
60765 70
60925 0
61154 95
61695 0
61779 80
61847 86
62120 70
62251 0
62416 69
62433 0
62559 81
62579 0
62630 86
63016 0
63505 86
63573 70
63733 86
63774 0
63879 86
63950 0
64224 80
64559 0
64618 95
64707 0
64813 95
64830 95
65165 0
65360 73
65846 95
65980 0
66204 95
66679 0
66682 86
66695 95
66777 0
67319 73
67597 69
67618 86
67763 0
67832 73
67925 0
68219 95
68470 0
68606 80
68697 0
69002 73
69065 0
69162 95
69165 0
69171 86
69277 0
69538 80
69659 0
70064 69
70132 0
70438 70
71258 73
71330 0
71531 80
71613 0
71633 81
71634 0
71973 80
72295 0
72662 86
73162 73
73261 0
73702 73
73952 73
74093 0
74628 70
74652 0
74662 70
74949 69
74955 95
75098 0
75206 95
75212 0
75475 86
75655 0
75830 73
76034 0
76223 73
76274 0
76754 69
77147 69
77334 95
77442 0
77484 86
77544 95
77622 0
77821 69
78237 70
78491 86
78502 80
78652 86
78890 0
79563 80
79974 86
80030 69
80410 0
80424 86
81114 0
81714 69
81925 0
82242 70
82387 0
82605 95
82609 0
82615 81
83145 95
83719 95
83724 80
83817 0
84601 73
84799 0
84989 81
85028 0
85144 86
85203 0
85307 81
85336 0
85368 95
86299 0
86999 86
87273 0
87444 86
87497 0
87592 95
87835 0
87882 86
87960 0
88096 73
88643 0
88807 86
89187 86
89578 0
89605 95
89645 81
89697 0
89992 73
90052 73
90254 0
91204 70
91270 0
91283 95
91732 80
91845 80
91916 86
92042 0
92404 69
92733 0
92814 69
92869 81
92889 0
92981 73
92992 0
93046 95
93307 0
93333 70
93363 0
94046 86
94333 0
94470 81
94589 86
95620 0
95877 73
95906 81
96051 0
96170 95
96400 73
96567 0
96600 81
96858 0
97467 95
97593 0
98932 95
99244 86
99454 0
99501 95
99888 0
161 events for 7
429 57
548 0
3037 39
3490 0
4395 57
4636 39
4670 0
4713 39
5376 0
5945 57
6008 0
6647 57
7994 0
9333 57
9944 57
10067 57
10351 0
11349 57
11709 39
11725 0
11772 39
12170 57
13377 57
13601 57
15338 57
15427 0
15479 57
15511 0
15841 57
16325 0
16542 39
16835 39
16866 57
16978 0
17028 57
18203 0
18329 57
19815 39
20158 0
21520 39
21596 39
22254 0
23368 39
25161 39
26641 0
27019 39
28738 0
30934 57
31127 0
31686 39
32910 0
32933 39
33014 0
34375 57
34549 0
34766 57
35402 0
38565 57
39197 0
39675 39
39990 0
40369 57
41040 39
42193 0
42339 39
44063 0
44736 39
45375 0
46032 57
48550 0
51061 39
51069 0
51665 57
52706 0
53224 57
55418 0
55737 57
55961 0
58119 39
58813 0
60277 39
60401 0
61055 57
61776 0
62363 57
62590 0
63240 57
63592 0
63784 57
63844 0
64720 39
66311 0
66595 57
67677 57
68132 0
68539 39
68764 0
69637 39
69921 57
70106 0
70441 39
71363 39
71508 57
71525 0
71526 57
71772 0
71929 57
73450 0
73461 57
74142 57
74211 0
74844 57
75888 0
76401 57
77029 0
77717 39
77734 0
77870 39
78369 0
78371 57
78788 0
78907 57
78981 0
79385 39
79418 57
79528 0
80529 57
83780 0
84321 39
84774 39
85503 0
85571 39
85815 0
85849 39
86959 0
87801 39
87959 0
88143 39
88305 0
88629 39
88847 0
89942 57
90359 57
91053 57
91161 0
91163 39
91841 57
92826 0
93000 39
93407 0
94176 39
95975 57
96820 0
97139 39
97837 57
98193 39
98261 39
98449 39
98746 39
99017 0
99887 57
194 events for 8
558 68
2247 30
2707 0
3357 66
3419 0
3730 30
4745 0
5120 68
5697 0
6622 68
6959 0
7463 54
7788 0
7894 30
9981 0
10024 30
10066 0
10685 30
10738 68
10777 68
10977 0
11108 30
12115 0
12872 54
13015 0
13137 54
13399 0
13728 30
14254 0
14696 68
14841 0
15364 54
16302 0
16305 30
16488 54
16529 0
16614 54
16758 0
17149 68
19504 0
19776 66
20595 0
21231 54
21361 30
21755 0
22057 68
22371 0
22833 54
23148 68
23879 54
23921 66
24142 0
24508 54
25069 0
25083 66
25641 0
25644 68
25707 0
25713 30
25783 0
26579 54
27379 66
27456 0
27510 66
28230 0
28829 54
29717 0
30703 68
31445 0
32083 66
32205 0
32823 54
33036 0
33124 54
33679 30
33987 0
34656 54
34793 54
35566 0
36191 66
36718 68
37161 0
37586 30
37822 0
38055 54
38521 0
40727 30
40912 0
43890 54
44205 0
44872 66
45986 66
47007 0
47250 68
47331 0
47573 54
47772 68
48670 0
48814 30
49339 0
49922 68
50485 0
51485 30
52108 30
52501 0
52691 66
52718 66
52909 0
54218 30
54660 0
54763 68
54921 0
55176 66
55631 0
55840 68
56331 0
56616 66
58710 0
58880 30
58898 68
59195 0
59204 54
59844 0
60592 66
60856 0
62870 54
63473 0
63574 68
64332 0
64899 66
65898 54
65964 0
66481 66
68347 0
69497 54
69707 0
70448 30
70629 66
70836 68
71104 68
71227 0
72428 68
72679 0
73280 68
73541 0
73596 30
73823 0
74099 66
74641 0
75280 68
76164 66
77108 0
77601 66
78137 0
78199 68
80302 66
81177 0
81754 54
81849 0
84074 68
84499 0
84753 54
84913 0
86325 68
87123 0
87280 66
88203 30
88900 0
89074 30
89198 0
89252 66
91343 0
91482 30
91989 0
92087 68
92262 0
93058 68
93697 0
94243 30
94429 0
94777 68
94978 0
95275 66
95472 54
95584 0
96255 66
96599 30
97300 54
97680 66
97909 68
98355 54
99059 0
99413 54
99547 30
406 events for 9
7 63
128 0
190 42
470 0
528 53
778 0
879 17
1101 0
1307 63
1344 0
1564 53
1905 26
2128 0
2331 61
2414 0
2436 53
2548 0
2688 63
3374 0
3702 64
4440 0
5398 17
5502 26
5982 0
6539 64
7055 0
7121 39
7510 0
7729 39
7769 39
7820 17
7909 0
7951 17
8242 0
8246 63
8434 17
8612 0
9174 63
9189 0
9315 17
9652 53
10138 64
10286 0
10717 39
11438 0
11501 39
11651 0
11750 17
11875 0
12135 17
12731 17
12985 0
14170 17
14405 0
14638 39
14836 0
15020 26
15212 0
15579 42
15664 0
15752 42
16144 39
16225 0
16525 39
17060 26
17068 0
17095 39
17253 39
17593 63
17607 0
18181 43
18429 0
19210 61
19218 0
19327 61
19629 0
19648 42
20285 53
20558 0
20602 17
20721 0
21002 63
21272 26
22031 0
22151 61
22513 26
22635 0
22866 64
23076 43
23143 0
23373 17
23573 0
23762 17
23778 0
23785 63
23921 39
24089 0
24419 61
24715 0
24942 64
24967 17
25320 0
25487 17
25586 0
25719 17
25824 0
25922 17
26604 42
26666 0
26713 17
26815 0
27138 17
27824 43
27964 61
28024 53
28424 53
28720 64
29518 0
29881 39
30018 61
30043 17
30083 0
30128 43
30340 0
30848 63
30993 61
31546 0
31682 61
31701 0
31859 42
31871 0
32941 63
33587 0
33857 39
34143 0
34181 61
34213 64
34264 0
34366 17
34441 0
34597 43
34714 39
34985 0
35599 17
36638 0
36937 39
37141 0
37169 26
37174 17
37232 0
37263 17
37313 0
37364 26
38000 17
38785 0
39005 42
39032 0
39295 17
39318 0
39415 43
39510 0
39702 39
39770 0
40023 42
40422 0
40925 43
41262 0
41914 61
41961 0
42264 64
42277 0
42579 43
43795 17
43995 43
44953 0
45178 39
45455 53
45526 0
45533 64
45923 0
46129 63
46650 43
46951 0
47182 53
47277 17
47553 0
47696 43
47698 0
47709 64
47825 0
48516 42
48871 0
49335 53
49609 0
49872 42
49909 0
50495 42
50535 0
51333 63
51524 0
52092 63
52223 61
52384 0
52653 53
52659 0
52815 43
53685 0
53800 17
53998 17
54017 0
55067 17
55565 0
55747 17
56312 43
56444 42
56733 0
56776 17
57127 0
57328 43
57387 42
58053 0
59163 63
59200 0
59312 39
59342 0
59552 64
59564 0
59706 39
60355 0
60444 17
60475 26
60555 0
60561 63
61113 0
61171 43
61423 0
62146 61
62277 39
62880 0
63260 63
63304 17
63355 0
63367 63
63731 64
63855 17
63899 0
64242 26
64394 17
64425 0
64531 53
64884 26
65204 39
65246 0
65258 39
65459 0
66113 61
66348 17
66382 17
66394 0
66412 17
66463 0
67121 43
67700 0
67855 63
68137 0
69079 61
69203 0
69429 43
69543 0
69715 53
69726 0
69925 39
69946 0
70280 17
70369 0
70501 53
70826 53
70944 0
71384 63
71497 39
71583 63
71915 0
72011 64
72215 0
72482 61
72745 0
72900 64
73010 0
73852 63
74386 0
74694 43
75180 0
75185 17
75254 0
75280 43
75353 26
75389 0
75683 64
76042 63
76095 0
76183 17
76390 0
76510 26
77049 0
77688 17
77767 0
78023 43
78288 0
78372 17
78391 0
78595 26
78760 0
79170 17
79188 17
79298 0
79313 39
79435 53
79526 0
79528 63
79648 0
80110 17
80247 43
80331 0
80440 53
80473 0
80870 53
81040 0
81068 26
81079 0
81200 17
81237 0
81320 43
81412 0
81753 17
81763 0
82424 61
82605 0
82946 53
83315 39
84310 17
84341 0
84432 17
84527 61
84939 0
85116 26
85184 0
85190 39
85219 0
85362 61
85425 0
85484 42
85723 63
85914 0
86688 53
86890 53
87109 0
87261 26
87280 0
87421 43
87475 0
87546 42
87938 0
89076 61
89543 39
89639 0
89919 64
90131 0
90142 43
90334 0
90370 61
90391 0
90469 17
90773 0
91347 42
91510 0
91623 26
92288 0
92557 39
92681 0
92693 43
92946 0
92966 61
93392 43
93461 0
93644 64
94078 42
94418 0
95148 42
95374 0
95395 63
95483 64
96357 0
97029 64
97139 0
97621 39
98026 0
98087 64
98681 0
98754 17
99007 0
99115 53
99439 64
99580 0
99608 43
99685 0
99840 39
692 events for 10
101 47
249 47
251 44
348 0
473 44
856 0
928 34
989 0
1320 44
1464 34
1714 34
1805 0
1899 44
1970 83
2155 0
2199 47
2268 0
2353 34
2660 0
2742 47
2863 0
2900 47
2942 0
3044 47
3214 0
3243 47
3326 44
3553 0
3597 83
4074 0
4128 83
4223 0
4697 62
5106 0
5122 44
5224 43
5336 0
5614 34
5630 0
5741 44
5760 62
5762 0
5784 34
6021 0
6152 43
6178 43
6340 43
6395 62
6617 0
6802 34
6919 34
7011 0
7132 34
7161 0
7241 83
7479 0
7489 83
7596 0
7692 83
7895 0
7996 44
8182 0
8563 47
8625 0
9044 44
9193 62
9571 0
9617 62
9715 0
9804 47
10044 0
10117 47
10365 62
10572 0
10676 62
10757 0
10833 34
11278 0
11376 43
11854 0
12016 83
12176 0
12203 62
12295 0
12333 44
12439 34
12444 0
12648 43
12746 43
12773 0
13165 34
13315 0
14263 47
14499 0
14556 34
14581 0
14767 34
14770 0
14827 62
14946 83
15171 0
15370 44
15545 43
15697 0
15857 47
16008 0
16101 43
16585 83
16593 47
16627 34
16781 0
16818 62
16861 0
17151 83
17352 0
17451 83
17492 0
17633 34
17895 0
17938 44
18228 0
18539 83
18735 0
18845 34
19097 0
19191 83
19202 62
19261 34
19263 0
19820 34
19922 47
20011 0
20032 44
20110 0
20206 83
20272 0
20341 44
20558 0
20579 44
20707 47
20876 47
20892 44
20971 83
21059 34
21139 47
21288 0
21467 43
21533 34
21598 0
21629 47
21660 0
21713 34
22071 43
22081 0
22119 83
22350 0
22419 44
22691 0
22858 34
22936 0
22976 44
23262 0
23297 44
23349 0
23356 62
23550 0
23641 62
23791 0
23992 43
24030 0
24251 34
24419 0
24667 47
24792 62
25001 0
25238 34
25254 0
25443 34
25588 0
25788 44
25836 0
26100 34
26209 44
26770 0
26991 44
26993 0
27156 34
27299 0
27384 83
27472 62
27687 0
27903 44
27994 0
28055 34
28485 0
28522 83
28936 47
29027 47
29089 0
29134 47
29178 34
29309 0
29383 44
29735 0
29750 47
30367 0
30418 83
30586 43
30733 34
30782 0
30835 34
30850 0
30899 47
30900 0
30916 34
30933 0
30954 83
31222 0
31308 34
31338 44
31904 0
31941 43
32238 44
32334 0
32372 44
32434 34
32492 0
32505 83
32699 0
32935 83
33018 0
33084 43
33112 0
33233 62
33311 0
33346 47
33519 83
33854 0
33858 44
34326 0
34328 83
34617 0
34623 43
34825 47
34830 62
34875 0
34890 34
35020 34
35243 0
35501 44
35559 0
35622 43
35688 0
35781 47
35816 0
36167 44
36452 47
36483 0
36589 43
36604 0
36736 34
36815 43
36893 0
36917 83
37207 0
37260 44
37579 44
37689 0
37692 34
38027 83
38093 83
38142 0
38198 43
38280 0
38312 34
38387 0
38619 43
38950 83
39421 0
39467 62
39478 44
39735 0
39843 62
39855 44
39939 0
40538 43
40610 0
40646 83
40702 0
40723 34
40913 34
40987 0
41018 62
41032 0
41077 83
41112 47
41118 0
41150 47
41211 47
41249 47
41302 0
41401 44
41716 0
41841 83
41986 0
42197 83
42228 0
42266 43
42323 34
42467 43
42541 0
42582 34
42834 0
42983 83
43026 43
43185 0
43213 43
43222 83
43586 0
44509 62
44510 0
44813 62
44820 0
44827 47
44883 0
44936 83
44943 0
45043 44
45503 34
45660 0
45718 44
45738 0
45913 47
46006 34
46049 0
46081 62
46355 0
46774 43
46912 0
46949 83
46958 0
47135 44
47750 0
47977 83
48209 0
48213 34
48253 0
48330 47
48389 0
48433 62
48546 47
48556 0
48726 62
48815 0
48908 43
48938 0
49249 34
49315 0
49371 43
49412 62
49455 0
49463 43
49799 0
49946 62
49950 43
50144 0
50307 62
50337 47
50350 34
50403 0
50583 43
50903 0
51206 83
51218 0
51223 34
51362 44
51940 83
52458 0
52947 47
53483 44
54076 0
54087 44
54187 0
54193 44
54347 0
54384 34
54685 83
54792 0
54921 43
55069 0
55089 44
55115 47
55162 0
55227 83
55310 43
55590 62
55599 0
55783 47
55792 0
55978 43
56393 0
56417 83
56484 62
57224 62
57339 0
57350 44
57464 0
57560 62
57668 0
57930 47
57942 0
58021 83
58092 0
58399 34
58425 34
58817 0
58965 62
58995 0
59117 47
59232 44
59281 0
59388 47
59557 62
59562 0
59822 44
60078 0
60232 83
60295 43
60454 47
60489 0
60614 83
60665 0
60760 43
60807 43
60968 0
61037 62
61206 0
61313 83
61409 0
62030 62
62037 62
62244 43
62408 0
62416 47
62713 0
62913 43
63023 62
63117 0
63350 44
63524 44
63849 83
63929 47
63998 0
64107 43
64120 0
64122 62
64136 47
64239 0
64293 47
64541 0
64724 83
64733 0
64891 47
64947 0
65059 43
65061 0
65489 44
65545 0
65605 44
65651 0
65693 62
66230 0
66529 47
66537 62
66676 0
67108 47
67351 0
67864 62
67988 0
68010 34
68128 0
68466 44
69027 0
69165 44
69573 34
69586 0
69924 44
69990 34
70299 0
70328 44
70345 0
70606 47
70669 0
70810 44
70830 47
71206 0
71364 62
71518 0
71538 34
71545 0
71600 62
71865 0
71889 44
72210 0
72543 83
72645 0
72760 34
72855 0
72905 43
73132 0
73318 43
73478 0
73595 44
73621 44
73835 0
73854 34
73899 83
73960 0
73964 43
73985 47
74010 0
74090 43
74306 0
74376 62
74799 0
75077 47
75433 34
75568 0
76317 83
76353 44
76578 0
76759 47
77076 0
77252 44
77256 0
77307 83
77323 0
77471 44
77831 34
77927 0
77931 44
77996 0
78174 62
78433 0
78625 34
78886 0
78992 83
79023 83
79337 0
79381 83
79503 0
79924 43
79948 83
80091 34
80134 0
80201 44
80503 62
80572 47
80614 0
80800 83
81111 0
81330 44
81449 0
81804 47
81998 0
82131 43
82206 0
82303 34
82675 43
82780 0
82809 47
82885 0
82991 47
83179 0
83235 83
83248 0
83375 34
83514 83
83625 0
83646 47
83820 0
83864 34
84119 0
84159 44
84160 0
84561 43
84562 47
84594 34
84622 0
84892 62
84923 0
84929 43
84964 0
85162 43
85450 0
85545 47
85687 0
85961 62
86244 0
86293 62
86350 0
86404 47
86899 0
87083 44
87352 0
87412 62
87446 0
87453 34
87469 0
87832 47
88258 44
88343 0
88418 83
88430 0
88865 43
88900 0
88929 44
88954 0
88970 47
89007 0
89190 62
89350 0
89423 43
89664 83
90135 0
90440 62
90748 0
90787 43
90831 0
91132 34
91215 0
91320 34
91491 0
91593 44
91600 0
91706 62
91758 0
91846 83
92045 43
92047 0
92265 62
92273 0
92283 83
92370 0
92413 44
92521 0
92796 83
93251 0
93424 83
93500 43
93530 0
93736 44
93743 0
94065 83
94096 43
94108 0
94278 83
94530 0
94648 62
94817 83
94880 47
95057 0
95577 47
95598 0
95635 44
95719 0
95819 43
96455 0
96575 83
96617 0
96635 83
97121 0
97156 83
97216 0
97669 44
97693 0
97718 34
97802 0
98016 83
98289 0
98404 62
98417 0
98427 44
98752 0
98758 47
99256 0
99273 62
99349 0
99583 62
99757 44
99801 44
99885 0
903 events for 11
89 69
239 0
250 63
385 0
418 69
716 0
798 69
909 0
1039 69
1088 0
1296 63
1316 0
1448 62
1574 0
1766 69
1831 0
1860 69
2236 0
2472 63
2685 0
2723 62
2767 0
2783 69
3061 0
3068 62
3191 0
3274 69
3688 0
3807 62
3812 62
3831 69
4233 0
4556 63
4787 0
4823 63
4907 0
5126 62
5192 0
5213 69
5377 0
5411 69
5430 0
5446 62
5467 0
5518 62
5648 69
5688 69
5697 0
5745 69
5928 0
5944 62
6064 0
6248 69
6470 62
6818 0
6939 62
6986 69
7087 0
7341 62
7343 0
7437 69
7450 0
7530 69
7544 0
7704 69
7751 0
7774 63
7820 0
7983 62
8222 63
8293 0
8415 62
8599 69
8986 0
9052 63
9104 0
9109 63
9199 0
9543 69
9609 0
9625 69
9698 0
9775 62
9780 0
9810 69
9848 0
9868 63
9900 0
10054 62
10292 0
10378 69
10561 0
10567 62
10633 63
10696 0
10702 69
10774 63
10800 0
10928 69
11034 69
11147 0
11149 69
11402 0
11412 62
11485 62
11488 0
11496 69
11689 0
11832 69
12050 0
12109 69
12167 0
12547 62
12682 0
12732 69
12830 0
12933 69
13104 0
13177 62
13212 0
13287 69
13307 0
13334 69
13417 69
13526 0
13541 62
13591 0
13734 69
13906 0
13923 63
13956 0
13975 69
13989 0
14052 69
14090 0
14108 69
14214 0
14307 69
14325 0
14343 62
14380 62
14491 69
14518 0
14582 62
14620 0
14698 69
14759 0
14876 62
15051 0
15057 69
15149 0
15226 69
15242 0
15316 69
15419 69
15512 0
15786 69
15897 0
15951 69
16101 62
16206 0
16390 69
16534 0
16615 69
16689 69
16718 69
17124 0
17352 63
17413 0
17491 69
17608 69
17790 0
17807 63
17854 69
18043 69
18045 0
18128 62
18154 0
18174 69
18441 62
18483 62
18569 0
18742 69
18856 0
18886 62
18927 0
18974 69
19121 0
19306 69
19415 0
19423 63
19490 69
19514 0
19535 69
19607 0
19706 69
19727 0
19782 62
19835 0
19936 69
19977 0
20089 62
20098 0
20117 62
20250 0
20492 63
20617 0
21320 69
21366 69
21545 0
21781 69
22399 0
22422 69
22444 0
22502 62
22633 69
22857 62
23056 0
23191 63
23257 0
23298 69
23488 0
23742 63
23864 63
23936 69
23996 69
24062 0
24074 63
24262 0
24304 69
24359 0
24407 69
24537 0
24559 69
24664 69
24777 62
24792 63
24818 0
24867 62
24940 0
25011 62
25192 0
25199 63
25535 69
25585 0
25657 69
25821 69
25874 0
25990 69
26173 63
26532 0
26553 62
26772 0
26935 69
26962 0
26993 69
26994 0
27096 69
27245 0
27561 69
27812 0
27832 69
28027 62
28112 69
28125 69
28142 0
28151 62
28375 0
28397 62
28529 69
28620 0
28804 69
28881 0
29082 69
29095 0
29162 69
29198 0
29266 62
29441 0
29458 69
29533 0
29646 63
29880 0
29960 69
30055 0
30098 62
30217 0
30243 62
30255 0
30395 69
30563 62
30629 0
30654 69
30697 0
30702 69
30733 0
30764 69
30812 0
30862 63
30928 0
30961 62
31010 0
31018 63
31268 0
31428 69
31442 69
31686 0
31856 69
31904 69
32108 69
32245 62
32303 69
32441 0
32458 62
32612 0
32795 69
32979 0
32981 69
33166 63
33410 0
33505 63
33594 69
33749 0
33763 69
33815 0
34253 69
34281 0
34366 69
34401 0
34518 69
34645 0
34731 63
34918 0
34977 63
35009 0
35029 63
35073 0
35088 69
35490 0
35540 63
35571 0
35785 63
35792 0
36249 69
36438 0
36445 69
36484 62
36591 63
36696 62
36719 0
36912 69
36961 0
36965 62
37062 0
37342 69
37789 69
37820 0
37860 69
37937 69
38148 0
38196 69
38405 69
38542 0
38570 69
38654 63
38979 0
39286 62
39694 0
39705 69
39716 0
39984 69
40012 0
40047 62
40083 0
40088 62
40141 0
40239 69
40342 0
40391 62
40569 62
40781 69
40790 0
40980 62
41005 0
41122 69
41149 0
41165 63
41296 0
41370 69
41397 0
42133 62
42144 69
42228 0
42246 69
42318 0
42415 62
42461 0
42476 69
42565 63
42617 0
42752 69
42754 0
43231 63
43507 69
43593 0
43772 69
43792 0
43826 69
43838 62
43876 62
43941 69
44051 0
44074 69
44077 62
44100 0
44142 62
44398 0
44422 62
44886 63
45015 0
45070 69
45115 0
45157 62
45178 69
45203 62
45292 69
45329 69
45402 0
45756 69
45998 69
46269 0
46291 63
46370 62
46410 0
46498 69
46974 69
47188 62
47529 0
47599 69
47648 0
47651 69
47697 0
47802 69
47831 0
47910 62
47957 0
48281 63
48670 0
48791 69
48905 0
48964 69
48998 0
49111 69
49147 0
49457 69
49473 0
49518 69
49694 0
49842 63
49890 0
49913 62
50035 0
50114 69
50226 0
50229 62
50366 69
50391 69
50418 0
50435 62
50537 0
50759 62
50761 0
50846 69
50935 69
51099 0
51197 63
51198 0
51219 63
51235 63
51242 0
51250 69
51322 0
51395 69
51471 0
51485 63
51560 0
51709 62
51894 0
51907 63
51929 0
51979 62
51999 69
52209 0
52313 62
52378 0
52588 63
53010 0
53035 63
53119 0
53449 63
53556 0
53684 63
53801 0
53827 62
53891 69
53921 0
53953 69
54117 0
54564 69
54656 0
55210 62
55222 69
55240 0
55270 69
55355 0
55396 69
55449 62
55548 0
55728 62
56129 0
56461 63
56489 63
56534 0
56617 69
56765 0
56766 62
56831 0
56867 63
56960 0
56978 63
56987 0
57040 69
57287 0
57530 69
57638 0
58577 69
58724 0
58835 69
58925 0
58954 69
59008 0
59553 69
59698 0
59756 62
59898 0
60084 69
60106 69
60683 69
60701 69
60812 0
60938 62
60950 0
60959 69
60971 0
61055 63
61092 0
61226 62
61429 0
61473 69
61476 62
61530 0
61712 63
61744 0
61780 63
61998 69
62187 69
62198 0
62208 62
62435 0
62564 69
63138 69
63173 0
63215 62
63327 0
63455 69
63622 62
63753 63
63878 69
63997 69
64108 0
64141 62
64247 0
64300 62
64336 0
64337 63
64443 0
64614 69
64757 0
64788 69
64909 0
65122 69
65362 69
65579 0
65729 69
65882 0
66235 69
66315 0
66606 63
66728 0
66734 69
66792 63
66938 69
66946 62
67031 62
67199 0
67262 63
67274 0
67276 62
67436 0
67444 69
67608 0
67695 62
67912 0
67952 69
68036 0
68319 63
68533 0
68593 62
68609 0
68624 63
68794 0
68866 69
68906 0
68995 69
69181 69
69259 62
69275 0
69284 69
69303 0
69309 62
69318 0
69385 69
69665 0
69751 69
69794 0
69797 62
69824 0
69828 62
69861 0
69917 69
69924 0
70381 69
70693 0
70698 69
70821 69
71450 0
71479 62
71515 69
71521 0
71594 69
71603 69
71886 63
71936 0
72149 63
72214 69
72258 69
72380 62
72494 69
72512 0
72773 62
72785 0
72926 62
72966 63
73116 0
73335 62
73377 0
73418 63
73817 0
74052 63
74111 63
74144 0
74221 63
74226 0
74408 69
74565 69
74596 0
74652 69
74653 0
74701 69
74769 62
74844 0
75175 63
75414 0
76164 62
76177 0
76200 69
76217 0
76329 63
76345 0
76410 62
76583 0
76724 62
76892 0
77001 63
77035 69
77148 0
77250 63
77313 0
77343 69
77411 0
77547 69
77550 0
77738 62
77795 0
78041 62
78107 0
78122 63
78349 0
78362 69
78369 0
78386 63
79118 0
79370 62
79392 69
79411 0
79708 69
79840 0
79910 63
79967 0
80018 69
80021 0
80335 69
80417 0
80480 69
80595 0
80598 63
80710 0
80747 69
80790 0
80795 69
80965 0
81002 62
81095 0
81331 63
81394 0
81397 63
81421 0
81501 63
81846 63
81869 0
81879 69
82003 0
82114 69
82136 0
82202 69
82277 0
82611 63
82640 0
82826 62
83034 69
83039 0
83167 69
83179 69
83338 0
83782 69
83848 0
83885 69
84067 0
84137 69
84228 69
84566 62
84574 0
84602 62
84621 63
84704 0
84771 62
85067 0
85106 63
85127 69
85541 63
85626 69
85701 0
85777 69
85782 0
85918 69
86146 0
86165 62
86424 63
86462 0
86533 69
86562 0
86715 63
87063 63
87343 0
87938 69
88046 62
88128 0
88206 69
88310 0
88536 63
88566 62
88809 69
88857 69
89055 0
89127 62
89239 0
89361 62
89500 0
89507 69
89559 0
89582 69
89672 69
89688 62
89731 0
90166 63
90318 69
90357 0
90419 69
90723 63
90804 0
91017 69
91022 62
91045 0
91239 62
91254 0
91387 69
91639 0
91654 63
91663 62
91778 0
91888 69
91996 0
92226 69
92299 0
92304 69
92528 62
92541 0
92596 63
92724 0
92789 62
92840 69
92893 0
92922 69
93071 0
93299 63
93308 0
93327 62
93502 0
93562 62
93608 0
93725 69
93765 0
93845 69
94112 0
94128 69
94162 0
94175 63
94317 0
94557 69
94625 0
94679 69
94681 0
94745 69
94849 63
95226 0
95315 69
95380 0
95543 62
95659 69
95660 0
95819 69
95951 0
96016 69
96067 62
96128 63
96132 69
96156 0
96160 69
96188 0
96269 69
96277 62
96278 0
96334 69
96386 0
96521 62
96537 0
96632 69
96647 0
96741 69
96888 0
96956 62
97077 63
97248 69
97264 0
97349 63
97351 0
97504 63
97545 62
97685 62
97797 0
98334 69
98356 69
98544 0
98742 69
98801 0
98909 69
98914 0
98963 69
99110 0
99164 69
99232 0
99762 63
99782 0
332 events for 12
164 90
177 0
290 70
1164 0
1661 90
2059 0
2611 70
3177 0
3743 70
3863 0
4634 90
5846 0
5987 89
6117 70
6804 0
6867 90
7403 0
7689 90
7959 0
8160 70
8225 0
8684 90
8805 0
8807 89
8831 0
9205 70
9438 0
9778 90
9779 0
10579 89
10936 90
11905 0
13071 70
13312 0
13724 70
13798 0
14292 70
14537 0
14632 70
14936 0
15603 70
15870 0
16019 89
16046 90
16140 0
16158 89
16357 0
17012 90
17494 0
17691 89
17935 0
18010 89
18459 70
18638 0
19550 70
19659 70
19812 0
20596 70
20715 0
20909 89
21091 0
21798 89
21906 0
22123 90
22133 0
22144 70
22146 0
22467 90
22790 90
22892 90
23157 70
23400 70
23454 70
23481 0
23785 90
24410 0
25355 90
25702 90
25714 0
26155 90
26507 0
26523 90
26652 90
26698 0
26740 90
26806 0
26843 89
27227 0
27431 70
27995 0
28256 90
28708 0
28749 90
28809 89
29591 0
29734 70
29802 0
29865 90
30109 0
30591 90
30847 0
31026 70
31062 0
31605 90
31661 89
31695 0
31755 89
31812 0
32144 89
33302 0
33554 70
33783 0
34704 70
34743 89
34988 70
35142 89
35437 0
35467 70
35792 0
35913 89
36058 0
36234 70
37327 0
37337 70
37828 90
38045 89
38619 90
39273 70
39914 0
40223 90
40662 0
40828 70
41035 70
41128 0
42099 89
42150 90
42807 0
42827 90
43214 0
43360 70
43428 70
43457 90
43613 90
43904 0
43994 89
44003 0
44254 90
44442 0
44876 89
44893 0
44915 90
44932 90
45033 0
45060 89
45112 0
45141 89
45471 0
46068 90
46104 90
46221 0
46354 90
46574 90
46759 0
46886 90
47598 0
48089 90
49050 0
49498 89
49716 0
49773 90
49878 0
50755 90
50899 0
51311 70
51376 0
51400 89
51624 90
51626 70
52149 0
52279 89
52794 0
53183 89
53392 89
53455 0
53538 89
54400 0
54476 90
54734 89
54761 0
54865 70
55096 0
55400 70
55733 0
55751 89
55986 0
56046 89
56797 0
57195 90
58219 0
58346 90
58424 0
58768 90
58909 0
58911 89
58922 0
59022 89
59165 0
59455 70
59772 70
60935 0
61229 90
61486 0
61523 89
61556 89
61664 70
63320 0
63555 89
63792 0
63980 89
64074 0
65929 90
66981 0
67302 90
68488 0
69131 70
69341 0
69882 90
70068 89
70871 0
71022 89
71133 90
71891 0
71966 90
72122 0
72829 70
72882 0
73559 90
74043 0
74283 89
74669 0
75002 90
75862 0
76623 70
76746 0
77348 90
77637 0
77659 90
77938 0
77947 89
78051 70
78338 89
78433 0
78743 89
79097 0
79377 70
79721 0
80480 70
80687 89
80742 0
80890 70
81033 0
81516 70
81830 0
81887 70
82627 0
82646 89
82673 70
82903 89
83110 0
83171 70
83508 0
84429 90
84602 0
84796 89
85030 0
85071 89
85094 90
85439 0
85538 89
85730 0
85736 89
85893 0
86070 70
86221 0
87177 70
87314 0
87984 89
88086 0
88199 89
88443 0
88698 89
88739 0
88870 90
88917 0
89172 90
89190 70
89432 0
89556 70
89866 0
90297 90
90410 0
90502 70
90693 0
90932 90
91770 90
91806 0
92117 90
92168 0
92603 89
92735 0
92935 70
94066 89
94304 0
94541 70
94552 70
94679 0
94727 90
95039 0
95623 89
96055 0
96111 89
97495 0
97884 89
97967 0
98551 90
98573 70
98627 0
98715 70
98934 89
98951 0
99050 90
99591 89
957 events for 13
37 82
302 0
307 83
485 0
528 85
548 83
589 83
623 0
975 76
1103 0
1223 76
1247 82
1277 83
1413 0
1546 76
1585 0
1621 83
1720 0
1974 76
2136 0
2213 85
2557 76
2563 0
2693 83
2856 0
2875 85
3067 82
3432 0
3472 76
3683 82
3776 82
4047 0
4070 83
4089 0
4117 83
4122 0
4290 83
4386 0
4421 83
4512 0
4676 85
4752 0
4859 76
4987 0
5135 76
5147 0
5181 76
5732 0
6309 85
6318 83
6417 0
6574 85
6821 83
6993 76
7071 82
7074 0
7249 76
7481 0
7936 83
8064 0
8111 82
8132 82
8155 0
8234 85
8385 82
8582 82
8725 0
8829 83
9135 0
9243 82
9255 0
9364 76
9544 0
9571 82
9601 76
9663 0
9750 76
9757 0
9780 85
9971 0
10266 85
10293 0
10458 76
10519 0
10648 85
10710 83
10747 0
10802 82
10979 0
11002 76
11205 0
11359 85
11390 0
11458 76
11500 76
11763 0
11843 76
11918 0
12151 76
12152 83
12216 0
12381 76
12386 0
12424 82
12452 0
12962 83
12981 0
13068 76
13111 0
13142 76
13220 0
13654 76
13830 0
13993 83
14152 76
14160 0
14240 83
14298 0
14368 85
14423 85
14438 0
14570 83
14650 0
14663 85
14686 0
14781 85
14891 0
15006 85
15037 0
15329 76
15498 0
15597 83
15647 0
15840 85
15960 0
16037 76
16233 83
16258 83
16464 0
16468 82
16596 85
16626 76
16660 0
16806 83
16928 0
17060 83
17096 0
17178 82
17301 0
17393 82
17471 0
17540 83
17552 0
17675 85
17701 0
17766 76
17975 0
18059 76
18207 0
18421 83
18434 0
18501 76
18505 0
18581 82
18783 0
19111 82
19134 82
19215 76
19312 0
19357 85
19436 76
19566 0
19646 83
19801 0
19990 83
20061 0
20103 85
20251 0
20343 82
20347 0
20391 76
20439 0
20452 76
20472 0
20592 82
20644 0
20702 82
21227 85
21270 85
21342 0
21569 76
21570 0
21798 76
21875 0
21955 85
21956 85
21980 85
22144 0
22186 76
22194 0
22214 82
22215 83
22267 0
22317 85
22361 0
22505 83
22511 0
22513 76
23097 76
23317 0
23659 76
23751 76
23770 0
24207 76
24468 0
24526 83
24654 0
24682 76
24752 0
24968 83
25011 0
25101 83
25336 0
25425 83
25586 0
25772 76
25880 76
25931 82
26118 0
26347 83
26601 0
26769 76
26888 0
26955 76
27144 0
27187 76
27302 0
27350 82
27402 0
27709 76
27727 0
27860 76
27862 0
27875 83
28017 0
28200 85
28449 0
28718 83
28764 0
28776 76
28938 0
29172 76
29235 0
29267 83
29274 0
29283 76
29474 0
29593 76
29769 0
30052 82
30070 83
30084 0
30171 76
30431 0
30454 76
30467 0
30473 76
30499 0
30558 83
30667 0
30982 83
31100 83
31458 0
31544 76
31589 0
31697 76
31761 0
31779 83
31796 76
31871 0
31960 83
32007 0
32148 83
32153 0
32164 82
32391 0
32459 82
32532 0
32569 83
32866 0
32979 76
32996 76
33114 0
33187 76
33355 0
33382 76
33432 0
33440 83
33644 83
33678 85
33773 85
33946 85
33954 82
33955 0
34063 85
34228 76
34253 0
34288 83
34311 0
34472 76
34496 0
34533 76
34554 76
34918 0
35132 83
35340 0
35362 76
35453 85
35612 85
35680 0
35726 76
35885 76
35941 76
36354 76
36460 0
36700 76
36751 0
36774 85
36831 0
36835 85
36870 0
37009 82
37077 0
37079 83
37088 83
37170 83
37284 0
37303 83
37320 0
37502 76
37504 83
37530 0
37583 76
37682 76
37940 0
37992 83
38169 0
38191 76
38342 0
38377 83
38399 0
38521 85
38611 82
38771 0
38939 76
39012 0
39227 83
39415 0
39711 83
39886 0
39919 83
40005 76
40015 76
40019 0
40112 76
40233 85
40265 0
40509 85
40515 0
40524 83
40547 0
40821 83
40849 0
40997 82
41003 76
41291 0
41401 76
41426 0
41506 76
41583 0
41600 82
41721 76
41892 82
41947 0
41955 83
42109 0
42130 82
42172 0
42320 83
42373 0
42440 83
42644 0
42728 83
42755 0
42903 85
43005 0
43016 76
43112 85
43183 0
43227 83
43304 0
43355 76
43365 0
43431 85
43632 76
43762 0
43788 76
43878 0
44070 82
44162 76
44267 85
44366 0
44479 83
44508 83
44521 0
44532 76
44637 0
44738 83
44782 0
44799 85
45011 0
45173 83
45366 0
45511 82
45579 0
45729 83
45827 76
45974 0
46092 85
46151 0
46201 76
46286 76
46560 0
46571 76
46723 0
46976 85
46992 0
47079 85
47321 0
47370 76
47549 0
47723 85
47946 0
48067 83
48181 76
48372 0
48387 85
48480 0
48513 76
48536 83
48578 0
48589 76
48677 76
48801 0
48929 76
48986 76
49024 82
49170 0
49179 76
49182 83
49226 0
49488 76
49803 0
49877 76
49965 0
50047 82
50137 0
50189 76
50223 0
50347 83
50451 0
50462 85
50684 0
50884 76
50998 0
51011 82
51199 0
51347 76
51447 0
51564 82
51644 0
51823 76
51860 0
51982 76
52102 0
52294 76
52574 83
52648 0
52658 76
52684 0
52977 76
53052 82
53450 0
53519 85
53593 0
53655 83
53733 0
53747 82
53903 0
53917 83
54043 0
54054 82
54124 0
54202 85
54378 76
54391 0
54435 85
54619 0
54654 82
54750 0
54980 83
55139 76
55203 76
55464 85
55903 0
55966 76
56094 0
56169 76
56170 76
56291 0
56332 76
56355 0
56790 76
56805 76
57070 0
57170 76
57423 0
57437 83
57530 0
57655 82
57664 0
57845 85
57921 76
57928 0
58027 83
58073 85
58126 82
58233 0
58337 76
58394 0
58409 85
58556 0
58644 83
58767 0
58845 83
58924 82
58936 82
58940 0
59063 76
59221 82
59262 0
59301 83
59358 82
59421 76
59494 0
59550 83
59559 0
59612 76
59985 0
60042 76
60147 0
60267 82
60310 0
60364 83
60491 82
60756 83
60758 0
60889 85
60993 76
61039 0
61128 82
61157 0
61199 82
61521 0
61525 85
61882 0
61886 76
61920 0
61927 76
61937 0
62126 82
62305 0
62345 76
62512 82
62598 0
62642 83
62766 76
62814 0
62891 76
63040 0
63230 83
63296 0
63315 82
63454 76
63566 0
63666 76
63694 0
63775 82
63863 0
63879 76
63989 0
63992 83
64003 0
64119 83
64448 0
64531 85
64542 76
64568 0
64602 76
64636 0
64675 83
64712 76
64843 0
64933 83
65017 76
65030 0
65089 76
65241 0
65322 76
65371 83
65519 0
65679 83
65746 0
65751 85
65838 0
65890 85
65989 76
66066 0
66148 82
66155 0
66181 76
66345 83
66360 0
66376 85
66635 0
66674 83
66830 0
66891 76
66944 0
67128 82
67174 0
67269 85
67394 0
67526 82
67604 0
67767 76
67836 0
68226 83
68490 0
68582 76
68589 76
68602 76
68788 0
69002 83
69112 0
69150 83
69229 0
69235 76
69401 83
69573 0
70252 76
70268 0
70429 76
70709 0
70723 85
70988 0
71119 83
71164 83
71191 76
71250 76
71265 76
71287 0
71296 83
71332 0
71555 82
71591 83
71624 0
71671 82
71760 0
71783 82
71875 0
71979 76
72080 85
72121 0
72219 76
72237 0
72244 76
72566 76
72601 0
72620 85
72898 76
72972 0
73130 76
73212 0
73233 76
73301 0
73346 83
73536 0
73572 76
73751 0
73881 82
73925 0
74116 76
74187 0
74262 76
74385 82
74809 0
74953 83
75050 76
75094 0
75102 76
75143 0
75185 85
75194 0
75206 83
75362 0
75585 76
75587 83
75596 0
75606 82
75699 0
75753 76
75981 0
76102 76
76217 0
76242 76
76276 0
76290 76
76413 0
76430 82
76541 0
76571 82
76670 0
76761 83
76828 0
76866 85
76884 0
77039 82
77673 76
77682 0
77712 83
77724 83
77759 0
77878 76
77888 0
77911 83
77978 0
78035 82
78125 0
78169 76
78282 0
78310 76
78356 83
78506 0
78523 76
78535 0
78826 85
78946 0
79012 82
79020 0
79030 83
79110 76
79181 0
79281 85
79347 76
79453 0
79493 76
79663 83
79855 0
79856 76
79977 76
80282 85
80320 0
80397 83
80439 0
80665 76
81120 0
81131 76
81207 0
81295 83
81301 0
81347 76
81377 0
81473 83
81639 0
81783 85
81896 76
82089 82
82128 0
82409 85
82472 0
82500 76
82818 83
83158 0
83198 76
83211 82
83268 0
83280 85
83296 0
83304 83
83413 76
83562 0
83582 76
83840 0
83854 83
83857 83
84015 82
84221 0
84255 82
84465 0
84519 83
84674 76
84731 0
84804 82
84853 0
84943 76
85025 76
85126 76
85559 82
85917 76
85922 0
86077 76
86123 76
86218 0
86553 76
86617 0
86622 82
86677 83
86704 0
86709 76
86721 0
87001 83
87029 0
87196 76
87281 0
87283 76
87682 0
87770 83
87848 0
88039 85
88110 85
88138 82
88215 0
88306 76
88430 0
88440 85
88741 0
89011 76
89109 0
89146 76
89186 0
89309 76
89357 83
89533 0
89831 76
89937 76
90158 0
90161 76
90232 0
90362 76
90485 0
90577 82
90621 0
90675 85
90816 0
91071 83
91144 76
91319 0
91444 76
91634 0
91645 83
91774 0
91813 83
91915 0
92051 76
92070 0
92098 83
92127 85
92165 82
92417 0
92426 83
92520 0
92708 76
92799 0
92890 83
92915 0
93120 76
93141 0
93252 82
93259 0
93347 76
93484 85
93587 0
93884 76
93910 0
93918 82
94012 0
94148 76
94285 83
94311 0
94340 76
94480 82
94647 0
94687 83
94758 0
94857 83
94995 0
95010 83
95314 85
95424 0
95588 83
95611 83
95636 0
95785 85
95808 0
95916 76
95933 0
96172 85
96249 0
96266 83
96283 0
96353 76
96367 0
96392 76
96747 0
96788 76
96970 85
97104 0
97125 85
97221 83
97309 83
97330 0
97456 76
97701 83
97778 0
97867 83
97886 0
97908 83
98367 0
98579 76
98628 0
98636 83
98694 0
98835 82
98972 0
98988 82
99313 0
99338 83
99418 0
99436 83
99479 82
99508 0
99594 76
99675 0
99806 85
99932 0
99943 82
441 events for 14
438 59
442 0
858 59
902 0
1040 59
1055 0
1295 59
1331 0
1829 59
2028 0
2498 59
2513 0
2902 59
3007 59
3131 0
3267 59
3366 59
3424 0
3688 59
4110 59
4169 0
4923 59
5435 59
5511 0
5556 59
5608 59
5721 59
6313 0
6330 59
6371 0
6419 59
6442 0
6451 59
6803 0
7129 59
7251 0
7363 59
8150 59
8251 0
8536 59
8718 0
8899 59
9148 0
9528 59
9566 0
9673 59
9675 0
9814 59
9890 59
11306 59
11370 59
11782 59
11806 0
11811 59
12262 0
12630 59
12881 59
13047 0
13241 59
13845 59
13877 59
13945 0
14455 59
14791 0
14837 59
15013 0
15539 59
15614 0
15942 59
15969 0
16121 59
16617 0
16839 59
16883 59
17056 59
17520 0
17635 59
18088 59
18483 0
19009 59
19198 0
19642 59
19771 0
19946 59
20068 0
20158 59
20267 0
20513 59
20945 0
21034 59
21330 0
21371 59
21406 59
21443 0
21620 59
21959 0
21984 59
22128 59
22251 59
22764 0
22962 59
22963 0
23051 59
23058 0
23313 59
23641 0
23672 59
23758 0
24509 59
24753 0
24891 59
25006 59
25123 0
25596 59
26263 59
26311 0
26323 59
26335 0
26367 59
26406 0
26823 59
26941 0
27006 59
27504 0
27593 59
27919 0
28283 59
28508 0
28621 59
28741 0
28791 59
29201 59
29359 0
29511 59
29705 0
29912 59
29975 59
30053 59
30180 0
30258 59
30385 0
30772 59
30866 0
31265 59
31425 0
31967 59
33013 0
33343 59
33356 59
33690 0
33973 59
34013 0
34026 59
34079 59
34224 0
34630 59
34811 59
34992 0
35492 59
35542 59
35572 0
35825 59
35977 0
36230 59
36573 0
36732 59
36739 59
36793 0
37389 59
37448 0
37895 59
37954 0
38082 59
38319 0
38571 59
38595 0
38641 59
38644 0
38761 59
38805 59
38872 0
39633 59
39822 0
39851 59
39895 0
40785 59
40894 59
41000 59
41062 59
41299 0
41612 59
41653 0
41928 59
42086 0
42241 59
42300 0
42414 59
42612 59
42657 0
43017 59
43371 59
43931 0
44351 59
44641 0
44667 59
45561 59
45698 59
45730 0
45862 59
46054 59
46119 0
46158 59
46355 59
46602 0
47673 59
47772 59
48576 59
48693 0
48795 59
48840 0
48979 59
48986 0
49189 59
50386 59
50543 0
50685 59
50723 59
51091 0
51591 59
51973 0
52100 59
52233 0
52533 59
52868 0
53034 59
53287 0
53463 59
53562 0
54086 59
54184 59
54740 59
54789 0
54877 59
54982 59
55072 0
55222 59
55257 59
55397 0
55889 59
56192 0
56461 59
56670 0
56698 59
56797 0
56952 59
57066 59
57154 0
57761 59
58093 0
59093 59
59198 0
59289 59
59580 0
59760 59
60034 59
60699 0
61526 59
61584 0
61652 59
62334 59
62494 0
62522 59
62549 0
62624 59
62727 59
63069 0
63549 59
63710 0
63794 59
63814 59
64020 59
64027 59
64162 0
64184 59
64356 0
64414 59
64528 59
64700 0
64758 59
64861 0
64981 59
65035 0
65267 59
65284 0
65394 59
65548 0
65809 59
65851 0
66280 59
66342 59
66399 59
67592 0
67674 59
67772 0
67844 59
68108 59
68268 59
68455 0
68468 59
68681 59
68754 0
69092 59
69268 0
69275 59
69563 0
70178 59
70404 0
70415 59
70478 0
70958 59
71269 59
71394 59
71522 0
71569 59
71903 0
72007 59
72118 0
72183 59
72254 59
72264 59
72757 59
72807 0
72949 59
73973 59
74057 0
74104 59
74139 0
74325 59
74778 0
74786 59
75031 0
75545 59
75551 0
75601 59
75704 0
75737 59
75878 0
75900 59
76129 0
76167 59
76194 59
76307 0
78023 59
78427 59
78857 59
78908 0
79481 59
79571 0
79899 59
79920 59
80074 0
80081 59
80696 0
80890 59
81037 0
81772 59
81912 0
82664 59
82787 0
82835 59
82944 0
83052 59
83083 0
83114 59
83207 0
83602 59
83704 0
83735 59
83839 59
83931 59
84065 0
84402 59
84489 59
85420 0
85565 59
86143 0
86165 59
86171 0
86670 59
87140 59
87202 0
87408 59
87540 59
87771 59
88055 0
88434 59
88487 0
88843 59
89152 0
89209 59
90104 59
90251 0
90295 59
90579 0
90667 59
90704 59
91178 0
91529 59
91756 59
91912 0
92179 59
92588 0
93276 59
93468 59
93648 0
93969 59
94180 0
94235 59
94485 0
94843 59
94852 0
94949 59
95978 0
96022 59
96069 0
96453 59
96513 59
96678 0
96777 59
96911 59
97179 0
97432 59
97782 0
98212 59
98338 0
98666 59
98819 0
98992 59
99014 0
99448 59
99694 0
557 events for 15
2 69
13 0
188 69
231 0
314 69
393 69
513 0
565 69
598 0
675 69
687 0
759 69
846 69
914 0
1010 69
1248 69
1404 0
1440 69
1588 0
1637 69
1686 69
1805 0
1821 69
1985 0
2053 69
2083 69
2338 0
2470 69
2595 0
2713 69
2731 0
2872 69
3974 69
4094 0
4142 69
4250 69
4761 0
5137 69
5215 0
5324 69
5380 0
5737 69
6080 69
6251 69
6769 0
7528 69
7793 0
8037 69
8582 0
8959 69
9217 0
9251 69
9430 0
9523 69
9552 69
9596 0
9663 69
9890 0
10020 69
10069 69
10364 0
10365 69
10749 0
11085 69
11356 0
11645 69
11681 0
11896 69
11944 69
12131 0
12152 69
12238 0
12298 69
12356 69
12530 0
12616 69
12679 0
12866 69
13049 0
13053 69
13378 0
13422 69
13445 69
13467 0
13718 69
13792 69
13796 0
13800 69
13948 0
14000 69
14037 0
14086 69
14099 69
14109 0
14232 69
14661 69
14679 69
14991 69
15288 0
15476 69
15839 0
15890 69
16079 69
16449 0
16491 69
16532 0
16564 69
16819 0
16877 69
17404 69
17503 0
17847 69
17973 0
18044 69
18092 0
18221 69
18619 69
18631 0
18758 69
18802 0
18810 69
18840 0
19367 69
19598 69
19794 0
20203 69
20221 0
20325 69
20410 69
20706 0
20745 69
20876 0
21067 69
21081 0
21309 69
21665 0
21693 69
21964 0
22181 69
22224 69
22332 69
22510 0
22691 69
22746 69
22818 0
22874 69
22984 69
23022 0
23024 69
23211 0
23314 69
23326 0
23744 69
23925 69
24047 0
24056 69
24152 0
24233 69
24288 0
24384 69
24444 69
24546 0
25200 69
25682 0
25808 69
25916 0
26188 69
26388 0
26395 69
26501 0
26525 69
26583 0
26971 69
27137 0
27279 69
27595 0
27836 69
27941 69
28163 0
28441 69
28615 69
28839 0
29040 69
29176 0
29416 69
29871 69
29879 0
30026 69
30138 0
30151 69
30516 69
30800 0
30826 69
31163 0
31301 69
31347 0
31409 69
31488 69
31556 0
31582 69
31604 0
31752 69
32162 0
32185 69
32247 69
32317 0
32620 69
32789 0
33418 69
33900 0
34032 69
34049 69
34113 0
34616 69
35138 0
35217 69
35234 0
35237 69
35287 0
35331 69
35428 0
36186 69
36283 0
36432 69
36769 0
36814 69
36886 0
37102 69
37184 69
37604 0
37659 69
37703 0
37785 69
37913 69
37933 0
38775 69
39028 69
39105 0
39209 69
39806 69
39860 0
40326 69
40414 0
40462 69
40921 0
41115 69
41269 69
41514 69
41695 69
41845 69
41864 0
42043 69
42146 0
42162 69
42249 0
42444 69
42502 0
42512 69
42549 0
42586 69
42679 69
42965 0
43161 69
44316 69
44477 69
44950 0
45234 69
45472 69
45987 0
45991 69
46041 0
46633 69
46692 0
46949 69
46980 69
47088 0
47347 69
47353 0
48042 69
48052 0
48467 69
48481 0
48538 69
49206 0
49360 69
49639 69
50325 0
50650 69
50865 0
50925 69
51108 0
51290 69
51373 69
51461 0
51702 69
51766 69
51937 0
51974 69
52091 69
52365 69
52511 0
52734 69
52831 69
52851 0
52890 69
53039 0
53104 69
53316 69
54170 0
54185 69
54226 69
54415 0
54729 69
55018 69
55109 69
55185 69
55423 0
55427 69
55718 0
55802 69
55892 69
56376 0
56414 69
56482 69
56483 0
56490 69
56492 0
56711 69
56835 0
57570 69
58376 0
58448 69
58771 0
59577 69
59691 0
59921 69
60128 69
60211 0
60692 69
60779 0
60964 69
60985 0
61113 69
61347 0
61740 69
61756 0
61796 69
62018 0
62093 69
62152 0
62219 69
62265 0
62326 69
62422 69
62676 0
62810 69
63026 0
63123 69
63406 69
63545 69
63570 0
63729 69
63832 0
63929 69
64136 0
64312 69
64396 0
64773 69
64841 0
64981 69
64993 69
65001 69
65010 69
65031 0
65534 69
65586 0
65665 69
65758 69
65899 0
66087 69
66291 0
66376 69
66751 0
66771 69
66829 0
66873 69
67226 69
67360 0
67425 69
67595 0
67751 69
67780 0
67996 69
68217 0
68360 69
68622 69
68651 0
68678 69
68805 0
68829 69
69358 0
70183 69
70201 0
70233 69
70656 0
70895 69
71053 0
71064 69
71268 69
71548 69
71669 0
72053 69
72115 0
72137 69
72285 0
72853 69
72891 0
72946 69
73141 0
73506 69
73608 69
73640 0
73961 69
74002 0
74111 69
74564 0
74574 69
74729 0
75269 69
75514 69
75604 0
75721 69
76060 0
76322 69
76503 0
76585 69
76851 0
76872 69
76980 0
77338 69
77483 69
77628 0
77767 69
77939 0
77991 69
78096 69
78121 69
78179 0
78186 69
78220 69
78347 0
79024 69
79499 0
80020 69
80250 0
80707 69
81580 0
82576 69
83127 0
83264 69
83271 69
83353 69
83584 69
83670 0
83801 69
83972 0
83994 69
84035 69
84256 0
84579 69
84744 0
84935 69
85275 69
85563 0
85698 69
85709 0
85741 69
86368 69
86564 0
86627 69
86668 0
86945 69
87126 0
87189 69
87212 0
87291 69
87646 0
88113 69
88250 69
88254 0
88573 69
88638 0
88675 69
88689 0
88758 69
88807 0
88925 69
89421 0
89696 69
89978 69
90042 0
90385 69
90498 0
90565 69
90600 69
90662 69
90812 0
91026 69
91121 0
91144 69
91396 0
91856 69
92255 0
92645 69
92917 0
93423 69
93433 0
93486 69
93833 0
93879 69
93884 0
93899 69
93948 69
93984 69
94031 0
94058 69
94548 0
94665 69
94718 69
94766 69
94833 69
94965 0
95009 69
95120 0
95576 69
95758 0
95768 69
95795 0
96263 69
96710 0
96744 69
96841 69
97199 69
97201 69
97383 69
97547 0
97595 69
97635 69
97908 0
98117 69
98230 0
98473 69
98772 0
99303 69
99496 0
99675 69
99897 0
397 events for 16
79 42
296 38
669 58
1292 42
1300 0
1886 38
1990 58
2758 58
2845 0
3229 38
3631 0
3704 58
3970 58
4092 38
4277 34
4566 0
4852 58
4886 0
5230 38
5540 58
5981 0
6254 34
7544 0
8118 42
8311 0
8713 42
9512 0
9985 34
10174 0
10526 34
10591 58
10897 0
11058 58
11077 0
11480 38
11536 58
11549 34
12038 0
12061 42
12516 38
12692 0
12734 58
12963 38
13353 0
13384 38
13454 38
13486 0
14170 58
14751 0
14761 38
14893 58
14976 42
15035 0
15051 38
15430 34
15865 0
16006 34
16577 42
16881 0
17698 34
17739 0
18130 42
18135 0
18432 38
18557 34
19102 0
19239 34
19277 0
19632 42
19719 0
20583 42
21018 0
21222 58
21357 0
22545 34
22630 0
22716 42
23059 0
23123 38
23655 0
23964 38
24042 0
24136 42
24305 0
24319 34
24373 0
24560 34
24725 0
24944 34
24990 34
24997 0
25342 42
25490 0
26376 58
26716 0
26857 58
26966 0
27020 34
27086 34
27364 58
27376 0
27406 58
27436 38
27442 0
27614 38
27911 0
28043 34
28435 58
28759 0
28954 42
29043 0
29127 38
29254 34
29272 0
29487 42
29788 0
30841 58
30978 0
31199 42
31499 38
31612 0
31680 34
31867 34
32043 34
32504 0
32554 58
32609 34
33519 0
33719 42
33966 0
34155 38
34179 0
34322 34
34488 0
34550 38
34600 0
35246 38
35623 34
36243 42
36308 0
36438 34
36595 0
36651 38
37011 0
37096 34
37520 0
37579 42
37936 0
38225 42
38527 0
38813 34
39018 58
39085 0
39157 58
39178 0
39245 34
39936 42
40003 0
40146 34
40323 38
40637 0
41600 34
41604 0
41608 42
42077 0
42122 42
42493 34
42774 0
42823 58
43040 0
43149 38
43503 0
43526 38
43971 58
44262 0
44769 42
44886 0
44908 34
45319 0
45450 42
45457 0
45633 38
45880 0
46019 34
46351 0
46528 38
46899 0
46986 58
46995 0
47272 34
47379 0
47400 42
47737 58
47892 0
48951 38
49289 0
49554 38
49602 0
50031 34
50098 0
50167 58
50318 0
50670 58
50870 0
51690 38
51786 0
52362 58
52418 0
52479 42
52534 58
53133 0
53942 34
54682 0
54786 42
54824 58
54836 0
54885 58
55044 0
55057 58
55331 42
55737 0
55907 58
56036 0
56166 34
56282 0
56772 38
57210 0
58024 34
58064 0
58399 38
58538 0
58715 42
58724 0
58947 42
59334 0
59600 42
59822 0
60439 34
60668 0
60749 42
60938 0
60996 38
61052 0
61161 38
61512 0
61617 38
61645 0
61826 38
61958 0
61984 38
62459 0
62813 58
62842 0
63143 42
63295 0
64378 34
64789 0
64897 38
65065 0
65412 38
65841 42
65949 58
65986 0
66191 38
66201 0
66876 34
67598 0
68185 34
69013 42
69096 34
69458 34
69660 0
69845 42
69947 0
69968 42
70340 34
70364 0
70885 38
70939 0
71208 42
71284 0
71928 34
72015 0
72559 42
72828 0
73449 58
73573 0
73652 42
73714 0
74032 38
74150 0
74623 58
75157 0
75466 34
75609 0
75758 42
75985 42
76541 0
77014 38
77378 42
77855 34
77867 0
77952 58
78259 58
78311 58
78451 34
78458 58
78828 0
78915 58
79179 38
79184 0
79223 38
80065 34
80486 0
80570 42
80979 0
81231 42
81263 42
81432 0
81480 42
81568 0
81904 38
82563 38
82642 0
82966 38
83140 58
83570 42
83583 42
84263 38
84450 0
85486 38
85650 42
85977 0
86047 38
86122 58
86130 0
86166 58
86540 0
86611 38
86752 0
87371 34
87388 0
87817 38
87876 0
88304 34
88308 0
88430 38
88796 0
88901 42
89111 0
89120 38
89179 0
89383 42
89658 0
89774 42
89887 42
89970 0
90016 42
90252 42
90659 0
90821 38
91034 38
91493 0
91519 38
92097 0
92416 58
92474 0
92478 58
92584 34
92650 0
92787 38
93041 0
93500 58
93929 0
94052 38
95682 0
95717 58
96267 0
96295 42
96336 0
96347 42
96436 0
96441 38
96538 0
96875 34
96996 0
97176 38
97279 34
97578 42
98034 42
98201 0
98345 58
98433 0
98716 42
99155 0
99232 42
99391 0
598 events for 17
396 45
553 0
718 82
979 45
1188 82
1196 0
1563 82
1817 0
1910 82
2135 0
2399 56
2484 0
3079 88
3094 0
3416 88
3622 0
3654 82
3937 0
4154 56
4265 0
4600 88
5019 56
5296 82
5439 0
5440 82
5773 82
5784 0
5842 56
5937 0
6153 56
6387 56
6697 0
6782 88
6881 56
6993 88
7015 0
7383 56
7458 0
7638 56
7753 0
8173 88
8205 82
8313 0
8468 56
8474 0
8650 88
8812 56
8842 0
9033 45
9051 0
9108 88
9113 0
9573 45
9881 0
10027 45
10123 0
10358 56
10376 0
10406 82
10601 0
11062 82
11236 45
11304 0
11398 56
11558 0
11770 82
11787 0
12052 88
12480 0
12708 45
12746 0
12769 82
13329 0
13332 82
13405 0
13538 82
13681 0
13892 88
13923 0
14034 45
14048 0
14153 88
14310 0
14353 82
14483 0
14637 45
14657 82
14783 56
14818 0
15071 56
15297 56
15516 56
15645 0
16141 56
16193 0
16319 82
16342 0
16363 88
16619 0
16671 88
16725 82
16793 0
16856 45
17104 0
17127 88
17349 0
17494 56
18162 0
18540 88
18628 0
18661 82
18734 0
18869 45
18950 0
19059 56
19398 0
19837 88
20000 0
20351 82
20605 0
20733 82
20964 0
21003 82
21264 0
21461 45
22145 45
22349 0
22877 45
23048 0
23154 45
23236 56
23318 0
23404 88
23589 56
23822 56
23911 0
23956 88
23965 0
23974 88
24302 0
24338 82
24355 0
24513 56
24556 45
24748 0
25039 88
25127 45
25253 0
25655 88
25674 45
25708 56
25757 0
26000 56
26535 0
26554 45
27053 0
27074 88
27242 0
27330 88
27340 45
27380 0
27829 45
27929 82
27979 0
28060 88
28071 0
28081 88
28433 0
28442 56
28611 45
28739 0
28743 45
28817 0
28899 88
28919 45
29235 0
29483 45
29828 45
29912 0
31043 82
31417 0
31489 88
31698 0
32029 88
32101 0
32355 88
32464 82
32666 0
32683 45
32693 0
33004 45
33119 0
33141 88
33272 0
33276 45
33422 0
33856 45
34059 88
34203 82
34637 0
34675 82
34759 0
34876 88
34968 82
35060 0
35101 45
35365 0
35729 82
35871 82
35907 0
36335 45
36338 82
36348 0
36462 82
36684 0
36935 82
36970 88
37380 45
37697 45
37722 0
37781 56
37847 0
37951 82
37976 0
38250 88
38421 56
38466 0
38668 88
38801 56
39148 0
39162 82
39264 88
39560 0
39696 45
40066 0
40159 56
40286 0
40317 45
40550 45
40745 0
40800 45
41330 0
41388 56
41601 0
41652 45
41654 0
41691 45
41965 56
42024 56
42191 82
42198 0
42433 82
42444 0
42555 88
42605 45
42779 0
42802 56
43053 0
43099 45
43101 0
43224 45
43555 88
43576 0
43902 82
44122 0
44458 88
44617 0
44804 56
44872 0
44874 88
44893 0
44914 88
45359 0
45614 45
45677 0
45693 56
45809 0
45876 56
46150 56
46443 0
46474 82
46563 0
46602 88
46875 0
46918 45
46956 0
47080 56
47123 56
47295 82
47570 0
47672 56
47686 0
47701 56
47705 0
48059 45
48613 0
48855 56
48871 82
48981 0
49175 82
49237 0
49330 56
49431 0
49448 88
49473 45
49521 0
49745 88
49844 0
49910 45
50286 0
50432 56
50644 0
50653 45
50963 0
51057 82
51146 56
51241 45
51447 56
51483 0
52260 56
52371 0
52703 56
52908 0
53234 82
53473 0
53873 45
53921 0
54234 56
54424 88
54782 0
54953 88
55025 88
55073 88
55244 0
55403 88
55520 88
55587 0
55601 56
55961 0
56330 88
56379 0
56639 45
56648 45
56654 0
57466 56
57498 45
57769 0
57783 56
57830 45
58000 0
58165 82
58385 0
58623 82
58685 0
58750 56
58782 56
58827 0
59068 82
59260 56
59261 0
59361 45
59573 0
59785 45
59826 0
59886 88
59895 82
60013 0
60051 88
60260 0
60781 82
60840 0
60841 82
60898 0
60986 45
61005 0
61103 82
61335 82
61524 0
61622 45
61644 0
61828 88
62051 0
62338 82
62357 0
63211 56
63244 0
63284 56
63561 45
63709 0
63816 45
63941 0
63950 45
64039 88
64326 0
64490 45
64551 82
64843 0
65012 56
65092 0
65101 88
65498 0
66058 82
66123 0
66172 88
66319 45
66339 0
66914 88
67050 0
67416 82
67626 0
67764 88
67815 0
67937 56
68241 0
68313 82
68676 45
69171 0
69200 45
69253 0
69266 82
69851 82
70122 0
70255 56
70458 0
70493 56
70749 0
70757 82
70840 0
71355 82
71462 88
71499 0
72174 45
72223 56
72663 45
72853 0
72951 88
72976 82
72978 0
73010 82
73124 0
73614 88
74168 0
74216 45
74416 0
74427 82
74558 82
74822 0
74824 88
74866 88
75028 0
75229 88
75493 0
75584 56
75606 0
75945 82
76084 0
76141 45
76299 45
76623 0
76640 88
77421 56
77683 0
77684 88
77835 0
77840 88
78077 0
78414 45
78669 0
78875 45
78968 0
78997 45
79276 45
79672 88
80006 0
80013 45
80092 0
80145 45
80179 0
80226 45
80273 0
80765 45
80878 56
80911 0
81151 82
81210 88
81430 88
81529 88
81533 0
81690 45
81694 82
81821 0
81832 88
81855 0
81965 56
82067 0
82114 82
82200 45
82292 82
82377 0
82473 56
82578 56
82581 0
82592 45
82664 56
82700 0
82956 88
83249 0
83320 82
83430 82
83740 0
84151 56
84232 0
84299 56
84389 0
84462 56
84496 45
84556 0
84872 56
85191 0
85270 56
85300 0
85512 45
85632 56
85809 0
85951 82
86625 0
86664 82
86708 0
86744 45
86823 0
86828 82
87069 0
87385 45
88072 45
88313 0
88509 45
88526 0
88530 45
88562 0
88570 82
89329 82
89476 0
89586 82
89770 56
89867 0
89876 45
90009 0
90199 56
90405 0
90794 82
90813 82
90900 0
91009 88
91119 0
91275 45
91392 0
91697 88
91852 45
92390 0
92448 56
92453 0
92486 82
92578 0
92795 82
93164 82
93441 45
93639 0
93793 82
93878 0
93972 45
94169 0
94293 45
94647 0
94764 45
95256 88
95339 0
95503 88
95519 0
95568 56
95575 0
96226 88
96293 56
96330 45
96874 0
97410 56
97514 0
97625 88
97780 82
97813 0
98507 56
98573 0
98666 88
98668 45
98869 0
99348 88
99362 82
99552 0
99998 45
675 events for 18
324 71
328 0
1226 37
1405 71
1708 37
2055 0
2346 37
2525 37
2537 37
2820 0
2839 71
2888 0
2921 37
2938 0
3323 37
3370 0
3594 37
3615 0
3639 71
3934 0
3976 71
4120 71
4288 37
4446 0
4732 37
4745 37
4831 0
5182 37
5189 0
5291 37
5366 0
5568 37
5578 0
5601 37
6044 37
6134 37
6166 0
6200 37
6564 0
7201 37
7220 0
7302 71
7690 37
7807 0
8023 37
8035 0
8105 37
8129 0
8148 71
8341 0
8503 37
8573 37
8583 0
8688 37
8739 0
8836 37
9117 0
9205 71
9404 0
9540 37
9703 0
9887 37
9997 0
10015 37
10117 37
10119 71
10442 0
10495 37
10555 71
10604 71
10655 0
10783 71
11052 0
11058 37
11455 0
12202 37
12483 0
12606 37
12698 0
12742 71
12851 37
12939 0
12971 71
13103 0
13194 37
13303 0
13311 71
13417 0
13483 37
13711 0
13898 37
14258 0
14426 37
14460 0
14589 71
14598 0
14782 37
14919 71
15100 37
15165 0
15203 71
15225 0
15625 37
15786 0
15801 71
16010 0
16106 37
16185 37
16252 71
16372 37
16544 0
16882 71
17006 0
17105 71
17153 0
17224 71
17399 0
17511 71
17734 0
18026 37
18229 0
18271 37
18404 37
18609 0
18653 71
18701 71
18844 37
18944 37
19073 71
19141 0
19163 71
19388 0
19878 71
19979 0
20046 37
20299 71
20476 0
20545 71
20614 0
20722 71
20731 0
20988 37
21001 0
21461 71
21582 0
21647 37
21707 71
21769 0
21946 71
22122 0
22196 37
22293 0
22386 37
22417 0
22511 37
22518 0
22583 71
22839 0
22840 71
23167 0
23275 37
23420 0
23476 71
23486 71
23676 37
23798 71
23942 0
23956 37
24220 37
24429 0
24617 71
24717 71
24718 0
24810 71
24817 71
24890 0
24957 71
25029 71
25142 0
25204 71
25278 37
25296 71
25326 37
25488 71
25822 0
25985 37
26089 0
26209 71
26371 0
26432 37
26563 71
26757 0
26775 37
26831 71
27129 0
27146 37
27222 37
27335 0
27529 71
27721 0
27802 71
28341 0
28462 71
28469 0
28869 71
28878 0
28941 37
29071 37
29270 0
29312 37
29437 0
29529 37
29737 37
30210 0
30256 37
30377 71
30386 0
30465 71
30551 0
30902 71
30972 0
30973 71
31004 0
31023 37
31084 0
31265 37
31515 0
31623 37
31659 0
31710 37
31791 0
31875 71
32068 0
32218 71
32241 0
32380 71
32667 37
33363 37
33447 0
33592 37
33620 37
33808 0
33939 37
33944 71
34041 37
34104 0
34168 71
34465 0
34612 37
34861 0
34952 37
34987 0
35038 37
35206 71
35251 0
35454 71
35613 0
36441 71
36763 0
36819 37
36836 0
36905 37
37096 0
37204 37
37834 0
37905 71
38035 0
38148 71
38215 71
38510 0
38605 71
38684 0
38699 71
38748 0
38984 71
39195 0
39245 71
39436 0
39568 71
39577 71
39652 0
39668 71
39705 0
39722 37
39738 71
39954 37
40026 0
40044 71
40544 0
40865 37
40869 0
40886 71
41044 0
41045 71
41073 0
41257 37
41430 0
41431 37
41837 0
41894 37
42210 37
42602 0
42691 71
42781 37
42815 0
43582 37
43642 0
43845 71
43952 0
44034 71
44141 37
44205 0
44427 71
44479 37
44551 0
44571 71
44763 0
44783 71
45007 0
45475 37
46390 0
46714 71
46933 71
47396 0
47504 37
47706 71
47976 0
48134 37
48515 0
48946 37
49059 37
49306 0
49527 71
49585 71
49645 0
49984 37
50092 37
50210 0
50273 71
50356 0
50393 71
50714 71
50794 0
50918 37
50923 0
50991 71
51136 71
51278 0
51313 37
51327 0
51354 37
51368 0
51421 71
51567 71
51596 0
51635 71
51711 0
51923 37
52047 37
52067 71
52187 0
52203 71
52519 37
52732 37
52803 0
52857 37
52904 0
53238 71
53328 0
53496 37
53749 0
53788 37
53852 0
54161 37
54189 0
54233 37
54250 37
54402 0
54739 37
54863 71
55022 71
55130 37
55235 0
55337 71
55415 37
55464 0
55488 37
56368 0
56395 71
56605 0
56877 37
57026 71
57168 37
57275 0
57408 71
57516 0
57580 37
57599 0
57620 37
57782 71
57784 0
57809 71
57859 0
57896 37
58325 71
58561 0
59006 71
59109 0
59235 71
59274 37
59395 0
59568 37
59673 71
59942 0
59992 37
60116 0
60156 37
60193 0
60261 71
60410 0
60517 71
60571 0
60635 37
61027 0
61045 37
61074 37
61230 0
61242 71
61263 71
61662 0
61776 37
61839 0
61902 37
62151 71
62264 37
62375 0
62402 37
62463 71
62589 37
62727 71
63313 0
63314 71
63402 37
63436 0
63719 71
63767 71
63777 0
64143 37
64656 0
64789 37
64975 0
65059 71
65103 37
65486 0
65599 71
65808 0
66072 71
66227 0
66552 37
66856 0
67452 71
67503 37
67672 37
67707 0
67788 37
67832 0
67866 71
68026 37
68191 0
68192 71
68481 0
68632 71
68691 0
68757 71
69049 0
69205 71
69207 37
69931 37
70035 0
70064 37
70078 0
70287 37
70401 0
70466 37
70658 71
71002 0
71141 37
71156 71
71219 37
71412 0
71591 37
71798 0
71969 71
71971 0
72127 37
72311 0
72409 37
73164 71
73279 0
73330 71
73411 0
73648 37
73674 0
73687 71
73769 71
73973 0
73978 37
74037 37
74053 0
74315 71
74392 0
74482 71
74619 0
74693 71
74705 0
74729 71
74855 37
74908 0
75067 37
75206 0
75251 71
75382 0
75470 37
75475 37
75801 0
75804 71
75884 0
75891 37
76042 0
76059 37
76085 0
76279 71
76509 0
76612 71
76859 71
77014 71
77185 71
77233 0
77486 71
77619 37
77666 0
77683 37
77896 0
78212 37
78234 37
78292 37
78412 0
78453 71
78544 37
78702 37
78820 0
79099 71
79431 0
79455 37
79479 0
79641 71
79651 0
79666 37
79716 0
79817 37
79847 0
79881 37
80017 71
80162 0
80424 37
80491 71
80650 0
80739 37
80740 0
80767 71
80946 71
81058 0
81099 71
81124 0
81672 37
82239 0
82421 71
82746 37
82918 0
83175 37
83225 0
83304 37
83600 0
83622 71
84126 71
84149 0
84175 37
84253 0
84273 71
85309 0
85589 71
85873 0
86440 37
86515 0
86814 71
86921 37
86930 0
86948 71
87052 0
87176 71
87503 0
87589 71
87773 0
87789 71
87891 0
87903 37
88177 0
88338 37
88360 0
88371 71
88763 71
89121 0
89303 71
89349 0
89588 71
89992 0
90394 71
90438 0
90984 71
90989 37
91008 0
91121 71
91361 37
91434 0
91446 71
91456 71
91583 0
91642 37
91739 71
91759 0
92011 37
92332 0
92365 71
92478 0
92844 71
93062 0
93206 71
93326 0
93475 71
93967 0
94473 37
95092 0
95146 37
95469 0
95621 37
95643 0
95703 37
95858 37
95951 0
96102 71
96104 0
96151 37
96269 0
96364 71
96374 0
96406 71
96639 0
96842 37
97140 0
97259 37
97397 0
97447 71
97732 0
97858 71
97957 0
98045 71
98175 71
98868 0
98907 37
99122 0
99300 71
99374 0
99469 37
99880 0
99989 71
450 events for 19
56 36
105 0
242 43
572 0
850 43
956 0
1503 71
1549 61
1890 61
1920 0
2182 38
2194 0
2267 70
2415 0
2605 71
2734 0
3066 39
3363 0
3553 70
3987 0
4177 61
4482 36
4536 0
4698 39
4734 0
4736 39
4891 66
5385 71
5513 0
5811 71
6151 0
6284 71
6895 0
7282 36
7559 0
8056 44
8269 0
8368 71
8642 0
8898 36
8930 0
9362 61
9474 43
9602 0
10254 71
10494 0
10577 39
10579 70
10643 0
10821 66
10844 0
10897 39
11505 70
11723 0
11757 39
11864 43
12285 61
12442 38
12550 0
12906 44
13022 0
13196 44
13380 0
13573 43
13652 0
13710 61
13785 0
14143 36
14396 0
14872 71
15268 0
15560 38
15805 0
15881 38
15980 0
16563 39
16773 0
17011 38
17013 0
17281 44
17422 0
17506 61
17974 0
18091 61
18368 66
18546 0
18703 38
18944 70
19807 0
20031 38
20131 0
20507 38
20532 0
20846 39
21680 0
21860 43
22542 0
22579 70
22709 0
22892 43
22914 38
22953 0
24117 44
24544 0
24879 66
25117 0
25820 70
26279 0
26742 66
27061 0
27662 71
27725 0
27947 70
28148 0
28273 39
28622 0
28645 44
29006 39
29157 0
29183 70
29277 0
29607 70
29704 61
29746 0
29773 61
29951 0
30091 43
30133 0
30571 44
30792 0
31444 61
31503 0
31746 66
32207 0
32473 70
32769 0
32770 61
33280 0
33438 36
33800 0
33930 66
33967 71
34054 0
34326 38
34354 39
34584 0
34794 70
35552 38
35721 0
36339 43
36449 0
36498 43
36814 39
36896 0
37044 70
37202 70
37532 0
37569 61
37654 0
37903 39
37955 0
38472 61
39023 0
39053 38
39254 43
39472 0
40062 39
40327 0
40373 61
40461 0
40489 36
40736 0
40998 39
41053 0
41689 43
41699 0
41736 36
41821 0
42038 39
42045 0
42293 39
42347 0
42675 43
43017 0
43023 61
43031 0
43048 66
43095 36
43507 0
43801 38
43803 0
43963 71
43976 0
44129 44
44149 0
44365 39
44948 0
45885 39
46162 0
46225 39
46252 0
46578 43
46614 71
46735 0
46832 38
46858 0
46955 66
47120 0
47760 61
47907 44
47923 0
48027 61
48200 0
48694 70
48890 0
49015 36
49049 0
49343 61
49588 0
49680 44
49721 0
50047 70
50148 36
50315 0
50549 38
50657 0
50699 38
50959 70
50994 0
51119 61
51486 0
51563 39
51601 0
51805 38
51979 38
52117 44
52481 66
52526 43
52584 0
52950 66
53013 0
53161 44
53188 61
53226 0
53523 61
53758 0
53910 38
54134 0
54471 44
54670 0
54759 66
55007 71
55131 0
55335 66
55728 0
55764 44
55858 71
56178 0
56654 66
56802 71
56852 0
56924 36
57101 71
57639 44
57688 0
57754 66
57806 38
57809 0
58014 71
58310 0
58509 71
58661 0
58732 36
58733 0
59087 39
59267 0
59370 66
59566 36
59632 0
59702 39
59771 66
59871 39
59978 0
60049 36
60557 0
61017 39
61122 0
61165 71
61630 0
61713 61
61959 39
61999 70
62227 0
62359 66
62941 0
63165 66
63331 39
64194 39
64254 38
64589 36
64616 0
64962 43
65507 0
65516 71
65753 38
66045 39
66855 0
66861 43
66893 0
67164 38
67656 71
67673 44
68002 36
68127 71
68354 36
68733 0
68747 70
68933 0
69133 70
69194 0
69304 44
69792 66
69863 0
70085 71
70127 43
70544 0
71218 71
71427 39
71433 0
71820 39
72178 0
72256 71
72431 71
72549 0
72815 38
72997 43
73202 0
73269 66
73395 0
73475 61
73670 61
74685 44
74868 70
75273 0
75384 71
75730 0
75736 61
75807 0
76082 38
76160 0
76172 43
76268 0
76602 36
76722 0
77132 43
77247 0
77480 39
77768 0
78602 61
79251 0
79550 39
79623 61
79815 0
79902 44
79991 0
79999 39
80178 0
80199 38
80729 0
80923 61
81176 0
81364 36
81582 0
81989 71
82908 39
82948 0
83152 71
83157 39
83198 38
83498 61
83810 0
84040 70
84144 66
84168 0
85093 66
85537 0
85597 39
85609 0
85610 61
86069 0
86134 43
86208 0
86522 66
86846 0
86987 39
87263 39
87276 0
87645 70
87892 0
88604 71
88640 70
89175 66
89492 0
89556 38
89953 36
90166 66
90168 0
90863 39
91467 0
91717 38
91992 0
92787 44
92980 0
93016 44
93021 43
93092 0
93139 66
93241 71
93418 36
93770 71
94050 38
94262 0
94325 44
94409 0
94424 61
94446 0
94497 39
95089 0
95308 39
95389 0
95453 70
95465 0
95529 36
95609 0
95959 70
96341 0
96418 44
96639 0
97083 70
97134 39
97274 0
98266 66
98271 0
98278 44
98576 39
98792 0
99195 39
99225 61
99691 0
99765 38
164 events for 20
647 50
741 0
2168 50
2744 50
3634 0
3957 50
4570 0
5580 50
5751 0
6538 50
7731 0
7847 50
7959 0
8423 50
8921 0
9986 50
10194 0
10496 50
11656 50
12026 0
12067 50
12072 0
12397 50
12495 50
12743 0
13477 50
14058 0
15436 50
15829 0
18423 50
18926 50
19385 0
19488 50
19647 0
20479 50
20902 0
21477 50
21973 0
21990 50
22004 0
24013 50
24018 0
24718 50
24738 50
24821 0
25567 50
25988 50
26580 50
27827 0
28424 50
28425 50
28967 0
31446 50
31830 0
32854 50
32873 0
33156 50
33160 0
33307 50
33598 0
33718 50
34215 50
34462 0
34878 50
35389 0
35583 50
37828 50
37860 50
40014 0
40977 50
40995 50
42166 50
42642 0
44559 50
44619 0
45470 50
46004 0
46299 50
46698 0
46835 50
46899 50
47481 0
48266 50
48406 0
48428 50
49009 0
49524 50
50184 0
51001 50
51153 50
51553 50
52522 0
53540 50
53770 0
54650 50
57023 0
58312 50
60308 0
60973 50
61578 0
61785 50
62538 0
65243 50
65261 0
65292 50
66744 0
67415 50
67469 0
69850 50
71156 0
71368 50
73033 0
73643 50
73779 0
74948 50
76837 0
76839 50
79664 50
79696 50
79766 0
80842 50
80861 0
80879 50
81251 0
81285 50
81370 0
81496 50
81957 0
82113 50
82182 50
82809 0
82975 50
83521 50
84711 50
85166 0
85765 50
85863 0
86142 50
87689 0
88405 50
88581 0
88670 50
89059 50
89107 0
89882 50
90376 0
90394 50
91245 0
92195 50
92198 0
92276 50
92663 0
94224 50
94806 0
95266 50
96767 50
97162 0
97346 50
97688 0
98002 50
98276 0
98436 50
98782 50
99425 0
987 events for 21
0 73
225 0
266 69
298 73
309 0
326 72
485 0
561 73
682 69
712 0
857 73
912 0
987 73
1006 0
1116 70
1423 0
1428 69
1718 0
1812 70
1844 71
1881 0
1908 71
1985 0
2033 70
2193 0
2248 71
2331 0
2384 73
2428 0
2445 73
2470 0
2528 73
2690 0
2779 72
2806 0
2851 69
2944 73
2960 0
3025 72
3051 0
3231 72
3257 72
3348 71
3361 0
3573 69
3669 0
3779 70
3834 0
3887 70
3998 0
4009 72
4120 0
4153 71
4165 69
4214 0
4323 71
4502 0
4613 69
4630 0
4685 69
4923 0
5042 70
5091 0
5192 70
5283 0
5322 70
5367 0
5550 71
5559 70
5569 0
5634 73
6016 0
6246 72
6343 0
6671 72
6909 73
6918 0
6919 70
6948 0
6961 70
7103 0
7112 69
7164 0
7179 70
7250 0
7344 71
7515 72
7692 0
7694 73
7770 0
7777 70
7835 73
7970 0
8011 73
8048 0
8161 71
8169 73
8311 72
8429 0
8479 72
8572 0
8634 70
8664 0
8736 69
8884 73
8947 70
8977 0
9000 73
9045 0
9098 73
9136 0
9197 72
9225 0
9233 72
9392 0
9429 72
9481 0
9584 70
9616 72
9880 0
9995 73
10117 70
10370 69
10378 0
10470 70
10687 0
10888 71
10914 0
11215 73
11321 72
11467 0
11485 71
11616 0
11631 73
11736 70
11768 0
11884 73
11901 0
12336 72
12537 70
12763 0
12835 72
12843 0
12997 71
13148 70
13198 0
13217 72
13226 0
13236 72
13381 0
13422 73
13426 69
13492 72
13500 0
13907 70
13925 72
13928 70
13929 0
13968 71
13992 0
14017 73
14028 0
14124 72
14135 0
14219 70
14390 69
14699 0
14803 70
14882 0
14925 73
15003 0
15096 70
15123 0
15265 72
15310 70
15333 70
15589 0
15600 69
15638 0
15658 71
15666 70
15720 0
15770 70
15790 0
15922 71
15940 70
16013 70
16195 72
16207 0
16273 70
16387 0
16628 72
16672 0
16715 70
16895 0
16948 73
17121 0
17343 71
17574 0
17693 71
17792 71
17972 0
18042 70
18361 70
18390 0
18608 70
18658 0
18737 71
18916 0
19013 73
19045 0
19080 72
19106 0
19177 71
19192 0
19367 70
19639 0
19726 71
19758 0
19775 73
19839 0
20095 70
20129 0
20197 69
20357 72
20381 0
20392 70
20576 72
20607 0
20614 70
20872 0
20943 71
21198 0
21366 70
21430 0
21658 73
21816 0
21862 70
21921 0
21954 72
22026 0
22055 73
22296 0
22564 69
22627 0
22662 70
22669 0
22800 70
22930 0
22956 69
23033 0
23116 70
23138 0
23155 73
23179 0
23264 70
23284 0
23342 70
23384 72
23542 0
23761 71
23776 0
23825 71
23933 70
24028 0
24031 70
24434 73
24634 0
24899 73
24966 70
25145 73
25205 0
25702 72
25820 0
25965 73
25997 0
26049 70
26191 70
26435 0
26465 72
26607 70
26709 0
26889 71
26912 0
27069 70
27184 0
27188 71
27190 72
27201 0
27274 70
27346 71
27351 69
27369 0
27514 73
27581 0
27620 71
27662 0
27690 72
27736 0
27940 71
28097 69
28203 0
28447 73
28489 69
28518 0
28580 69
28637 0
28785 71
28929 0
28962 72
29019 0
29088 72
29105 0
29170 70
29184 0
29461 71
29503 69
29632 70
29714 73
29717 70
29859 71
30258 73
30341 70
30482 0
30497 70
30576 72
30593 70
30629 0
30695 69
30955 70
31061 73
31071 73
31225 69
31282 69
31327 0
31390 71
31418 0
31513 69
31908 0
32168 71
32178 0
32211 70
32212 0
32226 70
32284 0
32290 70
32612 70
32617 0
32639 70
32763 0
32806 70
32855 72
32961 70
33033 0
33177 70
33226 71
33289 0
33496 73
33535 0
33734 73
33748 0
33761 70
33921 0
33927 71
33998 0
34153 72
34434 70
34581 0
34587 70
34712 72
34851 0
34863 70
34937 0
34995 70
35143 0
35255 71
35256 0
35347 70
35403 0
35656 73
35773 0
35959 71
36168 73
36191 0
36232 70
36380 71
36469 70
36550 0
36628 72
36782 0
36856 72
36870 0
36967 70
37031 0
37056 72
37123 0
37370 70
37709 72
37761 71
37785 0
37832 70
37853 0
37886 70
37968 0
38005 69
38165 69
38757 0
38884 73
38889 0
39053 69
39084 0
39191 73
39217 0
39713 71
39785 0
39807 71
39881 0
40116 70
40344 0
40445 71
40483 0
40587 73
40641 73
40797 0
41003 69
41228 0
41294 73
41360 0
41457 71
41697 73
42010 70
42065 0
42115 69
42223 72
42252 71
42348 73
42778 71
42921 0
42931 70
42991 0
43076 71
43149 0
43161 69
43179 0
43419 72
43427 0
43432 73
43457 0
43471 70
43746 0
43856 70
43868 0
43955 73
44075 0
44276 72
44330 70
44349 0
44386 72
44658 0
44700 70
44701 0
44786 70
44846 70
44868 0
44919 70
44990 0
44995 72
45033 0
45053 72
45077 0
45150 73
45444 0
45612 69
45654 0
45963 72
46051 0
46238 73
46242 0
46310 73
46363 70
46385 0
46393 72
46433 0
46555 73
46807 70
46809 0
46927 71
47063 0
47203 73
47431 70
47601 0
47700 72
47805 71
47911 72
48171 0
48260 72
48791 0
48871 70
48918 71
49274 0
49331 71
49596 0
49738 71
49767 0
49793 70
49808 0
49992 71
50044 0
50062 71
50111 0
50207 72
50343 71
50419 73
50434 0
50546 71
50584 0
50824 71
50878 72
50932 0
50933 72
51177 0
51255 73
51271 71
51352 0
51426 72
51637 0
51906 70
52030 0
52225 72
52230 70
52300 0
52379 70
52519 0
52680 71
52882 0
53046 71
53143 0
53277 70
53440 0
53492 71
53583 0
53624 72
53652 0
53778 72
53880 0
53881 71
53915 0
53930 72
54005 72
54125 71
54241 73
54269 0
54308 72
54467 0
54555 70
54689 0
54700 69
54708 0
54755 70
54851 70
55042 0
55105 70
55206 0
55623 73
55635 0
55790 71
55861 70
56077 73
56107 0
56225 70
56255 0
56396 70
56642 0
56694 72
56758 0
56904 72
57051 70
57143 69
57166 71
57167 0
57237 73
57282 71
57369 72
57451 0
57556 69
57787 0
57884 72
58054 70
58093 0
58125 71
58221 0
58281 70
58303 71
58437 70
58493 73
58531 0
58583 73
58673 0
58680 73
58723 0
58748 72
58855 0
58884 72
59032 0
59047 72
59459 70
59540 0
59647 71
59649 0
60060 73
60233 0
60408 72
60580 0
60589 73
60620 0
60672 72
60743 73
60796 70
60824 0
60987 71
61051 0
61058 71
61071 0
61556 69
62027 0
62141 73
62194 0
62361 73
62383 73
62820 72
62857 70
62875 73
63291 71
63342 0
63426 71
63454 0
63487 71
63489 73
63539 0
63546 72
63563 0
63582 71
63789 0
63997 70
64101 0
64337 73
64721 69
64834 0
64868 70
65190 73
65331 0
65418 73
65444 72
65635 0
65761 70
65792 0
65916 71
65917 0
66020 70
66260 72
66390 0
66419 70
66433 0
66456 72
66560 0
66600 72
66760 0
66867 71
66896 0
66906 73
67035 69
67093 0
67656 73
67897 73
68017 0
68076 70
68251 0
68272 73
68449 0
68450 73
68492 0
68540 71
68553 0
68726 73
68888 72
68903 73
68945 0
69105 70
69136 0
69347 70
69365 0
69485 73
69492 0
69761 72
69782 0
70022 69
70280 0
70337 71
70351 0
70431 69
70519 70
70900 0
70915 73
70971 71
70997 0
71327 70
71338 0
71511 70
71535 0
71615 72
71745 73
71792 0
71886 72
72065 0
72137 70
72151 0
72288 71
72317 72
72576 0
72639 71
72644 0
72648 71
72671 0
73268 73
73300 69
73433 0
73453 70
73609 71
73679 0
73731 69
73840 0
73873 72
73942 0
74075 70
74258 0
74362 71
74611 70
74777 0
74799 70
74922 0
74946 72
75058 0
75060 71
75095 0
75152 70
75280 70
75304 0
75314 70
75399 0
75606 73
75787 0
76177 72
76191 0
76318 70
76352 0
76477 70
76495 0
76528 73
76532 0
76563 70
76801 0
76988 72
77363 0
77619 72
77698 0
77778 72
77884 0
77920 72
77921 0
77928 69
77941 69
77947 0
78047 72
78089 0
78535 73
78547 0
78836 73
78916 0
79027 72
79042 0
79209 70
79280 69
79376 0
79433 70
79567 0
79600 70
79603 0
79605 70
79655 72
79809 0
79937 70
80023 0
80355 72
80518 72
80547 0
80767 71
80783 73
80795 0
80903 70
80994 69
81036 0
81134 73
81154 0
81188 69
81355 0
81444 70
81530 73
81592 70
81599 0
81715 70
81946 71
81995 73
81998 0
82100 69
82196 0
82319 70
82573 0
82659 71
82877 72
82916 0
83109 71
83121 0
83279 73
83310 0
83383 71
83405 0
83779 73
83803 0
83832 73
83878 0
84042 70
84099 70
84384 73
84460 69
84530 0
84672 71
84876 0
84883 70
85011 0
85174 73
85363 70
85624 0
85685 69
85708 0
85720 69
85756 0
86115 69
86227 0
86310 72
86333 73
86451 0
86648 70
86698 0
86701 73
86751 0
86778 73
86861 0
87008 73
87125 0
87175 70
87179 0
87295 70
87332 0
87406 70
87497 0
87709 72
87920 0
87949 70
87966 70
88167 73
88264 0
88335 73
88417 71
88523 0
88533 70
88740 0
88777 72
88866 0
88877 70
88883 0
88907 72
89018 71
89278 71
89330 0
89450 70
89554 73
89816 0
89835 72
89852 0
89926 70
90064 73
90149 70
90167 0
90175 73
90472 0
90670 69
90677 0
90701 70
90806 0
90915 70
90917 0
90988 73
91271 0
91273 73
91678 0
91791 72
91877 0
92156 72
92559 0
92650 70
92703 0
92863 73
93086 69
93165 0
93238 72
93396 0
93401 70
93490 0
93492 69
93933 0
94077 72
94217 0
94356 70
94490 70
94493 0
94511 73
94527 70
94778 0
94892 73
95073 0
95167 71
95241 0
95320 70
95458 0
95705 70
95814 0
95817 73
95926 0
95996 72
96052 0
96160 70
96196 0
96266 71
96294 0
96446 72
96732 0
96827 73
96864 0
96896 72
97029 73
97112 0
97178 70
97193 70
97255 0
97297 70
97507 0
97557 70
97691 0
97807 71
97826 0
97853 71
97854 0
97889 70
97953 69
98065 71
98073 0
98095 73
98293 71
98392 70
98424 0
98428 70
98457 73
98487 0
98600 72
98773 0
98911 70
99020 73
99119 0
99138 69
99244 0
99249 72
99270 0
99399 71
99529 0
99760 73
99772 0
99880 73
849 events for 22
43 41
111 49
112 0
202 57
315 0
361 41
425 0
735 37
876 0
1131 37
1316 49
1380 0
1541 37
1605 0
1745 37
1917 66
1974 0
2191 37
2362 0
2938 66
2996 0
3251 46
3257 66
3296 57
3345 0
3425 66
3585 0
3784 37
3837 0
3848 49
4016 0
4035 46
4067 0
4236 38
4352 0
4422 38
4563 0
4586 38
4635 0
4782 57
4821 0
4968 49
5001 37
5079 0
5345 57
5435 0
5470 49
5482 0
5682 49
5768 49
5912 41
6000 0
6005 38
6107 0
6110 37
6182 0
6285 66
6375 0
6672 49
6673 0
6689 57
6812 0
6815 57
7001 0
7126 37
7139 0
7148 49
7179 66
7233 0
7246 57
7472 0
7862 37
7863 0
8030 38
8111 46
8231 49
8260 0
8315 41
8535 0
8553 38
8937 38
9012 0
9055 49
9273 38
9355 0
9431 46
9496 0
9527 49
9607 0
9685 49
9790 0
9795 66
9823 0
9976 57
9978 0
10019 37
10034 38
10131 0
10285 38
10567 0
10760 49
10818 0
10832 46
10933 0
11093 46
11306 66
11436 0
11555 46
11736 46
11839 0
12181 66
12325 0
12462 37
12558 0
12714 66
13102 0
13131 49
13247 0
13349 66
13656 38
13712 41
13844 0
13855 46
13915 0
13932 38
14078 0
14261 38
14276 0
14472 38
14688 57
14775 0
14824 37
14828 0
14831 38
15051 0
15282 57
15419 0
15481 49
15567 0
15578 38
15785 49
15857 0
16206 49
16246 0
16393 41
16435 0
16517 46
16538 41
16547 0
16757 41
16836 0
16891 66
17119 66
17340 0
17423 41
17561 0
17770 49
17772 0
17915 37
18569 0
18783 46
18966 0
19029 37
19228 0
19269 57
19336 0
19550 49
19692 0
20142 41
20236 0
20886 66
20899 46
20982 0
21282 46
21412 0
21456 46
21672 0
21714 41
21829 0
21971 37
22070 0
22171 41
22428 37
22442 0
22463 57
22517 0
22526 41
23085 41
23201 0
23311 38
23564 0
23612 46
23673 0
23761 66
24351 0
24358 46
24368 0
24870 38
24920 0
25003 57
25091 0
25302 46
25308 0
25309 41
25384 0
25463 66
25594 0
25619 41
25654 0
25655 46
25703 41
25715 46
25836 66
25921 49
25952 38
26041 0
26198 37
26221 0
26393 41
26450 0
26495 57
26566 0
26684 66
27110 0
27155 38
27172 41
27304 0
27520 38
27536 0
27582 49
27623 0
27628 38
27923 0
27978 41
28109 0
28186 49
28187 0
28190 41
28200 0
28333 57
28488 0
28559 66
28583 0
28632 37
28700 0
28988 49
29101 0
29295 66
29363 0
29369 38
29416 0
29569 38
29984 0
30082 66
30540 0
30732 46
30736 0
31031 46
31179 49
31204 0
31710 38
31895 0
31933 49
32233 0
32527 37
32577 57
32584 0
32730 38
32990 49
33033 41
33158 0
33237 57
33271 0
33296 37
33538 37
33713 49
33785 0
33789 38
33792 41
33832 0
33861 46
33916 41
34078 0
34131 37
34159 0
34180 66
34230 0
34609 46
34610 66
34674 0
34773 66
34775 0
35198 57
35287 66
35441 0
35452 46
35474 0
35491 41
35792 0
35798 37
35814 37
35889 0
35986 37
36158 38
36159 0
36359 38
36485 57
36544 37
36549 0
36670 37
36678 0
36819 37
36867 0
36959 38
36976 0
36990 41
37034 49
37194 0
37259 46
37371 0
37436 49
37592 49
37593 0
37697 49
37817 41
37936 49
37963 0
38022 66
38051 0
38138 46
38228 57
38246 41
38278 0
38285 38
38349 66
38408 38
38417 0
38570 57
38581 46
38687 0
38756 41
38855 41
39278 41
39563 57
39706 66
39987 0
40024 38
40055 57
40060 0
40157 66
40325 46
40354 0
40695 57
40803 46
41184 41
41368 0
41475 66
41481 37
41570 0
41640 66
41795 66
41947 0
42173 41
42306 57
42350 0
42422 41
42466 0
42597 66
42672 0
42725 37
42905 0
42907 37
42943 0
43061 66
43118 0
43217 57
43220 0
43232 46
43314 0
43318 46
43338 0
43460 46
43475 0
43511 49
44005 0
44065 66
44136 57
44177 0
44281 46
44326 0
44496 46
44499 0
44868 41
44882 49
44894 0
45095 49
45176 0
45177 37
45362 66
45425 0
45433 41
45531 0
45540 46
45549 0
45705 38
45962 0
45967 66
45976 49
45999 0
46048 46
46371 0
46502 66
46503 0
46678 37
46686 66
46737 0
46885 41
47040 0
47157 57
47292 0
47634 41
47671 0
47808 49
47843 37
47880 0
47928 66
47939 0
48014 46
48176 49
48446 0
48619 38
48906 0
49129 41
49382 0
49385 37
49647 0
49874 66
49958 0
50580 38
50657 0
50752 66
50874 0
50940 46
51178 0
51255 57
51316 57
51462 66
51514 0
51522 57
51591 41
51648 41
51803 41
51994 41
52022 46
52307 57
52453 0
52468 57
52563 0
52569 37
52685 0
52908 37
52942 57
53015 57
53104 0
53144 66
53331 37
53683 0
53769 37
53776 0
53905 49
53911 0
53957 46
54013 0
54068 37
54075 0
54198 38
54300 0
54319 41
55038 0
55295 57
55474 0
55720 37
55883 0
55898 41
55922 0
55958 38
56001 0
56009 57
56207 37
56213 0
56308 49
56314 0
56689 49
57231 57
57233 0
57403 57
57411 0
57515 49
57621 0
57757 37
57811 41
58083 46
58190 0
58235 66
58299 49
58412 0
58436 46
58498 0
58619 46
58779 46
59021 0
59204 37
59245 0
59246 49
59405 0
59487 41
59501 0
59786 41
59788 0
59807 66
59941 38
60153 0
60371 37
60432 0
60464 66
60478 49
60510 0
60590 37
60710 0
60732 37
60771 0
60781 66
61131 0
61451 46
61603 38
61671 0
61738 41
61985 0
62089 38
62148 0
62373 46
62482 0
62876 57
63070 0
63337 38
63368 49
63547 0
63554 37
63607 0
63675 49
63705 0
63832 46
63987 37
64151 0
64293 46
64472 0
64510 38
64633 0
64804 38
64829 0
65049 38
65114 0
65163 66
65198 57
65226 0
65300 66
65312 0
65713 66
66304 37
66327 0
66520 37
66652 0
66797 66
66833 0
66865 66
66889 0
66894 41
67082 0
67183 46
67204 0
67510 46
67665 0
67754 66
67865 66
67977 0
67981 46
68148 0
68325 38
68404 0
68446 46
68462 0
68510 57
68782 0
69031 38
69167 38
69182 0
69198 46
69267 0
69672 57
69862 38
69971 0
70046 46
70189 38
70236 0
70254 41
70285 0
70289 46
70330 46
70379 0
70422 49
70463 57
70488 41
70507 0
70769 41
70930 0
71245 57
71362 38
71448 0
71470 41
71500 0
71548 38
71650 0
71764 49
71873 37
72089 0
72123 66
72160 46
72333 0
72534 49
72926 0
73260 41
73336 0
73423 37
73460 57
73671 37
73725 41
73822 0
73873 37
74466 0
74627 37
75030 0
75087 38
75285 0
75426 46
75469 0
76025 46
76313 0
76393 37
76443 0
76528 57
76576 46
76626 0
76700 66
76729 57
76771 0
76844 37
76890 0
76988 46
77142 0
77271 46
77318 0
77374 41
77534 49
77815 49
77868 46
78318 0
78324 41
78443 0
78472 46
78569 0
78602 66
78764 0
78804 57
78815 0
78904 37
78916 0
79125 41
79126 0
79461 49
79519 41
79564 57
80449 37
80461 0
80540 49
80746 66
80768 37
80904 0
80932 41
80979 0
81219 57
81247 37
81424 0
81539 66
81645 0
81683 46
81717 0
81741 46
81796 66
82029 0
82152 46
82251 57
82461 41
82561 57
82568 0
82618 46
83133 0
83177 41
83202 41
83334 37
83601 0
84085 66
84299 66
84401 0
84567 38
84671 38
84910 41
84919 46
85153 57
85193 38
85194 38
85257 37
85413 0
85488 66
85686 0
85693 46
85798 46
85833 0
86054 41
86170 0
86324 38
86486 0
86578 38
86631 0
86881 37
87030 0
87042 66
87451 0
87478 46
87568 0
87798 49
87843 0
87853 37
88054 0
88208 41
88305 0
88461 38
88538 0
88644 38
88822 0
88884 38
88918 0
89145 46
89343 0
89512 37
89648 41
89659 0
89786 49
89911 0
89974 46
90108 0
90168 66
90266 66
90286 37
90403 0
90440 37
90684 66
90794 0
90844 38
90869 57
90905 46
90971 0
91031 38
91119 0
91143 66
91242 38
91635 57
91883 0
92008 38
92642 0
92665 38
92703 0
92743 66
92748 0
92861 37
93007 38
93076 49
93351 0
93378 49
93404 0
93584 46
93804 0
93935 66
94062 57
94149 46
94236 0
94260 41
94269 0
94293 57
94304 0
94319 66
94353 0
94549 46
94570 0
94681 49
94833 66
94868 66
94879 0
94899 57
95352 57
95533 0
95694 37
96075 0
96083 49
96188 0
96263 66
96339 0
96398 57
96477 0
96522 37
96846 0
96866 49
97040 0
97253 37
97278 0
97442 46
97551 0
97925 37
98048 0
98248 57
98255 0
98300 66
98309 0
98423 37
98543 37
98703 0
98718 46
98908 57
98920 0
98925 46
98964 0
99021 38
99055 0
99060 57
99102 0
99528 41
99544 0
99569 37
99665 66
99672 49
248 events for 23
129 39
1414 0
1489 76
1554 0
1631 61
3374 0
3837 25
4004 0
4160 89
4563 0
5275 61
5443 0
5550 47
5790 72
6826 0
7268 25
7278 0
7572 39
8202 0
8266 61
8810 0
9014 61
9200 0
10360 61
10725 0
10771 47
10790 0
10906 39
11137 0
11240 76
11560 72
11615 0
11776 87
11826 87
11836 39
12962 0
13033 39
13286 0
13646 87
13703 47
13747 0
14080 39
15346 0
16282 61
16885 0
16919 47
17698 0
19344 87
20059 0
20138 61
20706 89
21662 0
21943 25
22029 0
22556 76
23601 39
24279 0
24977 72
25046 61
25263 76
25355 0
26397 25
28236 61
28888 0
29277 47
29857 0
29874 89
30607 0
31772 61
31935 25
31957 0
32953 25
33802 61
34080 0
34239 72
34278 0
34930 72
35412 72
35591 0
35765 47
36072 47
36143 0
37680 89
37769 61
37888 0
38360 39
38874 61
38927 0
39240 72
39736 39
41694 0
41972 25
43261 0
43332 61
43401 0
43432 39
43916 0
45014 25
45369 47
45390 0
45484 89
45497 72
45522 0
45806 76
46229 89
46230 72
46238 25
46400 0
46815 89
46834 76
46982 0
47203 47
47260 0
48487 72
48659 61
49315 47
49425 0
49718 87
49900 25
50602 0
50628 89
51072 0
52064 76
52124 25
52511 0
52750 76
52844 76
53283 0
53475 72
53626 25
54102 0
54198 47
54373 0
54845 76
56064 0
56123 76
56497 0
58269 76
59620 0
59679 47
60280 0
60696 39
61420 61
61449 0
61581 87
62130 47
62384 89
62523 0
63008 47
63800 0
64162 72
64260 39
64274 0
64478 89
65875 0
65918 25
65950 0
66205 47
66247 76
67372 0
67663 61
67973 25
68128 0
68198 47
68209 0
68314 89
68409 0
68680 89
68705 0
69324 39
69746 47
69788 0
70149 76
70643 0
70952 61
71528 0
71719 72
72097 76
72332 0
72389 25
72410 0
73633 25
73799 0
73882 72
74584 0
74916 39
76356 0
76535 76
76561 0
76685 76
77901 0
79247 87
80068 0
80939 39
81099 25
81104 87
81437 0
81665 25
81690 0
82295 39
82783 0
82861 39
83093 39
83393 0
83918 47
84069 0
84252 87
84296 0
84350 72
86033 0
86217 87
86233 0
86269 72
86435 0
86643 89
87061 0
87288 87
87905 0
88240 72
88253 0
88747 76
89212 0
89998 72
90456 0
90987 39
91018 0
91374 76
92024 0
92473 89
93243 25
93305 39
93365 0
93574 76
93973 0
95229 47
95631 0
95811 39
96303 61
96373 0
97145 72
97158 0
97319 89
97974 0
98097 89
98519 0
98626 89
98814 0
99618 39
